6094.78
1947.86
4784.97
1904.72
2855.61
3850.03
1446.85
2689.29
3438.76
3193.75
2286.1
1510.19
3353.23
2706.34
2140.11
4531.36
2685.25
2678.19
5711.35
1556.76
4720.02
2404.58
1972.1
1667.51
3426.93
2194.15
2784.52
1788.96
3755.46
1644.72
1397.84
2638.22
3574.06
1888.05
3087.08
2522.73
2340.52
2613.6
2282.64
3034.8
3867.52
2728.56
2416.53
1952.67
2078.82
3574.34
2380.96
4848.69
2011.75
1747.35
2376.13
1956.28
3750.78
2576.17
2872.39
2753.64
2199.03
1846.64
1735.94
1820.56
4165.46
1624.93
4201.11
3287.11
4526.77
3685.26
7717.1
1698.48
2951.76
2059.44
2086.36
3550.69
1616.45
1538.19
3174.3
1604.18
3916.1
1650.03
2233.91
2695.7
1484.69
3452.43
1923.81
1780.72
4962.93
1682.21
2685.08
3263.07
2833.6
3439.97
3092.49
2936.63
3525.2
1970.73
2294.82
2015.19
3536.36
3144.01
2797.12
2810.2
3068.83
2482.54
1900
4391.23
3764.68
2973.11
1962.16
2544.68
2312.2
2392.97
2313.65
1888.92
2302.91
2515.79
1532.27
1677.06
1679.87
2264.39
3586.57
2878.57
1864.3
2635.88
1637.44
1863.19
2310.84
5027.97
2165.84
1870.27
2525.01
3317.08
3805.03
2949.31
2623.99
1701.15
3976.26
2341.49
2197.1
2588.04
2019.63
2134.06
3750.34
4479.76
3328.47
3507.13
3424.68
2082.66
2831.39
6041.33
1427.1
4523.09
2374.92
3576.06
2508.8
1704.66
2091.09
2727.93
1826.68
3139.17
3919.15
1826.81
8937.36
2080.12
2674.2
3411.96
3095.15
2980.05
2041.07
2845
2860.07
2540.31
3725.98
2245.47
3151.76
3700.08
1515.36
2739.34
4406.11
1880.47
4635.54
2067.66
2415.58
1953.91
2631.28
4694.87
2133.98
2449.89
1652.02
3902.25
3136.79
5177.54
3111.76
2740.18
2944.5
1623.54
2497.29
2056.53
2182.51
2098.39
4464.23
2087.28
2081.65
1742.59
2565.19
1750.11
2240.12
1490.8
3211.77
2553.31
2295.85
1955.96
1993.97
2969.07
4100.91
1594.38
3178.66
2481.03
2101.99
1742.95
2860.36
2589.07
2534.23
1929.32
2336.07
1732.69
1765.9
2912.35
4784.65
1808.23
2620.46
2251.08
2088.21
4703.94
3534.49
1665.47
1860.51
3823.36
1821.25
2098.84
1910.3
3134.23
2342.88
4027
2880.82
1549.63
2001.68
2742.71
6623.47
1808.86
2531.23
2735.06
1879.51
2338.67
3348.28
2436.57
4279
2876.53
2136.41
3027.84
1558.74
3839.27
2805.07
2453.48
2433.34
1673.24
2806.33
4238.4
3180.27
1828.98
1477.43
2319.15
4382.18
2526.49
1808.53
2640.32
2183.6
3925.99
2744.1
2666.2
2275.74
1521.99
3238.66
4069.18
2523.74
1786.86
1489.76
4102.3
2841.72
1346.92
6385.42
2768.99
2250.32
2007.15
2756.27
2439.92
1648.2
1902.94
2473.58
2533.52
3812.65
2444.15
1895.98
2548.87
2590.77
3620.39
2666.3
2363.21
2269.4
4644.08
1730.16
1812.58
2492.51
2499.08
3219.55
3739.32
5042.23
2893.95
3393.04
1738.47
2595.02
2417.39
1798.79
1798.12
2113.75
2469.33
4019.58
3563.37
3161.53
4137.94
3141.93
1842.37
1978.75
1963.51
2608.65
9378.3
2413.41
2930.99
3519.09
2411.61
2340.03
6060.35
2045.77
3772.57
1698.26
2274.61
2790.26
3118.43
2026.01
2020.7
1745.63
3121.53
1618.96
2336.53
3410.28
2200.48
3465.23
2982.69
3078.12
1626.31
3316.46
2492.16
1489.73
1861.27
2381.92
2080.5
2756.59
2857.77
3873.42
2024.06
2597.17
3030.27
2239.08
2317.45
1877.05
2659.25
2192.1
2854.26
3655.66
4910.44
1683.73
1789.16
2384.24
1791.22
2679.8
3280.05
2889.48
2852.76
2233.51
2093.11
3802.44
3395.43
2646.3
2062.11
4663.98
1799.68
1903.5
2956.38
1868.08
3550.55
2489.37
2331.25
2353.29
2586.67
3367.56
3190.55
2204.02
2031.78
3689.4
2207.37
2769.14
2181.37
2878.33
2211.03
3753.67
3847.36
2548.62
2281.88
2348.38
5573.9
1547.19
2365.59
2891.56
3831.21
1831.51
2530.9
4719.4
2456.92
2072.55
3593.66
1671.38
2125.28
3517.16
1965.45
1406.3
3307.94
2178.83
2562.49
2962.07
1558.5
2181.08
2337.78
3162.37
2628.09
3186.93
1892.51
2700.45
2896.94
4935.26
3112.09
1890.45
1742.02
2500.28
3149.43
2095.2
1638.48
2983.82
3497.7
3979.23
4783
3994.72
2014.57
5606.75
1364.32
2310.03
2422.12
3025.6
3100.9
2504.07
3316.32
1393.83
2103.1
2674.66
3391.38
1670.43
1872.75
2859.25
1925.84
2844.96
2912.04
2674.83
2772.58
1763.02
2856.96
2393.96
3333.68
2273.43
1809.61
2705.64
2149.21
4658.45
2172.74
2330.06
1898.17
2375.47
1754.19
1760.11
3409.35
1840.43
3466.34
2789.49
2276.33
1570.64
2783.66
1611.48
2275.02
3472.43
3390.63
1906.67
1890.93
2099.42
3482.03
2084.32
2536
2155.5
2184.01
2396.34
4380.03
2490.16
4360.14
3015.66
1966.64
2865.85
5321.99
1876.22
2664.74
3987.14
2587.71
3443.76
4554.37
2845.59
2758.61
2005.54
2206.63
7649.82
3941.87
4254.29
2179.25
3341
4141.84
2156.28
2009.97
4294.73
1597.59
2291.8
1866.29
2117.67
1447.69
3332.11
3063.92
2644.39
1491.81
2899.32
2229.86
4878.72
2572
2891.66
2857.19
5625.33
2634.76
4124.06
2412.53
3518.58
1843.27
4649.28
2259.66
3177.38
2676.07
2436.08
2524.74
2692.59
2793.64
1649.75
5477.96
1763.53
2002.08
3026.14
1847.84
4012.63
2758.24
2602.93
1579.46
2187.77
2436.12
1732.15
4896.8
3335.31
2742.54
4461.35
2340.19
3162.95
1600.08
3544.76
3971.93
1213.9
2863.75
3623.37
2396.62
2213.69
3675.57
1830.03
2189.5
2150.95
1467.93
8091.92
1822.77
2878.13
3222.67
3110.62
2370.18
4462.95
3258.62
4923.85
2004.37
2238.71
1452.81
2805.1
1532.15
7288.6
2573.31
2024.76
5856.63
2759.01
2698.68
2115.96
1774.87
2202.63
2510.63
3094.23
1891.93
2572.74
2253.28
2847.7
2431.67
2611.34
5418.92
8534.47
1934.43
2382.03
1626.7
1730.4
2839.05
2574.02
2346.68
2059.71
2897.8
1745.39
1825.34
1701.13
3489.47
1682.28
2097.48
2264.47
1697.1
1988.09
4484.3
1831.08
2006.11
2989.79
3023.05
2224.81
3280.24
2572.95
2072.16
2259.27
1975.55
4650.54
1480.09
1908.44
2476.54
2307.13
3681.62
2377.3
3409.74
1813.83
1650
2154.14
2428.7
4751.43
3681.92
2716.97
8062.64
2958.42
7425.69
10320.4
1872.48
2721.72
3947.05
2719.99
2791.19
3265.24
2960.01
1864.41
6291.1
2931.12
1697.3
2269.7
2277.99
8706.06
3212.75
2811.36
1379.09
4259.77
2024.36
5103.22
3424.18
3051.25
2353.54
2675.09
3677.02
2926.41
3386.74
2220.17
1739.27
2086.83
2611.61
1784.53
2072.63
2448.62
4573.83
2987.94
1297
1925.51
2243.34
2793.32
2885.73
1980.04
2024.56
2284.83
4121.69
2273.84
2344.39
2335.62
4206.31
3504.55
2209.81
2315.88
1431.64
2551.69
1393.8
3537.71
2772.81
3120
1364.81
4287.26
2136.77
5807.52
2076.55
2422.16
1904.97
2975.06
3631.48
2200.06
1885.37
2973.31
3195.42
2787.72
2339.2
2530.23
3149.27
2098.64
2170.47
2636.77
1639.63
7384.8
2555.66
2573.14
2208.43
3233.31
3105.26
2428.05
2480.77
2718.79
1962.2
2808.41
2473.86
3284.83
3809.61
2999.86
1509.69
1815.42
2542.6
1530.81
2772.3
3617.89
1503.29
2485.29
2823.13
5539.7
3371.02
2257.42
4781.81
3432.51
2113.31
2039.53
2172.78
2159.11
5269.42
2850.91
2436.57
2394.4
2554.22
2431.09
3724.96
2088.83
2356.55
2407.69
2351.99
2711.97
2769.76
1708.75
2087.4
2851.22
2278.28
2832.85
2154.13
3095.83
1528.81
3159.97
4273.57
2520.67
2483.89
3099.94
2098.85
3357.92
2792.78
2678.09
3214.52
1964.47
2207.57
2410.06
2001.67
2401.76
1689.11
2953.96
2438.05
2300.97
4541.7
2353.94
3972.13
4648.41
1863.16
2026.37
4487.44
2739.03
3159.52
2162.99
3614.6
3175.82
1842.71
2959.54
2109.25
3383.8
2786.93
2073.75
2662.75
2290.54
2346.54
5206.45
2035.5
1328.73
3408.76
3525.32
1886.56
2632.99
2051.74
2705.67
2451.37
2230.68
1707.36
1959.42
2169.83
3322.32
2812.35
1904.1
3352.56
2623.14
2253.56
1856.36
2345.49
2426.22
1935.94
2163.48
3782.52
1562.5
2049.16
2996.68
1862.13
2369.39
2629.16
3691.71
4069.34
2174.7
2742.83
1515.77
4512.55
4097.96
2867.58
3443.06
2510.81
2059.63
1989.74
17662.6
2314.07
2692.23
2184.45
1756.43
2037.6
1746.61
2290.4
1500.34
2285.47
5509.87
2238.74
2071.9
3149.65
3194.35
2792.17
1915.76
5045.18
2112.22
4458.49
2060.98
2376.76
11691
1715.73
4701.51
1431.32
4110.14
4108.12
2041.58
3156.22
2716.43
1950.56
1882.26
2832.27
1728.87
2984.83
3502.84
1985.66
1756.52
5699.77
3124.62
1763.7
3628.39
2383.15
3708.12
2793.28
3017.93
2494.4
2156.21
2571.03
1888.44
3001.77
4197.12
3340.8
1590.35
1824.63
3760.85
4679.22
2073.23
3350.36
1683.86
2098.64
2496.31
2394.76
2411.77
1943.91
2152.69
2244.59
1773.7
1677.33
2528.51
2294.98
2282.71
1674.61
2650.78
2081.61
3830.94
2580.24
3111.92
2472.76
2873.65
2237.17
2855.71
1539.93
2675.81
2132.83
2044.99
5527.07
2773.76
2705.74
3664.3
2564.28
4074.52
1997.2
2276.27
1707.19
2211.24
1772.86
2010.38
4466.37
2102.79
1432.09
2423
3800.7
2606.1
2354.65
1700.14
4107.23
2574.93
2439.46
4491.49
3550.54
1917.92
3968.59
2441.17
3560.8
1779.17
2301.32
6616.28
2925.75
3401.6
1265.4
1591.77
2157.21
3684.65
3934.37
2196.28
3395.28
1950.19
4947.85
3390.67
1676.26
1554.57
3193.98
1519.22
1645.05
2505.69
2105.46
4411.64
1607.4
2028.86
5017.79
2317.31
2170.09
2124.47
2440.43
1891.53
5619.96
2228.82
7234.88
1534.62
2529.95
2814.37
3759.53
1333.9
2911.78
5596.67
2906.63
2090.61
1911.34
3884.19
3154.77
1885.29
2512.47
2055.26
1595.49
4763.42
2489.78
4196.71
3230.67
1953.82
4899.06
3426.41
2884.86
2940.79
2117.35
4387.48
2100.3
2175.35
3559.86
2141.54
3327.06
1864.17
3133.54
1852.9
1832.41
4006.71
3415.02
4109.34
2257.61
2825.24
2445.5
1488.6
2037.66
1768.17
4199.59
2348.09
2380.43
2846.96
1373.04
3148.09
2693.59
2390.78
2589.87
1511.46
2585.52
2365.65
3374.2
4591.68
1978.89
4804.01
2445.41
2437.28
3010.28
1359.96
2736.58
3404.54
2806.12
2571.93
3250.01
1778.08
4457.82
2034.17
1875.91
2148.8
2715.01
1659.42
3514.07
3027.21
3102.01
1901.31
2947.79
1761.26
3348.82
1919.68
1973.22
1628.1
2460.59
2176.95
3241.06
5714.7
1695.2
2123.53
1934.84
4233.57
2735.08
2223.02
1546.55
1867.15
2321.86
2666.24
2132.87
2066.58
8332.25
1642.58
1245.57
2175.11
1947.96
3172.88
2697.15
2586.55
1974.91
2706.61
1787.1
1280.79
1529.28
1931.7
3136.21
2109.34
1518.56
2304.76
2568.8
2741.07
2410.02
3979.14
2529.15
2422.68
1811.62
1676.04
3087.49
2688.38
2784.54
7419.35
1576.7
2714.54
4776.44
1676.46
1867.81
2234.74
2453.32
2710.52
2769.81
3261.1
6191.15
4485.22
3863.15
4060.14
1835.21
2819.28
3413.18
2026.16
2360.62
2772.45
1924.75
3271.06
2893.18
2107.02
3159.42
5053.8
1289.92
1736.27
2750.72
1600.43
5477.82
4462.38
2342.4
6921.21
6495.47
1924.29
2441.89
1987.51
3270.03
2082
2671.79
2643.37
1668.88
1974.67
4275.55
2590.91
3772.77
2708.05
1728.73
2070.34
2002.82
2248.32
1941.16
4570.86
3285.01
2272.44
2335.55
2888.01
1880.57
1987.93
3167.78
3573.93
2972.03
8249.17
2501.55
2606.2
3739.35
1651.26
5793.48
3294.77
1922.56
2194.31
1814.9
1969.88
3265.65
2578.27
2513.33
3066.97
1810.24
2052.89
2863.93
2915.5
2389.47
7748.55
2113.12
2645.93
5320.73
4132.63
1844.36
1625.17
2961.46
4291.7
1996.87
2422.85
3396.39
3073.74
1901.02
3070.57
2419.7
2075.88
1515.14
3412.18
4628.85
3987.17
8804.45
2640.57
2872.8
1758.55
2885.56
2849.91
1937.48
5102.89
2320.92
2031.42
3012.37
2224.19
2518.49
1806.63
2587.05
1915.34
2482.44
2747.69
3741.87
2272.62
3212.34
4050.7
2985.45
3712.81
1761.52
2589.43
2178.7
1449.1
2570.39
1539.9
1709.92
1698.3
2737.56
2105.03
3155.36
1849.75
1713.62
2220.44
3279.59
1788.92
3152.59
2374.11
2921.27
4036.53
4260.44
2661.32
4258.52
1242.76
1905.29
2092.61
2052.9
3130.45
1366.03
2687.71
3608.44
3497.63
3251.32
2293.78
3599.56
2223.58
2090.99
2922.75
1686.77
1912.29
10529.2
2406.14
2548.28
2941.46
6255.99
1783.39
2565.36
1666.53
2957.13
2193.58
4055.96
3103.11
2394.86
3973.59
2432.28
2868.83
3779.41
3953.8
1802.46
1947.7
3727.38
4468.04
1783.11
2365.77
6069.77
2060.08
2309.63
2361.49
1219.45
2984.24
2782.81
3315.55
2580.08
2985.19
2115.85
5873.89
2734.9
4046.85
2952.14
5219.38
2379.31
2988.09
1457.01
2974.31
2418.31
2298.54
4538.07
3008.77
1935.17
1911.22
1753.41
5980.3
2444.56
2784.52
1555.95
2041.54
2824.69
2157.31
2525.39
2336.36
3323.82
2361.63
3008.49
2068.6
2315.05
2769.49
2333.89
2611.38
7050.91
1825.87
1378.76
4765.54
4068.16
2591.5
1533.66
2838.54
2557.88
2071.76
3869.04
2950.62
2204.98
5343.73
3043.73
2691.54
3053.53
7136.03
2082.68
5498.47
2290.6
4091.03
2275.24
5847.06
3031.1
1445.91
1691.88
3356.88
2558.46
1964.08
2056.95
2262.59
2535.3
2470.04
3140.53
1844.92
2555.1
2365.24
2495.98
3092.32
1879.44
5180.95
3822.81
2635.59
2239.47
2500.57
2887.68
2445.99
2657.98
1532.52
2431.95
2109.69
2171.58
3497.25
2243.16
4131.6
2808.44
3133.9
2919.27
1730.44
1437.47
3086.33
1980.24
2768.88
2995.2
2231.65
1941.95
1866.58
1814.69
3448.6
4350.13
2534.18
6061.82
2151.3
2133.99
1852.54
1969.71
2043.97
2365.84
2095.19
2352.91
4687.93
6500.33
2411.03
2263.57
2436.19
3730.59
1620.1
2171.43
1576.57
1531.73
1280.67
1943.23
3517.81
3424.21
2633.19
7025.51
3702.64
2130.87
3189.03
5102.13
2868.01
3595.75
3669.99
2574.67
1928.95
3547.41
3210.03
2332.78
1925.94
1823.67
2322.42
1341.8
1378.97
3406.58
2692.26
2015.8
1893.1
5441.05
3547.17
2158.79
3559.14
2382.65
3088.5
2464.38
1703.63
2103.83
3111.76
1809.48
1870.32
2237.59
2593.75
2395.41
1834.63
4070.63
3271.13
1718.76
2958.46
3659.21
5881.36
6786
2651.23
3423.72
1674.04
1239.72
4929.39
2940.37
1720.15
2538.31
1771.97
2161.26
3243.05
1696.85
2731.97
3364.17
3558.64
2469.36
7457.24
2420.29
1899.36
2623.24
2472.17
3236.99
2219.48
5750.36
2206.04
2121.16
3032.72
2270.11
6428.87
1749.1
2809.04
1851.16
2163.94
2167.9
2053.27
2293.62
2035.93
4065.17
2718.29
2931.3
2900.17
3235.59
2321.4
2935.35
3245.46
3251.17
3007.78
2192.95
1726.51
5052.5
2359.28
3729.1
2995.97
2086.94
2571.85
2030.66
2475.1
2519.3
2002.15
2377.24
2471.23
3529.66
2053.78
3086.54
6665.99
4450.45
1588.86
1985.64
2288.09
2774.5
1909.5
2160.79
4344.46
2193.77
2328.68
2273.51
2036.08
4610.38
3437.54
2397.08
1954.87
2611.76
2265.92
2810.41
2463.74
2430.23
1427.12
3856.8
2405.15
2104.24
2776.82
4877.96
4659.29
2899.01
3316.82
2036.94
4405.66
2173.45
2545.15
2639.48
1446.44
1225.4
1931.87
1575.51
3942.99
1671.23
3060.58
2396.73
3235.76
1846
3405.46
1752.44
2455.57
2291.31
3764.58
3709.83
1831.37
3573.58
2666.25
2215.53
2659.66
2106.99
7129.9
3702.49
2969.27
2387.82
2031.63
2689.52
1925.03
2874.4
3391.51
1759.17
1665.27
2452.23
2017.88
2999.56
3444.52
2522.18
1782
4440.81
2300.45
2385.63
1895.79
1421.4
1646.26
5937.25
1800.53
2381.31
3033.43
7907.91
3111.36
2311.91
2224.96
2219.14
2299.56
1901.23
1938.76
3005.42
3451.59
1921.55
2658.1
3558.75
2838.64
2539.65
2074.84
2931.09
1960.26
2657.98
1897.99
2661.2
3203.53
3691.24
2185.83
3660
1994.78
2466.81
2506.56
3189.91
2585.3
2313.57
1757.47
4437.12
1212.97
3344.53
2917.18
2558.83
2290.69
1849.28
2063.68
1761.19
1800.85
2460.9
4128.78
2384.31
4782.77
3124.8
4532.45
3236.15
3484.32
2571.2
2089.96
2294.31
1788.72
1640.87
2723.88
2117.8
2550
6049.99
2581.76
2674.65
2334.43
2248.8
3247.67
4993.12
1748.67
1771.08
2504.99
2979.12
4378.39
1404.8
3024.1
2528.81
2016.35
2909.12
1697.21
2425.66
1730.21
1803.96
2119.04
2539.33
4620.47
3469.34
1916.26
2185.87
1853.22
2832.83
2969.2
1807.3
2509.24
2023.13
2498.02
2385.83
1670.95
2833.05
2515.69
3070.53
2457.85
3179.83
2386.57
2968.73
2456.82
1919
1869.35
2627.18
3820.51
1917.77
3557.19
3970.95
1833.56
2030.99
4325.68
2548.18
2792.19
2222.1
3807.93
2756.57
2444.27
2846.16
4497.41
3241.34
2089.01
2479.28
7982.64
2149.07
2542.57
1807.09
2497.26
2914.83
2314.64
3051.87
2992.21
2413.62
1706.4
2130.14
2271.71
3561.65
2031.75
3820.96
2437.89
2856.83
2849.72
3197.63
2409.14
1702.87
2236.74
8502.1
2970.68
2274.08
1880.03
2965.8
2419.17
1702.21
1616.75
4262.62
2014.21
1893.47
2456.12
4960.16
4841.54
2606.53
2633.57
4450.94
3264.41
2041.54
2002.54
2325.99
2077.65
2160.1
3167.36
2093.07
2072.3
9524.68
4844.88
3713.31
1964.21
2116.64
1749.93
2101.41
2814.33
2133.55
1780.1
5329.86
2099.18
2365.06
1848.56
2831.86
2387.24
1480.31
2482.64
3033.33
2785.42
1940.52
1728.37
2562.52
1571.24
1864.27
2787.46
2827.04
1910.61
3678.35
2851.71
1775.44
2507.56
2043
3083.86
1958.7
2139.73
2076.34
3761.81
1870.59
2752.94
2267.56
4443.37
1967.61
6233.43
3588.17
2622.46
2907.12
2178.04
2638.46
2058.7
1747.63
1818.58
3505.96
2573.93
2535.6
6577.78
4130.91
1855.71
1406.3
3252.91
2808.55
2252.87
5247.72
2099.85
2134.28
7100.74
1506.01
2783.48
3090.03
2125.3
1911.91
1844.67
2375.35
1574.32
3620.29
3592.42
3251.82
3957.54
4439.57
5744.02
1894.62
1718.74
1743.11
6223.4
3060.14
2299.71
2676.17
2617.81
7527.15
2913.39
2479.29
2712.08
2450.34
1894.64
2922.32
4952.8
2008.81
1889.94
2683
2550.63
2217.41
2902.46
1981.27
2608.64
2159.06
1878.38
4294.27
2868.62
2510.93
2937.23
2829.36
2545.95
4011.81
6082.61
2849.81
3252.31
2448.22
3797.03
3691.1
4969
1750.78
3985.25
2268.15
3771.78
1934.95
8328.88
2255.37
3315.65
4846.91
3292.32
2089.05
2566.46
4523.73
2335.03
1659.17
3120.21
3888.55
6274.04
2314.51
1813.17
1917.25
2509.49
4443.75
2421.5
1782.72
3135.33
2845.33
1972.92
2405.37
2054.47
3368.77
4316.2
1892.15
3040.8
2617.73
2143.26
2127.79
4813.07
6940.93
5542.65
2494.81
3092.3
4236.7
2303.38
5353.74
8861
1782.04
2266.23
1939.05
1809.54
2389.47
1854.76
1962.39
5487.87
2043.91
2812.2
3741.33
1598.8
2780.13
1659.14
2805.69
2506.39
2693.97
1648.33
3680.87
2642.29
3252.96
4723.07
2989.07
3444.02
5292.11
2621.25
2466.59
2606.22
1958.11
3596.26
4609.75
3564.99
1926.98
2828.64
1595.31
2349.41
2055.97
2298.01
2687.93
5136.23
2035.56
1804.91
3600.5
1827.53
2945.66
2636.03
2101.48
3694.43
6132.29
2844.12
2206.41
1966.22
2648.96
3169.33
2024.94
2409.08
1254.36
1972.2
2040.68
3866.2
1737.07
2364.75
3336.38
3085.26
4664.09
2581.51
3787.06
1928.92
2164.81
2383.42
1771.47
1856.18
2568.1
3052.69
2541.82
2767.77
3114.75
1837.03
2601.31
4764.94
2013.01
2600.04
2858.24
1455.41
2239.91
4084.13
2881.14
2709.99
2997.4
2985.72
2393.07
1700.85
3264.08
1683.59
4680.17
1767.8
2738.32
2824.31
3803.66
3437.28
3662.07
1612.77
2059.19
2924.25
3967.34
2268.15
2455.33
3135.76
3243.91
2168.35
2306.4
2753.86
2576.38
3518.83
3502.07
2176.25
2192.6
1802.91
2610.21
2599.05
1835.48
3240.17
1354.61
2062.01
2561.94
5144.93
3112.46
4102.65
2386.53
2990.57
2840.54
3160.79
2386.49
2208.6
4232.8
1987.42
2250.14
1682.32
3358.66
2501.93
1732.7
2782.72
1873.4
2058.36
2313.42
2180.44
1689.1
1603.62
7755.29
3405.18
3298.67
2977.27
1937.14
3898.4
2932.03
3686.01
1702.88
1578.59
2126.98
2451.47
3594.94
2288.52
2442.14
1849.42
2364.49
2067.19
3125.42
2695.58
2021.43
2669.86
1959.92
1686.7
3801.39
4473.74
3925.22
3469.46
2154.89
3489.88
1877.73
2301.69
1910.64
1824.08
3413.56
2270.35
1570.79
1723.13
2084.74
3434.09
1512.11
1857.44
2549.12
3378.84
3252.5
3265.77
3906.46
4342.84
2008.46
3670.23
1566.4
1503.16
2000.68
1680.08
2069.39
2715.22
2007.37
2010.04
2673.88
2373.44
1810.93
2978.22
2790.06
1798.3
2134.88
3139.9
2172.81
7553.42
2138.77
6187.94
3460.71
2701.71
1457.86
3275.76
2636.65
2487.56
1814.51
1769.63
1961.24
1428.21
3368.77
1492.17
1809.76
2047.43
2358.98
3378.44
4482.26
3295.17
2297.04
2138.24
3088.15
1652.18
2978.61
2511.45
2922.63
4688.58
3073.94
2377.84
2530.45
2408.53
3788.63
5428.04
3330.64
2165.79
2249.3
2007.96
3084.42
3059
2028.32
2279.77
1829.78
3872.53
3007.99
1497.97
3789.68
1882.85
2515.39
2513.25
3194.98
1448.38
3868.85
3208.14
3402.06
1929.07
1431.64
3256.89
2850.74
2425.02
1867.43
1812.29
1773.22
1675.94
1975.79
3038.58
3653.63
1288.73
3120.93
1755.97
1416.36
2133.98
1913.2
1780.67
1699.66
2088.02
2977.93
2938.74
2178.23
2129.8
2200.36
4544.56
3016.93
3280.15
1801.41
1803.75
2721.15
11579.3
1980.25
1969.68
2479.69
1839.03
2467.97
5012.17
1656.9
1837.19
2526.12
1564.5
2549.6
1817.59
2697.35
1681.62
2437.67
2261.26
1825.93
2294.46
4008.56
5048.95
4591.32
2550.18
2321.28
1902.79
3196.24
2063.35
1802.32
3133.69
4284.34
3239.3
2640.11
3419.68
1846.25
1685.86
2731.26
2369.12
2668.99
5294.23
3845.46
2743.23
2063.88
3196.36
2901.02
1662.94
2768.19
3095.28
3410.94
3670.61
4053.31
1914.55
3447.2
1855.71
1600.88
1996.16
2350.5
2081.96
2297.51
1530.23
3771.14
3080.6
3704.85
1729.86
2971.44
2291.02
4099.19
3444.6
1602.04
2596.12
3463.03
4374.98
2238.22
3670.13
2666.79
1679.33
1427.49
2593.51
3223.8
2835.25
2824.79
1447.54
1269.89
1554.52
2975.32
2234.25
2086.29
1615.89
1960.39
1620.89
1778.32
1731.88
2171.65
5133.24
2497.92
2147.48
2307.66
3957.81
1671.22
3096.6
1871.61
2153.67
2941.77
1454.26
2112.18
4884.97
3512.23
4518.73
1616.92
2956.98
2631.34
1962.91
1540.65
3083.37
4311.13
1963.28
2219.57
3278.9
2031.19
4633.31
3058.26
3519.27
1243.26
2092.66
2618.3
3374.79
2813.78
2320.93
2178.19
3224.94
7803.21
1982.41
2502.21
2422.68
1811.39
2384.54
7467.82
5377.82
5606.12
1538.17
3363.83
1502.28
2218.16
2992.48
1990.77
1921.1
2117.48
3075.84
3248
3011.8
2488.55
1565.75
4819.59
3437.03
1952.85
1824.02
3375.09
3265.16
2953.6
1507.91
1778.19
1921.28
4049.76
2273.43
1553.02
3210.66
2105.4
2209.92
2082.23
2704.32
4712.34
1859.17
2162.03
6425.58
1491.03
3644.62
1328.05
4123.34
1669.6
4282.23
2052.03
3667.63
2194.15
1970.77
2471.24
2637
3708.68
3806.5
4208.99
3220.2
4009.72
3281.31
2207.88
2219.72
1443.94
2020.68
1664.5
1879.03
1658.78
2200.31
2448.13
2119.67
3640.28
2299.06
2458.53
2602.08
3928.25
4732.21
2431.38
4744.71
1821.85
4030.91
1951.36
2001.3
2223.08
4809.72
2864.6
1738.04
2488.22
2459.01
2305.65
2442.37
2316.49
3348.34
4590.5
2483.23
2332.86
1951.33
2233.38
2661.76
4223.88
2262.76
2334.63
1679.49
1557.4
4080.47
2611.72
1907.44
2630.59
3794.71
1859.07
1678.63
3733.64
3567.15
2894.17
3371.84
1939.5
1761.58
2900.28
1893.37
2045.55
1448.35
3138.9
1955.33
3053.83
2014.18
1932.44
2621.01
1534.91
2781.81
3698.71
3390.07
3607.53
3834.96
2126.22
2209.31
2025.59
2535.74
2803.03
1997.46
1622.95
2672.95
2704.45
1838.25
2369.38
3120.99
2557.14
2464.62
1931.67
3111.85
2255.91
2507.05
3630.77
3045.07
3344.5
1784.67
3482.48
3955.32
2858.18
3010.72
3284.32
1964.59
1827.34
3291.41
4680.32
2110.26
2296.32
2686.82
2455.33
2444.14
2555.12
2203.63
2586.09
2792.54
1765.51
1349.21
1978.99
1667.95
2364.87
1688.94
1499.35
1707.97
2378.85
2355.89
2125.24
1802.49
2047.97
1479.45
5168.62
2225.24
3080.55
3519.39
1648.62
1994.71
3233.11
2076.35
1617.94
2453.89
3196.01
4061.03
5085.92
3093.03
3948.7
1899.18
1728.21
3612.29
1593.17
1616.34
1756.97
2824.13
2826.74
3479.24
1669.19
1944.19
2195.74
2051.67
3048.35
2990.73
1488.55
2229.43
2460.57
2420.34
2391.59
3588.56
1679.45
2209.95
2267.26
1621.85
2323.48
4354.7
1448.51
3325.63
2664.69
1650.88
3641.54
2145.91
3864.16
1546.29
2173.01
1748.48
2208.78
1994.31
2191.5
2292.72
1618.75
2754.17
1545.1
2462.28
5203.76
4313.51
2609.16
2034.14
2358.68
1874.46
5653.26
1669.96
4247.81
3442.75
2758.54
3341.71
1703.92
1647.14
3989.53
3554.52
2521.14
2329.24
1797.19
3181.41
1331.34
2958.63
2719.79
3925.03
7414.59
2533.28
2114.64
2263.3
3323.29
2724.35
2337.61
2067.73
4562.77
3166.88
1754.28
2931.17
2334.57
1923.21
1647.46
6082.53
1876.19
3082.13
3023.38
2140.47
1585.05
2986.79
3573.15
2071.01
1401.07
4282.77
1954.4
2167.55
2745.72
1922.2
3281.7
2357.47
4027.91
1940.38
2637.75
1554
2783.21
2984.78
2086.6
1731.36
3077.94
4725.21
2953.85
2838.24
1906.5
3434.41
2543.56
5648.61
1403.19
2654.89
4792.73
3870.96
2656.22
3670.15
1871.46
2207.95
4900.99
2316.32
2026.58
2444.03
2339.04
3277.84
2909.75
2750.64
2919.01
2456.22
1918.55
1645.85
2732.75
1854.73
3027.71
3174.53
1491.36
2947.68
2121.53
1962.56
2741.21
3282.72
2370.75
2740.53
1654.62
3763.13
2176.67
2707.42
2621.35
1966.01
1580.73
1896.82
2879.14
1551.5
1972.68
3980.33
2490.48
1959.38
2174.08
3399.62
2625.28
4233.73
2352.94
2694.1
1861.54
1355.86
1915.95
4098.53
4473.34
4072.82
2890.69
2159.74
3795.9
1621.18
3213.98
2684.99
2418.91
1468.48
2040.82
2527.58
1693.26
5876.75
2310.52
2213.24
3310.56
3204.1
2181.84
4560.56
2225.18
4548.61
1952.51
1955.72
2330.21
2108.75
3189.18
2120.87
1932.85
2565.49
3825.64
3521.42
2277.3
4162.49
2624.9
1990.33
2376.46
4746.28
3260.58
1655.51
2244.11
2899.59
1480.2
1546.89
1721.73
2233.5
2429.66
1778.38
2571.17
2382.43
1957.72
3057
2978.33
3269.1
4332.69
2079.92
3242.51
1992.19
1390.4
2044.19
2613.18
2015.15
3674.44
3432.97
2640.49
2978.44
1935.06
2554.85
1680.55
3649.81
2934.1
2448.71
3469
1642.1
1874.07
8351.05
1780.9
2962.2
2819.86
2027.51
4051.68
2398.97
2799.56
2178.82
5173.93
3054.33
1827.88
2393.82
1720.97
1809.51
2178.8
2385.63
2724.67
4298.32
3555.23
1554.99
5481.89
2806.68
3077.19
2174.88
1356.28
2227.33
2516.48
2661.56
2303.87
2254.59
2084.18
2624.84
3101.03
2381.44
3217.41
2027
2845.54
1957.78
2487.1
1553.71
6693.7
7671.11
2580.99
1936.03
1344.85
2053.4
3399.67
3148.83
2254.97
2679.45
2042.05
3361.35
1864.44
2194.67
3036.88
1990.89
2110.44
3472.39
2288.45
1379.61
2950.94
2196.04
1976.18
3438.3
2060.51
2975.93
2147.4
1267.76
2527.94
2476.5
1700.82
1716.94
3321.73
2249.95
1962.64
2419.96
1733.05
2152.88
2094.58
1466.93
4131.22
1683.6
2742.88
2689.04
2885.06
2529.37
2795.05
2242.33
4817.17
2347.15
2178.19
2450.35
2147.46
2519.9
4123.74
1886.43
2996.03
3708.58
2384.11
3028.59
4415.27
3340.67
4382.94
2172.03
2662.73
1691.84
5373.16
1725.84
4040.61
3107.9
2180.42
2298.93
4419.4
2649.07
2303.72
1943.52
2794.55
1895.73
1953.48
3491.1
4017.56
3168.31
1920.47
2484.83
2032.27
2010.85
1549.99
2768.44
3169.73
3429.14
2273.92
4508.49
7938.99
2484.11
2172.9
3694.39
1566.69
4416.82
2906.39
2066.99
2325.25
1264.22
2049.21
4197.58
3327.83
2652.6
3299.91
4477.62
2518.62
2189.66
2358.34
2784.43
2236.37
4132.3
4941.19
2797.86
6623.53
2562.9
2273.39
5894.96
4436.62
1875.04
1957.39
2671.88
2075.08
2627.78
2321.32
2210.97
2383.8
2410.07
2711.73
1554.15
3726.55
2872.16
2420.95
1613.69
2523.54
1919.78
2922.56
2182.74
2229.77
2736.24
2666.21
1908.86
3961.39
1817.22
3244.54
2633.55
1739
2819.89
1978.75
2570.2
2544.8
3449.98
2651.33
3168.97
2444.6
1327.47
2464.73
2202.77
1988.67
2417.99
5387.43
2417.84
2414.44
4383.82
3390.76
2874.6
2374
4019.24
4310.35
3848.04
3436.68
2086.61
1854.27
3288.41
2737.82
2560.88
5027.15
1975.56
3322.36
2480.68
2056.41
4058.96
1626.83
1928.6
4596.71
2060.38
1569.84
2722.71
4518.7
7483.83
2219.98
1966.67
2072.29
1409.78
2090.57
2366.95
1901.78
2265.55
2014.64
3393.79
4673.06
2576.54
2110.01
2036.58
2444.71
2461.64
2484.03
1859.69
1598.03
2152.58
6393.61
2905.25
2436.71
2094.44
2076.12
2570.95
2268.68
2723.79
4318.06
7486.97
3796.44
2108.86
7483.77
1398.54
1768.19
3752.68
3629.71
1450.11
2221.84
1490.7
1716.43
3849.27
3757.12
2163.94
1799.07
2193.66
6108.16
1831.2
3338.93
1417.23
2359.84
1928.9
1690.62
3320.04
2042.93
2191.59
2871.74
3688.4
2110.41
1828.93
1870.26
1774.39
1905.86
2786.88
2681.95
2358.76
3172.26
1970.74
1846.92
1577.99
3176.68
2311.06
2864.83
2329.41
1860.37
2931.23
2027.97
1909.75
3163.34
2110.27
5079.68
2797.96
2815.79
2002.55
2441.86
2324.25
1426.7
2213.12
1830.57
3278.26
1907.59
1967.24
2134.86
2873.91
1969.49
4244.07
4083.38
2320.6
2951.33
3108.71
2502.63
1796.81
1592.96
3570.19
2310.17
2097.95
1637.15
7015.25
2099.91
2177.44
2677.43
3126.53
1813.5
2589.24
2149.44
2080.08
3443.29
3017.02
3305.08
6609.56
2841.81
3293.87
2260.09
2297.74
1903.67
2303.98
2161.75
2230.18
2130.34
2857.3
8865.18
2872.82
2392.51
2706.84
1830.3
3269.06
3162.5
2191.66
2999.51
2811.62
2753.43
2417.51
1854.12
2344.74
2027.65
4524.82
2516.14
2585.03
2829.75
2011.1
2116.52
2466.16
2936.39
2461.79
2063.1
1808.37
5978.84
2713.76
1842.97
2266.09
2410.59
2614.9
2473.53
1843.51
2473.77
2094.41
2492.56
2895.41
1791.26
2018.53
4148.81
5549.65
1538.87
5746.77
1614.8
1653.56
1880.03
1521.34
1973
3385.01
4361.94
2141.24
1890.59
1692.4
1763.35
2452.73
7802.98
1645.67
4192.75
1628.01
2200.07
1707.64
1451.19
3650.16
3338.46
2305.58
2386.08
2035.87
1626.82
4875.83
1427.79
5847.17
3216.93
2462.51
3205.34
2970.74
3527.89
2105.1
3828.58
1786.36
3613.16
2753.87
2551.87
1999.01
2373.98
3991.1
2565.1
1629.14
1730.99
2645.81
4004.92
2386.05
2689.15
2081.4
1932.57
2380.99
5703.36
1487.58
2271.91
2781.62
2060.23
2663.21
2036.8
2654.65
2604.93
1935.5
2450.8
2333.81
3851.56
2351.15
3604.25
2543.3
1841.33
1674.22
2949.75
2323.88
2653.03
2943.44
2104.11
2076.12
2043.97
2761.71
2605.82
2598.59
2723.34
3088.73
2340.94
2445.61
4499.15
2405.1
1661.33
2541.24
1741.74
3233.67
2800.97
1832.31
3302.09
1628.2
8026.27
2744.49
2406.66
1937.74
2861.77
4336.56
1767.96
1472.54
2779.23
3145.09
2175.55
2191.42
4786.45
1976.09
2369.13
3436.05
2126.67
3244.17
2042.14
1775.22
3254.46
3412.51
2541.19
4578.1
4447.87
4531.74
2648.07
4010.21
2318
2067.72
2114.39
3674.64
2180.38
4255.27
2703.66
5161.14
2780.3
2162.91
2047.81
2857.78
3912.81
2418
1787.51
4450.94
5721.53
1883.68
2083.48
3249.69
1195.4
2980.49
2417.26
1870.61
3847.72
1395.46
2289.13
3054.7
1932.8
2272.5
1935.15
8774.42
3068.83
8501.68
2419.04
3104.52
2132.32
2056.07
2424.76
1472.27
2164.84
1846.8
1446.21
1654.76
1928.36
2778.55
2772.68
2300.68
2316.52
2243.65
3305.13
1597.48
2467.78
2382.17
3672.4
2808.41
4330.71
6890.42
2697.44
2246.47
1628.26
5510.62
3068.22
2078.65
2687.75
2643.15
2447.89
2111.98
2491.53
3352.53
2507.38
2456.2
1509.83
3961.95
2663.29
2993.59
2561.02
1730.46
1966.92
2497.66
2171.68
2247.77
2324.97
2961.77
2796.02
6388.35
2797.95
1919.98
4377.85
2916.78
7786.58
1864.1
3539.35
3072.11
2368.07
2881.68
2641.7
2757.46
2892.27
4932.46
2283.65
2456.66
3788.73
3829.98
7340.87
2201.15
2083.52
2772.38
1531.51
1905.61
2701.77
3387.29
4139.72
1909.12
3120.44
1720.38
5009.04
3382.69
1446.14
4940.05
2224.6
2231.43
1724.34
2272.21
1864.48
2406.02
1869.27
1257.03
1720.96
2793.27
2090.45
3445.11
3437.92
1689.43
2520.5
3527.63
4494.79
2146.4
2628.28
3791.84
2668.93
2279.46
2210.32
2595.36
2198.62
3049.38
2106.56
1698.24
1735.55
2761.33
1762.14
2652.06
1840.74
8634.62
3320.63
3378.38
2165.57
6369.13
2569.91
2958.68
1890.04
2194.69
3331.76
1844.01
2454.46
2068.25
4169.63
1562.45
1629.84
2888.34
2776.82
5127.4
1307.58
1463.11
4278.69
1437.48
7953.23
4266.83
5453.96
3935.71
4794.79
2269.86
2691.11
2790.3
2532.3
3059.66
2558.34
2785.78
2517.72
2746.21
1541.99
2082.73
1921.72
3670
1380.25
3703.19
2406.27
1652.34
1987.5
1569.24
1812.94
2087.7
2140.93
1917.23
3014.2
2890.37
2951.31
2160.7
3087.32
2681.8
3208.43
3455.75
1399.08
2262.95
3138.74
4009.32
3862.13
3314.4
2425.29
4105.83
4997.34
2887.87
2379.87
2437.43
4821.1
6767.28
3249.02
2141.64
3212.9
2627.37
2746.06
1827.54
2155.95
1938.42
4519.67
3438.64
3274.31
2673.82
3223.83
3688.69
2541.59
2519.59
7194.99
2124.09
1740.76
2352.08
2451.85
3621.52
2197.08
3206.47
1962.5
2076.51
3155.89
2697.86
2142.87
2350.98
2670.79
2683.98
4078.25
1250.34
1624.42
3699
2182.83
2757.65
1874.36
1604.09
2621.62
5017.82
1940.22
3980
3626.46
2067.88
1908.97
1364.24
4225.15
2443.39
2111.48
2793.32
1359.65
2724.64
1641.1
2361.93
2414.15
3646.96
1845.83
2670.69
1570.69
2292.4
2378.09
3756
1491.78
3276.35
1700.57
2614.91
1789.36
3785.1
1485.89
1620.33
2612.92
2803.24
2055.81
2207.62
1468.63
4286.72
2328.98
2158.42
2029.31
1549.53
4199.55
2726.45
2870.75
2169.69
1802.1
2469.76
1893.6
1549.32
3838.36
2720.45
1730.45
1751.69
2107.61
1658.15
2673.06
3466.88
3114.67
2627.85
2488.37
2964.6
2685.52
3722.41
1686.29
2206.13
1480.94
2271.21
3756.76
1973.17
2031.46
3527.68
2524.94
2179.98
2838.02
2441.21
2174.88
2934.12
1831.05
16465.6
4085.25
1653.07
4129.01
2881.45
3091.55
2459.4
3503.71
2612.84
1889.33
5047.56
1943.78
3215.53
1865.27
1635.69
2612.71
2915.03
2583.87
2419.82
2663.01
1793.92
2366.09
2545.92
2278.36
2640.31
5504.3
1944.15
3719.64
3878.23
1754.36
2140.12
2415.7
2659.77
6322.38
2086.59
3271.67
2787
2127.95
2521.89
1847.62
2304.8
2035.51
2685.32
2503.09
1720.68
2983.66
5967.61
2543.21
1998.45
2754.04
2292.84
3401.29
1447.35
2816.85
2652.75
4999.24
1986.08
2779.56
4889.99
3130.68
2359.63
2988.07
3141.03
1563.46
4603.29
2581.96
1993.22
2382.67
2558.11
1461.07
1594.88
2799.66
2749.7
4048.95
2182.9
3345.3
1633.61
5782.49
4197.88
2022.59
6424.12
2290.93
1906.01
2148.86
1850.51
1777.71
1288.38
2044.48
2459.35
1885.64
2933.5
4676.44
4229.76
2928.5
1488.9
5136.23
3424.36
3028.56
2194.28
2077.65
2349.72
3722.2
12543.8
2736.86
2032.18
1800.39
2034.66
2311.64
3355.07
2162.75
5421.23
3412.01
4909.24
1851.52
2337.66
2744.91
2094.12
2137.94
3430.01
2551.11
2170.87
1915.42
1604.82
2206.22
1556.33
2447.97
2948.88
1718.79
2185.6
1687.13
2300.46
1797.24
2094.63
1867.35
3054.15
4141.68
3080.82
3373.73
2501.63
1398.07
2150.09
2375.59
1593.28
2503.9
2208.04
2582.92
2916.68
2206.95
2503.79
2961.55
1784.54
1739.35
2194.17
2386.92
2631.6
2477.05
2973.27
2969.49
1599.14
1796.26
2800.3
2367.88
1371.7
1721.49
1779.56
3708.95
1520.36
1814.91
5270.27
2775.92
4975.94
3300.98
2822.89
4079.51
2753.86
2838.61
3787.49
2362.86
2451.53
2196.89
2671.95
4656.78
4446.18
2873.02
1926.84
2448.17
5091.06
1923.9
2267.8
4204.53
3730.02
4308.7
2342.75
2136.45
1860.55
2362.22
1935.47
2779.49
3266.4
1803.42
3160.45
3011.68
3096.78
3111.62
2315.94
2468.82
2811
1622.97
1851.31
3950.29
1990.08
3025.41
4667.44
2956.64
2140.16
2811.29
2353.44
4590.2
2115.91
1733.45
2914.02
1728.29
1655.42
1759.65
3153.81
1629.38
2705.53
2250.89
2206.27
2154.87
2795.05
2741.4
1913.3
1771.95
5425.93
3023.28
3815.07
2387.98
3621.74
2172.59
2617.88
2937.55
1980.37
5112.13
2023.57
2897.47
2672.99
3426.32
3102.57
2834.96
2340.14
3489.03
1504.91
2102.51
7793.4
2088.3
3430.2
1939.36
2179.1
13907.7
2398.45
2879.08
3298.78
1598.28
2765.5
3203.57
5748.27
2007.44
2746.98
1656.19
1425.26
1419.68
2785.35
2290.47
3395.86
3246.7
1632.89
2244.43
2371.23
2302
3564.79
2625.52
1488.01
4833.84
2087.23
3448.06
2561.29
4112.58
3092.19
2741.63
2279.86
2980.22
2281.13
1437.43
1454.67
1922.16
2306.74
2777.11
4344.22
2012.2
2510.51
2368.74
1468.15
5204.65
3151.21
4842.35
2858.21
3080.25
4046.74
2629.62
1841.96
1906.49
1940.29
2145.61
2369.05
2341.29
3611
1900.5
2133.82
2304.72
5207.77
2055.7
2795.42
2924.31
2858.82
2145.36
2618.21
3795.77
2031.96
1461.23
1503.58
1825.72
2450.26
3560.58
2870.86
1933.85
1755.85
3277.72
3253.35
2572.85
3191.49
2644.53
2824.92
2656.63
3193.85
2817.14
3785.48
2466.07
2233.97
4102.09
2541.39
1998.97
3698.29
2539.44
1643.92
2008.29
2080.45
2612.56
2259.61
7202.52
1589.04
3013.42
4108.52
1948.24
1938.09
1932.98
2524.4
2045.72
2700.98
1397.33
3045.64
3892.62
9448.7
1967.83
4041.1
2180.46
2051.59
2714.11
3376.25
3822.37
2302.32
2955.7
2729.97
2147.89
1363.66
1586.6
1884.3
2483.38
3272.83
3359.84
4932.5
1911.9
1905.52
3886.69
1430.61
2157.67
2409.39
2842.47
1290.31
2082.19
2244.19
2136.79
1932.9
2683.53
4604.3
2197.23
3094.11
2406.82
1831.53
2617.59
2084.16
2881.18
4041.77
1798.17
1696.17
3911.81
4326.89
3128.48
3123.88
3357.21
2173.41
2269.62
2152.11
4404.62
3673.96
2989.07
2207.69
4929.13
1663.57
1819.84
2119.65
3438.99
1831.4
3431.68
1696.42
3419.8
2138.84
2491.76
3150.78
1476.89
3084.8
1819.06
1799.56
3638.74
2728.45
3189.26
2882.94
1830.66
1714.47
1911.6
3922.89
4522.92
2739.72
3500.66
1785.47
1821.47
4560.96
1926.95
7307.46
2681.26
2028.1
1551.69
1498.4
1874.41
1767.5
1934.9
1849.25
3361.31
2590.98
1626.82
4076.66
2080.54
2231.19
2721.18
2741.09
1938.45
2798.86
1956.48
3987.25
1689.59
2834.19
2212.81
2021.11
3105.75
2610.02
2059.32
6452.5
3135.63
2387.47
2963.8
1987.31
1718.33
2351.08
2076.56
3168.57
3412.32
3112.7
2498.27
1943.43
1829.51
1638.7
2249.23
2764.63
2115.35
2693.41
4047.44
1806.46
1993.54
1645.2
4848.47
3412.59
1864
4295.09
2706.96
1514.88
3264.08
1954.61
3628.6
2578.92
2243.98
3674.45
1653.71
3081.73
2528.73
2063.98
1586.57
1993.21
2568.51
3735
5475.53
1975.9
2370.78
2092.61
1921.18
1886.66
1775.24
1680.47
2410.85
4058.98
1944.19
2141.45
2757.27
2082.55
2627.87
2006.94
2684.35
1552.25
2482.34
1706.58
4334.37
2197.53
1803.28
3730.64
3599.25
1699.35
2540.24
2204.19
1985.35
1596.93
2754.25
1740.79
3575.16
6261.68
1848.74
3116.03
4040.19
2656.61
2773.18
2759.84
3074.58
1349.41
2811.67
1580.3
3052.23
9783.23
1734.7
3370.21
1775.16
1964.68
3276.17
8298.66
2449.89
1379.38
2057.75
2074.49
2297.62
5441.03
1967.07
4291.62
2069.39
2310.74
3484.75
1847.29
2569.5
3889.13
2550.5
2616.71
2010.07
1186.13
2565.46
2333.58
2537.41
2159.59
2464.54
3442.3
2930.59
3243.83
1888.9
2275.61
3563.22
2263.83
2066.52
3265.52
3397.3
1598.45
2211.25
5751.5
2963.99
2386.28
2269.26
1393.74
1950.47
3988.74
5483.29
2368.88
4968.6
1613.71
1660.44
2900
1949.4
2177.94
1847.83
2653.28
4867.74
2546.04
2375.16
2392.8
2728.1
2222.68
3296.8
3272.51
1936.74
3874.36
2298.2
1497.3
4345.38
2878.34
1738.74
1393.56
1906.28
1762.53
4002.97
2864.34
4078.32
2703.91
2032.96
3077.62
2656.48
10683.9
2940.18
3705.51
1753.73
3382.42
3006.93
2100.61
1595.28
1951.01
1969.07
2386.29
2383.58
3294.76
2512.29
1751.33
1525.86
3021.76
1329.93
3596.56
3983.6
2655.51
1579.21
2483.37
1771.7
2336.88
3347.35
2131.74
4283.46
1447.95
2603.34
2567.53
2004.08
2743.17
1557.98
3669.41
1753.91
5394.15
2515.41
2335.07
1740.63
2723.84
2708.7
1961.97
3536.37
2797.27
1578.33
1838.11
4657.5
1874.67
3358.43
3171.13
2364.81
4126.36
3795.72
1752.49
2476.39
1525.14
2151.87
2312.26
2548.08
3723.7
2061.69
4539.9
2104.8
1349.92
2473.13
2710.06
2120.74
1572.3
3821.71
2541.06
3110.22
3095.06
1496.84
2849.9
1196.89
2189.45
3712.2
6517.51
3131.26
2142.83
1908.31
4298.75
1976.1
2690.2
2922.35
3248.51
2211.04
1872.68
3344.87
6376.77
3694.32
1895.73
2447.21
2515.66
1288.21
2268.2
1658.81
3106.16
1986.53
1567.74
2488.99
1650.4
2198.08
2018.34
2033.52
5287.66
2576.52
3211.92
2451.6
4427.64
3725.1
2788.34
1447.63
1854.55
3203.6
6048.47
2572.49
2470.18
1637.2
2431.32
2773.37
1907.49
2523.14
2806.45
1704.17
2328.85
3006.35
1995.51
2233.39
1824.56
1765.62
1836.12
2327.96
1343.31
2192.38
1860.1
2259.31
2893.49
1909.76
2291.19
3194.15
2209.43
3820.69
2815.42
1561.21
4314.62
1598.18
1826.48
2172
1961.53
1944.95
2501.65
2651.47
1829.12
3181.08
2501.41
4122.83
1993.13
2636.19
3631.18
3027.93
2651.17
1932.15
2786.11
1626.58
2720.09
2087.79
3979.68
6373.01
1483.52
2574.04
3503.55
2554.89
2035.46
1341.13
1568.5
3493.04
1422
2946.6
2804.4
1648.18
2206
2162.07
1450.34
2463.32
2073.16
1988.08
2133.28
2674.67
1912.38
3098.78
3854.69
2355.12
2183.52
6448.54
3178.31
2719.35
2040.3
1978.41
3636.55
4170.4
5050.1
1782.7
2451.75
5682.52
1990.81
1362.19
1506.64
5485
2029.94
1501.81
2006.48
3122.53
3810.43
1925.75
1902.2
2196.19
2038.17
3835.38
3165.05
2122.64
2311.5
2153.74
2315.43
1995.01
2175.87
2745.28
1555.77
3268.79
2888.63
1711.36
2657.11
1685.76
3705.76
4071.87
2078.41
2615.99
2617.18
3864.24
3710.04
2309.99
1631.28
2217.66
4102.86
1402.19
4798.63
2068.06
2080.34
1977.02
3135.96
2696.73
2417.24
3350.67
2733.75
2362.17
2391.71
2555.32
1734.91
3905.83
3246.56
5463.54
1435.79
3109.64
2431.46
2030.4
2127.53
2468.28
2395.04
1776
2161.67
1868.55
2298.1
1895.08
2866.99
2327.04
2103.11
2084.85
3538.5
3479.58
4730.29
2903.74
1962.94
2683.3
3029.4
1662.14
2094.27
4753.17
5456.77
3067.55
3535.89
2426.79
2104.63
2322.84
3523.41
4558.87
1834.22
2401.02
2014.54
3073.65
2267.62
2702.73
1988.76
1883.64
1968.74
2299.96
1772.25
2529.9
1541.46
1809.04
2663.53
2410.45
2315.64
1243.41
2454.5
4052.41
2498.21
2954.2
1780.89
2985.96
1545.8
1891.33
2555.22
1869.78
3763.89
3243.23
3570.82
2616.81
4244.88
3248.01
1767.1
3490.41
1883.65
2499.66
3749.13
2425.39
3700.49
1803.75
3253.92
2667.59
3381.5
2063.93
2560.1
2060.3
2009.74
2206.96
2251.1
2310.8
3314.13
2430.96
2309.33
2793.6
2071.65
1489.71
2739.09
1822.08
2253.59
1862.88
2137.67
2113.33
4084.16
2645.51
1796.89
2255.77
3486.99
1595.77
1414.45
2669.06
3142.63
2392.73
1814.87
3198.33
2461.75
1414.29
2531.19
1828.82
3043.84
3320.73
2889.37
3260.88
2570.39
3122.83
5338.55
1806.7
1923.42
1711.31
2607.23
1387.11
2940.24
2319.19
2174.84
1548.6
3031.75
2317.35
2237.88
3294.46
3851.31
3082.23
3049.3
2533.14
1996.85
4203.62
1890.47
4078.41
2152.82
1706.7
2412.75
1608.56
2640.64
1447
3329.7
2094.34
1982.17
4351.53
2138.98
3052.39
3238.92
1814.94
2182.47
2633.73
5267.7
2096.53
3471.34
1322.07
2407.63
6198.9
4245.76
1730.43
3400.7
4293.75
2033.11
2072.74
2822.2
2285.08
4075.25
3364.21
1385.15
1381.56
13808.9
1924.18
2176.61
1900.85
1825.64
2465.68
5453.54
1367.97
2038.43
3596.07
1703.61
3147.63
2841.14
2967.34
1909.42
3070.46
3330.58
3578.74
4221.97
4531.17
2303.73
1541.94
3538.45
2031.52
2045.54
2341.09
2914.06
3155.33
3066.63
3431.08
1753.75
4264.23
1513.35
5394.76
1343.89
1536.02
1223.97
2504.18
2315.94
4073.53
2199.71
3052.79
4587.91
2388.4
5208.45
3386.51
2855.99
1570.33
3728.63
3815.66
6155.21
4549.94
2758.53
1921.65
3900
1497.03
4033.78
2261.72
5171.57
2306.71
3621.49
2773.69
2653.36
3028.62
2690.32
2111.37
7060.62
2514.76
2719.98
2308.48
3379.2
3542.11
1859.83
2248.57
2081.04
2654.53
1576.06
2208.69
4460.58
5261.93
1657.47
3951.95
1488.33
2946.97
1811.6
1477.47
1861.29
1650.23
1440.42
4489.08
2237.16
5687.36
5412.82
2412.97
1569.93
2157.78
2262.54
2088.13
2201.39
1923.13
3138.01
2279.88
1749.35
1411.08
1936.69
2311
1781.04
1609.92
1858.76
2421.38
2086.77
2696.34
1875.21
3823.73
3632.7
2046.5
3284.82
2206.73
2964.05
4700.21
2560.23
2481.15
3787.55
1735.34
2785.27
1899.2
3030.71
4092.96
4173.5
2587.21
1792.15
1606.73
2632.16
3166.91
1856.63
1921.29
3363.21
1780.55
2827.81
2945.46
2966.35
2480.11
3204.58
2193.65
1809.32
1950.37
2411.1
2711.3
5059.13
1761.88
1545.76
2380.47
1774.66
3395.02
1831.31
1588.92
1540.05
2961.97
1602.22
2859.26
2627.37
2586.29
2646.08
1858.79
2399.47
2054.07
4653.53
1664.49
1892.96
1801.11
1628.05
2504.77
2766.11
3971.98
1482.35
1766.51
2201.6
1851.42
3012.7
1749.55
2311.63
2411.56
1830.19
3626.95
2443.48
2403.99
1830.55
4897.84
3576.61
2887.1
2143.74
2894.25
1564.26
2037.21
2308.27
4986.98
1790.92
2400.28
2326.98
2025.64
3028.16
2994.31
4282.94
2748.48
2590.54
2911.65
2881.53
1445.63
2202.31
2343.29
2153.91
2506.91
1414.94
2286.8
2559.27
2230.33
1819.71
2089.96
3710.55
3530.35
2869.96
4535.83
3016.4
2534.92
3824.77
1874.65
2183.14
1314.04
2719.97
1674.22
6206.94
3745.55
1334.8
1752.93
2589.11
1472.2
4515.41
1821.89
1712.6
3500.01
3442.08
2476.39
5629.28
3734.26
3145.74
1440.76
2727.22
2204.62
6887.56
3687.94
2723.86
3137.39
1885.75
2220.35
1392.74
1522.82
2657.33
2349.98
3102.05
1772.98
4819.29
1902.74
2465.75
1693.84
2785.03
1253.2
3920.76
2133.29
1926.91
2014.69
2651.08
1851.62
1844.66
3502.75
1873.11
2159.82
3627.91
1291.92
2840.01
3707.06
2498.87
10730.4
1930.24
9606.39
3235.14
2322.54
2120.96
2330.58
1879.11
1924.77
3165.97
2989.19
6396.74
5400.22
2599.83
2156.8
2510.26
3635.22
1891.38
2160.77
2500.21
1152.72
3704.26
1860.58
1992.08
2672.13
2191.53
1853.29
1721.67
2944.87
2347.71
1751.44
4408.63
1511.96
2095.45
3488.1
2297.39
1876.51
1995.08
2296.44
1996.64
3961.88
2395.81
4070.43
2901.92
2723.56
3272.24
2926.71
1722.18
2277.66
2553.29
2178.86
3345.23
2300.12
3314
4204.13
2817.16
2819.65
1835.63
2978.9
4155.5
5759.99
3481.36
1337.23
2023.3
4842.2
3685.25
1633.7
1686.33
1597.87
1905.63
3175.82
2873.22
1778.52
1565.78
2568.03
5008.37
4625.94
3473.91
2581.57
1798.39
1790.2
2150.08
5665.37
1921.71
2148.18
2397.84
2180.05
3375.69
3194.49
2379.07
3142.97
1766.84
1932.05
3451.98
2029.02
1813.28
3061.28
3293.41
3869.81
4801.97
1704.82
1970.99
4253.42
2026.08
1834.84
2424.87
2250.4
3468.93
2041.96
2444.79
2314.47
3778.53
1610.9
1745.44
1698.03
2040.62
2377.97
2222.15
2848.66
2173.7
2694.93
1769.84
3014.85
2739.8
1568.97
2030.18
6051.74
1940.75
2441.76
2315.69
2388.57
3131.82
1700.21
1254.24
2417.41
1568.45
1745.14
1675.75
3782.32
4446.01
1622.28
2374.44
2031.15
4159.73
4200.01
1891.98
1916.77
2507.49
2939.09
3043.23
2550.06
1866.62
2267.31
2436.16
2546.41
3450.66
2119.84
3188.89
2535.8
2237.1
1536.26
2540.45
2756.69
2167.12
2122.1
2985
1809
2712.83
2615.13
4304.54
2339.86
1912.88
2155.79
1922.58
5956.41
1779.57
2248.73
2961.52
1413.88
2210.71
2618.12
2222.83
1726.15
2043.21
1820.48
3619.33
3425.49
1997.95
1871.81
3982.58
2653.24
3172.74
2455.79
3740.44
2726.74
3031.5
1955.74
11517.5
2197.82
2679.06
3738.13
1997.63
1803.74
4760.97
1469.28
2808.66
2980.13
2121.26
2308.33
2521.91
1741.39
3641.29
1888.05
2049.29
1690.91
4117.22
3048.4
1973.59
3005.04
1955.48
3536.71
1573.99
2677.43
2454.45
1684.94
1635.79
3851.92
1918.5
2400.81
3122.37
4422.49
3001.79
1562.98
2395.65
2454.6
1869.64
3460.89
2043.82
2500.47
6010.61
2768.74
1777.47
3539.61
1483.41
2501.17
2191.11
2521.64
1797.46
2730.12
4010.57
2562.59
2667.4
2605.74
2931.58
3789.9
1802.56
2731.28
2368.82
2420.93
2209.66
6288.85
4140.81
2344.98
3473.3
3140.49
1699.99
1854
2651.64
3315.57
2399.76
3345.27
3373.76
2112.95
2444.14
2025.15
2547.83
3126.94
2803.6
2299.15
2227.14
1576.08
1996.48
4869.3
4034.14
1941.79
1715.25
4962.93
3416.72
5742.77
4042.58
2164.54
2661.48
1843.93
2078.17
3220.66
1727.67
2030.85
3340.91
4492.3
1928.94
2784.21
3330.86
1386.26
2009.25
1884.14
3720.64
3579.95
4683.09
2188.79
3787.92
2252.1
3122.96
2925.65
3749.38
2545.38
3039.98
1336.53
2126.92
3468.08
1809.4
2918.19
2458.13
1973.35
1794.93
2716.35
2178.56
5310.69
2078.9
2422.91
2820.97
2383.14
5330.57
2598.79
4033.86
3002.96
2673.07
1674.83
2312.73
2100.42
3174.44
4928.51
1980.11
4872.56
2740.81
1353.55
2717.38
1713.09
2740.87
2639.82
2335.58
1548.09
1816.51
1914.71
2233.12
2818.64
1741.78
7741.13
2510.72
2335.4
2317.41
2081
2599.13
3208.11
3609.84
1932.16
2102.89
3086.71
3996.52
2955.26
2655.72
2852.02
2440.71
1821.95
4033.18
1739.2
2827.14
2979.73
3415.37
3128.64
2395.09
5431.14
4188.99
1957.41
4076.33
2570.24
2913.47
2736.6
2085.54
3011.25
2667.72
1997.94
1890.99
2922.38
4132.31
4288.97
3701.71
2970.57
2388.98
2456.52
2680.39
4446.16
2711.3
2170.53
1362.88
1953.02
1883.93
1565.24
2852
2017.68
1739.44
2219.76
2418.81
2880.32
2851.47
2245.9
1711.38
3648.31
3646.38
2346.65
3311.95
1915.69
2780.03
1854.25
4715.86
2023.64
3987.28
2514.26
2215.89
1963.95
5080.26
2344.75
2335.97
2111.1
2696.51
2139.33
2034.87
2819.62
2182.08
2318.04
4986.6
1700.72
4384.9
4217.06
1927.3
1597.74
5503.04
1935.44
3621.89
4119.79
2487.39
3189.66
1699.14
1991.27
4660.41
4442.52
2786.54
3274.15
2192.77
3075.35
2839.96
2848.69
2131.84
1872.85
1533.41
1940.88
2074.81
3270.54
2797.01
2170.28
1801.81
3692.57
9577.84
2175.72
1972.28
2072.83
3165.87
1978.47
5183.49
2432.15
1677.88
2159.06
2485.2
4855.05
2094.6
2129.9
2271.43
3168.57
2079.62
2811.59
2794.89
3300.88
6800.26
1805.75
1847.54
2439.36
1611.58
3506.53
3035.64
2269.5
2471.83
1745.42
2320.02
2076.02
2068.15
1825.25
1473.35
2226.32
1612.58
2350.13
2531.96
1395.16
2320.7
1988.53
3004.21
1904.56
3723.58
5056.17
1641.87
2978.34
2717.31
3377.21
1745.93
2420.44
1454.35
2155.25
2470.38
3228.57
2527.08
2126.94
1600.54
1549.11
1611.45
2496.98
3402.22
3032.99
2172.42
2071.54
2048.87
1905.88
1714.38
1997.84
3436.53
2110.56
1835.64
1666.65
4034.27
2936.59
2381.83
1803.69
3843.28
3654.59
3684.37
2384.76
3627.5
3264.91
2255.92
2344.91
2301.7
2372.14
1806.48
1793.11
5706.56
3106.15
2651.75
2571.38
2576.5
3020.47
2747.69
1858.3
4712.49
2173.32
2705
2416.76
1578.14
1993.11
3303.98
2752.81
1890.84
2617.74
4153.11
4603.03
2042.44
1722.67
4358.03
3228.82
2178.84
2393.32
2207.9
3526.9
1905.59
4556.87
2638.32
2187.21
1946.59
2707.1
1337.29
3572.46
2695.2
2620.31
2476.69
2608.07
2061.01
3652.75
3451.69
2957.74
2944.41
6917.5
4148.34
1965.14
1734.74
4507.15
3510.42
1634.57
3906.78
1847.55
4308.72
1891.3
2551.67
1988.38
1494.01
2436.17
5796.49
2360.79
4666.06
5724.77
1802
1882.69
2538.27
2541.32
2461.6
2092.98
1789.03
1789.75
3579.49
2620.99
4049.81
2149.58
2096.53
2507.64
2088.22
3109.02
2081.35
2623.11
3776.66
1978.54
2246.7
2846.6
2688.84
2679.81
1973.4
1858.94
7154.02
1557.89
1979.24
2197.61
2067.33
3072.59
2127.9
3291.9
6752.91
2164.89
1904.24
2268.91
3151.96
3251.24
3478.1
2012.29
3600.69
2373.17
2578.78
2341.2
2187.43
1727.5
2198.92
2929.52
3087.61
2429.31
2148.38
4645.57
1853.51
1509.07
2379.34
1960.93
3408.65
2214.56
2074.2
1875.83
2418.33
1845.78
1893.49
1899.56
1850.3
3216.02
3021.14
5381.32
3113.34
1829.18
2554.98
3221.35
2004.44
1832.46
2838.59
2445.86
1992.06
2109.62
2262.22
2725.94
1632.06
1807.52
2482.94
2692.69
2059.41
1574.11
3978.86
3318.24
2125.51
3745.44
1544.73
1437.75
3208.44
1740.92
1870.26
2435.62
2226.05
1925.26
2034.92
2945.72
2230.56
2357.16
2014.84
2525.13
3770.86
2512.23
3102.88
3994.89
2672.85
2670.71
2826.9
3422.08
1930.61
5820.37
2093.52
2595.06
3221.99
2856.09
2002.17
2979.69
3619.75
1941.5
1928.86
3355.77
2593.87
1639.84
2467.02
3183.25
3199.53
3084.94
2310.51
2139.77
2095.67
2830.04
3525.98
2311.71
1083.19
3717.11
3398.75
2047.71
2830.99
5244.65
3010.81
5046.79
2506.98
1866.78
4098.42
3878.17
2214.43
1762.08
5026.91
3679.19
2374.97
3358.46
2511.94
3129.02
2106.21
2473.41
2208.61
2258.92
5079.54
1865.1
1619.87
1821.57
3669.35
9317.11
3501.49
2653.36
2324.37
2229.06
1792.26
2351.23
4122.48
1927.61
2052.41
1918.51
2923.97
1931.15
3131
2856.38
2961.94
2023.45
2434.92
1751.06
5501.33
2409.53
2743.3
2093.47
3134.01
2892.13
2288.62
2139.12
1558.15
3556.55
3487.27
2261.59
2604.63
2725.73
4687.64
1270.96
2049.9
1873.51
2415.84
2283.49
2104
4040.59
2394.29
2973.26
1310.2
2248.72
2930.53
1941.9
3008.98
1819.41
1992.12
1521.64
2575.12
1987.78
2313.5
2370.65
3100.52
2155.24
3396.24
4468.17
1635.27
2993.98
2840.13
1793.67
2617.75
2197.83
1838.14
2327.41
2248.82
4854.73
2117.96
1847.83
3651.2
4191.11
1955.37
2367.66
3164.62
2022.89
3813.21
2484.56
3245.4
3170.85
2288.74
3002.2
1851.07
1766.91
1801.25
3118.35
3861.09
2393.78
2796.36
3343.3
2303.78
1886.49
2027.66
2425.46
2582.2
2276.81
1695.36
3524.85
2586.19
2306.84
5944.83
3611.26
2335.92
1361.53
2588.65
1487.04
3192.37
1972.24
2906.51
3320.13
2894.19
2645.66
3192.43
2345.76
4346.73
3123.47
1617.26
2298.24
3052.91
3416.53
1553.99
3145.48
1771.12
1867.63
1864.79
3778.02
1826.04
2081.75
2111.24
4198.03
2579.29
1916.98
2655.11
3292.3
1867.34
1728.94
4633.91
3089.82
3402.33
3027.63
2377.45
9131.6
6542.99
2492.95
1828.89
2727.27
2292.21
1831.85
1906.73
3060.51
2733.11
2957.7
3153.8
3758.41
4275.39
4415.59
3571.94
2635.51
2998.87
2814.47
1684.08
1098.64
3854.12
2000.93
2410.34
1816.73
3109.59
1977.52
2019.01
1990.4
2078.19
1689.17
2140.06
2592.65
2399.34
2494.86
2332.93
2517.14
2535.25
1903.8
2911.86
1894.37
3346.13
3427.24
3381.22
2393.2
9936.84
5011.63
2701.13
1781.46
3042.18
1597.13
3348.48
3372.07
2057.62
1833.06
1980.41
3774.6
1753.58
2595.52
1634.55
3067.56
2187.95
2972.53
2972.71
2354.15
1910.87
2162.32
5505.31
2292.3
1793.19
1914.2
3513.62
2506.84
2929.5
2106.67
3362.56
2378.28
6552.29
2062.18
5448.39
5646.3
1760.28
3066.88
1918.76
2792.45
2482.17
3331.77
1791.2
1925.92
3194.98
1516.64
8623.68
2551.55
2593.63
3329.1
2693.84
2595.59
2342.92
2123.16
1893.9
1796.68
2992.75
2444.97
2693.63
2967.12
3112.57
1796.49
2724.91
1838.68
2284.39
3401.02
3055.44
3129.76
1567.25
2843.51
5179.88
2298.23
1657.97
2015.85
2111.82
1389.76
1904.22
2722.48
2206.08
2116.71
2343.03
2549.61
3832.49
1890.35
1874.25
1746.27
8940.54
3397.81
2327.32
2251.86
2591.66
1731.16
2247.44
4665.72
6250.88
5020.55
4145.3
1906.73
1882.24
1865.56
2460.03
3130.66
2699.81
1880.16
2357.03
4732.48
1776.65
3311.69
3012.12
2443.87
2127.37
3059.19
2553.05
1694.44
2399.82
2402.74
2172.49
3517.71
2533.99
9523.85
1923.02
6062.47
3151.08
2147.92
1841.81
8114.19
4889.1
2866.03
3058.8
2516.03
2030.41
2040.45
2139.51
4232.56
1372.4
1726.33
2838.85
6629.12
1880.24
5425.36
2008.98
1875.67
1999.17
3400.89
2458.99
1774.21
2570.2
2357.72
2444.51
2395.63
2697.11
2260.4
2122.76
4746.34
2096.21
1806.9
3796.78
1731.52
1849.34
2375.23
2406.13
1377.48
1399.69
1689.52
3198.57
3154.26
1924.16
1692.36
2070.13
3696.71
8471.62
2818.64
5141.07
2407.92
2431.68
2411.25
1872.38
3779.33
3754.13
3339.26
3577.72
2874.56
2866.53
5190.43
1380.45
2959.79
2508.12
2226.54
1715.72
2452.21
2643.23
2503.52
5958.74
2145.28
2763.69
3437.11
2054.41
2781.03
2514.7
4554.88
2657.81
2598.67
2181.29
2191.14
2209.52
1897.96
2316.42
2112.98
2195.79
2525.15
3994.68
3489.05
2010.71
2578.53
5483.65
4092.68
1671.4
2100.85
2264.85
2549.54
1923.16
6427.69
1836.04
3656.51
3080.82
2930.89
2248.26
3136.37
1741.22
4940.56
4300.6
1906
3334.65
3677.38
2598.51
2742.34
2998.8
2240.9
2615.23
3788.64
2275.99
2210.8
1842.03
1586.12
4980.19
2924.88
2894.62
1959.75
2688.87
1753.62
1957.85
2201.88
1687.16
2220.65
1978.4
2892.49
2887.2
3514.46
2484.56
1903.46
3060.89
2896.84
5860.73
3083.96
1863.4
1997.17
2339.35
2268.79
2768.27
2831.31
2029.6
2111.67
1720.81
2031.06
2937.58
2592.65
2310.22
2372.38
2202.96
2401.38
1909.18
2158.93
2532.59
2155.5
2574.34
2583.5
2220.88
1694.95
3727.62
3469.55
1480.02
2100.48
4012.12
2870.01
4746.03
2098.15
2716.39
3465.61
2420.64
2019.76
3306.12
2510.73
2324.32
4991.56
2061.64
3096.92
2105.47
3603.58
1352.72
3311.44
1977.1
3739.72
3685.55
3146.51
1760.78
3426.64
1706.15
2243.52
2891.67
2803.43
3245.47
2411.36
3564.53
1937.12
2450.51
3323.53
1868.64
2079.24
3784.58
3554.23
1642.26
2158.12
6409.15
2331.46
4923.64
1329.74
3112.91
1838.46
1762.8
2233.22
2136.45
1560.4
3230.62
2232.52
1558.39
2014.5
1731.43
2167.3
2117.22
3882.41
1943.42
2481.83
2158.65
2995.05
3560.16
2255.95
2476.87
2857.22
3185.28
2271.25
1900.08
2535.82
1356.41
2193.26
1977.24
1972.42
2425.78
7470.15
2127.87
1628.84
2875.91
3138.01
6397.96
2198.27
2161.06
2365.99
3274.02
3667.36
1636.31
3417.31
4105.02
3235.32
1750.07
2200.72
1810.25
3586.61
1696.71
2765.4
1728.47
2260.98
1941.92
1784.98
2610.9
2587.7
1825.24
2656.56
3339.57
2215.94
1849.11
2308.62
2107.28
2027.92
2079.79
3166.62
2031.86
1835.79
1902.71
3043.56
3321.96
3031.94
1695.89
2129.2
4607.51
2156.21
2165.7
2313.36
5720.55
2903.55
3698.01
2679.28
3284.23
2096.66
1653.01
2392.63
2310.69
2307.15
4005.25
3169.77
1598.62
2755.93
1833.8
1770.82
2453.42
1785.27
2340.36
2999.31
2566.29
1720.49
1603.53
2392.65
2683
2752.28
2935.35
1922.12
2378.19
2747.59
3425.63
1998.59
1595.07
2888.76
4081.98
3662.42
2441.64
1981.34
5294.05
1723.73
4923.45
3057.61
2253.19
2568.36
2436.27
2262.78
1351.21
2463.33
2574.45
2187.71
3342.79
3401.67
2107.28
3787.48
2719.34
2669.13
1820.77
2632.08
3179.81
2743.81
3119.48
3210.78
6392.47
2003.73
3602.28
2856.27
1926.26
1919.47
1850.65
2258.41
3455.6
1595.89
3507.9
1946.82
4617.15
2826.99
1714.79
2680.96
1928.1
3543.79
1737.79
2414.24
2618.56
2455.93
4201.72
7470.46
1813.82
2132.54
1762.1
3425.37
2072.81
3004.58
2354.14
1550.73
4339.44
2820.51
1887.45
1613.92
3485.1
2819.53
2923.73
3217.17
3488.9
1806.5
3865.47
3134.01
2189.16
2995.58
2610.99
3255.84
1532.22
7303.21
2785.63
1520.38
1890.96
2477.93
3209.99
2093.64
10879.6
1732.59
5067.91
1649.96
1723.95
2308.08
3104.12
6837.54
3034.51
2715.28
2545.55
2201.34
3127.87
1491.67
1793.93
2251.67
2296.24
2477.66
1985.13
2782.07
1829.96
1971.99
3414.74
2509.36
2629.72
6067.29
2071.56
3501.97
1798.01
2330.79
1893.95
3674.74
2117.03
2753.53
2054.92
2027.63
5847.62
3285.37
1627.54
3713.71
2172.84
2003.46
2550.21
3205.44
1589.2
1962.52
2421.48
1858.59
2408.2
2774.5
2507.69
3396.55
3012.34
2702.61
2756.46
2724.03
1697.36
1855.79
1910.91
1669.65
4072.39
1686.43
2032.56
2352.56
1793.49
2509.52
3062
3501.32
2868.58
1853.2
3792.77
1865.12
4382.87
1423.09
1599.28
3563.26
3527.14
1611.63
3490.06
3200.72
3020.01
3580.91
4109.68
5444
2931.72
2267.27
8545.58
1612.43
2124.25
2216.54
2388.05
1681.62
2035.67
2393.98
3094.6
2025.93
2674.24
2972.95
1575.71
10611.7
2370
2163.58
1695.74
1899.14
1591.07
2037.98
2194.25
2394.79
2623.28
2676.46
2093.98
2252.6
1988.09
4979.63
3840.34
2609.59
5727.2
1543
3717.06
2168.62
2404.06
3533.04
2250.36
2818.72
2156.06
2421.62
3206.33
2082.94
5952.52
3297.83
3399.32
1865.51
3104.19
2762.1
4781.75
1650.98
2546.15
2210.36
2748.41
3348.19
1844.36
1825.15
2246
2549.93
2221.99
2765.98
3422.54
1963.13
3838.16
2925.8
2576.03
2713.38
2176.09
1732.18
3113.05
2959.84
2227.85
1490.6
1981.39
1554.97
5352.96
2011.97
2745.7
2764.23
3688.37
1946.94
3785.37
2009.83
2359.2
3781.33
1549.71
2002.93
2407.87
3716.8
2678.3
2266.75
3738.3
1840.28
2386.92
2202.47
3206.69
2049.14
2432.26
2062.03
3137.04
6574.28
5146.03
2760.65
2324.75
2067.06
1803.9
4145.73
2035.03
8695.91
2718.16
2305.85
3075.46
2457.28
3048.62
2773.41
1624.49
3324.05
1996.19
2088.7
3359.26
3805.21
1933.64
1942.65
2041.41
4672.54
2787.69
2362.03
1312.04
2344.03
2356.09
2157.51
4268.41
2133.07
2425.32
2359.99
2547.76
1751.05
11252.1
2988.43
2009.12
3223.84
1580.01
1761.33
2496.48
2228.4
2950.06
3051.23
2073.1
1626.38
3330.46
1866.89
6819.34
1785.1
2264.01
2810.4
2004.79
3399.14
2041.96
1883.15
4452.47
3641.92
2193
2691.3
2790.53
2789.56
2860.09
1286.29
2019.49
4350.34
1713.81
2562.31
2435.42
1912.9
2585.7
2072.16
5945.97
2713.71
3087.05
2256.53
3131.85
1879.43
3384.27
2981.47
3055.35
1682.05
5545.91
2409.72
2849.8
1958.8
3627.84
1743.7
1932.12
1908.44
2316.16
2580.58
4136.39
2169.82
2106.44
3223.97
3695.6
2932.76
2557.61
3315.43
1951.17
1908.02
2952.56
2357.68
2067.69
1660.38
3881.38
3639.6
2055.82
2667.01
2168.66
2341.96
1990.13
3285.6
9602.92
1473.47
2848.95
2954.63
2595.65
1686.99
2348.01
1899.74
3658.08
4138.25
2281.63
2296.09
2215.18
4837.94
2105.87
2074.59
2592.13
2619.89
2234.48
1648.72
1786.43
2178.46
4292.21
2434.97
1657.39
2343.09
2729.53
2208.29
2060.3
2061.85
8568.85
2307.03
1465.73
1817.66
5220.86
2717.56
3434.18
5943.29
2503.56
2237.57
3063.87
2140.21
2787.78
2121.19
3117.52
1711.98
1716.56
2106.75
1858.47
2433.13
3310.13
2477.99
1418.41
1303.59
2487.58
1665.44
3319.36
2985.51
7717.12
2959.18
1370.78
4490.13
1791.39
5371.75
2254.63
2279.04
1915.96
3692.35
2270.14
3317.16
2110.32
2347.89
2838.34
2200.69
1760.66
2187.88
3251.1
1400.47
1837.7
2451.56
3572.45
3170.31
1730.35
1660.01
1709.19
2306.59
2000.17
1748.44
8122.34
2352.63
2439.82
2813.13
2309.08
2013.3
3760.33
2006.7
1893.39
2188.51
1593.26
2525.4
3690.39
1858.73
2225.32
3217.98
2775.46
1855.23
2061.73
1425.31
2636.48
1772.33
3600.17
6747.44
1558.63
2056.57
1651.03
3593.93
3912.63
2261.96
4853.11
2058.55
2282.46
1643.39
1777.64
3061.64
1601.8
3133.92
2281.68
1812.49
1613.74
2549.38
1459.05
3192.47
2701.16
2270.22
4037.84
2546.9
3143.83
2491.14
3801.39
3891.4
5192.99
1888.16
2920.95
1498.67
4624.79
2632.92
4240.04
4696.1
3096.81
2798.81
4382.86
2853.64
2661.62
2262.66
3230.26
1637.11
1988.85
1739
1807.32
2499.03
2461.89
5143.37
3120.78
1619.65
4200.63
3191.79
2778.76
1670.43
2890.32
2566.13
2481.14
4651.96
2202.43
2418.44
2227.45
4001.57
7837.05
2456.54
3148.7
3089.46
2688.72
1693.67
3965.72
2579.1
2382.53
2029.95
2963.03
1884.75
2774.04
2109.49
1950.12
3803.65
1968.62
1788.43
2673.6
2076.88
2450.14
1692.5
2912.58
3813.67
4782.46
1633.01
2507.07
2716.14
2399.24
4659.79
1989.58
3909.65
2428.68
1571.78
3473.39
1862.02
1921.75
1422.87
2697.53
3396.18
2320.03
2037.32
2737.81
2592.43
2958.73
4035.44
3185.22
2818.65
2129
3323.9
2374.15
1603.9
2373.61
2878.8
4840.96
1593.87
1530.97
1722.48
1587
3055.93
1473.57
1456.44
1791.4
1472.77
3507.79
2539.73
2582.81
1725.77
3237.61
3035.09
2345.9
3258.14
1965.9
2824
2505.96
2300.97
7336.05
2078.74
2011.98
2489.79
1515.99
2678.62
2842.3
4516.53
3202.08
2330.03
2678.55
1359.32
2663.3
2082.07
1801.68
3456.29
2572.11
2191.16
2787.7
2764.23
4985.45
2120.42
1844.2
2403.82
1603.34
4380.17
3998.77
2953.93
2409.45
1932.07
3473.43
2401.77
3903.67
2077.26
3639.75
3703.24
2109.34
2148.9
2233.42
1795.59
2543.36
3556.51
1524.46
1939.58
2652.82
2975.87
2446.3
2000.5
1684.85
2473.91
3776.13
2112.91
1458.78
2092.03
2453.18
2423.52
1730.79
4050.36
2520.43
1696.63
3183.3
1830.77
2640.91
2210.09
4754.49
2171.31
2398.02
3940.07
1888.83
2824.69
4012.22
3094.01
2093.09
2049.47
2154.23
1822.75
2648.66
2861.17
2197.74
3059.86
1631.84
2180.59
1546.23
4397.47
2024.93
4181.66
2553.24
2473.8
2142.47
1800.15
1918.74
1953.31
1743.73
2233.33
2004.61
4893.71
2027.43
2239.47
2931.2
1885.54
1813.41
3602.69
3917.37
1769.3
2216.5
2423.28
2242.9
2117.45
2602.66
3030.83
2516.27
3656.09
2991.27
1894.35
2476.41
2632.39
2909.72
2533.52
3131.73
2651.15
2644.89
8536.79
3606.37
2914.97
1873.44
2200.81
2473.25
2078.52
2532.82
3520.3
2325.61
1964.82
2708.85
2086.05
3635.17
2537.94
2623.75
3137.62
1691.62
1996.63
2428.35
3891.3
2178.84
2002.76
1965.85
2832.41
1924.53
5430.81
3853.47
1519.04
3485.21
3049.54
1961.84
2881.21
1475.98
1736.26
1728.3
5277.03
2691.73
1800.58
4074.62
1581.27
2629.84
4858.54
2010.07
3496.51
3165.35
2944.96
1988.35
2691.55
1705.05
1402.15
1458.97
1943.27
2973.79
7254.33
3781.18
3114.54
1775.88
2553.35
3767.72
2296.56
2703.11
2750.13
1872.38
2114.31
1800.96
1884.99
2622.53
2633.36
1855.48
2140.66
2408.26
3208.9
2189.36
2064.1
3211.62
2479.68
3284.38
1766.64
2039.41
3005.2
7830.9
3097.36
2189.41
2182.16
1875.29
2062.11
2648.58
2448.56
2921.49
3204.54
2010.62
2638.01
2843.36
3695.24
2784.48
1885.49
2526.44
2613.42
1930.96
1845.45
3942.19
4809.86
1846.34
3373.24
2743.32
3335.54
2045.11
4075.46
1887.02
5412.46
2686.94
3548.33
4309.95
1846.19
2389.2
2039.9
2736.77
3723.01
2830.57
1517.46
2467.36
4027.43
2288.35
3721.72
2845.13
1933.49
2959.81
1362.9
2654.88
2518.99
2476.78
2241.85
2300.79
2825.92
2834.96
2071.87
1964.83
2828.07
2633.07
2826.2
3712.32
2865.38
3267.16
2108.37
2126.7
2112.91
2141.56
3094.06
4039.5
2272.06
2185.76
2540.51
3811.54
2485.12
2028.76
5019.69
2094.49
2452.78
2804.44
1267.32
2331.18
2890.8
2240.76
3489.12
2398.45
3369.77
2554.5
2260.08
1985.72
1705.72
1570.23
2531.04
3723.57
2190.43
2230.24
2052.75
2690.97
2056.24
1914.01
1712.59
1836.14
2510.67
1630.15
1647.36
1619.08
1660.71
2490.17
4659.64
2489.35
3189.57
1796.48
2548.45
2157.67
2679.51
2433.59
3984.86
2368.54
3583.02
2245.06
1557.11
2829.03
3838.75
3007.33
1708.1
2440.97
1597.36
2074.57
2089.68
1236.77
2190.51
4264.15
2649.08
3971.53
1872.46
1651.92
6005.36
2872.65
2076.59
2240.32
6581.34
2550.15
2367.14
1523.64
2638.78
3658.87
1920.98
4592.02
1962.14
2071.08
1885.19
2280.38
2211.83
2568.59
2326.16
3184.54
3085.45
1894.06
2022.61
2847.48
2186.04
1671.61
2474.15
4769.41
2144.49
1986.48
3086.98
2353.36
1983.28
2102.72
3812.2
2279.05
1972.34
2568.67
1535.76
2665.04
2231.03
2062.65
2986.26
1630.81
2368.12
2363.13
1819.11
2060.54
2165.65
2364.56
2556.78
2790.15
3234.8
2040.25
4070.86
2784.96
1639.5
4024.94
3672.74
2173.76
2038.37
3145.15
1596.52
1668.7
1684.66
1808.36
3618.68
2446.42
3046.22
1517.92
2132.46
1895.27
2186.28
1919.81
1686.01
2116.82
1583.21
2588.92
2346.83
2455.41
2546.59
2328
2335.43
3621.94
2768.85
1769.51
1253.26
2001.69
2319.06
3968.33
2071.18
3662.15
4334.54
2853.27
2933.82
2707.82
2708.6
3300.2
1682.01
2438.2
1438.77
2674.48
4260.99
2982.48
2317.23
2540.55
2235.26
2115.86
1862.25
1568.8
1645.87
1183.71
1997.63
2095.21
2766.9
3348.16
2464.27
2718.97
2524.26
1812.59
4080.25
3525.86
1747.9
2121.17
2461.65
2040.87
2055.57
1612.38
2575.25
2488.48
2079.08
1986.45
2056.35
2858.74
2098.18
3013.34
13027.3
2026.94
2203.58
7944.46
3351.47
2140.47
1827.75
3479.09
1413.38
1921.17
2571.65
5236.58
2525.84
2138.83
1697.52
2379.72
2829.55
2690.59
2338.3
3101.3
1798.24
2642.37
1999.41
3283.7
2003.32
2741.83
2104.91
2995.26
3663.12
1994.13
1907.74
3658.72
2970.35
2021.18
3052.09
2956.75
1934.65
4212.75
2284.29
1914.99
2159.57
1609.05
4805.78
2371.2
5101.87
2943.1
2477.41
2659.18
3446.27
2583.56
4059.86
3478.03
2375.67
2279.74
1581.15
2025.65
2037.95
2527.59
3668.99
2962.86
1908.22
1549.86
1921.99
2049.77
3208.6
1656.05
2102.36
1819.91
1790.11
3451.37
3088.15
3671.33
1937.56
4615.27
1979.27
4266.67
4142.72
4521.5
3815.71
2163.55
2968.54
2530.32
1772.15
2203.07
1843.94
2435.67
4583.2
2331.35
2393.37
2523.75
2991.94
3458.52
2147.73
1568
2486.61
3425.03
2640.99
3295.67
2409.55
10290.2
2151.03
1709.99
1977.85
2682.39
1825.06
2385.77
3496.01
2522.19
2344.74
3130.05
4077.74
2433.95
2687.56
2418.41
2552.78
1821.67
2620.38
1787.49
1708.62
4552.2
2036.36
3725.37
4982.93
3496.83
1670.35
2194.57
2168.68
3697.62
1955.9
2346.88
2582.43
3051.49
2516.09
2160.13
3173.62
3143.98
2582.33
2485.8
1859.98
3173.18
2239.35
3685.91
1877.37
2047.08
3714.18
3189.59
3172.82
3533.31
1902.16
1926.55
1710.68
1423.56
2494.86
2391.81
2528.9
2704.03
2055.74
3748.63
2535.91
2264.95
3966.35
4570.57
7415.16
2034
1541.62
1292.88
2334.07
2837.53
2230.05
3204.01
1678.36
3065.45
3436.92
2358.46
2743.55
1771.49
2176.2
2267.56
2790.27
1919.73
1705.19
2324.88
4998.52
2669.3
3252.34
2090.8
2055.32
6104.05
2348.09
1623.33
4485.83
2830.44
2743.67
2147.22
2993.19
3450.3
3347.97
3725.46
2060.76
1953.57
2469.09
1990.22
2177.85
2351.65
1870.01
3126.09
1846.82
1702.1
2032.12
3671.2
3159.8
2949.8
2013.31
5172.24
2392.78
2670.11
3741.8
1857.57
2393.56
4185.92
2114.1
3295.61
1565.75
3594.34
1811.65
1916.91
2576.12
2376.62
1978.13
3681.58
1871.39
2041.24
2434.05
2308.16
2183.98
2294.03
4474.98
3067
3202.1
2002.75
1538.77
3407.97
2555.05
2499.69
2050.1
2144.55
4212.46
1737.89
2349.61
1604.9
1990.49
2252.4
2319.86
4967.61
2103.05
3893.61
2645.86
2954.7
1760
3357.36
3464.23
1575.66
3018.82
1555.87
2824.91
2410.23
2825.41
1650.16
2441.41
1448.52
2268.36
2211.16
1737.16
2654.05
2950.21
3986.58
4021.27
2878.49
2270.5
9236.31
2410.41
3310.89
3573.63
2301.22
3089.54
2770.59
2647.02
2144.28
2297.9
3605.94
3702.39
2708.69
2806.43
3014.08
2420.25
2169.01
2133.14
2224.5
3313.44
2058
2805.41
2259.04
2311.15
1990.62
1786
2120.23
1302.62
10487
5877.26
1898.83
2516.94
2132.27
2609.54
2558.14
1729.54
1724.98
3089.06
2486.4
3863.17
3096.93
4393.81
2615.8
3440.92
2244.07
1988.97
4579.46
1319.09
1833.89
1725.64
2361.77
1849.88
2106.06
3201.73
2088.54
3179.44
2117.51
2433.52
1898.97
4930.97
4445.6
2514.01
3262.96
2265.23
3310.47
9603.01
3115.33
2292.85
1987.96
4411.96
2028.2
2118.36
1889.44
8939.38
1729.31
2340.23
2572.43
1428.97
1553.03
3017.13
3122.47
1372.51
2774.73
2098.37
3795.1
2047.46
1972.06
2595.66
2954.12
2581.28
2316.76
1631.97
3672.29
2669.8
2748.3
1971.89
10791.9
2371.95
3163.18
2386.95
1876.67
1965.53
3163.11
2071.89
3149.01
1907.83
1835.95
2347.24
1852.21
2540.5
2213.41
2123.24
2029.53
2612.85
1942.67
3660.5
1503.64
2775
1527.45
2444.4
2782.29
1526.43
2243.36
2946.51
2974
1894
5776.19
2007.29
3293.5
3006.94
2517.29
2009.74
2708.95
2098.57
2281.16
3310.55
1699.9
2525.05
2056.72
3611.17
5396.09
2471.26
2209.25
1884.03
3981.95
1760.41
2321.99
4942.23
2846.8
5747.56
2643.78
1982.96
3075.67
2236.44
2032.3
2091.87
2062.72
2600.93
3170.23
3186.53
1917.83
2129.53
2914.92
2325.36
1701.38
3728.5
3399.28
1969.41
1915.95
1841.09
6733.69
2473.18
2304.47
1573.82
4707.14
1715.28
3213.68
1651.1
2427.8
1663.1
1739.3
1618.63
2595.65
2942.89
2029.77
1844.97
3513.61
4403.37
2584.71
2715.93
3197.28
3907.38
1854.08
1557.17
2100.18
3230.26
2387.34
2091.42
3533.78
2153.35
1987.73
3411.17
1672.79
2397.66
2422.12
3039.18
1772.92
1756.38
3549.89
2246.28
1884.29
1927.6
2573.8
2154.51
2102.89
2267.59
1468.32
1943.14
2057.91
2551.76
1839.49
3296.69
5382.68
3138.23
2883.95
2253.44
2379.3
2560.34
3372.26
4695.4
2145.98
1860.61
2385.21
1778.78
2027.77
3645.78
1741.57
2620.87
3039.21
2595.12
3462.09
3125.49
1570.04
2962.53
2069.11
2215.64
2525.39
1880.45
2734.45
2022.33
1623.26
3992.35
4333.48
1567.71
3044.02
4515.05
3632.14
1917.68
2177.03
3404.71
2204.85
3109.24
2723.65
4508.98
2115.57
3131.03
2503.55
3226.05
1851.5
2074.06
3768.03
2333.39
2643.99
3838.56
2392.66
2368.56
1558.88
4478.1
2570.63
3105.31
3769.55
2525.43
4436.03
2358.37
4231.55
1898.31
2183.16
1665.27
1901.85
1524.81
1681.76
1807.19
5619.28
2395.56
1999.32
2271.31
2434
1605.9
1606.95
3676.65
3631.85
5646.41
3129.68
1808.98
2753.51
1862.26
2281.15
1664.6
2875.36
3580.4
3960.99
5410.94
2529.09
1826.44
4276.87
2487.53
5207.51
2841.07
1679.16
1530.79
2987.94
1589.58
4064.25
3432.88
1957.41
1751.12
2051.65
2661.49
2566.65
3789.01
2334.88
1478.09
2546.79
3104.59
1900.6
4549.52
1607.46
3439.98
1931.56
2125.05
2806.95
8974.49
3410.78
1937.59
6090.64
1988.72
2266.7
2991.19
2699.63
3708.65
1661.9
8079.49
2722.38
1703.06
5707.65
2172.01
2789.28
1862.07
1985.55
1678.74
1406.1
3861.69
3373.37
2200.93
4625.48
2027.78
3446.13
2585.03
2137.78
2163.82
3281.29
1929.9
2031.56
5458.56
2378.84
4703.32
1496.79
3563.37
2342.85
1891.48
2048.92
3374.99
3830.56
2030.55
2346.09
1559.36
2311.63
1436.15
2183.71
2277.78
3563.6
2920.18
2116.24
2005.46
2890.2
2014.56
2100.13
5415.89
1874.81
1926.99
4030.4
5810.72
3249.35
1914.06
3147.14
1781.07
1756.88
1399.85
3568.89
3282.17
3302.89
2050.56
2561.67
1801.52
3343.76
3981.88
5952.45
2558.83
2637.74
2059.06
1749.31
4819.06
3708.41
3610.94
1963.28
2115.41
1468.84
2533.78
4056.21
2787.25
1737.1
5237.4
5614.53
3698.25
2289.77
1878.43
1653.25
4149.2
1811.92
3820.65
2403.28
2865.25
1533.67
3485.98
2394.52
4028.42
2170.61
1473.42
3051.15
2468.23
3253.35
2141.9
3193.77
2357.11
4292.44
3192.39
1998.64
4308.44
4024.61
1942.99
3071.12
2518.34
3349.74
3760.5
3447.8
2964.34
7238.36
2340.27
3510.71
2112.27
2024.16
4491.97
3245.34
2137.18
1784.38
2108.23
2438.31
2809.72
2235.7
1691.05
3862.35
1969.61
2491.79
3947.59
3691.08
2108.19
2493.65
1986.67
1970.08
9780.3
2212.38
4996.18
2820.56
3506.04
1923.85
3638.86
2818.53
2178.68
3973.01
3432.51
3472.83
2497.84
1905.38
2071.1
2345.77
1838.15
2257.39
2530.63
2034.12
1926.2
4763.96
2904.21
4208.26
2522.29
1484.79
2844.13
1975.8
6776.72
3549.35
4300.68
4243.09
1635.5
1787.58
3051.92
2763.48
3131.03
3192.04
4177.65
3127.16
3029.68
2314.52
4178.61
2223.05
1800.89
2515.78
2474.52
2363.46
2398.81
1743.09
1879.8
2126.92
2451.61
2617.06
3047.67
3294.56
7752.85
1998.12
1537.33
2454.14
2315.55
2828.48
2776.22
3182.81
2182.43
1653.61
2890.94
4151.15
2448.45
2708.26
1803.71
2434.72
1849.73
2910.22
4068.61
2435.83
4195.42
1715
3711.52
2916.15
2023.39
2642.53
2862.83
2424.44
1866.2
4886.12
3839.79
5771.43
2742.69
2485.36
1502.92
1756.37
2034.12
1863.78
2376.13
2188.38
1752.37
4376.84
1503.79
2671.98
3806.3
3440.37
3126.1
1703.52
2380.35
2116.04
2336.53
2329.16
1539.58
1891.77
1603.23
2391.52
4282.42
2479.1
2589.1
1497.24
2960.84
2169.09
2127.22
2619.17
2267.63
2445.75
2400.96
3385.53
4635.96
3310.12
1857.08
3277.53
2096.31
1875.93
2584.8
2666.49
2044.21
2171.32
1729.63
1921.79
3195.58
3181.33
4419.73
12886.2
3202.23
1594.02
2129.17
3906.27
1996.57
2000.8
2211.32
1864.22
3247.67
6092.9
2465.11
1590.26
2415.28
1693.74
8556.95
3205.5
4716.75
1550.03
2244.68
1713.52
2116.04
2730.41
2782.98
1621.23
7630.04
3716.14
5260.32
3760.38
2256.55
2284.49
2189.5
4945.04
2193.05
1692.22
3738.11
2182.46
2503.09
1837.48
4925.13
2486.09
4132.15
5016.19
3333.69
3036.04
2460.86
1858.44
1466.1
1657.42
3608.18
1792.67
4603.24
2281.15
2451.25
2970.68
1877.96
1985.68
3746.13
2346
2006.23
1463.92
2083.86
5367.48
2362.5
1747.23
1611.9
1788.9
2169.43
1563.29
4548.69
1567.94
2209.99
6577.2
3116.48
2273.93
2744.44
2068.53
1750.27
5361.47
2075.06
2866.76
2602.83
2739.07
3492.48
3647.29
1590.53
2333.16
3701.2
2823.6
2565.27
2930.73
2069.97
3724.27
1924.15
2562.23
2168.55
5280.28
2852.04
3602.02
4234.92
2317.52
1283.28
1961.89
2435.74
1614.71
2291.02
3465.11
1745.6
2349.88
5051.87
2037.71
2028.88
2047.32
2207.31
2522.84
2959.78
4548.16
2200.24
2356.26
2083.56
1831.61
2225.07
2386.83
2751.42
1736.5
4474.96
1499.03
2953.72
2049.91
1691.16
3126.84
1879.35
3813.67
2185.54
5781.55
3308.85
2401.43
1636.37
1485.4
5821.79
2983.27
2214.15
1748.94
4360.01
2997.19
1844.81
2832.87
2552.15
2176.69
2083.55
3308.5
2216.83
2281
4220.46
4786.36
2140.11
2253.1
6581.63
1900.18
1620.48
2199.75
3312.26
2241.23
2263.37
9064.93
3117.67
2083.45
2597.56
1887.14
3124.77
2330.1
2325.45
3343.53
2860.14
1900.93
3324.05
3271.39
3234.57
3003.23
2269.75
2345.67
2179.32
2608.43
1353.17
1888.87
2724.63
2864.62
1987.68
1735.73
2438.18
2424.35
1451.56
3012.62
2670.34
2110.53
3639.05
2851.71
2175.64
1752.53
5525.7
1236.71
2954.61
2869.33
2182.65
2254.65
1523.99
1331.89
2231.21
2415.27
2634.43
1866.02
2881.22
2956.56
3449.57
3361.43
1655.41
2034.52
2804.51
2934.86
1990.12
2820.72
1304.89
2479.99
2390.35
4129.64
3872.59
2833.95
2146.08
3367.73
1732.91
2458.22
3638.64
2402.05
2448.85
3038.76
2424.54
2443.5
4076.02
3532.22
2715.31
2206.95
2618.24
2681.03
1536.34
1842.44
2703.31
1577.72
4582.15
4011.04
2078.86
2607
2295.97
3011.73
2550.88
3859.83
5148.62
1442.72
1465.11
6861.22
2464.78
3319
6325.04
2845.42
2187.14
2554.75
4069.55
3397.2
2159.18
1682.09
2774.88
2541.53
2283.15
2875.53
2321.03
2176.81
2541.08
4571.78
1753.31
2601.69
1629.24
3125.7
2044.17
3512.69
3178.97
1643.59
2773.72
2762.23
5747.7
3418.39
3337.73
4090.98
3642.82
2199.63
2643.52
2646.89
2895.63
2201.02
1954.77
1968.57
1692.85
2886.46
3052.53
3227.31
2151.56
8345.73
1989.86
2263.03
2601.19
1606.93
2882.8
2843.39
2058.17
1997.15
3888.66
2286.2
3170.14
3156.13
2469.93
3410.27
3435
2861.34
2916.66
2012.24
4284.43
1781.85
4107.77
2206.84
5022.04
2369.59
2907.48
2836.2
2558.01
1751.41
7378.57
2277.67
1791.44
3398.85
2102.11
3680.58
3034.61
2315.65
2425.29
2490.21
2477.51
2550.07
1442.8
2329.89
1895.04
2155.13
1559.12
1847.3
2824.63
1573.04
1782.48
2153.75
2175.65
2936.97
5258.63
2301.33
2331.81
1702.64
3140.5
3767.79
1964
3027.21
2587.29
2085.04
6780.34
2175.32
2504.93
2641.44
6063.18
1731.71
4173.9
2268.94
3507.73
2784.26
2504.19
1904.78
2120.48
2619.66
2599.03
3276.82
2556.05
2192.67
1678.08
2099.57
1755.6
8512.4
2524.47
2904.28
2223.09
2966.46
4487.7
2026.78
3158.91
1763.12
4443.64
2867.55
4585.28
1835.15
2337.51
2264.24
2477.51
2668.95
2447.6
2332.96
1520.96
2580.14
5114.73
4195.4
2197.91
2077.43
2492.13
2347.1
1636.77
1587.23
2137.01
2259.86
2900.86
2650.75
2514.38
2368.25
2067.15
2285.7
1186.16
4758.79
3991.4
1461.46
2005.38
2668.8
1816.56
2092.54
2608.28
4026.83
1608.38
2308.99
2791.48
2505.43
4271.78
2924.2
2120.49
2572.82
1613.83
2208.94
2897.59
3939.94
2839.94
2703.75
2488.93
1938.96
3854.47
1972.47
1718.69
2710.42
1451.76
3819.47
3109.97
1877.04
2304.19
2092.72
2553.34
5016.87
1936.55
2611.63
2877.58
7122.45
2179.02
5498.56
1975.25
2569.67
2182.86
2336.62
1364.88
3096.17
3247.95
1695.2
4514.96
3138.14
2121.71
4770.8
2168.27
3345.18
2232.64
2625.87
1926.3
2463.35
4594.44
2304.91
1610.47
1390.14
2271.13
2280.85
3183.12
3539.6
2733.81
2263.81
2876.78
2948.35
2047.38
1876.56
3853.41
2585.54
2953.92
2275.86
4846.36
2109.08
3634.43
2256.54
2095.11
2705.93
2327.44
2333.65
1683.93
3584.08
2387.43
1933
1717.24
3319.51
1864.92
1927.78
2248.14
2359.6
5462.2
2397.57
2298.12
2783.64
1981.11
1601.62
2727.37
1504.91
2429
2428.7
1981.64
1818.93
1796.03
2170.13
2341.63
3061.22
3244.45
1706.23
2113.28
2511.66
1595.75
3049.57
2417.65
3261.83
2662.47
1859.33
2690.01
5334.38
4208.58
2106.38
1697.22
2077.7
2386.99
1984.47
3313.52
1389.51
2819.55
3764.27
2567.11
2336.35
4626.86
2806.35
2822.26
1662.92
1937.06
1850.76
2012.78
3782.05
2499.37
3798.11
2216.01
1953.67
1823.99
2453.55
3791.01
2801.07
3005.55
4175.32
4090.17
2575.03
2614.04
2568.47
2527.94
2636.24
1416.89
2911.28
4409.84
2269.2
2082.69
4297.88
1590.37
2202.44
2413.85
2026.24
2650.04
3012.62
2188.36
3830.76
3638.12
2489.65
1869.03
2136.03
1644.07
2306.93
2323.27
1603
1692.3
2906.42
2084.31
5136.18
1957.53
3934.22
2712.79
1785.4
8690.94
2023.05
2008.22
2003.02
4208.2
2122.03
2219.05
3014.25
1837.02
1574.68
2289.04
2850.96
2157.75
2894.07
2102.53
2417.96
2036.79
2026.63
2178.79
4729.05
2416.65
4737.59
2228.02
1470
2237.45
3281.13
4532.12
2614.25
2278.07
4223.13
2436.56
2423.79
3900.84
2691.6
5111.75
2076.42
2341.02
1762.09
1683.21
3643.17
1683.62
1924.97
5020.88
2214.72
1881.8
1506.93
3290.85
1514.8
1534.89
3023.03
3670.03
2039.45
4348.78
1594.91
2912.61
2064.85
5420.28
1876.16
1931.5
1766.67
2527.24
1850.95
2703.25
5667.51
3151.21
3472.8
2889.3
5082.65
3043.35
2119.39
1542.95
2557.71
2337.05
2470.04
1920.83
2067.67
1524.36
1954.93
5023.03
2983.99
3372.77
3098.38
2691.25
2438.81
3053.96
1439.8
1763.8
1847.16
3019.7
2498.61
2906.89
2211.16
2157.49
1734.79
2663.06
2204.19
4279.94
4189.06
2636.81
4930.36
1786.65
2589.27
3352.28
7034.76
2757.95
5826.05
2931.49
2140.47
2605.2
2766.94
2010.13
2125.46
3855.85
1784.63
2678.3
2878.67
3072.54
2585.34
4481.68
1880.74
3555.92
2802.12
3313.38
2536.77
4463.17
2197.51
1961.48
3224.49
2995.4
3735.08
3430.54
2016.51
2287.43
7937.23
3412.31
3122.44
2466.46
2784.3
3561.42
2938.55
2443.99
3891.91
1796.08
2050.29
3942.78
3593.26
2248.52
1572
2014.06
2059.45
1583.27
1818.6
2216.68
1565.17
2673.18
4472.26
2817.03
2215.93
4520.37
2097.41
1718.15
2387.46
1922.28
1860.31
2260.77
3109.47
2272.72
2099.8
2425.43
3498.73
2384.81
2176.17
1770.35
3124.18
2048.75
2318.04
4494.48
2365.34
1528.77
2382.98
3451.81
2610.33
1970.25
2008.23
1781.78
1856.75
5447.4
2994.32
3377.98
5559.35
3165.85
2530.74
3397.32
1710.71
1437.61
2400.48
3298.59
6251.1
1873.17
2123.83
3750.67
3605.28
2157.36
2300.64
2938.18
1748.35
2792.16
2166.73
2303.49
2152.54
2363.29
6234.63
4100.57
7084.59
2614.23
3016.82
3115.9
2735.76
2703.93
1432.83
3856.68
2096.32
4816.87
2555.17
11610.4
2055.73
3941.92
2776.72
2885.21
2456.1
2565.81
3360.92
2025.48
3173.57
2208.28
1830.29
2285.29
2822.66
3145.93
2346.37
2041.67
2339.43
1771.75
3695.27
1684.42
1766.37
2099.34
2871.36
2989.8
2057.05
2908.22
9032.97
2574.17
2906.83
2273.13
2087.14
4215.18
2080.8
1633.59
3242.37
2127.28
2727.98
1999.87
2040.61
3785.87
1869.5
6421.07
2001.09
2661.27
2637.6
2975.44
2300.18
2348.99
2310.31
2048.43
1812.1
2887.95
2674.33
7681.37
1293.74
3620.04
2325.14
2825.18
3526.29
2607.59
1312.31
3549.54
2088.64
3004.04
3751.85
3890.72
5103.16
2952.29
4515.02
1562.35
2111.35
3240.99
4503.63
2846.34
1870.87
1828.91
2492.36
3122.38
7505.75
1651.41
3375.61
2096.29
2174.39
3553.21
2443.5
1698.52
2041.76
3477.28
1993.09
1909.76
2222.92
2558.94
2298.8
2242.15
4791.36
1863.34
3389.89
2644.11
2477.19
2293.58
2289.07
2232.94
2047.71
2615.47
1790.62
1598.82
3053.49
3472.59
1836.27
2531.45
2352.34
1921.78
1234.04
2899.93
2308.03
3560.77
1478.95
2496.34
1997.44
2742.81
1876.7
1868.91
2804.8
2233.39
1946.86
3408.43
2243.13
2952.58
2534.84
4124.5
3444.35
2648.34
5922.67
2992.39
2615.99
1666.11
7191.23
3071.41
2551.89
2750.09
3263.95
2502.16
2590.42
3481.91
3208.02
5314.01
2763.97
2535.9
1996.51
4461.8
1883.44
1716.02
3508.65
1851
2052.24
1294.64
1847.16
1963.01
2111.91
3280.43
2368.33
2452.67
2906.62
3056.34
4613.01
2022.34
1614.04
1752.14
3117.09
3055.45
4090
2340.16
1888.71
2312.64
3302.32
2362.57
4612
1880.22
2232
2032.82
1895.89
3500.93
2074.02
2241.07
3753.22
1526.63
2786.5
2138.74
3139.47
1615.93
3350.76
3167.37
2399.06
2036.91
3727.7
2789.46
2115.58
2003.62
6595.25
3852.77
1671.15
2495.75
2238.32
2822.04
3020.71
2639.45
1928.75
4575.25
1420.88
2261.21
2301.69
2280.92
2080.66
2135.75
3392.4
1607.77
9049.55
1926.86
2720.3
2415.97
1842.71
5426.27
1926.56
2265.85
3825.33
4134.46
3129.97
1969.06
2735.41
3817.06
1749.47
3961.67
2840.63
2124.83
5469.99
4671.4
3223.84
1590.82
3084.27
3032.76
2695.94
4650.84
1729.24
2867.92
7609.95
3949.39
2673.78
1763.64
1944.95
3823.45
1508.63
3269.78
2441.83
1919.65
2389.98
2714.81
3719.32
3419.93
2670.7
1614.36
1818.94
1816.02
2264.25
2029.26
2038.64
1860.76
2648.78
4165.64
2317.32
1934.48
1899.56
1959.22
1577.55
1785.84
3215.49
1919.77
4041.74
1791.36
1920.14
1563.96
1642.73
1807.36
2228.46
2287.45
3536.98
2676.44
2542.55
2934.56
1834.31
2944.63
2436.23
1467.87
3828.17
3593.94
1994.28
2610.5
2300.75
4889.44
1483.7
3899.99
2981.64
2542.3
1582.87
1674.7
4313.15
2352.05
2727.22
1627.71
3059.52
2250.4
3356.54
2406.86
1913.32
2736.76
2156.85
1485.33
3647.67
2272.82
2610.62
3447.63
2618.21
3516.15
3668.22
3484.3
1977.36
1831.5
3539.21
2630.85
3780.1
2933.59
2144.86
3527.82
5674.02
3285.06
2705.83
2925.27
1816.79
2959.2
1803.36
1663.86
2431.29
2816.16
3442.36
1927.08
1850.56
1656.42
4887.31
1817.03
4332.17
2689.74
3214.6
2670.98
2538.76
3008.28
6569.18
1993.26
4502.76
1790.01
2117.31
1745.1
2110.41
2171.99
4472.43
1872.83
2454.99
2829.82
1916.35
1779.42
2878.6
2253.34
5777.85
2498.43
2491.85
2366.53
1926.15
2002.34
2418.11
3635.47
2495.89
2487.03
2224.85
2697.75
2416.06
4776.08
2816.3
3565.97
2977.08
2597.41
1850.23
3956.71
5740.84
1751.94
2140.68
2414.7
1639.77
1881.28
2097.23
2610.93
4004.58
2182.88
1499.76
1905.54
2460.29
2450.25
2530.98
1850.96
2355.53
5699.66
2818
2485.29
1424.24
2654.25
2632.35
3621.52
1667.21
1945.05
2117.09
2022.18
2609.81
2927.76
1915.73
1387.77
3107.63
3384.19
2730.35
2311.21
4278.55
2507.69
2216.3
1367.43
2232.38
2283.78
2606.9
5244.86
1800.96
3063.64
3016.43
2152.72
1254.91
2643.36
2323.77
3138.87
2401.75
2006.37
3639.53
2443.53
1992.06
3122.14
2746.2
1863.97
8830.32
2252.93
3484.33
3226.62
2103.9
9004.18
1987.69
1578.92
2380.42
2287.78
2553.86
1761.64
3565.75
2182.55
3747.38
3137.38
2819.47
5470.95
3045.26
2664.76
2654.48
2967.16
1674.84
3605.62
2852.03
1945.96
1506.44
2565.37
2034.71
2064.67
3473.43
1270.95
1840.04
2348.21
1694.23
6615.78
2507.84
2469.68
3263.44
2107.57
2166.84
2534.58
3787.45
2781.31
1605.86
1719.5
3408.61
2657.35
2369.75
4824.06
2800.49
5152.69
2602.28
1711.3
2711.26
2841.62
2329.99
1971.08
2763.1
1911.58
2800.73
1734.49
3196.02
4023.76
2203.78
2030.68
3586.91
1748.81
2974.42
1909.37
2229.58
2987.09
3247.22
2793.86
5082.98
2111.82
2813.07
3586.79
4406.35
4735.05
