2986.76
1858.34
2266.99
1835.63
2869.41
1843.74
3072.87
1535.77
3036.75
1481.83
1861.03
2753.16
1893.16
2435.06
1537.29
2074.84
1393.02
1875.61
1451.48
2541.31
1434.11
1049.62
1198.32
1428.17
1718.87
1538.44
1996.68
2476.47
2590.96
1786.96
1583.98
2084.77
1697.26
1912.18
1629.99
1629.88
2456.57
1670.16
2272.54
2250.23
1977.14
1491.22
4189.72
1859.63
2193.25
2323.23
1572.68
1413.87
2049.09
1373.06
2993.89
1126.41
3550.3
1718.49
2881.47
1192.31
2314.64
2422.77
2092.62
1968.12
1754.79
1159.19
1296.76
1455.91
3235.44
2526.3
1346.05
1146.09
2818.77
2777.49
1537.94
1995.3
2261.2
1610.99
1836.35
1229.63
1219.6
1352.46
1712.53
2036.54
1781.76
2655.81
1731.45
1191.23
1637.1
2081.52
1521.01
1481.58
2063.66
1443.91
6053.24
1775.36
2541.69
1746.78
1449.78
1534.56
1871.34
1534.18
1478.64
1665.5
1881
3238.74
2131.42
1168.3
1788.37
1171.5
1415.26
2643.41
1385.13
1858.35
1579.56
1744.39
1370.18
1633.58
2208.46
1815.04
1566.42
1601.74
1814.42
1496.26
1418.03
4927.2
1902.21
1734.13
1907.13
2213.61
2719.91
1622.49
3039.39
1945.61
1590.72
1657.1
2004.47
1254.08
4542.35
1664.25
1434.87
1819.39
1393.57
1675.84
1993.51
2191.51
1346.76
2607.48
1592.46
4970.6
1321.88
1998.19
3815.4
1768
1315.57
2147.96
1178.74
1186.48
1710.51
3298.4
1423.59
1241.71
1373.64
1488.99
2089.89
1678.99
2631.8
1384.57
2167.12
3901.64
1861.74
2034.73
2035.45
2952.64
1687.6
1411.56
1036.98
1852.57
1386.17
1678.53
2310.79
1331.02
2714.06
1480.56
1843.26
1964.23
2174.75
3866.73
1346.65
1570.84
1769.15
1667.03
2440.2
1902.96
1421.54
2616.51
1435.23
1150.64
1288.24
1285.27
1570.65
3222.48
2567.55
2314.39
1609.98
1825.11
1806.82
2620.04
1934.34
1017.22
2435.84
1883
2183.89
1863.62
1261.91
2034.38
2182.19
1202.29
1313.14
1868
1404.37
2509.23
1480.85
1430.72
1409.21
1245.87
2787.6
1154.43
1412.2
1612.36
1845.06
1844.43
1949.24
1604.43
3229.85
1065.19
2235.36
1307.84
1459.85
2804.69
1446.15
1330.38
1143.7
1109.77
2340.29
1310.65
1787.3
1863.08
1184.78
1640.14
1990.73
1296.28
2541.14
1474.59
1088.84
1225.38
2015.6
1668.1
2023.83
3749.89
1620.19
1540.53
2613.69
1057.14
3115.75
2116.21
1753.77
1564.82
1737.44
1141.13
1734.39
1087.2
2664.9
1645.53
1825.59
2959.78
2974.04
1626.53
1645.89
1448.76
1481.86
1113.67
2152.6
1413.96
2001.33
1753.57
2290.97
1193.49
2365.29
2047.64
2265.89
1509.16
1490.49
2079.15
3471.6
2218.9
2129.05
3000.21
1371.22
1488.58
1671.12
1553.44
1975.53
2781.52
1918.65
1149.23
2379.16
1794.84
1646.36
2903.93
2153.53
1530.72
3208.51
1173.75
1687.66
1557.83
2065.56
1876.15
2413.16
1842.82
2098.41
1268.42
1963.08
1432.04
1264.5
1222.07
1481.47
1778.48
1309.02
1586
1167.28
1421.56
1565.54
1126.66
2160.21
2697.95
1230.46
2356.54
2268.97
1877.68
1621.58
1637.71
2141.38
1409.24
2931.19
1570.16
1335.97
1721.33
1650.04
1525.02
2028.16
1473.64
1561.75
1386.06
1548.21
2236.28
1197.16
1069.16
2948.59
7220.66
2049.4
1437.16
4658.58
2097.75
2047.74
1543.54
1953.31
1993.78
2975.99
1779.53
2345.92
1037.33
1548.94
2989.61
2227.97
2013.74
1513.23
1250.34
1890.52
2503.18
2367.25
4015.79
1997.8
1861.33
2383.19
1188.31
1412.86
2288.01
1229.85
2007.77
2119.45
1296.53
1545.69
1449.26
2881.3
1159.47
1213.84
2192.78
2749.34
1319.2
1334.07
1868.08
1769.89
1794.3
2258.91
1679.12
3151.14
2447.5
1702.12
1533
2944.32
2117.57
3170.6
1984.95
1762.07
2515.18
2548.49
1890.98
1893.71
2305.28
2540.78
1923.76
5050.72
1322.35
1561.57
2262.83
2413.61
1430.66
2473.12
1374.47
1920.82
4031.56
6924.03
1690.81
1236.84
1729.84
1570.53
2294.63
1072.6
2099.07
1212.08
1888.44
2353.89
2196.57
2386.85
1657.95
2329.29
2784.23
1497.3
1421.03
2981.72
2316.73
1660.12
3364.45
1436.29
2259.02
1763.94
1563.89
1529.73
1506.72
1912.89
2788.19
1375.07
1101.77
1150.83
1392.79
1677.81
1961.93
1278.23
2382.17
4853.78
2262.76
1959.37
2389.03
3826.06
3288.25
1295.06
1124.41
3440.13
2311.51
1848.83
2504.29
5410.51
1788.32
2540.85
1497.87
2267.52
1331
1700.32
1476.23
1463.97
1719.48
11215.5
2562.53
1049.89
1451.28
1983.62
1922.32
2096.96
1593.11
3667.42
2800.57
1938.69
1872.28
1253.55
1598.71
1471.62
1601.58
1355.24
3030.12
2506.92
1305.82
1970.36
2527.84
4369.96
1806.89
2474.86
1226.21
2264.55
1496.68
1363.2
2838.27
2772.78
1392.32
3714.33
1359.14
3156.39
1841.13
7100.56
2243.79
2526.35
1236.78
1539.45
1380.18
2252.44
3061.93
2118.66
2404.14
1307.46
1315.68
2775.29
2553.28
1430.78
1945.53
2778.07
2300.61
1718.28
2830.4
1551.54
1515.56
2138.24
1648.1
1140.42
1605.1
1379.53
1863.09
1724.27
2649.05
2261.6
4565.7
1655.33
1323.94
2116.99
1335.75
1441.87
2245.59
2392.68
1607.39
2108.23
1625.55
1521.36
1746.18
1650.82
1883.86
2067.09
2217.1
2157.55
1448.73
1587.73
1932.2
1601.72
1389.63
1767.88
1565.94
1566.13
1300.5
1732.64
1852.39
3078.81
1556.93
3700.13
1447.59
1817.46
1139.93
1215.93
1185.6
1548.57
1858.37
1702.71
3039
3227.43
3498.37
1427.03
2166.99
2933.54
1528.61
4049.71
1941.34
1827.84
1704.99
2109.82
1107.78
1651.84
2556.28
1466.35
1686.33
1942.55
1795.4
1304.23
1382.25
2027.95
1592.43
3375.46
1577.46
2779.65
4520.14
1789.23
1301.16
2615.72
2303.78
1766.71
2907.16
2601.73
1672.62
1415.6
1763.37
1816.96
1451.12
1453.33
1288.12
2038.77
1347.1
1146.82
974.431
1835.91
1479.4
3479.91
3756.28
1352.4
1442.73
1490.91
1551.38
1110.11
3702.07
3184.7
2514.7
1738.1
2202.81
3139.53
2025.96
1484.45
2598.15
1726.65
2652.94
1304.6
3424.72
1805.73
1748.65
1767.15
1745.52
1494.03
1664.65
2445.12
1246.13
3234.62
1565.2
2443.14
1555.57
1879.2
1422.63
2463.49
2243.36
1789.22
2740.23
1290.83
2640.15
2759.16
1092.5
1927.2
4248.31
1261.24
2895.15
1332.53
1472.24
1450.49
1983.03
1486.84
1522.63
2110.1
1623.8
980.505
2367.54
1724.51
1829.65
2362.59
1746.92
1790.52
1704.43
1865.21
2175.67
1690.41
3388.48
1689.97
3264.53
2214.3
1566.98
2099.95
2118.96
2227.07
2783.27
2682.41
2010.59
2485.29
1531.46
1929.2
1655.42
1797.24
4717.22
1444.09
1780.59
1369.19
2079.26
1815.15
1322.48
2293.6
3554.09
2521.46
1961.63
1937.56
1042.22
2255.62
2054.15
2141.56
1982.56
1513.66
1863.91
2288.3
2127.32
3476.59
3261.29
1330.16
1863.67
1433.16
1912.91
3152.01
1947.89
1698.13
1494.39
1857.54
1694.58
1579.16
958.466
2326.18
1935.61
1646.8
1686.76
3678.76
2538.78
1905.11
2702.37
1210.17
1844.6
1257.67
2742.99
1632.2
1506.69
2050.99
2623.69
2068.6
4668.95
1355.51
2426.33
1193.74
2749.97
1361.6
967.125
1341.39
1439.53
1485.98
2640.6
4300.62
2113.48
2170.98
2262.35
1330.76
1829.79
1808.94
5041.96
1500.16
2456.68
1390.48
1189.92
1740.33
1776.02
2817.3
1817.65
1661.99
2764.29
1826
1165.54
5509.59
1279.49
2350.86
1185.69
2103.13
1276.82
1376.19
1516.17
1289.42
1322.4
5326.88
2874.07
1652.64
1932.82
1921.87
1479.93
1291.97
1579
2798.72
1416.93
5970.28
2710.62
2686.92
2306.57
2676.8
1329.12
2551.35
1573.59
1436.23
2275.7
1641.07
1672.19
1853.21
1399.12
2161.06
1609.57
2792.3
1488.3
2626.82
1632.95
4204.86
1683.7
1791.08
1475.64
1625.18
2218.63
1957.71
1688.94
1377.14
1459.12
2207.66
1889.05
2019.93
1812.63
2654.74
1678.76
2681.87
2069.69
4204.3
3015.2
3543.89
1468.15
1769.24
3032.95
3322.21
1650.65
2071.39
2346.34
1989.24
2459.67
1318.91
2505.3
1487.68
1116.31
1165.33
2613.03
1550.14
3582.49
1613.54
2586.37
1400.84
1376.83
1554.26
1631.14
1387.15
2092.68
1202.18
1664.93
2014.85
1720.49
3836.69
1297.05
2687.17
1715.34
2238.42
2368.18
1481.7
1683.12
1237.21
1816.36
1186.13
1168.44
1252.45
1757.22
3179.73
2245.48
1868.03
1949.82
1356.04
2365.77
1531.35
3521.48
1960.69
1758.89
1640.03
1624.26
1459.53
1988.93
1231.41
1387.38
1441.5
1944.6
2781.22
3214.08
1857.11
2876.16
1589.7
1731.01
1216.86
2307.68
1444.22
2613.25
1862.85
1561.99
2620.96
1692.15
2070.17
2855.02
2117.78
1397.67
1933.41
1566.04
1545.21
2823.39
2288.55
1601.69
2506.61
1884.56
1748.08
1441.25
1183.77
1334.42
2590.44
1240.11
2095.49
4167.33
1660.04
1357.3
1980.46
2664.34
1344.7
1431.11
1345.06
1407.51
1549.79
1332.12
1967.33
2000.77
1909.45
1429.4
1729.9
1708.15
3190.08
1933.32
3800.22
4381.35
1919.92
1992.98
1374.19
1383.89
2214.65
2901
1979.75
5230.04
1578.6
1670.29
2836.01
2264.54
6874.04
1006.48
1398.75
2098.5
2989.98
3490.97
2157.15
2202.75
1465.9
1572.82
1680.04
1761.93
1487.23
1537.66
1684.67
2256.25
1912.98
1906.42
2638.34
1559.68
1619.27
2901.64
2895.31
1163.58
2089.79
2459.95
1857.85
2387.47
2183.48
1219.73
2705.92
2298.7
1567.78
1533.19
2088.61
2118.99
2048.88
2125.69
2344.85
1602.4
1425.09
2340.46
1330.44
1908.36
2678.12
2285.15
1187.04
1896.58
1217.5
2972.46
1874.4
1604.35
2209.18
1432.79
1956.37
2395.28
1572.32
1947.91
1421.22
1402.29
1322.37
2082.21
1781.7
1627.3
1897.98
1580.03
2569.76
2452.55
1301.1
1038.07
1799.43
1775.79
1179.89
2030.06
2219.76
2000.55
1931.5
1288.81
2563.02
5367.98
1367.21
1847.44
2177.55
2368.73
2331.79
1344.69
1782.33
1826.82
1682.37
1808.46
1883.91
2291.6
1691.05
1812.04
2817.64
1716.48
1745.33
1569.79
1401.73
1907.3
2324.65
1363.35
1642.66
1217.15
1458.71
1913.85
5065.41
1301.15
1048.28
2266.55
1963.16
1940.37
2205.23
1607.5
1723.77
1491.87
2318.74
1324.07
2245.61
1214.14
1230.99
2239.63
1943.76
1717.33
1334.63
1726.46
1959.21
2548.83
1274.75
1752.75
1935.93
1398.36
1043.12
2458.75
1436.83
1259.6
1696.75
1273.64
1445.25
1557.1
1091.12
2249.69
1516.6
2811.11
1743.78
3058.15
1351.53
1608.72
1659.3
3337.05
2952.45
2790.88
2128.32
1440.75
1187.15
1510.96
1331.49
1460.74
4144.18
2697.68
1722.54
1993.87
1367.46
1518.51
2563.91
1424
1975.42
1723.61
2363.08
4084.81
1559.02
2437.19
2757
1561.06
1323.43
1583.01
1529.13
1458.99
3400.44
1995.78
1416.97
2304.26
1499.81
2439.55
2358.42
984.756
3494.46
2335.53
1171.98
1254.5
1593
1584.25
3686.87
1286.39
1900.35
1889.72
1375.11
2513.87
1378.24
1622.8
1332.14
2684.9
2582.52
2007.83
1614.25
1353.55
1700.48
1322.58
2086.89
3390.39
2371.12
1932.24
3189.82
2497.81
3014.08
1743.67
1183.41
2293.08
2173.91
1485.9
2079.59
3125.83
1814.84
1615.94
2122.94
1788.3
1214.1
1987.48
1180.04
1757.33
3209.6
1063.48
1618.24
2787.52
5638.97
1944.98
3111.59
1862.55
4528.04
1759.58
1714.52
1610.66
1891.13
3362.84
1790.62
1522.31
1265.01
2437.87
1569.11
2187.39
1786.3
2068.75
3623.88
2207.3
1768.48
2779.11
2089.9
2089.4
1055.98
1945.22
2135.27
1916.08
2633.6
2170.05
1414.22
1711.87
1923.54
1543.62
1264.62
1772.29
1958.18
2588.25
3165.61
1597.37
1839.96
1841.44
1855.75
2646.61
2793.72
2360.24
1107.42
1334.49
1538.95
3788.49
2839.17
2023.66
1721.54
2049.64
1721.32
2491.99
1263.89
2398.48
2255.62
1905.78
1701.31
2864.68
1311.51
2206.9
1477.4
1617.12
1502.06
2701.48
1884.65
1527.11
2637.84
1430.79
1033.14
3134.33
2396.45
1841.09
1369.99
3087.85
2110.12
1412.01
3039.56
1050.71
1221.38
1175.67
1612.26
1429.55
1354.46
1658.84
1173.75
1786.96
1333.52
1692.31
2035.73
1183.66
1939.2
1661.01
1491.34
1398.22
1614.25
4574.31
1733.28
2125.4
2314.29
1430.96
1628.92
1948.34
1632.49
1741.41
1560.65
1836.43
1329.74
1620.62
1712.09
2219.73
4131.48
2107.03
1565.11
1986
2207.67
1524.5
1275.59
1171.98
1391.65
2020.27
2746.27
2326.32
7693.36
4780.54
2105.44
2185.46
1451
1275.76
1193.94
2546.53
1361.12
2204.91
3289.8
1778.06
3486.17
1697.46
1898.38
1305.28
1443.42
2708.48
2007.7
2495.72
1826.52
2130.21
2199.61
2286.34
1588.31
1389.85
2213.49
1586.57
2244.36
1463.43
2000.66
1426.53
1323.95
1543.43
1688.27
1836.1
1629.39
2701.31
1975.32
2558.66
1714.67
1999.92
1313.32
2770.88
2023.93
1918.43
1319.08
2032.2
7232.04
1558.64
3110.91
1873.17
1576.51
1484.5
2009.23
1196.6
1447.53
1602.09
2793.27
1730.66
1772.06
4137.42
2659.65
2920.61
1909.56
1253.57
1411.98
1201.13
1417.9
1043.64
1324
2296.02
1233.02
1630.12
1212.99
2584.67
1873.11
1535.15
2109.6
1193.29
1514.89
2081.43
1428.45
2103.43
1512.22
2300.8
1608.96
1186.43
3280.18
1211.59
1246.29
2261.37
5193.49
1575.72
2278.22
1609.44
1521.14
3921.16
2856.35
2928.24
1865.48
1633.71
2305.4
3230.2
1562.66
1613.2
2026.6
3078.69
2535.21
1722.82
1000.03
2399.38
1563.16
2377.21
2250.4
1564.45
1925.68
4141.33
2153.19
1435.19
2394.6
2703.02
3043.81
1256.75
1539.39
1403.55
3618.49
1389.13
1686.01
1468.47
1923.94
1832.66
1546.21
2649.51
1593.61
1966.62
1664.46
1814.64
2376.77
4266.73
1462.19
2330.51
2068.69
1553.55
2496.22
1589.56
2874.33
2954.54
2605.85
1620.31
2446.02
2868.8
1287.27
1875
4013.19
1397.56
1595.53
1776
2017.02
2069.28
2078.28
3278.21
2184.04
2271.57
1437.76
1194.42
2403.33
1639.91
1480.68
3295.67
1630.59
2570.63
1791.37
1609.35
2765.65
1724.62
1702.7
1792.85
1412.32
3073.64
2285.94
2171.75
1719.02
7268.77
5395.89
2256.16
2704.35
2883.4
2212.9
2246.77
1394.23
3488.11
1509.08
1180.25
2319.63
1644.67
1828.81
1686.84
1404.68
1164.12
1291.69
1701.8
3919.63
7815.33
2406.64
1852.67
1589.24
1644.56
930.842
1189.78
1544.05
1522.74
1570.94
1796.07
1285.25
2176.57
2147.37
1668.33
1245.34
2436.79
2617.26
1267.91
1954.15
1597.97
1754.85
1494.2
2196.5
2141.52
1582.84
2929.45
1123.64
2104.03
2614.64
2113.5
3470.45
2467.02
2774.1
2318.51
2263.22
2650.44
1077.47
1773
1875.09
3518.53
1925.16
1010.35
1630.45
1870.22
2454.63
2601.26
1850.33
1495.74
2879.28
1408.78
1583.78
1627.89
1266.21
1421.84
3078.51
1643.46
1456.02
2791.02
1352.52
1989.46
2161.42
1779.6
2005.9
1080.85
1972.82
2417.54
2235.72
1847.99
1667.47
1604.78
1375.73
1420.8
1758.96
1653.7
2016.59
2059.23
1792.48
1861.53
1283.39
2783.24
1529.03
2326.13
1703.67
2140
3479.83
2081.09
3283.1
2109.14
1836.64
2181.26
1075.81
2709.06
1548.09
2175.59
1540.57
1508.19
2873.24
2106.68
1890.17
1355.45
1447.64
2502.21
1040.96
1469.1
1792.51
827.68
1560.05
1753.46
1619.97
1393.29
941.465
1208.98
1452.18
3357.57
1401.76
2479.48
1294.32
4515.68
2163.02
2549.67
1591.48
2208.59
1884.31
3689.84
4651.6
8595.07
2110.57
2085.33
1420.12
1425.89
1842.76
1477.68
2318.86
1968.02
1198.9
1405.61
1461.78
1282.34
2156.54
2333.01
2727.25
1526.24
1566.55
1659.52
2175.2
1247.54
1882.59
2788.45
2203.77
1721.07
1870.16
1629.61
1386.21
1850.81
1875.42
1344.11
1686.7
1283.4
1503.85
2335.12
2017.66
1679.21
1960.66
1431.7
1330.14
1542.54
2234.71
1777.86
3123.16
3087.98
1380.45
1120.98
1923.36
3687.6
2429.88
2302.53
2615.77
1606.7
1774.01
1922.17
1556.55
1460.07
1556.17
1329.26
2324.26
6433.35
3301.78
1432.12
3235.12
2160.98
1295.64
1589.35
1498.17
3432.37
2162.7
1555.8
2432.45
1651.8
1756.31
2158.86
2033.73
1036.99
1681.8
1833.83
1982.04
1289.77
1669.85
1438.09
1177.51
3334.55
2846.13
1655.09
2783.74
2465.69
1529.07
3228.44
1266.56
1889.04
1071.7
1355.26
1384.55
1551.69
1225.09
984.616
1332.02
1466.53
1367.03
1501.65
3165.42
2173.1
1081.02
2091.15
3507.31
2688.01
2330.56
1372.35
4919.64
1951.52
2499.4
1670.31
2725.55
1367.87
1851.65
1225.09
1628.44
3219.61
2052.74
2083.35
1531.4
1460.95
2681.07
1902.88
1524.78
1751.47
2366.19
2106.39
1684.12
1395.6
2193.71
1766.47
1961.11
1637.63
1782.05
2390.76
1751.5
4355.5
3017.86
2732.1
1495.68
1638.75
2079.8
1537.54
1188.49
1549.73
5385.7
2098.62
1870.02
1406.63
2171.41
1922.66
1749.52
2076.48
2439.94
1544.42
1428.28
2416.72
3173.26
3242.39
1413.82
2325.48
2064.3
2025.03
6128
2330.35
1310.51
1880.83
2451.74
2682.21
3366.9
1363.61
1242.72
1637.15
2324
2084.1
1067.65
1639.75
1669.05
2224.57
2227.24
1769.13
3043.56
2335.81
1391.11
1865.61
1654.55
3396.44
1372.66
985.57
1524.4
1639.84
1361.71
1566.12
2450.31
1852.7
1660.04
1226.06
2024.76
1968.42
2651.33
1744.06
3425.65
1335.02
1362.57
1205.43
4295.54
2012.49
1353.09
1200.89
2057.65
1842.22
1483.22
1767.07
1243.81
2274.58
1628.05
1312.03
1964.88
2483.44
1341.7
2055.15
1818.02
4024.14
1345.73
2216.02
5173.04
3504.1
2247.63
2002.98
3287.83
1101.3
1364.49
1775.23
1346.76
1037.08
1335.54
1432.37
1227.1
1063.62
1131.15
1727.24
1526.57
2397.13
1345.52
2263.97
1636.13
1742.7
1750.6
1295.53
1289.02
1095.05
1360.43
2433.67
1893.52
7746.94
2294.42
1447.52
1923.13
2549.68
2452.7
1848.36
1749.77
2117.93
1781.35
2585.94
1782.23
1338.89
1635.25
1434.35
1718.01
1371.9
4004.1
1525.78
3324.88
2901.71
1661
1035.02
2464.59
1492.74
3344.71
3202.78
1418.87
1940.15
2406.39
1409.31
1573.91
1566.24
1665.86
1585.1
3627.37
1667.91
1810.49
1838.25
1797.54
2659.22
2508.82
1430.64
2450.72
2256.59
2021.03
1618.26
1198.73
1923.01
2576.45
2892.62
2003.46
2427.66
2301.59
1583.26
2795.16
1410.93
1908.22
2692.94
1733.6
1473.38
1502.37
1417.2
1164.11
4180.51
2435.92
2883.57
1527.57
8377.36
5117.01
2334.63
2254.59
1383.36
2973.62
1837.33
3812.21
1579
2462.3
1828.57
1991.48
2857.83
3635.22
1955.18
1347.79
1430.8
1914.76
1709.84
2619.32
1275.08
1500.49
1742.16
1926.8
2065.97
1632.39
3036.83
1571.04
1662.71
3548.89
3026.14
1434.77
8061.2
1769.77
1343.4
8969.3
2553.84
1533.63
2245.04
1780.04
1483.76
1633.27
1704.46
1514.01
1302.06
1743.1
1376.84
1297.79
2695.19
1229.87
1790.25
1198.51
1690.84
1538.66
1518.79
1646.51
4310.74
1539.04
1914.17
2781.03
1970.72
1438.34
3641.36
2415.7
1356.47
1855.67
1625.24
2128.4
2171.23
1779.31
2284.69
1441.4
1244.82
2806.88
1494.16
1339.59
7194.72
1547.66
1621.09
1638
2812.8
2701.66
1661.17
1621.98
1546.6
1656.97
1996.03
1146.57
1594.92
1439.35
1809.29
1608.93
2267.05
2069.68
1230.21
1707.06
1313.37
2540.36
2089.53
1904.69
2047.94
2164.5
6659.38
1590.98
1584.6
2703.38
1671.84
1397.06
4375.59
1133.89
1533.18
1396.82
1301.07
4198.53
2512.22
2239.43
1606.25
3004.12
2832.9
1360.81
2040.1
1330.97
2726.09
2290.94
1324.32
3116.51
1200.67
2724.94
4996.2
1274.02
2050.53
1446.18
3404.34
1809.79
1092.36
2012.13
2200.97
1619.23
3224.8
991.18
4144.12
1771.77
1782.93
3652.44
1408.33
3198.73
2274.49
964.889
1750.76
1958.69
1548.69
2851.79
1711.25
1539.96
2161.12
1839.64
1992.34
2438.11
2176.43
1445.86
1228.64
1738.48
1486.05
1498.57
3621
1658.54
1376.63
972.675
2581.02
1735.54
1585.41
1545.57
3064.08
1309.21
3049.22
1511.68
3438.63
1695.49
2297.44
1665.47
3684.19
1303.66
1756.15
2563.33
1452.18
2615.28
1479.22
1511.26
2094.33
1570.53
2310.32
1678.41
1450.05
1621.1
1548.43
1400.48
1148.51
3996.4
2087.45
2969.64
1509.41
4857.42
3044.3
2045.97
2275.12
4117.2
2078.97
2915.32
1266.31
1951.37
1793.15
4105.76
2171.66
1332.68
1465.07
2817.09
1008.52
2443.49
2099.21
1843.43
2475.07
2682.63
1949.37
1708.65
1507.21
3160.31
1313.32
3306.66
2223.16
1726.2
1304.44
1501.36
2415.08
1794.26
1456.22
3496.07
1735.42
1825.55
3708.52
3366.97
2003.23
1943.57
2985.85
5255.61
2775.43
1615.14
1476.93
1900.77
2217.17
2931.22
2056.71
1399.55
1269.13
1430.98
1289.97
4122.93
1281
1703.86
1327.68
1166.33
2226.81
1365.54
1982.98
2196.17
1553.35
1094.51
1889.3
2487.93
1540.88
2205.21
1680.38
1481.82
2068.54
2682.34
1881.03
1426.87
1729.51
2126.93
1488.29
2410.66
1756.71
2446.51
1544.56
1418.31
2481.32
2060.99
1547
1562.37
1414.51
1327.45
969.861
2018.73
1645.53
1625.25
2145.5
2001.42
1222.65
1814.21
2012.75
1369.53
1310.65
2540.14
2513.04
2224.26
1974.77
1524.95
1696.88
1946.13
2342.48
2282.34
3370.59
1276.99
2056.24
2001.68
2036.83
1884.68
2165.93
1719.98
2607.03
1324.4
1765.13
1209.08
1811.55
2080.1
1166.91
2550.49
1467.07
2431.81
1509.97
2084.83
1361.54
1584.69
2147.8
2331.42
1358.96
1972.92
1690.91
1331.62
1703.05
1590.15
1879.55
4073.15
1610.29
1680.82
2252.15
1906.21
1363.71
1332.48
1685.39
2322.82
2512.09
1538.46
2911.26
1634.06
1793.18
1392.95
3821.04
1304.41
2048.92
2243.74
1723.89
2562.9
1743.56
2086.18
2317.33
2250.83
1483.81
2131.93
2376.54
1505.38
1995.2
2293.58
2386.11
3015.75
1343.47
1660.1
1638.04
1440.63
1673.04
1815.09
1727.31
1783.15
1923.02
2083.71
2235.74
2231.27
1321.13
2689.3
1506.31
3392.3
2067.29
3573.71
2168.87
2869.86
2093.6
3404.71
1232
1628.31
1445.83
1280.01
1766.52
1304.19
2199.97
3855.53
1692.42
1430.47
3132.62
2744.51
3177.16
2534.97
2946.44
1794.39
3132.56
2932.91
1220.92
2923.11
1358.25
1969.55
2300.05
3476.97
2374.91
1910.62
2535.42
2506.06
1855.24
1492.41
1118.3
4393.02
2149.58
1676.25
1469.99
1646.56
1748.49
1763.61
1434.4
1916.56
1694.83
1451.59
1591.73
1612.64
2455.56
2350.58
2205.04
1783.17
2033.77
1816.57
1187.46
1749.32
3181.28
3291.08
2661.32
2329.48
1401.7
5271.03
2163.17
2153.53
1936.72
2900.26
1685.13
2833.62
1827.96
2190.25
2609.23
1852.09
1525.77
1995.85
2526.89
1172.96
1638.25
1763.3
2557.31
1135.36
1830.96
1583.22
4114.02
1157.14
1268.66
1987.92
2333.1
1738.23
1822.85
2701.3
2475.96
1231.76
2130.52
1456.68
1608.39
2621.89
1741.5
1858.38
1374.38
1872.85
2050.52
1440.86
1672.46
2232.62
7641.59
1885.81
1505.64
1953.92
3570.07
1824.99
1274.38
1737.57
1599.29
2207.32
1815.42
2229.61
1977.83
1384.42
2123.34
1649.36
2068.87
1668.54
1260.4
2122.57
1337.49
2008.32
2703.22
2615.49
1522.46
1400.05
3161.41
3075.03
1580.44
1545.5
1140.63
1741.47
1180.39
1678.93
2038.71
1095.37
1286.54
2499.33
1293.31
1075.45
1582.83
1458.2
1444.93
1630.22
1734.46
2298.47
1055.69
2439.39
1902.36
1394.13
1797.97
2674.07
2373.37
10339.5
2750.2
1510.2
4164.94
1692.54
1657.61
3401.37
1087.51
1815.51
1770.28
1570.5
1606.97
4589.94
1337.49
2702.38
2740.79
3640.8
1506.81
2278.62
2365.36
1602.52
1703.68
2302.79
4038.36
1944.48
1592.54
2710.36
1209.39
1795.35
3764.96
2045.53
1614.87
1253.39
2413.92
2305.52
2566.09
1648.23
1714.82
1358.48
1764.5
2938.41
1558.78
3614.17
3408.67
1543.6
1047.9
3734.02
1437.77
2719.58
1485.57
1999.23
4715.34
1575.5
3334.12
1216.29
1344.48
1693.62
1661.3
2115.74
1483.68
1531.02
4395.93
2459.38
1927.38
1613.42
1072.87
2437.83
1232.56
1810.19
1709.82
1641.95
2942.38
2177.12
2457.85
2154.63
1487.37
1777.09
1804.55
1767.09
1428.95
1587.18
1963.04
1582.55
1722.85
1329.33
1279.6
2469.18
2953.23
1563.59
1461.4
1701.97
1745.48
1672.84
1415.06
1470.39
3516.03
1599.25
1883.67
1972.95
2286.03
1611.19
2309.48
1310.99
1306.84
1604.32
1347.76
1249.55
1733.41
2187.58
1407.96
1643.43
2610.09
1891.29
1490.13
2187.86
1586.63
1687.63
1827.2
1432.64
1166.96
1123.75
1507.14
1583.29
1405.58
2556.47
1691.35
1258.06
3231.37
1764.1
1057.6
1664.27
1770.15
1821.06
2073.47
1446.05
1410.07
1512.17
1505.09
1442.92
1902.77
1230.65
1881
1660.31
1316.52
3376.61
1702.58
1787.03
1371.84
1937.29
2465.65
2187.58
2153.15
1926.51
1833.9
1959.95
1503.64
2369.47
1715.56
1957.48
1835.92
2026.52
5909.27
2089.14
2349.44
1404.46
1131.53
2378.68
1460.32
1725.11
2605.12
4382.55
2421.55
2207.59
2665.15
1853.54
2094.64
1235.37
4858.06
2138.57
1516.66
1744.03
1155.61
1558.93
1335.61
5491.92
1517.08
2311.57
1754.36
1482.33
1497.75
1579.29
2064.2
4304.54
1511.02
2381.46
1220.21
3281.34
2758.4
1710.68
1661.32
1790.56
2356.88
1649.7
2212.51
1520.02
1424.59
2405.87
1845.15
2006.7
2929.77
2727.44
3307.64
2489.23
1856.06
2739.07
1734.88
2646.72
1714.92
1301.99
3009.76
4348.54
1783.91
1747.62
2864.69
1289.05
3579.41
1183.92
1417.9
1896.81
3642.84
1877.66
1618.92
2941.16
2286.15
1560.22
2055.88
3117.19
1894.12
1902.14
1408.79
2395.09
1517.33
2258.88
1532.83
1967.4
2215.01
2034.22
1513.6
1834.41
1905.02
1882.62
2025.46
1770.33
1379.47
2345.1
1418.39
1423.11
2035.95
1218.23
1768.89
1034.64
1332.74
1360.39
1697.36
2615.85
2456.03
1417.44
1699.26
3019.08
1107.1
2362.37
5163.73
1273.39
1293.81
1451.88
1308.09
3235.12
2301.39
2941.51
1839.19
1301.19
2310.74
1199.66
1257.81
2026.84
1486.99
2093.51
1561.35
1091.56
2423.29
1650.27
1406.07
2478.06
2201.79
1373.01
995.716
2632.01
1110.97
2284.4
1795.37
1369.86
2404.38
1975.4
1751.3
1391.93
1676.33
1572.36
1907.41
1036.55
1619.9
2921.27
2499.8
1284.23
2320.84
1689.41
1657.46
3288.66
1332.59
2257.28
1157.44
1864.69
1256.73
2172.57
1886.57
1269.76
1957.18
2057.12
2734.82
3090.29
2980.01
2112.16
2359.88
1760.23
1719.04
1668.61
1665.18
5656.47
1823.03
2335.5
1499.36
1274.04
1507.78
2224.67
2339.96
1690.19
2456.18
1599.73
1584.35
4284.15
1982.66
4078.36
2730.12
1761.41
2247.37
1513.98
1788.5
3119.59
2532.11
1882.3
1872.28
1626.04
1881.16
2002.75
1218.31
1716.82
1673.28
1964.68
1586.01
1813.47
2275.88
1192.82
1070.22
1750.5
1347.55
1813.01
4830.77
1895.44
2495.62
1544.31
2505.31
1655.7
2409.88
1676.95
1523.34
2104.8
1492.81
3135.13
1399.44
1558.68
3652.66
3076.58
2697.67
1113.84
3638.28
1842.19
2002
3960.94
1429.42
2471.56
1513.71
2960.34
4072.48
951.746
1393.47
8233.42
2439.13
4601.69
1654.59
1586.28
2430
1532.55
1662.79
1088.93
1391
1937.22
1521.01
1183.4
1998.08
1592.08
4385.44
1851.7
1873.34
1201.69
1409.26
1647.53
1437.12
1844.44
1619.59
1792.64
1997.66
1550.4
3092.4
1956.54
2828.99
3343.51
3617.54
2824.15
1732.56
3697.86
1362.27
1448.45
2023.8
3608.64
2001.91
1443.02
2802.51
1904.55
1817.18
1471.33
1497.76
1816.19
1508.66
1692.77
1699.12
897.708
1273.9
1433.38
2189
1559.13
1504.87
2378.06
1368.39
1604.77
2809.76
3047.06
1409.08
3063.76
1920.93
3334.4
2442.9
1985.62
3141.51
1113.93
1209.02
1293.05
3197.73
3859.76
1237.06
1307.02
3084.22
1957.48
2477.14
2138.24
1939.04
2004.53
1611.52
3556.49
1723.27
2086.68
2041.51
1264.48
1700.18
1543.05
1189.73
4207.94
2852.49
3235.3
2593.56
1276.13
1985.91
2060.69
2481.67
1581.64
2549.88
2174.42
2268.36
1840.26
1461.68
1747.08
1388.78
1879.53
1856.18
1473.09
1674.59
1575.12
2195
1258.95
2704.29
1530.22
1092.34
1925.48
1758.76
903.877
1234.59
2552.53
2587.19
980.87
2584.21
2557.8
1990.88
2133.42
1779.32
1854.49
2501.28
1421.08
2571.5
1611.96
1700.62
1914.68
1637.51
1043.6
2125.32
1562.52
1497.23
1202.1
2136.86
4113.02
1594.52
2113.59
1520.03
1194.33
1268.89
1686.69
4207.36
2652.03
1639.14
1668.49
1461.15
1641.1
2415.64
1660.24
1852.63
2722.22
1655.39
2005.06
1697
8166.93
1462.01
5477.48
1636.27
1692.05
1918.02
1530.89
1356.96
2257.95
1615.44
4707.14
2501.42
2551.9
2336.75
1686.27
1980.66
4107.88
2269.55
1269.79
1695.82
1378.03
1395.29
5021.74
2622.68
2176.08
4284.49
1367.98
2058.95
1580.88
1252.92
2488.57
2270.9
1234.22
1799.96
2300.39
1917.58
2112.3
2038.5
2192.91
1467.1
1793.54
1355.34
1529.67
1494.22
2409.36
2780.68
2777.07
1773.04
1811.41
1982.44
1361.65
2024.56
1848.19
1234.37
4737.33
1889.75
1758.25
1895.38
3138.31
1918.03
1972.22
2797.72
1707.53
1835.51
3104.39
1272.14
1152.7
1622.5
1818.32
1868.05
1592.11
2868.81
2060.47
1585.79
1703.73
2789.74
1820.8
1907.31
1312.68
2925.48
2336.92
1164.14
1989.71
2495.6
1657.8
2355.17
2624.37
1719.12
1489.4
2985.63
1482.55
1392.41
1049.71
3004.26
1289.58
2365.2
1545.2
1198.49
2099.56
1760.86
2340.45
1807.2
1975.36
1939.16
2117.34
1800.43
1280.54
3067.66
1031.94
1777.05
2251.96
1084.05
1811.39
1865.66
3379.57
2080.81
2603.94
1332.67
1120.1
1578.77
1439.12
1672.8
1978.78
2852.68
1774.54
1512.82
1591.44
2790.62
1105.12
1413.38
1373.4
1852.95
1644.49
1809.81
1137.45
2028.42
1578.61
1670.55
1088.5
1745.74
1405.44
1597.09
2920.1
1737.71
2857.84
1388.37
1721.75
1276.11
2880.17
1486.45
1510.56
3436.06
2624.35
2908.76
3780.48
3498.43
3187.19
1185.5
1583.58
1184.14
3321.19
1416.18
1841.96
2095.78
1859.73
1693.11
1561.46
1445.58
2320.94
2133.52
948.598
1663.92
2522.17
1287.9
1661.27
2438.49
1412.81
3251.11
1176.78
2137.82
1571.28
1700.66
1463.68
1465.32
2598.52
1753.34
1249.76
1663.16
1680.17
1390.6
4033.96
3418.84
6416.05
2251.34
1724.14
1609.23
1484.97
2110.96
2105.59
1766.68
1810.15
2091.16
2506.36
3331.88
1931.98
5419.94
2493.93
2431.7
1276.13
2985.56
2545.05
2236
2328.38
2782.24
1106.04
1228.01
2019.66
1920.7
2339.32
1364.25
1367.15
1342.83
1631.18
1152.3
3156.84
2553.72
2096.77
1846.11
1641.71
1751.1
1445.49
1317.5
1543.76
1269.1
1659.88
2310.88
1526.14
1335.33
2107.73
1686.26
1608.57
2835.72
1221.64
2253.95
1693.85
1678.65
2288.58
2098.49
1337.08
2561.43
1802.35
1737.42
1248.21
1564.31
3278.64
2936.28
2237.57
1322.69
1668.75
2392.2
1253.63
1153.87
2954.76
2449.69
1126.67
3920.4
1883.96
1915.78
1360.69
2936.17
1413.93
1505.7
2168.14
1849.07
2150.89
1784.91
2323.67
2676.69
1833.92
2346.51
2141.49
1552.92
1248.36
2346.96
2242.68
1950.37
1567.28
2072.84
2522.45
1750.87
1718.43
1804.56
1281.65
1891.84
2418.3
1493.64
2126.64
2710.88
3350.47
1483.75
1815.41
1442.2
1906.58
3544.43
1106.73
2562.09
1369.97
1590.58
1769.45
1450.33
1210.25
1915.94
3271.15
1803.4
4219.6
2087.87
1413.62
2217.05
3635.42
1610.84
3787.33
2157.41
1994.25
2179.14
2875.04
2037.51
1749.5
4762.01
1457.4
1426.47
1947.57
5110.27
2344.33
1536.92
3202.98
1616.25
1928.57
1383.13
1704.31
1457.64
2444.32
1946.95
1131.33
2575.28
2729.41
2105.4
1645.37
1365.8
1941.2
1100.92
1819.61
1240.92
2539.15
2605.87
4692.33
2211.82
1674.42
2474.13
3507.23
2179.42
1286.64
2071.38
2006.69
1651.16
1556.83
2336.36
1657.96
2204.41
1070.93
1465.25
1533.8
1289.54
1606.38
1915.67
1206.87
2840.75
1283.31
1686.24
1686.26
2057.43
1467.74
1403.35
2025.06
2702.18
1833.77
4743.39
1887.38
1637.95
2041.64
1679.64
1147.21
1906.63
1332.86
1907.67
1865.79
2838.46
1913.05
3714.57
2331.66
2296.14
1485.91
1410.33
1920.28
4531.12
1535.6
1729.16
1421.83
1473.95
1693.43
1589.48
1353.75
2145.94
1167.56
1449.76
1165.54
1168.08
2836.87
1967.8
1905.7
1556.04
1381.94
1345.16
1864.58
3162.24
2278.37
3524.1
3179.48
2076.52
3138.21
1677.18
2053.4
2071.24
2788.01
2098.51
3070.33
2108.84
2834.61
3074.68
1746.56
2430.6
1722.46
2721.83
1626.89
1741.93
3377.51
1637.23
1283.39
1173
1932.03
1569.05
4213.24
1932.26
1526.35
1752.05
1919.78
2749.5
2083.85
1055.37
1261.29
1854.65
2911.83
1989.32
1317.32
2431.4
1765.88
1832.59
1650.48
1303
1895.23
2669.82
2010.15
1520.09
937.432
1206.18
1815.36
2590.09
1641.07
1610.12
2257
1628.93
2294.25
1574.18
2992.11
1639.65
1776.16
2343
2200.43
1264.81
2953.43
1811.59
2686.91
1624.87
2397.91
3498.37
3394.8
1511.33
2569.04
1662.96
1060.22
1360.86
1431.44
1417.83
2163.19
3667.33
2392.73
2424.89
1270.25
2252.74
1993.17
1192.31
1285.07
2150.47
3713.07
2478.06
2374.5
3038.46
1553.73
1547.73
1704.69
1698.6
1531.98
1138.99
1675.31
2710.63
1719.55
3746.84
3605.07
2730.54
2344.06
1440.46
2963.42
999.61
2276.17
1890.2
2249.86
1516.41
1246.59
2178.6
2918.08
3043.07
1861.99
1076.43
2344.88
1383.27
1625.39
2365.67
1927.36
1175.32
2002.81
1904.1
3052.97
1673.45
1498.85
1607.16
2922.91
1300.96
1492.8
2156.04
1487
1925.46
2564.57
2338.77
1075.95
2914.62
1393.87
1675.84
1533.56
1169.48
1430.77
1493.68
3011.93
2277.4
2398.81
1876.22
1899.6
2361.4
1499.48
2728.35
1394.68
2089.19
2109.67
1739.77
1511.07
3514.28
2021.16
1210.36
2795.46
2930.59
1218.17
1507.79
1556.93
3603.16
1629.41
1691.32
1062.96
1401.75
2725.17
1678.19
1223.54
1808.74
2136.33
3323.44
2934.01
4799.07
1297.81
2388.57
1155.14
2018.04
2163.3
2456.07
2095.19
1319.1
2039.66
1423.85
1789.49
1501.35
1555.52
1741.54
3076.31
1700.88
1622.09
2389.07
2711.83
2166.39
1706.19
1200.34
1662.35
2117.92
2756.82
1926.69
1426.63
1915.19
1613.08
2340
3943.37
1503.53
1932.73
1417.02
2218.37
1391.45
1175.61
2457.93
2437.78
1918.43
1204.71
1126.93
1468.36
2297.13
1325.92
1716.5
1334.37
1353.98
1440.41
1931.15
2736.99
1073.76
1318.46
1685.64
1854.49
1244.47
1761.81
1135.75
1825.75
1636.64
3224.14
1928.09
2068.4
2278.69
2680.39
1968.09
1875.98
1166.22
1659.83
1573.44
2048.01
2410.96
1686.82
1692.69
1921.25
2108.14
2824.29
1563.99
4352.63
3590.93
1976.77
1359.29
1585.3
1374.48
2627.79
1547.26
4496.6
1952.41
3839.28
2102.12
1507.67
1180.7
1705.19
1175.62
2666.5
1980.41
1401.7
1372.52
1363.18
1902.62
2070.29
2673.69
1606.98
3373.33
1525.63
1854.42
1634.11
1381.73
1997.43
3207.83
3728.2
2986.29
1254.77
1458.49
1368.48
1640.43
3276.42
1424.82
3700.49
2138.01
2115.1
1614.86
2232.14
1658.45
2084.14
1992.04
1778.3
6717.03
1304.59
2265.37
1779.07
1970.18
1450.93
3139.38
1794.57
1298.23
2830.08
2310.09
2241.31
1994.24
1238.27
1999.41
1898.42
2294.94
2659.14
1245.44
1136.94
2213.39
1936.65
1586.4
2827.44
3063.12
1313.96
1904.18
2906.69
1207.2
2946.02
1760.91
1650.25
2018.35
1847.55
1701.15
2198.93
2044.51
1250.56
1678.11
1651.46
2123.19
1608.92
2479.38
1575.6
4055.18
2310.7
1356.74
2935.82
2479.72
1892.21
1441.21
1364.47
2649.09
3049.01
1437.76
2229.83
1577.93
2300.61
2193.96
2001.68
1811.18
1192.72
1539.78
1751.53
1961.15
4335.32
1579.03
1938.52
1369.41
1508.13
1064.35
1688.33
1733.13
1396.79
2355.34
1881.34
1519.21
1161.41
1775.01
2496.41
1552.14
1883.77
1816.04
2719.46
3898.18
3210.44
2268.87
1956.96
1678.35
1370.87
2067.46
1534.65
3195.14
1516.01
1800.83
2862.7
1277.43
1840.84
1403.06
2185.46
3009.88
1850.66
1018.86
2585.14
2468.17
1406.27
1805.6
1468.25
1664.96
2163.55
3349.33
1687.63
1386.74
2404.4
1358.28
2636.3
1703.37
1756.24
1932.26
2301.07
2948.27
2155.68
1606.02
1390.1
2635.39
2271.95
1484.98
2240.9
1068.93
2166.52
1585.22
1656.56
2514.51
4696.39
2495.81
3146.06
3610.11
1462
1618.89
3758.46
1704.63
1443.31
4996.14
2002.75
1396.54
1376.87
1720.43
1550.41
1981.9
1159.12
1114.78
1860.77
1818.46
2329.31
2293.62
1333.95
1805.9
1437.47
2532.97
1757.13
1592.22
2361.1
2439.1
1409.41
1339.68
2083.25
4515.6
1859.6
1266.34
2079.1
2896.03
2088.01
3109.32
1553.05
2336.22
2170.93
1837.79
1472.74
1496.24
1769.2
1431.19
1482.6
3066.13
2190.09
1593.7
2168.95
3739.55
2139.77
1683.94
2845.87
2232.38
1488.09
1838.94
2397
5169.8
3052.86
1436.99
1410.17
1696.59
4266.84
1595.95
2180.09
1495.74
2890.75
1580.84
2383.69
2192.86
1123.86
3189.88
1015.45
2854.71
1978
2183.05
2439.21
1913.04
2982.51
1813.19
1554.18
2199.23
1466
1431.39
1548.76
2581.05
1889.33
2425.81
1492.07
2510.62
4974.16
1175.97
2352.88
1360.15
1416.12
1764.4
1710.41
5607.54
2195.13
1592.04
1881.23
1786.61
1512.61
2029.66
1726.59
2042.38
1409.02
1331.37
1142.21
1237.24
1565.51
1550.17
2192.97
1455.06
2114.8
2735.68
2005
2535.64
1385.92
2893.8
2209.28
1450.61
1562.68
1954
1440.63
2941.69
1697.18
1520.39
3207.42
1546.16
1278.86
3290.96
2117.51
1567.1
2928.31
1010.1
2846.83
1448.76
3146.25
2014.02
1524.41
1351.93
1611.85
1781.89
1516.54
1607.8
1893.56
1713.12
1743.49
1347.07
2624.34
1700.98
1323.83
2521.26
1925.32
3374.25
1701.36
2305.91
2681.05
1991.93
3168.86
1505.69
1803.19
1448.39
1537.81
1614.97
1210.64
1185.91
1970.08
1819.11
1285.45
1978.59
2400.64
1292.08
1965.99
1875.06
2472.44
1439
1791.62
1175.43
2236.79
1978.52
1625.12
2064.25
2265.31
1402.37
1937.3
1770.38
2632.89
1568.42
1853.96
2805.92
1379.72
1395.48
2924.91
1365.07
1409.77
1481.23
1427.67
2772.97
1948.47
2134.44
1523.01
1992.52
2048.38
3769.73
1475.83
1655.85
1629.19
1365.3
1923.66
3198.25
1818.9
1352.13
1862.04
2835.04
1460.91
2044.2
2473.74
1265.51
5063.08
1118.48
2151.67
3144.08
2569.37
1739.99
1718.03
2335.7
1996.14
1761.5
1595.07
1348.88
1333.79
2022.47
2600.85
1389.74
1624.42
1976.24
2339.43
1707.9
1261.77
2073.66
1455.01
1939.16
1536.08
2116.31
1494.5
2230.49
2027.73
1510.83
1983.21
1507.7
1833.8
1871.5
1186.08
2196.41
2072.49
1473.19
2118.82
1965.72
1181.08
2131.21
1056.08
2577.78
1715.21
1378.32
1589.01
1203.75
3264.44
1744.88
1280.76
1496.51
1384.14
1860.61
1595.43
1440.9
1548.74
2450.83
1548.66
4087.82
1426.86
1921.98
1405.7
1359.24
1299.52
2267.12
1837.21
1140.31
1749.58
1753.63
2170.69
1409.39
1128.77
2494.39
1790.52
2269.95
2347.92
1427.03
1576.64
3420.45
1878.69
2194.47
1807.82
1532.8
1747.94
2125.87
2139.59
1481.71
1694.04
3824.44
1949.25
1787.54
1705.34
1860.5
2114.37
2363.55
2524.67
1868.04
2068.45
1849.04
1336.05
1475.59
4017.24
1244.09
2568.19
1287.72
2075.1
1214.46
3431.42
1271.64
1393.03
3183.93
1491.65
1792.01
2102.53
1764.61
1325.69
1675.94
2104.57
1422.92
1264.03
1736.32
1471.51
1718.8
4415.04
5815.54
2534.87
1255.42
1376.57
2271.23
1520.82
1641.84
1155.63
1246.68
1978.32
3724.06
1405.47
3804.83
1268.78
1854.97
2017.87
2202.23
1275.78
2550.15
1609.21
1331.52
1238.1
1275.51
2051.49
1510.65
1236.92
3810.3
1158.74
1354.72
2478.79
1817.4
1405.12
2796.02
1636.13
1557.74
1760.39
3192.26
3327.6
1861.7
1518.44
1754.8
3728.3
1160.51
1587.89
1686.74
3522.06
4868.17
2065.23
1578.91
1487.8
1771.04
2192.49
1238.44
2322.35
996.251
2523.48
1530.97
1473.1
1461.71
1729.41
1101.32
1245.87
3369.51
1381.36
2518.28
1201.54
1411.33
1808.96
2349.69
2987.19
2039.82
2832.08
1764.72
1169.04
2384.4
1582.39
1911.82
1189.82
1874.29
2354.81
815.989
2309.71
3487.93
2679.04
1436
1783.46
1736.95
1356.85
4225.4
1972.9
1856.42
1497.74
1381.39
1997.69
1832.21
1518.84
1875.17
2597.42
2066.01
2155.7
1839.38
2251.38
2345.25
2452.17
2358.46
4000.47
3574.14
1278.41
3138.36
1775.5
2585.29
1868.83
2992.35
2098.13
1105.88
1525.93
1223.53
1137.84
1232.96
1518.14
1401.73
2815.15
2332.33
1310.29
1539.74
3075.13
2289.16
2352.68
1179.84
1823.67
3008.23
1355.68
1142.53
2254.97
2361.93
1125.06
3621.08
2452.14
1680.61
2925.05
1453.64
1144.92
1588.53
2574.51
3097.49
1763.82
2686.51
2016.69
2548.48
2537.26
1708.37
4173.81
1631.92
2029.69
2092.33
1361.68
1163.18
2078.86
1917.98
2442.49
1400.2
1178.85
1624.1
2947.17
2144.54
2070.36
1681.38
2790.02
1494.27
2420.43
2222.58
1299.07
2001.96
2223.28
4017.71
1221
1596.9
2091.47
4207.98
1076.25
2689.98
1393.77
1748.92
1728.47
2764.16
2938.96
1117.9
1368.98
2091.09
2047.05
2174.15
2271.72
1543.81
1355.6
1768.22
1526.43
4453.37
2642.97
1658.81
2893.61
1729.7
2124.28
1491.52
2246.61
1089.34
1960.06
2179.56
1532.69
1479.75
1667.38
2979.75
1518.5
3996.48
4944.49
3273.08
2026.05
2495.12
1754.62
5907.38
2087.23
1796.33
2465.28
2115.54
1642.05
2102.63
1410.03
1363.41
1063.46
1824.41
1292
1929.16
1560.32
1292.6
1937.07
1697.31
1561.87
1435.99
1699.01
3718.65
1445.89
1868.09
1279.13
1573.79
2079.84
1349.03
2009.98
1603.34
1041.19
1849.37
1469.77
2855.38
1682.14
2269.66
2298.87
1795.46
1735.89
1132.31
1815.7
1686.97
1266.97
1043.3
1324.97
2118.21
2160.24
3191.65
1536.6
3831.69
2024.62
1919.47
1375.78
1801.13
2444.68
2752.65
1114.58
1969.67
2217.31
1882.52
1499.91
1918.19
1390.29
1201.17
1758.33
1568.94
1562.74
2161.33
2532.36
2498.42
1564.26
1628.61
1356.14
1361.49
3144.51
1868.51
1709.61
1475.94
4770.52
1508.7
1887
1266.55
2019.25
2116.73
1472.89
1895.27
1630.1
1528.55
2378.98
1622.27
1240.42
1919.34
2438.22
2282.95
1185.05
3378.37
1729.15
1332.13
1933.58
1523.61
1664.56
4226.82
1855.8
2590.14
1484.41
1505.24
3441.57
1545
2229.65
3218.04
1549.61
2148.5
1699.05
1807.62
1680.53
1294.23
2136.96
1895.94
2592.78
1220.83
1263.7
1646.2
1852.68
913.616
2006.88
1390.27
3056.32
2874.37
1589.59
1554.49
1818.62
1636.07
2752.46
1154.36
1881
1504.53
2503.9
1647.13
1439.13
1198.39
1265.46
2235.76
1649.4
1727.5
1909.23
2102.44
1131.42
2562.25
2851.96
1604.78
1836.25
2266.48
3432.13
2919.28
2851.11
1584.63
1881.8
1480.34
3300.89
1543.32
1503.25
2749.87
1417.21
2688.39
2326.02
1316.37
1375
1462.96
5169.6
1433.79
1173.3
2072.38
1940.55
2394.56
1604.41
2257.43
2050.54
2160.78
1069.39
4899.59
1190.09
1665.34
6013.45
4170.89
2082.73
1220.93
2113.39
2711.27
1396.69
1777.58
1719.42
2120.97
2866.35
1285.57
1861.18
1715.11
1517.45
2506.92
2012.72
1483.84
1620.52
1408.92
1973.68
1650.37
1867.15
3915.42
1462.83
1326.71
2073.91
1460.02
1558.19
1554.78
2362.38
3689.47
3675.1
1679.25
1438.44
2796.38
1543.55
1465.79
1357.63
1723.63
2602.92
1576.2
1298.77
1329.87
2286.33
1192.2
2463.58
5003.77
3687.79
1427.07
2410.34
2614.27
1461
1945.25
1311.71
1404.01
2085.5
2605.05
1587.64
1326.85
1973.2
1898.71
1791.02
2148.48
4872.76
1993.34
1618.23
1317.06
1351.38
1810.17
1113.76
3109.67
2283.06
1659.94
3750.45
2630.84
1356.21
2056.4
2068.28
1343.2
3058.32
2527.67
2135.48
1648.37
2575.36
2179.17
1412.87
2746.9
1833.86
1328.27
5518.21
1367.15
1291.73
2849.98
1522.72
2821.38
3974.82
2705.82
1489.96
1714.46
2545.16
2058.26
2879.6
1458.02
1350.16
2095.07
3364.86
1206.23
1175.43
2252.77
1541.51
984.664
2065.8
1013.46
1888.07
2501.64
2301.02
1309.19
1889.19
1529.32
1785.99
3578.28
2037.35
5730.36
2420.8
1972.34
1474.55
1169.8
1418.46
5302.4
3576.45
2075.72
1360.27
1998.72
1642.7
1749.29
1382.01
2111.88
1793.9
1256.93
1019.72
2083.6
1449.65
3103.66
3086.16
2609.62
1592.86
2008.62
1746.83
1963.03
1884.3
3662.84
2028.71
1478.95
2220.17
2280.39
2086.2
1453.33
1655.3
2084.39
2551.34
1963.91
1797.15
1469.37
3943.63
1531.15
1279.01
1333.27
3436.62
1504.23
3567.94
1445.41
2797.03
1360.5
3956.65
1193.75
3627.24
1645.95
1668.69
1452.51
2741.14
1594.53
1797.08
2961.06
1881.83
1457.47
1496.53
2593.25
1405.53
3267.8
1459.4
2332.41
1721.28
1437.05
1149.22
1899.82
1480.98
1873.95
2077.4
1804.52
2576.13
1838.99
1382.72
2304.49
3319.53
1634.35
2329.35
1387.57
3461.85
2418.9
1490.33
1845.19
1299.51
7387.28
1435.86
4107.92
1833.79
1280.92
2103.69
1814.89
1705.74
1366.02
3016.46
1920.28
1664.58
1756.74
1778.96
1863.69
1955.51
1579.5
2013.61
2380.18
2071.3
1124.06
2410.92
1908.74
1951.62
1190.52
2119.74
1916.23
4062.86
1600.75
1975.36
1951.45
1360.01
1842.75
1548.22
1559.32
1616.4
1831.71
3233.6
2121.38
932.146
1386.99
2048.15
1202.34
1341.44
1998.22
1265.84
1905.57
2664.19
1908.48
1652.44
1912.24
3571.11
1919.13
2980.31
1607
1205.65
1425.36
2134.64
961.205
1838.32
1453.05
2290.57
1504.06
1574.41
2144.82
1614.95
1765.51
1064.7
2303.06
1733.12
1258.61
1265.14
2188.09
2679.27
2718.86
2703.37
2021.44
2042.03
2268.62
989.92
2105.76
1423.73
1866.66
2189.86
2592.06
1085.44
1775.46
2192.18
1476.52
1571.74
1683.82
2351.86
1601.06
1371.86
2482.14
1466.02
1691.74
1319.03
3899.36
1142.43
1364.5
1477.53
1932.47
2136.48
1603.52
2030.62
2140.26
1447.19
3586.2
1759.06
1290.73
2033.7
3601.92
4324.76
1725.83
1929.16
1867.06
1657.16
1311.01
1809.62
1450.82
858.857
2065.75
1740.28
1825.16
3810.44
2082.84
1124.27
1253.46
1659.4
3183.86
2508.44
1266.36
1303.86
1679.32
1256.31
1820.16
1399.49
992.556
4587.63
2203.01
1928.46
2227.54
1657.71
1666.3
2056.23
1618.14
2620.47
1594.58
2574.62
1488.87
1995.73
2114.99
1011.65
2123.09
3087.13
1319.27
3693.67
1356.95
1642.09
1676.49
3357.66
1581.44
1106.4
1994.51
3279.57
1513.2
2012.01
1284.1
2747.19
3199.56
1548.21
1273.43
1834.78
1720.57
2418.73
2433.42
1513.71
1274.32
2112.57
2569.52
1374.83
1113.94
1295.39
2197.95
3202.88
3033.98
2236.23
1900.16
2418.92
1228.62
1730.78
2846.87
1533.42
1464.98
3873.76
1191.36
3875.16
1149.57
2047.42
1587.09
1252.26
2232.62
1559.5
2607.93
2338.69
2382.18
1946.71
1136.89
2268.21
2410.36
1972.6
1171.55
2015.52
1732.94
1783.86
2875.87
1407.82
1436.18
1607.57
1668.18
1913.56
1439.35
1813.06
2347.19
1438.12
1991.99
2047.93
1696.34
2690.1
2640.37
1202.29
3423.69
2373.45
2000.01
3866.27
1244.14
1227.15
1998.41
2273.82
1272.54
1235.37
1836.66
2025.68
1559.39
1214.46
1284.02
1169.48
1188.74
1142.77
1756.71
1588.78
1722.29
2116.47
1987.07
4394.51
2172.64
1326.34
1466.73
2898.51
1735.37
1950.34
1943.55
1269.46
2517.9
1739.53
2782.72
2199.43
1413.37
1213.31
3066.5
2510.09
1811.72
1029.87
2185.38
1783.44
2996.84
3039.65
2334.29
1340.67
3266.13
1573.28
2916.83
2121.25
1407.56
1167.31
3769.49
1818.48
2098.98
1386.86
1580.43
1809.66
1218.56
1157.96
1536.71
1319.68
1437.66
1621.35
1403.66
1189.45
1093.61
2379.19
900.631
1880.45
2610.42
1200.04
1191.5
1905.55
2921.19
3406.76
1464.78
2204.18
1567.76
1307.74
2059.12
1460.37
2010.25
3635.84
1733.41
2507.42
3426.65
1998.93
1430.78
1747.54
2195.6
1641.52
1719.87
1783.93
2546.54
1230.47
1673.84
2357.77
1640.85
2148.1
1678.8
1768.98
888.179
1397.49
3915.7
1588.5
1481.48
1449.41
1605.28
1400.75
1189.52
1363.77
2368.44
2129.18
2463.34
2283.26
2728.76
1652.4
2863.01
1893.68
2597.16
2395.48
2521.39
1521.09
2472.61
3233.11
2137.55
3804.87
1780.13
1847.07
2705.52
3803.63
2190.65
2333.04
1863.39
1664.42
1868.92
1530.06
1475.81
1252.97
2740.05
1520.24
1409.15
1326.71
1378.61
2356.03
2040.57
1992.84
1710.21
1868.17
1281.87
1194.65
1708.73
1371.22
1411.79
1675.6
1240.38
2396.36
1941.1
2404.7
1532.91
4166.39
1137.18
1520.46
1750.2
5360.16
3145.89
1679.41
1250.97
2684.84
2195.05
1122.94
1924.96
1095.14
2132.03
2330.7
1286.84
2329.21
1737.41
3227.21
1680.74
2584.81
2162.42
2609.94
2748.68
1945.47
1514.69
2589.41
2135.67
2393.26
1663.7
2274.48
1897.56
2920.7
2269.68
4341.82
1804.53
3069.68
1249.9
1479.72
1694.94
1243.36
1771.57
1332.88
1694.9
3755.05
1498.45
2429.04
1680.33
2484.4
1337.32
2077.32
1459.33
2770.63
2167.5
1621.27
1715.21
1328.42
2082.33
1294.17
1514.02
1180.92
1242.8
1597.16
2019.59
2143.49
1992.19
2072.12
1729.7
1762.76
1183.5
1709.84
1667.27
2568.28
2448.24
1126.48
1575.53
2106.32
1081.77
1595.05
2092.74
1331.92
1590.33
1273.71
1373.26
2318.59
1249.47
4744.67
2001.42
1301.73
1814.17
1956.67
2880.74
1402.05
3274.28
1499.5
1850.8
2202.28
1304.34
3034.25
1869.61
1618.44
1853.4
1280.69
2438.1
1811.04
1421.63
1366.68
1188.3
1743.61
1561.22
1601.78
1243.99
2320.07
2470.84
2825.5
2070.24
2287.47
3460.74
2049.68
1798.01
2211.91
4778.02
1431.72
2332.5
1825.45
1326.21
2059.61
2077.33
1727.82
1636.69
1819.87
1377.1
1503.26
3332.93
2352.4
1566.24
1248.54
2019.18
2483.1
1375.87
1811.15
1952.59
1915.7
1911.96
3752.92
1313.3
1826.64
1438.19
1589.98
2225.21
1711.13
1303.96
1737.93
1369.72
3037.98
2076.08
2210.78
1557.27
1598.69
2680.13
1801.12
3801.47
1702.17
1850.19
1407.8
1514.91
2947.23
2381.9
1802.08
1483.32
1474.14
2146.56
1459.42
3221.28
1832.62
1356.65
2331.84
1780.1
1729.66
1808.2
1847.04
1334.69
2041.49
2129.79
3262.23
1444.74
1581.03
2499.75
2149.55
1828.97
2120.94
2291.72
1420.9
2985.32
2125.68
1694.03
1305.9
1293.12
2474.68
1168.41
1861.67
2052.5
1805.74
1904.84
2107.15
2330.48
1799.57
2099.41
1910.39
1334.2
1783.14
2177.07
1606.79
1244.26
2739.33
1931.6
1805.05
1892.9
1608.94
2309.93
1482.27
2095.44
3538.14
2105.62
1521.43
2611.48
2566.53
1880.03
1287.12
1730.53
2788.53
1249.72
1731.54
1445.54
1440.27
2994.68
3704.53
1687.56
1197.37
1625.76
1633.31
2964.68
1619.11
2203.89
1233.14
1658.68
1249.08
1988.51
2078.71
1840.34
1600.94
1484.56
1582.54
1090.74
3871.12
1608.24
1394.41
2082.31
2112.54
1391.91
2218.33
2182.31
1166.36
2811.39
1618.82
1854.41
1496.16
1409.26
2103.46
1843.82
2265.15
1510.13
1653.52
1347.39
1904.29
1825.88
1373.16
5979.08
1483.42
1891.44
2089.52
1967.34
3853.54
8206.59
1687.23
1721.53
1405.76
1285.62
1645.57
2849.37
1715.72
2093.43
1468.97
1516.72
2429.21
1534.55
1572.08
1619.7
3216.66
1731.05
1623.39
4645.59
1069.2
2658.82
2714.55
1848.27
1809.62
2069.42
1859.63
1992.54
1275.67
3873.89
2707.13
1655.06
3267.19
1549.35
1975.84
2642.85
1755.96
2210.07
1752.9
1842.85
1642.63
1921.43
2058.57
1768.95
2958.6
1484.03
1667.22
1090.83
2789.29
1629.26
1632.41
2168.96
2095.57
2000.52
1469.39
1108.87
2029.42
2022.44
2110.36
1694.86
1343.11
1627.34
1690.68
1797.64
1886.87
2196.15
1664.27
1968.67
2761.34
2241.13
2564.16
2213.57
2190.21
1337.8
1262.55
4497.59
3081.82
1359.27
2574.03
2312.12
1375.3
1738.04
1869.3
1910.49
1701.67
1650.26
1825.16
2336.93
3163.68
1293.17
1649.45
1205.63
1367
2296.55
1740.11
1855.72
1273.31
1598.58
1578.06
2880.26
3243.28
2133.37
1649.61
1423.34
1440.26
2047.45
1568.91
1465.92
1292.61
2098.58
2905.87
3067.63
1345.1
2629.7
1349.48
1050.06
2156.37
1860.42
1635
2551.71
1565.49
1880.53
1998.74
1289.31
2031.64
1820.31
1537.14
1827.02
1116.97
2069.95
1194.7
1898.18
1021.5
2174.73
3063.7
1997.51
2433.28
1810.71
1357.26
1281.05
2397.67
2072.76
1393.49
1687.49
2017.16
2677.18
1925.12
1229.37
1540.13
2328.52
1373.29
2263.11
1356.93
1708.5
2151.46
1710.43
1974.66
1598.95
1292.5
1818.92
1736.98
2372.56
2387.67
1499.92
2160.47
4039.32
1943.4
1490.86
4106.5
1413.92
3739.45
1192.7
2230.56
1182.9
1707.55
1623.9
1906.07
1221.78
2658.27
1204.54
1233
1534.35
1563.86
2890.66
2812.07
1784.62
1148.02
1812.03
2937.17
3704.84
1594.19
1464.4
1471.97
1248.02
1563.33
2300.29
1403.83
2253.11
2092.75
1569.2
3633.67
1676.02
1144.86
1765.94
1787.34
1286.5
2685.76
1549.78
4026.14
2871.44
1873.19
1779.02
1605.64
1806.79
2008.36
2296.3
1448.35
2314.21
1277.15
1839.71
1617.7
1887.07
4204.34
2516.65
3215.53
1984.12
1594.87
1942.05
1144.58
1720.06
1836.1
2611.39
2215.29
2792.53
1432.7
1767.8
2423.39
1457.87
1427.65
1660.62
1357.29
2069.55
1247.47
2064.35
2131.92
2289.63
1973.84
4689.64
1887.4
1439.97
1791.78
2459.05
3711.16
1754.54
1387.06
3202.91
1350.86
2064.48
2705.15
3042.83
1682.09
1175.25
1132.32
1655.88
1789.53
1699.42
1544.14
1536.13
1206.73
1472.6
1426.04
2040.13
1623.87
2303.52
6077.78
3539.81
1967.62
1569.85
2191.98
2161.62
2854.32
2787.27
1776.49
1294.16
2909.95
1831.66
1991.34
2217.34
5197.93
1672.34
2176.67
2053.83
1357.69
1138.15
2399.66
2185.29
1156.49
1338.33
2283.98
2366.07
1893.71
1893.24
1476.08
5778.29
1908.32
2206.81
1636.41
1711.94
1514.36
1577.94
2820.41
2140.49
2020.28
2683.36
2245.55
2621.07
2287.6
2934.11
2630.72
2761.05
2264.32
1790.42
1540.22
1602.64
2581.48
1789.93
2584.01
1791.26
1696.35
1512
1365.37
2110.1
1335.02
3309.73
1319.69
1780.64
2252.8
1421.44
2705.58
1939.16
2620.84
2407.45
1995.25
2183.15
1374.96
2089.66
1349.2
1554.79
1455.25
1820.69
1192.41
1228.14
2336.6
1160.1
2377.22
1090.51
893.037
1622.58
1675.25
1217.47
2200.84
3180.17
1713.56
1355.31
5719.93
868.335
1909.55
2030.47
2929.37
1405.12
1445.72
2870.41
3399.67
1938.42
1436.22
1809.54
1859.39
2388.32
2116.96
2180.89
1663.92
1395.43
1140.4
1962.59
2363.68
1341.11
1551.1
2127.6
1382.51
1824.34
1444.97
1333.8
2535.83
1256.84
1980.44
1524.91
1193.68
1654.38
2039.38
1960.83
2278.15
2801.52
1732
1454.89
4266.48
1652.87
1258.97
2853.12
3526.64
1793.03
1753.48
1788.46
2291.8
2213.74
1668.95
3084.51
1728.31
1418.11
2020.15
3933.25
1403.84
1616.53
2111.59
2109.58
1250.09
1735.11
2496.71
2857.91
1550.23
3031.6
1779.73
1914.83
1372.76
1658.58
1355.47
2003.1
1652.41
1802.13
2840.04
1374.31
1555.87
1696.2
1535.62
3149.23
1532.32
2196.97
1359.43
1145.98
1508.61
3248.76
2515.91
2677.73
1554.57
1214.36
1775.93
1998.88
1272.66
1927.18
1800.81
2709.52
2418.04
1442.99
1192.85
1422.28
1749.13
1743.76
1895.52
1899.64
1390.02
2939.77
2181.01
1430.24
1716.74
1316.58
1929.3
1796.58
1140.07
7078.65
3957.05
1459.89
947.011
1606.64
1811.91
2327.54
2590.15
1835.22
3607.97
1869.32
3071.51
2972.92
1360.22
1380.03
1031.23
2131.01
2051.82
2638.27
1741.79
2182.3
2495.41
1636.88
2023.51
1392.6
2476.98
1565.45
1489.5
2200.13
2780.15
3354.97
1536.67
1562.12
2775.21
1665.25
2204.01
2905.16
1938.96
1786.45
1366.64
1718.49
1776.45
1421.27
1832.16
1317.65
1638.93
1710.42
1574.06
1593.05
2968.92
1381.73
1911.87
1221.44
2369
963.453
1105.43
1993.63
3370.53
2051.54
1913.65
2335.93
2214.93
1927.93
1698.44
2636.86
1435.01
1785.11
1202.31
1440.49
1049.32
1668.92
1640.54
1929.99
1644.24
1553.95
1607.47
1388.51
5045.78
1566.46
2323.84
1624.69
1637.99
1757.66
1726.19
3538.45
1248.53
1937.67
1405.89
1621.68
1796.59
3286.02
3211.72
1377.41
1622.29
1705.74
1891.27
3020.06
2383.3
2521.67
1057.92
2555.17
2027.09
1981.67
2616.11
1231.16
3574.89
2051.57
2629.74
2789.33
1429.16
1983.4
2182.96
1345.1
1347.13
2754.4
3206.55
1446.33
2550.3
1371.69
1405.68
1971.26
1751.17
2393.83
1144.14
1408.14
1529.06
2234.42
1483.55
2602.48
1754.64
1234.27
2901.99
2632.32
1505.3
1845.25
1969.36
3118.15
2597.39
1541.28
3340.7
1204.98
2265.95
1220.4
1545.4
2122.93
1957.2
2327.26
1574.7
2781.63
2010.73
4950.1
1805.27
1937.43
1695.84
1367.41
1326.6
2736.99
1209.53
1843.86
1567.25
2070.69
1647.45
3246.29
1500.67
1353.05
919.533
2909.6
1980.26
1967.83
1637.53
2103.47
1864.94
2941.6
1834.64
1491.17
1712.92
2101.07
1619.08
1376.62
1655.67
1710.45
1821.57
1706.05
1960.77
1531.8
1567.93
3997.64
2905.49
1966.52
1489.59
1659.22
1810.74
3155.92
1629.32
1623.33
2256.68
5114.08
1523.14
1407.94
3037.38
2604.33
1461.45
1698.55
1802.83
1906.82
1666.56
1713.39
1637.18
2898.72
2058.37
1433.33
1440.1
1571.89
2349.72
2144.95
1486.29
1307.17
1489.14
1667.11
1707.37
1768.9
1622.02
1929.88
1291.11
1515.59
1415.36
1506.37
2949.98
1740.12
2136.65
1089.53
1200.31
2552.26
1943.23
2158.86
1113.72
1794.93
2183.8
2502.95
3846.8
2513.93
1646.19
2034.54
1979.87
1388.74
2699.07
1977
1746.16
1420.98
4243.52
2207.38
2014.28
3155.66
1302.79
1458.14
1105.45
2587.1
1811.6
1386.23
3130.47
2462.87
1859.45
1308.47
1836.44
1608.36
1383.36
1280.15
5301.32
1079.89
1722.76
1397.12
2481.6
1722.05
1789.66
2148.57
1853.14
1952.81
1333.05
1453.19
1574.48
1348.54
2350.88
2005.16
1931.98
1359.61
1557.6
1670.46
2353.13
2157.96
1498.1
2100.03
2011.78
1322.04
1644.27
1153.99
1840.65
2082.67
1044.39
1252.61
2448.64
1878.79
2156.34
1972.1
1993.25
1660.31
2434.41
1772.14
1199.58
3042.38
1548.65
932.545
1369.62
2125.7
1383.52
2052.98
2695.77
2249.53
3751.2
2322.61
1246.24
1690.03
1954.25
2175.79
4225.7
1553.08
1571.68
3280.71
1829.15
1102.62
3338.52
2941.88
1683.14
2240.22
1483.35
1750.32
1776.25
1718.03
3398.8
1190.52
1826.33
1517.43
2031.06
1365.54
948.681
1121.52
3190.78
1431.75
1509.74
1592.28
2850.29
1349.45
2842.95
1596.87
4540.59
2703.67
2664.43
1338.74
1399.47
2254.68
1019.86
1642.81
3730.48
1110.8
1486.86
2298.7
1161.81
1897.13
1547.3
1661.71
2453.68
2219.42
2422.72
2163.14
1601.99
1450.61
1373.43
2865.81
2189.28
2123
2110.42
1658.69
1645.46
3193.12
1911.14
2133.53
1120.24
3270.56
1444.15
1341.1
1927.98
2486.11
2519.84
2957.18
1510.14
1399.83
1030.51
1316.26
1741.46
1276.28
1477.13
1329.51
1346.8
2351.14
1150.24
1202.93
4635.34
2265.38
2076.03
1555.45
3618.23
2598.12
2317.52
2226.95
2154.46
1827.89
1692.67
1805.59
1532.46
2541.66
1346.79
2641.16
1648.67
2572.82
1553.43
1792.47
2540.94
3163.14
2912.54
2545.12
2131.19
1293.46
2158.9
1144.67
1687.34
1692.11
1399.25
1948.21
2011.44
1322.99
1309.5
2028.67
1358.49
2172.45
1193.62
1392.21
2425.01
1018.08
2474.95
4005.6
5252.41
3213.56
1784.1
1482.81
3363.01
1842.26
2434.05
2020.85
2903.39
2296.73
5890.66
1878.6
1258.03
1547.46
1261.32
1357.81
1825.1
2796.05
2204.73
2129.43
1690.33
1550.78
2169.97
3030.23
1964.89
2305.14
1403.15
2098.12
1487.76
2856.93
3064
2378.83
1851.43
1474.98
2010.66
4458.8
1382
1313.71
1593.62
1726.85
2132.3
1177.5
1478.62
2183.62
1483.05
1835.77
1600.33
1815.06
2246.7
1960.52
1594.06
1451.08
1957.37
2079.49
2284.43
2081.71
1161.11
2538.14
1998.94
7397.79
1889.94
1049
2625.14
1332.75
2207.23
1934.18
1828.94
1214.64
1206.03
2500.69
1290.98
4552.63
1920.87
2412.05
1963.39
1789.44
1345.15
2690.45
2241.04
2878.02
1670.32
2402.84
2167.29
1885.8
1777.28
2881.59
1685.04
1416.86
1911.87
1178.73
1759.21
1894.02
1836.51
1002.53
1602.32
1946.12
2357.59
1447.09
2615.12
3796.98
3446.74
1302.62
1922.64
1773.4
1587.7
1376.3
2090.37
2304.11
2318.7
2303.47
2714.83
1234.74
2671.37
2002.17
1354.79
1389.67
1169.97
1274.2
1977.27
1510.37
1269.24
1913.97
2110.07
1525.95
1682.85
1965.53
4735.56
2147.45
2031.59
1511.35
1531.6
1837.43
1099.85
1693.7
2556.64
1302.19
1334.01
1239.23
1639.83
1306.56
2091.3
1712.78
2071.39
1193.05
1870.86
2254.13
1636.25
1481.67
1339.24
2353.86
3118.6
2145.57
1393.53
2760.66
2968.98
2855.24
2550.13
1785.62
1494.31
2174.44
2288.81
1701.75
2045.59
2146.53
2485.62
1153.47
5838.34
1844.89
1789.24
3524.7
1585.3
3145.47
3130.91
4328.91
1649.73
2105.79
1632
1194.33
2606.89
2157.22
2013.37
2328.9
2391.65
1666.44
2384.13
1517.42
2707.19
1451.87
2128.73
2078.27
1673.14
1966.74
1846.62
1315.78
1706.69
2344.42
1463.01
1525.09
2400.49
2722.16
1666.83
1874.92
2401.09
2251.8
1453.47
3060.4
2133.31
1363.61
2552.45
2085.95
1725.43
3802.4
1777.57
1518.77
4526.33
2781.62
1591.4
1705.77
1403.83
2177.7
2180.53
1486.91
2358.27
3409.52
2056.44
2850.05
2200.07
2266.1
2712.85
2293.07
1475.31
1179.66
1825.15
2103.95
1708.86
1741.68
2054.63
2548.62
1845.12
1198.12
1737.94
2760.94
2684.16
1512.66
2082.49
1635.9
1168.36
1206.94
1712.62
864.211
2722.89
2073.6
1893.71
1460.92
1326.92
1700.82
2454.06
2799.29
1245.71
2528.18
2433.28
1530.25
2230.98
2237.43
1189.48
2582.31
1848.38
1382.36
3296.12
1914.99
2016.62
3246.21
2179.19
1154.31
1955.66
2249.45
1238.26
1453.07
1542.5
1255.76
1566.76
1634.13
2697.35
2469.84
2082.64
1582.92
1382.49
3178.53
1521.92
1381.31
1257.68
1430.88
1669.82
2170.59
1525.68
2604.64
2063.69
1761.75
1876.97
2243.34
2094.22
1052.47
1635.69
1562.68
2383.07
2260.06
2848.62
1398.3
5119.56
2029.86
1142.66
1195.26
1596.07
1608.6
1900.59
2323.86
1443.68
1594.72
1157.34
1284.14
1500.08
1597.77
4605.49
2212.11
2908.68
1262.83
1444.74
2162.15
1981.09
5161.27
3189.9
1383.24
2038.5
3037.17
2236.19
2496.62
1213.6
1680.18
1501.41
2453.97
1801.57
1954.34
1936.28
3151.67
1697.6
1446.1
1909.09
1606.1
1191.91
1515.86
1581.85
1281.85
1308.65
2430.54
1399.99
1319.55
2225.44
1741.9
3133.1
1441.48
1683.72
1694.86
2120.96
1088.96
2244.7
2370
1273.47
1512.02
1620.38
1901.34
2008.44
1015.27
992.565
1724.26
1685.88
2418.47
1910.98
1841.65
3968.14
1491.05
1301.92
1296.54
1353.09
1670.79
1165.92
1720.85
1236.26
1808.53
2590.71
1520.13
1889.72
1545.88
1549.74
2228.89
2515.46
1865.19
1761.37
1478.91
1550.37
2184.35
1548.81
1862.23
2892.37
1718.91
1121.05
1748.04
3239.58
1804.05
4075.56
4047.79
1467.41
1662.88
3487.91
2538.7
3081.82
2109.98
1908.48
2747.21
2046.36
1191.16
2110.33
1747.16
1590.51
2694.58
1568.64
3390.6
1504.13
1276.62
1296.54
1657.78
1589.39
1092.83
2851.29
1610.7
1638.84
2095.65
3366.53
1660.13
1659.25
1464.61
3038.79
1392.73
2735.5
2868.5
2653.66
1687.68
1555.62
4729.44
1950.99
2058.65
2076.46
1906.64
3205.05
1840.15
1183.36
2393.28
1942.55
4371.62
1390.22
1976.84
1071.19
2011.32
2127.52
2431.52
993.15
1408.54
3020.58
1380.4
1639.98
1226.74
1507.01
2035.31
1261.41
1910.08
1788.63
2175.99
1280.75
1764.09
2121.06
2662.45
1614.44
1565.53
1983.66
1546.12
1742.04
1876.2
3225.42
1847.19
2408.57
1229.41
1228.9
1287.33
1126.38
2599.14
1304.18
1377.37
1918.68
1598.34
2161.67
1323.91
3495.54
2398.62
2996.97
1263.25
1289.86
1406.48
1697.49
1403.47
1389.14
2227.53
2027.35
2421.41
1817.47
1442.33
1659.28
1864.51
1581.77
2567.05
1852.87
1273.59
1783.78
1338.32
2061.85
2090.57
2445.53
2383.4
1633.84
1116.44
2785.56
1501.2
1729.06
2474.1
1479.14
1474.64
3213.98
1897.07
4347.33
1110.35
1254.13
1079.88
1493.96
1393.49
2132.77
1857.64
2163.09
1570.17
2059.76
1525.4
1961.96
1141.45
1132.49
2733.84
1984.17
1543.75
2066.44
1643.95
1638.94
1526.51
4610.58
2034.93
2544.12
1506.77
2631.44
2467.14
2226.21
1500.53
2520.75
1955.64
1875.42
3597.32
1680.19
4640.72
3543.66
2297.57
3675.52
1161.07
2898.59
2043.77
1650.76
1706.48
1722.87
3126.82
2613.36
2304.56
3557.96
1495.93
2948.91
4525.29
1894.11
1814.39
1681.45
1465.04
1683.36
3608.62
1984.78
1548.34
2108.91
2310.69
1630.97
2218.99
2168.89
1394.71
1263.92
3015.2
1675.81
1300.42
1794.48
1899.16
2576.74
2533.44
2147.25
2892.29
1302.29
1267.44
1970.94
2417.06
3035.95
1096.96
2036.79
2449.59
4919.71
1389.15
1843.1
1780.8
1904.23
1466.94
1162.62
2594.22
1447.11
1284.77
1708.16
1141.91
2319.18
1705.37
1547.43
3124.69
1695.08
1824.17
2113.21
1517.85
1503.72
1444.09
1664.61
1520.34
1302.28
1554.45
2069.44
1768.96
1683.25
1229.13
1408.52
1579.79
1371.2
1647.44
1903.41
1036.63
2394.64
1599.34
5010.83
2274.1
1286.79
2020.71
2140.39
1493.21
1779.28
1403.22
2029.05
2997.38
2389.11
1211.12
1370.18
2347.55
1798.84
2088.82
2461.4
1633.55
1985.92
1207.03
1252.5
1708.96
1549.09
1028.02
2250.67
2364.18
1384.59
3344.64
1483.62
1685.49
2622.12
1901.99
2518.54
1623.16
1908.85
3237.85
1898.56
1716.01
4029.19
3216.58
1546.34
2788.08
1220.57
2600.09
3162.96
1895.31
1297.24
3744.45
1906.98
1459.49
3139.02
1381.9
1579.73
1521.15
1489.18
1153.53
1431.33
2833.3
1790.31
2464.69
1082.72
3041.58
1003.72
1701.31
1861.79
1909.62
1389.96
1774.55
2449.77
1677.78
1539.03
2597.19
2369.76
3796.01
1509.19
1667.17
1831.9
1336.01
1876.78
2379.72
1635.73
1828.44
1567.53
2513.79
1604.55
2040.89
1314.96
2009.67
1875.15
1908.53
1174.77
1354.39
2903.51
3933.38
4741
1801.61
3884.06
1731.79
2366.26
1265.32
1814.74
1327.97
2133.62
1731.83
1536.56
2214.66
1261.4
2200.86
1555.06
1705.74
3083.33
2571.7
1455.57
2068.13
1624.92
2822.65
1683.08
2260.45
1726.2
1429.98
1152.04
2168.38
1154.1
2022.78
2139.26
2044.67
2028.22
1177.23
2420.09
1045.15
2599.35
1629.94
1246.93
1236.35
1992.38
1951.74
2290.92
2551.47
1423.82
1118.53
1772.54
1413.67
1516.98
1679.78
2113.13
2119.23
2182.08
1370.44
2038.71
1539.15
1394.61
3182.76
2366.37
1981.62
2017.97
4255.08
1824.35
1415.89
1580.77
1669.77
2598.52
1189.07
1583.37
1276.56
1800.02
1744.04
2050.76
2378.26
1159.83
1941.62
1524.48
2315.27
3307.29
2713.99
1845.45
3113.78
1629.92
1348.29
2190.66
1539.54
1709.29
2139.49
1949.53
963.742
1189.28
1459.85
1372.53
1421.23
2171.13
1576.24
1699.61
1986.47
2513.31
1955.45
1327.98
3135.08
3819.02
1089.12
1625.7
1506.82
1113.89
1802.79
1501.99
2013.99
1385.62
2314.91
1723.74
1823.56
1009.36
1811.76
1812.4
3110.16
2501.31
1247
2152.41
1991.73
2148.01
3507.74
3572.22
2163.69
2793.67
2590.59
1710.69
1661.01
1506.25
1496.53
1831.97
1478.65
2154.95
1913.78
1363.67
1539.65
1613.16
1422.63
1880.23
2226.34
1627.01
1482.35
1389.7
1493.01
2283.21
1638.45
1972.89
1511.47
1540.99
1539.9
1404.87
1945.81
1766.43
1605.85
2474.92
1712.23
1854.05
2044.88
3622.48
1830.42
1598.42
1502.19
2493.37
1313.92
2274.18
1710.42
1605.04
1865.81
2003.57
904.004
1973.6
2543.91
2416.72
1458.82
2720.47
1962.6
2305.16
1564.03
2610.59
1528.17
1160.11
2063.9
3275.03
2801.9
1412.9
2595.41
1328.74
2377.87
1031.65
1152.68
1931.33
2853.23
2037.69
1367.25
1838.88
1311.89
1503.97
2537.57
2693.19
3703.09
1061.27
2225.03
2408.47
2055.32
4743.38
1985.15
3085.64
3798.94
1095.71
2024.67
1531.14
1979.39
2001.14
2032.45
1654.64
2861.29
2906.61
3175.35
2239.77
2396.08
2959.84
2240.38
2480.64
2023.49
1841.81
1843.6
1891.62
2234.23
3096.01
7079.35
2344.45
2880.35
1661.79
1873.07
1341.08
1096.2
1886.33
1624.98
1522.33
1477.09
1331.64
3650.64
1558.28
1255.75
2225.84
1944.77
1795.08
1281.27
2753.48
1943.86
2160.73
1345.34
1317.55
1546.28
1732.76
1497.07
1190.78
1652.49
1628.07
2032.9
1347.37
1403.03
3324.38
1891.44
1773.76
2337.94
1704.19
1659.34
5573.9
1729.06
1872.79
1234.4
1789.47
2570.72
2179.67
1953.92
1378.51
1236.26
2131.85
1547.77
1876.76
1425.72
1704.15
1831.23
1564.67
1822.02
1986.73
2327.53
2627.64
1781.15
3962.35
1640.43
2359.92
1630.39
2587
3779.07
2412.59
1799
1634.38
1386.51
1191.72
1448.22
2477.78
1558.6
4524.83
1723.4
2186.09
2408.98
1169.62
1713.51
2975.28
2050.45
2535.02
4365.66
1967.96
1729.72
1903.4
3542.2
2805.44
1828.77
1061.38
1621.07
1255.07
2205.61
1682.55
1482.38
1855.73
1624.24
1690.43
1352.02
1730.2
2243.08
4637.45
1799.85
1702.2
2328.91
2281.75
3767.55
1417.73
1602.61
1834.04
1379.08
1440.07
2073.46
3005.69
1667.22
3726.47
1127.7
2233.4
2136.45
1287.7
2285.4
1610.79
1232.11
1453.58
1170.3
1793.51
1770.2
1507.13
1443.85
2223.29
1629.7
1249.58
2805.4
1553.41
1834.47
1771.6
1638.37
1101.76
1613.27
1396.33
1883.08
1542.31
1881.58
933.694
1602.95
2499.17
2118.02
1153.16
3450.13
1633.69
1801.56
1912.19
1530.92
1916.67
2229.35
1430.45
2119.3
1348.93
1940.33
1333.1
2072.44
1620.76
2307.91
1729.91
1274.16
1508.28
1887.94
3256.67
1755.19
1376.85
1523.56
2300.16
2159.78
2151.03
1973.04
1701.37
2625.04
1727.77
1613.64
1274.99
2326.55
1543.65
1525.77
2000.59
1749.84
1548.3
1945.36
2638.63
1356.89
4880.48
1878.87
2067.43
2613.86
2503.69
2236.6
1271.49
1928.7
1412.85
1610.31
1485.42
1273.43
1528.51
2115.88
1850.08
1689.61
1564.33
1780.97
1710.6
1444.07
1447.34
3223.05
2728.38
2613.22
1961.73
1690.59
1232.37
1581.48
1592.29
1641.18
1890.42
1773.97
1446.52
1833.74
2172.48
1914.42
2126.21
2531.11
2010.42
2129.34
1600.63
1903.13
2702.03
3127.13
2117.88
4730.5
2023.1
3365.12
2022.98
1312.91
1488.08
1254.93
2542.55
1555.24
2314.01
1336.11
1783.59
1980.52
2825.2
1433.01
1817.48
1723.4
1523.67
2096.96
2024.34
2535.51
1545.93
1941.1
1288.93
1067.75
3412.57
1889.49
1320.5
1899.36
1725.99
2266.93
2002.86
1815.33
2216.1
1298.93
1787.83
3120.39
1240.87
1569.24
2773.92
1166.51
1344.87
1820.81
2468.55
2674.75
1510.44
1146.61
2503.8
3700
3934.66
1517.76
1358.74
1613.7
1463.54
1589.29
1747.02
2381.91
1751.26
2695.45
1677.92
2385.5
3161.2
1525.9
3137.85
1676.31
1053.06
1466.17
2135.82
3378.99
2149.69
2043.61
2728.51
3780.51
1959.09
1617.08
1153.64
1433.58
1366.36
2675.71
1256.79
1221.27
1580.09
2255.57
2819.56
2320.7
1250.4
1928.8
1560.8
1401.71
2209.2
2366.54
2464.32
1862.78
3035.6
1865.06
6225.96
1715.3
1822.38
1538.73
1554.88
2015.13
1345.95
1309.36
1931.87
2271.49
1719.7
1607.53
1950.85
1666.73
1836.06
1406.67
1516.06
2212.36
1624.14
1344.07
1674.26
1423.76
1762.93
2037.45
1691.61
1747.54
1397.6
2929.01
1880.09
1521.15
1644.11
3290.09
1384.91
2393.21
2174.36
2027.03
1197.26
2575.11
1637.75
1072.16
2911.49
1112.37
1371.38
1552.69
1454.66
1835.92
3816.1
1953.85
2654.74
1670.06
1884.62
1948.69
1968.34
888.545
2554.61
2477.72
2341.97
1686.56
2469.25
1993.62
1385.14
1857.47
1194.2
1349.68
1706.09
1971.39
2647.39
1697.57
1559.52
1469.91
1768.52
1367.4
1979.82
1884.9
1721.4
2496.34
1708.34
3547.21
2439.71
1314.53
1339.63
2763.65
1781.24
2624.87
1347.19
1855.59
1562.43
1545.3
2290.77
1259.55
1259.29
2048.19
1839.88
2332.05
2391.99
957.487
1865.01
1171.06
1808.71
1935.29
1170.31
1308.33
1401.48
2293.91
1350
1826.36
2178.9
3482.19
2750.71
1469.38
6691.65
2178.8
1984.94
1488.37
2794.55
1511.63
2146.35
3408.2
1196.19
1297.77
2596.34
2320.82
1730.55
1165.8
2066.57
1362.11
1411.39
1733.17
1831.31
13341.5
1544.79
5596.57
1695.7
2062.33
2407.16
1547.93
1528.88
1669.77
1750.09
1313.39
1496.6
1760.79
1146.73
1554.14
2153.32
3935.53
2386.96
1743.6
1596.88
3067.75
1545.85
3566.34
1454.17
1403.59
4127.5
1665.07
3022.14
2259.62
1952.87
1834.12
1168.29
1782.55
2855.24
2270.49
1922.76
1640.63
1745.24
1670.41
2451.22
1542.7
1794.37
2177.27
1544.59
4765.27
2341.95
2476.2
3521.1
1866.96
2452.38
1658.57
3037.11
1669.5
979.823
1771.79
1005.83
1542.99
1888.77
2230.56
1726.25
1919.2
1814.48
1486.84
1655.84
1616.26
1752.29
1811.53
3314.31
1155.89
2037.67
1946.32
1999.25
1176.55
2449.21
2655.51
2162.34
1015.73
2089.49
1786.66
1817.42
3052.53
2045.26
1055.88
1221.19
4687.21
2019.81
2236.61
1409.54
2488.42
1730.59
2440.95
1341.2
2987.97
1840.19
2523.31
2251.68
2735.01
2294.42
1454.99
1488.85
1854.27
3341.44
2661.98
1840.91
2102.23
1627.61
1399.63
1603.78
2243.43
1596.76
2524.71
1125.62
1553.33
3590.41
1774.98
2554.64
2485.58
1291.24
1121.75
1461.37
2399.28
2167.19
2127.43
1056.81
2514.86
2842.87
1244.04
1610.16
1531.56
1613.29
2089.87
1849.01
1355.98
5699.85
3160.19
1699.13
2217.05
1248.28
2022.67
1495.77
1871.51
1738.62
2599.82
1919.02
2031.85
1247.34
1501.38
1394.71
2064.71
1548.15
1873.37
2843.32
3042.96
3783.58
1486.97
2771.69
2665.11
1781.32
2922.06
1294.55
2634.66
1273.93
1854.07
1679.43
3177.86
4972.56
1203.97
2088.71
2401.86
982.551
1397.07
2998.97
2246.2
1460.93
2261.74
1924.14
1726.42
1991.05
1609.4
2468.99
2751.03
1324.57
1202.2
1799.45
1843.72
1402.21
1351.93
1823.91
1862.82
1439.76
2437.99
1679.24
1523.41
2803.15
1607.48
2433.27
1875.28
1947.44
1577.99
3031.92
1777.28
1992.51
1906.99
1579.48
1617.7
1773
2219.36
1815.67
1044.05
1199.65
2207.21
2189.46
1907
1756.18
1662.89
1635.96
1956.63
1253.48
1252.84
1580.14
1784.13
2167.16
1769.66
1787.15
2096.58
1612.99
1604.9
8834.84
2661.5
1717.77
2328.97
1834.1
2848.85
1788.31
1507.23
2988.23
2442.1
2300.24
1442.67
1641.99
2317.9
1928.53
3317.63
2480.35
1697.09
1952.34
1745.21
1208.17
1877.66
2218.52
1239.5
2272.54
2123.07
1526.57
2186.04
2353.37
1706.54
2208.75
1742.97
1381.08
1668.93
1847.87
1817.95
1045.24
2225.54
1200.96
2213.56
2408.12
1880.64
6076.59
8040.87
1653.65
1265.44
1327.77
1897.99
1464.87
1222.96
1607.05
2900.23
3367.86
1709.45
1308.4
1614
1967.12
1898.06
2071.47
1512.01
4998.63
4323.63
1529.96
1684.62
1865.09
1913.66
1321.44
2319.49
1461.41
1198.97
2418.11
1742.09
1097.37
2616.85
1609.16
1715.06
1270.64
2902.36
1832.28
3901.58
2035.29
1453.93
2000.75
1921.02
1664.86
1721.24
3375.74
1995.38
2953.38
1092.74
2125.13
3966.38
1827.79
2545.39
2062.85
1963.4
1252.72
1221.43
1720.57
1267.87
3636.54
2446.63
1814.95
4670.9
1959.41
3994.47
2002.34
1251.45
1664.02
3578.09
4410.34
1907.54
3594.08
2012.26
1752.7
2169.45
3624.51
2085.5
3181.78
3550.01
1635.71
2043.83
1959.16
2889.28
5107.82
3348.17
1408.75
1776.17
1146.57
1878.32
1210.73
1467.59
2160.83
1268.7
1626
1520.36
1676.23
2228.55
968.308
1839.84
1965.03
1642.13
1277.1
1364.92
1866.83
2013.68
1345.37
2375.24
1357.3
3111.67
6048.37
1469.12
1326.1
3987.89
1998.64
2437.54
1307.46
1268.37
2856.13
1706.62
2322.77
1226.12
2897.12
3094.22
1514.13
1212.21
1496.07
2359.69
1943.57
2129.45
1582.87
1633.42
2192.06
1514.21
1106.66
1653.16
1507.65
1322.32
1459.14
2276.09
2209.81
1303.66
1485.64
2299.55
2209.71
2142.78
1671.6
2310.15
1421.14
2084.88
2355.69
1726.5
1113.89
2205.86
2128.86
3854.31
1467.74
1456.58
2109.45
1350.33
2194.3
1937.18
1952.27
1492.08
1505.65
1729.38
2097.06
1589.05
1321.85
1625.04
3419.08
2806.44
2001.97
1567.33
2394.94
1708.66
1852.23
1803.09
1493.05
1801.99
2108.09
4631.54
1594.78
1592.74
2537.54
1627.45
1900.61
963.862
2479.68
1908.17
1957.24
3321.46
1835.25
1884.91
3022.98
6220.97
1448.16
1659.72
1227.33
3890.52
1328.59
3312.18
1369.39
1445.72
3755.66
1942.15
2184.16
1499.66
2242.06
2012.26
2651.96
1625.46
1487.64
2138.04
2381.82
1843.19
2757.93
1564.66
1374.65
1178.46
1779.8
1913.83
2742.78
1840.27
1685.53
1873.89
1293.92
1817.55
3093.65
1752.48
1782.59
2726.75
1757.65
1443.76
1622.72
3422.4
1925.21
1820.35
3274.01
1215.64
1112.4
1502.28
2961.53
1765.89
2526.5
1303.85
2622.61
1577.67
4417.82
2181.36
2305.55
2464.82
1991.23
1597.61
1812.52
2248.66
4661.17
2497.89
2736.47
1415.11
2073.31
1686.34
1582.64
2239.6
2206.51
1592.41
2295.51
1241.95
1718.19
1890.96
1789
1360.12
1904.34
1495.68
1133.51
1452.7
1974.52
2178.87
1513.13
3339.14
2766.99
1879.52
1317.22
3722.16
2330.84
1277.14
2147.42
2443.12
2649.04
2280.13
1664.28
2918.23
1949.95
2030.94
1738.95
1547.86
2654.8
1434.21
2489.74
1441.65
3078.94
1532.94
1125.23
3237.69
1620.83
3165.8
1636.95
1907.92
4821
1243.87
1470.33
1556.94
1721.21
1939.37
3438.12
2136.88
2772.92
1789.3
960.677
1893.95
1538.07
1632.47
2887.78
1340.58
1435.96
1640.71
1026.1
2232.16
2556.33
3301.85
2679.69
1665.82
1518.6
2843.12
2162.63
2353.81
1994.91
1322.33
2249.43
2187.25
2137.84
2850.53
919.957
1830.01
2424.8
1339.88
1559.38
2680.4
1565.94
1653.66
1488.57
1695.56
2396.47
1221.48
1799.32
1448.61
2684.76
1846.97
3312.09
1788.25
2640.02
2697.87
1955.27
2937.53
1605.93
1951.96
1798.28
1676
2315.5
1739.42
2083.83
1563.86
2507.28
3870.52
1235.98
3123.85
1514.08
2337.63
2340.38
1921.04
2626.12
1877.98
1648.69
1804.48
1997.28
1758.21
1211.63
2046.45
1064.5
1071.15
2109.59
1304.71
2095.25
2403.11
2190.55
2639.74
1741.79
1184.16
2252.29
1388.8
1948.19
2555.75
1475.25
2188.54
1469.31
3256.8
1389.54
2469.05
1582.44
1285.08
3242.87
1525.75
1916.14
1495.57
2194.1
1441.99
1128.44
2914.12
2674.79
1963.07
2639.74
1756.4
1544.69
3754.91
2985.92
1695.25
1160.82
3684.29
2133.24
2493.08
1379.68
1536.93
3157.06
3377.58
1773.24
4094.26
1393.9
2159.03
1391.67
1817.87
3766.36
1842.33
2368.87
1446.07
1194.86
3036.81
2281.99
1474.58
2029.62
4527.55
1948.42
2017.89
1879.62
3763.58
1698.63
1378.62
1616.01
1413.65
1759.46
2040.61
1611
1670.46
1551.47
1458.41
1324.76
1498.63
1195.35
2976.67
2255.38
1365.92
1553.18
1851.22
1502.59
2924.75
2512.84
2336.94
2151.51
1447.54
2144.84
1755.66
2390.52
1965.22
2738.9
1685.63
1881.23
3529.39
1420.99
1708.19
2422.63
2001.01
1535.01
1221.25
1108.82
1321.76
2698.22
1214.77
1991.47
4346.99
1464.4
1124.83
1516.78
2033.7
3300.37
1252.32
2001.35
1824.65
1634.43
1597.37
1626.08
3437.1
1634.76
1214.07
2609.42
1780.25
1727.38
1614.85
1675.42
2119.41
1467.78
1749.82
2126.6
3118.4
2187.65
2023.97
1513.15
1490.9
2076.09
1980.35
3169.41
2027.91
1481.72
2203.56
1360.48
2243.21
2130.97
6294.83
2012.85
2573.43
1944.16
1907.07
3109.66
2377.93
1479.05
1389.83
1357.44
2458.98
1667.78
1020.3
991.762
1371.48
1304.05
1923.64
4148.53
2619.01
2882.28
1730.44
1360.94
1432.5
1696.28
1619.73
1699.38
2884.47
2559.94
1108.74
1401.43
1697.76
2305.09
1556.19
1448.35
5144.33
1868.22
2592.88
1984.44
2356.44
1707.82
2332.02
1572.92
1690.8
1130.63
1390.44
2022.88
1739.97
1622.49
2753.36
2075.31
1756.9
2566.84
1188.86
1334.38
1913.41
2597.98
2228.07
1085.74
1353.31
1027.24
1267.7
1535.35
2542.15
1999.82
1310.43
2031.37
1749.29
1167.65
2518.41
1270.73
1666.73
1316.8
1298.91
2186.55
1647.9
2150.31
1522.89
1189.11
2141.29
1821.04
1898.02
1985.1
1393.19
3229.64
1730.47
1631.15
2087.32
2019.67
1189.02
1022.54
2356.15
1871.19
2434.15
2098.99
1185.18
3586.79
1716.14
1766.73
2355.84
1172.08
1853.37
2464.33
2683.47
3948.28
2444.91
1023.24
1893.91
1900.57
1429.29
1939.74
2082.65
2327.27
2282.57
2305.45
2360.28
1995.92
2472.9
2211.41
2118.53
4431.36
1769.39
1433.92
3582.99
1908.13
1046.62
1191.57
2181.4
1957.53
1494.05
1944.62
1137.56
1789.38
1758.74
2062.66
1741
3630.87
1526.46
1950.89
1453.7
1409.72
2079.48
3328.95
1709.53
1744.53
2546.71
2209.85
1490.19
2720.86
1817.68
1969.45
1601.55
1187.39
1865.48
4941.72
2491.85
1674.25
2126.08
1294.51
2191.98
1686.95
1759.28
2186.2
924.312
1273.29
1768.11
1284.56
1928.25
1972.01
1675.84
1803.29
5746.73
1902.2
1601.7
3081.09
1390.37
1246.89
1809.71
2096.75
1690.18
3582.44
1711.99
1247.35
3028.89
1176.63
2059.18
2665.95
1351.06
2081.29
1495.74
3135.99
2100.12
1892.54
1285.28
2148.58
1711.67
3040.11
2707.54
1758.15
2570.72
1355.34
1310.25
3121.94
1986.75
1343.71
1587.89
2155.44
1861.48
1852.24
1666.4
1336.6
1893.77
1127.17
1466.86
1957.97
2045.08
1125.83
1051.22
1969.94
2193.38
2478.43
2943.69
1414.61
1662.75
1284.49
1363.81
1791.7
1963.92
1659.21
1582.78
2879.1
1892.21
2636.91
2599.36
1373.26
1296.9
1908.63
1355.27
1308.43
1239.92
2544.36
2618.61
3888.89
2650.69
2155.71
2866.76
1507.53
2026.04
1831.87
1203.71
1256.25
1849.58
1462.53
1231.45
2080.54
1492.92
2275.45
1736.82
2111.45
3095.35
1872.41
2907.5
1175.97
2020.31
1179.51
2304.27
1398.23
1677.89
2395.76
1672.92
1732.13
2290.9
1441.66
1811.69
3012.6
1246.59
1199.21
2895.64
1817.78
2826.15
3229.28
2305.05
1980.14
1816.72
1752.04
1308.95
1557.19
1403.22
1365.73
3006.34
1413.38
1140.59
1325.62
2647.64
2187.31
2604.7
2939.92
1729.38
3001.66
1836.46
3452.18
1096.27
1715.09
2001.56
1154.21
2820.52
2974.43
2079.47
1622.03
1691.34
2246.6
1640.97
2427.41
1696.21
4976.42
1144.41
1398.08
2183.27
1164.25
6875.12
2060.16
1792.03
2016.07
1168.41
1648.2
2196.56
1393.43
1966.81
1530.03
4449.13
1529.62
1589.13
1289.31
2330.12
1349.1
1929.1
1983.44
2974.26
4236.04
1100.73
1944.16
1918.07
2453.95
1979.2
1849.24
1565.9
1697.69
2050.98
1286.91
1583.1
2129.92
1970
1820.19
1154.96
1364.76
1695.82
1853.04
2027.63
2196.14
2117.63
1064.82
1849.04
1996.49
1461.46
1062.96
1452.54
2329.56
1035.43
2963.65
1064.41
1517.17
2715.37
1003.44
1612.83
1895.5
1397.57
1250.29
1176.53
1931.57
2415.33
1611.2
1758.5
1577.72
2634.9
1890.99
1057.66
2751.11
1903.45
1522.74
1630.73
1676.89
1499.36
1493.32
1904.32
1815.94
1678.31
1595.89
1775.56
4114.85
1283.23
2143.21
1568.47
1526.63
1338.81
1447.89
1386.35
1509.25
1571.78
2221.97
2729.01
1453.43
1467.89
2865.95
1481.4
2120.51
1525.13
1496.12
2162.54
1488.25
1358.25
2439.97
1220.8
1402.56
2833.98
2901.45
2082.85
1288.3
1968.66
1655.38
1671.76
1738.13
2130.32
3008.2
1041.71
1444.76
1902.29
1236.64
2150.75
2846.02
1834.9
1364.67
1485.21
2277.15
2249.56
1663.16
1455.56
1472.32
2830.61
2408.97
1836.2
2542.96
1989.07
1763.88
1707.49
2507.1
1301.11
2035.05
1174.15
1775.28
1769.04
2241.37
2528.83
2203.83
6075.94
1702.85
1453.51
1467.02
1735.07
2684.7
1961.15
1784.13
2090.31
1349.54
3096.7
3606.55
1830.42
2060.2
1586.97
2100.81
2744.08
2004.96
2144.74
2046.56
2336.51
1334.22
2738.82
1595.02
1741.44
7909.63
1616.67
3829.04
1413.72
1098.41
2792.91
2430
1362.26
1566.04
1766.39
1713.1
1783.51
1807.82
1647.7
1336.71
1356.13
1708.5
3306.34
1341.46
3295.66
1972.95
2348.26
2361.12
1973.57
1909.53
1501.8
1410.11
2178.24
2499.91
1288.99
3105.09
1425.58
2447.37
1691.01
1332
2470.86
2591.42
1566.94
1537.16
2899.75
2329.83
1462.79
4004.89
1161.66
3906.67
1254.73
1603.76
1503.97
1817.9
2267.78
1893.39
2736.87
1562.88
1640.32
1510.37
1388.49
1578.28
2826.33
2209.35
1050.36
3020.64
3152.41
1467.75
1361.89
1803.39
1760.22
2152.08
1901.99
2090.87
2034.57
1930.33
2693.72
2059.67
1590.62
2837.63
2540.05
3661.86
2341.35
2239.16
1981.55
1648.95
1315.14
2153.79
2641.64
1000.52
3867.69
1398.57
1271.28
4644.1
1135.49
3019.93
1600.55
4959.55
1638.52
2514.97
1888.39
1776.42
2631.04
2183.55
2681.64
1372.29
1554.68
1681.16
2335.68
1413.72
1334.55
2458.35
1569.97
1124.55
5398.55
2655.2
2829.29
2168.26
1691.57
1142.94
2088.68
1360.19
1528.57
1644.47
1299.18
2007.86
2331.88
1767.52
1681.52
1284.93
1574.2
1981.9
2393.53
1791.39
2125.32
2273.72
1591.74
1301.09
1240.56
3812.38
2316.06
1359.87
2889.85
1335.12
1380.53
1520.5
1786.87
1183.71
2167
1213.96
2847.89
1422.14
1644.2
1382.2
2205
1693.22
1289.62
2198.58
1659.51
1609.31
2634.63
1956.45
1859.73
2196.33
1431.42
3598.2
2331.26
1293.02
2197.35
1407.97
2250.68
1921.04
1455.56
1386.16
2118.34
1721.08
2223.44
1608.08
1787.87
2083.3
1757.87
1878.26
2301.86
4556.86
1487.43
1168.22
1139.35
1916.75
2453.43
1899.63
1578.05
1582.84
3703.02
1526.15
1528.55
1577.75
4237.58
1912.18
1374.9
4463.58
1591.19
1706.99
1843.83
1809.76
2636.59
2078.46
2172.78
1618.12
2311.06
3233.7
2315.78
1982.8
1771.97
2394.9
1628.57
2077.92
1905.24
2022.17
2083.85
1988.34
2324.29
1973.24
1710.18
1937.92
1943.63
1469.22
2259.49
1728.08
2797.03
1189.11
2504.26
2479.64
3689.16
1492.51
1920.59
1599.99
1590.28
1185.47
2132.19
1485.26
2560.92
1515.32
1703.91
2383.99
3482.13
3157.19
1634.29
2478.63
2214.22
2321.48
1525.81
1182.3
1657.46
1948.79
1670.1
2200.71
1588.88
2275.02
2112.27
2027.03
1341.38
2733.11
2102.8
1271.93
1879.04
1637.25
2447.51
3793.77
1972.21
1649.56
1068.56
1209.08
1277.89
1507.57
2847.29
2005.79
1175.03
1909.87
2496.69
1752.64
1691.1
4105.02
1451.67
1509.29
3062.74
1259.9
5499.19
1593.59
1701.23
3618.86
1531.81
1852.4
2822.6
1628.01
1934.44
1274.15
2362.93
2065.45
1971.9
1647.63
2237.17
2304.8
1376.35
850.001
2853.83
1542.29
2474.42
1410.87
2124.23
1302.45
1475.79
1693.78
1382.5
1910.31
2873.11
1373.47
1390.24
1503.08
1405.26
1563.98
1618.52
1488.29
1148.02
1676.15
1867.19
1270.04
1844.59
1764.26
1899.42
1889.1
1704.27
1735.97
1427.07
1990.04
3375.23
1696.43
1432.07
1137.68
2592.94
1773.97
3016.49
2196.44
1689.55
2026.02
2161.33
2913.19
1252.16
2026.13
1006.54
1761.6
1274.02
2009.74
2946.32
2469.14
1609.28
2823.12
3035.07
3200.56
1976.12
1476.68
1788.06
1060.16
1251.63
975.24
2736.77
1214.95
1885.17
2671.84
3866.96
1728.89
2588.05
1602.75
2017.71
1958.4
2032.17
2399.48
2435.73
1283.94
2108.57
2484.22
1640.57
2253.51
2139.18
2470.53
1571.93
1920.42
1358.07
2468.16
1270.27
3295.81
2349.29
1533.67
1291.92
1540.64
1768.4
1567.38
1143.76
954.924
2031.64
1483.43
3213.18
1576.58
2042.22
1866.65
1976.32
1379.08
1459.81
1181.46
2136.88
1372.3
1760.53
1616.5
2163.87
1202.57
2138.91
2696.4
1984.54
1951.35
2257.5
1472.96
1773.8
2173.25
4485.26
1257.1
2038.12
3260.37
1857.2
1650.63
1497.19
3212.06
3411.9
3688.16
2055.29
1577.41
2233.94
3238.32
2021.67
1530.78
1910.15
1019.71
3404.56
1716.06
1713.31
2817.77
1586.19
1319.46
1032.18
2629.63
1512.6
1644.21
1462.83
2251.49
2308.23
1924.69
2075.14
1737.52
1031.16
4079.03
2149.29
1266.47
1327.68
1963.87
1205.96
2287.62
1732.67
1642.22
3090.05
1825.91
1214.78
1343.46
1683.96
1404.08
2508.11
3273.1
1799.83
1680.62
1031.78
1631.37
1957.52
2300.82
2287.3
1984.23
1405.82
1642.62
1626.31
1656.36
1503.15
1805.58
2398.91
1241.74
1436
2066.14
1919.65
2153.56
2609.89
1720.47
1537.9
4767.05
1678.42
2029.76
1619.84
1571.71
1372.14
1267.42
1658.35
1940.34
1445.74
1450.82
1756.79
1574.81
1804.72
2252.43
5761.13
1892.58
2310.87
1367.13
2079.78
1410.73
1549.94
2401.85
2573.98
2704.27
2989.84
1328.84
1467.39
2254.28
1816.67
1580.65
2186.33
1812.95
1674.28
1365.23
1369.19
2526.54
4028.8
1269.4
1034.93
2820.88
1118.55
1256.92
6273.07
1597.69
1680.31
2354.11
2925.86
2428.24
1534.61
1831.27
1322.42
1551.73
987.653
2128.92
3524.09
1339.8
2250.66
2553.04
3059.57
1944
1581.56
2254.44
1959.27
2033.61
2324.06
1729.04
1530.28
2350.38
1788.64
3935.01
1911.03
2497.15
1980.25
3382.13
1934.09
1453.43
1837.98
937.81
2400.29
2239.79
1691.49
1764.95
2959.49
1271.86
1890.9
1834.96
1498.57
3837.97
1530.54
1893.78
1647.8
2154.65
1906
1488.47
1214.01
1190.38
1696.64
2353.31
1554.3
1946.77
3415.46
2805.52
4114.18
2046.13
2875.37
4016.86
2259.17
2256.48
1544.09
1441.39
1591.57
1641.16
2396.61
1539.67
1473.02
1926.12
1191.26
2228.71
2638.98
1562.3
1572.49
2252.31
2155.42
2906.15
2259.5
1451.74
2228.11
3104.07
2279.2
2437.6
2703.99
1225.3
2764.8
2649.07
1176.75
1309.11
1960.36
1429.04
3556.01
2386.27
2437.93
2770.86
1388.29
1832.11
1276.93
1516.13
3473.71
1797
2400.17
2535.7
1318.48
3109.8
1562.69
1529.85
1681.92
1406.2
1444.37
2380.06
1491.19
2888.27
2201.08
2539.77
2493.21
2217.06
1928.72
1592.59
2292.73
1557.14
1661.12
1596.74
2047.58
6414.93
1573.06
1235.37
1660.05
2250.87
1842.84
3608.98
1896.74
1810.09
1387.65
1555.26
2039.47
1936.42
1545.26
1418.56
1951.56
1015.1
1920.41
1440.86
2050.59
1365.73
2758.89
4029.08
1318.4
1185.73
2638.95
2285.34
1814.34
2590.11
1506.56
1951.18
1499.09
1218.55
2176.77
1620.76
2298.69
1747.19
3112.46
2930.43
1632.4
1525.54
3897.71
2258.68
2250.11
2196.01
1904.24
1975.84
2186.2
2324.66
1861.58
1921.89
2055.75
