14609.4
20165.8
5059.52
11570.7
8279.78
9397.43
5970.56
7545.59
13932.6
16160.8
10894.8
4602.35
11876.7
3446
9752.31
19148.8
11112.4
9291.61
7733.64
10542.5
7857.06
40453.8
5487.94
9393.16
10278.3
8463.93
25697.5
6568.89
11275.1
7495.98
6409.05
10630.8
4620.29
6635.31
5574.01
13713.8
5105.08
14857.5
8242.17
9536.01
8880.2
27695.2
8036.38
14708.9
7527.38
7507.24
11947.5
8163.48
5022.7
7999.74
6137.59
10017.9
10045.4
5885.59
14808.9
9689.01
9184.86
28028.6
10996.9
20071.7
9943.82
13203.3
18275.9
5482.43
10629.5
5929.01
9641.01
13849.7
10210.4
5863.72
11182.6
13729.1
14638.8
11794.3
12818.2
12229.5
9054.29
9314.16
5643.72
10953.7
5525.06
10224.3
23628.2
18079.4
25083.5
6546.74
15862.6
5627.67
13013.2
13485.9
6308.03
19851.3
10402.6
8312.06
6767.1
11070.7
10883.7
17142.3
12131.9
21432.2
5759.5
5782.54
8655.57
23038.1
16153.7
26634.1
12186.6
24483.6
6248
10491.1
6366.04
11100.3
8000.62
8721.92
21977.8
10365.6
3910.53
5109.51
11875.6
8441.29
11430.2
18259.4
22609
5988.86
10486.2
6205.47
16421.1
5195.98
13408.3
7241.43
6339.36
28473.4
14684.6
11005.6
7795.32
4597.18
7704.2
13130.8
6419.56
6237.04
10582.5
8698.55
18145.2
8467.63
16675.9
14350.5
14824.9
5263.75
6376.13
5182.12
12933.3
7167.55
11594.5
20591.7
17656.4
5807.68
8002.83
9326.77
6668.55
6120.26
22908.7
24331
16281.6
4592.58
18785.2
10473.6
3993.47
11560.9
19499
10087.3
4310.44
7781.03
9547.99
49565.3
22343.8
10685
29305.7
27768.2
10337.2
14823.2
12457.4
9715.32
9544.03
7264.75
14642.4
6134.5
14815.6
13279.9
8634.08
12678.6
23057.4
12087.4
4698.6
6389.52
15554
8508.94
9727.23
4426.92
11342.2
7852.64
13902.4
8072.19
15232.2
11357.3
13956.6
5276.68
5147.89
15801.4
6424.85
9885.62
6804.77
12083
13865.3
10824.6
16267.9
11553.3
7862.77
6230.24
10700.3
14165.3
8878.48
4896.14
15525.9
6457.02
6528.32
6062.1
9355.9
5260.82
6905.4
11079.4
28280.9
30372.2
9819.96
8134.84
15474.4
9505.65
7139.81
5027.94
39649.7
10717.7
12729.7
11648.6
6713.78
8814.73
6660.86
62207.7
12300.5
7036.71
12040.9
4362.33
9213.9
16312
30423
25947.1
8886.98
8909.02
14535
6119.06
10516.5
9823.75
15829.1
9477.36
34485.2
6825.58
5770.93
15507.2
23327.8
12167.6
26202
10305.4
25609.9
8433.95
16021.8
27830.3
22085
14197
13960.8
22313.8
12308.9
15526
19604.9
36505.3
5942.94
9118.14
14292.2
9075.47
14631.7
5083.93
10610.8
6020.47
22468
9733.54
5555.81
21925.6
9096.74
9947.73
6371.66
15632.5
7373.11
6357.97
12845
5167.45
6399.29
8604.8
14322.4
17288.8
11345.5
14942.6
3406.2
13925.2
26894.9
8050.73
5866.26
9044.77
11806.7
17183
11160.9
5400.82
11474.9
4584.71
9038.05
7812.38
5247.25
6131.94
7398.71
3899.28
8123.23
13720.7
10195.6
28378.2
7339.64
7846.33
11796.7
6090.86
5795.3
8794.44
14835.9
9900.09
11508.8
6612.58
17942.3
14155.5
6016.03
13116.7
16079.6
10655.9
6108.7
14303.6
7546.55
8012.4
12846.6
7917.53
20760.1
8509.49
12995.7
18359
12109.6
9256.59
6540.93
9220.76
7781.69
13347.9
15939.2
6132.52
5172.53
15970.5
36569.2
10030.9
9298.56
10832.2
8249.3
16229.2
18031.9
14909.3
4574.9
7799
10646.5
12568.3
12457.2
12144.4
46695
12147.3
8257.82
12931.3
16159.6
22270.1
12011.7
12469.9
13677.5
11266.7
13258.7
6141.12
7852.42
6717.9
7565.19
7272.29
21434.2
9460.35
10154.3
3874.25
7362.75
10278.2
5317.95
13276.2
6503.07
14568.9
20315.1
8303.25
4683.63
16120.3
6339.13
60975.7
34991
15574.5
8661.58
8579.66
22942.6
31718.9
13691.5
6426.91
13012.8
13578.1
55531.8
9049.38
11133.7
8515.16
22181.9
12608.7
5134.57
3756.63
43669.4
13787.2
14481.4
14550.6
9460.48
9225.7
3666.17
25864.6
10166.7
4809.31
9861.42
8083.6
18919.8
8266.52
30411.6
14817.1
25418.3
20327.4
10467.4
10418.2
11433.7
5771.37
7369.78
11553
6268.12
10462.9
13568.9
16999
8196.71
13998.6
5174.55
8885.9
11408.2
7711.54
14223.8
7393.09
7382.92
16800
9587.3
8550.17
31905
70908
6049.9
18504.6
11630
11995.6
10569.9
17611.6
6581.14
10757.3
18820.4
11819.6
8279.54
17018.2
10823.4
12198.7
6507.46
5815.42
14888.1
7159.24
8572.39
8834.83
6364.74
9919.91
36251.4
8092.53
25692.3
5994.42
5565.75
10890.9
6911.63
7291.16
6196.15
18419.7
5966.33
15677.4
27355
14069
8462.03
10204.9
16028.5
11806
12878.8
7434.18
8891.48
9711.33
10193.6
16933.9
5595.4
12139.3
9128.3
18937.2
10407.9
6441.93
21360.9
7340.25
20782.9
6942.61
13592.2
6845.35
5657.1
8030.87
10839.7
9391.15
6113.46
5753.5
9266.19
12902.6
5890.09
4800.05
14197.1
17667.4
13142.5
13125.3
5726.46
6112.93
12248.3
7556.09
8871.97
17342.3
10100.9
10426.8
15553.4
5515.95
9118.12
4905.65
16849.1
4882.68
8501.93
15211.3
17581.8
21471.4
8201.95
11473
12663
22063.3
10391.1
7231.24
7321.11
5927.3
8775.49
10498.5
5991.84
12260.1
11715.4
5466.03
8211.27
7492.26
13237.7
13510.4
9609.23
7143.76
15457.4
6580.75
7908.33
28081.2
9469.76
20516.1
10153.7
5481.91
10093.1
9004.03
18083.7
6101.66
11080.1
18083.6
4916.7
9293.62
10345.7
9219.34
13363.2
19690.7
18748.8
6414.06
13057.2
7360.83
8463.58
31326.6
10394.7
14105.1
4914.31
7057.82
9623.31
8165.61
11106.8
5800.48
9844.01
7599.02
10365.7
11187.5
9040.91
19989.4
11983.4
43621.6
11248.9
11165.5
6619.74
9897.21
5653.38
9837.66
5372.08
5212.76
44959.2
16164.3
36004.6
7224.29
19811.9
10472.1
7867.98
14873.9
8662.48
12462
12799.7
7430.43
7561.64
6880.52
12467.1
10864.6
6824.34
8713.03
7149.04
10935
8699.75
9030.96
10094.3
12788.8
20790.5
9094.12
13746.5
14543.8
6155.93
20358.1
6546.35
15465.4
9422.62
9117.77
8714.98
10196.9
8758.76
13072.7
9570.39
6366.59
4948.83
17395.8
5527.86
13726.6
13441.4
9625.06
6364.82
15360.1
5768.67
6529.95
6342.48
9658.92
15575.3
5627.43
7721.08
8401.79
5309.29
12591.6
9674.3
14824.8
11356.9
7088.66
32547.6
18618.3
34995.4
8489.98
15955
10984.6
7018.96
6575.71
26149.8
14957.4
12019.4
8283.59
11356.9
6539.42
18665.6
18965.7
9464.56
20157.4
8892.95
8183.95
14617.7
8504.04
6798.88
9725.63
27943.7
15923.7
6928.79
7518.38
16055.4
12141.4
4739.85
14828.9
13273
7005.41
28938.6
35482.4
22987.1
28432.6
7396.84
15647.6
16984.4
6107.86
5823.44
9682.48
5124.58
48118.1
18206.6
6316.94
11275.7
33810.8
47555.6
5268.18
15191.3
11694.7
6537.73
7823.84
18335.9
5439.08
10736.4
8755.87
6679.4
10722.6
4657.43
10673.2
18747
23810.1
15880.1
12062.6
15955.9
8166.93
8242.26
8688.43
13766.8
25247.9
4606.02
12724
8882.89
11657.9
7434.8
9891.44
16990
11409.1
8030.46
8214.17
5140.79
25147.3
7143.34
8681.64
5382.91
17221.9
7558.77
23273
10430.1
8281.67
28028.1
14148.6
8655.52
6403.86
11134.4
7850.3
10052
7481.47
11304.7
13991.7
9839.6
5486.93
6785.08
21044
7349.71
12364.6
7316.14
9886.71
6226.23
10174.1
7902.49
7808.96
9056.6
9009.81
18392.1
5944.07
6630.72
7025.29
13945.1
7361.51
17873.5
7565.69
6011.92
9942.43
14175.9
7253.2
8151.22
10158.8
12168.6
10972.1
11027.6
9694.94
5769.63
5847.84
19402.1
7365.24
13410.3
9941.81
7845.11
9572.81
22648.6
9067.54
9168.45
7392.78
13318.7
7559.56
6696.93
9720.97
8203.88
4865.51
10704.8
5813.39
11546.7
11392.7
4754.54
11663.5
6514.21
5257.91
21320.5
12925
17763.8
15276.8
11198.9
11627.2
4659.92
36625.7
27760.1
15147.1
8609.97
7721.63
12306.9
7437.81
12464.8
12137.2
9656.53
16653.9
13181.3
14099.1
10256.7
9136.65
27873.7
15009.1
10933.9
8724.4
8767.65
6026.04
5777.04
10291.1
11046.4
26117.5
9574.99
5536.89
13227.1
20460.4
10209.8
8258
10476.8
8252.79
5627.43
13764.6
10015.7
10672.9
9110.41
9532.57
11898.6
14444.9
5470.05
13124.7
11594.3
7689.85
9172.45
11106.2
22070.4
10664.2
20483.2
14120
16495.3
14824.3
10391.1
10856.2
36611.1
18443.5
7755.49
17111.4
14189.6
27274.9
5138.95
11788.7
6637.84
10964.3
9706.76
9479.97
8702.12
14632.6
6377.04
9589.08
21274.6
8939.8
7151.99
10783.3
29728.3
5454.12
9237.82
14878.7
13757
22090.7
10233.9
4159.83
7827.56
6322.46
19987.6
22519.3
8501.77
9212.15
18399.5
10761.2
11788.2
28165.8
7979.71
31062.7
5984.73
15197.7
14181.1
8014.45
5305.43
5544.34
5609.8
6178.85
20334.6
9805.93
8445.21
24079.9
21900
13969.7
8991.88
17020.4
9294.45
6920.86
8611.09
12166.5
11341.9
13628.5
6360.58
8468.24
6437.15
8139.26
58091.8
4318.93
7540
11994.6
7444.61
7611.35
8825
33950.7
15554.7
5568.7
7723.61
6899.94
7380.78
7546.99
10551
21756.2
13891.5
22563.7
8455.08
10307.7
7961.53
8528.86
17903.4
19906.2
14592.4
7021.73
9574.31
12193.1
7046.15
7122.91
13832
11490.9
13858.6
12736.2
20997.4
8274.6
6196.91
15383
10363.9
6222.83
8513
13066.6
7627.86
12896.8
6982.96
4195.39
14597
4747.24
11491.3
14079.4
6026.92
19003.4
9504.18
20291
7214.89
7105.26
11712.2
12834.4
7636.58
7908.98
14221
12317.1
4767.63
13117.9
10099.7
6714.45
11033
8096.99
10252.1
16109.5
9141.94
9819.06
8733.27
8076.42
15310.2
44555.1
6367.01
12029.6
6412.35
16669.7
9540.83
17154.7
8324.45
18050
9272.58
10397.6
22699.3
14594
10899.6
11909.2
19722.7
11086.5
5403.74
24750.9
7997.69
6885.21
20598.9
10740.4
9409.88
12033.7
28485.4
21171.2
17077.1
18483.4
10534.9
11367.6
9431.64
9501.32
7188.88
7568.74
6339
12616.5
7982.13
7728.6
9452.32
7867.16
9124.91
6028.12
8975.04
6944.08
12997.2
7286
7998.55
8486.5
6651.8
15765.1
5935.07
6048.37
7336.37
25616.7
12936.8
19667.5
6748.83
26223.1
9236.01
11737.7
10016.6
15943.4
5295.95
8836.64
15556.1
9448.7
19116
14770.7
5665.27
10420.6
18539
10705.4
10256.4
7852.97
29227.6
13558.6
4395.5
21845.8
16971.4
11062.6
6967.74
13844.2
15395.9
8528.7
9614.44
22709.8
7139.53
6889.36
7844.26
9399.68
9644.6
17124.9
11685.3
8311.38
5096.76
9768.86
8295.11
10326.1
20613.6
9339.66
23656.2
5610.47
9615.12
14817.7
6951.14
13001.4
13360.3
13628.5
4670.37
11616.8
11240.3
25994.9
5919.8
10578
9543.24
16110
9005.78
17121.2
13801.4
12005.7
5095.56
8068.46
10332.3
7100.86
3953.13
9390.55
16038.9
11902.9
5905.89
11759.8
8851.51
3876.49
7303.41
20274.1
12987.5
8642.07
6881.91
9980.15
9422.28
6807.66
12087.9
5873.7
5475.75
9459.27
14318.2
16080.8
8409.01
7323.51
8863.6
9405.82
10367
7683.01
7550.25
16932.5
7461.73
9731.98
9906.29
9034.06
11562.3
8186.94
6044.2
7289.97
10129
6179.17
19213.6
11616.3
5464.81
6208.84
6335.35
13364.4
6633.1
18115.2
7603.29
16616.6
5982.73
10853.8
9073.12
22168.6
10143.8
11418.7
10231.8
17491.5
8763.67
15369.5
14067.4
16897.2
12318.2
17520.9
8737.95
15633.2
32694.1
26602.2
6830.59
5010.04
8602.1
26653.8
7792.86
14702.5
14210.4
5533.62
9441.98
12749.4
5306.74
21156.8
12424.8
13654.6
7445.44
7432.29
5531.63
8474.09
8535.59
10745
11262.2
8305.55
4957.46
12026.9
7842.32
6905.48
7907.7
7264.15
11610.5
7748.57
6098.4
14853.7
8100.66
14340.5
9036.06
5043.02
16310.4
29883.5
11379.5
7610.78
20125.8
13696.5
9900.58
13410
10314
7281.18
9600.92
14663.7
5605.63
9498.54
14087.8
7720.15
8189.49
7003.33
10344.7
9134.26
10683.1
7633.18
9336.55
8966.32
14389.2
23863.3
25130
16144.6
8112.22
12572.7
10155.5
6794.37
12664.1
37418.5
4476.38
6206.3
4185.93
13271.4
7697.72
11588
7907.39
27229.7
6014.06
11081.5
4767.81
8252.51
4922.63
5402.6
4547.39
8365.72
8598.3
7734.72
5204.76
9636.41
12381.4
4921.96
6671
5019.36
4847.65
12185.2
9106.9
14734
12960.4
24174.4
8943.86
14700.4
6440.03
9798.64
7962.09
11391.1
5573.75
11408.1
13907
8998.57
6010.66
16905.8
25804.5
13617.7
19758.6
21248.6
13754.2
20935
3974.82
40051.8
6852.26
16533.9
5669.84
9985.84
8942.96
9138.7
18871.3
6885.05
10218.4
18864.3
6276.38
7656.38
5047.78
14554.1
8714.9
8618.62
4954.68
8243.29
6272.21
14267.9
11217.4
19513.7
11539.4
7573.03
9815.41
6931.07
7339.48
9304.33
13241.5
16697.7
7147.87
5587.18
13152.1
9478.64
20211.9
26899.3
8758.6
18995.3
17452.3
13008
36536.7
7210.59
21275.5
5174.51
4860.01
12784
22833.6
7045.33
13899.5
4840.4
8799.49
7771.63
8243.89
9080.66
8691.88
7484.88
10611.9
4227.71
19512.6
8407.1
18016.4
6603.74
12616
7959.29
5385.57
6650.06
5760.1
8706.06
6601.86
12660.5
27317
4932.35
6057.59
8952.23
16859.1
13712.1
15520
14919.9
12044.9
4709.26
7821.6
5995.76
5952.63
12363.4
12076.7
7218.66
8241.5
5076.32
5407
7235.77
11517.7
12568.3
10569.8
21866.1
14867.9
5177.71
11342.9
4166.52
14293.2
7443.84
8558.17
16225.3
7960.2
20223.7
8271.69
6912.28
10708.8
11556.7
8054.28
7957.07
9640.96
8827.26
11278.6
32603.3
20026.9
31583.2
13079.5
8326.64
6167.44
11587.6
18457.4
5500.61
8054.98
6764.93
12050.3
11658.8
20447.2
13421.8
20366.3
13289.9
29142.3
9926.35
5232.8
9522.88
11110
8874.86
8044.56
11396.4
9546.93
16995.7
9303.46
8844.25
6306.33
8747.63
7872.39
8967.78
8050.47
27875.5
18118.8
21533.8
12017.7
6976.52
4073.22
11055.7
8629.92
25139.6
10674.2
6569.13
10854.2
15489.9
8804.55
34824.5
5817.59
14654.3
10293.9
7855.98
14724.5
28266.2
6642.17
6695.95
12255.3
18359.3
7296.69
7004.77
9558.99
10507.4
5685.7
8868.59
7224.65
9473.79
10743.4
6557.66
8832.65
9632.98
8671.03
12792.1
10696.7
7249.07
11723.9
5640.49
21172.4
6071.2
20064.2
9452.34
8662.68
7678.1
28177.7
11749.3
17003.9
17055.1
7750.78
7076.69
22386.2
25065.7
7700.37
8011.38
8860.56
15149.9
8888.05
4758.07
15271.6
10213.9
5949.26
13601.8
4489.17
29272.5
11822.3
15407.8
5504.84
8360.03
5326.28
5020.43
8510.21
8529.03
6511.99
15592
11027.9
6963.49
18606
11249.8
26921.2
15165.4
11227.5
12426.2
22169.2
9992.59
13154.6
43796.5
34822.4
6674.85
9737.57
23539.7
5239.84
7249.14
7762.6
5562.63
8935.09
9075.13
12494.3
6767.77
12757.3
10632.3
23171.2
9427.02
8652.51
17661.3
7550
9675.46
9738.39
6118.49
13871.7
8989.91
7660.65
11930.6
5038.53
11464.5
8549.62
13447
10257.3
12871.5
6429.88
16131.3
9973.34
8163.19
8237.97
22633.5
7174.76
8272.8
9459.47
20487
8622.72
7550
12897.7
7771.38
7851.71
7398.93
10095.9
8147.9
9672.22
16603.1
10840.1
4929.58
22406.4
13084.9
6677.71
11923.9
6900.11
16025.9
14323.2
6023.54
14946.6
15235.6
8151.74
11172.7
9781.3
8915.92
15750.7
6689
10440.1
6244.39
4348.17
21420.1
14174.8
4033.57
13773.9
11058.8
6518.89
8919.28
9292.08
13742.8
16576
13872.8
11298.1
10572.4
6246.95
13960.5
6645.4
13140.4
7861.55
4966.76
8494.9
7273.29
13299
12728.5
5886.41
18311.6
5266.02
21143.8
11625.9
8999.16
11321.6
10617
7902.49
8538
13354.8
6210.81
9314.8
13975.7
7664.63
11515.2
15423.7
5523.31
18372.7
12034.8
7029.26
6127.83
5856
6238.19
14466.9
13281.8
9805.36
10800
12068.2
14531.3
9952.97
22277.7
15020.2
7682.47
7892.83
25079.3
9288.05
6860.49
8844.51
9436.88
4894.82
4827.21
8584.61
8174.45
6375.35
14326.4
14337.3
11847.6
19192.1
20558.8
16031.5
14578
5488.04
12532.3
7882.95
10299.6
37689.2
9521.86
7079.19
11127.7
10028.6
9567.93
17178.9
13213.2
12368.5
8480.72
15480
6938.42
8867.48
22297.8
6115.71
8719.54
10402.2
8049.02
6374.48
14161.8
6189.8
10856.9
4846.61
12715
11148.4
29555
6357.18
6906.33
6807.85
8335.71
24834.6
5412.82
5388.85
11897.1
8102.16
26970.5
14329.3
6508.31
25661.7
9959.35
8687.32
7895.65
8953.64
10203.2
16823
11092.8
16808.3
9614.98
5690.2
7758.26
15208.8
10977
6575.6
7914.61
10289.6
5673.1
11661.7
10649.8
7277.14
6713.01
7210.34
5729.65
10371.6
4668.62
13090.1
29731
16736.5
6462.68
8881.02
6801.58
10372.7
18239.7
32393.1
4647.78
5179.8
19220.5
19898.5
11619
8157.34
10410.7
9533.48
16479.3
22683
7058.39
12956.4
11654.3
14274.3
50667.1
8672.87
14212.5
7291.31
6991.33
9035.45
14686.9
7486.61
9148.83
5047.12
15036.3
13419.4
19582.2
6381.37
14817.7
9560.59
9202.92
12790.1
10491.5
31961.1
14087.8
18330.7
12065.4
11318
12757.8
14735.5
11449.7
11163.7
20753.4
6973.44
16044.3
42773.9
18588.7
13187.6
12216
6939.41
5196.02
12889.6
7371.95
46959.4
7651.41
18927.6
12059
13117.1
15816.8
7300.58
10839.1
6445.56
11699.9
8489.69
9618.34
13974.5
7196.3
6527.47
6952.69
4821.62
5074.72
6774.18
16254.2
9769.26
17530
14233.1
5422.78
14459.9
7378.6
5201.84
11300
14337.6
6731.91
12346.8
5945.55
9366.87
8934.5
21582.7
15084.3
6236.46
13837.5
5900.35
6572.16
25212.8
16959.6
7599.68
8385.47
8439.69
13329.9
6722.6
5695.35
18454.2
6096.96
19910.6
25088.2
18617.6
5499.94
11497.7
4821.55
8113.56
15374.6
7186.96
28098
12432.5
4504.12
14517.6
8984.98
7811.24
7214.68
6892.05
6087.39
8466.79
7419.92
6882.39
8696.53
7442.1
7397.81
14197.5
10035.4
8358.39
6173.35
12848.1
23728.5
7379.24
10698.3
11250.7
11471.2
10189.6
8802.06
15078.6
7539.94
7965.05
19565
14707.2
18970.6
5145.99
17880
6822.5
15085
12450.6
22376.5
8007.43
12884.5
10109.1
4708.88
7982.08
17000.6
17036.2
15729.3
14174.7
13009.7
10994.3
12662.2
11097.5
10852.2
8048.42
11458.6
31013.2
7760.16
18396.2
13260.2
14913.5
21488.5
14947.4
9166.75
6659.01
9473.02
15899.1
7445.91
9810.72
11127.4
15937.4
17449.4
7269.75
6816.63
7977.66
6588.32
6438.45
24149.7
17477.2
12169
15577.8
19370.7
13123.6
10573.9
4367.44
11273.5
7958.37
5914.12
13485.2
7789.88
11359.5
9723.36
10158.3
4869.84
21103.7
7948.01
18011.4
14741.2
12627.6
25011.2
9898.88
5417.84
16988.2
6013.3
5820.93
24764.7
7500.52
24836.4
9427.29
5356.45
12238.2
9438.39
6890.45
18993.9
8366.52
15927.7
8333.92
14462.4
13226
6427
7277.72
10520.4
4479.78
5152.75
7131.12
11448.5
19112.9
8111.67
8018.6
13180.6
14136.4
37181.8
6729.5
15527.7
9951.76
9007.03
11217.7
7766.54
12187
11745.7
8389.24
18180.5
6153.62
9779.61
8665.94
12585.9
9742.29
10742.7
5050.86
8051.23
6748.47
12876.2
12383
10319.3
7510.06
30951.3
15879.1
6650.08
6962.71
5692.38
7510.87
40446.8
9333.12
7840.49
7609.33
7212.31
5520.69
9182.59
4885.82
8519.82
5377.93
7823.29
6548.86
4554.81
13595.4
8194.95
5854.09
10062.4
15047.4
4256.49
7549.1
13094.6
7410.25
6947.18
7244.35
19785.2
9680.43
9030.87
9599.28
20571.1
5253.81
7051.34
3901.43
11336.6
9488.34
4843.11
7392.63
11252.1
6236.38
7652.3
27986.7
9062.24
13014
8840.75
25445.2
8134.68
4413
7027.14
8922.39
9229.76
7106.32
10239.3
10349.3
14563.2
38003.5
14281
10045
18454.7
21500
12688.3
11467.7
6225.76
9422.5
7025.55
18860.6
13222.6
11921.2
11525.1
6606.36
8036.06
14705.4
20993.2
6158.75
6497.7
11626.3
5358.31
8574.94
8294.17
5477.73
19546
4357.81
12279.6
9088.61
6787.73
11050.5
5462.48
5692.42
7571.78
5674.14
6585.27
6381.24
9997.77
7196.72
5718.53
7687.28
6080.31
12143.9
10110.1
18007
6445.79
12227
11425.6
19213.5
17466.8
8515.43
14733.2
29293.6
7800.94
4777.14
10045
5430.09
15667
8982.92
5011.87
15106.6
6766.89
20188.7
7596.71
15066
8487.42
6399.88
12692.2
8529.53
37720.3
22679
8650.14
6064.17
8135.04
12437.8
9691.32
4225.46
8515.73
14642.8
16127.4
12621.7
9582.51
11582.9
9080.93
45052
17883.5
7963.86
6883.47
14591.5
8817.4
13147.3
5184.34
8087.21
19059.7
15398.5
19412.6
14074.5
8291.91
9095.71
6898.94
14608.9
4300.16
9199.87
5720.52
6569.14
7539.23
6410.83
11747.1
13138.3
7407.85
6942.91
10235.3
16118.9
17646.9
16369.4
6406.72
7134.12
34420.1
8224.61
10133
27301.2
7133.94
9081.78
5718.65
39450.9
5549.11
14528.8
16069.5
18995.2
19469.8
8647.15
5855
13442.5
8243.32
27472
6657.93
12291.9
10766.2
7287.95
11051.4
8000.72
7533.85
12039.1
4327.02
5351
8801.3
7665.52
12064.4
44931.2
9951.28
9513.58
5379.04
10027.8
29658.4
10409.9
14412.1
7825.11
8221.61
9402.67
9050.45
8604.45
6175.35
4992.94
9865.27
6905.62
10171.7
30799.6
5758.75
14943.5
9817.68
24267.8
7448.88
12353.4
7266.55
9693.5
6701.92
14575.6
16715.8
27983.7
8405.57
12706.6
18553.7
11342.1
13350.5
5353.07
5757.53
9934.62
8225.58
11203.3
8451.49
21987.2
12934.6
7045.7
10676.4
3695.56
6024.38
7498.47
9873.11
47104.9
4500.44
6631.02
25080.8
5888.31
10871.3
6784.42
12981.2
5241.24
6687.28
38972.1
10179.5
10254.1
23382.3
8820.71
13460.6
17609.2
7582.01
13452.4
7409.47
11137.6
9952.02
6448.15
5942.79
8659.29
9844.85
12199.2
19697.4
8475.96
19883.8
5256.36
8605.07
8551.55
15280
9129.42
8817.95
6529.61
4500.96
8590.88
40082.1
14087.8
8119.03
15165
8470.39
20274.8
14176
6027.56
6676.38
10842.4
9255.61
6765.55
8863.97
20182.2
8799.27
4934
7985.42
7421.17
15492.4
7049.01
7114.32
11048.6
13464.1
9572
10287.1
6178.3
7217.49
12295.4
6167.51
5700.58
6089.38
6971.54
8862.48
14759.6
6341.01
7441.51
4564.71
11165.5
6866.5
10603.9
6946.73
21699.4
8017.56
7629.85
5706.01
6962.26
8980
5276.31
5183.48
15004.9
11869.8
11960.3
13609.1
7739.62
8768.11
10900.8
18816.3
6849.75
9164.83
14141.8
10371.4
38777.2
8525.92
5955.76
37487.3
20135.1
11364.9
11695.4
6595.96
7768.57
10062.7
18352.2
16183.5
8356.65
6627.06
12251.1
8870.26
7022.71
13661.7
15698.4
7023.28
4385.6
10631.8
8553.16
25431.3
8689.99
6057.44
6580.19
10512.9
16691.6
16844.3
6584.82
8419.46
12306.1
9576.19
15156.8
7718.54
5482.71
6731.64
6089.02
7233.08
5852.51
5587.8
10104.7
13703.4
22563.4
21915.7
10319
8862.99
8714.61
8128.87
9399.35
13272.8
13022.5
15116.5
16529.4
15618.2
7114.73
8670.19
5658.41
4214.41
7156.82
16446.2
6018.73
10774.8
6266.93
7567.65
11915.6
15332.7
11322.8
20590
31753
11278.5
6933.96
7086.19
7746.32
9009.53
7438.13
4534.65
42691.9
17009.6
28535.1
12610.3
8052.89
8027.98
15020.6
4841.17
7365.93
14941.2
9774.61
5880.25
6012.07
3927.5
7634.8
12057.6
8351.08
14816.9
13792.1
10250.5
16020.4
15105.3
10558.5
8235.71
9678.73
7262.34
5735.94
9045.94
10544.2
6141.84
7865.99
7046.43
23687.8
14615
10013.6
7005.26
18751.9
15275.6
9238.46
9312.68
14550.7
9842.57
17407.1
12858.2
8028.8
17411.3
11503.9
11172.4
12846
8130.14
10485.1
10645.9
10582.7
5533.51
9192.82
6941.35
12881.4
8897.67
25876.8
9992.61
8872.08
7773.09
12432.9
9997.69
8582.63
6206.54
18698
5576.03
10264.1
14302.7
9497.94
9736.23
9799.01
21406.5
13823.4
5527.6
13577.6
7759.66
6830.08
21703.8
12511.5
4341.74
7519.38
8327.81
10354.6
28912.3
9865.15
10347.8
6782.69
17768.3
22052.9
13030
10783.4
10832.1
9408.64
23044
7062.38
13502.9
8471.54
10643.4
15939.7
12004
17801.1
13641
10398.8
18066.1
8193.75
5960.02
8100.57
5902.32
9262.29
5764.15
13110.7
8397.39
8253.71
5219.18
8716.22
5171.02
8074.73
10423.1
11293
14339.6
5518.4
18969.8
7145.4
5836.68
13646.7
7921.06
11521.7
9366.16
29582.4
7526.7
11242.7
7257.71
6533.21
46925
16509.4
27859.6
9090.19
6236.59
8034.23
14675.1
7179.33
8588.6
14209.6
10547.2
7238.42
23746.6
13252.4
8403.8
9764.18
5168.17
11385
8579.79
13250
5924.17
20695.7
8139.58
10174.4
7392
10970.4
20231.1
15468.4
12053
10372.8
11041.9
29390.9
5224.42
6400.56
8706.57
5514.82
15254.4
4377.89
12880.9
7158.09
40182.7
11533.1
20458.6
20953.9
20261
8917.55
5568.41
15619.4
13990.4
7607.79
8700.74
15295.9
11629
6066.63
7195.12
18073.5
13921
8236.01
10963.8
12001.7
36515.7
14123.7
13247.1
14399.4
7660.69
14830.7
5199.16
7781.07
15072.5
11534.7
11526.3
6413.26
44507.6
9181.04
9635.12
8846.98
17390.5
11867.4
5497.36
10607.1
9544.44
11545.3
12045.4
7095.47
26016.9
22368.4
18965
10590.1
6720.11
7347.45
7061.85
9882.34
14784.1
6832.6
18880.2
7574.64
9692.18
7163.24
22568
10133
13420.1
11615
28273
17107.2
12556
12136.2
4813.8
14092.6
9257.36
6887.46
9050.8
7963.91
15610.7
6124.63
8516.54
8489.97
10962.7
10934.9
5320.42
9947.54
19026.7
9208.98
5378.81
24425.4
12601.4
7243.59
7884.96
13702.6
7123.92
23234.8
10368.9
6847.3
5569.55
34842
6373.19
6000.28
36588.1
11771
9067.55
35196.3
13882.8
11363.4
5478.92
5736.17
4286.75
6901.91
5492.16
15574.8
7714.19
17289.9
24382.1
14021.4
12990.9
10708.2
11019.6
13300.1
10945.1
10051.6
11724.7
13006.2
8124.4
4902.33
22512.4
5554.8
14243.2
21418.2
10428.1
5543.11
9168.36
28138.8
5861.79
12101
9704.05
8084.56
11405.1
24758.5
4809.24
8952.95
7428.66
7815.76
11371.4
7946.25
9742.57
7442.79
23055.4
12959
21906
14544
14688.3
17739.4
8171.07
6573.93
41779.1
7931.73
39073.6
6606.75
6237.56
7010.26
12236.2
17409.1
5464.11
5485.17
6767.53
9192.55
8026.09
4917.99
15450.7
10624.2
14930.5
7759.39
15842.7
23237.3
5398
5754.59
7169.13
29413.9
30289.1
11827.3
7815.03
8516.51
3735.07
9627.9
7878.17
10586.7
6962.93
10057.4
11803.4
10627.8
7518.98
16118.7
9671.25
10562.6
14925.4
23642.7
10476.3
23215.2
7509.34
17342.9
7833.27
14044.4
7599.91
7691.74
8453.15
8322.01
9613.73
5648.04
8981.74
12717.4
11470.9
4344.57
18324.2
7831.49
8056.39
10198.1
14543.5
14779.4
4629.15
5473.63
13362.4
15977.9
19556.9
11297.6
5193.85
6560.47
8744.66
15049.7
9598.07
13504.7
15685.5
5096.08
5463.58
13885.5
32106
9201.62
7125.97
14865.5
24603.8
5097.24
6161.01
11839.2
8987.38
12470.1
18175
13176.3
13210.6
17876.4
6963.61
7736.7
23503.8
12126.6
3497.39
12423.9
6487.33
10970.1
28089
7032.66
4743.08
12333.6
9111.14
5081.43
5876.36
8000.08
7592.45
14741.5
8279.42
9039.71
17103.1
20842.9
14778.6
7516.14
5005.88
12802.4
9923.34
10256.9
5325.89
5484.22
6226.73
10339.4
15281.9
19879.5
8062.02
15835.5
12792.5
15478.3
11578.3
10631.7
20511.1
10219.4
13452.8
13732.1
5593.26
7667.52
13724.5
9978.46
23965.2
6206.36
9416.27
18922
9986.45
6486.67
11960.9
13802.2
10736.4
8507.4
6775.28
20853.6
9807.74
14745.8
12480.4
7688.62
8388.42
8410.46
9551.76
6902.81
10895.9
8913.36
4165.76
5949.26
6331.75
17439
14611.4
9165.55
29813.2
8477.07
17585
6626.29
7686.42
5861.81
23983.5
3987.21
6835.57
11057.6
6994.67
13111
5247.48
13466.3
8271.43
7810.38
13189.4
7099.42
10751.3
7869.28
14647.2
20235.2
9963.46
5246.65
19775.9
15373.9
15846.3
10953.7
5793.98
9145.98
18542
7235.3
13311.3
17969.3
15817
8881.16
10046.1
8084.92
6791.41
13271.2
14755.1
15121.3
7912.27
6908.92
10087.2
9041.47
6877.04
10106.8
5663.62
7378.1
8047.72
36371.9
8386.82
12679.7
22590.6
12760.1
8450.98
15858.5
15231.8
5463.68
21690.2
10059
14038.6
5799.07
5862.22
26618.8
9009.55
15242
13958.9
14413.2
11163.6
28801.4
6486.8
17375.9
37648
15820.6
12810.3
12842.3
5648.87
6167.7
19896.9
20990.6
16872.2
5397.36
9087.25
7124.88
19754.7
11301.1
6595.88
4586.77
6435.96
6601.79
11834.3
3734.75
6061.68
7662.85
8757.86
15874.7
6580.96
13639.4
8013.81
7672.54
6967.43
3497.01
7781.61
6431.72
11537.6
17410.9
12531.4
17716.6
11330.8
9918.52
6267.44
8055.07
13668.4
10428.3
6767.92
16838.3
8876.24
11701.3
4561.08
6167.8
6066.63
6691.4
8079.59
11350.7
9556.13
6035.17
9356.29
13569.5
17347.3
13009.8
10799.5
10879.2
7626.53
13365.1
9987.15
13223.8
12553.7
4853.69
12154.1
9234.83
10723.5
10044.4
7791.74
16398
11572.9
30124.5
9125.79
7213.88
23847.8
11040.9
7425.14
8313.7
16544.9
9874.41
15826.2
4681.77
7776.5
6557.62
9170.91
9162.34
6108.54
12801.8
7790.6
10763
8086.25
16117.5
17259.8
7463.04
12087.4
14787
14972.1
8833.21
8770.7
17827.1
17585.9
13086
12026.5
12734.1
9811.73
11470.4
20427.5
7909.95
5227.97
9573.74
10950.8
7972.19
5503.36
12144.2
6518.8
12177.7
5830.56
22621.7
6673.63
6570.26
8614.17
20940.4
6275.73
6522.66
7184.94
8730
9659.37
15277.3
27022.8
34967.5
40698.2
35124.2
7728.3
16236.1
9024.7
10374.3
6052.86
7720.99
12500.2
7686.87
5663.81
7221.2
9851.51
37580.8
11416.1
6228.76
7564.28
25201.6
26536.3
14508.4
6518.45
6233.31
10518.6
15007.7
7483.21
12056.7
9755.44
12058.1
15634.1
4849.16
6854.29
11107.2
4674.37
12045.1
13113.3
27971.8
8383.53
5113.18
15410.6
12586
8185.65
6827.54
14425.5
9195.12
25799.4
18163.9
9737.32
10427.2
5992.61
9886.56
6989.39
5470.7
5654.26
8064.54
5370.81
9393.82
6218.82
8749.59
20026.3
14428.1
10482.3
16417.7
9027.57
7431.46
5731.24
15897.2
4713.85
8220
8905.05
6116.65
7461.05
18944.9
4589.85
11441.9
31688.5
10271.6
6210.06
9426.33
18079.8
4658.13
15323.8
7836.85
10987.7
11487.6
8815.45
10609.1
6507.99
8201.73
4941.35
6761.33
23658.7
17924.3
9380.59
7027.17
46131.7
11527.4
9438.28
14179.1
6442.72
10315.5
13945.5
17242.9
11642.4
14156.7
13943.2
5324.86
7106.08
8783.59
11717.2
6870.72
5131.96
19220.7
7581.14
5168.49
7485.4
11995.6
8767.04
36174.4
27906.5
14253.8
27680.3
7969.85
9871.2
13475.1
7731.72
10055
16068.2
15738.2
10436.7
9665.96
10178.4
7462.33
37832.9
6281.02
17026
23277.9
13333.8
4309.73
10842
8227.46
9939.34
13049.9
10402
23193.3
4797.14
4337.18
4594.33
10344.7
8562.81
16036.3
11636.4
5282.2
17630.8
14584
23602.3
6147.49
20121.6
6316.94
4062.57
8316.91
12872.2
8131.59
45952
9467.05
6417.54
12366.3
15779.2
10612.6
10543.6
24416.4
5549.93
11414.6
27262.9
8919.43
13699.9
13939.2
7223.03
4853.32
8692.6
11725.5
6843.72
21288.3
14438.1
9298.97
12526.7
8054.25
11882.6
27364.6
5267.16
10219.9
12536.7
11123.9
12383.9
21030.7
20610.2
6533.5
12447.4
15063.9
9514.18
9166.51
7569.43
9447.99
9158.18
4696.38
10555
14435.3
11071.8
21292.5
5869.69
19626.6
11734.6
10094.5
8142.71
7505.33
12796.6
11795.6
9281.6
16760
14043.5
6178.84
18484.6
15132.1
7112.23
19551.9
6357.71
13081.7
8953.33
14424.4
10186.2
6488.95
6421.04
6266.1
11952.3
5646.08
7183.49
9072.62
10482.1
10794.5
27651.2
8867.94
11439.5
13088.4
12798.2
6991.37
11026.3
14179
6497.82
11799.7
8777.15
12476.5
7480.24
11674
19191.6
4489.48
5548.34
7147.87
7698.44
7592.86
9629.23
11477.3
8572.23
11260.2
10498.6
7075.81
7511.08
6759.02
16873.8
9205.82
9194.04
26255.9
11893.2
7161.59
10991.1
8392.82
6947.84
13616.6
7468.92
7993.93
14241.4
4562.96
15393.5
5598.64
10505.2
23254.2
8085.03
9310.55
11827.2
11320.4
28638.8
7619.22
46767.4
9109.54
10752.3
12005.6
9523.36
6775.71
10939.7
35537.5
10871
10997.6
18632.7
7704.99
5058.49
8739.93
4126.26
15207.1
10053.6
6619.21
6603.18
10979.5
10620.5
5839.9
33738.8
4785.99
6514.5
7007.73
8296.05
9548.03
21878
13453.4
19472.3
5685.77
6851.75
11575.3
8469.84
17577.3
6521.48
13087.6
8651.52
5782.51
4882.94
16925.4
10997.7
8671.19
5650.67
5338.18
4896.57
12159.9
8965.95
9747.07
10243.5
25935.2
6529
8702.85
13439.4
31376.7
9757.91
8703.63
20274.3
11055.9
6679.86
18946.8
7103.79
12454.2
19261.2
13753.4
15907
6987.61
17144.1
9680.46
6530.84
13387
51993.1
7350.42
4673.45
7123.67
5149.2
8287.57
9970.99
5357.52
9735.27
6103.7
10748.5
8654.97
17086.4
6614.41
11835.3
10237.3
28186.9
14861.4
7364.15
17429.1
8048.29
8020.22
29990.2
8210.03
17593.6
6352.62
4822.38
7115.47
7714.9
12718.2
6118.41
7728.51
9975.85
23107.2
10019.1
7169.81
21622.8
19955.8
12855.5
11542.1
12511.2
5571.52
19662.9
10797.1
11299.8
15173.5
15060
5907.1
5721.5
18617.7
11168
21681.4
8815.89
4817.2
10559.6
6793.36
7822.89
6026.11
5259.87
5286.49
14202.1
7332.39
4876.88
8722.51
11105.1
10303.8
25551.2
14112
8775.88
22907.6
7762.14
7902.61
11025.6
8807.51
12823.7
9918.3
15712.1
4519.7
25164.2
19018.5
15398.3
5078.16
8359.31
7482.37
10268.3
8028.88
10575.6
16821.1
4778.22
7501.1
10813.4
7975.97
5219.31
19472.3
7004.56
14490.4
7034.6
8662.9
6894.05
9871.88
25377.1
5272.96
7815.46
13335.1
6177.5
10651
13329.4
8333.9
8135.54
9568.6
15681.5
19656.8
10166.1
14290.8
9798.11
19735.8
5084.55
14309.4
5681.79
7924.05
11637.1
11896.1
20251.6
9471.94
14319.5
12504.3
8249.87
5050.25
16635.8
9177.48
25370.1
4998.04
19311.1
8239.75
16445.6
7025.45
14730.6
6016.23
11329.9
11067.8
7259.41
9116.85
7494.83
11817.4
7901.46
6875.77
8602.65
6359.12
8592.18
42762.6
6531.91
28357.8
10490.4
61732.5
17211.2
9375.9
9761.37
11532.9
5354.67
8274.31
5783
19349.6
13007
19227.1
12381.2
13497.2
10652.4
5180.25
4762.58
7427.34
8400.25
13291.4
12225.8
8474.09
7300.6
14404
10515.4
9795.83
9189.06
7490.38
12110.1
5801.73
6371.95
11680.8
7839.78
23611.2
11874.6
6934.9
4578.22
12988.9
5854.07
8922.11
12894.2
6593.25
12171.2
7990.55
10171.4
7267.54
10230.2
12533.4
26046.2
9286
12845.5
12355.8
9652.05
6594.2
8095.13
21530.6
9199.27
12184.8
7783.72
19819.8
20865.8
7661.99
13070.3
10548.4
28770.5
9946.42
8841.92
23902.2
6284.3
5867.98
7695.24
6819.02
7614.92
6395.23
12507.8
9264.28
7581.83
16835.5
16958.4
5657
26172.8
8824.24
8145.26
4725.89
7347.84
5738.59
8187.31
19144
6565.23
6004.52
8372.25
11798.2
5210.29
21387.3
9430.31
7125.24
14817
9829.87
24178.7
13838
6198.33
30552.3
4527.36
11127.4
7249.91
5165.06
6663.47
14462.2
6331.26
4536.45
10032
14738.6
11589.7
5069.49
8209.59
10187.2
12185.9
5452.27
7941.33
16704.1
9033.02
11366.4
7361.52
11266.3
8735.2
8300.92
23127.5
5241.9
16022.5
13838.6
16129.5
11201.2
19454.6
8746.66
17375.3
18191.6
10218.1
5212.79
6975.97
9592.01
30074.4
22097.2
11238.7
8200.23
7269.42
5169.82
8040.83
10276.4
6562.27
7537.76
7216.54
7123.46
12975
16524.5
6127.44
8941.1
7734.58
6169.72
7320.06
7170.94
10035.5
11899
31611.1
21451.2
4975.63
6761.97
29601
4989.92
35878.3
22467
11604.6
19293.8
13487.5
35176.5
35306
9554.86
7502.27
8137.36
4879.08
6344.71
7524.69
26374.6
6274.59
8559.84
15261.3
6576.46
8007.02
17363.1
12146.7
5992.34
42313.4
5841.37
11553.1
10922.7
15493.3
6114.44
6250.73
8049.63
10054.1
5149.84
7681.08
9739.79
8614.22
9049.8
8217.85
6472.86
6994.59
18082.1
53158.8
12674.6
10782.6
8076.88
7803.77
9496.41
18127.7
54805.5
22660.9
11800.9
7872.13
5583.82
6570.72
12032
9945.95
18371.8
13691.2
15855
7470.37
8807.04
10293.1
10866.9
7749.54
6559.94
10945
8107.29
7219.59
6398.67
16776.4
15562.3
14730.6
13873.5
23512.3
6033.9
15396.4
10903.1
6394.83
5818.72
13175.7
17046.9
13481.3
8143.14
8616.66
25204.7
11844.7
7243.36
10722
5976.02
13192.4
6725.92
10712.9
36877.4
13773
6553.65
10866.4
32083.3
6282.55
5665.22
10957.3
12198.5
10500.5
9369
8006.46
11548.7
13309
13489.7
10776.1
9138.78
21203.9
5927.59
4772.02
10340.2
6058.17
5973.69
8242.94
9980.08
23344.3
5064.55
16531.8
5974.34
27316.7
7666.13
16492.5
31295.2
7186.18
13837.8
56050.4
7258.89
9171.52
12276.4
6862.85
15112.6
7333.87
5229.16
16215.9
19470.7
13473.2
11638.6
14567.8
9213.38
7766.26
7508.58
11807
8236.08
20033.7
6675.09
12256.3
7239.47
19297.6
5103.27
23328.2
13294.7
19359.3
5627.48
21828.6
11709.7
13771.9
9378.26
9805.96
21870.6
10035.9
7224.23
7352.34
9822.89
5753.17
7094.59
9142.12
22412
21725.6
6853.27
6708.03
10441.1
7912.07
13056.2
8218.26
7878.01
11759.7
7121.11
18480.6
15223.2
4656.38
10852.3
6603.9
9330.65
8640.96
10301.6
24639.4
9634.68
18769.4
12321.8
5220.85
18219.6
5906.7
16191.3
6746
38054
20247.4
12040.6
7795.81
14473.8
28080.6
5803.19
7590.8
6244.92
9897.13
8819.13
7136.54
4797.32
22007.2
16053.3
18999
6898.02
12352.9
5628.82
19298.9
3759.11
11427.3
7862.76
9508.9
9945.91
8241.22
18464.2
6474.28
21731.7
21864.4
20104.5
10801.2
7333.36
5353.99
18957.8
19946.5
13354.6
16881.9
21633.2
6729.87
6056.69
5620.03
16578.5
10597.2
10247.5
9298.03
6165.81
36861.3
7039.87
13271.2
8236.31
7328.85
12627.3
7494.66
10748.1
8164.3
13539.5
6528.43
5380.61
7933.49
15813.1
17626.1
25645.7
19387.5
10235.2
6873.64
12435.6
14736.1
12423.9
23890.4
10047.1
8532.26
6102.13
10051.4
5687.62
8975.44
18420.9
9341.14
27992.1
9471.74
23890.9
9867.67
12912.9
7921.87
5622
7817.63
7279
15333
9714.41
22601.2
7210.75
10577.1
8898.8
9775.52
9556.38
27264.4
22068.4
7408.12
24025.9
15240.5
11592.4
11704.1
18805.8
6899.79
12981.1
35849.9
15696
7451.57
8089.13
8837.45
10969.4
10948.9
10133.7
12205.8
7615.64
9453.42
16713.6
5833.69
3430.36
7842.47
17691.8
6906.42
19350
6493.87
19199.3
7287.5
11085.4
7680.27
9716.35
11735.8
10161.8
15562.9
6608.93
3909.93
18543.9
7168.25
10050.2
10713.4
5423.82
5291.4
12682.9
20730.9
8989.58
12374.3
12994.9
24995
8692.58
6560.08
13975.1
6891.68
12370.2
11776.2
23661.1
9669.06
19918.2
16072
5893.98
17874.3
14528.6
6655.91
6429.95
21801.8
7174.23
10030.1
10971.4
11342.6
11388.4
9021.71
7393.76
12121.5
11647.2
8694.64
5234.36
25633.9
9537.71
21994.8
11094.3
11278.3
9404.23
9956.15
8490.85
8903.82
5550.97
9687.95
10929.1
19055.7
13232
6668.93
9547.68
5792.45
8718.85
8373.3
8437.51
10373.9
8928.09
5705.18
73836.8
8952.46
12930
10691.4
10987.8
9253.03
6964.74
3756.86
22546.1
14966.3
11050.7
11908.3
10004.4
8048.57
12103.4
15997
11194.8
7695.71
16641.2
16615.3
8407.7
16726.8
9524.71
6264.53
8818.55
9197.91
9735.81
17233.4
5697.59
5823.98
5272.28
8564.86
6967.61
15942.3
10451.3
6665.48
12160.1
7871.53
21534
9425.45
8725.5
4053.9
7158.66
6065.94
8408.22
9420.31
7958.67
12014.8
7999.56
25873.8
5945.09
14211.8
9728.51
5720.85
7480.05
11914.2
12197
11634.1
13406.9
15095.4
11108.5
12463
13733.8
8768.19
39037.8
16753.1
19824
14367.3
8195.29
18236.6
5914.38
23237.2
14708.8
18447.9
8240.69
13800.3
9969.39
9544.42
9206.96
10652.4
48136.2
6647.96
17575.2
6545.75
5751.88
4960.83
8831.47
17644
5962.29
15494.4
22561.1
11098.7
7923.12
15682
5394.41
8667.32
7567.84
26207.7
9473.52
6672.36
5381.4
5058.69
7454.65
7254.07
13166.2
6181.65
14232.6
11772.9
12550.2
8262.35
5666.53
7549.22
13035.3
10938.8
11234.8
20593.2
6773.46
8169.53
9972.46
13422.9
14198.6
6019.81
8748.88
10470.2
18287.6
23272.6
12498.5
24856.6
16436.6
5262.49
20343.2
8898.09
13522.4
8619.01
13575.4
8762.73
19313.4
19371.3
13933.7
17117.4
9029.56
8066.04
10957.9
13009.8
10711.6
18040.3
7935.09
6999.65
27167.7
10878.9
8875.26
4503.43
31316.8
6982.57
14842.7
19279.2
5793.29
8160.97
25328.2
10559.2
18468.5
16737.5
5544.53
10935.3
11075.5
13299.2
22235.2
8608.29
29355.6
8487.29
4501.13
11046.6
8269.89
10960.8
24982.9
8812.39
7197.08
7254.26
14231.3
9439.33
6250.49
11290.1
16231.5
7944.86
7171.35
15838.9
8003.51
12366.5
14915.1
25455.1
13413.9
9341.55
21124.5
9606.29
12035.3
11144.8
4176.17
13329.6
6274.44
7992.1
8415.21
13559.4
9449.86
15217.9
22904.9
7296.84
9394.48
8022.23
25666.6
30656.7
11736.2
24883.9
12636.7
18621.3
10274.4
16387
13370.7
5087.53
8742.91
6470.9
6163.42
6630.56
38018.6
7420.41
4129.35
11926.7
12187.6
11135.7
15394.6
8145.15
7312.77
9392.34
7986.91
6348.92
7811.92
6899.95
10948.6
18210.7
6458.85
15029.4
11712.9
9052.81
13856.8
8945.2
7159.19
12251.9
5010.37
6647.29
53696.9
16695.5
14663.8
19136
7130.18
11131.8
6740.48
6451.05
6889.15
28607.8
9252.95
7530.91
9430.37
10130.6
5891.02
9771.83
13835.5
11402.4
40669.7
9193.53
4902.9
10213.7
24447.7
16990.9
10144.9
4656.9
31747.5
12040
7867.95
18901.9
10524.8
8122.44
14695.4
18862.8
16513.5
42818.1
30671.3
6802.43
7099.69
40181.8
6626
6337.71
13304.6
4758.07
17826.1
14100.7
6643.68
10090.6
6152.53
18889.4
8156.16
16085.6
6216.46
10585.7
11778.5
5162.72
11982.2
17507.7
8447.93
9329.65
17737.1
9278.73
6932.65
30055.9
10306.6
5088.8
6721.87
15417.9
5558.26
11933.5
7577.1
9262.32
11230.6
10450.5
17402
12765.4
5736.13
5965.39
9082.73
11626.5
12193.6
6880.56
10001.3
8867.53
23616.7
5241.53
14023.9
12278.3
8111.78
7458.46
14497.5
26194.3
8281.19
12781.5
7750.2
23861.9
9042.05
15175.2
11229.1
9221.59
20111.1
6854.07
4547.53
10535.2
13654.7
18924.5
7913.64
7650.14
7471.83
8872.27
8233.09
13271.4
34838.9
10573.9
10170.3
6588.73
20463.4
4825.54
7548.77
6202.49
9881.86
15876.1
7685.88
12418.6
7222.76
16668.7
9604.04
9715.56
7526.39
8641.71
10194.3
4478.17
13911.4
7149.02
46891.8
7658.29
11034.8
32966.5
7226.92
8950.3
12545.5
15346
9183.71
6692.04
16391.2
4527.61
10503.9
10874.1
5136.45
7290.91
8767.78
9368.03
12746.3
5421.47
11008.4
9970.85
21702.7
16035.4
3937.65
9102.37
6625.06
20732.9
55957.9
7218.37
10703.4
26732.3
15618.2
9108.19
10641.7
12949.7
8262.72
5281.78
4975.04
9775.3
10561.2
10244.2
19531.4
9057.7
12227.8
8233.09
19951.2
6764.01
10735.8
18575.2
13592.1
9792.41
11187.5
6554.98
21444.9
5850.19
6350.66
19674.2
8248.95
19704.9
8324.46
6065.5
9686.67
8601.31
8170.26
6230.43
9183.35
14448.3
7512.53
8912.62
13968.5
11909.4
6904.93
7347.29
16451.9
16086.9
16324
7759.8
14413
8907.29
6488.38
13269
4649.63
9311.81
10586.8
17625.1
10850
49071
5959.98
17627.7
27488.5
7186.17
9602.11
6892.63
3809.88
7975.23
9226.1
5172.59
5420.2
5904.93
24977.1
26448.7
7331.34
15884
11856.1
10441.1
7890.05
16050
11876.5
9732.01
11726.3
10729.6
29345.1
9840.36
18056.7
27472.1
10906.3
13790.8
8540.76
5625.89
11006.4
8459.32
12417
8862.64
10568.9
14725.6
17521.1
11659.8
8364.43
10899.7
8438.67
5817.54
10266.1
5568.04
5266.41
10595.3
13526.2
19869.7
13195.3
12290.2
10218.1
16748.2
11700.1
13368.8
4335.34
10906.3
7128.09
7956.46
6993.47
7577.28
14121.8
6335.82
10578.2
15660
30307.6
10272.3
24998.9
17596.6
6251.81
5276.38
21060.3
5508.69
6773.07
19058.1
8252.18
25217.2
7564.72
12628.2
6061.8
11176.3
6636.44
7952.78
12234.4
6933.32
11052.9
19178.5
14402.6
5555.03
9121.55
11424.4
15915.3
9611.88
15188
7585.94
54767
9605.73
19597.6
6101.73
11049.1
23683.6
13645.4
4518.02
15063.6
13544.5
8614.01
5493.12
16160.2
9222.41
6094.38
5988.75
8726.62
7100.17
15821.1
17830.2
9562.73
5863.48
6000.99
12340.2
13409.1
12327.4
15934.9
20459.3
31818.2
6325.44
23757.9
5610.43
6340.94
7132.84
23951.6
12107.2
21063.3
7609.51
11221.1
9538.43
7579.55
7402.97
10505.9
7597.12
48183.8
7168.58
5400.08
11458.9
12156.4
21785.4
7442.96
9734.79
11889.8
21503.5
13374.8
5154.31
18700
15618.2
8214.15
6734.5
11370.7
12430.8
10389.1
9317.65
24647
17457.1
17095.3
14377.6
18323.6
10796.4
7511.38
5879.31
13792.3
10631.8
9508.64
6901.97
7547.64
17372.7
11158.5
14425.4
17518.7
12698.2
3942.14
6320.48
14603
12654.6
6294.52
18556.2
7052.98
10525.6
19998
6335.66
5362.42
19964.6
10929.2
9922.95
11288.7
9493.69
9527.51
8824.11
6295.59
7260.15
6438.06
23140.4
6748.06
5251.18
6061.25
20946
6824.7
10990.4
13131.7
24376.1
10223.9
9335.36
15249.5
6417.86
8386.98
7035.42
7411.77
7379.71
13503.8
6036.96
4645.38
7490.03
6065.46
6945.26
8051.9
3826.89
13133.4
16597.9
11950.4
17437.2
7812.06
20505.4
7652.35
8906.07
7892.88
8343.23
9318.13
51478.3
5308.36
24927.2
6726.71
28963.8
14245.2
6827.36
9642.07
37974
6795.23
10740.4
6492.31
16579.1
6997.76
13209.4
23368.1
15500
10477.6
12192.9
14977.3
6193.6
13061.9
14895.4
9831.33
15975.8
8244.26
14228.3
8690.16
15227.6
9421.06
15219.3
10859.9
24621.7
21409.5
4486.37
9980.91
7080.34
21903.7
12798.9
11253.7
6962.49
5884.09
4851.42
10040.4
9620.27
14419.1
13632.8
7655.96
11726.1
13111.5
9054.07
10052.1
6368.06
12611
8714.22
6906.86
13056.8
8712.91
7782.96
11953.1
6868.93
8321.23
5003.47
7531.47
7732.38
12504.1
4238.28
7804.74
16005.3
6621.28
9837.75
9437.77
7456.5
11982.3
11831.6
10457.7
5100.62
22279.1
11548.9
26070.4
8200.54
13719.1
17161.2
15743.7
10566
11408.5
9512.7
7134.67
13769.8
6047.56
16490.7
6822.84
5879.22
9538.36
22066.3
7037.79
15979.2
7344.12
4353.48
13625
10503.3
4860.74
16792
10950.2
9566.23
7617.43
5688.2
22959.1
14287.4
17010.3
5387.98
31947.2
7398.34
16165.8
6412.04
11983
8259.53
7506.91
17531.8
27186.5
4974.44
10472.1
15803.9
6912.53
9508.81
11930.3
6683.01
16270.6
7055.57
7779.48
6847.67
7483.51
5250.08
26533.8
9926.72
7154.27
13223.9
6913.24
19738
7801.04
15206
9044.72
8887.71
11315.6
7495.18
38634.4
9130.57
13627.4
19250.1
5216.83
8690.3
11202.4
19194.5
11387.3
11271.8
12712.5
16421.6
7926.43
7909.6
7485.15
16617
10977.8
19334.1
21581.9
14204.9
8406.33
21734
24510.9
4246.58
5988.5
14652.3
6304.42
15166
10361.6
6925.13
9159.78
13165.4
5560.56
11930
15719.8
7489.92
13909.6
11439.9
18401.9
9123.07
5483.17
13106.7
11367.2
6248.8
7777.93
27705.2
7812.62
24450.2
13864.2
23680.7
4805.39
12394.8
8618.66
18369.5
5333.08
9468.92
10112.1
22868.6
10765
7701.16
17665.5
10082.5
7201.56
7134.9
6484.31
9447.08
8771.26
5924.19
7055.54
13020.1
9362.03
4531.23
7511.51
6529.14
11267.8
10320
13950.2
10535.8
10989.4
6771.51
6518.68
5837.91
5612.65
14053
16230.4
6249.99
7392.38
5060.16
9863.64
7517.07
16731.9
13419.1
10316.1
6969.69
7793.93
7227
6967.5
12114.6
13333.1
12807.3
15428.4
7402.01
15576.1
10920.7
11127.4
9706.41
5806.79
13365.9
7907.87
11025.3
11571.4
12372.3
15226.8
12064
7402
10736.3
9286.85
5424.89
6057.32
34364.1
7445.49
38692.7
13720
19507.1
14395.8
8303.26
10834.7
4429.73
9240.49
15782.7
6137.98
3993.29
6559.93
8493.46
12837.3
8806.34
5623.68
8446.95
17895
8589.46
13378.5
6632.21
7855.23
6762.68
14250.5
12503.7
9480.54
7231.36
12231.6
11910.4
21088.8
15824.2
20707.7
9067.15
6185.7
11442.3
10854.8
15421.6
6780.21
12137.6
13638
10124
8438.22
5239.04
14880.9
5613.51
16462.8
21787.1
7995.87
6966.02
6220.76
8780.47
6112.99
22943
18067.8
23544.3
25126.5
25118.2
32108.9
26367.1
28736.5
9279.93
10198.8
11074.4
14344.1
13394.1
25464
14885
25939.8
9717.56
6300.67
7858.47
9911.66
14061.4
10208.2
13613.7
6535.06
6567.16
8841.9
13507.9
23170.9
13774.2
6992.41
16030.9
15639
15931.3
16681.2
28800
20261.2
5230.64
7772.34
6586.52
14431.1
22216.3
6545.57
16058.7
13456.8
15748.9
41237.4
5574.85
16961
8386.78
24648.1
34399
13655.1
10443.2
5359.85
6925.2
7951.13
17877.2
13519.4
23930.4
6277.83
19177.6
8822.93
16732.6
6675.37
8759.26
7949
7904.43
10187.3
7479.35
6483.99
7942.67
11630.4
7866.79
8352.55
20759.8
15007.3
6590.58
13734.3
18064.8
5438.68
11622.7
7731.5
13536.3
11507.4
16090.4
8398.98
7587.31
6027.42
6973.04
8220.13
19362.2
5065.65
9263.74
21527.9
32619.6
8926.8
9286.14
9413.21
5295.25
10112.8
17340
3677.31
8466.23
19270.5
7158.16
10635.6
10699.2
8660.65
20085.6
12931.1
13571.9
7781.04
6738.5
9528.87
8691.83
27585.1
12562.1
8512.06
6945.05
5287.52
5094.23
22985
6506.44
8604.85
5880.92
9559.23
7433.18
15888.5
9158.26
4197.9
11680.4
7987.52
14690.4
16297.4
12749.5
7564.41
13437.3
6708.17
4117.5
7137.1
8230.3
5401.31
6716.78
32826.6
9652.83
10951.8
8363.22
20483.3
6312.28
9057.64
9224.77
4328.82
7942.8
19519.5
9885.17
8454.47
11084.1
4908.09
5192.15
5104.36
8982.31
7508.41
26487.4
10974.8
11193.7
11058.2
13226.4
17762.6
8680.51
5585.61
14818.6
6183.42
10760.3
12757.6
13358.4
8291.61
6080.01
8949.3
10046.7
9753.1
6581.49
7919.45
8368.95
21870
5568.45
6697.6
25220.1
25989.7
6297.44
16250.2
7880.15
16862
7680.22
6050.41
10566
9598.01
9037.93
8153.44
17145.6
6340.28
7651.69
7275.24
9673.64
9828.63
10681.6
6645.72
5355.12
11621.1
8624.24
14785.5
7308.43
4971.54
6284.43
10111.3
14618.5
8431.42
15227.8
6877.77
8950.19
21447.7
7185.27
9496.04
13000.5
15936
15684.3
5244.84
15167.7
9431.55
6301.54
6857.89
13761.6
3846.28
6187.39
7792.5
6210.75
13312.6
8382.58
9186.43
6486.28
24217
4966.77
14041.1
10688.9
4556.83
14046.2
6423.72
13934.5
10754.6
5482.25
8787.97
13546.6
15259.3
17636.5
6742.9
11110.7
12468.7
10289.6
9947.11
9697.02
8671.06
12638.4
4654.79
67926.2
9455.34
8005.27
14531.9
10953
16104.7
11475.7
15910.6
9050.04
6866.16
7237.84
13092.6
18324.5
8847.7
9403.03
15299.8
6831.24
11667.3
7611.74
7929.46
7632.02
9696.3
4039.64
18633.3
9749.35
6843.27
8937.52
6799.75
8829.93
9626.55
7894.29
5232.65
8896.22
8429.75
20289.5
8829.13
9703.47
7075.61
19292.2
7739.43
10126.8
5980.68
25014.3
10134.4
16334.2
9292.07
7235.34
11462.9
7553.2
9913.52
9540.5
4494.03
7550.27
5246.34
7848.17
16511
8722.09
7900.19
7540.57
10949.4
9023.66
8491.8
13566.3
15803.8
9731.36
12732.9
36314.3
6044.7
18058.2
6614.15
16865.6
7951
13826.2
11489.6
6745.26
9835.76
10883.5
9861.19
7291.64
8419.41
6173.54
7528.89
7030.29
9750.63
9657.57
14803.6
8164.36
8125.16
8066.49
35141.6
14804.2
7098.05
10339.2
7408.8
7454.71
4346.94
15748.6
6439.21
12174.3
16157.1
8356.33
18809.4
6686.14
20097.6
5006.33
23677
17714.4
13244.4
8436.76
10579.6
6736.6
11928.3
7579.33
6014.81
11364.7
11411.7
7198.95
10806.8
4798.38
16960.2
4330.97
13828
16138.7
7745.88
5594.43
6272.58
9789.44
10295.7
13004.1
18810.7
4568.24
9458.81
8679.92
15714.2
8064.79
6434.7
16053.5
8096.79
11035.7
19795.1
8427.9
23822.8
8352.03
11838.6
6763.89
21552.2
10448.8
5892.6
11436.5
24098.7
11574.5
19705.5
10739.1
10818.8
8559.4
28948.9
13133.2
7769.21
15538.5
10045
31584.2
8869.4
7012.3
6129.47
8240.9
9677.94
5662.47
8582.51
12636.4
5775.32
6270.94
39503.3
9425.42
10071.5
11475.9
14548.9
5276.37
7437.8
31958.7
6236.7
10499.7
15662.4
6630.53
10187.1
13707.4
7488.28
4656.33
8313.84
7960.7
7926.07
31215.9
7160.77
15303.4
16759.1
14488.7
13937.2
27589.6
12036.7
24463.9
7415.36
11198.7
22436.3
9939.69
15536.4
8613.78
6315.65
22381.3
12524.7
6608.52
18052
16696.5
5879
10748.3
7511.37
9765.78
11625.3
11465.1
8528.54
9859.13
7212.27
9258.73
12822.3
6597.56
10476.6
7093.28
6939.68
8098.87
15374
10519.4
13501.6
8248.87
13019.5
21183.6
11500.2
14401.3
4648.41
5557.77
5280.53
8249.27
14943.6
11136.5
11433.5
7176.53
5503.18
43038.9
12378.8
11865.3
8920.36
31528.5
8820.76
46788.8
6632.08
5339.24
12248.7
10447.4
7606.24
5523.08
34086.2
13783.3
29195.4
14872.1
7355.99
17513.8
6131.81
3853.69
8848.14
13727.7
5778.93
9361.72
10381.9
14361.3
7066.5
5775.18
7960.01
11972.1
18250.2
12271.3
13497
5560.07
20629.2
21957
9643.44
10603.7
7862.93
7672.18
20785.2
5344.23
7598.63
4200.65
12510
8518.47
12058
12067
30289.6
8848.81
10962.6
11776.4
10258.2
5840.26
6685.18
17732.6
13332.9
10965.8
6849.43
12896.3
10750.1
34398.5
6672.53
11892.7
10757.1
8534.28
6791.1
7076.37
9437.41
24539.8
7679
6453.68
11064.9
29619.2
27187.4
11218.8
10430.2
16007.7
5818.83
17734.7
13453
13115
20617.6
9300.09
12702.2
20259.6
7989.27
24352.4
10690.9
15022.1
6092.38
11826.6
10577.7
5384.91
12557.7
6590.99
12027.6
6488.56
20050.3
6630.01
9523.58
7181.66
12050.7
7007.14
5044.83
6142.19
11130.6
7989.14
11367
5944.42
21198.6
15930.6
14866.4
19349.5
8254.07
5304.99
11509.2
7848.47
33160.2
8127.66
6899.71
12850.3
19144.3
4433.85
8192.45
17729.3
10687.3
10346.9
14214
7318.1
3357.43
15240.3
8484.76
4497.82
11224.6
22523.4
13365.5
10817.4
11787.2
36587.6
7818.22
6489.95
10135.5
13822
5518.02
12779.2
10541.1
9477.94
16494.5
15221.6
6981.25
12350.8
25677.8
6710.98
8585.45
11320.4
10380.5
8533.96
4020.94
9213.61
23149.2
6614.98
16327.9
6119.29
7250.53
12583.9
15929.3
10337.4
10537
7301.68
23367
7696.43
10325.4
5886.56
14691.1
13277.4
13666.1
9558.83
18857.8
11643.8
12313.6
40931.1
5215.79
13739.9
4397.92
11079.5
6702.08
14675.3
8042.61
13231.3
11119
7458.33
7044.47
31721.4
17880.7
7510.47
16670.8
9346.65
6484.41
24082.6
12513.9
6452.74
14595.6
9011.41
9401.13
13314.8
10421.8
7551.03
8925.32
7574.91
5759.37
12682.4
7654.28
20015.5
8066.31
4252.65
11162.3
10904.5
6204.81
11587.4
7287.48
7987.14
6731.19
12017.8
10184.6
12412.9
10563.4
10333.5
5542.82
9114.32
14691
7977.27
10608.2
11105.1
9282.2
5567.2
7144.19
25850.4
28935.2
6915
12103.5
12584
8503
6431.57
16823.1
5829.2
6647.95
6974.47
11465.2
17827.6
21632.8
5486.28
6649.31
4674.85
12681.9
9427.93
8750.23
10802.1
13368.5
8919.12
5951.46
16556.8
6409.83
8255.63
31309.3
13545.3
11155.9
28395.7
15327.8
5121.13
6295.74
10809.4
5305.83
4332.98
16357.3
7653.3
7613.41
5330.5
5821.98
9447.7
11337.6
12502
13936.8
12230.9
8968.66
23153.4
6780.09
7240.72
15832.7
8184.3
22696.5
7752.35
11919.6
7330.17
7619.98
12803.3
6513.71
7032.92
13349.1
7092.46
6539.22
16832.8
18799.1
9153.29
8383.38
6083.32
6723.97
15976.3
17387.7
13424.4
5900.39
5808.69
9745.55
6054.88
12442.3
7258.3
11046
14434
25798.5
7117.33
7083.47
8021.33
5342.71
15131
23474.6
5233.58
8707.18
9402.2
27067
16236.8
7737.69
6941.1
11478.1
18664.6
14416.6
7962.94
5102.42
12011.8
24762.1
6593.24
9239.55
7991.64
9482.07
15081.2
4846.69
17517
5512.77
6665.24
21426.3
12338.9
19514.4
6208.34
21715.7
10480.1
19266.9
5876.65
16360.9
10127.1
8125.4
12606.6
17144.7
12320.3
9695.04
6724.53
14608
7326.59
20024.8
14635
5667.5
8583.99
3358.96
5505.7
13095.6
12864
26394.5
21656
14888
8375.37
7956.87
10033.4
13073.5
5151.23
6281.42
13396.4
20035
33916.7
6377.28
14021
7139.48
6531.63
16419.4
8367.42
20254.6
7896.94
6216.35
12725.8
10793.1
7476.4
17100.6
9675.71
15804
15930.7
18973
6799.34
13482
8259.65
23265.9
13312.4
10059.4
7772.85
8696.22
7796
16641.6
7032.17
6863.71
27757.4
10113.4
6916.03
14034.9
6990.36
12115.7
9573.45
9445.09
8997.92
9450.1
5426.86
9843.27
32981.8
9768.91
17227.4
12843.8
8888.39
12899.7
6539.45
15531.8
9264.33
13312.5
10637.6
6240.51
8681.73
8673.18
7916.35
11167.8
24471.4
10557.7
11380
5882.26
10675.7
13246.8
10498.3
20008.6
13599.2
14692.1
9059.16
5149.02
8262.24
9276.79
4381.15
11842.5
13021.3
15011.6
7512.59
11413.2
6754.63
4127.35
20542.8
32504.3
18444.8
10382.7
10279.9
4764.59
7904.03
11244.3
27781.3
11758.9
7478.95
10268.1
20653.9
6461.49
11881.3
17066
12131.5
24873.8
11434.2
14811.8
5686.23
6492.26
13141.7
16962
12695
9707.92
13816.7
11430.1
7502.98
5516.23
9940.43
21479.3
6087.61
11037.8
12056.8
9485.49
7015.48
7837.03
6244.2
14431.1
19035.4
6540.9
8758.67
12845.3
6208.47
11264.5
7283.86
10367.9
9408.47
7692.79
28842.6
7294.13
6278.83
31386.7
7275.98
8795.91
12100
8098.44
10573.4
11141.6
28922.3
6934.38
6040.6
10237.1
4924.8
11794
19706.1
6914.24
12067.3
17469.3
6129.85
11635.5
11722.3
7914.33
8111.5
9988.7
13847.5
6882.28
6801.28
8711.12
7229.98
6797.51
22916
12557.4
10089.4
21114.7
7881.72
21742.8
10723
14433.2
19860.2
10394.9
6859.58
23355.6
10072.7
7383.67
20035.1
9020.01
8807.37
7959.92
14854.1
6785.21
11548.9
18271.2
12445.7
6092
5525.01
6185.55
9327.99
17809.6
5895.3
8098.95
5977.56
7048.02
14035.9
12866.4
17193.5
8352.67
6433.78
7544.21
18430.4
11203.6
16729.5
6286.05
10062.5
6589.01
24347.2
20282.9
6915.06
5569.77
6613.93
24461.4
5258.52
7265.19
7134.84
10118.1
9339.05
6645.81
15139
9535.17
9691.69
19653.4
7453.51
17498.3
7336.07
9403.28
10045.4
26963.7
5458.21
6609.61
10473.2
7608.85
7695.1
9432.18
17514.3
88437.5
7807.97
25257.9
11184.6
9206.2
9695.14
10020.4
5369.34
16436.8
19518.4
5806.09
14065.2
8128.98
23106.9
12572.1
10769.1
9035.34
6466.05
4399.67
10472.5
4506.7
25807.8
16509.1
11146.1
3772.78
10058
5222.32
9123.67
6584.47
6520.61
6024.39
6723.99
7849.03
7916.15
7051.23
75812.3
15783.5
7027.59
14730.9
5982.66
33936.1
9928.11
5895.67
4763.46
6734.93
10704.7
8445.14
13494.5
7243.11
6048.91
15757.5
8257.53
11897
13883.3
7001.02
11868.3
14070.6
9368.54
16273.4
7562.16
10266.9
8549.62
18938.9
7658.86
15485
7714.79
9918.37
6031.39
4487.54
7842.26
13254.3
10376.8
6715.47
16161.1
11872.3
8503.27
21184.4
5390.55
10530.5
8065.66
9289.38
14184.6
8434.11
8200.78
8492.67
17443
7047
6521.51
11143.2
9840.21
9314.98
7569.45
11572.7
10132.7
21035.5
7831.91
13382.6
6734.54
5412.59
9091.27
28127.9
19201.7
4918.19
6601.98
11457.1
7198.2
9483.61
10173.8
10937.8
12313.1
15416.5
14711.6
11437
10706.5
10109.9
12119.8
22416.5
5785.52
14554.3
16782.7
8823.72
5347.01
7675.41
12536.5
13721.7
6862.1
6885.29
6270.17
12095.4
5903.72
6090.12
6830.3
5718.26
12249
9584.75
21746.6
10905
11129.6
30793
11082.2
7950.27
7316.75
7292.01
12721.5
18407.4
5488.21
6818
7820.1
8311.25
11692.1
9893.05
5344.05
4389.05
8275.75
40964.6
34220
7970.59
6786.04
13918.2
12213.8
6502.72
8355.58
8169.76
6620.08
9111.85
9514.99
4804.47
8428.28
5055.78
8891.45
10871.2
6299.37
7236.14
22058.6
7759.53
3920.18
13471.5
8236.94
15649.2
8788.46
7918.63
7626.34
6902.94
12523.1
8761.61
7577.74
12873.9
7526.39
12186.1
7011.46
38279.9
21913
6179.29
6141.82
30578.7
12308.3
5788.13
8155.26
12642.6
15566.1
15186
4512.07
6291.69
21708.9
5776.97
10146.3
11171.7
5409.78
10806.5
6299.59
10730.7
6132.04
6119.55
8994.84
6248.64
9304.61
5191.11
7110.76
7422.08
4180.87
8849.75
10456.3
13066.4
9696.99
12220.9
19312.5
9349.11
13405.5
15119.6
20838.1
11023.4
10411.6
11058.6
6358.91
12374.5
9410.41
5010.74
5728.16
10463.8
6102.9
24561.5
9415.53
6325.67
19132.4
16418.6
6141.56
6539.23
14416.7
17910.8
14396.5
16852
22677.1
13750.1
9665.28
25020.4
8762.59
13853.8
11762.6
8772.54
20116
7169.04
10710
6049.11
15480.3
5859.81
6212.41
6131.18
9311.61
6380.71
9067.7
10828.8
6717.78
29467.7
7268.84
8046.73
4752.34
7984.13
18614.4
13454.7
20945
4786.86
8390.48
11558.4
5884.69
6570.06
24036.6
9535.6
8108
6336.74
4648.62
7842.48
11763.1
5045.04
8822.47
7696.88
34701.8
15317.2
9937.83
6924.27
11301.2
16518.5
10765.2
13993.8
9650.89
31450.5
7554.52
14499.3
23670.8
7865.58
11765.1
12197.6
7974.03
5830.71
25383
11593.5
11685
7378.81
8121.18
15898.6
10409
13416.7
7382.99
9245.98
27981.8
27100.2
5637.98
7444.62
12201.4
13086.9
12675.4
7001.6
5894.33
15656
5728.97
73824.9
9655.8
11888.6
4708.05
10862.4
4225.66
10593.5
12481
18101.9
4593.44
24035.6
5522.71
7724.66
5481.15
10442.3
24943.9
7069.72
14549.5
11103.8
5288.5
22027.9
10215.9
14603.8
10381.7
9674.38
16306
5570.74
8908.99
8846.03
7643.62
6826.81
5857.1
7439.94
30554.9
9349.02
9589.15
8495.83
26882
8128.17
11962.7
17457.1
7416.6
6333
31952.2
8085.29
5390.89
5658.53
17794.4
16284
24404.5
10349.8
4913.55
4749.71
32850.1
5380.83
8067.31
42215.5
5127.58
8079.9
10655.6
5811.63
14270.9
14958.1
20997.3
4016.75
11069.4
9175.3
10231.8
18554
10757.2
13168.8
10083.9
10042.3
5487.05
22144.3
6499.15
12289.1
11011.5
18706
8328.1
5539.22
10637.5
7526.8
10420.9
15364.7
13329.8
4373.76
9533.97
11273.4
21538.3
14282.8
17060.1
9456.88
13978
7266.71
7149.67
14235.6
7679.98
7239.35
13448.4
4636.74
4433.11
9399.16
8139.02
6112.97
9059.06
14140
16754.1
6701.94
5223.19
8917.42
40144.3
9963.74
21112.2
14630.9
5413.09
7135.99
9685.94
14980
10916.2
19087.2
10490.3
12903.8
16938.3
9104.16
33577.8
7342.11
15797.8
23787.9
16015.1
8793.6
15406.8
12339.9
35663.1
7745.7
10844.8
6848.67
16654
6408.74
8282.43
7395.56
8961.32
12666.3
5035.13
13422.3
14091
5488.11
12574
5946.97
7549.92
15414.4
13585.8
9642.15
10952.1
4425.14
5827.91
11855.2
5026.22
5376.31
8219.24
10020.3
19962.9
8368.45
9329.39
7258.67
12183.8
13968.2
6741.69
5042.52
10849.5
32734.2
28356.3
9801.62
8180.6
6363.86
10493.5
19539.9
8910.37
15413.9
10825
48636.1
8793.34
33383.1
9478.66
9201.53
8786.55
7509.4
11659.1
6139.98
5239.49
7388.08
8168.13
12220.2
10347.5
9160.52
8244.42
9786.61
4452.92
12326.1
7453.79
16881.3
21438.5
5714.67
17185.4
6131.56
8376.65
16087
5261.31
19268
9816.31
6538.17
7636.29
5157.49
8968.58
16621.6
6969.44
5016.89
9068.89
16129
25704.1
11156.1
11831.5
12176.1
13643.1
20341.3
6981.56
15350
3681.35
14199.1
19870.6
13371.3
36267.3
16867
7800.79
14962.2
10984
9937.06
7432.28
13424.3
6659.14
7954.05
7671.48
7917.21
9523.69
15336.6
25861.2
4881.65
4791.02
6401.75
4444.13
8182.55
7669.84
6593.42
7120.91
6703.02
5610.14
41754.3
12886.2
5523.14
17727.1
5513.34
10982.1
8505.75
20910.7
12446.9
11724.5
18902.8
6208.81
8518.28
9139.22
21522
8755.93
12614.5
17708.6
13388.4
6027.68
15127.2
6857.44
32080.6
4770.66
18502.6
8277.83
7121.06
5807.74
6810.09
6794.14
40019
10172
7112.37
6366.78
6896.19
12192.5
22167.2
5951.11
26296.1
7476.85
11610.6
25364.7
10577.2
4806.49
11273.2
7518.64
6761.05
8944.97
11136.7
10484
13170.3
10626.8
8227.02
11915
10902.2
8277.83
15809.5
20771.8
5397.04
28491.3
10946
5649.3
11207.7
8762.15
16729.8
12566.2
14493.9
9621.52
8215.98
10093.6
7714.09
7917.68
7669.17
15199.3
6212.79
11559.6
12401.9
7897.57
21554.6
9897.08
6988.48
6684.92
15344
5820.52
9764.56
13022.1
13830.9
6846.26
7327.4
31576.9
22545.8
4926.66
8163.7
11943.1
13906.5
10917.7
12966.8
8701.51
4816.22
7011.28
17171
11136.6
17238.8
8867.45
7112.44
5468.62
8550.06
7010.83
5755.58
7774.69
10571.7
9345.91
6223.04
13381
5998.82
17844.8
15005.7
6206.65
13813.3
19921.9
26062.6
7197.8
10032.5
11614
6395.7
11696.7
13151.9
17666.5
4984.12
8724.92
5944.47
7802.75
12932.8
10352.1
3792.67
20908.2
5073.11
19721.9
8266.94
10979.2
5754.78
11517.3
19113.5
16376.4
15848.4
3562.7
12034.4
7369.35
5696.5
9051.86
15101.7
6291
6193.65
11122
5767.24
13157.1
7952.74
7760.66
17354.5
18194.9
9785.34
5418.63
9587.07
10200.6
8604.26
12196
9097.47
11904.5
20007.4
19144.9
7509.44
9546.59
7416.32
10514
10898.9
6219.8
9865.86
13926
10653.2
13975.6
23092.6
11993.6
10621.1
7078.84
57262
10275.3
9032
8555.95
8334.78
29271.7
8517.88
6073.49
10746.5
12319.6
8013.94
6100.91
10335.2
17169.6
13292.4
11085.9
14436.9
12747.4
6410.92
16554.3
9382.37
6108.84
4115.46
11215.1
16676.5
9586.28
9814.73
9819.12
13828.4
18325
9434.63
36225.3
14218.4
6791.56
12710.6
6723.7
10703.8
7432.78
9295.26
7901.38
6415.51
7475.81
13868
7127.61
12272.5
8401.41
11365.5
9594.89
9526.3
5699.26
28863.2
10567.2
13216.2
5584.45
11834.2
8563.2
9439.47
4299.49
10031.9
11906.2
11702.3
8849.48
8802.58
9155.25
11453.7
5204.93
6080.24
8986.53
20143.5
22274.6
12459.2
11290
12498.1
6469.33
15074.1
11945
19572.4
11048.6
11654.5
13927.2
12531.1
6252.59
48029
6396.63
12140.9
11339.5
6581.99
6318.18
16194.5
21902.3
14179.9
5637.39
14503.5
10209.2
5925.2
20167.3
6047.96
10767.1
12707.2
32759.1
17191.6
6512.74
10978
13672.5
9063.84
9146.29
9696.09
8797.75
8332.28
27479.2
10718.3
10271.9
7629.84
9681.44
9430.24
7991.46
5764.09
7447.13
7355.37
11549.6
6818
13225.1
12999.3
11447.7
7224.35
11097.5
6315.33
18441.4
9725.56
9405.87
6591.17
6047.09
16633.1
6132.22
7399.92
5656.59
35233.5
10195.7
15254.9
8005.89
7791.6
27521.3
8844.77
7567.41
11228
8400.28
7033.42
11841.1
19472.4
6890.79
19563.5
18723
13180.3
8032.35
14066.9
4331.71
10348
10769
6257.47
10282.9
10278.5
6166.55
28893.7
6211.45
11772.7
7801.84
17432
13562.3
17891.6
21612.1
7839.97
6859.39
9468.68
8323.02
6103.42
8030.27
8074.78
7074.62
5036.66
7156.89
13033
9731.87
5257.91
8562.04
6479.38
16438.8
15373.4
5378.58
14158.6
7104.39
6000.76
6821.69
4995.53
7133.85
10583.2
17776.1
12214.8
11537.6
10871.2
15173.1
10267.2
6174.91
22804.2
11887.9
27237.8
5195.28
8614.08
10418.8
18954.9
11714.7
8313.95
6114.26
6702.27
8330.73
8864.17
10343.3
9352.5
6262.71
12885.9
6593.24
11219.3
9016.2
16116.3
8237.31
6399.82
7334.55
31260.8
25774.5
66080.3
20179.6
7120.93
7906.99
6894.44
11139.8
24264
15841.8
17258.9
10385.8
6938.84
10058.2
11698.5
57945.8
8348.52
20999.3
11576.6
11098
7249.75
16905.8
9485.99
23511
6746.16
14168.7
4702.43
9440.16
8583.34
8903.06
6766.23
12930.9
13876.8
11190.3
7414.6
50566.8
11582.3
11264.1
9889.72
15359.1
5638.73
11146.2
15158.5
12977
39267
7991.47
6838.64
4924.42
7049.04
4523.68
5373.1
7073.21
22933.1
9047.82
10495.3
4199.22
22155.7
14994.1
4340.75
7195.97
11214.3
12779.3
7458.99
18689.5
5129.99
7650.81
9705.43
15635.7
16180.6
6658.73
7776.73
24978.6
6415.28
4454.53
4749.35
12741.5
12184
5393.76
9292.78
20166.4
36800.5
10673.1
7332.77
18448.4
25550.7
16758.7
6632.51
5677.02
19003
15166.9
3809.65
9796.41
14221.5
20628.6
7842.77
9457.39
8536.4
6528.73
6582.45
17917.4
17286.7
5747.56
13042.5
9455.62
5166.47
7078.94
12334
9172.56
5687.14
8919.54
12407.7
6870.57
22249.8
10624.5
8671.04
12094.3
12994
5919.91
12669.2
6344.74
5484.1
18718.4
5163.69
13867.4
6796.7
12027.8
7647.94
12701.8
18344.1
14191.2
15727
19548.9
7257.18
10668.4
5967.25
28670.1
11293.8
18045
9800.09
14351.3
6020.63
7173.47
10438.5
8545.44
7925.45
27313.2
11006.3
6205.61
45313.1
10689.8
6560.14
7953.98
14229.3
5805.46
9181.39
16646.1
17180.1
7824.45
3784.84
19183.7
7310.62
5156.41
14430.8
11408.1
16982
11612.5
14818.2
36625.5
7750
8967.62
5956.02
9254.34
7570.72
8209.62
6077.69
24258.8
14590.6
9189.53
10301
6153.48
7845.72
27471.1
7557.42
9823.04
8990.83
11559.4
21421.2
11578.1
11523
8087.46
17845.2
7518.93
13051.4
7476.66
22889.7
21549.7
10101.2
4477.33
6194.22
22618.4
12628.3
6243.97
11966.4
21428.6
14369.2
8089.25
9304.19
12903.6
14650.4
9727.11
11684.9
7711.79
17305
8572.78
12693
22899.1
6065.7
8317.06
17817.3
5013.4
11569.4
31353.9
23461.9
10930.9
11389.3
10073
10112.2
7761.13
12170.6
26151.2
5851.06
14693.2
7335.02
13862.7
11492.2
12458.8
12601
5046.18
17627.5
22538.9
8013.81
12920.4
14537.8
20461.4
8228.03
23614.3
5584.98
8304.18
21421.7
7700.94
9178.43
4889.76
11429.8
6086.55
4511.73
5687.51
4658.62
6133.37
8890.75
8078.89
12555.7
7072.61
6870.34
19055
13068.7
13942.3
10589.1
4785.23
80002.5
12071.7
12570
16651.8
10455.5
13698.2
18626.5
7691.81
5173.32
12383.2
32519.1
14087
41553.8
4378.39
13302.9
12048.4
10280.4
4675.24
5504.44
9896.96
5978.52
7648.61
6575.67
8700.62
6943.23
9771.99
19028.9
18426.5
17549
17197.3
6929.29
14334.3
5938.19
24476.3
9850.46
13865.1
7080
14645.5
8451.25
12608.5
8538.96
21312
9834.47
8887.64
7450.18
24793.2
8824.53
9885.56
8827.87
9459.84
33966.7
6456.12
10926.8
14489.6
4814.86
4409.67
9717.9
7421.85
10704.4
13801.7
7771
7061.39
28233.9
8213.41
7623.58
4807.49
8814.67
7922.69
13494.6
16531.9
9244.55
5481.17
5643.74
36834.8
6986.42
10423.5
22810.2
14616.1
16771.9
15717.5
13983.1
14339.8
7038.08
11748.3
7883.03
7139.3
4768.28
6143.23
10867.5
26465.7
7311.76
8472.1
11023
19353.5
7038.97
8439.35
6089.6
10924.4
10535.1
6878.72
12304.5
6315.89
18949.9
19917.2
7447.54
5653.31
11782.9
15482.8
9576.82
7567.28
31422.5
6750
11463.7
19549.3
17262.4
6458.27
20676.7
6016.63
9596.88
6053.15
9576.4
4267.01
7052.7
15625.9
13830.5
9122.67
5765.33
10688
5711.41
8925.23
19043.6
7180.05
8386.37
6072.57
8872.3
9294.51
8334.43
8035.61
13203.1
19378.4
24268.3
11316.7
9271.72
5784.67
11538.3
4468.81
11457.3
6290.99
16705.8
6672
12221.1
14548.5
7611.18
5577.7
5784.89
8098.1
9893.92
28146.6
4888.23
5796.78
8654.39
4503.79
17511.1
5878.37
7946.78
14179.4
15031.8
7325.39
29151.2
6649.97
7197.56
11042.3
38371
5376.78
8350.42
11090.4
10871.6
8880.92
101649
9622.68
5794.22
9739.44
9089.67
6841
7396.69
25895.9
10995.4
13545.1
6838.25
6700.44
5605.58
5660.72
11248.4
7810.97
5133.33
11734.2
23532.9
5779.65
8273.45
9038.78
11553.2
7577.4
17351
21087.8
11613.8
8421.48
10819.3
6323.95
8005.33
6724.25
11033.4
12265.9
18599.9
21252.4
7380.48
17039.4
8800.95
20576.9
5682.99
6927.72
21001.8
5800.73
7051.88
13928
17422.1
12930
13515.1
20514.2
6920.59
16696.7
11386.6
4849.33
7055.97
5787.26
35987
5455.7
13329.5
8602.83
16175.9
9362.14
15246.7
5977.87
17174.2
4829.76
23452.4
7308.46
22614.6
16788
9709.66
12315
39225
5780.86
13665.6
15196.5
7552.16
5671.7
6480.19
8566.21
6724.96
16250.2
10727.1
6273.68
33122.4
11192.9
6884.95
5413.31
16469.6
10647
12669.2
5183.12
15156.6
7046.88
7783.97
15428.9
19275.7
15588
9829.87
9347.47
13357.1
7157.44
8477.24
16661.2
7198.32
9935.87
9293.69
11921.6
10768.2
7990.93
7900.03
4760.8
15305.9
12286.9
8589.3
7377.9
14409.1
12142.2
9257.44
20998
18978.7
9523.02
6885.6
13667.8
6869.98
10685.3
35124.5
18955.4
5898.18
12444.5
20801.7
12929
9105.68
15690.2
7080.28
9502.05
22905.6
13130.6
14845.3
8443.92
13844.2
49979.3
7406.66
5942.91
10116.7
7900.12
14470.6
14853.1
39774.2
12451.5
6758.47
15531.1
7675.41
7857.99
45157.9
8796.17
10783.6
28821.8
6851.56
8519.58
9819.79
19226.1
9826.19
9384.2
11001
10256
16671
6750.88
13157.7
10118.9
12709.9
5934.42
8172.32
6352.41
6333.68
9640.52
10832.7
12913.1
12858.8
7903.06
6828.47
10557.9
6289.1
7633.72
11999.9
10818.6
22243.6
11028.5
5243.44
13524.2
17658.8
5177.86
27861.4
10139.8
8475.66
18756.9
10091.6
24979.3
6970.82
16115.3
11207
11455.4
5251.63
10801
8749.28
12522.3
6196.96
9711.34
7539.91
4436.54
6288.08
6119.44
6769.97
15693.1
11999.1
7930.68
8634.16
6102.41
7650.38
6200.63
12103.4
14025.3
7737.11
4197.75
8385.35
5850.11
16905.2
7753.99
8249.85
7129.57
9037.76
11938.9
22150.8
5202.02
5817.46
7932.21
15533
10604.4
9721.74
10551.2
23969.5
8927.98
33619
6467.54
6505.73
6424.09
13494.7
7390.15
7201.83
10353.5
19571.1
6277.29
9086.48
9540.25
20182
13985.5
12643.3
9978.7
8791.51
6616.62
11652
4806.1
9329.03
5529.34
9792.91
8524.9
13011.7
8537.47
17351
7784.51
6211.2
22920.5
12078.3
7548.69
7606.78
7870.55
3874.75
6401.24
46604.9
10512.3
9949.51
8150.69
7331.13
19856.6
8378.45
5762.92
11580.4
10642.1
25749.9
10655.7
9871.83
34430.8
6915.89
15971.8
13108.7
7486.8
6781.83
38081.1
11146.9
4787.73
9042.65
10358.7
30221.5
7771.68
12262.7
8694.22
6813.37
12028
49153
25573.1
6031.09
8682.77
7561.73
17580.1
10275
6441.87
6744.42
38065.5
16028.5
8806.69
13539.7
8144.48
13949
8342.11
6703.76
5770.2
13148.3
9237.72
19318.8
21976.6
5266.92
4723.18
13271.8
16486.4
21010
4166.09
11990.8
12499.1
10194.2
16672.3
12228.8
9103.62
8493.34
9761.6
10277.1
7720.43
19886.8
8334.86
9764.29
6797.33
10059.9
11552.8
21224.9
7080.22
14155.5
10157
8165.19
17646.4
12187.1
9269.59
7012.39
5156.95
6860.98
14648.3
7362.91
5747.96
12775
6189.58
19359.6
6815.36
5395.45
9835.37
9343.77
16024.6
9765.56
8010.42
5777.44
6851.52
10276.3
5860.4
8971.51
25109.8
12233.6
16011.8
22992
6970.11
6181.24
7551.8
4909.92
5272.41
3583.46
15592.8
11264
5068.25
8030.27
13954.2
11191.8
11463.6
4749.71
9995.52
10088.4
12854.4
7666.65
7600.04
7331.42
9850.58
10564.7
11437.2
11069.7
6912
12187.4
23508.2
19193.2
6525.4
48193.8
10415.2
16118.4
8100.61
9358.02
10855.3
7613.06
14932.6
18071.9
20309.8
7827.07
9379.34
9883.44
12723.4
7581.44
6687.87
14367.6
8601.54
6457.65
4547.86
6925.16
13909
9864
10728.8
7666.33
5607.14
8937.01
9522.99
5484.33
11486.5
8850.17
6533.51
7655.07
12754.2
10011.7
5515.2
12239.4
25644.4
5305.9
19641.9
9850.71
8069.18
9391.3
9983.66
20092.8
14364.3
11903.5
7002.06
8145.42
8373.59
22413.3
9883.66
6201.62
15118.7
7860.33
8662.74
12073.9
14673.1
10528
6257.53
18171
7899.38
8711.56
6275.87
14263.7
16889.6
15256.6
5183.91
8142
17265.1
11710.3
10850.7
26183.2
10779.9
20037.8
7298.37
7788.54
6977.16
6449.85
14796.5
25122.9
6548.78
23956
19758.6
7117.05
17449.1
11802.8
10385.3
14911.5
7481.63
11831.4
9797.98
13284.1
14497.4
16822.5
5601.58
8071.96
3872.68
4670.26
19576.4
7139.13
18385.2
12359.7
11022.1
8090.92
10749.9
10196.1
14355.4
7546.75
23750
21151
8039.54
18800.5
5593.44
51062.9
11315.3
24774.7
11927.5
15771.8
5373.89
4950.25
6009.44
10756.7
5267.93
6675.89
7142.23
7861.16
10434.2
9113.73
12313.6
17395.2
4974.66
6223.36
4895.78
9790.85
24798
25678.2
6826.7
7898.97
24078
15188.5
10525.2
19716.2
7536.06
5338.58
13187.7
12824
29016
7746.44
10269.5
11361.7
8408.62
8547.4
16411.6
11492.8
9895.82
9333.59
7274.86
25240.1
18879.8
11985.4
6544.89
9022.18
13029.2
7781.47
8744.56
17989.3
15168
11563.9
12803.8
6012.27
41583.8
12165.6
5011.03
7696.3
6377.49
7959.35
11330.5
9021.41
15309.5
9033.61
23927.9
6237.72
10002.9
14666.4
10270.7
7970.42
8718.03
18808.3
9688.62
7740.28
14574.7
4746.21
7868.48
4716.68
11313.5
7630.03
6812.28
22403.3
4058.91
16305.5
20552.5
10472.9
6382.68
8013.26
25355.1
8085.15
8764.83
21581
7338.47
7370.5
13337.1
7708.28
6663.81
20613.6
9186.15
13207.9
9354.86
6509.24
14128.9
14232.6
5202.78
51360.2
8529.31
18518.4
7026.29
9006.26
12232.8
4786.64
16753.2
6108.53
32218
6785.4
7546.96
7364.77
9947.26
32383.4
7246.74
14327.1
12733
11288.1
9363.98
7664.35
28796.9
6273.31
12438.2
23519.6
12291.5
11348.3
13581
10243.4
15624.2
12074.5
14200.4
11210.1
7622.07
4983.37
7150.36
25450.6
11545.8
9332.58
9415.13
20862
8733.88
20154.6
5787.41
6952.49
9599.46
15505.5
16308.5
7263.95
11035.1
27985.4
12516.3
33410.4
12074.2
34745.4
4926.61
14125.8
8013.99
11222.9
15191.9
6534.37
7857.07
24121.9
20827.1
7203.1
26633.9
11836.5
11145.5
11283.3
21115
7204.72
10428.1
8791.47
8593.64
6813.56
16332.1
5152.1
4835.35
7338.67
10522.7
21674.2
19369.8
13610.6
9063.29
14506.5
7511.39
14725.6
7912.97
7908.59
25887.5
16171
16062.8
6120.25
5199.83
6046.81
8776.23
5869.79
14169.7
24706.1
19576.6
14963.9
5302.95
7417.4
13569.5
7289.46
9588.7
12204.2
6350.76
19957.8
4712.07
14447.7
9326.25
5552.71
17886
6384.48
9212.95
21361
7236.2
6440.31
21975.3
9290.33
9353.8
13045.2
11096.5
13240.5
16455.3
13158.5
10282.9
7904.48
12070.3
6347.95
9114.21
6466.99
7322.27
4172.59
17814.7
11057.4
6709.78
15822
10767.3
10810.2
14516.6
12363.4
9961.71
9837.96
11581.2
11249.6
9623.21
5820.51
8721.81
8975.57
6186.67
9256.22
15228.8
5711.32
7671.38
16249.1
5591.82
4402.51
6196.03
8290.55
10996.7
6182.86
6240.68
12385.2
10286.7
29805.3
14875.6
11591.8
6752.3
13134.8
18740
9934.15
7902.92
7098.2
5299.62
7914.98
11557.5
6754.39
19265.7
5515.49
7498.25
12811
26169.6
17531
14056.3
6643.32
9488.69
7831.67
14467.9
5751.36
4467.19
5036.03
27411.7
11828.2
11404.8
16475.6
4332.09
8468.86
13893.9
19257.1
11496.1
7996.64
5433.75
27964
7107.38
8776.59
4723.57
15145.5
7771.18
21423.7
8747.72
8780.71
9678.42
11253.4
21114.9
7906.89
6064.6
6076.11
9963.38
9073.86
8881.68
9267.16
8003.44
12011
9376.64
7362.76
16115.4
7301.11
7368.41
9736.49
8071.45
48045.8
10403.9
9742.37
13936.1
5811.4
5675.8
9377.16
9066.07
9495.31
11827.2
15870.8
13597.5
7415.74
11781.6
5497.8
10430
15409.4
13190.9
6313.89
11489.9
8771.66
35419.6
11228.1
20680.3
13458.1
15151.4
19814.6
7139.11
12195.4
9286.48
13522.9
9200.03
4879.58
11343.2
8357.61
26374.5
6613.14
15711.5
7350.84
12278.3
8696.94
9554.83
9985.38
7998.99
10732.8
7829.4
8108.45
7169.48
26386.1
14402.1
4815.17
7968.6
10992.9
9662.8
6400.44
15140
13755.5
13293.7
18144
37813.7
5912.89
4390.63
7787.98
14947.8
17701.1
5522.72
10422.4
11993.4
24860.4
22042.9
7816.7
17340.4
18405.4
7854.12
5603.21
63511.3
7504.12
12260.8
20020
13914.2
10653
5909.77
7875.24
11239.5
22888.3
5986.7
8926.53
8606.75
4409.27
17485.4
6015.12
10221.4
10487.1
6984.02
9678.02
8262.23
8550.7
9130.23
27943.1
7995.32
13339.1
17424.9
16761.6
8662.29
5994.66
17162.8
13967.6
16720.3
16804
11372
6741.93
6467.18
10768.2
15383.4
81989.9
6465.55
48186.9
14347.9
36478.3
10578.6
5241.03
11434.4
7229.41
9751.34
5533.77
4656.81
4938.04
7094.15
7598.24
8656.08
4601.84
7797.33
5962.22
7277.25
34015.4
13615.2
8340.95
5546.37
21100.9
8987.26
11552.8
7614.37
12739.6
12653.4
5041.34
8955.88
7409.06
7290.83
7742.18
12550.4
21200.5
9744.2
6174.04
11203.3
5121.85
10184.6
9199.78
12436.8
6035.92
14693.1
11537.8
7745.81
12849.5
26830.2
6991.49
10346.9
136429
13047.6
19184.6
6211.24
9943.29
7445.98
16438.7
8314.36
14617.3
8321.34
23234
11397.2
9089.43
5499.52
9953.61
4947.13
17215.5
8768.78
11695
7145.95
4621.82
15093.7
36783.6
6158.45
9239.88
16361.5
26645.9
7149.83
7048.5
25260.8
44723.6
9865.13
7974.02
8160.19
7534.15
25460
8252.17
7169.03
12312.4
9222.53
11997.3
7222.18
9908.67
18546.2
9862.44
32032.7
10676.2
9309.18
12026.5
20877.2
12690.1
20193.4
16896.8
7294.42
21692.1
6740.42
14791.3
9756.7
19999.6
14009.8
13630
16191.3
5964.72
8376.49
11818.7
17710.2
17595
13028.6
15339.4
11095.8
5812.38
10630.2
9009.91
7419.98
25447.8
8874.72
12905.6
9615.02
23028
11268.5
7303.97
15382.3
6785.88
5035.68
6538.42
8003.19
9022.22
21067.1
6774.87
18139.8
6437.24
16401.2
9099.16
4958.97
7394.59
6858.17
9944.36
11648.7
27414.9
7341.27
11764.6
11916.6
5449.23
5745.55
7604.41
12839.2
6398.58
18439
9263.59
11313.9
4175.56
11882.6
18158.9
11168.2
6757.6
6054.07
6190.26
7350.34
7560.58
13061.3
9116.09
11705.1
11612.8
11836.2
8850
14044.5
16245.9
8066.58
5662.56
16211.3
5925.11
13301.7
11463.6
14817.2
6322.87
7860.5
29060.9
48864.1
6399.04
8932.2
8275.91
10476.6
37025.5
6003.49
20195.3
10890
8499.47
17220.1
6243.9
7753.75
8926.27
11088
6770.38
7726.29
7885.35
8709.57
7126.43
11778.2
11036
13356.7
15982.4
9862.62
11638
10651.1
9391.02
22272.1
6188.97
4443.99
11843.7
11467.5
6244.71
6136.04
17320.5
9209.82
18312.5
7078.59
38356.7
9859.06
7734.97
12319.8
21743
7214.61
5286.72
8121.45
5996.14
36774.2
7367.27
11873
7345.63
8797.22
9485.33
31372
11654.4
7745.84
7848.3
6834.17
34095.9
7940.69
10131.6
11670.9
19114.4
7004.33
9423.17
11756.4
15510.3
12770.4
11695.5
17706.1
7574.55
8674.7
6029.28
10631.8
15726.5
16586.8
6248.28
21543.1
10344.4
19295.3
13738.1
12353.9
5530.31
5550.32
11669.7
15071.9
16889.5
8406.42
8076.53
14043
17385.4
6434.38
12383.8
8691.65
9439.04
11169.5
13046
10415.5
5588.28
37835.8
5017.52
10510.4
5418.44
18047.1
9601.05
7287.27
9696.71
12662.6
9536.77
18248.2
9186.67
10238.3
8492.32
13961.2
12150.6
9584.6
19535.2
11264
13448.9
14890.6
18360.6
5599.99
16510.2
7145.61
9183.89
12593.7
7561.68
5311.74
22886.8
8144.23
8767.71
31600.7
5681.94
19939
6805
6669.31
7570.15
7814.86
6186.21
6657.44
13362.3
20655.7
10105.4
7966.07
7653.75
11611.9
12205.6
6121.09
36525.4
5313.59
11666.2
5536.15
4127.09
8805.49
14369
9653.3
49852.8
10908.2
13168
8571.86
12915.9
17634.3
14193.9
11578.4
6525.6
7064.51
14654.1
16648.2
16356.1
11373.3
5792.73
10820.6
9520.5
7695.52
3940.42
8455.12
6294.21
12118
20659.8
11153
21375.3
18965.9
9370.02
4316.56
10424
6913.48
8543.92
4824.82
6209.25
14503.3
13149.8
6689.87
13585.9
11709.8
11572.5
11603.8
14272
12153.9
13134.2
7640.1
5963.19
5257.93
12873.4
9456.35
19593.4
11636.6
7241.16
14583.2
14975.5
15084.9
10276.8
7116.48
8732.41
10051.9
5630.54
6209.84
12305.7
13164.5
13489.2
6423.8
25575.3
11811.5
5147.82
10384.4
8144.54
10858.2
3619.76
6194.27
9662.19
15398.3
5491.88
7570.66
14029.7
10421.7
8328.49
13389.2
11442.1
35093.7
7996.07
8161.65
7985.42
7019.73
11536.9
6257.3
8147.55
9483.54
9928.54
11478.6
14547.6
11760.3
7758.19
29304.6
7077
12515.3
14849.1
17034.6
30628.2
9416.09
9480.67
6005.77
15641.6
26284.2
9740.11
5652.65
10626.6
35917.4
11034.1
6368.92
19359
15856.5
12928.3
7361.31
5705.41
18407
9819.07
10002.7
5361.94
7951.64
10337.4
11017.8
13267.7
14312
8062.87
13695.7
10360.3
8636.7
12440.4
4253.29
8476.67
26062.5
8367.09
18728.3
10581.9
6136.77
6035.8
12365.4
14125.9
9452.44
19268.6
8302.62
8501.91
7896.69
6294.34
8747.37
5706.21
11463.1
13057.6
24932.5
13431.7
9723.56
6363.99
10271.7
12923.7
4868.05
12414.2
5891.52
16793.5
14366
10171.3
6854.78
21296.9
9465.78
19163.2
11674.8
7621.67
25035.6
7168.69
10680.1
12048.8
19613.2
9486.95
12043.6
8501.41
7272.89
12445.6
13862.2
12896.5
3980.14
9694.56
12150.2
11906.8
9136.62
17560.3
7764
8287.26
7263.51
17571.1
10380.2
9917.4
6546.86
7853.8
47720.4
17233.5
8962.09
12636.4
5769.71
11355.8
22445.4
10679
9114.76
7210.14
11145.7
10257
16144.2
9487.55
24277.5
11495.7
6703.05
17423.9
12211.6
12210.7
10767.7
9712.95
15303
6626.71
11790.3
8952.38
45814.7
11696.3
8537.69
6674
11962.7
6505.07
8153.45
18556.6
15123.4
40587.5
9552.06
8778.52
7706.1
7928.35
6438.77
8771.43
11889.4
7400.14
9821.27
7913.54
14146.8
22238.4
17019.7
11191.4
12150.5
12762.8
12325.5
5075.6
12473.3
5680.41
7246.18
22332.2
14325.6
17118.3
24773
11142.9
5430.27
11439.6
25214.4
8541.09
9565.4
6762.05
10229.3
21341.8
9971.22
20086.4
7880.74
13949.2
7445.14
6355.09
15306.1
24899.9
19757.6
16119.9
17656.4
8518.83
5334.74
12855.8
11071.4
14849.1
13459.1
15595.2
8092.02
12354.6
35643.5
8771.88
11386.6
9113.31
8708.61
9148.87
15079.4
7128.92
13031.3
20970.7
9936.09
9709.19
7047.28
19231.2
7892.05
6567.52
4791.64
15621.7
20228.6
63598.2
4007.33
16278.8
10234.6
6691.77
16958.5
11838.6
4470.71
10124.2
15952.1
9118.31
17805.9
22816
18077.6
5838.47
15054.9
6339.65
9668.05
28402.2
9082.09
8527.93
13192.5
14979.1
11305
8198.54
9895.18
7715.01
10959
6924.62
16482.8
8881.13
7019.02
7916.34
9593.9
5309.38
21792.5
6900.93
16363
6200.88
12735.2
13328.5
24121.3
6630.98
9873.85
24148.6
8231.39
4316.67
13653.2
8723.64
7102.68
4632.4
7544.97
7242.81
6450.66
6528.11
29608.9
8476.12
19269.5
7906.58
7675.62
18286.8
8202.46
7021.69
29136.3
8819.76
22268.5
15579
11377.9
9165.35
7154.06
7747.7
4510.78
12539.1
11972.6
12357
9890.43
29739.7
10987.6
6840.1
7498
19044.6
12806.7
10299.5
11473
18023.9
12367.2
6755.06
6983.47
21420.1
9860.94
10540.5
12113.2
10710
23457.1
13745.6
8139.51
9412.28
7842.48
6576.24
16327.5
20617.2
7439.11
9627.16
5644.34
6416.9
7516.89
5876.78
13834.9
7967.63
13753.7
10579.8
14093.2
5106.97
9001.32
6682.19
25686.5
9926.18
16008.5
23452.4
6529.59
6834.42
29258.9
15319.9
7620.12
7045.14
17494.9
5453.37
8877.51
11297.4
38341.7
7107.86
13841.9
6067.6
7210.49
5993.63
6769.11
9391.76
10358.2
9377.37
10943.1
5264.13
17052.7
13892.9
7872.8
30996.1
9964.23
10948.2
10378.2
13470.4
16869.5
6503.61
5053.88
19859.8
11921.2
6222.32
8292.55
5717
10287.1
8489.05
36404.8
6000.79
18650.2
8434.37
20713.3
19023.8
7292.81
10838.5
7026.73
9249.37
4520.23
12491.7
18572.3
5314.17
7097.12
10925.1
8033.74
13806.7
4571.5
6587.61
11082.9
16743.7
12197.3
10293.1
6214.33
5139.99
7831.68
8169.08
11633.7
22980.7
15879.7
5556.91
9674.76
19708.2
8457.72
12148.4
11608.3
10411.4
14561.2
11505.1
14274.4
9387.61
8288.42
6417.91
7661.07
9109.64
9724.55
5060.08
26076.2
11304.6
9381.37
8020.14
5343.5
13191.3
4387.46
14695
13457.3
7069.25
7191.16
5896.17
9916.65
19829.7
17353.6
15938.9
11488.4
10880.7
6223.52
16199.8
14855.5
5815.14
10676.8
9222.34
15513
20576.9
5737.48
8510.34
8232.64
12593.2
13320.8
13451.4
8658.94
9313.38
15273
4892.7
8025.21
6749.7
8794.92
11057.1
4933.48
4517.15
14087.3
10425.6
10513.7
4756.17
23103.7
7627.76
10063.6
29568.1
17486.2
22133.3
17008.4
9878.63
8268.61
9016.86
6646.41
11759.3
5536.49
5209.63
12838.8
8069.27
6211.74
8052.63
5420.03
9443.09
7249.26
9756.15
7485.48
7607.1
7877.43
64439.2
6411.79
24152.7
6675.13
5075.65
6964.62
7015.54
8656.55
6721.74
5651.65
12832.8
10482.1
45633
26632.6
8501.77
6964.48
5242.36
9768.47
7205.69
5564.72
10446.4
7672.59
6643.67
12504.4
7930.67
9975.56
26382
7013.8
19696.5
10180.9
14204.7
6172.87
9008.08
8331.85
14649.9
11340.3
7277.77
7465.48
15415.2
6923.93
5554.36
6642.26
40397.2
11561
22624.7
22702.5
7688.1
6218.34
8456.23
11995.4
38436.9
40893
23522.1
6236.48
12222.9
5528.41
16322.5
10311.6
24340.6
40327.4
5892.4
22134.7
13833.9
9996.58
32903.5
13617.5
10012.1
15798.1
9823.06
11615.4
4762.86
4960.72
9331.57
12228.5
16455.8
8696
9686.05
7542.47
18766.8
18837.4
4960.33
18654.2
11796
4605.74
15200.3
6536.35
11316.4
12308.9
7637.83
22325.6
5744.65
8554.16
10039.3
22002.2
9202.66
12659
11502.5
13377.9
20612.8
11209.2
5987.48
7807.05
11722.9
9119.44
12810.3
5026.92
6475.26
26332
9474.27
13215.9
10938.5
22309.6
33197.9
5812.25
6019.98
12155
12047.3
63438.9
12393.4
10056
15192.2
25785.3
5346.45
14741.4
10535.2
6866.42
11990.2
7984.36
27974.7
16194.2
9886.79
7173.04
6697.24
12836.4
6038.85
10668.7
18376.2
14550.7
16347.6
7634.94
13187.8
17451.9
3907.61
6102.38
37944.8
7919.76
12532.2
5909.19
4916.3
17049.8
8565.89
13313
14789
16815.7
12543.5
7986.93
8272.33
17952
8184.83
5719.45
9234.8
33706.1
6943.32
5229.49
6071.87
10238.8
17907
37475.2
10751.6
11227.5
21230
4558.81
16164.5
4979.43
5211.41
12458.4
22000.1
19854.3
13626.6
26838.5
4312.71
12948.2
