4015.12
2729.64
2868.31
2753.41
5126.14
2630.01
3412.17
2608.59
4720.27
2337.69
2133.32
6474.29
3005.42
3046.3
2001.34
2767.75
1827.17
2599.13
1700.96
3507.88
1577.12
1317.35
1501.04
2331.42
2361.61
2068.25
2989.41
3256.37
2808.5
2326.47
2056.27
3431.22
1739.53
1920.83
1696.85
2602.21
3236.72
2490.89
3556.13
2721.72
1843.39
2212.52
9623.75
3909.21
2712.6
3518.37
3049.56
2155.29
2331.13
1593.66
3918.39
1756.1
4500.97
1958.22
4350.3
1943.42
2985.79
3007.74
2985.09
2650.99
2962.96
1760.11
1413.99
1600.53
4080.37
3375.94
1531.2
1309.34
4075.54
3262.7
2511.67
2346.84
4983.63
2298.37
2760.15
1965.28
2230.03
1904.4
2018.15
2485.26
2403.56
3274.54
1885.5
1270.44
2460.11
4074.59
2158.01
2080.93
2748.23
2041.97
4815.98
2583.17
3821.01
2852.84
1892.05
2059.13
2418.23
2327.7
2441.03
3130.8
2315.37
5153.48
2986.31
1558.2
2034.67
1701.69
2621.29
5360.61
1656.42
4077.86
1957.94
2946.7
1773.26
2375.25
3095.77
2840.73
1997.5
2185.04
1930.83
2095.99
2631.38
8374.11
2195.52
1859.02
2688.12
2384.02
3268.61
2160.62
4012.49
2127.31
1856.73
2028.36
3315.75
1680.75
5649.46
2677.21
2096.71
3137.23
2164.26
1660.35
2653.96
5187.12
1854.58
2866.05
1955.36
5889.64
1464.17
2206.63
5251.19
2448.58
2303.61
3086.23
1532.54
2086.67
2364.15
7540.53
2160.01
1547.17
1915.66
1996.44
3567.77
3078.3
2842.04
1654.29
2546.97
4048.53
2372.27
3789.13
3057.75
9197.33
2358.23
2142.02
1190.1
3223.89
1694.98
1981.86
3423.84
2157.2
3948.79
2299.42
2462.28
3188.57
2389.18
5158.01
1845.5
2113.07
3260.58
2356.01
5357.97
4222.46
2211.36
2753.42
1713.32
1532.93
1778.25
2048.74
3071.41
4874.09
2452.93
2148.58
2624.97
2479.93
2302.8
4620.8
4070.58
1270.71
2678.45
2559.31
4056.27
2801.21
1693.89
2708.1
3513.27
1565.19
1572.88
3052.57
1584.39
2622.91
1978.58
1987
1857.32
1780.97
3850.07
1765.34
1610.27
2013.73
2060.34
3086.18
2123.54
2781.12
4577.55
1445.97
2324.33
1858.35
1939.6
3125.45
1684.32
1779.2
1980.98
1464.47
2924.38
1845.91
2793.83
3327.06
1577
3037.88
2706.07
1610.53
4254.69
1845.05
1361.97
2185.36
3310.68
1971.87
2383.99
4262.35
2528.08
2357.59
3315.93
1494.06
4388.45
2336.98
2290.86
2535.13
2268.95
1312.44
2605.35
1673.74
4033.81
2095.92
2469.15
2954.84
4214.73
2251.6
1899.45
2130.81
2937.96
1566.72
3465.88
2053.57
2203.89
2271.34
2675.52
1734.83
3570.99
2715.16
5426.71
2110.57
1820.02
2911.82
6588.97
4121.06
2608.95
5209.09
2336.2
2278.67
1812.71
2139.31
3622.59
3381.21
2807.8
1497.68
2995.83
2982.35
2329.84
3629.58
4584.44
2188.42
5765.76
1569.11
1989.78
2026.4
2231.91
2333.41
3242.8
2025.82
2729.35
1483.59
3527.2
1362.84
1823.09
1563.78
2017.23
2294.22
1782.74
2164.25
1352.9
1740.86
2485.51
1430.66
2951.07
3795.69
1701.43
2501.32
2329.6
2399.96
2114.87
2497.27
3416.56
1581.29
4251.5
2668.47
1992.85
3420.65
2139.56
1892.16
1935.28
2349.94
2189.12
2040.66
2529.45
2664.63
1579.8
1189.95
3427.15
10727.6
4575.6
2298.14
4924.02
2923.82
2635.09
1945.16
2261.82
2682.84
5624.15
2244.32
2240.75
1304.93
2347.28
4956.88
3511.82
2589.89
2800.21
1820.16
2239.44
2712.16
4301.36
4924.95
3870.22
3120.05
3838.02
1826.71
2055.97
3618.72
1578.55
3228.85
4166.29
1719.96
2672.29
2022.65
4410.38
1280.87
1487.81
2104.34
3947.84
1608.88
1792.76
2322.27
2254.47
1890.07
2880.87
1859.58
3215.83
4218.4
2326.82
2551.42
4464.58
3726.46
3094.31
2419.24
2134.29
5422.57
3492.67
1796.97
2642.16
3303.58
3513.36
2385.16
9289.49
1835.4
1952.03
2882.98
5754.47
2086.24
3362.01
2032.35
3303.11
5654.74
11110.8
2230.74
1994.52
2542.62
2786.9
2907.44
1680.53
3122.35
1359.13
2651.81
3434.98
3271.34
3833.13
2026.25
6331.81
3094.12
1838.38
2032.18
4273.4
3675.16
1916.37
3159.38
1972.07
2419.67
1717.83
2540.72
1803.23
1783.11
2810.81
3049.56
1516.64
1367.86
1365.17
2230.19
2970.79
2101.66
1949.78
3095.38
7181.12
3043.06
3123.58
3138.44
6271.42
6477.02
1799.37
1400.65
4608.08
2644.67
2510.02
2248.62
6555.07
3138.63
5039.88
2535.25
4138.13
1651.36
2229.07
2092.64
1636.5
2733.28
14911.1
3679.15
1402.94
1875.09
2529.3
3042.9
3167.02
2082.22
4781.48
3802.65
2267.33
2666.09
1972.67
2382.59
2016.23
1942.24
1748.94
2934.07
4569.09
1741.68
2692.71
3165.99
6743.05
2044.64
4577.2
1657.17
4184.22
2006.05
1949.29
4377.42
3431.85
2043.64
5997.38
1483.06
4416.03
2187.25
14817.8
3114.09
5269.03
1494.2
1827.46
2906.37
2874.17
6032
2995.66
3140.13
1398.2
2108.4
3352.84
3861.73
1988.03
2355.46
2757.53
5047.76
2204.06
3577.88
1887.35
2458.13
2364.87
2082.45
1261.36
2992.8
1598.22
2472.09
2114.47
4815.01
2775.02
4282.25
1892.84
1631.03
2406.72
1886.86
1571.41
4466.66
3686.76
2181.68
2157.06
2602.54
1641.14
1966.61
2187.87
2446.64
3655.82
3184.06
5036.65
2283.9
1907.24
2330.61
1971.24
1535.01
2715.37
2479.72
2244.33
1592.85
3081.89
3728.03
4178.48
2145.27
3140.99
1808.18
2424.9
1755.91
1599.19
1612.93
2284.73
2461.71
1917.93
6714.79
4568.45
4936.77
2829.64
2622.37
3898.27
2617.86
5586.78
3573.57
2595.92
2044.79
2709.69
1646.89
2160.13
6385.12
2004.66
2264.76
2361.36
2873.37
2482.02
1734.54
2816.4
2591.35
4423.4
1850.42
4023.22
5776.36
2963.51
1835.19
3271.88
4031.72
2314.84
7407.1
3872.37
2332.25
1481.38
2576.23
2990.03
2024.51
1613.66
1873.38
2525.81
1573.98
1605
1276.35
2490.15
2546.79
3508.99
7628.13
1823.94
1642.04
2776.02
2046.42
1323.99
4182.44
2991.5
3774.01
2602.72
2517.85
9204.67
3249.52
1945.48
3707.61
2486.08
2417.25
1709.11
5346.39
3246.81
3751.27
2783.86
2675.33
2024.08
2148.86
2899.79
1665.07
3800.5
1847.7
2570.4
2993.65
2790.12
2259.22
2980.85
4294.07
2112.81
4676.28
1761.18
3077.8
3313.47
1353.77
3302.27
5185.57
1485.31
5791.04
1642.65
2181.86
2190.83
3266.93
2263.96
2212.63
3497.77
3211.93
1048.52
3715.86
2209.51
2612.75
4705.6
1914.68
3667.4
2473.56
2623.43
4405.51
1941.59
3514.05
2451.76
6993.57
4468.66
2981.85
3019.32
1871.38
2626.51
2884.14
3926.92
3080.17
3463.83
2306.38
3149.59
2543.41
2428.24
4809.6
1499.92
2706.2
2424.79
2531.85
2970.87
1756.48
3746.64
5762.29
3064.6
2909.61
2438.59
1304.3
3169.37
4381.36
2836.38
3020.72
2404.46
2456.98
3332.69
2905.62
3840.61
3973.45
1722.2
2448.88
1676.88
1716.27
6217.35
2035.13
2571
2017.9
2452.64
2904.31
2183.32
1063.82
2981.06
3587.3
2771.08
4484.83
5334.27
3464.67
2749.24
3289.54
1694.21
2841.88
1290.33
5664.34
2747.75
1773.51
2640.25
6570.91
2974.57
4654.85
1669.22
3934.1
1644.12
3412.65
2472.16
1168.41
1726.15
2113.28
2129.28
4518.51
5157.8
3056.22
3183.61
3164.1
2181.15
2295.53
2677.02
5843.05
1920.25
2326.8
1852.32
1701.62
2562.96
2531.57
4466.31
2839.41
2014.39
4277.4
2719.14
1432.95
9052.92
1388.69
2695.56
1529.21
2858.9
1326.73
1723.23
2104.25
1573.83
1373
9973.51
4754.17
2439.22
2628.7
2158.32
2006.93
1730.59
2138.04
4017.11
1781.29
11710.8
3595.03
5133.76
5242.11
3256.56
1786.15
3474.61
1671.51
2119.6
3630.24
2739.47
2463.81
2201.33
2027.45
3154.48
1847.91
4180.1
1589.26
3601.81
2257.05
7023.14
2236.4
2765.72
2418.15
2225.95
2671.67
2571.74
1819.23
1780.65
1374.16
2456.93
4876.39
3655.93
2881.89
4448.01
2281.56
4173.57
2646.27
4255.07
8370.16
5810
2195.83
2202.8
3497.91
5510.86
2106.34
2564.46
3091.96
2285.93
5380.72
1636.19
2724.87
2012.69
1199.36
1737.96
4027
2244.18
8363.84
1860.85
5475.81
1750.44
2231.86
2148.72
2210.08
1426.13
3973.36
1956.49
1456.88
2072.87
2890.13
5138.55
2343.71
3257.07
2128.03
2199.27
4044.28
2376.78
2512.11
1691.86
2894.4
1500.52
1352.97
2292.31
2288.37
3882.82
3021.12
2898.97
2380.92
1837.9
4778.26
1984.73
5437.67
2760.36
2808.49
2297.24
2757.74
1743.8
3167.65
2007.21
1768.93
1563.6
2918.66
5061.83
4273.95
2786.67
3596.55
2040.21
2317.55
1881.24
3616.32
2087.14
4165.09
2902.14
1989.96
5038.97
3275.07
2664.53
5553.39
3358.48
1944.21
2586.65
1797.81
2089.99
6072.08
3334.98
2418.27
3771.72
3198.53
3488.18
2765
1727.48
1945.47
5352.97
1709.15
2591.84
7354.24
1857.91
1461.31
2254.91
4653.07
1775.69
1758.71
1685.22
1677.55
2645.54
1783.45
3471.46
2775.55
2992.83
2283.95
3273.07
2349.13
4746.87
3167.58
4582.21
6219.62
2817.58
2103.66
1719.86
2066.95
2465.1
4031.3
2676.46
13927.9
1660.96
3199.86
3712.81
3753.71
12639.3
1401.13
2504.31
2884.53
4407.6
5254.18
2990.14
3470.19
1574.94
2171.73
2290.99
2820.74
2069.68
2799.86
2101.29
2494.66
3290.4
1880.55
4623.58
1696.58
2488.65
2603.18
3396.91
1876.71
2816.15
3562.19
1943.06
4994.73
4483.57
1661.8
2773.11
3303.36
2165.77
2302.51
3256.67
2814.37
4324.38
3075.91
3487.09
2375.17
2016.02
2948.24
1787.33
2919.43
3678.1
3688.82
1708.44
2444.55
1409.06
3619.09
2360.24
2205.22
2115.94
1546.24
2815.67
3163.38
1769.8
2194.79
2373.06
2001.4
2092.82
3489.01
1786.88
1879.73
2846.44
2761.08
3836.51
4492.68
1703.46
1295.12
2118
4606.15
1387.78
2262.38
3076.21
2914.94
3346.95
1494.04
6044.11
6246.6
2129.35
2775.17
2585.28
4061.55
3917.83
2108.87
2794.99
2078.79
3017.73
2458.35
2761.95
4437.8
1805.65
2985.45
5413.72
2444.25
1967.08
2692.56
1565.54
2687.06
3195.78
1903.55
2102.5
1354.1
1935.42
2269.38
7420.33
1568.88
1245.84
3495.22
2630.24
2837.82
3639.9
2273.64
1963.84
2400.97
2483.06
1844.06
3212.95
1684.23
1762.01
4156.7
2889.85
2234.14
1842.86
2261.32
2878.62
3865.85
1630.41
2744.56
3095.55
1706.75
1324.34
4597.2
1577.27
1857.39
2790.54
1853.8
2534.75
2107.14
1561.19
2516.48
1768.9
6233.67
2606.82
5402.04
1589.02
3213.53
1939.68
4561.64
3532.03
7237.44
2291.05
2128.1
1746.23
1869.41
1838.39
2584.41
7082.12
4342.63
2202.07
3693.67
1944.66
1788.55
3211.45
2001.78
3020.11
3048.63
3255.44
4334.35
1919.69
4681.28
3798.55
2273.38
1698.54
2101.63
1587.04
2195.74
3728.22
3455.7
1504.68
2833.51
1797.58
4195.69
3381.87
1274.06
3974.88
3117.91
1261.72
1935.9
2045.82
1854.45
4522.63
1870.98
2425.19
2643.56
1708.26
3830.39
1772.24
2396.86
1788.89
4477.99
3206.08
3243.28
2445.49
1722.38
3331.08
1769.86
2182.66
8770.2
3563.37
3239.93
7937.93
2908.57
6053.96
3154.62
1692.45
2829.96
4701.94
2113.13
2419.94
8020.01
2185.91
1966.45
3722.19
2763.61
1280.9
2513.77
1581.38
2445.9
5315.78
1424.1
3090.67
4696.17
7680.79
3281.76
3366.77
3686.41
6896.16
2619.88
2266.45
2475.55
2389.32
8057.05
2537.77
2026.46
1554.54
3409.11
3241.07
3206.65
2636.92
2484.24
4095.85
3512.96
2367.23
3832.71
3411.24
2959.39
1205.36
3304.91
3457.79
3774.9
4462.39
3261.61
1440.94
2306.95
2832.08
2365.03
1521.16
2628.75
2442.08
5180.42
3694.77
1745.87
2652.35
2450.88
2351.22
3425.08
7342.64
3115.58
1570.03
1740.64
1655
6273.77
4076.36
2821.48
2298.65
2399.03
2297.11
4504.93
1918.2
2397.56
2317.42
1923.51
2426.62
4252.7
2198.04
3117.81
2063.04
2129.65
1727.05
6687.24
3478.18
1946.44
6771.25
1821.64
1642.23
3511.5
5860.88
3160.78
1946.79
4071.01
2674.85
1949.7
2660.47
1188.27
1785.75
1467.7
2246.11
3074.12
1761.23
2622.56
1828.24
3205.67
2172.01
2302.97
2609.01
2013.61
3126.8
1645.85
1519.98
2300.93
2396.71
8886.7
2203.45
4760.75
2650.29
1858.95
1918.71
2950.59
2561.64
2672.02
1854.31
2434.74
1945.27
2510.66
2498.44
3638.75
7772.07
3203.37
2533.65
3394.66
3931.3
2340.18
1694.03
1288.72
2374.83
2066.83
4612.87
3527.35
15878.1
8184.89
2104.12
2553.48
1590.35
1686.75
1903.06
2745.63
1612.22
4201.75
8970.5
1844.72
4580.44
2412.73
2757.33
2013.46
1925.09
3818.18
2979.72
3301.76
1912.05
2112.85
3766.82
6429.8
3020.16
1705.94
3719.76
1665.65
2573.36
1992.59
3091.76
2530.06
1838.53
2285.42
2143.22
2257.42
1625.23
3847.93
3201.69
5344.08
1873.11
2785.74
1496.14
3202.06
3250.5
2328.28
1507.07
3590.34
6058.18
1970.3
8836.69
2701.56
2417.31
2028.33
2965.19
1735.54
2012.58
2342.87
5409.26
2071.57
3641.72
6848.48
3998.41
3534.84
2302.32
1383.74
1887.79
1534.63
1704.45
1422.79
2627.85
4243.77
1917.44
2286.25
1551.85
3635.38
2680.98
1854.71
3410.33
1414.64
1861.26
2687.78
1757.25
5227.91
1521.33
3461.76
2097.77
1495.95
6062.51
1525.4
1951.79
3730.15
6010.77
1448.74
3958.69
2881.9
2356.28
5535.33
5066.02
3456.35
2371.95
2179.12
3819.03
4942.2
2542.23
1958.7
3080.29
2656.18
3754.06
3301.46
1198.93
3497.03
1725.44
2175.81
3671.91
2208.7
2557.64
6255.2
2263.23
1847.48
4371.72
3673.99
3215.03
1794.69
2333.94
2023.95
5856.41
2249.18
2208.32
2342.61
2867.92
2620.52
1799.41
4206.22
1719.34
2766.49
1912.26
1992.27
3769.37
6489.72
1920.33
4398.07
2234.08
1755.6
4367.08
1656.21
3849.39
4571.39
6442.17
2198.91
3001.03
7251.56
1939.85
2242.61
5859.67
2387.29
2518.64
2337.35
2707.65
2625.46
3919.93
3964.33
2301.02
2883.32
1474.95
1510.05
2976.96
2482.45
1784.78
4498.9
2216.49
4788.07
2508.22
2085.59
5148.01
2136.44
2586.74
3228.01
1852.55
5106.47
2769.14
2757.26
2140.21
5759.88
13859.9
4784.3
4027.92
5328.37
2409.84
4137.52
1983.46
7544.04
1587.27
1484.55
2822.79
2289.89
2391.15
2061.36
2038.12
1690.97
1623.5
1838.39
5002
8420.36
3255.9
1890.44
2339.25
2614.36
1232.93
1841.35
2043.59
1984
2786.16
2569.88
2369.29
4689.79
2701.44
2481.91
1413.83
2281.45
3243.54
1772.57
2241.98
2451.66
2604.85
1750.5
3779.15
2249.33
2771.62
4219.16
1543.81
3156.73
4083.47
3823.21
4348.9
5367.05
3060.39
4396.01
3212.06
2678.64
1446.9
1965.16
2468.6
6302.92
2484.91
1276.24
2649.57
2332.38
3738.01
4472.3
2503.16
2013.19
3995.41
1853.65
3069.9
2542.45
1450.14
1775.94
5745.39
2137.9
2061.03
4691.03
1801.08
2499.46
2645.21
3073.31
2957.19
1289.5
3715.84
2310.22
3144.95
2188.44
2315.24
3032.63
1707.87
1948.92
2799.99
2940.22
2926.54
3757.19
2039.54
1942.15
1885.24
5509.11
2055.59
3287.38
3342.89
3469.52
4527.09
4076.26
4575.96
2712.59
2747.81
2751.45
1325.4
2874.36
1950.44
3166.36
2256.59
1884.59
4846.29
4987.62
2824.65
1955.5
2017.27
3295.64
1306.77
2360.94
2448.99
1030.46
1902.18
2921.95
2264.1
1697.92
1157.66
1945.1
2004.04
3501.23
1885.84
4213.13
1891.84
5709.32
5412.86
5967.91
2419.1
2346.85
2583.15
4914.44
7007.65
7198.12
4407.02
3320.56
2172.63
2435.94
3203.99
1886.59
3230.36
4745.95
1714.7
1839.21
2257.57
1783.72
3071.84
3056.78
3985.65
2629.66
2295.21
1526.83
3070.54
1418.78
2922.79
6442.95
4106.87
2774.52
2719.97
2119.12
1849.74
2608.88
2274.22
1808.74
2449.25
1616.57
2603.27
4029.83
3069.75
2586.66
2049.75
1775.12
1979.02
2034.87
3983.97
2681.96
4954.17
3470.13
1776.22
1354.28
3063.97
5056.78
5464.17
2660.3
3547.89
2637.21
2785.26
2568.03
2824.3
2145.58
1963.87
1672.62
3508.45
11828.1
6144.14
2026.1
4541.79
2286.64
1890.76
2390.34
2403.32
6670.61
3156.58
2073.99
3598.47
2459.49
2037.22
3139.65
2813.78
1180.82
2685.2
2307.46
2683.71
1876.07
2363.25
1816.31
1889.12
5033.92
4222.49
2650.44
3711.54
3750.77
2423.91
6356.91
1553.57
2751.36
1500.29
1705.39
1910.89
1917.16
1773.99
1321.36
2203.07
1955.91
2199.29
2448.05
3398.87
3425.3
1576.41
2806.29
4810.17
3789.09
3055.88
1698.03
10961.8
2651.3
3385.95
2154.32
3764.52
1818.65
2613.88
1498.57
2785.49
5433.95
2362.29
5649.32
2120.57
1775.06
5820.35
2722.91
2179.54
2825.24
3009.81
2315.57
1905.56
1904.23
2826.88
2256.99
4287.74
2052.03
2290.47
3259.65
2315.02
5952.08
3765.25
3199.13
2023.39
2025.5
2239.9
1806.67
1626.45
2268.08
6675.25
3481.59
2097.73
2045.17
3516.27
3420.09
2541.04
2426.37
3449.33
2592.13
2211.18
3595.54
4418.86
5077.28
1782.48
2900.85
3329.51
5454.13
9002.15
2114.78
1614.11
2833.85
2556.5
3357.57
5203.1
1789.61
1592.86
2197.85
3256.69
3224.13
1283.74
2577.57
2398.04
2728.4
3036.19
2686.41
4747.57
2869.57
2232.89
2679.2
1863.18
4099.64
1936.16
1373.53
2316.39
2413.67
1977.77
2623.25
5174.54
1796.63
2114.66
1715.56
3067.64
2852.96
4215.34
2123.58
5154.95
1679.99
1781.54
1764.11
10111.2
2270.71
1845.42
1415.45
3105.73
4802.96
2125.57
3064.49
1558.55
3062.11
3106.98
2161.55
3553.27
4278.89
1641.41
3243.26
2337.21
5839.1
1574.2
2973.87
9622.2
4797.09
3150.73
1976.1
4439.01
1610.87
1366.4
2502.78
2543.22
1153.1
1640.49
1955.58
1707.5
1818.94
1455.76
2288.95
2529.05
4264.44
1537.95
3581.82
2058.83
2203.85
1891.23
1828.29
2118.27
1456.11
1779.6
4962.73
2096
13423.8
2608.87
1576.47
2570.44
3251.08
3048.68
4343.91
2266.01
3169.07
2635.92
3881.37
3086.83
1418.19
2629.4
1893.21
2220.11
2129.38
6257.17
1939.26
5675.91
4603.96
3228.57
1059.23
3969.61
2047
4887.77
4819.04
2101.1
2000.79
2312.02
1376.3
2036.04
2901.08
2107.52
2658.62
6709.84
2297.01
2740.59
2716.31
2574.41
4562.65
2904.98
3298.28
2713.08
2890.19
3692.48
1668.08
1424.4
2006.81
2356.72
3290.6
2155.85
2290.89
3202.63
2534.65
4733.66
1949.04
3016.41
3149.98
1974.2
2139.76
1804.44
1933.62
1993.35
4350.58
2713.48
3882.49
2212.49
11488.5
9160.97
2932.97
3108.92
2109.42
5685.88
3132.18
6586.24
1896.62
2622.47
2597.01
2265.49
4360.04
4905.3
2192.11
1405.99
1813.55
2001.62
2425.11
4655.24
1649.77
1996.88
2148.98
2029.6
4515.53
2024.63
3780.08
2512.05
2689.47
3487.46
4830.61
1330.05
11305.1
2160.63
1849.18
10527.3
3119.52
1677.34
2539.29
2481.28
1757.35
2482.13
2790.68
2180.16
2053.61
2317.45
1568.15
1793.86
3961.4
1758.27
3102.91
1585.45
2421.91
2370.18
2442.08
2875.74
3233.65
2302.66
2473.08
5432.98
4055.09
2021.66
5045.98
4997.77
1642.1
2190.25
2507.39
2239.55
2589.02
2458.07
4715.69
2175.98
1839.9
7284.05
2080.01
1925.4
6251.64
1885.01
2468.21
2430.26
2714.84
2590.4
2361.17
1994.96
1763.96
2089.63
1704.18
1227.66
2018.07
2401.46
3248.71
2248.37
4865.96
4236.95
1886.46
2708.6
1609.33
3537.31
3433.29
2125.45
3193.93
3494.49
12271.2
2499.79
2039.61
2813.01
2297.11
1442.63
9581.04
1680.12
1823.08
1549.7
1867.1
4790.25
3949.87
2764.91
2016.15
4599.94
5585.92
1506.93
2879.69
1850.64
4294.69
1904.33
1539.33
3571.18
1707.73
4534.34
8146.12
1929.27
3193.4
2151.35
4325.08
1951.56
1601.02
2673.53
2173.84
3002.72
4437.11
1401.08
5077.55
2620.59
2692.97
4181.08
1731.33
6167.89
2835.87
1344.18
1994.46
2796.96
2208.35
5677.04
2013.72
2389.7
3525.63
4045.51
3551.34
3988.56
3012.87
2131.75
1473.92
2851.27
1685.72
1685.24
5840.74
1839.67
1517.25
1074.64
4261.38
1846.03
1845.04
2346.3
3693.02
1277.07
4264.97
1844.55
6107.25
1965.34
4260.55
2006.51
3897.57
1733.92
1987.59
3825.59
2079.53
2787.81
2056.79
1764.23
2427.9
2082.33
2985.96
2119.41
1865.26
2610.47
2220.51
1606.57
1314.21
8428.26
2585.3
5095.36
1955.63
10899.6
4171.78
2545.99
2879.13
5276.02
2861.28
4180.08
1638.01
3340.55
1957.05
7513.61
2502.17
1498.88
1811.06
3967.4
1138.47
2394.07
2199.64
4071.21
3098.03
3601.5
3330.76
1997.75
2269.29
5436.02
1993.36
3569.83
3484.01
2215.93
2316.74
1823.55
4264.4
2612.98
2420.65
7829.54
3571.23
2290.06
4580.3
7388.85
2937.28
3232.6
4354.45
7173.16
5137.38
2725.37
2390.12
3918.86
2872
5120.77
3660.13
2270.37
1678.17
1881
1671.72
5671.38
1490.06
2137.71
2224.71
1466.06
3301.94
1517.96
2990.66
2913.76
2044.4
1641.73
2709.89
4955.42
2367.67
3964.97
2618.84
2683.85
3731.65
5865.91
3359.58
2376.04
2415.47
3966.62
2327.45
5866.28
3215.54
3238.84
2116.19
2522.39
3797.66
3005.73
1976.18
2399.66
1891.21
1950.54
1394.22
2327.09
2466.68
2284.17
3418.49
2993.3
1650.87
3092.27
4300.97
2468.54
1681.16
3267.39
3542.02
3061.65
3298.93
2621.14
2145.53
2814.2
2991.28
4441.82
5412.29
1647.11
2996.49
2544.97
3131.76
2647.21
3327.99
2009.03
3372.8
1593.61
3085.63
1794.8
3210.66
3780.49
1796.42
3783.03
2816.17
3650.49
2745.83
2916.35
1668.74
1901.79
4620.27
3887.82
2552.14
2698.57
2507.47
1535.68
2854.48
2908.26
2117.73
5581.33
1924.47
2445.56
5126.63
2573.08
1398.22
1670.34
2800.51
5177.88
2933.3
1682.1
4583.61
2756.95
1921.82
1872.21
4956.18
1532.35
3689.39
3091.06
2274.25
2282.06
3145.72
2607.21
5049.61
3703.54
1975.69
3065.49
4422.03
1928.99
2984.8
2268.21
3162.63
3048.74
1826.29
2048.62
1950.87
1781.07
3051.58
2381.93
2606.41
2099.65
2409.77
2179.76
2903.7
2641.56
1475.14
6643.35
2257.03
4583.53
3458.87
8956.08
2909.55
4584.5
3615.27
4351.24
2330.33
3057.39
2215.22
1636.16
2024.67
1925.3
2326.69
3455.46
2185.29
2716.47
3599.09
3812.73
5726.22
3887.35
4370.54
1804.61
4408.74
3903.3
1288.02
6040.16
2458.7
3574.65
3006.78
5114.14
4298.52
2774.82
4151.77
5494.96
2154.33
2185.35
1424.3
4703.62
2370.63
2807.7
2142.65
3141.26
2230.93
2315.48
1660.44
4127.95
2301.36
1759.52
3262.01
1849.13
3082.6
3004.22
2401.13
3379.57
4534.73
2181.85
1408.61
2506.07
6851.11
4520.9
5869.4
4341.61
1969.01
6632.24
3417.9
2311.95
2336.84
3726.12
2074.6
5235.82
2114.51
2244.02
3995.12
2934.93
2240.79
2628.07
3979.82
1827.7
1884.35
1996.06
2392.89
1586.5
2688.63
2462.46
7039.03
1584.48
1689.79
2509.13
3311.16
2754.92
2136.73
3814.56
4440.26
1725.89
2751.45
1584.78
2691.22
3072.57
2446.31
2020.03
1708.95
3048.94
2878.74
1945.09
2667.68
2715.93
13526.7
2217.56
1513.52
4992.71
7302.7
3025.35
1521.54
3066.91
2008.71
4113.63
2989.15
3600.5
2416.98
1694.46
2435.34
2179.97
2186.24
2132.83
1843.88
2826.17
1866.11
3710.05
5085.41
3030.44
2704.59
1519.13
4342.67
3430.6
2068.63
1802.75
1771.26
2437.07
1435.88
2162.65
2762.18
1452.43
2023.37
4147.58
1742.73
1870.51
2172.07
1755.72
1879.78
2459.2
1829.77
4023.02
1162.79
4311.53
3139.22
2373.01
2944.28
2230.93
3897.57
19579.8
2586.15
2335.14
7098.13
2166.27
1903.53
3900.71
1415.94
2402.1
2949.26
4321.08
2637.86
4837.17
1472.09
2952.52
4497.04
10496.3
2243.91
2841.22
5209.13
2002.5
2826.6
3968.64
8822.28
2931.52
2349.73
4220.63
1387.53
2437.15
7581.25
3022.89
2057.63
2115.14
3410.39
2261.68
4244.43
2792.95
2853.86
2213.76
2536.62
7278.24
1780.07
4693.61
5360.13
2414.76
1580.44
6410.88
2364.46
4051.14
2254.06
2291.27
8250.86
2270.78
3711.03
1638.5
1782.84
3310.78
2333.64
3127.09
1810.59
2213.86
6818.2
5360.12
2474.96
2426.45
1374.85
3581.39
2092.38
3360.19
1901.66
3223.1
4035.92
2930.4
4236.26
3693.8
2372.73
2320.62
1894.35
3554.21
1677.49
2250.79
3771.93
2381.23
2865.4
1594.92
1703.64
3040.86
4268.31
2576.13
2424.66
2425.49
3161.37
2491.46
1734.77
1950.12
5873.8
2315.15
2538.62
2927.32
3569.61
2189.72
5596.87
1930.84
1925.55
2556.83
1550.57
1608.19
2707.35
4571.75
1540.58
2880.73
4583.45
2710.14
2821.68
3087.84
1958.68
2800.22
2820.53
1976.55
2182.9
1320.75
1797.94
2257.48
1935.55
5509.39
2936.7
1984.7
7794.54
2681.87
1298.73
1784.11
3024.02
2171.77
2407.35
1825.34
2149.49
1877.54
1857.9
1646.09
3377.53
1875.61
2780.06
2885.45
2091.75
6888.36
2655.83
2093.71
1736.62
2275.44
3999.52
2306.68
3200.63
2471.55
4023.48
3163.9
2184.85
3940.18
2290.39
3393.69
2900.05
2438.84
7494.11
1960.4
3635.96
1956.9
1410.47
3657.31
1571.73
2631.94
3981.48
4177.95
3072.87
3662.81
6628
3715.34
2834.81
1418.51
4895.53
3531.76
1819.43
3638.72
1681.14
1970.06
1689.13
4602.73
2159.14
3523.14
2534.4
2053.61
2050.67
2292.57
2349.52
6153.2
2059.05
5014.24
2551.2
6738.33
3450.53
3441.33
2048.57
2633.37
3903.45
2238
2896.69
2348.09
2044.06
2892.07
3420.24
3099.81
3858.14
2732.5
7368.3
2639.29
2023.34
4569.14
2378.72
5861.83
1717.31
1869.67
3618.43
3402.79
2112.02
2498.02
3576.72
1465.65
3989.52
1272.47
1888.05
3340.05
8288.62
4263.35
2407.28
4635.07
5598.36
2273.2
3145.51
4286.08
2639.23
3029.18
2099.47
2713.33
2285.71
3094.97
1888.96
3059.28
3505.69
4303.9
2435.14
2369.45
2056.46
3179.97
2794.4
3573.66
2117.41
2590.51
1444.92
2124.92
2103.59
1982.84
3341.24
1395.01
1343.79
1669.71
2463.73
3250.98
4246.21
1921.35
2459.04
5791.76
1398.52
4668.41
7206.24
1357.25
1759.59
1603.44
2072.2
2974.42
4241.14
3254.47
2676.11
1750.76
4455.55
2360.15
1425.77
2485.3
1577.85
3159.59
2781.18
1508.09
4639.53
2228.48
2061.48
4753.85
2714.71
2476.78
1497.36
3442.41
1268.34
3671.12
2569.79
2105.48
5156.94
3487.43
3474.17
1702.04
2933.59
2168.96
3011.68
1481.66
1914.18
3490.95
4058.52
1853.37
2529.33
3191.81
1856.63
3113.86
1512.12
2236.48
1445.01
3516.21
2099.97
3351.85
2093.28
1776.35
3071.31
3171.09
3546.93
3796.44
4237.16
2265.77
3377.06
2603.3
2350.91
2288.66
1772.13
11655.7
2565.49
3654.85
2610.47
2290.88
1697.24
4103.04
3025.45
2707.42
4798.7
1911.54
2910.91
29181.6
2870.74
7629.75
3117.78
2128.43
2306.28
1834.75
3079.37
4440.09
2566.46
3176.72
2318.77
1925.53
3196.4
3232.67
1739.36
2303.39
2706.24
2905.61
2466.8
2565.33
2400.37
1751.27
1593.3
2165.08
2220.73
2713.78
6430.99
1565.04
3351.84
2436.15
3148.1
2514.9
3274.46
2019.68
1674.85
2556.82
2008.99
5530.43
1737.76
2121.64
8059.94
3785.74
4846.83
1542.85
2890.72
2882.87
2745.57
5260.62
2027
3301.65
1950.57
3965.58
12265.4
1492.39
1533.27
6235.12
2763.72
12040.9
2158.71
1518.25
3214.99
2282.19
2382.99
1366.93
1919.08
2219.28
1793.12
1659.4
3100.86
1997.56
3986.49
1895.46
4258.43
1681.97
2514
2079.24
2007.04
2140.43
2343.26
2287.85
2381.75
1773.24
4725.63
3061.6
3403.57
6262.31
5816.27
5421.28
2180.52
5549.05
1600.8
2508.25
3009.41
8100.75
2616.72
2568.55
3762.87
2532.41
3006.85
1884.78
2465.57
2118.46
2061.34
2938.57
2072.7
1092.39
1665.37
2169.57
2656.36
2073.47
2030.93
3062.48
1617.98
2534.55
3092.09
3642.63
2223.85
4494.87
1913.9
9210.42
3440.42
1966.63
5408.09
1238.95
1528.82
2079.49
5708.71
5169.83
1685.09
1719.5
3571.66
2962.13
3942.14
3646.77
2413.32
2565.99
1919.15
6401.57
1873.42
3575.09
2356.25
1430.42
2121.67
2073.4
1401.21
7445.47
6466.55
6687.72
3487.34
1460.22
2374.4
5255.65
3069.12
2016.84
3630.58
2346.89
3274.55
2655.74
1908.15
2446.85
1920.77
2444.96
2146.15
2472.55
1602.32
1730.24
3930.92
2065.87
5853.89
1832.92
1207.19
1968.95
2216.5
1200.52
1354.15
3334.33
4590.01
1280.03
2715.07
3406.06
3003.56
3159.1
2501.63
3190.74
4269.41
2009.11
4226.05
2058.63
2335.17
2385.94
1922.9
1677.32
2775.91
1925.13
1363.02
1437.16
3080.92
5666.6
2185.03
3323.47
2357.28
1825.76
1618.44
3848.55
5722.04
4503.34
1886.1
3333.58
1824.88
1892.84
3453.16
1908.45
2745.48
6599.95
2142.2
3179.76
2058.57
20042
1906.36
6733.57
1677.27
2199.34
3871.78
2341.71
1858.65
3166.77
1620.62
6346.52
3054.46
3725.99
3140.14
2046.15
6076.84
8685.02
4598.2
1716.13
3014.73
1742.82
1608.98
7993.65
6022.23
4466.3
5330.65
2178.34
3890.3
1719.2
1607.88
3396.61
4245.3
1428.99
2777.26
2861.39
2745.16
2825.54
2448.91
3007.54
1604.09
2253.57
1887.6
3377.98
2408.13
3454.95
4583.31
3521.69
2227.57
2102.91
2775.23
1750.88
2674.58
3287.52
1640.14
4811.86
2424.71
2835.79
2815.75
4157.87
2385.36
1847.71
3535.08
2281.28
2175.21
3458.52
2110.21
1293.56
1682.54
2253.53
2397.72
1798.58
4869.35
2782.18
1887.84
2006.27
3230.05
2381.12
3255.38
1916.42
4110.73
3768.66
1299.1
3196.26
2477.75
2333.36
2544.09
4540.61
2707
2479.06
4949.02
1817.42
1935.4
1190.69
3308.29
1506.84
3436.33
1754.7
1246.51
2749.25
2563.98
3009.12
2434.76
2748.47
2976.05
3048.42
1941.67
1797.23
3452.63
1290.57
2077.79
3599.79
1250.73
2398.02
3936.88
8149.32
2799.46
6627.5
1487.17
1316.81
1769.99
2104.38
1813.41
2264.31
2945.1
1891.27
2633.93
2965.24
3818.04
1611.43
1666.29
2051.09
3447.12
2301.4
2422.81
1646.7
3081.32
2223.08
2468.74
1510.53
1862.46
1759.26
2363.52
3537.41
2966.81
6045.78
1713.04
2504.39
1508.44
6833.91
2244.47
2812.36
7729.29
2792.65
5316.43
10146.8
5547.84
3236.26
1359.5
1805.65
1849.64
10327.8
1560.36
2277.11
2464.05
2305.04
2353.52
2482.48
1827.81
2335.55
2904.92
1237.81
2475.48
3763.3
2238.95
3132.61
3510
1507.71
5016.24
1414.66
3203.65
2201.54
2571.12
1881.67
2153.05
3092.31
2838.06
1777.62
2225.13
3623.06
1905.91
4280.26
4810.77
8883.73
6119.61
2738.91
2015.58
1709.14
3273.58
4635.42
1740.04
2197.39
3780.84
3050.59
3578.29
3083.31
9108.56
5502.83
2657.46
1811.84
7065.23
2547.69
3083.29
2221.22
4529.91
1637.33
1875.73
4412.01
1894.72
4128.86
1900.02
2088.25
1577.24
1982.33
1250.11
6799.42
2614.17
3514.14
3486.11
2307.05
2150.9
1567.61
1836.71
2026.92
1515.78
3330.84
2515.32
2608.95
2613.95
1593.76
3016.14
1914.28
4411.82
1698.49
2837.13
2228.57
2184.69
3542.4
2609.2
1556.43
2948.18
3603.8
2203.65
1678.4
2399.6
3867.38
5433.67
2988.36
2130.74
2046.75
2712.84
1583.37
1196.02
3672.7
4094.04
1595.42
7433.18
2348.15
2816.08
1462.93
7615.72
1506.4
2863.99
2465.52
2175.13
3272.1
2475.22
3713.56
4111.95
2424.48
3338.27
2540.06
2229.37
1931.19
3289.84
3812.27
2934.7
2009.95
2981.41
4475.64
2343.88
2900.11
2380.61
1916.1
1982.22
3942.12
1825.65
2664.7
4668.32
4701.28
2446.42
2344.88
2240.63
2821.6
5684.83
2301.82
4291.64
1827.48
1934.94
2277.36
1721.45
1308.81
2682.4
6139.3
2847.17
7951.75
3359.39
1744.9
3373.62
6278.39
2135.1
10907.8
3213.5
2924.28
3840.37
5819.12
3833.04
2816.11
7005.29
1689.6
2040.15
2379.37
7273.7
2912.25
2456.32
3154.03
2281.95
3415.36
1966.88
3618.77
2018.42
2847.22
2717.75
1334.6
4138.43
4805.53
3094.09
1775.81
1706.24
2543.25
1534.72
2606.56
1721.53
2925.86
5316.08
4812.5
3124.7
2219.93
3198.32
6110.53
2008.32
2154.16
4584.05
2880.44
2306.93
2258.05
4681.81
2257.88
3312.29
1183.08
1919.07
2076.38
1981.81
2476.92
2653.11
1393.62
3017.71
1520.63
2858.73
2604.06
3501
2407.3
2324.58
2624.17
3454.22
3045.02
4783.07
2103.71
2165.35
2736.41
1968.94
1587.43
2262.86
1720.42
3918.75
2250.65
8192.09
1971.51
5858.74
5031.3
3699.97
1752.64
1766.09
2760.29
16631.3
1691.65
3383.4
1785.74
2651.19
2851.09
1933.71
1491.2
3965.05
1672.36
2091.38
1516.18
1575.05
3287.5
2622.78
2274.38
2567.92
1669.86
1784.89
3822.03
4627.05
2832.36
5393.74
3412.79
3136.72
4369.66
2145.88
2987.66
4005.88
4885.92
4614.62
3179.36
3106.33
4299.28
4330.89
2482.97
4217.82
1921.91
3805.2
2441.25
2678.09
5325.26
2785.48
1922.64
1185.58
3154.51
2412.64
7116.38
2540.64
2086.26
2448.18
1864.43
5982.28
4262.04
1501.22
1727.02
2800.39
4324.15
2354.51
1869.59
3144.25
2318.47
2744.05
2261.67
1793.74
3140.36
4226.83
3182.89
2308.64
1221.32
1800.83
2463.78
4344.14
2041.7
3068.01
4090.62
1792.07
2597.53
2479.34
4307.34
3001.89
2582.82
4201.07
2702.62
1655.26
3340.1
2992.72
4756.31
2586.26
2499.05
4701.25
4325.19
2509.96
3428.71
1949.32
1624.33
1940.18
1920.24
1991.59
2502.21
3904.12
2426.01
3528.63
1360.02
2787.1
3010.31
1432.23
2160.52
2456.55
6461.34
3497.81
4015.95
5211.23
2328.79
1657.22
1881.69
2773.05
1988.78
1496.02
1971.68
3302.17
1895.41
4947.03
6166.83
4037.47
4900.74
2394.86
3699.73
1198.53
4410.83
2742.07
4347.34
2052.04
1477.89
4807.2
2711.96
4148.78
2173.82
1336.06
5571.86
2012.69
2154.53
3207.6
3443.19
1637.74
3196.97
1923.61
2637.72
2426.2
1685.25
1916.61
3212.27
2355.63
1823.18
2642.52
1639.93
2796.48
3164.36
4133.68
1459.48
2968.08
1890.03
1700.13
1994.38
1517.89
1731.63
1684.68
5684.49
3247.07
3657.33
3592.83
2312.96
4112.57
2109.06
4411.97
1875.42
3688.11
2669.35
3222.34
1587.45
6145.4
2330.28
1971.8
5566.41
3660.55
1307.96
1827.34
3551.74
5036.03
2789.11
1953.94
1345.45
1948.83
2509.84
2167.51
1623.73
2649.27
4458.44
7626.65
5761.97
20344.9
1951.75
3503.16
1684.62
3126.93
3469.02
2499.52
2191.74
1762.42
2249.47
2228.58
2371.85
2071.41
2109.99
3167.26
5076.67
2553.6
1871.67
3612.98
2423.2
2575.95
2302.41
1689.62
3334.89
3802.88
6171.25
2453.08
2111.98
4111.8
2370.56
5047.05
4485.96
1690.98
2090.51
2202.76
3198.53
1521.2
1652.22
3659.24
5188.66
2084.35
1257.47
1202.02
2440.26
3175.26
1589.19
1664.09
1920.69
1442.71
2830.96
2563.35
3829.04
1387.86
2038.8
2553.94
1894.98
1885.08
1968.08
1520.48
3076.79
2259.3
4014.72
2805.02
2314.92
2421.55
4841.9
2415.59
2998.86
1613.49
2207.88
2308.14
2496.29
2936.55
2159.32
2781.66
2109.82
4171.9
2675.76
2554.55
7215.48
6719.51
2657.78
2434.57
2347.14
2038.51
4052.08
2052.06
6626.18
3454.43
4173.36
3499.37
2505.39
1627.51
2118.63
1316.59
3397.06
3680.63
1853.19
1789.94
1623.76
3441.96
2748.52
2626.47
1791.55
7396.59
1733.93
3134.63
1991.33
1959.86
2676.27
4228.63
8671.79
3794.09
1801.9
1791.76
1872.56
2227.99
5278.09
1929.47
6056.25
2827.27
2518.45
2887.2
2850.16
2048.28
3715.9
2227.63
2669.6
7221.76
2093.78
4814.19
1845.32
2831.15
2623.66
5128.18
1867.98
2018.13
3423.27
3424.91
2195.84
2887.98
1645.74
3629.34
2521.29
2836.81
2697.2
2190.62
1479.83
3662.37
2325.73
3029.76
5837.24
6300.66
1593.78
3919.54
5623.41
1634.6
2561.45
2808.22
2739.79
2985.84
2669.49
2367.27
2554.92
3406.11
1936.42
3087.99
1717.15
2561.98
4353.46
3000.94
2242.1
5132.44
3693.75
1832.25
4949.18
3358.33
2450.69
1952.81
1783.72
4583.31
3784.96
2142.79
3866.92
2450.27
2511.09
3325.46
2839.86
2553.07
1530.86
1856.92
2844.94
5804.29
4666.35
2301.69
2977.66
1621.23
2233.69
1392.32
3657.31
3187.94
2137.32
2269.32
2308.32
2385.23
1535.7
2118.7
3881.96
2611.69
3436.62
2962.19
3147.04
4089.74
4138.37
4781.61
2220.57
2634.24
1773.81
3434.62
2038.73
5925.33
2099.69
1770.37
5366.92
2003.97
2609.72
1769.01
3742.72
5412.24
2784.15
1289.47
4168.77
3015.25
1587.06
3859.65
1860.87
2916.94
2962.02
5807.46
2606.67
2214.17
3614.64
1628.16
7130.09
2296.93
2437.86
2444.18
2730.1
4284.8
3731.5
1764.75
2163.16
2269.27
4233.8
2078.74
2582.57
1218.89
3284.81
2080.49
1851
3333.21
6988.43
3477.11
6224.23
5030.38
2100.89
2084.69
5198.18
2292.47
1601.15
7057.18
2431.33
1940.55
2846.71
2272.93
1855.75
2578
1719.39
1563.09
2140.42
1837.69
2692.82
3579.84
1729.86
2426.13
1959
4491.24
2080.66
1781.52
4542.1
2840.89
1761.97
1484.09
2812.54
9040.5
2397.36
1466.52
2613.55
3845.42
3040.43
5107.24
2595.21
4017.23
2492.77
2223.23
1982.75
2246.73
1844.76
1673.11
1780.81
4201.18
2839.29
2238.53
2654.89
6128.2
2398.38
2458.14
4860.65
2899.58
2116.22
3153.31
4672.51
7811.46
4302.03
1803.23
2071.07
2264.02
4664.58
2116.96
2532.49
2021.66
3166.03
1869.26
3245.56
3361.99
1325.91
3375.42
1165.22
4605.49
2239.58
3461.99
5047.79
3896.45
3072.14
2726.64
2045.9
3163.16
1874.9
2264.7
2352.89
4951.43
3242.39
2530.29
2374.71
4760.11
11063.4
1509.51
3607.03
1960.16
2099.2
1590.85
2732.38
13006.1
3036.45
1640.25
2296.61
2537.49
2524.9
3156.98
2407.65
4464.28
1721.9
2341.19
1577.08
1565.47
1902.84
2506.99
3731.96
1649.26
5484.03
5799.42
3462
5618.24
2556.12
3607.8
2758.56
1563.12
2127.95
2387.17
2150.86
4483.49
2080.64
2364.41
4993.75
2189.96
1725.65
3700.78
2766.04
2024.7
4094.3
1322.4
5285.24
1661.63
4977.36
3102.88
2263.35
2358.98
2203.46
2557
1870.33
2208.43
2097.42
2321.67
2687.17
1794.71
4023.77
2705.06
2053.13
4650.73
2767.5
3477.43
2334.2
4789.37
3065.82
3284.51
3944.67
1736.71
2839.63
1730.01
1280.64
1711.94
1472.57
1619.79
3157.98
2486.12
1610.98
2319.29
4771.99
2068.84
3131.42
3360.52
5676.55
2318.35
3087.3
1610.4
4089.81
3018.9
1919.48
3275.9
3840.11
1960.45
1956.76
2930.98
3912.47
2344.6
3028.38
3898.99
1561.67
1686.53
4537.03
2373.52
1976.25
2125.46
1664.28
3658.14
4615.19
2611.1
2472.76
3013.5
2998.8
4544.39
2667.67
2963.17
2428.12
1938.14
3477.28
3259.27
2003.17
1860.13
3164.08
4805.8
1536.49
2692.65
4791.06
1619.67
4186.51
1403.88
5246.81
5829.63
2578.49
2681.99
2333.77
2959.03
2542.01
2613.62
2463.62
1626.64
1695.52
3304.8
5104.74
1560.25
2102.71
2853.93
5240.76
2463.63
1780.82
2516.25
1736.57
2619.11
2742.73
2985.09
2842.06
2762.95
5364.78
2318.77
2718.13
2022.2
2177.33
2359.33
1772.07
2834.28
2926.29
1603.94
3020.09
3222.98
1663.41
6203.43
1163.6
3830.56
2229.45
1622.53
2306.7
1525.63
4019.48
2259.61
1739.18
2205.93
2299.98
2796.6
2212.74
2538.47
2901.11
5624.52
2109.94
4100.49
1763.26
5190.64
1696.55
1687.69
1793.4
3097.13
2627.17
1858.23
2218.73
2666.23
3885.67
1752.79
1339.21
4891.14
2961.31
2482.6
2980.58
1766.5
2010.04
5921.79
2069.95
3283.17
2167.23
2360.18
2670.64
3742.14
2726.57
1752.73
2504.07
6298.22
2428.91
2518.8
2397.66
2527.63
2165.26
3318.09
3936.17
3391.1
2857.15
2649.85
1846.38
1512.5
5106.81
2440.19
3289.91
2058.23
3063.77
1572.78
8489.17
2283.01
2067.01
3837.43
1779.25
2809.88
2323.95
2042.37
1765.84
2547.48
2826
2601.32
1728.21
1993.39
2286.94
2173.97
8683.73
11128.2
4188.43
1552.88
1512.23
2744.79
1804.49
3071.4
1556.92
1483.97
2252.01
5952.56
2976.82
5326.62
2206.6
2481.61
3474.55
2460.59
1597.08
3886.7
1648.4
1865.69
1799.48
1667.31
3265.05
1879.1
1811.97
5887.78
2399.61
1834.39
3612.65
3229.91
2362.83
2939.7
2015.69
2250.36
2638.33
6341.84
4412.09
2522.82
2226.22
2114.48
3352.71
1581.68
2740.59
2417.03
4961.51
6563.31
3471.06
2374.8
2735.68
2310.4
3491.1
1456.1
3787.61
1482.66
3004.94
2018.2
2571.48
2119.28
1897.81
1293.99
1510.45
4527.25
1663.76
6052.28
1695.37
1838.68
2381.06
5015.45
3527.54
2331.93
2774.78
3005.79
1452.7
6433.67
2035.52
2117.93
1304.51
2648.55
3198.78
941.289
4122.92
6212.27
3671.94
1790.71
2854.71
2736.61
2009.99
7835.31
2945.84
2296.4
1756.37
1437.45
3081.73
3558.34
2223.05
1853.17
3512.8
3320
3970.43
2441.06
2942.81
3375.32
3447.14
3575.92
7395.36
5841.72
1453.81
8749.24
2467.51
2923.85
3811.5
5020.27
4278.73
1821.04
2542.44
1857.61
1480.59
1669.84
1888.31
1662.18
2799.39
3266.66
1466.39
2495.06
2818.16
2479.08
3678.73
1563.81
2499.62
4938.84
1612.86
1471.91
3836.44
5678.28
1476.18
7920.99
4287.72
2210.79
5021.88
1670.63
1760.83
2268.52
3554.43
3196.88
3112.02
2998.31
2135.67
4535.51
4773.75
2031.61
13405.5
1835.71
2831.92
3010.14
1670.83
1417.23
2937.93
2712.07
2971.81
2033.81
1372.84
2112.15
4826.75
5095.76
2369.91
3506.61
4216.09
1554.67
4282.57
3214.61
1687.37
2582.14
4022.53
6131.29
1382.45
1646.63
2509.82
6869.04
1314.86
4721.8
2267.23
1954.61
1778.27
5549.16
4168.98
1428.92
1445.4
3351.4
4553.68
3403.51
2535.62
1899.06
1821.57
2295.04
1793.08
6659.49
4922.97
2605.65
3437.68
3056.04
3396.47
1772.55
2053.15
1315.98
2379.44
3423.33
1806.68
1884.22
2210.92
5155.35
2194.98
7074.07
5151.61
4915.14
4224.98
3966.95
2916.9
6716.16
2863.56
3016.22
3004.65
3582.06
2410.52
2592.34
1747.12
1773.87
1379.98
2605.21
1623.54
2710.49
2126.58
1712.87
3051.4
2275.25
1821.18
1785.11
2165.6
7044.53
1793.34
2328.63
1818.11
2532.92
2296.41
1638.35
4593.22
2278.33
1117.99
2687.52
1875.82
3680.37
2712.17
3998.75
3439.89
2318.97
2374.15
1701.89
3678.14
2615.36
1896.15
1459.35
1588.88
3552.49
3941.11
2812.98
1705.87
5005.74
3581.94
2439.73
1438.88
2680.78
2762.13
4470.08
1710.62
3153.07
3462.92
3176.09
2001.26
2450.95
1467.68
1953.16
2360.19
1560.98
2038.46
3190.96
2784.84
2873.58
1601.58
2249.09
1649.24
2281.47
4121.5
3484.56
1907.11
1877.98
5736.63
2076.21
3564.23
2001.28
2376.11
3757.21
2500.14
2752.58
2714.91
1934.48
4208.88
2010.73
1662.24
3491.34
5315.69
3851.02
1696.25
6887.21
2946.73
2334.08
3413.52
1728.45
2590.78
5596.11
2686.1
3395.24
2050.78
2796.57
6725.06
1919.49
2708.63
3875.26
1809.97
2672.04
2228.86
2494.43
2413.24
2062.61
2901.25
2156.88
4810.22
1929.19
1485.56
1679.79
2585.52
1118.19
2281.28
1646.22
4469.12
4178.1
2824.62
2293.36
2311.78
2116.1
5015.98
1833.94
3072.42
1837.12
4745
2276.4
1651.22
1717.76
1718.74
3800.46
2173.92
2683.56
2301.47
2548.41
1308.13
4685.99
4509.84
1748.17
2580.32
2305.34
5182.54
4085.76
2843.23
2487.32
3348.39
2111.71
5477.89
1971.76
1960.74
3514.25
2434.93
3643.7
2640.68
1617.2
2160.35
2377.1
7034.58
1414.73
1955.93
3894.43
3615.48
3632.55
2397.92
3553.14
2540.18
1803.66
1505.07
9340.97
1327.49
2205.98
13923.5
6356.58
2100.83
1852.4
4374.71
4139.55
2036.37
2130.6
2066.28
2303.98
4725.98
2214.67
2221.25
1901.37
1910.89
2991.98
2756.85
3175.93
2646.79
2015.27
2198.7
2271.65
2245.23
4265.77
1868.14
1576.33
3399.24
1957.99
2227.81
1628.63
2554.02
4309.6
10923
2333.18
1877.77
4692.31
1988.5
2273.77
1564.74
2470.03
3515.84
2190.68
1686.34
2029.37
2226.81
2321.13
3619.92
7705.24
3643.56
2162.75
3410.8
4243.59
1989.36
3752.62
1336.44
1563.31
2268.5
5437.7
2219.42
1888.82
2537.76
2063.53
2428.96
3416.49
5163.1
2631.03
1915.42
1636.09
1797.38
3200.53
1688.26
3940.57
3372.7
2547.6
10256
4979.85
1869.71
2311.31
2395.81
2109.81
5143.68
4144.68
3493.37
2181.05
4243.89
3231.49
1804.52
6138.68
3233.07
2255.31
7373.01
1995.25
1783.46
3669.17
1759.94
3672.4
10230.1
4471.3
2495.41
1945.02
3140.17
2749.87
2689.1
1843.43
1584.55
2740.64
3809.97
1377.78
1376.57
2106.47
1891.2
1459.26
3727.22
1207.52
2740.07
3617.38
3236.38
1630.51
2635.78
2141.63
2703.54
7275.66
3363.68
16430.7
3163.52
2796.65
1697.61
1299.26
2200.12
8601.01
5687.79
2512.65
1465.5
2939.81
1726.31
2253.69
1690.06
2938.83
3787.22
1370.38
1430.05
2984.29
1871.34
6721.16
6293.04
4479.35
1603.91
3023.93
2788.53
2407.78
3069.92
3829.36
2971.21
2229.76
4142.45
3744.32
3994.73
1468.91
2487.65
3623.79
3492.7
4764.37
2695.52
1583.51
5016.4
2255.43
1680.81
2532.44
7201.72
1983.54
5161.32
1741.1
4619.01
1686.48
5282.09
1486.72
6838.82
2643.36
3142.05
2430.02
3983.65
1778.4
2320.53
3604.31
3311.83
2135.95
2268.18
3682.99
2002.42
4300.48
2262.5
3514.17
1811.9
1747.56
1342
4131.55
2549.13
1870.46
2538.7
3293.44
5026.06
2682.94
1672.31
2702.35
3600.15
2233.93
4356.58
1788.31
4287.77
4146.69
1992.65
2212.83
1682.24
8068.24
1814.45
3644.8
2549.25
1961.81
2626.47
2788.57
2101.39
1966.94
3627.03
3708.3
2240.19
2066.41
2686.31
2784.72
2317.33
1825.55
1995.54
2903.35
5130.7
1362.78
2459.93
2599.87
2916.75
1573.46
2758.03
2420.08
7509.36
2631.65
2243.4
2554.22
1810.33
3286.12
1759.9
2318.5
3043.66
2410.22
4083.28
3110.89
1313.2
1969.41
2463.84
1472.14
1613.32
2668.38
1639.32
2985.6
3690.73
4263.93
1907.72
2246.21
3677.93
2387.66
4490.35
2557.61
1445.31
2408.03
3279.43
1148.49
2865.37
1767.22
3355.54
2384.63
1922.87
3841.05
2364.89
2776.66
1353.36
3841.63
2201.11
1961.87
1480.5
4103.92
2696.28
4460.1
4521.22
3566.24
2711.56
2838.79
1192.64
2710.74
2320.19
2424.97
5361.99
3604.26
1561.22
2854.92
2632.62
1867.41
2140.77
2490.53
2889.55
2043.1
1389.87
3363.14
2153.24
3127.68
1474.04
8179.04
1657.72
1511.48
2044.74
3403.71
3124.44
2158.3
3172.01
2728.35
2103.99
3965.15
2298.84
1631.51
2847.93
3895.85
10302
2933.91
2527.69
2498.35
2420.38
1614.08
2972.48
1444.33
1198.01
2861.58
2915.7
2833.88
13151.2
2904.46
1236.69
1484.26
1963.05
3895.26
6206.5
1517.55
1724.46
1727.21
2200.48
2442.51
1603.46
1366.96
6321.31
2770.59
2569.66
3919.2
2750.58
2317.78
3620.2
1862.24
5551.52
2303.75
3705.35
2255.65
2700.08
2320.65
1454.14
3052.1
5796.88
1550.46
4732.41
1835.8
2521.07
1726.33
7146.48
2268.45
1738.74
3873.47
3830.21
1814.02
3132.64
1661.93
2416.57
4002.13
3055.66
1731.24
2762.21
1748.04
3729.68
2950.18
1884.94
1681.79
3215.01
2351.94
1746.21
1136.56
1785.03
3064.2
3842.89
4235.47
4888.7
2814.89
3687.19
1618.3
3349.2
4451.59
2237.3
1858.79
5804.03
1759.08
7468.74
1562.32
4260.47
2071.36
1677.44
4124.55
1506.04
4185.71
3393.25
2579.57
2766.54
1642.25
3743.04
3552.39
2904.76
1333.48
2789.61
2560.62
2179.6
6133.12
1801.16
2350.99
2655.36
2112.69
2960.95
1733.56
2708.43
3087.63
1896.04
2707.29
3175.37
3028.39
2477.61
4033.72
2073.98
6973.66
2038.57
1994.23
5003.38
1716.91
1297.28
3879.54
4422.6
2027.19
1784.99
2064.26
3196.12
2469.09
1715.58
1456.32
1490.22
1704.93
1589.8
2564.22
4402.53
2927.24
2369.58
2496.52
3968.1
2539.59
1986.67
2261.11
3628.32
3250.69
2797.37
2430.47
1403.39
4302.95
1827.74
4420.61
2407.33
1951.14
1559.93
3410.71
4681.66
2848.42
1287.35
2492.72
2384.19
4545.8
4736.92
3292.27
1995.15
6624.22
2059.12
5114.54
2691.19
1866.81
1261.68
6090.6
4613.01
3310.59
2380.03
1816.38
2115.11
1578.58
1413.23
1822.13
1721.55
1605.85
2206.91
1697.57
2128.1
1675.71
2857.81
1159.07
2075.74
4768.09
1919.71
1522.35
3301.9
3757.93
4022.32
2150.83
4199.93
2378.38
1906.96
2622.44
2970.8
2075.09
3924.27
2407.21
3133.75
4906.74
2898.56
2615.89
2780.16
2857.55
2255.99
1982.53
2346.72
3830.99
1613.46
1869.53
3274.65
4541.07
3447.77
3887.96
2302.31
995.291
2405.36
4947.69
2291.07
1420.51
1886.71
2070.93
1646.78
1640.15
1536.92
3668.97
2930.73
2908.95
3545.02
3748.41
2832.9
4408.63
2450.19
3439.25
3459.77
4351.13
2034.35
3735.4
4114.61
3415.46
8623.25
2278.79
2888.96
4805.35
7544.13
4726.48
3482.62
2840.9
2210.56
3287.69
1808.38
2050.51
1438.88
5318.21
2637.1
1786.24
2049.1
1734.91
3900.61
2828.37
3973.22
2294.01
2503.16
1651.17
1456.23
2249.78
1745.65
2159.84
2672.81
1737.06
3507.35
3051.86
3060.26
1838.48
5863.41
1422.87
1880.32
1944.89
8345.37
5530.5
2412.22
2152.12
3976.25
2695.21
1285.88
2360.39
1302.83
4500.88
2543.49
1764.58
2631.68
2916.73
5100.46
3796.1
3468.17
3863.76
4860.53
3696.83
3805.33
2425.73
3976.21
2554.33
2917.63
2550.85
5321.35
2167.64
3263.13
2489.16
5635.89
2914.07
5217.64
1819.93
1937.77
2183.22
1511.03
3287.13
1744.62
2521.27
3087.8
2169.98
3696.17
2570.72
3454.84
1880.55
3141.41
1831.96
2995.04
2666.43
2167.1
2204.74
1799.43
3500.17
1800.84
2333.53
1510.32
1844.18
2467.08
3402.73
3774.29
2837.78
2826.31
3214.14
2037.89
1518.21
1915
2034.18
2598.12
3379.91
1687.77
2520.54
1964.1
1598.66
2776.79
3422.92
1885.42
2449.39
1480.66
1833.47
2845.11
1735.6
4811.87
4944.08
1568.2
1896.4
2102.25
4511.68
2212.06
4801.96
2310.51
3668.35
3748.69
1457.15
3941.62
2732.46
2336.54
2520.14
1782.58
2912.69
2688.34
1636.81
1837.07
1526.79
2255.65
2139.01
2309.76
1682.8
3213.66
3975.14
3286.36
3652.92
3039.8
4351.02
3109.73
2063.3
2569.5
8446.56
2012.73
2443.12
2253.28
1882.69
3021.66
3551.37
2458.63
2507.66
3095.82
1853.89
2636.12
8168.5
3087.85
2133.15
1516.35
2720.14
3144.28
1651.47
2224.89
2553.05
2415.14
4382.08
5932
1828.18
2629.48
1801.92
2222.89
2844.86
1875.87
1755.48
2349.87
2385.23
3938.75
2958.34
3033.53
2723.94
2158.13
4874.63
2218.19
8027.86
2353.53
2010.17
1806.3
2000.96
4949.1
3404.96
2493.84
1783.38
1506.91
3244.58
1883.35
2944.66
2318.38
1807.66
3908.75
1822.49
2718.87
2009.78
2153.67
2126.43
3268.21
3512.56
4478.05
1874.36
2634.14
3778.22
3635.41
2162.72
4243.83
4163.24
1873.53
2012.58
2624.58
2504.32
1979.51
1494.73
2915.93
1833.63
2411.56
3678.98
2982.8
3558.19
2517.19
3101.5
2555.94
2692.29
3105.77
1533.19
2963.72
4541.97
2338.67
1631.66
5292.55
1626.26
1640.69
2290.31
1551.32
3396.72
1629.27
4204.66
5504.78
2578.05
2060.07
5201.41
3721.47
3180.15
1722.93
2348.85
3710.07
1172.78
2055.02
2277.95
1485.24
4352.93
6443.37
2658.75
1248.25
2764.97
2268.65
3955.29
2322.18
2758.56
1617.56
2439.67
2089.16
2419.82
2797.09
3121.72
2307.09
2128.37
1698.4
1503.61
4373.5
2510.48
1956.5
2462.77
3447.03
2202.35
2516.48
3270.84
1465.9
3452.75
1912.87
3040.83
1866.07
1359.71
6779.5
1756.93
4136.84
2459.04
2182.32
1661
2099.97
2025.5
1834.4
9542.07
1480.92
2182.03
3032.72
3724.85
4895.03
6071.52
1775.88
2027.32
1966.2
1855.14
2362.32
6631.55
2245.89
3113.94
1653.58
2492.05
3565.48
1734.85
1836.68
2198.86
8507.9
2858.13
2086.89
5323.47
1475.64
4634.03
3339.87
2125.35
2798.79
2803.81
3364.78
3562.51
1904.64
6951.32
5538.2
2185.99
3280.73
2027.15
3390.74
2980.08
2533.2
4362.23
2508.08
3022.56
1913.05
2623.82
4404.35
2766.41
4873.92
2006.75
2811.29
1165.34
7154.92
1699.6
2832.58
4110.84
2269.34
2492.17
1709.32
1480.79
2444.73
4346.47
2789.94
2883.42
1705.43
2453.1
2166.22
2164.4
2257.27
3914.81
1881.42
3657.88
3137.44
3322.89
5165.91
2479.01
4291.29
1508.3
1902.16
8937.59
6508.55
1486.21
4128.75
3251.72
2262.87
2879.46
2654.43
2513.91
2458.91
2353.22
3054.49
4057.5
3611.81
1529.89
3229
1346.29
1999.25
3701.87
2256.44
2857.92
1675.48
2358.82
2716.97
5011.49
5183.53
2513.79
1974.28
2658.17
3002.97
3249.02
2119.5
2314.56
1689.22
3732.48
5408.02
3554.5
1833
2762.57
2272.38
1484.72
2718.1
1830.55
2050.81
5136.73
2539.25
2374.01
2261.28
1933.78
3582.32
2333.28
2073.32
2816.58
1596.42
3934.57
2629.99
2979.3
1299.66
3893.62
4651.69
2410.88
2789.52
2377.15
2035.42
1536.52
5779.91
2260.98
2475.21
1978.85
1767.41
4070.56
3053.94
1834.48
2391.38
2899.38
1758.37
2575.24
1857.58
2320.17
3113.33
2355.1
2964.89
1762.45
1716.51
2376.86
2350.49
3021.46
3353.97
2759.23
4643.75
4888.35
2645.56
1879.22
4056.8
2782.63
6069.38
1475.41
4053.98
1594.73
2943.61
2552.07
2991.44
1722.36
3592.4
1404.14
2114.49
2328.62
1830.66
7718.35
3175.46
3326.3
1320
4170.33
4282.25
5411.81
1923.15
1419.86
2106.08
1485.13
2131.53
2857.27
2045.04
2856.19
2691.6
2061.14
7294.8
2125.36
1397.87
2446.92
2227.76
1774.67
3176.63
2200.07
5110.65
4876.45
2021.01
2540.33
1805.5
1765.81
1951.73
5120.91
2051.98
2354.68
1879.52
2820.24
2388.71
3251.06
3832.14
5619.23
2999.29
3362.57
2178.21
3162.73
1571.45
2763.82
2628.16
4640.15
3237.47
3586.25
1843.21
2574.86
4646.71
2879.41
1821.9
3044.93
1639.2
2463.67
1397.44
3897.92
4494.68
3486.28
3071.02
7881.44
3401.84
1670.41
2782.25
5840.64
4305.38
3027.76
2236.39
3459.85
1832.8
2446.33
4080.94
6104.27
2262.04
1642.14
1297.71
2127.91
2702.8
3033.82
2074.02
1830.05
1731.76
1881.05
2329
1978.57
2686.04
5575.85
8195.35
9014.61
3527.73
2335.68
3031.26
2658.98
5486.03
3206.41
2289.68
1683.71
4296.31
3932.33
2641.19
5203.68
6823.73
2590.56
2539.86
3638.44
1668.54
1301.87
2961.19
2172.85
1661.91
1581.19
2566.87
3117.6
3049.76
3031.44
1875.7
5145.87
3433.85
3789.75
2539.63
2100.12
2314.96
2329.8
5126.43
2642.76
3012.19
4532.3
4135.82
2867.99
4201.56
4560.54
5616.16
2152.13
2386.04
2617.93
2317.26
1557.42
3446.73
2179.66
3411.51
2515.58
2099.46
2005.32
2129.5
3906.97
1675.01
5218.13
2248.44
3118.01
3618.68
1784.3
4742.92
3282.55
3513.48
2807.64
2417.45
3697.49
1720.11
3025.6
1678.41
2117.6
1567.15
2014.88
1334.82
1834.03
2983.42
1600.12
4068.37
1601.96
1224.95
2601.55
1896.73
1869.67
2488.32
3187.27
2658.39
1598.13
8419.41
1165.68
2110.77
2296.65
3993.22
2667.23
1702.8
3674.83
4229.05
2451.61
2036.85
1935.05
2752.48
2698.24
3455.84
3351.17
1740.49
2932.61
1848.86
2777.91
4666.41
1544.37
2280.58
2803.34
2330.51
2860.11
1788.69
1322.87
3194.84
1646.26
3585.53
2244.64
1852.14
3585.26
1823.43
3843.03
4110.26
5836.18
2820.82
1863.15
4846.56
2039.27
1811.78
4065.88
3875.02
2902.33
3023.47
2841.58
3536.63
3315.13
1991.87
4721.1
2291.35
2029.92
3391.37
5115.87
1731.41
2556.79
5392.01
2249.68
1355.36
2129.83
2923.27
5720.89
1729.93
4462.68
2390.56
2975.25
2022.88
2149.04
1894.55
2600.42
1971.95
2603.07
3076.02
2566.43
2268.51
1903.59
1777.6
6893.26
2210.87
2528.77
1779.5
1511.76
1782.15
4401.43
3678.42
3950.05
3093.29
2011.95
2558.44
4345.05
1488.23
2158
2379.26
3791.53
3604.02
1616.94
1417.32
1581.54
2165.68
2209.08
2393.3
2766.1
1891.95
3813.34
2511.52
1591.84
2819.35
1659.77
3187.17
2564.71
1196.75
9030.6
5668.25
2814.58
1332.44
2074.16
2430.06
4954.52
3747.96
1955.09
4002.68
2554.83
4939.6
4633.49
1461.92
1530.21
1207.91
2039.42
2522.51
3103.85
2594.6
3610.54
2598.6
2538.93
2532.99
1634.67
2219.03
1645.42
1685.27
5545.79
4747.87
5722.1
2156.1
2643.22
3170.47
2557.02
2778.53
6490.32
2699.53
2654.51
1782.12
2847.07
3706.41
1877.17
2960.72
1712.49
2178.57
2997.1
2317.47
2224.45
2828.86
1831.83
2455.62
1971.82
3998.33
1227.46
1294.45
2703.39
5850.97
2157.85
2642.36
3436.16
3735.26
2776.76
1822.43
3442.07
2016.12
3717.24
2148.7
2271.47
1369.34
2269.7
1977.86
2955.39
2915.31
1921.89
2607.07
1868.28
11980.3
1912.5
2179.83
2545.7
2270.28
2730.52
1963.33
3978.59
1780.68
2666.88
1829.48
2437.97
2240.48
3261.06
6686.12
1576.43
2422.73
2272.25
3234.6
5761
2879.71
2847
1347.9
4106.65
2603.81
3676.6
2463.19
1786.81
6025.17
2373.83
4168.41
3496.39
1592
1819.31
3827.11
1641.88
2102.68
3144.74
6840.6
2101.62
3009.52
1983.36
1917.61
2942.47
2459.88
4168.58
1491.06
1853.1
2663.55
4293.04
2357.46
3169.23
2343.57
1555.29
3854.04
3783.36
2017.18
2804.52
2665.93
3246.57
4482.89
1846.33
6036.06
1610.77
4039.77
1729.18
1741.3
2357.66
3057.66
3131.2
2079.95
3098.12
2819.57
6582.74
2020.11
2348.07
2088.56
2807.47
1858.75
4383.08
1840.62
3192.43
2094.88
3356.31
2480.1
3674.95
1709.26
1546.23
1222.25
4562.44
1938.43
3813.13
2072.51
3505.53
2363.48
4964.47
2724.98
1909.72
2780.72
3122.67
1999.69
1620.53
2331.38
2997.78
2783.24
2159.69
2622.01
2033.58
2631.46
6318.15
4284.47
2683.71
2359.05
2222.64
2352.62
9609.15
2384.54
2714.22
4152.72
5140.08
2255.74
1898.91
6131.3
3553.65
1787.37
2740.29
1950.11
3244.54
2075.94
3030.31
2094.29
4054.13
2647.09
1859.26
2302.2
2365.37
2647.92
4074.63
2118.33
1513.04
2046.63
2236.23
2542.25
2573.52
2082.95
2561.92
2107.41
1714.21
1776.83
1537.4
2716.32
2140.09
2158.65
1907.26
1663.36
5120.52
3175.82
3147.79
1444.39
1973.93
2352.14
2650.86
6324.73
4043.37
2173.19
3393.53
3490.25
2489.4
2463.82
2916.11
3667.94
1648.9
7678.24
3629.12
2646.04
4962.98
1742.1
2702.42
1507.18
3715.06
2633.24
1549.72
4546.41
5052.8
2955.22
1486.7
2573.92
2787.89
1567.89
1589.58
6628.89
1368.76
1804.54
1908.21
2024.19
2269.68
2709.83
2671.69
2434
3447.69
1712.4
1736.71
2579.83
1596.18
3023.9
2642.23
3633.41
1560.85
2555.85
2037.31
2520.69
2919.34
2037.08
2502.66
2878.73
1586.02
2133.43
1490.68
2150.13
2265.56
1199.99
1970.8
3011.35
4055.38
2838.23
2394.96
3954.71
2165.89
3380.8
2170.04
1631.51
5053.15
1681.19
1322.89
1559.26
3769.53
2099.95
2457.45
3220.88
2879.56
4770.77
3458.02
1608.18
2226.61
3224.4
2556.87
5117.26
1960.06
2390.95
5406.9
2816.4
1270.49
3003.62
4617.18
3103.75
4313.83
1591.68
2041.01
2828.86
2073.56
3586.17
2064.95
3050.46
2507.22
2929.24
1410.22
1226.37
1632.27
4095.31
2110.85
2192.6
2763.7
3937.53
1938.6
3063.57
1744.27
4894.36
4230.7
4812.83
2633.56
2392.75
3368.01
1241.64
1927.18
5968.68
1287.59
2862.38
3237.4
1466.09
1767.3
2849.36
2011.52
4046.03
2890.77
4925.55
2446.64
1902.78
1674.23
1618.82
5659.06
3212.94
3798.66
4329.46
2044.64
2542.04
5699.99
3033.1
2534.31
1139.58
5009.52
1537.46
1896.66
1889.27
4415.47
2344.74
4848.2
2312.75
2109.86
1459.08
1582.68
2231.49
2072.76
2326.75
1430.21
1701.84
2659.83
1663.3
1857.25
9330.35
2035.31
3411.19
1897.73
7818.92
2976.25
2937.45
3319.38
3159.7
1977.3
2375.26
2588.25
1759.04
4758.33
1858.02
3657.84
2206.58
3591.9
2471.34
2745.21
3480.05
4756.19
5417.82
2865.78
3775.57
2077.59
3222.82
1585.89
2170.82
2147.09
1632.87
2396.58
3768.62
1444.02
1848.12
2646.71
1516.31
2673.49
1406.92
1624.53
4207.21
1190.72
4659.3
7708.29
7040.51
6234.42
3175.74
2084.57
6886.98
2407.33
3652.2
2511.77
4638.04
3579.97
14495.3
3860.08
1689.32
1834.47
1606.76
1458.49
2186.9
6854.86
4170.58
2781.52
1952.57
2087.38
3050.77
6062.05
3816.95
2951.8
2597.09
2217.35
2020.17
5083.15
7690.44
3456.54
3208.91
1719.98
2776.74
5339.78
1642.23
1676.63
2070.46
3500.52
2990.63
1535.32
2372.47
2773.95
1458.27
2756.11
3066.28
2031.36
3273.48
2894.69
1852.84
2087.45
3153.19
2725.82
4028.65
2483.49
1491.82
2352.84
2659.14
9222.54
2573.75
1554.41
3626.93
1808.34
3147.72
3773.14
3004.78
1860
1465.71
3485.25
1831.29
5560.56
2577.98
3635.55
2246.06
3032.77
1533.5
2705.99
2899.6
2926.71
2427.31
3319.28
3096.47
2234.72
2322.74
5170.72
2269.53
2604.45
3064.76
1535.57
2065.37
2375.93
2471.89
1268.75
1877.34
3293.16
3141.13
2082.64
2803.6
5042.31
3453.73
1863.24
2313.54
2656.45
2076.61
2351.65
2920.51
3984.53
5001.94
4104.04
5151.12
1617.81
3864.87
3054.3
1537.75
1476.1
1398.95
1751.25
2643.73
1771.65
1984.37
3040.93
3530.19
1728.98
3266.15
3290.96
4844.6
2775.48
3293.84
1548.25
2060.14
2153.38
1354.83
2427.53
5126.89
1663.95
1720.84
1680.08
3456.36
1913.69
3395.74
2155.07
2962.25
1595.58
2655.25
3609.19
2815.39
1790.95
1645.52
3397.01
4840.43
2926.2
1548.26
5216.2
6051.58
6167.15
2711.11
2982.88
2373.85
5492.82
2055.61
2856.8
2966.74
3333.63
3908.71
1556.61
10854.9
2288.92
2783.36
7190.46
1908.91
7099.91
3964.29
7888.87
2114.38
3928.05
1595.06
1341.08
3978.92
3347.68
3167.91
2759.71
3150.26
2438.76
3821.45
1675.03
7599.35
1874.03
3894.68
4085.5
1840.7
2388.98
2364.88
2064.48
1843.09
4512.6
1828.84
1597.38
4246.66
6263.11
2478.77
3754.23
2324.02
4041.29
2103.88
7583.23
3635
1683.67
3539.27
2645.08
2576.1
4024.69
2140.5
2897.89
8481.87
5628.52
2476
1801.64
1948.69
4151.47
4638.96
1855.04
3420.16
3997.06
2599.44
2724.86
2656.52
2899.95
3626.31
3316.26
2028.54
1944.99
2494.95
2801.28
3359.37
2570.84
2659.83
4189.06
2535.57
1660.33
2666.78
2955.6
4373.36
1868.68
4975.01
2172.55
1798.9
1221.59
2848.92
1001
6119.85
2423.63
2656.6
1858.76
1920.77
2210.37
4391.36
5435.57
1539.03
4880.37
4595.6
2069.62
2925.43
2696.22
1455.9
3480.33
3788.94
1553.76
5157.62
2436.86
2771.56
4108.09
2849.49
1714.9
2422.55
3830.09
1305.65
2056.56
2764.94
1481.23
2308.75
2300.99
6198.93
4400.92
1853.19
1836.9
1643.3
8578.12
1697.51
2138.21
1526.21
1792.74
2157.26
3439.87
1884.02
8809.28
3802.08
2646.59
2891.31
3228.89
4083.34
1335.4
2117.5
2610.25
3518.78
2467.69
4364.61
1790.02
4973.81
2989.6
1406.78
1568.48
2072.89
2256.11
2791.64
3293.04
2003.96
2050.67
1420.58
1689.6
1560.61
2127.19
5083.64
2519.43
2732.36
1650.63
1445.87
2639.52
3477.34
9128.03
5244.82
1768.28
3560
3840.47
3501.73
3093.51
1632.11
2329.31
1861.21
3672.94
2213.4
2719.43
2810.92
3073.42
2711.81
1805.67
3080.72
1761.38
1556.91
2019.15
2060.3
1520.83
1371.06
2727.13
2192.2
2293.64
3451.22
3457.36
5429.62
1748.68
1939.6
2357.61
1819.27
1493.87
4214.79
4295.83
1526.53
1651.46
1918.95
3119.33
2031.72
1389.17
1317.37
2478.87
3150.35
3620.91
2657.06
3223.25
5148.38
2417.1
1655.32
1455.59
1898.7
2045.58
1244.88
2733.5
1460.35
1932.77
4537.79
2191.27
1858.22
2043.44
2652.36
3184.18
3057.99
1965.12
3694.38
2114.41
2146.43
3104.75
1873.95
2203.77
3018.64
2280.95
1300.62
2671.66
4815.9
2597.45
3986.61
5173.2
2461.49
2294.7
3837.84
4192.96
6602.12
4308.51
2646.34
4071.14
2104.32
1798.06
3281.4
3073.75
2389.71
3162.79
3234.76
4221.58
2965.5
1799.54
1867.12
2409.59
1948.28
1758.85
3126
1810.73
2040.57
3385.94
3564.87
1902.36
2576.39
1959.72
4874.37
1499.12
6463.63
4421.67
4168.18
2979.28
1928.44
6597.73
2294.72
3548.82
3513.58
2497.21
5945.18
2994.16
1412.96
4503.22
2425.19
3675.64
2353.49
3132.1
1477.45
3971.58
2932.09
3960.52
1596.99
1998.75
3432.98
1747.36
2135.21
1569.38
2041.03
2342.14
2436.62
2687.47
2870.46
3142.72
2043.56
2548.34
2628.24
4140.59
2088.69
1634.06
2258.55
1955.35
2592.75
2748.76
6457.54
3581.28
2703.37
1522.86
1576.44
1861.6
1344.87
2842.31
1571.44
2396.06
2131.27
2257.13
2895.54
1798.55
8549.42
3483.29
2192.88
1673.32
2220.82
1847.88
2287.14
1838.94
1728.04
2582.39
2560.53
2627.2
2973.3
1663.84
2603.85
2959.72
2125.92
5007.29
2982.91
1837.53
2156.5
2377.63
6067.56
2713.18
3023.53
3249.02
2960.81
1155.61
9349.89
2159.98
2990.42
3816.45
1840.98
2532.68
5706.45
2362.84
5743.06
1495.93
1543.77
1355.26
1923.22
2374.64
3073.79
1890.15
4105.69
2137.65
2174.62
2210.53
5418.87
1565.02
1433.34
4519.98
2504.25
2080.85
2313.95
2145.99
2635.92
1857
7324.75
3686.69
3542.31
1937.53
2973.26
3464.65
3661.68
1939.48
3618.46
2800.74
2058.66
4324.08
2288.33
7046.01
5361.03
3961.34
5755.76
1550.71
3648.95
3154.63
1825.22
2253.02
2275.47
5158.23
3581.48
2520.4
5930.76
2451.01
6087.62
7271.18
2465.86
2610.02
2140.9
1629.08
1738.25
4116.82
2548.81
1937.89
4549.8
2055.38
1926.82
3811.15
3377.12
1927.37
1921.43
7246.31
1984.13
1489.65
2154.66
4235.46
3720.02
3517.18
2434.31
4944.33
1424.24
1500.69
2657.52
2928.37
4509.61
1437.25
2279.03
3502.11
6924.18
1605.27
2500.85
2407.05
2719.06
1859.32
1481.56
3960.22
1851.31
1500.38
1859.74
1517.86
4798.34
2389.58
2176.57
5682.78
2405.62
2506.22
3537.92
2656.97
1704.17
2022.37
2695.65
1718.69
1732.15
2888.76
5381.04
2311.36
2061.49
1379.38
2149.76
1643.04
2201.85
2350.24
2354.57
1289.94
4303.56
2177.61
6103.07
3384.56
1538.18
2326.02
2615.93
2301.55
2514.14
1590.57
3366.17
4150.06
2970.28
1231.2
2340.2
5187.47
2750.12
3137.3
2667.4
2876.85
3089.88
1728.94
1807.18
2899.65
2091.05
1795.53
4973.93
4205.05
2308.04
5465.68
2632.8
3165.39
3531.28
2709.69
3135.91
2012.67
3201.65
3557.37
3084.79
2352.38
4543.61
6833.37
1940.89
6931.56
1682.51
3611.63
4148.65
3035.64
2375.3
3536.07
2064.8
1939.83
5054.7
2006.71
2593.54
2118.46
1690.26
1537.53
1879.36
4320.97
3131.84
2631.63
1438.12
4039.69
1294.47
2265.99
2425.76
2788.83
1807.4
2733.52
2788.37
2638.11
1866.7
4298.02
2414.53
4444.56
2482.47
2511.37
2704.83
2157.65
2425.99
3839.83
2295.35
2722.7
2748.72
4680.68
1992.51
3028.2
2031.02
2936.32
2773.64
3784.29
1755.57
1870.29
5260.25
6272.38
6647.27
2237.07
4649.97
2438.7
2986.49
1676.96
2176.12
1605.06
3726.74
2800.16
2204.09
4382.38
1823.68
2467.87
1984.01
2267.88
3935.61
4463.54
2107.09
2877.14
2195.46
4391.08
2892.25
3879.32
2342.9
2043.06
1663.74
3787.43
1368.59
3253.53
4411.97
3442.46
3146.96
1449.77
5344.33
1271.1
3641.85
1875.36
1793.75
1559.84
2457.42
3229.46
2537.01
3425.35
1980.55
1531.92
1892.25
1937.86
2429.22
2454.04
2533.31
5432.2
3239.57
1912.78
2504.21
2087.72
3340.64
8299.28
3278.68
2994.29
3067.58
8242.18
3138.54
1936.01
2237.93
2017.19
3394.96
1520.66
2225.63
1765.2
2816.45
2286.84
3813.62
3608.72
1414.64
3320.71
2786.08
2627.18
3850.91
3799.06
2986.54
4109.94
2271.29
1845.62
3456.07
2257.9
2026.89
3411.29
2230.56
1199.38
1534.06
2023.23
2195.29
2017.47
2679.12
1773.22
2231.64
2626.65
5342.69
4463.95
1526.79
6092.27
4072.11
1489.3
1725.38
2399.97
1562.2
3240.8
2131.72
3055.72
2017.34
2376.25
1926.9
2025.27
1127.89
3695.96
3025.37
4496.98
3302.6
1601.72
2079.04
2517.03
3296.88
4053.33
2903.15
3589.48
3725.79
3038.65
2568.09
2342.1
1907.47
2306.17
2091.49
1617.46
3808.7
2973.44
1974.08
1420.14
1935
2010.46
2503.31
3793.58
1888.27
2041.55
1890.86
2699.26
3221.77
2556.01
3698.82
3012.71
2039.58
1905.65
1619.9
2512.78
3260.67
2178.31
5904.08
2484.73
3500.7
3351.29
4904.85
2419.29
1796.39
1833.79
3599.39
2090.33
3662.4
2108.03
2876.2
2457.98
4566.48
1588.31
3039.63
4030.35
4079.88
1961.89
3986.54
2986.16
2525.99
2137.76
3758.35
2108.41
1516.26
1926.17
3625.95
7428.28
1606.66
4001.55
1842.89
2667.81
1156.07
1895.39
2750.76
9220.75
2655.28
1663.54
2461.79
2114.06
1729
3767.76
4107.21
5098.92
1333.82
2756.97
3187.74
2410.33
6313.25
1846.46
3698.9
3879.21
1561.75
3196.6
2108.09
2846.08
2222.23
4594.63
1974.53
4328.05
2978.73
5590.48
4062.45
2605.7
4960.62
2618.73
3297.1
3575.5
2984.3
2414.67
2344.52
4556.87
5323.85
9725.31
3119.25
6303.98
1848.41
2368.52
1603.95
1718.92
2920.94
1985.06
2064.85
2334.43
1924.93
6019.15
2225.01
1489.33
3424.15
2897.28
2061.44
2136.03
3670.03
3516.61
2888.34
1223.03
1723.17
2005.22
2382.46
1977.3
1506.95
1720.48
2155.9
2544.87
1736.64
1580.35
3991.82
2838.18
2586.05
3787.59
3641.4
2612.73
7920.02
2098.78
3656.74
1377.29
2674.05
4270.59
2325.86
2232.67
1328.79
1914.03
2247.71
2748.26
2419.17
1737.78
3215.54
1676.14
2556.84
2252.57
3564.93
3493.58
4743.13
2226.6
3642.46
2246.76
2817.24
1811.26
4251.44
6596.91
3595.07
2706.07
1979.14
1979.39
1149.91
2505.44
3749.74
2075.11
8811.86
2331.39
3567.67
2872.95
1494.46
2085.28
2733.62
4596.99
3626.3
4999.74
2813.77
1690.51
3146.53
6458.48
7795.8
1933.44
1481.4
2416.69
1768.81
2655.08
2396.25
2065.74
2408.22
1713.52
2601.49
1562.57
3052.41
3261.81
7729.8
2422.61
1969.57
4364.24
3942.8
4903.8
2321.84
3309.33
3856.69
1965.97
1918.22
2644.91
6024.64
2322.32
5390.45
1445.62
4768.45
3569.05
1732.68
3086.65
2966.23
1731.04
1800.36
1720.51
2932.86
3169.19
2019.06
2042.69
3522.21
2211.71
1419.21
5284.23
1896.96
3689.94
2106.15
2269.54
1431
2448.95
1899.35
2928.26
1929.48
3145.93
1085.92
2004.97
3070.37
4813.02
1404.84
7051.39
2570.97
2815.68
2296.96
1988.27
2272.91
3496.85
1922.94
3356.77
2048.53
2705.29
3321.42
3795.4
2240.4
2203.88
2474.24
1646.01
2474.41
2972.33
4747.22
2012.62
1524.06
2269.78
4194.05
2794.36
2065.95
2762.8
3688.15
4371.89
2658.23
1986.06
1542.95
2535.14
1873.91
1755.52
2822.67
1947.95
1834.35
3723.84
3916.57
1445.22
23317
2431.97
3356.67
4206.23
5163.31
3031.32
1572.45
2021.26
1546.7
2714.52
1569.59
1483.02
2074.59
3516.03
2717.13
3162.84
2240.66
1763.9
2923.09
1809.18
1895.21
3888.74
3972.62
2806.75
3095.25
3014.29
1279.22
1928.85
1718.83
2997.99
3193.83
2728.7
2211.51
2869.41
4029.34
2350.51
2306.06
3197.69
2943.21
2656.54
1934.96
2699.15
5018.13
3345.27
2439.3
7083.53
2995.23
3654.79
2991.48
2117.13
1964.4
1855.84
3980.41
1760.73
6653.26
1519.22
2267.04
2784.52
4841.68
2196.24
3884.59
2371.9
2234.35
2955.16
2397.34
4060.33
2437.68
3365.17
1617.05
1459.81
4411.26
1943.83
1557.39
2809.54
3961.75
2935.81
1952.73
2789.07
3320.98
1524.9
2802.51
4116.68
1786.03
2767.27
2834.54
1493.76
1681.45
2410.6
2848.26
2231.85
1602.07
1493.7
4814.58
7267.12
6491.99
2047.06
2248.1
2725.86
2039.01
2664.36
1810.52
3532.16
1777.07
4385.32
2073.51
3390.97
5169
2360.54
4391.74
2452.1
1595.94
1952.56
5193.5
4746.16
2346.1
2820.63
4865.69
4708.92
2970.04
2752.28
1413.13
1685.6
1520.37
9403.88
1477.95
1349.19
2051.78
2822.25
4171.55
3513.94
1627.85
3136.36
2278.21
1812.21
3036.26
2927.63
2500.76
2295.21
6097.12
2391.46
4558.82
2875.64
2473.56
2142.77
2330.99
2399.97
1816.35
2155.1
2619.96
2983.04
1815.95
1959.94
3009.28
1967.64
1756.82
1723.1
1896
2389.99
2101.41
2281.93
4413.93
1690.12
1880.13
3221
1797.54
3078.92
1548.72
4599.48
3030.68
2138.94
2492.23
4874.76
1727.36
4105.76
2653.84
2565.44
1583.71
3383.84
2107.25
1465.36
4079.62
1442.4
2024.28
1919.42
1916.6
2714.27
6370.96
2682.99
3288.79
2554.22
3498.31
3388.94
2851.62
966.768
4053.84
3006.67
2695.53
2559.56
2576.4
3741.91
2226.29
2739.89
1734.18
1883.72
2682.21
2938.82
6115.43
2791.23
2388.1
1714.2
2658.74
1765.06
2782.51
2626.64
1996.31
3077
2380.23
8874.74
2380.71
1544.72
1626.34
4899.36
2584.99
2668.84
1745.97
3292.15
2368.08
2118.31
2851.19
1841.98
1659.61
2559.54
2476.07
2171.66
3429.4
1120.65
1904.88
1522.8
3306.96
2741.89
1684.73
1530.76
1674.61
2514.22
1627.08
2798.81
3094.48
7242.55
2938.45
2917.9
17676.7
2656.62
3437.61
2034.42
5859.1
1971.46
3770.22
5782.31
1747.22
1847.77
4890.53
2439.78
4004.74
1632.05
3403.83
2381.47
2163.03
2165.63
2889.27
24564.7
2157.75
8483.16
2111.61
2850.96
3615.31
2213.85
1691.79
2290.37
2693.13
1848.29
1935.2
1877.8
1236.56
1641.38
2531.38
3969.68
5488.15
1929.99
2072.09
2995.63
2124.83
8887.71
1636.77
1837.15
6949.91
2743.26
4015.76
4739.28
3279.12
2225.52
1591.42
3457.01
4477.36
2722.38
3024.67
2593.26
2424.82
2740.12
3531.3
2761.27
1903.81
3448.71
2089.56
4364.33
3419.81
2963.3
5123.51
2832.56
3220
2783.5
3524.53
3361.71
1221.25
2936.36
1242.95
1872.82
2758.51
2268.67
2993.69
3238.6
2736.51
1923.75
2953.29
1825.57
1691.3
2626.27
5320.36
1392.59
2707.4
3436.61
2626.11
1448.36
3184.3
3242.5
4397.21
1272.97
3417.99
1790.15
2458.94
4973.73
2762.77
1371.44
1583.32
4944.3
3162.67
3705.88
2112.25
3745.46
2493.91
4024.72
2546.86
6646.24
2148.3
4435.08
4290.01
5341.45
2834.81
2273.42
2185.12
2918.7
2893.88
5850.69
2761.39
2666.14
2523.51
2450.77
2342.1
2539.34
1839.53
5772.03
1490.9
2253.45
8560.89
3062.43
3878.17
2854.35
2148.22
1718.59
2260.9
2723.59
2325.22
2177.82
1307.68
4113.26
2607.26
1818.68
1929.65
2637.65
2362.65
2316.12
2914.37
1733.39
10374.6
3748.57
3353.7
2114.32
1269.4
5449.99
2524.56
2198.62
2878.43
4248.94
3210.54
2153.37
1498.62
1762.36
1814.66
5415.5
1683.67
2920.66
5827.77
4556.71
9696.49
1939.29
4727.04
5298.06
2597.78
4231.09
1537.53
3171.83
1868.45
2342.9
2413.48
3925.13
5593.51
1370.33
3327.6
4410.29
1136.62
1951.75
5590.14
3586.78
2601.76
3992.6
2066.78
2765.81
3677.12
1720.26
3384.07
4305.69
2282.2
1588.6
2865.5
5121.31
1856.32
1735.27
2276.99
2633.59
1839.87
2662.73
2880.05
2453.92
5886.36
2008.62
2976.06
3120.82
2724.29
2541.23
3882.2
2155.19
3228.93
3911.43
2261.99
2162.39
2391.77
2927.42
2669.25
1206.15
1643.46
2751.42
2952.64
1833.35
2158.03
1731.74
2545.05
3178.71
2146.78
1964.94
2012.57
3360.66
3732.37
2944.28
2574.35
2577.53
2211.45
1912.47
18741.8
4650.98
2334.28
2817.02
2185.24
5024.56
2086.76
1880.62
4231.93
4095.59
2988.14
2152.53
2116.71
2496.33
2535.28
4139
2939.62
1713.44
2685.43
2893.09
1575.59
2147.62
4002.87
1605.12
3872.32
2601.7
2639.39
2715.88
3225.79
2091.41
3233.12
2714.16
2529.73
1995.96
3220.32
2606.12
1461.47
3544.35
1568.6
1782.78
4253.78
3343.62
9412.58
11239.6
2735.33
1494.61
2107.61
3168.04
2515.96
1654.36
2317.88
2800.24
4217.31
2674.67
1918.71
2324.1
3265.16
2068.8
3426.95
1741.98
7938.45
6806.36
2124.45
2187.57
3170.23
2443.79
1651.58
7957.2
2001.9
2193.85
2319.09
1831.37
1375.76
3362.37
2326.28
2724.27
1793.92
5985.26
2538.46
3813.9
2922.91
2478.31
2376.22
1958.27
2113.29
2264.28
4540.4
2795.86
4301.94
1244.02
2524.65
4392.34
3622
4784.34
2356.88
3113.55
2561
1971.95
2676.12
1304.89
8941.94
2535.4
3784.8
5483.65
2975.63
5865.16
3751.3
2147.31
2217.15
4780.96
5429.9
2268.13
8126.91
2800.45
2106.05
3632.8
6546.82
3255.44
6078.35
4836.73
2895.55
2326.64
2506.8
4679.67
18003.8
5426.12
1585.42
1967.87
1508.27
2055.23
1821.51
1845.35
3196.39
1837.17
2615.65
1811.17
2546.66
3415.23
1380.76
3617.19
2304.64
2080.63
1689.97
1488.37
2308.91
2477.67
1443.7
2850.88
2322.05
4825.51
20224.1
1885.25
1572.73
4186.28
3526.42
3553.4
1938.2
2099.92
5652.55
2617.82
3269.44
1363.31
3106.42
6863.63
2243.01
1681.43
1555.59
2654.03
3865.57
3485.25
2263.58
3163.23
4729.98
2026.16
1423.09
1870.35
2772.5
1423.3
2029.76
4048.95
3213.63
1523.37
2455.86
2741.58
4172
2924.84
2058.54
5052.21
2115.28
2419.03
2916.49
2645.14
1484.29
2300.74
2335.26
6444.74
1895.93
1789.06
3128.19
1584.01
2920.49
2947.4
2543.58
2059.74
1919.41
1895.29
2619.62
2154.92
1641.29
2192.26
7145.47
3171.52
3629.23
2465.06
4620.44
1967.13
3528.86
2549.98
1830.42
2084.94
2713.15
5277.78
3166.97
1999.48
3072.72
2511.38
1967.47
1255.28
2777.94
1804.54
2384.91
4335.02
1525.32
2609
8609.92
8122.37
2015.24
2777.92
1485.06
3970.57
2046.69
6659.9
1983.46
1925.44
4941.42
2611.97
2542.24
1732.28
4590.78
3979.19
5593.9
1979.11
2702.04
2561.86
3649.29
2050.64
5138.96
3072.37
1803.41
1875
1875.29
2571.49
3609.66
3115.2
3950.57
1901.38
1723.22
2319.53
4084.02
1931.31
1978.24
4630.71
2263.45
2193.77
2863.37
3802.2
2309.36
2483.01
3744.68
1256.48
1425.14
1673.05
4977.45
2329.82
4407.92
1584.63
4378.4
1959.07
6058.37
2320.26
2098.91
3553.3
2854.87
2198.68
1959
2929.73
5355.8
2475.9
3926.18
1816.74
5311.4
2995.37
2250.15
2465.8
3200.49
2367.22
3021.96
1988.51
2178.74
2046.75
3303.18
2185.46
2629.56
1704.08
1495.32
1980.18
3912.89
3226.29
1834.24
10134.9
5858.01
2374.01
2172.74
3681.37
3616.33
1465.67
3156.72
4807.14
3313.54
3469.88
2773.91
5458.34
2621.64
2591.83
2183.2
2008.09
3332.45
1641.42
3867.51
2528.89
4860.39
2663.32
1505.85
7994.03
2690.11
6586.11
3283.38
2910.13
5656.62
2003.86
2531.18
2400.79
2674
2706.91
6473.62
2863.32
4647.84
4802.93
1360.41
2799
2337.13
2472.28
5681.19
2213.41
1645.47
2048.78
1483.96
2949.77
3657.05
4077.14
3232.95
2367.84
2124.78
4005.5
4833.18
3334.56
3213.74
1578.79
3723.59
3078.25
3004.14
3753.97
1213.19
2496.28
3607.98
1761.73
2079.23
5114.69
2306.57
2047.77
1902.76
2065.79
2219.19
1665.54
2155.18
2355.01
3851.69
2686.41
5431.15
2288.14
3782.63
3931.92
4946.49
2646.19
1906.78
2602.79
2146.36
2518.66
4434.11
2699.56
1944.86
2160.38
6403.2
8955.79
1456.4
4569.71
2239.19
3151.85
3091.23
2856.6
4460.67
3113.13
2323
3099.08
2902.13
2355.5
1546.54
2815.42
1330.89
1032.05
2625.02
1470.87
3243.89
5279.15
2791.25
7508.88
2453.94
1527.99
2812.85
2235.36
2293.64
5897.6
1575.19
3914.44
2282.45
4914.61
1716.36
3954.98
2180.19
1590.24
3001.41
2035.82
2407.09
2588.43
2498.88
1601.99
1378.33
3911.7
4501.46
3215.1
3689.1
2783.69
2032.87
5890.08
6857.15
2598.17
1531.35
5013.43
2772.49
3256.42
1768.87
2334.18
7489.88
5120.92
2109.05
7648.89
2419.98
3398.28
2064.72
2539.6
3366.85
3119.3
2616.02
1555.22
1304
3290.97
4074.97
1833.78
2995.19
8471.37
2685
2940.25
2244.07
4604.58
2595.9
1558.61
1996.93
2094.18
2383.25
2839.87
2422.86
2210.98
1508.73
1752.5
1557.38
2364.66
1726.16
5387
2852.12
1643.89
1882.28
2249.84
2162.85
5309.04
4204.84
2736.83
4146.82
2436.79
3377.98
2251.44
3759.89
2951.51
3136.74
2238.28
2351.2
4638.31
1607.52
3222.44
3812.28
2588.37
2289.48
2108.07
1449.28
1428.36
4094.35
1738.97
3115.08
10950.2
2125.35
1347.66
2444.48
2510.57
2938.02
1531.14
3165.57
1819.74
3885.95
2617.08
1917.09
4825.43
2418.35
1399.74
5626.17
2450.46
3301.13
2261.69
2638.58
3457.98
2055.41
2004.99
2611.46
3900.67
4103.04
2371
2235.55
2039.08
3019.27
2388.44
4447.67
3555.81
1788.29
3752.56
1598.54
3049.98
2203.65
11014.5
3660.53
3648.47
2412.13
2483.25
6135.06
4008.36
2155.76
1595.71
1775.65
3512.19
2226.12
1389.04
1534.97
3189.16
1362.93
2334.06
6717.79
3872.37
4652.04
2635.38
1600.77
2095.3
2090.57
2091.15
3112.43
4731.64
3995.93
1490.93
1879.12
1962.59
3192.54
2085.3
1484.71
11367.6
2955.82
5325.53
3282.43
4648.74
2234.2
3149.38
3363.23
2695.06
1340.26
1545.99
2792.87
3283.03
1798.59
3028.38
3051.81
2492.87
2960.34
1430.39
1735.11
3313.11
2719.64
3746.46
1318.26
1907.97
1135.55
2302.93
1878.07
2895.51
3000.46
2424.61
2065.67
2134.68
1340.4
3779.63
1255.08
2344.32
1947.28
1552.55
5015.51
2980.08
3232.92
1831.62
2129.15
2829.21
2432.29
3439.81
2621.13
1956.27
3864.61
3558.38
2190.17
3040.41
2966.59
2233.3
1438.87
3298.15
2076.33
4384.21
2505.08
1420.59
5832.05
2280.83
2046.81
3956.19
1358.49
2106.73
3687.48
3908.64
6306.2
2690.2
1189.84
2732.84
2505.5
2357.82
2829.55
2334.78
2455.21
2342.67
3079.29
3291.64
4114.73
3549.78
2926.43
2939.21
4143.26
2924.47
1777.81
4337.03
1885.92
1276.47
1361.56
2872.82
2073.2
2027.63
4141.19
1368.19
1995.15
2410.55
4440.74
2248.42
3789.64
1994.8
2574.7
2217.78
1931.6
3292.09
4495.78
2637.39
2446.45
6130.98
5014.58
2326.02
3797.75
2727.29
2763.61
2374.88
1404.07
2851.98
9348.87
3248
2948.13
2687.02
1948.07
2986.51
3486.61
1851.77
2510.12
1039.66
2068.23
2274.25
1557.24
3333.38
3943.22
1993.47
2658.07
12215.2
3410.8
2060.49
4080.23
2169.47
2062.21
2539.16
2503
2575.02
5550.15
2435.24
1679.51
4584.52
1446.31
3437.25
5645.41
1396.89
3494.52
2008.3
4970.28
2469.8
2137.97
1959.83
2943
3426.64
3435.42
4542.7
2146.98
3039.65
1942
1677.08
4558.09
2574.04
2012.96
1674.33
2583.35
2845.99
2211.27
1895.93
2262.4
3039.08
1452.73
1756.78
2759.12
2503.17
2148.58
1557.47
2833.3
2956.06
3160.98
4216.9
1735.72
2402.58
1732.53
1681.9
2124.02
3418.16
2006.18
2225.77
2867.86
2625.19
3358.96
4881.03
1638.47
1725.42
1999.56
1860.04
1598.77
1698.43
2922.76
2969.71
4499.12
4706.2
3766.99
2389.17
1767.1
2073.9
2587.93
1818.22
1635.14
2353.94
2223.06
1855.66
3733.02
1705.08
3268.73
3144.78
3103.56
5411.11
2145.83
4330.6
1416.67
1871.64
1678.98
3504.76
1414.4
2620.08
4128.25
2813.3
2263.4
3152.56
1770.85
3410.56
3022.12
1749.21
1517.63
3679.39
2685.08
3649.13
3569.06
2703.26
2171.68
2295.07
2869.73
1596.7
1881.15
2139.47
2195.45
3341.33
1793.84
1471.18
1787.57
3647.55
2429.32
2950.74
4593.38
2668.25
2902.53
2481.89
4104.87
1493.81
2546.66
2544.95
1519.35
3578.78
3146.82
3160.73
2422.12
2492.19
3393.92
2672.07
2825.19
1862.18
6879.67
1365.16
2168.31
4360.07
1958.75
10105.1
2972.57
2360.86
4550.14
1824.28
2123.06
4218.88
1895.63
3488.85
3041.74
5526.47
1943.06
3052.47
1757.48
3763.92
1655.07
2606.14
2768.85
4963.19
6438.04
1457.69
3136.15
3499.29
5455.07
2407.11
2445.9
2478.91
2466.65
3483.68
1930.77
2453.24
3008.75
3543.63
2661.97
1907.32
2127.76
2719.3
3097.14
2427.1
4104.96
3780.67
1514.43
2703.73
3606
2686.15
1282.13
2531.77
3807.68
1490.94
4772.73
1761.65
3169.98
4615.79
1349.29
2487.1
2971.79
1734.44
1576.83
1602.03
3462.18
3233.46
3130.11
2545.02
1704.27
5888.88
2571.5
1436.18
3395.04
2156.71
1644.91
1892.79
2760.53
1987.76
1709.56
3380.55
2451.63
2315.98
1741.46
2927.74
4865.86
1480.26
3046.02
2219.5
2183.46
1761.4
1859.06
1919.89
2192.19
2194.5
2858.95
6495.79
1704.85
1376.6
4358.12
1974.53
3138.19
2061.99
1815.2
3900.53
1848.51
2293.59
4903.19
1368.86
1751.91
3306.25
4020.27
3620.8
1878.26
3391.81
2380.13
2807.06
4091.4
2513.09
5632.35
1250.76
1845.97
2562.69
1680.71
2970.52
4836.7
1791.11
2138.04
2301.6
4275
2814.39
2749.81
2048.87
2008.06
6136.56
3407.53
2113.83
3350.62
4911.92
1890.06
3447.74
4239.71
1657.97
2660.05
1609.08
2696.43
2662.06
2019.73
3666.22
2481.81
8831.03
3182.35
1916.96
1833.46
2249.27
3478.9
3218.81
2269.66
2511.21
1852.65
5933.7
5147.64
2205.83
5423.51
2042.45
4388.2
4794.16
2734.07
3141.72
2228.51
2664.57
1762.79
2590.24
3493.97
2652.33
11403.9
2319.53
6722.82
1900.8
1500.57
3724.46
2863.97
1565.14
1901.68
2618.4
2323.57
2054.06
2152.85
1946.17
1993.78
1921.81
2838.09
5037.85
1719.76
3972.42
2153.26
2590.41
3232.76
3347.25
2512.01
1958.7
1669.1
2999.99
5615.59
1630.73
5305.92
2100.35
3133.48
2309.97
1862
3133.7
3303.65
1934.76
1939.18
4127.4
1744.77
1783.45
5006.51
1630.99
6797.43
1640.43
1856.07
3374.97
2200.82
2714.17
2654.45
5026.46
2304.95
2059.44
1852.18
1657.43
2329.18
3408.97
3154.79
1479.23
4517.94
9835.86
2298.13
1879
2796.12
2700.27
4272.12
2372.71
2969.69
2982.04
4540.32
5032.91
2953.23
1962.07
4075.7
3479.26
6597.26
3006.82
2247.63
3236.24
2787.23
1844.1
2265.59
3491.26
1209.78
6356.42
1591.15
1582.52
5113.3
1577.64
5488.22
2214.19
11194.3
2326.29
2530.72
2187.37
2187.08
4560.71
2394.06
4561.97
1638.22
2758.84
2210.43
5325.15
1772.18
1649.38
3244.28
2083.74
1819.25
4698.37
3948.07
4071.16
5515.34
2042.41
1445.31
2794.43
1888.01
1699.71
2783.85
1796.05
3010.93
4128.95
2333.47
3789.64
1723.05
2405.64
2745.46
4382.29
3539.75
3228.48
2864.38
2640.07
1747.8
1734.42
5496.46
4366.7
1689.68
3428.63
1734.04
2232.7
1860.72
4900.05
1610.65
8953.03
1691.71
5673.01
2075.77
1967.91
1639.25
2296.08
1742.43
1433.14
3357.37
2091.07
2201.77
3504.14
2457.71
2143.4
2542.35
1702.06
6392.71
4770.6
1731.18
2410.82
2096.52
3611.41
2453.26
2766.22
2009.14
2527.33
2576.75
2969
2399.1
2989.78
2559.26
1938.88
2587.66
3438.49
5861.75
1729.72
1359.85
1406.88
2586.71
2754.12
3288.74
1790.01
1926.91
3773.59
2183.93
2108.29
2043.84
4895.11
2493.66
1745.27
7438.7
2839.23
2634.95
1849.76
2191.43
2942.94
3176.98
4178.94
2435.84
3289.25
8154.02
4826.96
2122.8
2518.24
3029.45
2493.02
4956.83
3654.61
2915.03
4142.26
2347.53
4138.62
3107.74
2726.93
2907.49
2439.98
1894.44
2802.72
2409.87
5595.11
1709.8
4609.77
4810.59
7693.14
2366.86
2867.64
1618.07
2669.08
1420.21
4276.65
1753.24
4202.55
2392.75
2766.92
4175.13
3946.09
8149.09
2507.79
3209.93
3228.11
3122.05
2355.91
2387.06
2116.57
2104.1
2466.77
3057.22
1524.62
2544.08
3351.18
3109.89
2076.32
6827.47
2002.58
2107.53
2709.23
2325.48
4407.45
6381.78
2408.63
1713.65
1421.75
1524.04
2336.67
2228.84
2573.3
2226.12
1785.03
3068.54
3272.89
3515.86
3758.31
7439.11
1976.65
1790.62
8281.52
1674.07
9582.59
1794.79
2502.53
6036.65
2175.92
2812.13
4199.63
2047.97
3130.65
1324.89
3952.16
2560.36
2187.99
2548.49
3066.84
2926.75
2573.64
1212.02
4119.78
1758.93
3082.73
2347.04
3514.97
1697.13
1750.23
2141.79
1643.77
3815.18
3230.76
2009.64
1333.04
1886.74
2105.43
1747.57
2013.8
2073.89
1421.76
1674.85
3019.96
1720.21
3219.79
2277.67
2365.36
2818.71
2114.64
2170.98
1719.01
3123.72
4566.19
1962.57
1810.48
1365.16
2191.14
1807.78
4845.51
5192.93
2014.11
4032.78
3311.64
3571.72
2120.41
2079.43
1157.05
2980.61
2190.29
2880.84
5067.11
3499.34
2744.27
4544.69
3376.36
3702.97
2189.17
2087.45
2772.48
1161.45
1472.44
1273.43
3054.64
1466.6
3350.48
4114.17
8122.84
2086.66
3607.14
2408.65
2295.26
2548.43
3177.18
3634.61
3962.93
1692.56
2963.73
4936.94
2239.21
3531.22
2514.82
3948.2
2449.28
3124.16
1883.68
3383.28
2176.09
3796.05
6021.2
2394.11
1679.22
1980.81
2337.92
1663.09
1394.72
1515.75
3677.98
1848.95
6142.78
2653.34
4699.78
2280.95
1586.97
2036.6
1910.31
1445.2
3714.14
1908.91
2050.61
2473.64
1907.44
2397.42
2939.49
3192.91
2410.67
2725.02
3538.28
1822.17
2166.32
3043.5
6077.11
1547.7
2539.83
3466.01
3144.48
2340.51
1906.79
4546.64
9288.06
5262.88
3045.72
2540.93
4158.96
6332.75
2630.51
2442.97
2517.7
978.808
4349.67
2038
2469.86
4427.45
2290.06
1760.75
1486.33
4938.94
2067.72
2315.53
3690.15
2523.87
5550.68
2918.71
2904.8
2790.63
1383.95
5029.37
2453.76
1393.27
3060.21
1775.42
1675.41
3227.09
3204.66
3536.4
5463.19
2351.93
2210.27
1979.53
3889.6
1851.3
2422.92
5001.86
2414.25
2520.77
1376.36
2196.34
3768.49
4619.04
3883.68
3051.46
1775.99
2366.36
2331.61
2110.84
1880.41
2730.39
3277.6
1498.09
1893.79
2583.55
2623.84
2837.66
3269.45
1992.8
2409.12
6711.51
3187.57
2425.21
2436.67
2208.94
1943.22
1561.68
2032.03
2746.91
1954.05
1704.51
2104.74
1735.13
2032.69
3209.83
8258.45
2393.94
3894.42
1756.81
4786.53
1864.23
2715.25
2762.39
9335.37
5736.85
3649.08
2044.51
2425.15
6286.33
2645.26
2150.27
3369.8
2911.84
2256.21
1860.18
1497.98
3896.86
6837.49
1679.08
1176
4045.47
1695.97
1975.16
12265
1778.59
1652.18
2794.12
4093.42
3570.29
1938.79
3738.9
1669.46
2032.77
1239.46
2245.84
4025.44
1934.78
3148.12
4129.7
4574.05
3457.98
1870.46
3134.78
2406.6
2689.64
2734.5
2336.08
2593.12
6311.14
2748.23
10170.6
2293.67
4914.47
2631.2
4356.89
3315.97
1457.17
2517.47
1296.84
2524.57
4280.71
2974.81
2859.51
4112.6
2034.5
2145.81
2856.65
2136.51
7887.57
2268.89
2534.89
3268.07
4381.36
2427.55
2208.19
1748.32
1526.3
2025.87
3330.77
1939.2
2824.37
6666.31
2547.79
4708.8
2740.86
3508.08
4866.47
2437.94
3073.43
3099.27
2379.58
2129.75
2080.1
3403.96
2365.15
1844.92
3293.98
1726.8
2461.2
4774.28
2253.91
1932.49
2840.48
5459.53
4946.39
2216.95
3434.89
3368.29
6054.15
4432.03
4270.62
4524.95
1501.14
4354.05
3217.67
1479.57
1771.84
2635.18
1538.86
4333.94
3992.3
3926.91
2660.01
2130.21
2379.03
1630.8
2298.32
5080.05
2255.6
3083.96
3431.09
1883.16
5506.5
2794.3
2393.37
1746.89
2257.53
1974.32
2791.73
1708.57
3043.35
4337.63
4425.31
3340.69
2466.79
2539.51
2498.23
4078.66
1764.26
2355.68
2820.26
2680.36
6752.79
2017.73
1427.07
2169.49
2852.03
2228.1
11722.9
3310.23
2178.72
1733.46
2470.06
3460.48
2004.56
1451.35
1800.26
2713.5
1465.51
2952.98
1602.06
3700.64
2142.48
3588.99
4568.59
1541.47
1360.26
4263.7
2793.62
3001.86
3661.48
1660.8
2319.3
2090.39
1508.54
3867.39
1781.14
2679.79
2829.63
6381.04
3255.55
1861.2
2804.55
5371.58
2952.81
2688.88
2200.51
3774
3031.5
3888.68
4518.46
2088.06
2253.33
2562.83
