8661.56
2543.96
6534.36
2761.7
4724.98
6659.3
1515.68
5101.31
5333.45
6064.12
2581.22
2331.87
6075.31
3309.88
2864.23
6984.24
4010.78
3896.71
8103.36
1837.95
5864.36
3730.11
2653.91
2739.73
5144.06
3182.29
4233
2099.75
4119.21
1981.04
1713.44
4145.57
3723.54
1894.12
3262.79
4328.17
2869.73
4336.7
3254.62
3619
3513.13
4463.77
4232.22
3904.19
2458.4
5493.92
4865.71
10866.1
2240.64
2058.43
2876.62
3740.39
4619.16
2934.01
4035.2
6283.97
2675.51
2095.79
2191.83
2363.26
8875.76
2678.62
5175.87
3827.69
5644.33
5004.92
10302.1
2088.1
4007.67
2291
3624.58
4355.67
2723.93
2034.6
5269.51
2572.17
11924.8
2208.21
2596.28
3301.59
1827.83
4217.29
2081.11
1930.14
9786.43
2479.54
4005.4
5185.76
3819.72
6224.24
2705.62
4546.99
5171.72
3283.75
3027.13
2788.51
4931.57
5893.28
5636.39
6246.76
3992.18
3445.14
2362.37
8402.43
4524.93
6284.28
3645.61
4466.71
2962.62
4763.05
3022.25
2989.85
3229.56
3930.01
1868.04
2421.91
2031.26
3168.72
3898.56
4783.81
3259.29
3625.76
1819.39
1988.78
3241.12
5502.32
2483.11
2420.82
3084.67
3754.58
4915.25
3954.54
4439.21
2429.05
4723.55
3951.1
3534.04
4855.5
3243.39
2118.53
5348.14
12930.3
6038.09
3858.03
4697.19
2273.82
3341.12
7031.43
1589.12
7811.56
5139.01
5370
4076.45
3340.64
2964.5
4858.33
2866.17
4856.29
7357.18
2402.29
20544.4
3913.73
2834.67
4884.46
3744.65
3059.64
2418.98
5295.16
4554.72
5546.74
6097.87
3533.61
4315.32
8072.34
1788.18
3344.38
7209.61
2963.29
7355.21
3300.74
3205.49
2858.93
2887.95
6176.93
3407.58
3459.26
2472.34
6798.07
6781.97
16400.4
6705.53
2854.65
3874.54
2161.18
3942.29
3852.8
4516.74
2729.94
4190.45
1980.79
3197.6
2154.16
3381.82
2320.06
4074.2
1847.12
3532.1
3588.49
3899.48
2753.26
2829.5
4024.02
7494.57
2137.09
4296.2
4300.05
2389.25
1790.52
4589.03
4109.19
3952.76
2715.78
2892.23
2820.19
2021.89
4023.35
5621.28
2597.96
2859.6
4254.19
2600.02
11405.3
3693.42
2468.32
2392.26
4287.91
2153.58
3220.06
3468.88
4805.37
2878.55
7428.02
5123.39
2137.62
3146.24
5739.44
10860.2
2261.33
3863.58
3745.74
2409.17
5694.6
6143.27
2944.74
5393.31
3171.76
3310.08
5650.49
1761.41
9198.72
3662.4
2705.57
3313.7
2644
3918.53
5957.42
5847.7
2999.36
1819.12
2994.78
7025.7
2528.97
2156.45
4128.48
2530.59
8236.91
6286.74
4946.3
3346.03
2134.02
3596.55
5925.24
2922.74
2846.9
1827.24
5806.39
6702.35
1701.98
9547
3852.14
3286.73
3096.43
3429.71
3488.54
2676.98
2836.64
2717.75
3607.37
8832.86
2835.66
2494.09
3868.26
3120.85
7502.17
4069.32
2796.22
4454.23
8857.89
2310.54
2518.62
2901.92
3434.03
3478.58
4976.21
7265.1
3229.02
4460.49
2041.72
4641.99
2286.66
2501.51
2433.38
2954.24
3144.78
7591.99
5503.94
4258.9
5904.39
5736.69
2402.78
2495.68
2427.58
4453.2
9995.33
2474.45
3963.74
5088.98
3947.9
3563.55
7757.54
2555.3
7983.82
2366.85
4617.43
3783.97
4400.62
1946.88
3185.76
2281.45
5721.67
2308.27
2694.26
6073.64
2582.3
3962.3
3764.75
6805.48
2387.8
3469.82
3383.98
1708.22
2325.61
2754.59
2640.99
4572.2
3790.46
3642.72
3041.56
4370.75
4644.48
3185.44
2902.4
3484.12
5089.77
2514.63
3078.93
7051.17
5979.7
2720.19
2588.78
3517.93
2731.21
4971.84
5440.13
4854.69
5024.34
4137.55
2828.79
8791.03
5775.64
3699.9
2371.73
7650.2
1755.8
2439.9
4154.19
2640.3
4740.58
3286.41
2455.28
2891.41
2870.68
3430.66
5420.66
3008.87
3426.28
5728.6
3638.71
2716.78
2630.72
3585.51
4031.42
5229.68
3564.85
3591.95
2983.21
3012.54
7785.14
1900.75
3717.6
3867.53
4940.83
3266.25
4209.27
6749.6
4443.17
2997.33
4696.69
1958.36
2792.67
9721.04
2669.22
2007.23
4280.57
4482.08
3779.48
3726.43
1903.11
2809.34
3253.01
5009.08
3354.38
8432.65
2018.48
3561.11
4939.02
7310.79
5251.63
2150.18
1694.44
3874.5
3383.84
2038
2536.85
3777.34
4657.34
6566.79
5223.8
4857.06
2664.99
8504.65
1998.12
4152.83
2580.09
6190.82
4132.7
3143.26
4783.39
1817.91
2637.58
3712.85
5803.5
2380.71
2494.82
3601.35
2126.49
4115.66
2622.97
2982.04
5342.47
2611.42
6414.12
3945.06
4602.59
2897.46
2441.41
3173.04
3266.12
5870.8
2840.1
4044.02
2494.05
2998.07
2435.02
2334.94
5215.92
2079.87
4768.33
3313.15
3194.95
2422.16
4750.46
2124.13
2851.4
5631.77
3297.56
2821.19
2642.06
2790.47
4460.21
2610.52
2868.41
3287.68
3242.54
4114.29
7653.55
4185.8
7104.95
3605.51
2906.28
3975.38
6828.47
2187.66
3184.52
7042.73
3586.58
7479.09
6833.59
3668.66
8449.43
2345.81
3434.7
12990.6
5281.24
4767.39
3943.14
3956.33
6584.3
3103.91
2312.86
4247.41
2406.91
2996.02
2133.61
2642.67
2067.13
3743.9
4341.96
3190.83
2343.93
3663.01
2854.04
6937.68
4094.65
3606.75
2740.14
7200.03
3486.53
4870.13
4144.96
3987.81
2768.6
7965.71
3289.88
3243.84
5085.96
2660.33
2888.91
3961.65
3906.12
2322.42
8933.34
2985.05
3268.52
3875
2155.5
5549.87
3168.03
4316.37
2174.75
3086.58
3222.78
2649.84
14520.2
4293.77
4417.41
3819.56
3124.66
4719.77
2744.4
6164
8033.66
1514.45
3916.16
4270.34
3972.87
2767.69
4906.42
3622.96
2555.37
2565.46
2131.76
11572.9
3104.09
4380.21
4050.06
4183.69
4799.97
6786.29
8218.23
8918.64
2653.37
2657.52
1950.68
8132.85
1862.24
12511.5
4824.71
2337.53
8013.51
3745.64
3164.78
3338.8
2529.61
2597.08
3869.77
4299.73
3192.15
3495.43
3002.2
3042.8
3581.48
4536.02
11660.2
10397.5
3144.61
2889.76
1912.38
2517.66
5027.57
3569.83
4522.73
2060.57
4999.67
2255.87
2112.18
2918.14
5367.28
2084.13
2250.15
2156.52
2104.73
2859.57
5399.37
3509.93
2852.93
4596.33
4222.03
3248.75
2999.47
3915.42
2687.67
3995.02
3619.8
9500.19
1960.32
2511.16
3308.1
2622.76
6216
2651.08
4499.51
1870.77
2972.8
3166.76
4845.74
6024.58
8445.59
3295.64
16510.2
5050.47
9273.45
13511.2
2542.59
5099.83
4667.32
3365.8
5215.34
4929.27
5381.48
2793.25
14196.6
5265.92
2289.18
3463.66
4830.9
11842
5043.48
3869.3
1716.01
9411.41
2219.84
15547.8
5866.08
4799.43
4567.74
3174.86
3789.78
5188.86
6576.62
3941.16
3171.42
2737.57
2329.01
2029.53
2125.09
3370.85
8101.37
3991.07
1681.23
2734.93
3709.04
3847.35
2945.9
2060.51
3002.37
4645.51
5445.07
3861.29
3406.3
3630.21
6527.81
4284.61
3016.21
2908.22
1882.47
3515.52
2146.59
5029.16
4195.55
6850.59
1621.65
6827.58
2836.77
6496.1
2322.61
3565.56
2380.65
3791.93
3168.96
3381.63
1949.07
5230.9
4882.38
3864.01
4194.3
3820.3
3850.34
2480.7
3573.12
4978.81
3275.11
11233.8
3280.42
3750.97
2567.93
6423.6
5244.04
2519.98
4072.35
5087.13
2304.21
3680.03
5101.33
4941.57
3808.06
4189.6
1889.52
2582.91
3031.05
2512.24
4241.02
5397.55
2093.98
3936.98
4460.44
6531.08
5058.53
3048
7061.09
8389.11
2592.19
2748.98
2335.65
2719.1
4847.68
4171.86
4435.81
3393.08
3829.95
3328.64
7054.94
2554.68
3154.64
3809.16
3270.86
3681.54
3175.21
1849.13
2882.29
3788.19
2383.74
3989.42
3059.48
4413.56
1581.48
4838.03
7394.15
4090.91
3291.23
3585.85
2912.88
5817.99
4286.91
3593.79
4363.96
2649.25
2718.51
3939.28
3605.72
2833.13
2283.6
3873.81
2606.53
3851.08
8287.15
4428.46
7993.79
6039.98
2843.05
2633.82
5783.26
3798.64
3534.76
2772.64
5904.3
4633.8
2361.22
4928.1
3481.79
5269.31
3322.43
2609.44
2892.17
3246.98
2159.37
6230.78
4471.38
1805.84
6359.26
5944.01
2471.13
3730.28
2468.29
2735.04
4761.85
3075.31
2471.56
2353
2337.8
5154.41
3726.54
2189.14
4409.69
3016.58
4279.75
2403.99
2502.67
3382.8
2126.38
3733.54
6138.39
2036.16
3242.88
3605.63
2835.37
3174.15
5430.93
6353.27
6318.85
2238.06
5581.08
2305.53
3542.52
4239.21
5134.45
4341.56
5625.16
2350.98
2391.09
16830.8
3614.32
4895.93
3139.06
2386.31
3082.61
2264.06
2835.5
2387.4
2989.05
6933.63
2851.49
3180.57
3940.01
5207.53
5452.69
2467.61
7896.16
2759.73
9010.19
2811.08
4413.04
16473.5
2260.46
12509.3
1683.64
4746.42
6941.6
2968.56
4079.86
4027.83
2251.65
2391.5
3930.72
2836.44
4488.96
6864.67
2638.5
2437.01
8571.4
5907.59
2961.04
4742.65
3885.52
6294.31
4576.09
4087.43
2991.09
2984.49
4805.13
2499.02
5414.49
6662.41
6356.34
2602.71
3489.25
8698.7
10568.4
3213.07
6466.18
1937.19
2913.53
2847.99
2658.11
2733.27
2828.94
3077.88
2842.51
2177.67
2006.72
5125.53
3197.63
3800.77
2066.86
4105.43
3319.53
9078.63
3611.01
4247.08
3928.43
3263.73
2707.52
4540.53
1595.42
3619.85
3310.1
2227.58
7982.81
3718.2
4919.66
3967.12
5266.36
5386.39
2876.74
3054.2
2518.79
4353.71
2147.59
2593.63
6839.38
2692.16
1826.2
2639.42
6718.07
3664.19
3883.48
2365.14
12221.8
3327.4
2672.91
9639.46
3470.24
2769.54
4611.35
4025.32
3155.4
1955.43
4654.5
10851.5
4044.66
3596.77
1702.15
2486.22
3254.71
3775.86
6421.38
3073.78
6417.75
2676.67
7214.49
8894.55
2137.27
1902.27
5804.68
2045.29
1896.56
3772.44
3073.98
6475.46
2100.56
3431.47
7317.23
2828.3
2442.09
2623.63
3867.65
1828.8
6796.56
2956.04
11139
1688.07
2864.08
5620.99
6946.35
1786.05
5080.04
5651.58
3443.57
2977.21
3314.55
5895.62
6105.01
2581.27
3975.99
2374.13
3279.86
7044.16
2766.89
6276.75
5162.89
3145.1
6712.18
7790.06
3211.05
6140.72
3171.41
5490.55
3136.07
3288.45
7887.34
3150.86
4030.64
2979.76
4679.07
2490.45
2739.86
4520.66
6653.39
8616.26
3251.25
3263.63
4539.22
1632.79
2809.65
2163.24
8194.98
3008.3
2813.46
4532.62
1514.26
4021.64
3564.69
3113.58
3955.89
1827.58
3734.24
3715.14
5561.7
5754.27
3306.79
5249.65
3843.99
3368.22
5172.08
1897.44
4665.24
5500.22
3833.3
4264.69
4426.51
2354.17
7707.84
2808.33
2698.87
3027.64
3783.43
2290.46
6926.18
3536.68
6749.34
3016.09
5563.5
2899.79
5065.32
3303.76
2133.98
1846.78
4464.42
3124.81
5102.66
8095.27
2872.44
2464.92
2349.54
5104.51
6320.23
2369.67
2116.2
2990.23
2999.5
4592.1
4100.43
2714.29
17110.2
1979.67
1626.79
3343.71
2352.42
3958.4
4151.23
3877.16
3140.8
3574.96
1836.25
1495.46
1995.71
2319
5351.29
3016.92
1863.27
2393.39
4090.88
2953.18
3988.31
4418.83
3025.81
3074.2
2370.98
2122.09
5676.26
2954.62
3544.91
9060.33
2359.64
3745.84
6268.08
1864.08
3148.83
2811.27
3672.53
3586.84
3948.31
5132.51
13389
9503.07
6849.43
5187.13
2692.27
4886.83
5270.12
3914.27
3362.81
2895.75
3125.3
5014.81
5481.73
3776.98
3625.53
11567.2
1811.67
2512.27
3351.2
2534.61
10425.2
5441.2
4297.41
9690.36
9474.53
2839.98
3880.02
2139.88
4441.03
3016.39
3848.75
3912.18
2379.88
3559.45
7305.67
3134.9
7419.32
2859.44
2812.54
2507.26
2954.07
2976.76
2846.4
6174.3
6824.13
3126.24
3359.7
4308.34
2270.09
3982.47
4848.48
6093.17
3632.58
9529.39
3801.4
3564.49
5147.62
2283.31
10059.7
4614.06
2921.8
3440.87
2866.54
2747.65
5380.75
2658.96
3591.59
4505.6
2661.72
2615.77
4689.09
3677.47
3952.91
9410.14
2307.33
3842.4
8100.93
5671.15
2160.8
2674.43
3822.62
9498.59
2650.48
2627.2
5279.44
4211.67
2386.68
4483.06
2806.11
2747.38
2043.41
8289.26
4615.27
4130.01
8882.6
3844.01
3955.06
2837.74
4175.71
4463.17
2524.83
6644.27
4471.28
3533.13
4298.97
4197.77
3464.64
3467.26
2800.94
3553.43
4010.2
4690.88
4857.29
2783.98
5374.44
3462.38
3955.61
7828.21
2280.57
3952.15
4756.4
1800.38
4433.65
2287.4
2731.37
2536.75
4086.65
2601.42
8479.96
2694.13
1699.45
2277.38
8070.8
2630.05
4959.3
3160
6652.33
4788.69
7019.58
3255.33
7452.23
1641.5
2813.13
2500.82
2633.7
5882.59
1798.69
4370.08
6514.5
5648.91
5377.06
3796.52
6969.14
3584.31
3365.99
5323
1862.59
3211.73
10543.6
3580.85
3699.06
4678.41
10611.7
1784.75
2950.09
1830.03
4958.09
4684.16
4386.3
4023.59
4119.51
9987.84
2521.24
3496.56
6146.75
6614.98
2922.1
2569.99
5305.07
7968.93
2096.44
2465.53
5848.95
3243.37
5677.39
4743.98
1426
5454.06
2951.61
3907.69
3786.13
4939.91
3544.37
12633.3
4510.22
6018.58
3764.9
5110.65
3037.32
5105.05
2137.6
3371.28
3274.05
2717.15
5386.85
5128.5
2177.92
2193.29
2572.03
5153.92
3078.57
6408.91
1963.73
3284.2
4381.57
3057.68
4998.46
3570.12
5450.57
3695.27
3830.26
4006.63
3047.33
4076.19
2626.9
3138.06
9294.19
2531.26
1744.21
6526.11
9338.98
7106.55
2069.57
5765.02
3639.18
2913.24
5468.91
4371.72
2727.47
11220
4127.45
3520.6
4132.56
11692.1
4680.84
5579.81
3231.75
6205.92
3409.62
11632.5
4418.4
2151.81
2315.77
3737.5
2330.24
2837.54
3537.27
4052.76
3220.91
3864.91
3647.33
2226.76
3502.64
3645.92
3329.38
5815.59
2228.27
9774.32
3291.25
3687.47
4006.91
3433.34
4189.67
2794.63
2460.06
1939.57
3766.86
2623.12
2770.64
3648.86
3059.17
8248.95
3668.42
3289.33
5395.78
2444.78
1873.9
4610.12
3163.61
4008.4
6084.23
3220.06
2606.11
2151.64
2381.29
3824.2
7121.03
2951.58
7035.26
3040.27
2652.77
2448.16
3192.72
2182.51
2723.66
3186.28
2473.4
6384.99
11242.8
4940.44
3099.52
2892.26
9055.32
2459.62
2514.92
1850.96
2482.92
1651.25
2430.3
5184.64
4641.7
4979.44
8725.85
3955
2541.69
3284.45
8876.04
3561.1
6666.94
4938.81
3188.36
2520.79
6664.77
4953.25
3134.78
2741.4
2157.45
3700.06
1820.7
1698.39
5349.66
3267.26
2431.75
2345.52
4545.65
7128.68
3984.74
5431.02
3710.52
3377.97
4316.67
2444.79
3307.6
3332.92
2343.46
2143.54
3078.26
3503.32
2949.61
2810.91
9409.08
4827.29
1827.59
3490.22
3880.07
9005.77
6723.31
4216.18
6516.97
2578.1
1778.44
8554.23
4263.84
2604.99
3627.79
3713.49
4022.64
4171.35
2245.17
3274.09
3149.18
4387.46
3925.84
9391.51
3758.9
2668.99
3132.53
4063.2
3429.48
4214.16
8745.52
3588.35
3008.54
4623.72
3475.77
8177.89
2781.61
3046.48
2831
2870.6
2185.33
3305.1
2529.52
2637.19
6792.89
3603.33
5251.52
5689.36
4336.24
3152.13
4899.71
4748.84
5167.18
3987.05
3143.39
3118.97
10218.2
2903.11
5709.05
5264.66
2755.43
4179.93
2872.49
3856.56
3126.9
2320.55
4311.96
3572.14
5427.18
3345.53
2936.55
11102.7
5764.15
2019.09
3760.07
3021.84
4482.04
2886.44
4035.23
6825.49
3538.98
2666.07
2353.61
3306.96
9883.7
5814.11
3173.97
3623.77
4333.57
2646.73
6114.27
3094.62
3067.14
1804.64
4995.36
3500.44
2195.29
3686.12
8283.06
8852.98
4025.17
5434.6
3914.72
8226.79
3471.07
3816.66
3351.08
1868.5
1668.73
2456.22
2170.76
5590.35
2485.59
4701.01
3161.72
5631.62
3111.02
6165.15
1794.48
3705.25
3601.02
8296.18
4417.35
3547.06
9027.04
4448.04
2327.08
3800.97
2436.51
10956.1
3342.02
5823.25
3594.09
3358.65
5157.25
3061.59
4313.15
5020.37
3150.7
2316.64
3544.81
3277.16
5506.14
5185.06
3100.23
2243.82
11570.7
3524.94
2184.34
2411.67
1571.49
2289.52
16622.5
2595.07
3900.01
4936.77
13192.6
4894.13
3153.79
2648.43
3430.15
3380.49
2492.38
3201.05
5307.23
5760.72
2892.05
2758.77
5028.09
5369.69
3456.21
3217.08
4844.41
2586.63
2932.39
2517.03
3625.27
5503.84
4912.54
3960.29
4279.86
2453.71
4264.03
4114.42
4543.42
5556.63
3724.72
2208.18
7079.48
1423.16
4983.73
4713.81
3903.4
2788.22
1926.33
3230.17
2494.94
2689.62
3896.16
6526.63
3455.51
7758.43
5211.12
5649.53
5015.46
5292.08
3275.04
3295.81
2938.68
2232.15
2284.58
4197.74
2761.08
5514.18
9707.29
3490.64
4669.65
2932.53
3115.33
7198.16
9961
2102.97
2274.76
4670.67
4424.85
8100.24
1598.32
5595.94
4452.17
3954.75
4584.1
2899.71
4529.83
1788.62
2597.07
3506.59
3430.08
6349.33
4760.22
2317.77
2856.43
2664.9
3881.52
3962.92
2287.48
3178.31
2900.14
3770.65
3297.59
2788.92
4286.23
2861.66
8239.47
3838.42
4542.66
4228.26
4574.4
3869.85
2856.86
2185.55
2851
4620.07
2762.18
4864.29
5916.94
3187.7
2514.76
6641.7
3278.04
3877.81
2636.84
4745.8
3152.34
3591.5
3714.43
4901.57
4233.17
3332.41
3900.47
9995.55
3293.7
2899.64
2598.53
3870.61
5304.42
3366.47
3576.74
4155.77
4181.63
2572.05
2909.43
2735.95
5171.48
2635.31
5026.58
3784.5
7656.87
3610.35
2867.91
3315.99
2237.69
2309.17
11829.6
4169.34
3200.82
2459.88
4247.08
3223.61
2273.52
2047.33
8815.13
2703.67
2183.93
3110.9
9672.81
7986.18
3082.48
5724.14
7200.98
3904.01
2283.08
3126.63
4167.36
3310.42
3168.18
5999.31
3379.67
3567.63
8777.33
8048.53
7085.41
2712.43
2896.39
2334.32
2475.01
3812.76
2893.36
2339.93
13257.7
3654.33
2628.21
2425.81
3720.38
3699.9
2630.62
3963.05
6341.26
3888.76
2358.19
3049.28
5218.97
2145.37
2480.09
3927.1
4823.31
2382.86
4942.58
3676.65
2094.43
3528.23
2450.71
4263.66
1937.94
2510.01
3548.03
3722.51
2476.23
7961.45
2724.9
6942.16
2726.27
15507.1
11180.8
3962.29
4099.3
3949.96
4140.67
2397.17
2348.25
2199.34
4848.36
2783.94
4652.79
21806.2
9444.65
2557.45
2105.09
3705.46
3836.34
2490.68
6209.66
2630.23
2548.18
10086.8
2671.48
3743.86
4698.2
3013.14
2476.28
2873.46
2563.93
2234.44
5701.08
5463.49
6529.92
5791.96
7159.52
10359.6
2401.95
2932.22
1799.32
11799.8
4724.66
2952.38
3673.92
4832.47
7736.38
2810.8
2396.62
3967.18
4748.53
2390.57
5935.99
8953.25
2674.4
2699.47
4204.27
3783.82
3181.8
3313.46
5055.5
2835.98
2591.04
2914.02
4445.44
3826.92
2617.11
2684.33
3127.37
2736.25
3754.31
10009.6
5055.12
5418.52
3916.78
6970.4
4290.44
6090.73
2391.92
5649.24
3136.6
12993.3
1989.67
9727.73
2768.45
5985.7
6196.75
5001.14
2446.32
3463.39
9797.08
3661.88
2401
4672.11
5204.85
6777.68
3209.59
1989.9
2490.64
3030.85
5247.3
2568.43
2231.72
3294.89
4446
2916.58
3581.81
2889.49
4406.99
4663.54
3119.3
3944.16
3137.52
3679.42
3216.84
4718.99
12409.7
4746.13
2975.97
3877.73
8283.65
2514.66
6953.55
10705.7
1928.38
3461.95
2294.45
2630
3922.01
2498.75
3230.24
9123.76
2377.57
5313.65
5497.87
2271.63
5427.77
2253.71
4419.06
4283.65
5173.74
2489.67
2911.3
4160.22
4495.26
10216.1
6329.68
6448.16
7362.88
4880.96
3235.84
3127.67
2934.28
3835.87
5804.37
5457.86
3239.89
5205.48
2420.99
4442.06
2988.67
3666.53
2511.75
7399.86
3035.48
2505.28
3452.56
1775.8
4717.23
3543.51
2421.14
5216.22
4614.06
3219.62
2874.93
3322.34
5052.98
5026.98
3436.56
4689.22
1713.16
2941.3
2617.44
5559.83
2388
2680.2
5589.35
5053.57
7857.26
4643.79
5511.41
1980.74
2971.19
2484.93
2433.17
3160.95
3231.04
3559.39
4374.99
3019.9
4661.32
2074.51
3427.57
7434.37
3220.65
2977.64
4075.23
1909.03
3025.02
3319.13
3814.44
3032.42
5514.56
4502.61
3164.82
2633.73
5510.76
2435.66
5963.48
1871.12
6137.6
3905.96
3731.37
7799.89
4881.85
2622.45
2281.34
4629.51
7171.99
2488.81
3221.41
5458.04
4051.34
3932.48
2630.79
4149.11
3930.79
7107.49
4375.12
3415.72
3139.04
3061.54
4450.43
3946.15
2350.89
6212.48
1547.03
3048.68
3012.11
6527.98
4586.83
4888.12
2699.24
3764.23
4299.06
3413
2857.11
3604.42
5091.82
1917.98
2828.51
2051.23
5395.54
2961.11
2542.95
3602.08
1926.26
2916.49
2640.77
2904.85
2337.16
1664.18
16623.6
4422.8
3938.65
4286.02
2307.11
5675.17
4147.75
7393.26
2288.94
1812.6
2595.29
4029.32
4529.97
3350.47
3289.82
2617.33
2939.84
2479.22
3952.85
3240.34
2644.37
3518.36
2623.75
2431.69
4338.97
7763.49
4668.03
4392.43
2738.88
4899.29
2220.44
2263.84
1984.93
3322.66
4262.56
2793.52
2210.08
1953.94
3267.16
5683.36
2012.02
1937.22
3979.82
4726.57
8194.39
4469.9
7554.05
7678.45
3371.34
7831.11
2547.27
1760.1
2221.78
2512.61
2907.37
4564.35
2512.17
2312.33
4431.76
4531.26
2911.71
7181.35
3697.54
2373.61
3628.6
6521.28
3269.33
14649.5
3001.04
8707.16
4693.37
3498.82
2243.17
5176.24
3763.11
2873.53
2444.16
2105.11
2663.07
2092.22
5449.15
2141.25
2728.38
2955.21
3720.02
8413.18
10052.1
6363.46
3845.72
3871.15
4750.81
2445.48
5398
5209.12
5906.44
6671.13
4987.23
4871.57
3508.35
3293.71
5759.16
12414
5235.7
3266.02
4418.8
2217.9
5313.71
4469.64
2864.63
3268.74
2512.23
8890.32
7502.99
2253.8
6510.38
2185.58
3384.97
3304.4
5765.27
2066.92
5560.56
5201.84
4399.35
3062.9
1685.88
5275.78
4085.11
3064.26
2615.71
2251.69
2420.9
1866.6
2302.25
4242.37
8656.35
1702.29
5845.39
2521.67
2064.54
2833.62
3678.29
2340.73
2722.15
2735.94
4124.48
3812.76
3783.57
3325.38
4185.91
7125.09
5270.58
4099.28
2694.72
3232.19
3112.94
16791.8
2341.19
2755.36
4860.09
2289.86
2554.23
8837.92
2445.21
3218.61
2870.59
1672.54
3601.33
2765.49
2935.26
2180.37
2962.17
2860.78
2895.15
2897.73
6048.99
4314.71
13283.5
3129.44
4506.6
2603.18
5168.87
2648.22
2653.24
4454.52
7467.18
3214.9
3349.76
3454.85
2440.87
2015.18
3349.63
3004.33
5472.21
8010.8
7720.84
3371.45
2491.11
3368.61
3731.91
1839.27
3311.81
7316.32
6600.1
4819.64
8264.63
3072.28
4914.8
2374.16
2132.93
2252.02
6405.58
3856.27
3659.65
1894.79
4590.25
5780.6
3958.81
1657.12
4132.37
4853.63
4728.99
4847.91
2142.82
3658.98
4960.6
4353.2
2756.22
4763.78
2870.62
2396.26
2379.42
4831.8
4124.15
3746.63
4793.11
1840.74
1572.37
2352.44
3491.25
3252.4
3076.85
1666.47
2139.21
2278.73
2515.39
3121.06
2735.34
8165.15
2988.78
4000.71
3183.34
5544.21
2730.66
3750.03
2168.71
2602.11
3210.95
2068.41
3965.02
6662.18
4926.02
7835.4
2369.5
3786.41
4968.35
2906.14
2009.9
3606.63
7964.63
2057.57
2626.07
4114.31
2409.39
9332.1
3707.97
3614.64
1456.92
3058.48
4165.93
4563.52
4096.25
4849.03
2502.58
3748.54
6889.1
3163.36
3828.87
4148.44
2429.8
3736.29
14833.9
7542.25
9052.9
2197.64
4055.8
1769.44
3556.14
5837.78
2430.3
2094.18
3489.49
3630.8
4999.87
3303.42
3372.97
2093.05
7807.66
5368.95
3038.58
2072.54
5055.97
3987.81
2962.94
2670.05
2496.34
2800.07
5801.68
4109.46
1854.2
6124.64
3308.75
3173.61
2461.78
3653.87
5740.57
2398.9
2265.43
9993.16
2125.65
5104.23
1724.27
9984.36
2341.49
5133.68
3637.41
4165.73
2666.36
2099.06
3380.35
3110.24
10115.1
6203.92
6423.87
4480.61
5812.05
6262.33
4206.97
3075.92
1800.01
4709.41
2142.69
2254.32
2130.3
3378
2589.82
3157.65
4581.61
3649.48
4009.11
5427.5
7854.21
3884.22
3667.93
7899.44
1757.12
7743.9
2544.32
2454.19
2554.54
5534.95
4885.81
2209.11
4251.04
7075.42
3884.58
2548.11
2624.46
3655.49
8163.91
5661.1
3804.89
2329.79
3954.42
3496.14
9532.06
3373.96
3647.92
2301.51
2033.33
6623.58
3245.31
2442.65
4205.37
6023.67
2297.27
2777.19
5629.82
3501.6
4495.47
7552.14
3058.78
2873.28
4392.49
3098.71
2318.18
1611.28
4517.32
3017.63
6691.04
2768.78
2996.74
3524.37
2116.19
3242.13
5609.78
5832.75
3967.51
7251.8
3045.84
3992.18
2735.1
3687.94
3613.93
3019.55
1952.28
5443.04
3589.81
2522.01
3790.23
4528.14
6033.66
4544.63
2132.45
7933.1
2835.99
3351.95
6817.38
5418.13
7620.4
2214.23
3739.55
10907.3
3714.22
5006.69
7124.19
2872.24
2806.95
4700.92
9320.94
2441.94
2879.66
5413.97
5080.59
3530.21
4983.95
3209.08
3508.55
4012.07
2217.8
1709
2499.73
2274.5
3342.36
2163.58
2437.1
2636.02
4039.01
3878.59
2477.24
2406.08
3048.78
2147.11
6281.61
4176.93
5234.53
5704.84
2777.22
2552.64
4453.87
3323.27
2201.74
3665.47
11236.5
5832.45
7637.75
5241.35
6975
2910.35
2675.43
8834.4
2370.02
2116.82
2263.57
3080.74
5192.17
4386.23
1822.59
2486.22
3772.19
2576.34
4092.32
3650.42
2138.98
3825.17
3709.15
4680.64
4786.55
6934.66
2292.91
2558.27
3209.57
1784.92
3402.21
4617.13
1833.39
4623.8
6339.96
2255.73
7113.02
3074.7
5893.87
2104.09
3329.98
1950.1
2470.62
1912.57
2947.51
3485.83
2149.64
4122.45
1634.65
3817.24
8874.78
4139.5
3189.33
2955.15
4418.21
3303.91
9118.35
1985.41
4277.15
6173.25
3601.45
8768.44
2810.51
1971.65
6435.83
3158.59
4257.13
3312.07
2435.45
5461.48
1677.6
4793.19
3079.02
5258.31
15192.8
5266.79
5668.78
3559.22
4008.17
5809.42
2923.14
2985.46
8166.97
4642.88
2057.23
5775.23
3326.65
2172.67
2513.11
12135.2
2200.52
3085.75
5835.38
2240.66
1682.12
4871.84
5686.49
3784.61
1402.84
8966.54
2207.39
1919.57
3292.99
2837.77
4027.96
2822.97
4439.83
2158.62
3796.49
2193.39
4903.84
7729.61
3086.67
2264.5
8053.51
9437.29
4572.17
3628.59
2550.34
5871.89
4509.78
6590.93
1848.77
3539.63
7333.12
6874.81
3967.2
8380.03
2898.41
2854.99
5455.32
3942.05
2623.36
4837.97
3981.26
3649.4
2997.04
4622.65
3009.96
5272.2
3114.08
2297.82
2762.82
2293.06
4558.46
3946.96
1937.23
4875.61
3135.03
2910.27
4265.04
6931.07
2809.99
3068.45
2396.89
4572.4
4083.11
2549.95
4452.17
2093.82
2074.2
2620.68
5728.86
2964.88
2313.04
5225.33
2692.21
2750.24
4106.16
7407.26
4489.64
6960.76
3608.73
4874.67
2148.55
2172.89
3214.21
5519.7
6228.62
7279.8
4746.78
3865.7
8324.39
2220.08
6880.25
3693.7
4461.31
1842.78
3088.39
4698.27
1937.54
7352.65
3461.14
3688.36
3584.48
7252.85
2440.71
4324.6
2642.48
4473.6
2705.01
3143.31
5085.17
2910.6
3637.23
3174.36
2745.81
3912.53
5077.98
4242.25
2899.35
4579.44
3634.31
2736.03
3438.96
7653.28
3567.34
2211.42
3126.16
4354.84
2210.2
2476.09
1916.36
3728.21
3038.68
2674.44
4538.25
2935.1
3566.01
13894.9
4359.76
5303.74
4991.34
2510.59
3346.46
2407.77
1923.09
2500.61
2642.65
2916.21
5115.73
4382.96
4666.03
5144.9
3015.75
3432.49
2469.31
5766.53
5453.45
3697.09
3692.82
2569.24
3301.56
12304.1
2949.18
4862.48
3339.36
1701.07
5634.23
3934.22
3508.78
3250.3
7979.37
3916.82
2007.06
2890.07
2204.87
2369.01
2843.67
3581.16
4777.54
5295.91
6379.21
2278.53
4270.44
4616.01
4461.56
2561.67
1745.64
2867.26
3423.74
3304.41
4611.97
4849.79
2328.36
2323.17
3486.04
4243.85
4833.37
1934.88
3716.66
3088.83
3847.42
2047.7
15313.5
9835.18
3153.52
2918.49
1680.5
2560.03
3134.19
3222.51
5058.33
5186.23
3711.46
4765.18
2676.36
2508.78
4799.5
2557.12
2461.34
4226.74
2955.36
1695
3397.15
3202.94
2521.28
6223.04
2509.11
4062.63
2614.29
1745.94
3723.72
4332.51
2080.33
2904.09
4396.43
2972.94
3068.64
3236.23
2579.29
2498.76
2847.92
2147.1
5715.88
2361.18
4291.32
5387.69
3527.3
3618.03
4264.35
2776.06
6791.16
4189.1
2332.27
2779.91
3641.26
3337.02
4026.22
3228.2
4174.01
3660.98
3391.33
3709.23
7009.73
8336.57
7712.94
2584.1
4423.51
2250.46
6307.78
2272.14
7010.88
5523.22
2672.63
2892.86
5973.87
4064.71
2492.64
2905.58
3259.51
2165.18
2425.52
5603.71
5736.13
4735.69
2993.8
4076.68
2496.3
2360.8
1721.28
7084.35
3822.23
5064.9
3038.69
5049.02
13278.6
3781.3
3007.68
6211.8
2196.54
6392.35
3406.4
3560.59
2213.8
1345.16
3282.45
13676.7
7519.96
3298.56
4239.6
4556.38
3305.68
3757.16
2661.96
3505.55
3443.81
9418.38
5235.45
3635.44
12082.4
3557.06
3236.15
14230.3
8526.58
2615.13
2623.59
3528.27
2833.92
3281.19
2697.55
4965.09
3005.37
3007.89
2427.19
1816.2
5751.77
3581.63
3398.5
2083.29
4363.2
3302.5
4468.76
5411.6
2684.95
4237.29
3177.23
3513.84
5755.49
2073.52
4510.54
3150.39
2400.07
5818.52
2520.65
4088.68
3244.94
6266.28
3725.64
3610.1
2534.23
1546.81
4600.17
3539.84
2695.18
3190.71
5309.75
2882.03
2810.41
6813.87
4696.03
3772.29
6716.1
7482.97
10302.7
7659.04
7966.06
2837.07
2180.24
4543.91
5788.23
4959.51
6149.15
3384.13
6504.87
2746.82
2786.33
5770.78
2371.97
2285.97
9151.92
2418.64
2021.13
3652.96
5916.92
12281.9
2426.75
2391.93
2927.73
2578.79
3332.64
3124.65
2512.64
2709.32
2390.05
4151.64
7400.63
3652.18
2657.47
3274.74
3835.28
2495.76
3277.24
2725.53
2082.36
2574.82
9115.75
2701.94
2850.42
2777.89
2401.06
2779.84
4428.97
3415.82
4542.83
11375.4
5518.41
2428.9
15185.1
1692.74
2065.93
4903.58
4159.55
1726.79
3470.75
2011.96
2097.94
6703.76
4669.3
3250.12
1795.7
3148.06
6774.79
2590.17
6073.7
2109.97
3338.17
2375.81
2325.91
4433.3
2149.47
2665.66
3963.99
4449.81
2229.88
2235.54
2427.32
2056.32
2427.77
3762.25
4475.62
3122.68
3506.72
2959.64
1959.46
2099.33
3729
3410.66
3657.59
3152.41
3326.66
5813.93
2552.54
3443.72
3920.19
2678.69
6521.33
4603.42
3103.8
2272.97
2509.29
2461
2119.5
4105.79
2199.14
7187.84
2221.21
2998.17
3654.05
4450.13
2526.72
11058.6
6947.11
3346.99
5172.33
5854.92
2664.29
2238.5
2245.67
4344.43
4094.58
3502.15
1995.05
13842.9
2650.42
3682.7
4641.65
7422.45
2674.5
2720.15
3189.35
3656.29
5039.78
3059.03
4167.24
8590.19
6468.86
8629.76
2543.18
2832.76
2167.81
2850.38
2948.37
3767.38
2827.71
2873.03
15262.3
5538.34
3699.97
3746.62
3335.73
8173.75
4709.21
2341.76
4261
4086.59
4327.1
3699.49
2641.55
3268.01
3027.32
5549.86
4193.5
4392.65
3980.65
4066.28
2963.87
2557.92
3857.53
2916.62
4444.4
2611.3
9071
3216.55
2491.26
4294.86
2368.84
3210.64
4396.98
2092.21
2595.61
3228.22
3285.97
5697.73
1898.17
2994.52
10705.5
5493
1843.2
5277.57
2049.75
2608.26
3175.91
2427.65
1949.83
6310.35
9610.25
3481.13
2336.94
1963.74
1918.18
4334.46
7945.37
2236.83
10148.7
2093.31
2638.94
1850.09
1924.39
5713.28
4814.81
4696.5
2571.81
3317.26
3364.89
3311.06
2110.34
8532.09
4841.68
4155.41
4171.16
4322.55
5182.88
3040.63
4894.53
2114.01
4098.15
6251.44
3324.32
2804.97
3846.58
4683.26
3909.34
1971.06
2740.55
3523.99
4593.44
3386.44
2839.33
2395.22
2639.83
4245.85
11519
1716.31
3166.69
3134.17
3836.83
2902.39
3710.8
2971.72
3140.27
2676.05
3600.1
3438.54
6073.73
3088.16
5238.57
2936.48
2526.21
2620.96
4093.61
3546.53
4006
4170.86
2765.87
2919.16
2688.91
5245.11
3529.17
4810.98
2857.26
5210.17
2939.04
3043.96
8629.49
2958.19
2559.21
3360.18
2744.77
5199.74
4005.73
4968.47
5622.4
2039.6
12156.2
3576.82
2923.52
2142.31
4104.29
8130.78
2474.89
1802.62
4257.92
4495.5
3039.06
2953.63
8004.7
3370.06
3295.49
5519.58
3242.89
6260.56
3342.26
2635.57
4306.92
4438.23
3955.05
6359.41
5958.81
6070.88
4421.4
3951.05
3349.88
3526.22
3179.47
10273.8
3271.58
5102.51
3764.53
8412.19
4129
3090.37
2723.39
3154.96
5821.94
3223.43
2713.72
7483.81
11640.4
2050.7
3426.9
3297.8
1384.18
4177.49
3082.44
2439.67
3456.53
2299.59
4622.9
4806.86
2579.03
3437.07
3027.66
16932.1
4515.56
11035.8
3557.76
4821.69
4021.43
3118.16
3425.97
1685.15
2257.25
2264.1
1999.52
2164.94
2732.8
5888.46
5324.15
2966.47
2768.66
3730.84
3324.09
1716.84
3353.45
3126.17
4737.36
5188.61
5484.31
12001
5627.6
2635.53
2757.58
5640.09
4272.67
3838.19
4181.95
3271.85
3214.99
2878.57
5649.31
3889.69
4892.41
3344.72
2313.82
9217.99
3333.56
3480.89
4392.99
2459.05
2969.9
4154.45
3527.62
2494.62
3059.26
3580.84
5708
10013.5
4252.46
3242.55
6395.72
3668.11
12298.5
1930.72
5818.78
4022.47
3122.2
4339.24
4948.39
4691
6337.89
5129.83
3246.33
3260.13
5404.1
6538.69
15521.6
2441.16
2584.74
4530.38
2046.34
2379.64
5116.26
7427.15
4245.15
2769.27
5429.04
2210.85
7557.42
5806.21
1844.08
4638.05
3703.46
4267.06
2903.44
3457.1
2543.34
3122.64
2184.38
1606.43
1995.03
3767.63
3031.01
5192.2
6623.99
2475.75
3516.56
6418.84
9189.53
3475.34
5177.01
5933.35
3964.75
2986.78
4073.04
4338.75
2444.77
3496.6
3592.82
2027.36
2632.01
4148.71
2542.73
3181.22
2490.95
10141.6
6449.42
5598.79
3242.03
6747.75
3084.2
3616.06
3035.18
2720.07
4193.06
3309.47
4109.2
2917.33
7539.59
1710.44
1673.7
2925.05
3934.94
6168.12
1454.68
1827.31
6249.91
2249.29
9954.36
6976.07
8837.17
7220.47
9078.96
3493.63
2930.07
3104.95
4414.88
4268.45
4202.22
3403.88
2937.48
3067.74
1717.07
2855.9
2387.54
8594.66
1964.74
4585.71
3492.44
2391.1
2695.89
2272.14
2362.7
2682.7
3822.83
1834.16
3879.53
3454.11
4453.02
4119.07
5821.8
3737.09
4415.32
6757.85
1949.17
3440.03
3158.54
3476.36
6762.85
3945.67
2979.67
4489.06
18020.9
3843.34
2836.69
2748.13
8585.24
9007.95
6051.73
3384.29
3257.98
4152.54
2795.28
2315.41
3168.1
2352.23
5597.09
6343.22
4727.07
3943.17
7196.23
4831.59
3929.55
3968.07
13460.2
3075.17
2443.91
2930.06
5098.54
3886.62
2995.79
3831.57
3664.78
3127.5
3798.9
3000.23
2609.17
6095.41
3335.01
4704.84
5158.54
1536.73
2201.01
3357.02
2883.57
4861.39
2510.39
2502.87
5154.53
11244.2
4503.69
8585.16
5615.22
3582.81
2824.32
1722.14
4292.06
2548.6
3146.31
3115.75
1832.06
3856.25
2216.13
3365.99
4666.44
5984.97
2675.24
3165.98
1967.49
2128.19
2740.96
5869.42
2019.39
8208.7
2422.03
4856.95
2119.72
7441.45
2267.23
2202.21
5148.68
3059.37
2353.54
2357.98
2066.66
6628.39
2617.1
3491.41
2662.85
2198.29
4754.1
2904.44
3289.02
3989.11
2182.9
3501.25
1846.82
2117.17
4313.53
6768.09
2098.51
2126.7
3180.13
2640.5
4436.37
3540.79
7091.59
2964.35
4083.42
5456.11
3830.13
4576.38
2196.98
2449.77
1525.34
3337.14
4934.22
2883.47
3124.81
5346.93
4016.27
2587.83
3374.9
3068.35
3550.03
3221.57
2861.03
14243.6
9813.3
2049.03
7370.75
4052.61
8781.89
3854.07
6298.02
3699.44
2519.17
7202.52
2986.72
3457.47
2671.1
2513.44
4825.99
3942.53
3154.84
2867.96
4911.13
2315.92
3398.07
3135.03
3970.57
3468.09
5345.08
2160.16
7289.75
4676.25
2582.3
2655.28
3648.14
3601.28
8570.35
3208.88
3986.21
4791.49
2644.21
3730.87
2429.71
3127.19
3051.84
3743.73
3273.13
1940.18
6671.84
8625.88
3203.19
3346.61
3106.57
3519.79
3591.51
2171.31
5530.39
2762.24
8474.69
3689.58
3940.43
5181
6917.43
2671.35
4592.91
3074.12
1957.15
8761.49
4670.26
2523.78
2826.58
2586.96
2269.51
2120.42
4399.25
3288.88
10979.9
3456.67
7121.82
1967.88
17295.5
7733.45
3103.5
5308.58
3640.54
3047.03
2963.45
2482.48
2293.25
1386.33
3048.7
5154.76
2996.51
3087.81
5919.9
19793.4
3575.95
1961.78
6473.6
6021.41
5013.4
3106.07
2479.88
2997.79
6436.64
24665.9
4303.49
2351.16
2622.62
2858.51
3758.25
3653.73
3007.76
9166.15
5220.33
8362.61
2204.43
3620.61
8516.39
2179.68
3188.67
6192.04
3202.42
3168.99
3091.18
2958.09
3697.37
2209.98
2363.24
3595.38
2485.84
3216.82
1939.21
3267.07
3072.2
3421.13
2639.46
3455.7
4320.3
3743.43
7824.74
2841.79
1856.44
2959.92
3914.58
1982.71
3822.26
3208.4
2525.79
4961.72
3722.68
3665.77
4202.95
2585.97
2362.64
3205.97
3761.68
3984.4
2935.79
3505.69
7791.83
1940.46
3029.94
3760.17
3423.18
1763.56
2515.24
2279.31
5087.36
2591.2
2347.41
9486.3
3579.78
6233.28
4573.81
4792.98
4758.14
5120.11
2513.13
7969.65
3503.37
2771.41
2612.22
4037.46
7174.6
5345.59
3724.63
2342.51
3240.65
10449.8
2338.35
3514.73
6537.21
4974.81
6847.2
2698.85
2543.12
2152.98
3633.32
4700.81
3859.22
4206.59
2205.88
6729.42
5773.39
3707.36
3139.11
2596.17
3706.98
4171.89
1986.94
2563.64
7333.9
2314.92
3455.63
10943
3443.47
2758.7
3267.73
3098.1
8499.23
2638.84
2015.34
3693.52
2006.34
2146.47
2274.02
6147.94
2248.66
3076.07
2677.49
3141.01
3133.09
2945.71
3364.2
2300.14
2072.14
7751.7
5066.82
4841.09
3343.27
4134.15
3250.01
3883.13
3736.46
2861.83
12666.1
3414.29
3791.56
3424.69
5077.89
6232.86
3981.61
2470.07
5336.89
1645.16
2850.29
8862.29
2449.5
4795.88
2645.9
2815.5
14914
3143.55
4358.7
3841.32
2086.75
4978.04
7771.48
5935.25
2905.09
4004.24
2074.32
1751.28
1932.94
4782
3739.72
6774.42
3395.17
2441.47
3470.18
3663.27
3706.2
5714.1
4906.4
2147.41
4054.48
3345.35
6312.66
3461.62
4271.73
3939.19
4233.51
4011.81
4855.02
3207.82
2282.34
1694.54
3582.77
3403.24
4015.67
5979.49
3292.43
3976.5
2812.23
2412.4
12073.9
6462.38
12633.2
6529.32
3788.27
5363.56
2879.4
2415.41
2144.41
2910.15
2756.92
2935.88
4188.07
5556.35
2725.41
3331.59
2524.67
7787.11
2649.27
3619.86
5790.35
4678.81
2492.96
3653.52
6551.88
3310.79
2381.26
1826.67
2426.32
3122.34
5607.93
3244.15
2507.57
2407.19
5714.62
4844.07
4174.74
6599.47
4748.78
4271.01
2724.6
4838.46
6034.88
4358.79
4032.77
2557.61
5179.64
4279.76
2418.46
2766.17
2737.24
2059.93
3104.62
3069.77
3610.99
3017.46
9149.09
2312.07
6100.41
7020.93
3285.08
3351.68
3231.9
4532.08
3375.34
4722.22
1751.26
3939.73
7279.47
21559.6
2785.15
4068.74
3763.03
2687.32
4518.73
6670.79
5367.84
2687.83
3967.96
3903.42
4829.46
1749.56
2037.3
2160.56
3100.01
8499.33
4320.51
11923.1
2672.07
2586.13
4561.89
2225.66
3590.61
3780.73
4776.73
1838.79
2109.64
2456.06
3070.6
2836.88
4174.72
5110.69
2743.27
5726.58
3427.28
1708.2
3954.21
3947.36
4653.38
4037.09
2416.94
2111.69
5175.51
6087.89
5148.47
5461.84
4659.18
2950.23
3500.8
3463.09
5693.73
5446.64
4323.8
4139.13
8613.17
2441.24
2082.28
2652.79
5006.62
3213.44
5281.26
2998.66
4438.24
4835.89
4343.94
4568.25
1813.41
3671.29
2152.77
2834.12
4884.51
4035.76
3577.93
4091.68
2678.92
2529.44
3746.71
4926.33
7225.03
3797.07
4617.86
2423.13
2440.46
5616.68
2460.06
16492.7
4436.14
3274.81
2019.81
1948.83
3137.22
3183.9
3220.06
2430.92
3370.49
3560.53
3186.15
5659.66
2725.35
3393.3
3640.36
4197.91
3580.17
3774.07
2909.5
8701.86
2050.06
3769.16
3400.69
3245.44
3433.32
3221.49
2764.9
10917.9
4882.61
2595.53
4615.25
2285.5
2473.15
3555.29
3360.27
4105.6
4390.16
5363.35
3502.96
2236.12
2407.44
2164.33
3038.28
2820.45
2596.02
3979.13
9786.51
2225.78
2709.77
2278.21
5136.11
4145.1
3773.89
5524.19
5783.56
1895.74
5322.28
3277.98
10279.9
4264.64
2527.26
4913.02
2284.86
3482.39
3054.9
3020.61
2210.98
2454.68
5581.98
6646.46
6971.83
3173.72
3055.97
2961.72
2535
2562.58
2246.35
1847.57
2830.93
5486.64
3567.09
3221.72
3829.86
2329.81
3487.89
4811.68
3376.08
2718.57
3320.14
2494.34
5002.44
3091.49
2352.63
3833.19
7000.62
2629.13
3692.5
3220.91
2440.59
2328.49
3807.01
4461.36
6301.79
10735.9
2839.79
6892.66
4222.41
3443.48
4666.65
4185.5
5439.05
1516.89
4087.21
2182.32
3944.45
8356.82
2451.75
6960.8
2435.02
2369.76
3973.09
19677.4
4370.05
2064.89
2575.64
2857.17
2805.24
10982.6
3879.1
5296.45
2691.58
4149.97
7060.26
1997.71
3275.51
5855.52
3095.6
3336.68
3601.01
1537.68
3488
3067.25
5002.26
2418.86
2814.64
3378.55
5597.33
4870.86
3210.08
2937.87
4071.22
2568.08
2772.99
4475.76
5014.32
2193.78
3078.11
8681.94
4007.76
3839
3579.07
1940.28
2612.95
6942.52
7779.18
2834.15
5452.26
2178.75
2729.13
4714.22
1930.6
2633.97
2699.17
4633.14
7854.77
3223.17
3252.48
3110.91
3959.19
3187.29
4841.28
4143.41
3905.17
6316.33
2524.39
2538.24
7725.06
6070.02
3578.72
2088.24
3142.41
2370.8
7634.17
3898.58
5442.97
2690
2658.32
3718.97
4673.84
8927.64
3208.84
6175.12
2513.68
5171.93
4362.75
2634.92
2150.46
2757.06
3591.47
3585.82
3869.9
5517.93
3392.02
2306.95
1716.98
7393.7
1638.09
4984.79
4092.03
5372.37
1670.51
2611.9
2359.27
3889.82
4172.78
4045.86
5246.54
1736.06
3729.47
3395.53
2602.46
3878.12
1941.46
4546.97
2515.32
7973.5
3544.29
3343.04
3068
3147.01
7217.29
2530.14
3743.92
4490.54
1924.02
2312.91
6606.59
2735.53
4612.22
4167.17
2446.52
5200.75
5546.6
2263.15
3672.13
2249.41
2372.2
2386.67
4578.11
5198.95
2952.42
5111.98
2972.49
2088.9
3717.62
2960.42
2650.96
2132.97
5545.63
3103.64
4263.31
5702.47
2007.99
3258.09
1646.51
3196.52
4996.47
5584.66
4754.38
2502.42
2578.1
5913.14
2612.79
3802.28
4577.4
5289.28
2968.7
1903.04
4707.05
20977
5948.43
2777.5
2614.84
3352.34
1689.39
2647.89
2247.51
4997.88
2326.14
1911.31
3552.02
2303.34
3124.39
2596.11
2717.47
9320.13
4038.07
5682.4
3426.68
5810.57
5526.87
3647.54
1892.99
2247.54
4280.01
14468.1
4329.87
2713.21
1920.36
5317.27
4476.54
2093.7
3707.22
4102.52
1940.9
3916.11
5057.05
2619.19
2930.6
2285.29
2969.25
3279.63
3769
1822.87
3874.4
2233.14
3406.11
5562.29
1790.46
2581.14
3926.56
3636.79
5247.73
3038.64
2006.94
4951.26
2076.93
3176.28
3157.49
2648.56
2837.46
3668.87
3348.77
1938.68
8066.88
3472.47
4093.2
2655.43
3724.33
4025.41
3426.78
2737.51
2538.38
3883.26
2558.67
3328.56
3656.97
4693.55
10967.9
1602.86
4010.97
7897.21
5240.75
2344.87
1803.31
2589.67
5574.33
1917.24
3979.1
4788.84
1964.31
3261.49
3725.47
2175.34
3710.44
3669.95
2899.58
3752.66
5886.07
2779.2
3709.84
7611.41
2790.68
3120.18
9462.94
5319.9
6320.94
2994.73
2529.94
4509.76
5021.48
6862.66
2080.89
3296.65
10063.8
2890.89
2063.64
1795.72
6744.12
2984.08
2170.98
2365.64
3216.41
6295.78
2680.55
2103.3
2629.72
2596.77
5673.48
6323.8
3287.3
2923.09
2850.9
3506.14
3507.38
3528.34
3452.61
2200.24
5162.18
3552.48
2566.99
4193.91
2302.54
5918.08
8172.88
2413.19
3023.96
3368.07
7245.91
5912.71
2531.59
1974.87
2251.42
6163.13
1614.21
4776.46
3213.93
3404.53
2785.24
4823.14
3695.71
3312.14
4271.65
5693.41
2891.12
2635.98
3406.94
2576.03
9027.21
4000.75
5270.7
2398.85
6010.25
4429.24
2675.41
3287.86
3602.98
2959.64
1571
3493.27
2513.89
2760.54
2448.79
5004.8
2999.51
2118.42
3687.3
8219.87
5342.7
10564.5
3700.92
2322.69
2885.12
4710.6
2808.32
2460.26
5706.42
8387.54
3682.92
5153.98
6030.46
3641.15
3792.47
4061.92
8023.18
2186.83
2550.95
2578.85
4150.79
3605.18
4346.02
2865.46
1978.03
2074.82
2530.29
3171.79
3545.4
1961.08
2388.87
3825.91
4169.26
2826.42
1504.33
3078.44
7286.47
3798.29
5955.48
1755.24
11437.2
1889.71
2390.34
2540.6
2611.82
5798.34
5370.54
6640
5289.12
4350.74
3806.6
1855.4
7029.31
2451.62
4115.75
5188.03
2627.15
6046.97
2572.39
3397.35
3588.85
4413.43
2707.25
3749.47
3411.33
3780.67
2519.43
3016.64
3673.09
7825.92
3935.19
3621.07
3153.52
2357.98
2145.39
4104.38
2542.45
3382.73
2456.68
3044.52
2742.12
6315.62
4699.57
2770.09
4508.53
4270.55
2193.79
1834.25
3205.89
3857.27
2906.93
3064.93
5148.87
4613.33
1561.11
3004.58
2278.32
2856.45
5015.33
3721.64
4505.7
2845.11
4113.21
8137.24
1737.26
2268.96
2833.09
4146.71
1628.74
4518.64
3047.82
2850.36
1857.2
4363.94
3530.03
3351.14
5757.36
7628.72
6161.82
3958.92
3728.36
2287.54
5246.47
3101.43
6038.48
2802.37
1939.15
2686.32
2081.75
2800.61
1701.86
4676.98
2676.8
3661.37
5425.84
3628.07
4413.2
5281.03
2557.05
3461.24
4110.07
5212.1
2890.18
6275.67
1489.79
3951.08
6547.86
6852.27
2419.59
6566.85
7905.92
3335.83
2093.26
4659.2
3401.19
5857.3
10527.3
1783.08
1467.7
18382.5
2623.97
3219.77
3838.94
2666.08
3415.69
8319.22
1570.32
2843.68
5031.69
1931.91
5018.83
4558.25
5535.17
3161.71
7299.13
4702.92
4371.58
6355.03
5610.7
3862.66
2085.54
7396.15
2513.96
2913.79
2822.21
5900.57
4786.26
3254.9
4706.21
2106.07
11832.3
2206.15
5220.7
1514.78
2208.16
1559.5
3796.96
2945.69
4821.67
2321.36
4993.37
10277.4
3382.7
6491.89
5976.4
4233.82
1805.58
6281.12
4061.07
10284.3
4078.87
4088.62
3094.04
5231.08
2072.21
5540.71
3630.83
6404.65
4140.95
5733.86
3347.2
4239.81
4890.47
3185.23
2441.91
6822.48
2968.01
6666.26
3116.74
3440.16
5221.4
2515.3
3218.12
2612.41
3458.5
2078.48
3750.02
5391.56
8025.59
2192.25
8186.59
1613.01
4851.58
3007.13
1772.63
2087.07
2124.38
2161.5
9426.69
2649.61
9496.44
7890.46
3178.59
1997.68
3134.92
2871.72
4489.47
2515.69
2171.21
3216.68
2808.61
2156.5
1973.91
2471.34
4836.05
2415.81
2048.08
2756.39
3092.64
2706.29
5091.68
2239.37
7766.48
6942.88
3189.45
5097.89
3414.7
4090.45
13864.5
3254.21
4340.43
3804.16
2231.04
4198.81
2852.69
4119.14
5295.33
7171.88
3240.42
2640.4
1941.3
7021.05
4301.76
3034.69
2882.43
4077.14
2201.93
4305.53
4886.94
3612.82
3298.86
3268.23
2748.26
2708.08
3197.04
2847.89
4348.66
13749.9
1943.49
1926.99
4040.71
2321.83
5505.92
2546.96
1861.13
2020.02
3175.51
1948.48
4024.89
3798.42
2737.24
4692.04
3024.87
3177.27
2659.23
8961.38
2033.25
2871.8
1795.89
2798.49
3332.86
4912.84
7635.32
2469.43
2161.28
2534.77
2324.8
3735.73
1940.43
4613.38
3187.3
2532.8
3773.21
6151.47
3219.45
2088.26
12316
4538.41
3628.75
2778.76
4830.36
2269.26
2663.59
3544.13
6442.89
2702.94
3572.3
2958.7
3049.75
4317.79
3286.34
11773.7
4023.22
4108.5
3891.52
3426.42
1914.88
3190.65
2402.17
3446.79
3798.37
2032.31
3705.13
2876.54
2728.05
2435.25
3035.9
3241.07
4356.36
6996.27
8643.24
4784.49
2573.77
6007.82
2139.03
2742.25
1696.77
4306.39
1593.83
10449.1
3876.18
1782
2140.31
2931.63
1680.59
12506.4
2426.77
2241.5
6209.86
8321.26
3448.36
12194.5
5690.6
4265.92
1945.45
4268.86
3482.08
18951.7
5315.4
4415.58
6384.05
1825.27
3142.9
1640.19
1594.51
3870.28
4067.73
5261.57
2243.92
8744.05
2235.05
3386.06
2228.8
3581.21
1649.38
6390.19
3710.63
2959.91
2525.89
4321.04
2203.86
2543.11
4688.55
2436.83
2718.3
6258.6
1747.88
2643.53
5885.48
5605.93
25407.6
1749.16
9199.91
3912.31
3743.52
2271.23
4060.77
3148.83
3334.8
6785.89
3432.59
13756.5
13095.8
4598.41
2548.03
3825.44
7808.56
2887.15
3086.73
8862.48
1465.66
4253.36
2209.85
1899.86
3076.3
3839.6
2933.16
1930.99
5995.71
3155.06
2081.6
5533.95
1996.92
2195.26
5474.37
2510.45
2650.33
2870.85
2460.89
3029.4
7605.72
3520.74
4906.27
4305.23
3740.7
4797.56
4150.98
2592.41
3376.3
3599.78
3180.88
4442
3299.94
4007.18
6452.96
7988.04
4402.61
2987.32
3566.55
5189.18
11509.8
5379.97
1466.49
2827.45
6347.42
6091.58
1945.39
3278.71
2416.54
2146.94
6415.48
3234.63
2452.81
2833.08
3650.85
12098
5957.4
3943.67
4570.28
2649.95
2438.08
3873.91
7885.29
3523.35
2201.18
2521.02
3021.04
4190.65
4358.52
3429.01
7161.54
2524.33
2281.56
5599.7
2298.69
2288.81
4419.73
5713.95
4581.8
7234.97
3750.53
2742.44
15395.3
2560.92
2193.68
5406.98
2543.15
6017.55
1954.69
3475.64
3146.18
5115.26
2318.54
1967.96
2204.4
2684.22
2713.41
3111.57
3705.48
3629.03
3730.03
2131.59
3872.91
3707.07
2036.63
2716.1
10156.4
2227.94
3662.14
3584.58
3014.22
5767.42
2318.28
1593.8
4703.67
1955.49
2358.39
2167.67
8778.86
5812.59
2156.35
2888.66
2928.82
10664.4
7551.9
3484.45
2473.1
3929.82
4302.77
6739.21
3514.54
2304.77
3410.56
3281.99
3469.39
5598.04
3531.04
5819.73
4506.59
3002.32
2016.5
3108.89
3514.58
2583.24
2993.97
3931.11
1960.46
3574.28
3868.87
8419.81
5613.34
2392.41
2533.96
2336.67
8225.86
2263.75
4410.88
3225.68
1957.61
2420.59
4746.41
2974.45
3274.28
2420.4
2811.39
6774.49
4449.66
3297.7
2982.31
6230.94
3159.18
3842.91
3978.65
10821.2
3146.77
3303.82
2090.17
15702.6
3483.41
4329
7613.17
2672.31
2166.94
8084.04
2163.34
4002.55
4876.21
1901.18
3696.56
3450.42
2605.58
5141.86
2879.19
2824.44
2088.1
4468.73
3880.43
2586.24
4140.33
2703.56
6671.33
2082.83
4743.91
3693.71
2505.55
2213.61
7717.83
2814.67
3396.83
4275.1
11685.8
3599.25
2060.88
2694.85
3115.9
1879.66
4908.71
3415.42
4576.76
5390.04
6356.68
2878.92
6610.28
2005.67
4317.15
2654.09
3634.51
2077.5
4342.09
4052.97
6574.17
3646.4
2729.76
3172.54
6102.44
2806.47
3560.33
4379.33
5043.16
3304.12
7997.74
5342.58
3446.06
5898.08
4533.45
2390.03
2049.73
4183.42
4220.36
3577.12
5540.09
4957.23
2882.33
3706.84
2987.37
3286.69
5093.55
3229.17
3870.61
2784.34
1741.56
2857.64
6098.04
4895.39
2487.54
2348.68
5271.78
4594.68
14117
6783.95
3289.78
4033.08
2835.17
3286.61
5952.1
3239.02
3380.28
4624.86
7414.32
2422.23
3735.28
4109.45
1618.96
2411.77
2263.64
5195.17
10164.8
7289.45
3310.91
6380.51
2909.12
5114.52
3757.66
4321.73
3704.9
4493.86
1984.17
2531.1
5373.5
2238.78
6064.74
3379.56
2812.01
2129.89
4369.73
2960.55
6007.1
2807.43
3332.22
4365.04
3168.19
8895.57
3402.96
4144.76
4890.1
3737.48
1615.08
2904.84
3006.9
5557.91
5110.78
3119.91
5718.57
3259.63
2091.8
4457.74
2305.6
3443.52
3803.1
4039.36
1871.08
2721.67
2229.39
3770.66
5048.82
2259.28
4477.67
3105.38
3527.75
3941.93
2455.38
2982.39
8747.58
5158.85
2959.44
3260.43
6375.13
5108.21
3871.17
4058.21
3664.01
4105.95
2099.84
8297.02
2892.28
4793.44
4715.14
6541.87
2553.02
2182.52
7485.28
3936.24
2566.55
4792.84
5234.54
4061.37
3338.93
2826.91
5789.11
3648.87
2885.01
2701.08
4278.35
5531.64
3712.53
4759.45
5910.77
2480.33
3155.92
3895.17
9854.79
2911.66
3871.36
1691.26
2349.43
2590.18
1774.8
4499.26
2959.31
3153.52
2640.99
3135.92
5375.86
4582.99
3648.28
1818.74
6989.34
4029.09
3692.82
5770.64
2206.3
4289.53
2954.58
5537.75
2829.72
6925.51
2878.61
2606.34
2989.74
8221.91
2214.09
7068.04
2018.92
4500.52
3827.61
2600.29
3893.16
2407.37
2563.41
8814.89
2071
4391.62
5217.75
2478.92
2541.3
7129.54
1745.41
3987.85
5347.63
3972.46
6033.09
2289.84
3321.28
7215.38
7482.73
3259.5
7785.83
2902.63
3553.51
3495.16
4223.88
3751.7
2795.31
1848.42
2061.68
3423.18
5417.29
3312.69
2444.45
2428.64
5488.91
27591.6
3727.99
3154.18
2873.48
6203.31
2561.96
5196.93
3282.34
2370.02
2359.27
3595.94
12289.5
2860.23
3348.7
2670.6
4462.25
3901.46
4553.32
4131.31
5219.07
17107.9
1941.26
3015.09
2574.62
2307.69
7433.94
3330.32
2787.5
2925.54
2455.57
2770.64
4037.96
2604.62
2930.78
1860.08
3487.61
1906.56
2863.71
3020.37
1832.59
2677.61
3147.83
3395.55
2474.65
7533.43
5885.18
2520.68
3496.55
4868.97
5717.15
2472.57
2754.66
1856.06
2823.15
4807.05
6682.01
3649.02
2807.58
2063.08
2005.11
2281.11
4177.35
3867.13
4161.7
4421.34
2346.45
3118.77
2503.83
2042.51
2873.34
5679.72
3068.86
2899.09
2112.23
6298.45
3467.68
2935.96
3540.87
13724.8
6662
5528.9
4294.31
6046.27
6308.98
3436.45
2602.89
3546.02
2461.97
3049.55
2852.69
8048.35
3052.73
3598.77
4378.74
4710.64
3934.9
3174.02
3096.76
10865.1
2714.62
4164.5
3689.42
2268.57
3166.08
13819.9
4544.56
2692.2
4378.38
6568.42
6234.98
2238.98
2104.36
10776.3
4391.81
4093.71
2572.08
4692.15
4342.66
1703.96
7338.3
4119.9
4071.31
3029.86
3301.31
1609.98
4124.5
4374.7
3749.66
3574.46
3653.12
2807.3
4255.19
6088.23
3965.99
4298.73
9809.37
5926.67
3433.65
2921.87
5431.5
5187.04
2014.26
3869.34
3906.42
6604.33
2523.93
4298.05
2790.65
2092.25
4064.03
11660.3
3932.24
6500.61
9076.76
3356.13
2835.83
3080.83
5472.27
2695.66
4168.52
2110.19
3423.83
5172.62
3364.67
5414.48
2073.63
3032.08
3358.7
2845.62
3881.37
3237.11
3207.8
5185.78
2638.81
3574.81
3921.05
3814.6
3741.2
2392.98
2716.36
9124.69
2114.41
2221.97
3061.1
2210.8
4845.04
2388.99
3175.79
6366.63
4024.55
2806.6
2301.71
5757.81
5313.23
6189.13
3184.07
3333.12
4222.05
2458.62
3718.72
3001.49
2416.7
3730.39
5250
4450.58
3733.09
2897.84
6230.39
2383.65
1916.63
4141.19
4205.33
4798.98
4248.79
2525.1
2161.78
2847.68
2892.69
3207.98
2498.71
2698.79
4683.86
5876.77
7552.69
5649.51
3227.37
2827.01
6478.98
3374.02
1912.97
4538.4
2860.91
2628.91
3258.19
3245.12
5238.84
1933.63
2248.72
3768.51
5123.33
2876.84
1741.34
8098.94
4972.65
3848.19
3538.8
2161.93
2069.23
3918.91
2615.3
2818.34
3862.23
2904.17
2258.49
3047.64
3337.39
2966.48
3450.73
2510.03
5710.66
5503.38
5458.2
3716.12
8215.81
3106.84
4725.29
3692.06
4556.92
2248.18
5787.89
3289.33
3265.43
3640.86
3680.52
2876.81
5491.42
5275.72
1875.51
2958.28
5919.36
4497.48
1885.4
4287.27
5324.12
5383.61
3919.43
3256.7
3025.47
3138.19
3067.92
6754.85
3120.2
1392.15
2843.43
3556.42
2844.79
5401.19
4909.76
3910.6
7093.43
3108.39
2519.33
5628.5
6328.6
3857.64
2656.72
9150.05
5431.23
4714.71
6784.96
3872.15
4423.63
3117.54
4374.48
2805.97
2523.45
7052.17
2635.35
1991.1
2385.06
5692.53
18164.4
3902.9
2963
2763.67
4095.62
2077.89
4029.45
7537.92
3447.89
3639.71
3006.75
3426.93
3122.2
3530.72
2868.79
5069.15
2455.52
2940.82
3068.49
6262.78
2732.5
3541.24
4465.94
3945
3589.16
2598.93
2633.53
2075.57
3851.64
6055.44
2476.82
4339.25
3927.96
5047.67
2096.75
4441.4
2505.59
4245.82
2699.61
3032.47
5677.13
4543.59
4885.22
1540.62
2216.11
3646.27
2805.39
5602.82
2614.88
3371.62
2502.23
2323
3308.56
3787.42
4038.55
6052.9
2930.82
3719.45
6469.56
2274.91
4089.05
3027.55
2590.56
4899.99
3593.92
2381.81
3188.33
2720.93
7535.64
2728.15
2829.24
7139.94
5340.04
2405.24
4144.45
9012.18
2115.15
4463.84
3175.79
3776.35
5958.06
2560.8
4207.43
2379.92
2436.23
2610.72
4612.86
7373.77
3022.01
3445.31
5361.02
2450.1
3406.81
3004.96
2732.51
2992.85
3749.33
2351.7
4141.48
3656.57
3517.44
8585.74
4725.73
3142.13
1622.8
6587.28
2444.57
4986.73
3755.5
3728.85
3790.81
4121.89
3427.86
4954.24
2761.36
6563.42
3719.41
1861.57
2930.85
3882.36
5528.38
1999.1
3933.43
1950.45
2089.35
2975.6
5808.63
2729.19
2898.68
2254.22
5083.92
3300.47
3464.96
5600.1
4594.74
2381.65
2706.02
7085.6
3328.28
3698.65
4602.48
3366.95
17022.4
7477.61
2919.9
2372.97
2605.2
2777.21
2020.18
2603.44
5248.91
2828.21
5151.56
4108.08
5030.13
3681.99
4710.08
4396.16
6260.24
5081.68
4210.88
2198.74
1420.03
4421.5
3160.84
2948.3
2819.07
4441.21
2773.92
2674.09
3122.49
3914.77
2187.42
3069.3
3742.78
3337.14
4377.58
3601.57
3985.07
2439.33
2737.59
3874.32
3321.49
5723.41
6179.21
4709.17
3180.65
19776
5460.18
3819.16
2174.31
5069.76
2034.03
3688.23
4351.21
3042.42
3244.1
3885.56
8147.71
2711.86
3710.03
1898.63
5092.45
4014.48
4021.52
5924.51
3463.3
2818.63
2663.05
5006.96
3596.32
2342.67
2678.85
4201.89
2697.29
5594.1
2809.99
5075.41
3774.83
9696.41
2054.22
12436
7724.83
2487.82
4609.94
2824.03
4598.09
2907.65
3751.37
2394.41
2531.23
4221.26
2121.94
7540.38
5029.48
3700.15
3902.51
3921.27
3164.72
2691.85
1963.4
2823.59
2176.16
5624.6
2697.58
4667.61
5447.46
3582.32
2662.05
4130.79
2520.65
3264.65
6076.62
4897.72
4958.3
2275.23
5482.98
11674.1
2668.06
2013.36
2640.7
2502.14
1643.66
2596.14
4326.16
2810.88
2183.62
3455.24
3145.02
6461.12
2711.24
2678.6
2406.19
11490.9
3789.17
3402.75
2847.86
3644.73
1825.32
3041.63
5987.38
7763.62
6812.68
5869.97
3616.53
2789.59
2481.28
5032.16
5965.33
3868.31
2556.69
3552.49
5402.42
1979.84
4216.62
6307.79
3340.19
2089.95
6632.21
3475.88
2395.48
2943.1
3469.09
3205.14
5064.85
4097.9
17599.6
2379.87
8370.2
5238.21
3658.44
2633.45
13780.2
7456.76
4376.26
6285.57
3355.6
2541.15
2608.95
3779.48
6708.39
1611.63
2977.34
4696
17802.9
2767.43
5453.21
2948.45
2609.25
3080.54
4652.14
3123.48
2697.45
2806.28
4187.56
3029.94
4276.97
3715.6
2773.55
2615.79
8407.41
3908.81
2503.46
4373.32
2548.15
2572.15
2914
3687.46
1628.15
1794.83
2216.99
4732.04
4474.84
3279.28
1875.76
2626.6
3793.34
7589.75
3683.22
5098.61
6348.91
3952.22
4426.14
2757.7
6023.3
6292.62
3825.22
3902.59
3029.94
4208.4
9432.64
1666.01
5203.82
4351.13
4338.49
1631.84
3600.18
6011.95
3052.12
11351.7
3089.24
3557.47
5083.64
2924.32
5685.93
4299.16
6819.96
3879.4
3019.95
2793.39
3652.83
3407.16
2200.1
3241.67
3735.51
2619.83
3544.4
4696.94
6297.82
2088.4
4240.52
4127.8
6146.61
2237.36
2492.38
2973.49
4699.7
2475.31
8974.81
2870.67
4956.34
3880.94
4092.48
3825.29
3893.22
2568.89
6897.86
4666.25
2372.9
5443.52
4487.34
3631.57
3578.65
4246.71
3376.18
3113.17
4234.2
2971.89
3886.96
2109.73
2599.63
7213.79
3635.16
5868.47
2564.68
3580.39
2056.73
2951.06
3003.81
1808.6
3651.07
2277.44
5006.2
5449.75
4267.38
2822.03
2262.34
3643.34
4114.29
11263.6
4333.33
2675.5
2241.33
2609.88
2901.83
4633.82
3977.39
2939.24
2578.52
1642.71
2692.14
5908.43
4884.6
2521.19
2746.68
3445.28
3029.53
1968.16
4333.39
4456.3
3978.61
3742.18
2701.91
3663.66
2557.57
4785.47
6494.96
1966.03
3915.86
5630.41
4893.16
5122.82
2284.01
2839.46
5786.95
3702.52
4637.58
8198.07
3546.29
3285.68
6696
2589.88
4088.34
3742.45
5372.99
1671.35
2978.18
3581.78
4957.44
6141.96
4204.65
2717.83
3946.95
1985.85
2608.21
3739.95
4921.32
4995.35
3837.16
8202.13
2303.65
4119.93
5466.07
2739.29
2396.91
3950.29
5056.82
1726.99
3531.93
6106.95
3475.68
4539.12
1625.96
5919.82
2953.88
2915.66
2904.93
2656.79
2679.47
7189.11
2423.65
1912.96
2205.25
2571.6
3987.86
3043.97
3456.08
2867.4
3184.72
3490.18
3368
4687.44
3071.6
3472
3138.48
5328.27
3295.86
2139.76
4233.68
1728.95
2872.29
2670.53
2423.86
4190.13
16917.4
2712.18
1969.57
5020.51
3537.04
14062.7
3906.34
3050.7
3922.82
4624.29
5633.95
1862.4
4493.23
9519.08
3764.52
2482.5
2739.48
2005.64
4637.45
2113.42
3438.45
2443.37
3071.99
2933.78
2364.84
3089.65
4372.3
2835.46
4142.11
6229.28
2854.83
2430.37
2813.02
2857.48
2843.93
3375.97
7529.58
2990.48
2137.29
2435.43
3373.64
4152.19
6966.65
2441.96
2696.77
5825.41
3071.73
2841.26
3638.65
17627.6
3615.55
10921.8
2839.99
5285.51
3028.65
2581.6
3218.94
4066.54
2752.2
6025.13
3587.72
1837.83
4264.89
2332.04
3126
3316.99
2430.6
3927.82
3785.56
2491.78
2226.87
2491.12
2690.29
3778.11
4117.57
3716.5
2859.95
3684.17
3613.88
6952.68
2305.39
2104.59
2677.9
5781.42
4271.49
3291.42
3395.34
7931.21
2312.76
8139.81
6172.66
3670.77
5419.43
3210.96
2774.68
1819
2763.45
3295.73
2910.77
3844.08
6482.05
2472.19
3797.63
3461.12
2707.94
2446.09
3608.57
4707.19
3242.2
4280.97
5324.58
11130.9
3957.87
6635.26
4795
2222.15
2292.63
2340.91
3487.98
4322.02
2254.92
4715.14
2704.34
5020.07
3470.17
1713.27
4675.37
2255.97
6449.2
2181.05
4915.51
3622.67
3929.89
10306.1
17671.5
2670.23
3072.01
2173.96
5900.46
2374.99
3321.6
3085.97
2135.58
6479.19
3522.65
3373.02
2113.34
6509.77
3335.53
6734.5
6042.2
3557.41
2134.9
7113.58
3250.53
3106.29
3613.22
4000.33
5337.57
2142.33
13250.8
4216.08
2097.65
3390.59
4615.58
5557.63
2608.18
21363
2386.56
9027.19
2172.82
2508.13
2954.37
4232.24
11703.2
4323.29
3643.77
2816.05
3484.69
5807.22
2071.95
1862.97
3720.08
3775.23
5815.24
1832.83
5241.19
2384.87
2765.16
5725.33
4278.36
3827.83
8366.2
3151.64
6462.69
2119.41
4286.84
2125.53
5900.42
2835.61
5412.23
2011.72
2314.36
10385.5
5690.36
2125.93
4646.83
2680.07
2801.01
3685.25
3808.97
2660.31
2567.87
4203.06
2961.57
2692.02
3400.74
3303.35
7219.15
3330.24
4525.27
3749.82
2862.54
2258.72
3150.87
2761.3
2753.26
3879.71
2335.04
2919.81
4210.72
2555.67
3235.03
4203.07
4583.05
4924.89
1915.51
4978.97
3438.83
7478.09
2015.35
2223.51
3872.41
5922.17
2499.92
8044.72
4486.8
4421.79
4123.75
5428
5080.61
3585.37
2797.62
13220.1
1932.46
2952.32
4982.4
3225.47
2018.37
3924.01
3607.51
4118.18
2825.61
3739.08
5803.37
2151.07
11567.8
3433.35
2701.56
2793.01
2484.53
2476.48
2068.81
3896.39
3420.85
5098.62
3086.22
2793.41
2980.08
2933.25
7520.88
7284.53
4278.07
9402.32
2200.52
8414.76
3006.99
3031.22
4347.68
3081.12
3639.34
4077.93
2826.96
4639.42
2580.23
10585.2
4022.56
4654.31
3238.51
4052.66
4430.34
5404.03
2265.26
5057.85
2770.27
4717.64
5615.02
3051.45
2627.99
2053.58
3084.48
2711.77
5796.82
4121.49
3411.69
5757.9
4110.18
3532.63
3970.96
2777.72
3725.21
5592.62
5229.95
3190.21
1816.33
3315.63
2082.61
8704.05
3405.12
3717.51
3021.51
5690.51
2597.62
3721.57
2732.66
3237.51
6684.46
1939.34
2742.32
3429.73
5545.59
4254.43
2893.3
5496.91
2446.29
2508.46
2947.25
3444.46
2265.11
2325.59
3010.43
3152.47
8857.13
11570.2
3924.24
3226.32
2761.55
2629.95
5169.96
2889.82
11902.7
4338.99
3287.87
4218.5
3501.48
3952.79
4110.91
2093.39
3250.16
2838.5
2684
5830.2
4481.92
2830.46
2618.62
2617.65
6850.66
2978.74
2578.67
1719.15
5132.24
3318.24
4070.4
7212.24
2667.14
2885.69
3260.89
2236.59
2605.55
30270.7
5420.47
2458.35
3691.53
1806.12
2547.79
2522.35
4163.54
5469.17
4940.56
3754.58
2083.26
4741.94
2800.37
9246.55
2879.19
3101
3463.02
2884.89
4498
2218.31
2790.01
6419.25
3952.72
3250.13
4442.82
2750.25
3864.9
5718.22
1533.7
2272.72
4745.6
3195.54
4083.91
3509.25
2404.58
3288.68
2444.87
6251.11
3848.16
4125.17
3430.35
4296.18
2491.34
3331.96
3541.1
7106.5
2104.72
6140.49
3486.92
5237.71
3231.7
5450.52
2119.5
1974.39
2980.64
3416.05
4769.2
8663.5
2424.25
4471.31
3856.27
11938.1
5075.68
4565.05
5287.4
2336.43
3443.94
3163.07
2669.85
2574.68
2257.04
4079.71
4485.86
3127.03
4031.71
2950.45
2570.53
3543.23
4841.46
17963.1
2124.39
3720.01
3736.23
3038.97
2361.35
3765.21
2258.88
6415.85
8557.77
2938.46
3848.27
2725.89
4125.12
3951.3
2951.89
4666.14
5045.68
2990.25
2143.74
3739.65
3209.41
4900.77
3397.19
1999.57
3384.54
4198
2514.59
5218.18
2830
22655.1
3176.17
2444.4
2391.7
7116.45
3813.46
5185.54
6434.34
2821.25
2840.84
5410.96
2871.75
4711.38
3907.06
3483.92
2130.21
2185.17
3303.46
2346.22
2597.46
4472.59
5269.46
1507.88
1606.72
3152.96
2281.19
6937.18
4354.8
5132.42
4564.8
2186.09
7921.72
2248.28
9221.32
3005.95
2566.45
2304.39
4001.6
3669.21
4124.35
3468.79
3653.9
4104.83
3505.93
2480.97
3392.47
4080.63
2095.63
4180.22
3135.23
4431.43
4367.49
2681.39
1730.33
3259.46
3608.96
3362.5
2263.51
13378.6
5094.76
3694.21
3569.84
2712.82
2885.05
6032.34
2864.4
2396.07
4104.82
1985.21
2564.29
7842.12
2446.78
2335.35
5734.83
7450.21
2727.52
2921.36
1778.47
3248.58
2320.54
4178.89
11547.6
2234.44
2487.29
2058
7250.8
5474.6
3153.19
5597.14
2690.04
3334.4
2022.04
2194.29
4468.67
1699.74
3666.9
3169.41
2189.03
1924.27
4065.97
1729.31
5489.02
3184.41
3250.34
4604.35
3401.03
4677.61
3568.09
5536.93
4327.83
8763.86
3288.46
5415.01
1808.16
7228.92
3993.63
6303.27
5677.26
3219.37
3050.77
6481.92
3701.33
5642.83
2054.72
3954.36
2237.84
2815.05
2360.68
2903.56
4534.97
2932.96
7042.24
4091.44
2525.38
6712
4467
3146.36
2126.96
3365.69
3263.89
3331.89
6039.15
2778.79
4066.24
2468.65
6097.12
11297.4
2963.62
4653.14
4566.32
3685.43
2137.1
6910.2
3684.36
3347.06
2476.07
3292.85
2869.3
5007.17
2869.02
2805.57
6858.43
2719.03
2250.12
4280.48
3562.81
2875.74
2374.16
5616.69
4740.2
8381.31
2916.53
6330.25
3705.68
3052.52
6235
3098.63
4188.04
4607.9
2102.8
4452.38
2486.62
2752.35
1774.63
3011.74
5207.1
2922.6
2251.88
3282.88
4784.82
4459.85
5114.39
5614.66
3590.23
2484.94
3416.84
4704.51
2485.18
3974.97
4204.08
5348.45
2429.06
2012.01
2490.75
2359.28
6206.86
1781.51
2807.98
2815.88
1940.55
8283.64
3553.85
5583.47
2715.8
4201.64
4899.34
2817.36
4539.14
3015.6
3039.74
4116.43
3022.01
8357.26
3110.02
2476.43
4705.2
2101.24
3535.38
3462.31
8820.97
8449.21
2248.33
2934.53
1704.17
3790.33
3285.29
2631.65
5554.58
3010.86
3338.42
4061.76
3984.01
13445.8
2221.15
2570.72
2922.75
2170.29
6900.79
5960.31
4543.58
3537.63
2801.75
3981.73
3671.33
5580.17
2919.79
3702.27
4211.07
3470.74
3150.39
3240.46
3013.21
3382.36
5727.83
1916.66
2768.86
4999.43
5238.17
3287.13
2764.93
2599.08
3451.33
6948.6
3759.37
2102.16
3078.36
3888.95
3159.06
2001.43
5558.98
2814.99
2247.34
4085.13
2453.29
3227.31
2904.2
10095.1
3557.14
3776.71
9097.11
2956.56
3195.11
5948.76
4759.01
2441.89
2814.11
3305.81
2278.26
3994.3
4145.3
3836.78
5014.34
2032.29
3273.02
2318.52
9149.36
2586.89
7834.17
4981.4
4031.08
3130.11
2331.54
3110.79
2630.91
2076.8
2571.46
3321.91
8501.52
2477.19
3521.26
3261.66
2206.1
2505.77
7662.39
4331.8
2327.49
3748.27
3598.38
2648.9
4164.65
3715.72
5372.41
3126.32
6158.87
11044.9
3146.93
3311.89
3883.98
4701.14
3699.34
6292.93
3975.09
4216.49
13099.1
4841.1
4475.32
2617.93
3322.79
3810.24
2606.17
4611.5
5788.63
3280.81
2899.37
5882.52
2293.9
4183.98
3349.77
4507.81
3996.32
2195.23
2848.53
3594.54
7125.72
2514.02
3111.66
2200.9
4699.76
2765.75
10580
9298.77
2062.26
4447.12
3612.65
2529.04
3955.78
2051.11
2943.71
1977.08
11183
2811.34
2755.18
4468.95
2427.14
4822.64
11820
2924.97
5750.08
5983.29
3012.34
2283.34
3027.21
1977.02
2125.59
1935.75
2369.45
3920.15
13924.2
3545.53
4039.47
2421.68
2797.16
3132.09
3601.35
3468.65
3153.71
2556.6
3055.64
2236.41
2789.71
3032.62
2951.39
2746.46
3064.16
3939.79
2862.13
2676.44
3098.96
4582.14
3861.91
4114.63
2483.47
2867.59
6581.3
13817.3
5542.99
3871.27
4353.85
2431.29
2623.31
3194.89
3156.13
6288.06
4803.94
3369.22
3936.75
5788.9
6452.36
3471.19
2331.05
2912.51
3394.52
2451.61
3058.56
7307.85
6816.38
3004.35
5027.09
6316.22
12393.2
2859.59
7019.85
2571.12
10177.4
3725.03
5723.43
4731.84
2550.76
3075.66
2849.03
4269.44
3343.4
3071.31
2308.18
2874.18
6346.53
3697.18
4228.81
3500.2
4242.47
4560.03
2061.57
3486.49
3225.21
3336.42
4264.17
2764.22
4006.94
4158.2
2443.16
2711.94
3470.26
3295.75
3387.92
4582.39
2648.28
3774
2123.43
3331.82
3042.31
3168.57
4525.38
4554.96
4161.6
2664.46
3403.25
3906.57
3672.99
3066.45
5559.11
2904.22
2803.44
3670.63
1615.48
3480
4042.86
2804.53
7911.97
3550.89
4166.08
3328.71
3610.65
2201.59
1989.79
1834.44
6782.59
6553.18
2613.59
3256.43
3348.87
4630.6
2733.71
2804.09
2011.98
2508.23
3693.05
1798.92
2826.55
1880.05
2446.47
3229.6
3823.23
3614.14
4671.95
2321.02
3515.1
3047.11
2817.1
3406.39
5368.01
3295.9
4291.45
2499.71
2035.58
4321.68
6987.73
7448.56
2460.72
3024.5
1844.04
3735.24
2420.71
1486.61
3185.43
4659.18
3041.71
3628.3
3110.2
1708.97
17078.1
3948.28
2543.19
4094.87
5441.89
4579.25
2932.67
2240.02
3697.72
6303.53
2304.95
4243.04
2620.98
2346.3
2048.81
3333.72
3108.15
3654.17
3671.6
4158.48
5240.81
1787.08
3520.81
4253.99
2996.34
2141.74
3269.94
9478.57
2453.29
2839.19
3919.89
2219.88
3821.17
2722.56
4264.33
3052.51
1931.7
4238.76
1956.21
5703.71
2347.8
3290.43
4820.34
2388.07
2753.8
3679.62
2548.39
2608.23
2273.05
3531.1
3152.94
5882.37
4933.4
2586.73
6545.89
3404.46
2257.45
7429.63
4621.2
4011.45
4118.42
7729.02
2195.67
2241.55
1957.6
2638.3
5795.59
3127.08
4882.66
2227.39
3315.09
2580.91
2755.63
3248.84
2531.69
2737.93
2512.55
4275.98
4354.43
3455.98
4032.22
3526.72
3232.69
4611.31
4584.91
2120.89
1769.25
2324.92
3467.78
7410.52
3093.36
6338.14
8198.95
3817.12
5427.55
3667.02
3785.86
4100.19
2607.98
3738.41
1946.69
4612.69
8018.85
3782.55
3055.35
2968.13
3245.73
2901.78
2513.02
2280.13
2063.55
2442.37
3088.38
2930.78
2641.36
5530.78
3387.93
5340.11
4083.17
2249.3
4994.83
4212.29
2629.61
3275.84
3108.28
1977.25
2732.37
2822.29
4132.39
3928.69
2547.39
2517.22
2187.29
3680.73
2401.72
4575.42
16439.5
2379.68
3821.46
14327.3
3742.56
4955.6
2206.54
6744.16
1730.28
3158.33
3436.17
8662.57
2639.9
2381.46
2582.36
2518.19
3623.15
4020.46
4011.52
4931.8
2843.75
4149.5
1980.52
6890.99
2642.63
3986.34
2348.31
4215.92
3954.79
2823.99
3113.77
3963.98
3841.79
2196.03
7191.41
5408.73
2734
10435.1
3444.06
2926.69
2573.32
1676.76
6355.46
3347.2
7307.5
3767.77
3616.58
4202.57
3664.49
2947.04
5638.23
5398.65
2535.87
3174.99
2443.92
2627.69
3458.15
3571.41
4509.96
9117.01
2183.98
1803.17
2535.65
2938.99
6132.1
2638.86
2746.62
2524.67
2302.09
4145.58
4803.1
8092.83
2807.2
6915.91
3081.11
5592.1
4304.11
6486.23
6537.64
5226.53
3867.31
2467.5
2630.75
2997.8
2193.58
3851.83
6182.49
3842.53
4238.36
2567.2
4792.46
5164.8
2736.27
1685.41
2193.49
3818.83
4065.41
6035.84
3768.3
18921.4
2983.52
2841.69
3182.6
4339.64
2859.04
2472.69
5352.34
2567.15
3359.1
4131.13
6556.1
3431.94
4647.88
3092.7
3916.06
3034.62
3929.37
3384.63
1997.77
4998.09
2555.59
6415.2
6258
5821.92
2550.03
2820.97
2564.67
4426.89
3852.29
2976.41
2960.32
4428.51
3124.8
2787.14
4609.88
4816.95
4103.69
3741.88
2480.32
4549.58
2640.79
3739.08
2208.99
3009.64
5297.24
2645.35
6893.99
5471.2
2675.17
2942.27
1946.22
1767.19
5368.11
3130.32
3229.55
2889.83
2474.03
6968.55
3063.79
2167.41
5728.5
6722.98
8533.64
2641.6
2593.32
2225.94
2849.15
3058.37
3134.54
3468.5
2516.73
3696.73
5200.04
3899.65
4207.56
2532
2712.11
2914.4
4491.52
2216.14
1992.06
3524
7007.07
3609.71
5913.48
2569.03
3158.66
13202.2
3078.35
2039.87
8331.43
4147.62
3758.01
2535.47
5376.38
7403.47
6490.14
5848.74
2357
2615.02
2859.15
2201.91
3265.53
2443.02
2974.41
6867.76
2548.83
2608.45
3049.5
6871.82
5056.56
6417.35
3233.82
10766.7
2826.21
4219.31
6683.7
2500.36
3301.99
5313.72
2408.41
5467.43
2241.54
3489.61
2157.48
2362.26
3866.86
3523.4
1996.58
6050.7
2924.64
2969.38
3568.32
2673.72
3454.71
3211.03
6023.43
4259.58
2964.94
2568.97
1929.97
3511.97
3783.46
5086.57
2746.56
3605.1
5690.08
2078.83
2531.58
1834.45
2826.14
2974.38
3647.12
5389.42
4593.18
8084.4
3217.98
5586.84
2258.75
6751.06
4973.37
2224.97
4458.79
2343.69
5418.14
4033.54
2971.68
2846.41
4607.81
1883.03
4488.22
3690.78
2122.76
4350.48
4118.61
7490.19
5512.85
3884.11
3033.15
16207.9
3801.39
3808.79
5932.49
3640.23
5532.54
3920.33
2806.51
2419.87
2434.15
4378.5
3731.11
5966.27
3208.13
4273.92
2387.64
3058.96
3592.71
2528.37
5226.49
2699.32
5310.28
2682.95
4291.98
3090.3
2086.74
3318.94
1846.72
19140
7428.84
2655.98
4317.48
2940.36
4421.19
3473.63
2849.3
1803.1
4747.7
3822.71
3631.31
4551.7
5530.44
3355.47
6104.52
2768.87
3216.57
5328.13
1903.55
2663.36
2501.25
3393.61
2227.42
2944.82
3260.83
3278.43
6011.91
3181.9
3300.39
3272.24
6206.57
4206.63
3706.14
4919.55
3032.57
4682.42
25441.7
4267.09
2939.92
2354.51
5711.97
3579.65
3152.95
2638.02
8649.73
2135.01
3264.44
3431.18
2014.9
1900.37
3116.83
5119.88
1785.16
4789.74
2830.91
6499.27
2832.46
3691.06
4735.77
3576.79
3976.27
3949.84
2282.38
4760.65
5292.39
4860.51
2922.62
8977.71
4204.81
5101.4
3052.34
2752.23
3607.32
5379.9
2284.34
3858.45
3059.63
2782.47
3587.21
2728.88
4615.77
3002.28
2379.62
3647.08
6056.73
2866.77
4194.02
1567.46
2838.68
1930.21
3614.38
2583.45
2143.64
2700.39
6206.57
4957
2036.18
12577.1
2648.04
5104.45
3520.65
5298.17
1941.6
2779.52
4366.89
4086.75
4020.07
2416.74
3776.8
3094.16
3857
8452.36
3008.77
3123.55
3993.49
4473.57
2347.57
3628.9
7425.09
5591.72
9634.97
3924.99
3035.04
4805.56
2815.12
2523.99
2368.57
3690.47
3317.96
5174.6
3821.95
2047.86
2602.12
4700.42
3951.59
2087.2
7155.3
5962.14
2713.17
3646.96
2667.6
7639.41
4387.14
4029.9
1650.89
6796.02
2149.91
8076.26
2371.02
3950.31
3451.05
2275.81
2125.39
3337.65
4565.19
2664.85
1941.34
7813.53
10347.3
4827.54
3486.49
3899.97
7872.35
2391.86
2122.94
2408.86
4098.88
3657.44
3824.35
5905.08
2887.55
2674.18
4822.65
2206.78
2991.07
4117.36
3864.28
2151.02
1704.93
4886.12
2332.96
2805.58
2850.22
6812.97
3798.79
2818.24
4048.07
1983.89
2904.95
2831.05
3184.79
2491.29
4152.41
10040.3
5356.18
4307.33
2647.6
2887.81
3835.22
4102.61
7248.83
2669.95
2515.76
2982.76
2672.02
2603.48
3961.66
2141.9
3060.34
3553.82
2625.45
5018.6
5524.21
2018.89
3474.15
3098.25
3096.11
4172.79
2157.12
5585.12
2383.87
1957.77
5433.1
7205.35
2096.13
7843.88
6312.07
7614.28
2532.69
3621.13
5762.13
3233.52
2518.99
4409.25
10423.5
2560.2
3984.84
4460.25
4429.06
2944.14
3189.04
8883.25
3395.24
4073.77
3698.98
2773.17
3859.69
2326.97
8730.58
4180.34
3468.59
7539.59
3098.9
6406.12
3073.51
7720.39
2357.02
3582.3
1962.48
2501.65
2763.01
2301.05
3774.1
5308.75
2519.85
2767.99
2713.32
3688.41
2166.2
2273.76
7554.07
5615.92
5500.28
4747.05
2910.43
3305.47
1888.53
2861.04
2109.84
3565.69
5415.91
5814.32
7690.27
2951.6
1922.69
11150.6
4037.77
6472.71
4759.65
3253.63
2339.6
5341.21
1637.19
9712.37
3544.71
3270.15
1881.06
2953.95
3450.03
4584.66
10708.6
3192.91
1660.49
2912.36
3709.11
3010.43
6815.25
1862.98
6521.27
2672.98
3056.24
4693.3
13137.8
7900.95
2123.52
9654.85
2675.33
4652.32
4300.81
3122.22
4248.9
2330.22
9309.38
5480
2152.79
10347.1
3271.65
4808.96
2252.43
2890.86
2115.07
2142
10718.7
4069.37
2797.41
8207.5
2211.35
4557.89
3230.44
2338.04
2474
8434.04
2464.86
3823.34
9288.29
3039.89
4908.69
2037.03
5343.88
4044.86
3159.09
3095.29
6695.71
5553.79
2317.89
2474.68
2295.24
3690.76
1870.27
2271.72
2514.24
8817.52
5129.82
3052.67
3836.48
6115.93
2621.2
3286.36
6833.06
3092.89
2098.24
7855.91
13368
5009.02
2239.52
7086.71
1964.81
2695.83
1660.06
4992.26
7300.27
6283.21
2281.54
3028.56
2629.73
5990.8
4178.9
6904.55
3578.42
3875.44
2557.63
2249.5
6722.43
5355.3
6038.32
2383.67
2937.14
1724.47
2798.11
5376.96
4227.38
2200.72
8721.99
12285.5
4146.58
3887.26
2775.59
2360.23
5277.58
2959.19
6046.74
3205.52
3488.16
1760.37
3845.38
4966.79
5655.67
2491.94
2010.21
3162.58
4229.23
3636.75
2036.14
4096.09
2755.36
3215.31
4735.84
3774.49
5310.44
7041.91
2939.14
4369.23
2565.03
7391.75
7549.68
7077.92
4421.2
9739.38
3105.46
4208.61
2503.91
3614.32
10900.5
6823.52
2605.17
3305.05
2371.53
3359.52
3169.58
3291.84
3317.43
6543.23
3467.7
2641.26
5965.71
4949.83
3380.73
5543.67
2012.51
2698.46
15797.9
2621
5886.22
3192.97
5930.24
2361.58
7098.27
5523.76
2309.5
5104.1
5530.19
3908.52
2612.36
2732.89
2299.92
3269.72
2276.72
3408.83
3298.99
2811.95
2356.06
6269.56
3088.45
3748.85
3478.57
1810.7
4434.99
2116.21
10162.7
3954.16
4251.92
6630.03
2117.9
3327.83
6180.34
4306.76
3463.55
4651.69
7726.16
4170.1
7641.56
2976.73
4765.19
3835.57
2868.91
3465.83
3003.99
3863.06
3432.99
2782.83
2498.91
2610.4
5510.81
4620.46
3940.4
8240.05
7548.26
2817.84
1766.69
3476.83
4014.38
3384.36
4316.86
6615.02
3696.63
2034.7
3747.58
6168.71
3334.63
3238.45
2024.21
3444.99
3231.05
4103.26
12297.8
4036.25
10490.6
2607.6
7103.5
7499.43
2836.98
2904.92
6143.58
4856.17
2696.16
10458.1
6136.77
11858
3572.98
3676.49
3036.81
2864.44
2829.29
2685.75
3661.66
3487.58
2948.51
5702.56
1811.9
5192.37
5451.07
5102.41
3683.93
1874.35
3527.77
3051.22
2982.93
4361.15
1845.78
2753.26
1896.59
3575.85
6578.4
3446.58
3191.02
2253.9
4313.22
2913.93
3039.53
3792.76
3605.95
3843.68
3130.39
5063.12
6540.65
3021.16
2642.4
4121.85
3430.96
2299.3
3914.53
3781.82
2613.2
2804.25
2117.8
3859.39
2906.69
3993.42
6749.19
18498.3
5440.77
2346.78
3165.35
3559.79
2749.73
3582.61
3591.27
2213.55
4468.7
13149.9
3163.67
1913.73
3682.7
2328.31
20000
5233.39
11446.4
1910.18
3060.9
2279.35
2735.71
4304.82
2537.65
1850.86
10429.1
6395.52
15391.3
5187.99
4850.85
3275.48
3224.19
6723.67
3700.14
1875.55
9444.82
2341.88
4115.14
2810.26
7460.01
3234.95
7143.44
9472.49
5257.57
2866.14
3354.64
2207.63
2238.72
1767.24
4429.26
2283.16
6398.77
3169.75
4216.56
4020.16
2791.72
2628.37
5366.53
4098.44
2976.97
1891.87
2557.89
7816.81
2901.82
2249.07
2305.98
2850.1
2733.41
1826.69
8144.98
2383.05
3264.51
15552.9
4618.26
2124.84
5053.84
2225.71
1860.47
6716.1
2173.56
5026.91
3613.77
4047.67
5643.49
5805.14
1980.23
2756.13
4388.98
4645.61
3070.36
3752.22
3230.11
5795.21
2369.68
4003.44
2925.2
4911.35
3806.11
5115.27
9765.61
3928.16
1560.87
2355.78
3006.39
1848.2
2790.5
6260.47
2430.46
3384.84
6143.79
3387.65
3602.67
2869.2
2849.04
3604.95
4647.8
5307.45
2874.98
2983.63
2447.55
2071.84
4562.42
3670.92
3565.7
2386.15
12426.4
1998.63
3358.85
2628.19
2451.12
5381.74
2878.97
7920.49
2773.85
15378.4
4137.37
2234.47
2051.65
1946
5631.02
8920.32
3991.32
2024.01
6017.38
5316.74
2186.23
5893.51
3672.54
4154.96
2836.9
5937.07
3358.68
3310.61
5236.16
6363.79
2438.61
3774.42
8573.78
2899.59
2233.55
3038.87
4099.5
2818.93
3734.19
15393.1
5617.5
2495.41
3465.99
1930.81
4502.29
4031.56
2956.98
4499.1
3817.34
2778.06
5645.8
6488.09
4117.46
4703.5
2937.15
3072.19
3705.71
6091.32
2241.31
1995.54
3371.16
3994.65
2608.98
2274.08
3952.43
3092.94
1995.67
3934.52
3632.56
3824.05
6002.75
4373.87
3293.54
2313.2
7213.39
1417.14
4481.08
2975.29
3362.52
3333.82
2146.41
1756.17
3737.64
3257.92
3436.21
3620.26
5227.12
4088.02
4252.43
4831.01
2541.91
2248.86
3037.14
4268.71
2745.1
3201.71
1504.63
3677.78
4035.03
4330.54
7241.77
4020.36
3283.76
4213.3
3367.06
3107.5
4154.72
3702.35
6157.52
3083.96
2937.62
3045.86
6751.95
3438.04
4214.73
3572.67
3515.56
5878.84
2287.66
2415.11
3377.49
3184.16
6825.37
6219.2
3527.28
3379.56
3577.61
3460.89
5828.53
6118.76
8734.69
1880.59
2700.3
18440.1
3295.96
3805.71
14431.4
3407.83
2813.42
3415.9
6623.94
4183.67
3262.28
1941.26
3187.01
3594.93
3030.97
4099.92
2509.89
2654.19
3491.53
6869.54
2855.38
3718.66
1738.23
3295.82
2088.36
4685.55
4426.92
2562.14
3895.97
3687.04
9724.25
3266.57
6423.01
6215.63
4208.95
2171.63
3615.66
3280.01
3743.49
2303.73
2689.7
3447.85
2112.35
3345.99
4567
7062
2824.32
8645.47
2711.6
2910.6
5174.6
2124.27
4697.73
3443.46
3069.34
2742.81
9327.09
4458.09
6238.24
4354.08
3814.46
5022.57
6118.22
3975.25
5216.88
2784.23
5890.12
2895.79
5611.84
4216.1
7812.41
5388.78
3079.2
3255.41
3255.01
2705.17
12345
3002.59
2732.34
7463.86
2483.83
6268.3
4991.57
4190.2
3283.9
3096.7
4279.26
5929.15
1744.17
2729.26
2615.24
2789.22
1959.12
2729.42
3981.4
1920.27
2594.44
3374.68
2249.78
5072.62
9216.94
3094.41
2677.53
1876.77
6496.04
5808.38
3543.33
3344.84
3727.33
2514.21
8397.36
3284.05
3657.77
3511.5
9547.22
2674.54
4580.22
2655.54
5727.03
3428.46
2932.98
3549.1
3240.4
4047.12
3383.21
5005.71
3140.03
5106.83
2830.93
2795.5
2227.58
12086.6
3349.62
4021.73
3240.28
4834.75
6783.23
2340.75
5969.69
2055.55
8579.13
2858.61
7486.44
2110.46
3793.8
2818.69
3580.32
2787.07
3734.69
3089.01
2119.33
2886.98
5988.03
4785.42
3239.56
3078.62
2194.71
2897.95
1664.98
1960.92
3976.97
3258.5
3902.52
4369.33
4342.1
3875.21
2402.47
3030.01
1532.58
7831.57
6962.03
1594.52
2554.71
3597.49
1718.91
3376.25
3783.85
4163.28
2323.07
3485.2
5426.97
3349.54
6499.55
4094.05
3930.18
2583.69
2197.71
3107.24
3626.24
6987.19
3477.97
2915.94
2870.49
2100.59
5305.24
3018.94
2121.8
3540.82
2002.94
9098.47
3389.68
2408.97
3535.75
3030.97
3304.36
5894.05
2116.68
3731.02
4860.29
6872.93
3091.71
6575.24
3113.61
3984.75
2761.86
3584.97
1494.03
3252.54
5156.2
2399.98
8723.74
4676.96
3604.21
5789.83
2356.44
4224.81
2848.38
5158.27
3253.31
5985.4
6274.74
3183.87
1980.99
2070.73
4435.91
2909.69
6422.28
5736.8
4967.55
4447.51
3351.75
4228.33
3748.07
2629.17
6543.93
3487.36
4029.78
3099.57
8706.14
2654.28
6591.24
3509.95
3432.3
5457.39
2751.81
3088.22
2268.37
6481.46
4021.65
2850.29
2497.95
4922.68
2902.42
2604.69
5026.65
4470.84
12644.4
3988.53
2652.52
5221.66
3215.28
2358
4152.36
2059.15
5015.04
3095.37
3569.92
2417.61
2739.67
2897.84
5044.21
8252.11
5515.96
2522.61
3222.94
4303.32
1876.03
4667.93
3904.3
6495.5
3419.23
3315.78
4416.2
6046.22
10089.9
2733.36
2400.61
2397.63
2665.05
2128.73
4056.58
1852.1
4116.34
4840.13
4682.83
3135.9
7905.69
3166.5
5141.44
1777.86
2274.1
2356.97
2998.17
7352.33
3643.15
5715.39
3159.8
2816.44
2421.49
3033.74
9286.91
3496.5
2738.79
6431.54
6815.32
4123.37
3809.59
3195.64
4223.36
3505.36
2129.47
5706.19
5654.05
2908.4
2321.85
6332.32
2299.31
3602.27
4032.77
2814.76
4793.79
8078.19
2500.2
7234.99
5725.81
3386.24
2326.27
3290.47
1995.26
3417.53
2264.79
2538.86
2559.85
5748.87
2490.91
11906.2
2894.41
7211.41
4975.76
2165.55
11486.2
2402.65
4093.73
2124.02
11504.8
3208.07
2893.87
3904.21
2771.28
2037.33
3419.14
2565.52
2910.4
3300.87
2471.24
4497.92
2709.26
2511.65
2753.36
6649.64
3569.14
6800.07
2623.94
1992.65
3337.42
4361.27
5972.05
6240.25
2983.83
9885.42
3647.34
3434.63
6323.11
2916.15
6102.17
2769.34
2248.1
3227.47
2244.34
4810.42
2249.1
2603.41
9775.38
3610.78
2237.61
1658.84
4198.93
1769.61
2039.9
4378.78
4341.92
2367.35
5994.44
2348.2
5029.89
3233.79
8544.86
2475.8
2137.77
1881.96
2742.09
2201.64
4597.62
9097.92
4759.02
4733.77
4065.43
13769.1
4564.3
2978.98
2203.43
3186.67
3390.71
3932.51
2229.88
2478.43
1774.59
2611.18
7657.11
2291.11
4764.23
3595.03
4733.71
3430.07
5023.43
1641.39
3236.39
2085.28
3636.41
3457.43
4854.85
3520.94
2684.4
2128.87
3398.65
3322.64
5271.46
6469.03
5287.42
7695.73
3254.13
4481.55
5800.17
15637.5
4440.34
14178.2
3792.29
2840.18
3708.12
7050.25
2830.59
2895.44
5607.82
2186.54
3575.09
4532.25
3972.77
2595.81
8714.19
3082.97
6965.39
2966.05
4283.27
3501.2
7176.25
2508.08
2587.99
3429.65
6224.55
6630.14
5937.09
3075.28
3399.67
7943.99
4151.95
4023.54
3876.71
3052.4
6060.82
3898.7
4749.88
5912.81
3004.97
2501.41
5927.2
4920.38
3109.36
2609.02
1921.57
2618.56
1911.17
3519.75
2556.45
1990.86
3571.51
8809.68
3211.06
3674.86
8847.86
2902.7
2402.79
3200.35
3844.62
2775.43
3660.94
4592.1
3421.13
3855.14
3670.18
4588.81
4075.42
3143.84
2472.45
4171.84
3462.28
3016.61
5454.05
3322.22
2403.33
2902.84
10748.9
4580.13
5074.66
3280.83
2546.79
2760.32
7471.72
3901.89
3500.28
5787.73
3862.59
3787.22
4741.11
2187.05
1643.27
3069.22
3900.48
7646.17
2244.8
2987.07
8855.22
5948.69
2314.59
3629.49
4816.38
2068.15
6735.98
3512.89
2698.99
3216.36
3070.13
13203.7
9309.2
10366.2
2949.97
4395.82
4591.96
3216.05
3365.5
1654.74
6532.29
2650.41
5456.41
4383.73
16191
2544.19
4011.17
4926.65
4234.36
3421.78
2803.03
4853.47
2718.47
4624.35
4243.87
2554.86
2290.34
3532.23
3474.9
3365.94
3378.56
3821.5
2266.68
9019.14
2676.35
1863.55
2978.12
3613.33
5448.39
4025.99
6240.58
17643.7
4855.02
3540.14
3478.96
2984.26
8524.63
2920.43
1921.51
4941.12
2501.65
4261.12
3046.27
3594.53
7521.49
2697.05
14137.2
3016.64
4265.93
2665.76
5688.82
2952.16
4665.88
2850.6
2790.16
2668.39
5649.14
4491.41
8910.51
1832.1
6743.21
2835.59
4331.29
4892.04
4854.95
2251.08
4955.19
2218.92
5057.58
5461.75
3636.61
5777.64
5138.13
8676.31
2309.96
3621.97
3080.12
12910.1
4371.62
2541.75
2545.28
3435.29
3971.75
7854.77
2214.76
5543.17
5191.76
3464.6
3252.21
2730.22
3002.45
2944.87
4514.78
3506.89
3839.11
2970.82
4072.5
2743.35
4039.85
8528.69
2324.22
4007.72
4163.57
3530.18
3289.57
3519.25
2913.91
2628.95
4069.86
1864.94
2128.34
3933.42
3934.66
2743.2
3250.02
2837.44
3723.56
1778.37
3916.63
2735.6
4377.88
2152.91
3914.67
2758.76
3457.96
2356.88
2266.63
5884.14
2414.68
2967.91
3111.41
2909.5
5331.88
2836.67
5950.71
5774.82
4040.17
5836.63
5211.97
4245.07
2547.14
10921.3
3951.21
3917.09
3703.04
4432.47
3187.75
4088.01
4417.95
3913.03
7920.85
3863.91
2241.76
2027.85
7317.7
3331.98
2008.47
8380.41
2589.41
2300.04
2055.18
1880.76
2482.71
3478.4
8913.21
3324.21
3624.27
3856.65
6499.7
8047.27
2166.41
1726.89
1873.9
5200.39
5269.52
5179.8
2972.91
3110.67
2530.62
4623.62
4091.24
7628.23
2808.43
2751.31
2598.75
2764.49
4031.67
2678.84
3330.57
6100.04
1975.16
4494.89
2790.38
6038.2
1991.06
5828.47
3824.75
3477.73
3051.24
6720.82
4731.08
2664.54
4084.47
7787.32
10868.9
2353.94
3730.43
3070.76
3876.82
3256.54
3706.11
3497.32
10194.1
1691.95
3361.57
4247.46
4749.68
2531.65
1801.56
7262.71
2011.35
17010.9
2833.99
4342.19
2800.98
2580.27
4406.63
5604.08
2954.67
4613.19
5463.79
4807.95
2688.46
3664.1
5015.7
2160.19
5082.13
3925.84
2606.84
5845.38
10655
5122.66
1911.19
4136.69
6469.09
3475.67
8048.8
2548.42
5436.07
17387.1
5629.58
5138.17
2167.87
1826.62
4797.67
1714.37
5627.77
3402.85
2711.47
3616.84
5350.91
6969.35
5477.51
3831.15
3185.29
1965.19
3125.25
3450.42
2676.73
3139.6
2719.45
2999.24
4868.99
2643.07
4940.48
1764.11
3061
1950.05
3010.44
8263.44
2697.91
5807.6
3779.75
2944.8
2664.28
2062.32
1770.43
2886.15
3104.86
6611.04
5014.1
3615.6
6003.19
2804.2
4960.54
3690.67
1772.7
6748.55
6169.25
2514.24
3495.03
3390.96
7180.68
1719.51
6351.43
3883.09
3668.61
1865.89
1930.06
5466.14
3792
3404.58
2587.21
3807.19
3555.11
5969.13
4013.05
2440.47
3479.69
2867.01
1854.02
4796.67
2703.14
2959.87
4135.3
3547.4
4500.5
5193.66
6478.04
2544.27
3146.22
5911.96
5214.47
4371.32
9157.71
3514.88
4247.19
14995.6
7674.33
7611.6
4731.98
2375.02
4680.75
2596.72
2032.04
3525.16
3234.52
5543.26
2543.59
2701.98
2027.09
7333.05
3229.55
12797.5
3961.35
3736.4
2612.24
2930.78
4156.75
11823.3
2498.78
13193.3
2309.57
2820.82
2520.04
2192.87
2353.82
10256
2364
3571.63
3824.11
2951.52
2073.49
3871.71
2814.66
8721.58
2881.01
3442.01
4451.62
3874.78
2833.57
4301.76
4656.76
4126.06
3335.13
2600.76
4845.52
2417.15
7784.9
5616.74
3747.81
5283.04
4831.51
2844.41
5415.2
18696.1
1936.45
3160.14
3634.07
2185.6
2627.33
2667.93
6062.17
11346
2746.18
1928.22
2860.25
3462.07
3017.13
3528.09
2286.3
3403.21
11318
2586.32
2690.3
1686.77
3085.56
2996.77
3893.83
2071.4
3839.17
3580.52
2747.15
3371.43
4121.08
2761.38
1646.29
5649.82
7769.79
2966.83
3530.92
8286.85
3463.56
2673.27
2229.95
3247.2
2246.07
8037.1
9545.55
2631.09
6055.81
5494.44
3037.57
1451.45
3827.91
2687.08
5243.07
3450.38
2544.63
4045.88
2766.42
2812.51
4815.67
2654.54
2806.53
14315.1
3486.01
7207.23
4392.07
2662.41
13077.7
2441.37
2153.88
3514.12
4975.48
4267.21
1814.48
7677.62
3000.51
4440.65
3741.96
2945.23
14819.9
5095.8
3370.04
2913.57
4055.15
2615.73
6826.76
3352.36
2665.92
2113.57
3305.41
2080.67
2655.85
4680.61
1480.66
2156.85
2778.99
2760.36
14719.5
3047.28
3246.49
6887.64
3281.59
2230.43
2353.9
5827.08
4122.46
2475.62
2244.84
4068.44
4558.25
4489.28
6729.18
3076.06
7397.33
3230.02
2215.75
3249.82
5558.16
3039.48
2175.36
3354.45
2693.31
4139.18
2508.02
3684.43
4801.3
3314.39
3054.86
3958.52
1941.38
7201.63
2227.96
2722.08
3605.08
3238.52
6064.68
10024.5
3212.31
5150.9
4173.3
5538.58
6468.43
