10780.8
11571.6
4315.14
6894.93
5480.25
6479.71
5570.52
4609.35
8849.98
8074.96
9128.57
3191.46
7102.8
3116.13
6788.41
11978.1
7219.84
6390.56
6117.74
7615.04
6691.61
18912.5
4252.27
4799.72
7009.67
5708.63
13580
5263.17
10249
5807.97
4860.45
6669.06
4518.01
6576.61
5320.42
7682.13
4302.76
8072.03
5779.95
7787.49
9862.36
13420.4
5138.69
6193.26
6260.51
5449.67
5682.89
5180.34
4527.43
6419.04
5125.74
5124.87
8327.45
5248.33
9496.35
4913.72
6997.65
21153.8
7404.42
12497.2
5768.34
6059.73
14037.1
4945.94
8796.86
4886.15
7977.26
9464.56
7366.37
5249.33
5907.5
10883.8
7062.97
6994.91
7417.08
6033.44
4813.78
5979.89
4869.47
8600.99
4461.12
8370.24
19027.9
14838.7
12597.6
4255.59
9743.98
4262.12
8924.54
7649.51
7282.34
11364.3
7303.53
5157.47
5197.57
7345.46
7843.73
8591.33
6222.46
8569.51
4785.12
4474.72
6379.77
11802.9
12833.2
10431.9
5352.4
10688.7
4992.44
5439.3
5040.56
6152.65
5507.25
5448.28
12887.6
6261.27
3295.24
3983.6
10999.8
5522.36
5655.1
11513.3
17658.9
5597.4
6991.61
5885.36
12892.4
4088.56
10224.4
6560.23
5358.68
18220.3
7641.16
6483.9
6795.88
3396.35
5003.43
6761.34
4209.22
6219.44
7590.82
4771.79
9589.25
7844.96
11565.8
12496.6
11681.6
4865.25
5263.87
4038.37
5716.59
5438.24
6706.5
7108.05
9828.65
4109.56
4795.66
6155.86
4735.08
4627.71
11593.8
10058.3
15063.3
3793.98
14324.2
10085.1
3470.47
6227.22
10564.4
4802.92
3462.07
5017.13
7018.26
18113.9
13486.3
8531.44
16084.9
10349.2
7088.24
7015.67
8315.56
6387.45
8458.02
6036.33
8270.61
4647.31
7061.66
8223.2
5155.69
6092.61
10181.1
11212.6
4000.58
4540.49
8268.92
4868.55
5097.29
3685.24
12357.2
8592.28
7703.43
5824.09
10092.5
6934.18
6148.95
3963.47
4820.16
9760.77
4337.65
6493.12
4691.15
8797.88
8187.1
6746.37
11534.6
6822.56
6668.31
6030.8
6890.56
8133.72
5880.06
3640.77
11288.3
3938.1
5500.49
4887.33
8253.43
3778.36
6370.09
5871.3
18451.8
12421.9
9396.76
5349.95
10060.7
8499.88
5818.24
3611.34
11951.7
7178.28
9535.83
7025.47
4668.27
5373.3
4540.71
20013.3
8696.75
5238.81
7372.41
3562.82
6405.8
6166.89
14188.8
18129.5
7316.93
8030.64
7497.25
4032.56
8144.62
5470.16
11397.8
8357.58
20186.8
4167.47
4546.92
10891.3
12011.4
5798.61
15405.5
7440.22
14323.7
8613.24
11060.4
14854.7
16320.7
7505.73
5947.22
9325.98
7512.28
7864.5
16859.9
22411.7
5217.65
4915.4
8960.03
6845.34
6578.75
3895.5
7934.07
4641.79
12087
5535.73
4765.52
12200.2
4814.42
5732.59
5694.98
9073.65
4575.28
5553.45
7857.98
3957.12
5332.74
5345.16
9054.7
13292.5
5655.06
8302.35
2861.66
7872.85
21802.8
5559
5565.92
7215.36
8826.84
15000.1
8447.76
4560.79
6303.23
4829.82
5564
5299.03
4013.27
4957.54
5039.03
3217.11
6234.44
9655.83
5781.46
14045.7
5638.89
6047.74
6715.62
5867.83
5631.7
6536.3
9847.47
5878.47
7052.76
5687.41
12098.3
7946.98
4175.78
6043.19
11225.2
7470.07
6565.4
6783.92
5146.93
5243.01
6647.63
6788.61
11340.9
6811.38
11254.5
13317.6
5975
5689.12
6351.22
6644.31
6303.96
9170.01
12761
4986.74
3679.35
11121.6
42246.9
6145.62
5718.58
7177.74
5633.53
11231.4
7461.03
7096.4
4106.39
7200.7
6225.34
10520.6
6450.94
6333.75
22691.4
6355.05
4817.3
7746.26
8838.47
11369.8
5973.45
8277.28
6547.21
7156.82
8889.5
5323.46
5657.6
7071.34
5873.21
5528.68
11175.8
7095.19
7445.2
3718.61
5937.67
9082.96
5273.02
7653.46
4748.37
6922.09
12337.4
5331.82
4753.87
11970.2
5363.62
19745
22685
17360.9
6183.33
6292.4
14562.7
22392.7
8606.12
4586.91
9162.09
10437.5
16899.8
5409.72
8260
5134.39
10761.8
9581.85
4233.19
3180.52
13759.6
8590.76
6566.03
10809.6
4680.49
6256.23
3249.02
14892.3
7198.21
3806.79
6406.4
6349.87
7085.24
7704
18759.1
8361.94
16251.4
11433.4
8565.25
11079.3
6955.74
5448.9
7638.95
5885.57
5118.49
7778.2
8532.62
15780.4
6961.95
8715.46
4243.66
4982.17
5796.05
7169.66
6779.46
5974.49
5891.22
11028.3
6010.84
6513.26
18945.5
31866
3985.89
10887.7
9113.74
10436.6
7235.57
21920.9
5955.24
5863.36
9341.16
5909.31
5152.44
11555.3
7489.58
7574.94
5689.72
4186.01
12056.2
5411.28
5044.68
6184.42
5211.24
6089.79
19450
5945.76
18896.2
4887.18
4841.83
7231.09
4189.97
4798.51
4553.81
12211.2
4550.53
16287.8
13175.1
8579.74
6012.56
8139.68
10837.8
10089.8
7268.54
4852.33
5183.64
6320.1
6025.43
10489.5
4871.37
6890.47
6624.97
14340.1
7949.81
5595.06
11727.3
5458.81
9494.42
5444.64
9866.84
3685.77
4716.25
5238.95
7595.09
7297.94
5636.27
3713.13
7807.04
8576.77
4276.18
4239.42
14537.9
7822.69
8775.72
10390.5
4716.86
3996.68
10799.7
5717.2
7100.06
7561.02
7947.82
7576.62
11002.8
4090.7
7436.43
5068.05
13509.2
3993.57
7250.35
7912.73
15178.8
10462.1
5800.09
7351.3
12506.8
9668.82
9380.88
6246.37
5305.43
4643.65
5205.6
7322.29
3658.26
6685.56
8895.5
4756.07
6400.92
6454.3
7925.84
7763.52
6125.86
5434.57
7659.96
3988.13
6234.25
14446.9
11521.3
12933.1
6989.75
3330.77
6363.49
5707.27
9123.02
4848.87
9236.31
8527.82
4090.87
7246.11
4745.22
7636.79
9866.04
8333.25
13778.7
4083.57
8190.65
6030.89
6576.03
11008.7
7486.02
6626.37
3800.23
5298.73
7560.37
5252.68
4779.95
4588.57
7056.63
4574.38
8294.19
8785.34
6556.08
15574.6
6534.43
19044.9
9080.88
6980.91
5147.76
5198.59
4444.8
6699.17
5136.63
3941.79
18906.8
8664.98
30652.5
4680.69
14819.6
7599.46
4949.02
7334.77
6270.78
6009.66
12441.6
5057.27
5302.24
5766.6
5798.86
7363.95
5034
7970.92
7593.74
7636.07
5857.43
7760.13
5256.97
7867.71
11514.7
6650.43
7990.63
16873.8
4345.73
13113.9
4066.87
6698.19
5996.9
5795.94
6083.49
7205.58
7456.4
7831.88
8244.6
5195.7
4744.91
6935.44
4038.42
6517.08
10728.3
5425.25
5392.54
8899.36
4206.35
5805.81
5512.43
6500.58
7366.17
5088.88
6208.06
5199.15
4141.82
6798.64
5911.24
7971.86
6335.06
4754.66
14960.7
7256.71
25365.1
5928.69
10436.4
7204.48
4474.25
5973.89
9498.55
8376.59
7765.95
4874.74
9353.62
6396.64
9744.43
9701.51
5553.17
7659.59
6189.89
9588.68
12220.3
8384
5126.31
6355.33
17606.1
7884.81
4725.11
4904.83
10211
12158.8
4562.39
8074.01
6141.49
5876.1
12831.1
17706.3
11982.9
16402.1
6274.84
9025.49
11679.7
4323.88
4558.75
4989.22
4224.73
23952.2
7959.63
4878.25
7784.71
18970.9
41758.1
4708.87
9219.82
8152.96
5292.94
9237.7
9589.22
5244.94
6525.94
5886.02
5097.79
5986.04
3695.76
8798.22
13156.7
9780
7717.45
4901.35
11502.1
6194.58
5845.4
7276.87
7092.85
12947.9
4485.82
6900.25
5171.64
8881.1
5821.11
5052.32
10616
11551.8
6091.77
5614.71
3802.12
18781.6
4053.92
5906.65
4268.2
8774.69
5021.51
12491.8
9168.25
5908.99
16214.7
9848.84
4742.61
5168.9
7070.3
7140.45
7063.85
8017.59
7635.68
7021.08
6547.94
4189.43
5006.39
10942.2
6085.66
8062.61
4958.59
6583.33
4882.98
8787.68
6969.86
5210.77
6851.29
8536.41
11517
4408.81
5114.66
6706.85
8651.06
5238.22
9391.94
5781.64
5360.51
6221.89
8105.73
5114.88
6106.87
7652.36
7624.67
8378.54
6540.99
4931.96
5047.61
4199.54
13226.5
6864.99
6974.68
6540.7
4570.45
5936.43
16821.6
5587.07
6253.51
6309.81
8842.49
6772.38
5273.4
6465.45
6011.45
3959.31
6603.67
4043.47
7426.42
9323.79
3978.54
10678.3
4854.14
5739.23
17167.5
5457.43
8743.9
8176.72
6867.98
7392.27
3692.39
25038.2
28395
6756.63
6189.92
5036.09
9218.9
6573.66
8337.33
8642.41
7969.25
12153.2
10807.1
7042.01
6977.25
8571.35
15624.9
12796.1
5845.7
6139.82
5816.01
4176.93
5042.91
5957.32
7633.92
9704.61
5970.22
4454.17
12672.3
8897.5
5029.56
10829.9
10210.2
4823.68
4819.66
6309.17
8489.9
8001.34
9344.38
6033.97
6581.75
8688.96
4225
7108.81
7645.45
6024.38
4712.64
7922.46
17137.8
7720.13
9869.17
10713.4
9474.03
7680.14
6823.79
7771.21
21588
9439.92
5352.72
7825.67
10876.6
14586.6
3595.52
8070.78
6019.1
7283.19
5970.24
7448.64
5966.89
11658.6
5075.86
6772.96
8786.39
6303.06
4633.36
7311.77
14133.7
4450.55
5446.96
6575.32
10065.8
10631.5
6411.59
3249.11
6079.06
5362.28
11837.8
9760.8
6066.1
5629.23
11262.3
6472.68
5813.66
8762.56
4889.61
12845
3907.44
8011.37
10868
5886.84
4777.43
5095.95
5017.42
4409.82
11069.3
7328.36
6199.72
15622.3
8773.53
8115.32
5501.71
10891.3
5909.35
4419.48
5051.68
8033.83
8299.84
7674.61
5593.91
6615.37
4680
7626.62
36036.8
3248.46
6824.6
8858.74
5559.22
4816.3
8160.68
11615.4
12044.8
4005.18
5664.66
4226.24
4112.93
5720.72
7756.41
13915
9423.56
12016.2
7552.33
6437.48
5742.52
5279.23
9558.29
7923.7
10153
6336.69
5608.79
12749
4905.38
6381.61
7416.4
13390.9
11667.9
5589.8
13106.3
6303.22
5913.23
7128.14
5311.28
4247.96
8359.32
8400.65
5299.96
6960.48
4931.49
3556.17
6805.78
3690.82
7948.69
7408.6
4278.92
13814.2
6263.66
10963.2
5660.4
5019.52
6068.29
9225.11
6019.17
6867.97
10188
7636.23
4943.71
10883.5
6879.81
5407.06
9202.14
7146.05
5599.16
9021.67
5147.97
6066.94
8652.95
6875.97
8911.45
15392.7
4986.21
6666.74
4695.77
9011.87
7777.06
6524.97
6305.42
15773.2
6907.19
6679.5
10275.7
10790.6
5788.61
10737.9
8610.46
6688.64
4775.79
11907.2
5271.74
4279.15
10363.8
8671.77
5108.87
7893.77
15361.1
10062.2
14681.5
8970.05
6156
7381.54
7983.7
5394.05
6178.83
5523.01
4955.54
7108.64
6157.25
6455.49
6169.91
6518.88
7162.75
4892.79
6405.69
5069.97
9001.95
5168.23
5313.01
5814.86
5769.12
7521.67
5651.54
4297.65
5599.43
11936.1
6741.8
9681.83
4713.83
16387.7
5718.17
8557.78
6777.78
9601.44
4099.73
5384.95
8858.73
6831.89
9624.54
7836.34
5042.1
5629.69
8599.87
6310.65
5263.38
5774.76
10528.6
11695.4
3872.5
9923.08
9367.48
7102.73
5730.18
5694.99
12190.1
6599.86
8314.49
8985.49
6583.54
4713.97
4852.7
7028.93
5790.81
6925.21
7844.72
5634.53
4229.25
5552.67
5278.36
8142.55
15204
6137.38
12463.1
3760.46
7150.89
13922.5
5381.88
7278.32
9585.6
7678.58
3653.14
7830.08
10861.4
12094.8
5611.52
6167.87
8739.61
12315.8
6868.26
9324.75
9288.23
6845.88
4725.25
6357.22
8900.02
4224.32
3397.66
7708.44
13065.8
6304.07
4750.07
7521.67
6549.4
3298.48
5063.93
10456.1
7118.61
5782.8
5777.74
6145.23
5842.1
5228.35
5640.08
4387.32
5331.1
5248.3
8832.67
8233.07
4777.12
6503.25
5509.42
5232.55
5829.06
6392.68
4314.52
9878.91
6425.62
5315.42
7854.78
7048.52
6774.2
5409.91
5578.75
5752.54
6520.86
4520.06
11231.8
6545.55
3651.05
4622.49
5410.08
7520.61
6316.32
7774.97
5829.18
8967.72
4647.97
6405.92
7168.43
9707.68
6756.26
7249.18
6678.59
11513.2
4340.37
9428.82
8422.37
13144.3
10940.3
10176.5
6493.1
10998.1
15691.8
15476.6
5375.75
3634.51
5461.51
10705.1
5432.13
8673.78
13245.6
4314.28
6556.88
6857.44
4345.05
11228.1
9356.61
7181.69
6622.38
6704.66
4181.22
6294.62
6678.54
8275.89
5590.55
6635.14
3501.59
7906.99
7138.7
5191.84
6004.58
5426.97
7632.4
6547.61
4687.75
8260.33
4759.31
14468.1
8720.33
5010.96
9765.78
17755.3
5704.09
5738.99
10741
8705.07
8053.65
6573.36
5511.09
5518.24
4992.8
9259.27
3207.66
8609.55
6550.63
5122.89
5296.5
5812.19
8055.34
5897.15
12620.2
5951.09
5320.96
6323.98
8621.75
8060.94
13908.2
8525.78
4461.11
5989.18
5392.41
5021.1
9226.79
10704.5
3390.78
6216.53
4094.35
6155.72
5120.83
7279.31
5970.18
10096.7
5409.09
7580.99
4155.69
5813.04
3536.24
3965.41
3900.26
5997.05
5346.88
4915.37
3767.28
6180.06
7761.55
3769.17
4097.21
3704.45
3534.89
6441.12
5494.83
12116
6457.85
24706.3
5967.07
9121.43
4595.19
6811.06
8110.92
9139.46
5088.1
6704.06
6349.85
8467.66
5012.97
8363.21
9957.44
13207.8
15390.9
12204.8
8451.55
8601.25
3208.37
23527.3
4918.1
11692.8
5514.55
10393
5654.21
4739.86
7479.22
5219.03
6185.82
17991.2
5516.6
5326.32
3857.35
6560.55
5426.77
5466.27
4055.91
6455.18
6366.26
10272.7
6851.66
8588.63
10090.4
5647.37
7807.31
6236.7
4866.13
7707.22
10578.1
8563.09
7985.5
4662.17
5950.89
6308.71
9949.79
13776.7
5764.67
7886.42
9491.5
8152.25
15832.4
5711.99
8191.54
4113.76
3723.33
10401.6
16420
6023.15
8471.25
3616.97
7043.6
4887.74
4123.79
5636
4941.83
5392.5
6965.01
3598.4
11261.9
6432.01
9310.92
5244.64
9133.19
6135.42
4359.83
3564.4
5709.76
6022.75
5157.73
7601.45
13956
3852.93
3833.91
5831.13
15077.5
16542.4
8496.11
6954.87
6605.93
4078.68
5437.93
5363.24
4851.47
8339.89
6893.04
5509.83
5130.52
4258.56
4084.79
8520.19
7868.67
6211.54
7248.35
13128.7
12219.5
5559.59
6758.98
3243.51
9991.54
5899.76
8292.27
10032.4
5097.78
13731.4
7863.41
4621.55
6412.75
6662.15
5896.89
4614.77
6794.28
5172.74
7205.84
16642.2
14714.8
17103
11504.7
6008.84
5428.87
10296.9
10592.1
4462.44
5762.61
4289.23
10996.3
9743.33
10412.1
11771.2
14190.6
8795.23
11075
6837.97
4552.89
5181.15
6333.6
7422.87
6313.69
5623.06
5734.8
11123.8
6650.74
6812.75
4102
7574.05
7472.91
7248.43
7911.62
15261.6
13746.2
11364.3
9156.56
5642.78
3218.38
6682.56
5928.65
14893.8
6414.52
5384.03
6289.75
7289.2
6075.44
18671.8
5026.35
10592.8
7681.3
9202.66
7476.1
11248.3
5068.08
4685
10949.9
8988.38
4798.07
4701.87
8805.11
6916
4960.34
5899.13
5416.78
7271.13
6345.19
4138.27
6168.82
8613.07
7260.6
12148.2
7871.58
7303.93
7114.82
4081.83
9043.29
3632.16
11740.9
6685
5107.2
5386.85
8096.05
5976.66
12410.6
9383.13
6489.02
7562.69
16893.6
12395.4
6765.99
5047.02
5501.32
11615.7
5874.91
4586.05
6941.7
7444.64
4100.46
8302.14
3571.21
13654.4
9722.97
7485.38
5142.73
5202.97
4130.48
4985.23
5193.69
7452.67
4974.06
9502.05
8023.34
4758.14
8857
8241.03
15942.3
8427.85
7874.26
7815.29
15174.9
6463.11
5717.02
20286.3
22111.4
5067.72
6214.88
14365.7
3867.15
5094.88
5214.9
4642.49
7055.32
5025.63
7886.2
5035.13
6499.34
11526.4
14387.7
7647.74
5668.67
7095.8
5606.75
5966.5
5862.8
3942.19
9296.63
5564.51
6444.86
11798.5
3501.07
6671.7
5599.47
9350.48
5241.53
7345.78
5484.11
7608.58
7597.08
6381.28
5411.83
16918.9
5039.28
7952.45
7251.68
12016.2
5625.67
5760.7
7911.48
4473.44
5212.56
4636.9
6349.14
6352.49
6057.79
8171.98
7402.61
3538.7
14581.8
6603.91
4702.86
8608.02
4829.68
6620.63
8265.42
5891.02
8857.2
8828.19
4988.63
9249.18
4779.96
4651.1
8422.96
6324.19
6884.16
5317.97
3593.01
25510.2
7218.84
3120.19
6996.4
5973.85
4105.75
6313.42
6765.58
5744.26
8669.27
8287
5977.15
6143.05
4756
10299.9
5182.73
6286.59
5332.11
5497.61
6105.71
5976.1
7570
6664.95
4025.8
8986.18
4014.05
13723.9
7482.73
6215.92
8839.81
6581.36
5577.32
5911.6
6470.63
4373.03
6178.07
7646.03
7402.95
8308.35
7762.64
4288.71
9014.97
7322.91
5262.61
5718.8
4482.4
4870.58
8000.72
9917.48
5483.3
9289.47
8773.52
6905.31
6158.63
14444.7
6973.6
5121.33
5659.3
15460.2
6445.91
5073.29
5726.6
5987.16
4127.83
4637.68
5132.21
5479.98
4332.95
8353.24
9252.21
7369.05
11674.1
10907.3
12608.1
8962.29
4332.18
9516.83
4761.07
7553.13
21164.7
5699.57
5025.81
7904.25
5149.38
7121.5
11185.1
7126.32
9191.98
5879.93
7217.21
4743.44
6645.3
12943.8
3989.46
6254.22
6624.24
6163.52
4339.09
7141.27
3862.89
6929.57
3327.65
6367.13
10419.2
14593.4
3912.76
5253.72
5624.55
6328.7
17142
4326.68
3870.14
8272.96
6395.78
15400.6
10198
4634.66
14046.8
7037.42
5043.74
5482.23
7698.47
4721.43
9348.99
7739.65
7885.43
6490.69
4084.31
5050.32
11275.9
9953.23
5791.27
5022.04
7690.94
4491.2
5431.79
7592.01
5560.27
5273.59
5412.1
4918.3
8293.87
4270.21
8203.61
19092.5
15442.6
5259.65
5434
4783.04
8849.58
9799.78
25790
3490.05
3871.17
9031.41
11410.3
9645.95
5996.37
5817.75
5437.07
10407.5
15619.9
5333.46
8322.21
8975.98
8355.57
13992.9
6918.95
16814
5541.4
4856.84
8838.6
11316.5
5720.79
6074.6
4016.08
9412.39
9107.95
10794
4801.1
7756.33
6410.99
7657.84
9055.47
6452.62
18902.5
11538.1
7861.04
8113.83
9411.98
10559.3
7629.82
5681.94
6516.47
10824.8
4698.78
8075.82
15224.4
20216.1
8664.86
7072.42
4926.08
4076.64
8109.04
6118.72
27893.5
5700.36
10922
6538.87
6824.12
13568.1
5308.07
7753.6
4616.88
4665.78
5570.57
5390.89
9144.33
5669.17
4087.92
4298
3325.14
3884.81
5216.42
9131.59
7086.53
12240.8
10124.9
4466.49
8916.27
6069.84
4250.32
11868.5
10581.6
4249.7
12752.1
4575.85
4515.43
7008.21
13197.1
8645.15
4111.05
5685.57
4227.48
5025.75
10346.3
8752.06
6220.39
5539.76
6355.89
9260.36
6243.63
4036.3
7673.89
4111.74
11395.3
10549.4
15600.2
4386.79
9980.22
4439.15
5953.3
11385.1
5918.63
8743.18
8619.78
3645.09
8617.62
6333.82
4846.01
6567.72
4546.44
4559.63
6217.83
4660.91
5435.46
6150.6
5331.9
5378.61
6519.54
9368.7
5814.69
4534.15
9011.21
15849.7
4612.65
10517
11526.5
12090.7
6868.21
4811.71
10097.9
4421.48
5404.12
11585.7
8242.56
10737.4
3968.37
9788.3
6020.85
5551.05
11052.8
15679.4
4764.89
12608.9
7247.43
4558.41
8857.7
14636.8
15465.4
17387.1
9357.08
6970.44
6802.68
7148.03
6852.4
9486.58
6958.97
6706.65
19690.9
5503.22
6494.56
13050.5
13078
14793.7
8267.48
7626.87
4997.68
7648.76
10334.4
4808.79
6110.57
6003.32
9945.35
12529.7
6955.81
5077.24
7087.98
4869.93
5374.35
20051
15548.2
8182.24
14762.4
10705.3
7286.93
7005.03
3487.36
8477.13
7435.17
3784.38
9784.34
6485.75
6296.71
6070.13
10358.3
3907.21
25333.3
6576.14
12637.3
8223.03
11221.5
19128.8
8632.66
4922.47
9727.61
5035.01
4174.7
11472
5207.95
10088.2
6475.42
4602.43
6582.27
6871.63
4563.33
8757.5
5335.4
9123.28
5292.34
7280.45
6516.17
8126.43
4829.07
7733.51
3299.37
3301.09
4699.99
8695.33
9059.77
6301.76
6591.24
6814.99
12977.8
27964.4
4984.57
7454.13
5874.03
4894.77
5354.72
5127.8
6976.36
13164.8
6625.62
9518.52
4305.5
10405.3
9032.12
7851.17
7107.55
8682.97
4207.76
10348
6046.62
8693.26
6041.22
5868.23
5372.28
11699.9
7576.06
4205.45
4755.31
4573.69
5894.5
19866.7
8022.85
5466.13
5163.42
5297.29
3783.27
6700.24
4762.61
6033.64
5199.81
5152.62
4271.42
3953.87
11181.1
5236.33
5430.22
6834.12
11626.3
3694.13
5710.88
7159.36
6489.7
5267.41
4922.15
12019.7
12405.6
6937.34
8385.28
10035.2
3973.69
5383.05
2832.05
7159.79
5590.1
4339.94
6743.73
5696.61
4849.59
7823.66
11150.9
6970.84
6262.48
7678.75
13168.3
5519.27
4160.88
5554.59
5605.3
7267.57
4329.81
8538.32
6899.52
8553.19
15822
11061.5
5888.53
9670.59
8225.27
7220.27
7306.13
4891.98
5458.27
5510.55
9327.77
10413.2
9671.98
7609.77
5958.75
6951.13
11009.9
12241.2
5803.2
5588.15
6560.03
4805.1
9414.87
6448.96
4455.92
11263
3897.45
6731.74
7019.11
6553.72
6945.17
4849.65
4408.58
5089.31
5475.07
4566.95
5357.95
8448.97
5284.91
4747.2
5768.74
4752.16
6851.71
6379.29
13224.2
5201.34
7195.99
9208.83
10545.4
11195.5
5409.18
10608.4
20686.1
6292.44
4232.54
7246.76
4385.1
9520.11
5443.22
4642.99
9280.1
5930.93
14360.9
5761.54
10421.3
6717.17
6496.7
12049.3
4503.36
27681.3
15162.9
5322.37
5275.79
5230.61
7794.64
5761.56
4089.61
5760.91
10179.5
6655.38
8995.6
6039.14
7144.33
5108.55
18351
7009.38
6335.42
6028.31
7496.87
5951.04
7368.91
4204.19
6669.16
9623.69
7571.33
8673.4
6185.35
6435.08
6082.64
4549.55
7230.7
3331.02
6121.96
4333.54
5481.52
5871.89
5084.52
5735.23
8175.2
5526.68
6065.86
6679.58
11365.1
9613.63
7356.7
4838.81
4521.01
15365
5257.81
5997.94
9710
4558.96
5305.55
3826.54
15218.4
4231.53
7004.09
8105.96
7593.78
8989.63
6813.22
4378.1
6135.49
5899.35
15286.2
5159.86
6689.22
7112.38
4704.55
5326.74
6849.01
5001.48
7837.47
3397.4
4040.06
6011.22
4653.34
5944.31
13408.2
6561.59
7335.01
4267.29
7240.19
14001.1
5553.62
10114.6
5377.39
6681.29
5455.53
6430.86
5868.83
4656.2
4214.09
6424.51
5225.11
6379.41
23551
4882.48
9857
5510.21
11300
4753.74
6780.56
4046.38
6517.98
3775.75
8926.5
6836.83
15094.4
6211.25
9127.03
7526.62
6527.18
6243.73
4256.46
4064.88
8002.6
4925.99
5325.69
7160.67
15997.7
9762.43
5017.17
5468.92
3166.28
5795.57
5437.36
5619.07
15412.7
4105.57
6066.87
14570.7
3973.1
10029.4
4892.17
10334.1
4378.3
4379.33
23828.2
7300.68
11966.1
9405.95
7082.63
6194.44
9921.51
5402.46
8975.62
4775.85
7804.13
6529.76
6451.96
4822.33
8563.35
6522.16
8869.33
15534.7
6455.73
8018.87
4340.16
5431.29
6960.93
11282.1
8567.71
6890.7
5726.28
4034.75
4797.17
17450.4
10511.4
5303.37
7524.12
6357.48
12161.5
7603.07
5282.37
3755.46
5463.19
5595.85
4890.65
7484.96
9603.46
8335.69
5280.52
5948.26
4162.34
13305
5566.64
4932.17
7594.86
9160.84
9730.76
7760.15
5221.69
6762.24
6999.55
3603.7
3791.06
5076.14
5507.52
5541.38
9012.91
4665.88
4457.82
4148.41
6781.58
4740.44
10043.7
6307.16
10704.4
5318.37
4413.93
4518.84
5360.65
7314.11
3444.08
3960.01
10476.8
5572.31
9293.55
10336.3
6297.07
7908.2
5596.59
7791.92
5641.27
6923.29
8553.92
6075.61
27249.5
5151.4
3989.86
18475.3
16175
7107.1
10780.7
5498.68
6464.4
7675.24
9733.98
12284.1
8140.69
4894.65
7161.59
5854.67
5420.6
8743.74
7131.9
6051.01
4065.5
11877
4961.05
13508.1
5431.65
4602.17
4517.77
6703.21
12133.3
11050
4328.77
6952.28
8612.87
5789.54
7515.01
6122.68
5024.25
4174.86
5366.1
5164.26
5418.02
4454.71
6087.24
9092.28
13142.2
10680.7
8244.64
6491.29
7252.69
8151.8
4580.26
7647.48
7093.35
10560.4
7540.72
10139
4532.71
5390.01
4081.6
3745.39
5474.82
13345.7
4505.28
10255.5
5020.68
4782.09
8472.18
8053.35
6033.78
10133.5
23931.1
5564.19
6315.24
5804.27
7182.91
6456.89
6358.57
3047.16
22994.8
11074.6
18508
8882.49
5303.22
4658.62
8811.62
3698.41
3901.36
9199.49
7116.02
4496.03
4189.41
3782.14
5089.29
9640.21
5538.61
8087.13
6535.29
5963.84
20833.6
8968.91
7058.39
8723.76
6196.48
5370.08
4574.64
7391.8
9292.35
4023.08
5819.2
4465.65
6370.36
7400.14
9750.96
6202.71
16811.2
9242.36
5028.85
5333.12
11122.2
5357.76
11909.1
6756.83
5289.63
9301.4
6751.31
6808.96
8534.19
6269.2
7297.63
6700.49
6959.26
4385.16
4736.97
5228.55
13058.1
6093.1
10413.6
5644.33
5011.03
5334.01
6369.09
8343.98
7028.9
4852.9
9308.4
3706.91
6832.5
7330.9
6696.69
5692.83
8067.36
12492.6
8068.5
5180.35
7419.63
5327.35
4247.08
12544.5
7587.4
3726.55
4981.28
6290.65
5500.34
18119.2
6354.59
6452.23
5191.39
7360.14
9705.97
11033.9
5549.36
7836.76
6900.11
11323.1
4727.87
6500.45
6263.5
9747.04
7091.04
8631.7
10061.8
6663.57
6492.91
9089.45
6076.75
4192.77
6738.08
4666.67
5182.74
3689.11
8308.79
5092.02
5585.62
4159.45
6109.9
4143.4
5461.46
7446.36
6976.7
8862.93
4230.39
7815.24
4332.68
3934.25
7412.51
6587.91
7316.19
5881.06
11698
6595.88
5663.65
4873.96
4746.44
14308.9
10246.7
17767.6
5574.42
4388.69
5400.64
5189.12
5573.26
6474.54
8293.77
6936.26
4567.06
10405.3
6476.98
4768.97
6250.37
4071.45
10075.4
5200.63
10294
5176.13
12569.6
4679.22
7434.48
5759.03
8756.08
8948.7
7645.71
7304.6
5588.17
5447.52
13695.3
3892.92
5481.67
5978.8
4784.28
9190.82
4245.64
8365.84
5506.47
12586.5
7085.18
10624.2
11769.3
12256.8
5211.53
4070.99
11933.3
11499
8098.99
6059.33
8547.02
7230.36
4484.15
6472.8
9540.88
8982.2
8562.26
8461.41
7144.68
12483.3
6792.25
9146.67
10273.9
7625.8
8222.24
4338.72
4177.16
7084.91
7801.63
7542.87
7196.03
19787.9
6208.07
6249.27
5835.59
9559.88
7221.38
4924.18
8161.79
6260.61
6053.67
4786.24
4712.47
19828.9
9128.54
12657
6558.61
4788.98
5365.64
5616.46
5554.24
8638.77
5962.99
8141.26
5144.68
7280.6
7179.3
10247.8
9489.96
11955.9
7465.89
15989
7784.81
12680
6774.33
4338.68
18530.9
7600.67
4857.03
7418.29
6615.14
14098.4
5480.41
5906.14
5105.05
6353.65
5326.34
3972.28
6823.4
7397.66
5708.38
4026.4
17437
8184.41
5023.44
4958.86
12068.2
4458.4
14992.2
7471.66
4795.07
4267.4
13454.4
4223.29
4714.85
33176.3
6629.52
6576.01
12005.4
7285.85
10138.5
5343.85
4052.45
4212.18
4060.3
3585.86
8268.81
7650.94
11841.7
13840.4
10609.3
7650.07
6588.57
6896.52
7650.48
6695.33
5857.6
9170.63
11224.6
5052.34
4417.2
9282.26
5934.83
7490.11
19296.8
6572.82
3886.53
5328.58
8621.41
4838.4
9053.61
8923.1
5438.83
5476.61
10885.8
3458.15
6367.91
4977.69
4968.14
9102.71
3962.33
5202.41
5992.6
15471.6
7879.54
11925.2
7185.34
7226.48
8679.42
4768.79
5052.79
15385.7
5390.41
16964.4
4247.95
5058.31
6120.61
7475.19
8573.99
5176.59
3616.57
6012.39
9584.25
6520.81
4963.32
8844.93
5707.27
6466.58
5501.81
13228.3
11594.5
3831.17
4328.81
5845.33
23148.8
19611
10903.6
5829.28
5593.36
3109.12
6791.59
7203.56
6739.72
5092.59
6677.91
6051.35
5070.9
6519.89
8227.43
7491.48
6161.56
7976.3
16222.7
5485.42
6218.24
5484.97
9571.7
7069.67
10966.5
7350.15
6129.33
5130.29
6411.55
9418.06
3963.63
6890.99
9429.3
6268.41
3384.4
8429.69
5763.69
4876.58
6962.57
7821.02
8848.08
4477.59
3733.01
5991.71
11633.6
7761.94
7054.74
4521.92
8551.97
6712.24
7829.42
7676.82
7580.47
10354.9
4369.32
4933.96
10346.7
16665.1
6170.95
5445.19
8542.78
11277.5
4567.96
4206.07
5923.02
11306.6
7167.68
11440.9
10398.6
7657.78
12647
5413.18
6308.1
8852.44
5666.06
3255.5
16000.7
5792.63
6045.92
16171.4
7627.42
4069.77
6538.22
6317.68
3804.44
4178.71
6904.54
6195.27
7673.74
5625.28
6691.91
18810.3
20625.5
5967.35
4499.04
3324.69
8831.57
6316.16
8474.35
3998.06
4344.37
5319.86
8452.9
10206.8
10522.3
6910.03
9173.66
8681.27
8293.17
8594.59
7796.73
14838.8
5650.82
8456.43
7057.65
4495.51
4446.61
9919.6
6977.51
10920.4
4921.1
5379.22
14577.9
6444.22
4350.79
8657.14
7749.19
6973.91
4979.18
5574.86
12109.2
6623.48
10537.2
9179.45
4618.85
7792.84
7271.02
5246.85
5286.44
11449
4887.58
3502.38
6001.97
4649.84
13559.9
9556.49
4929.23
15265.3
6902.22
9453.03
4620.13
6851.86
4371.43
12770.8
3170.64
5574.75
8216.47
5810.09
8167.88
4849.7
7806.99
7108.82
6263.69
9077.9
5175.05
8061.18
5697.54
7513.87
10068.1
7565.69
4450.03
14197.4
5810.4
12593.5
7501.47
4570.8
8262.24
11920.9
5102.26
8285.85
10521
8377.71
6812.22
8269.62
4719.61
7580.98
10893.3
7682.4
6540.3
4633.28
5510.05
7803.06
8989.45
5384.13
5804.88
5082.2
5928.66
5321.48
14332.9
8071.21
9384.62
12840.3
8297.65
5764.75
8104.52
8677.4
4049.96
12466
7407.59
8688.44
4814.92
5097.75
8828.71
6778.52
11158.6
16787.3
10079.4
7532.43
19711
4858.42
9978.36
15581.1
7192.74
7904.79
5067.6
4858.74
4451.87
15502.1
8250.21
11155.2
4641.47
6767.16
5962.63
10741.5
5850.46
5060.55
3519.23
5112.53
4536.48
7883.34
3499.35
5830.16
5797.82
5092.07
7924.8
4541.77
9415.3
8147.82
6380.98
5978.04
3008.97
5857.94
5216.75
4978.25
9035.38
6543.5
9455.14
5665.89
6665.81
5266.7
6107.09
6551.84
5704.54
5921.85
7637.47
5298.95
10046.4
3666.14
5011.9
4250.55
5474.56
5178.77
8878.24
6404.8
4840.41
7481.26
9205.32
15042.4
8985.24
6710.39
4955.72
4992.45
9192.2
6509.5
10327.7
9455.9
4296.89
8248.35
6398.78
7759.56
5865.03
5116.19
16469.8
8131.5
13218.8
6031.09
5834.3
16947.5
11978
6152.56
6025.77
12460.8
8937.19
7173.22
4064.3
7527.06
5273.77
6790.82
7457.12
4397.75
8759.81
6322.49
8382.38
7242.62
10914.1
8629.81
4755.02
8734.58
8751.9
11853.9
5747.5
8983.73
9752.74
16084.7
7617.13
6874.87
6373.44
6590.41
8365.42
10504.5
6161.78
4924.49
7298.9
7708.66
6903.56
5204.41
8591.01
4813.78
9137.3
4625.24
14555.1
4548.6
5039.73
7855.43
10049.4
5729.32
4685.57
6240.18
5740.27
7428.12
9549.99
10397.6
13686.8
25061.7
12593
6384.99
10963.3
7542.43
6297.63
5595.24
6530.29
12347.7
7131.72
3746.63
4287.88
7334.87
13781.4
8704.51
4113.71
4473.45
13783.3
16109.4
6821.78
4724.02
4341.54
6348.49
7565.52
7050.58
8003.29
5984.74
9836.84
7580.47
3597.32
5273.25
6890.93
3935.11
6429.71
7213.56
10460.3
5215.35
4913.32
8743.27
6509.59
5927.99
6810.32
10829.2
7636.95
9572.11
6813.1
8306.07
7871.11
5122.34
7748.52
5077.93
3850.39
4396.73
8039.99
4349.47
5514.97
4531.3
6145.32
7338.51
6480.25
7436.9
15218.7
6450.04
5424.41
4318.91
8838
3613.99
5941.47
5639.56
5369.9
4904.71
9774.08
3709.78
5481.68
16692.3
9779.36
5085.33
7752.18
6678.12
3508.52
10535.9
6524.2
6886.44
5485.09
9160.12
8122.34
4254.58
6827.61
4741.21
4584.35
14627.9
8077.9
8661
4677.18
16342.7
11762.5
6727.26
15834.8
4750.4
5168.89
6403
6690.37
12264.4
7964.06
7594.64
3707.09
5501.38
6834.15
9940.38
4488.88
5066.96
9651.76
4667.79
4014.44
6176.54
10293.5
5356.55
20551.7
16285.4
7030.62
24346.6
4660.58
4401.73
21980
4510.44
7637.97
10120.7
8307.33
7895.68
6767.44
7449.75
5100.76
28208
5156.89
15069.9
8845.58
9514.56
3394.45
6248.71
7253.56
6442.63
9065.9
5338.39
14777.7
4439.46
3475.49
4445.33
8399.25
5887.02
7285.78
7275.88
4423.54
10331.7
11987.8
9137.87
5710.4
7834.88
5737.15
3637.45
5730.58
8264.29
5524.65
25082.1
6812.53
5032.69
10255.4
8841.17
5624.03
7504.62
12354.9
4086.47
7664.46
15371.5
5731.55
8883.03
7126.85
5381.61
3543.47
8275.44
7032.95
5403.18
14666.7
8344.6
7062
6496.82
5904.17
6168.86
14227.8
4161.62
3762.1
7294.06
7281.72
9056.02
14193.3
14306.2
5829.19
8317.55
8240.21
6103.29
6153.91
5297.95
6804.75
6094.41
3644.45
7073.34
6539.87
7390.14
12091.1
4048.5
9190.4
6348.16
5977.5
6448.46
6045.41
7402.7
8995.09
7237.48
12539.7
7419.11
6255.27
10592.6
8171.26
4858.72
7402.61
4564.74
10849.9
6192.52
9400.81
6811.66
4614.34
4910.05
5801.43
8205.69
4652.39
4403.34
6185.16
6325.29
9118.27
11705.2
8657.13
7845.13
8662.42
9442.55
5021.71
12844
6065.61
4010.72
7688.76
5969.04
7564.85
4695.36
7586.88
11080.5
4033.99
4230.55
5019.8
4521.67
4952.25
6599.54
8544.01
8179.91
8174.28
5886.67
4721.55
4788.79
4159.3
7925.13
6954.76
7442.45
11964
11796.8
6405.03
7386.42
6308.11
5962.96
7220.04
6278.86
5840.06
6740.05
3976.32
6845.97
5523.66
7660.12
9455.99
5650.19
7416.99
8472.83
7584.41
9641.22
6671.07
15277.4
6602.83
5387.98
6102.53
7040.92
5877.76
6052.07
14781.9
6077.05
6527.39
9308.34
6828.45
4004.6
7219.04
2947.32
10627.6
6460.66
4100.56
5280.31
8519.66
7890.6
5578.11
17832.5
4084.3
5064.08
5157.2
4977.59
6119.32
8872.46
12989.9
11208.1
4453.73
5308.96
7427.18
5380.35
14524
5127.19
7761.12
5624.42
4531.8
3391.02
7792.69
10703.3
5411.19
4111.23
4225.85
4064.65
7652.82
5952.36
10495.4
6049.71
10324.8
4058.43
5747.18
7836
18551.2
7875.01
5408.04
15343.4
7966.07
4797.19
11493.6
4698.56
6612.22
11257.7
8026.46
8416.93
4462.8
7483.59
6730.25
4757.26
9178.82
17081.2
4810.76
4313.56
6399.85
3643.9
6395.85
5395.18
4105.81
5989.47
5238.62
6989.45
7760.28
8401.78
4485.44
6980.61
9813.84
20911.9
11617.3
4621.63
12634.7
6554.37
4459.3
13482.3
5539.24
9596.05
5686.16
4670.99
7027.91
5684.12
10843.1
5111.96
5236.5
7354.44
8654.27
8506.37
5098.12
13573.3
10656.9
7691.75
6835.2
11269.3
5076.42
9543.24
7457.65
6378.59
11439.9
12043.7
5378.01
4914.57
11212.8
7760.74
9337.19
5112.34
4226.05
6727.8
4522.72
5554.15
4027.2
4029.78
4434.54
6327.92
7866.62
4096.21
7300.11
7085.72
5150.79
12046.8
9155.14
6529.08
10652.2
4959.58
5291.14
11119.2
10420.5
7790.86
8228.05
11657.3
4313.07
8384.05
12657.6
12182.5
4606.45
5701.38
6315.35
6329.92
5091.86
10807.7
9420.3
4692.67
5620.66
6750.68
6239.24
4627.17
9888.38
5241.85
8907.13
4490.76
6821.17
4643.35
6293.2
14231.2
3934.76
4873.11
10021.4
3816.61
10113.7
8448.05
6951.61
4353.35
5699.24
12077.9
16723.2
7717.6
5028.42
7611.41
9597.48
4459.49
8278.46
4148.39
8817.17
7839.6
6678.22
11220.1
5413.56
7008.89
6673.82
4020.04
3553.01
10590.2
4978.07
12361
3895.93
19137
7898.44
9215.45
6452.03
7113.88
4760.94
6923.02
7075.71
4430.39
6296.64
5069.83
9537.51
5484.7
7755.87
7121.29
4809.33
5330.93
13647.3
4456.04
11997.9
7561.74
27193
7401.52
6189.81
5360.88
10335.4
4718.68
7679.11
3841.3
11849.8
11010.5
8968.34
8129.66
6904
9577.85
4931.62
4362.4
4493.54
6324.02
8940.67
13346.8
5313.6
6585.86
5852.53
7422.39
7125.79
5886.72
4453.2
7131.9
5733.28
3948.15
9951.34
5233.08
10814.8
7677.86
5886.42
3544.46
10943.5
5569.04
5587.91
9690.51
4623.36
6850.83
5758.6
6328.09
5958.28
8436.48
9179.19
11767.4
8349.1
6213.77
13725.3
5189.64
4965.2
5313.36
13513.7
4545.17
6761.01
5176.04
12061.8
11477
6072.8
7070.8
9865.66
14321.7
5462.83
5254.17
15908.9
5359.42
5056.23
4675.66
5050.91
5397.28
5326.53
6197.21
6801.27
7769.71
14063.1
8411.71
5032.13
11066.2
6499.97
5479.1
4006.58
6144.65
4008.52
6888.77
9708.74
5218.52
4506.77
5824.58
7929.6
3942.55
13252.3
7120.2
6056.96
6552.23
7485.38
16353.5
7140.56
5598.63
14472.6
4384
5604.13
4522.28
5018.88
4873.51
6398.19
4715.7
4414.2
5607.97
12165.1
7517.04
5165.17
5799.86
6437.86
6525.41
4398.01
6618.67
17121.2
4645.76
6889.19
5270.13
8895.08
4960.33
5007.08
10470.2
4131.01
7150.93
8127.25
8955.43
13569.4
9744.18
5254.5
10373.4
10439.9
6924.13
4671.31
4888.67
5068.78
11895.5
20186.6
9102.46
3777.32
6172.37
3857.18
6925.45
6693.23
4654.86
5498.31
5809.96
5625.07
7981.86
9796.59
4298.65
7285.23
4870.75
4347.58
5016.83
6676.31
6481.74
8028.47
17782.5
12500.2
4095.94
4639
7809.87
4826.37
17311.7
11466.9
8809.32
9781.02
7102.24
10008.6
12288.2
5609.64
7860.38
6844.49
3490.05
4555.06
6133.56
14141.1
4037.74
5059.81
8182.17
5900.81
7750.68
13050.7
6080.1
5338.61
17796
4310.38
6627.28
7443.08
8800.92
4381.64
6407.21
5433.85
5613.89
4021.87
5673.34
6010.21
5667.37
6100.75
5259.99
4763.99
5909.71
14865.6
14356.4
8630.51
5826.13
6161.21
5285.58
5814.36
8927.39
31201.8
15247.4
5709.53
5643.05
4208.78
5348.22
9895.11
7191.44
9628.78
11622
8150.55
8589.58
5450.01
6523.87
9043.73
6340.95
4799
7745.1
6977.21
5792.51
5211.56
11273.6
8715.07
10555.3
7719.79
14579.3
5069.67
9994.87
9050.27
5376.94
4909.68
7684.45
6252.29
9127.01
6495.99
6351.82
10151.3
6530.71
6180.06
10758
5337.35
8196.08
4970.97
7337.46
18386
7942.52
5404.98
9489.41
13205.4
5538.57
4500.85
9082.87
8550.17
6827.94
6996.9
6370.52
8679.08
9980.57
8403.23
7206.79
5435.51
10276.8
5253.75
4104.51
6716.73
4248.19
5720.11
6640.99
7276.91
16331.6
4233.88
9173.3
5152.1
15494.7
6849.23
8785.76
16262.4
5779.06
7834.33
20376.7
4608.69
7022.03
9022.7
5173.04
7624.26
5496.84
4997.73
10359.1
15941.4
8254.66
10500.4
10865.5
6864.19
5553.53
5813.05
11232.1
5961.81
11612.6
6019.89
7321.58
4499.92
7974.56
5013.98
12276.2
8451.46
11893.9
4325.18
9732.22
6846.19
7338.31
5531.96
9385.06
9620.64
6116.3
4766.22
5000.73
6604.01
3919.15
4795.5
10941.2
11260.1
10795.5
5041.4
6518.14
8041.4
5657.32
6542.65
5549.21
5513.76
5686.11
5551.01
7030.04
8509.64
3722.9
8175.18
4420.25
6054.26
7066.59
5067.23
11214.5
5457.03
8473.25
5547.09
4557.73
13379.6
5444.85
9274.4
5683.39
16881.4
12524.7
8990.78
4960.44
9586.38
14717.3
4070.16
7045.34
5028.87
6785.08
6893.4
4472.38
3513.85
16554.6
10022.4
10175.7
4585.96
5224.8
4385.84
10565.5
3303.65
7592.11
6919.36
6573.11
6230.49
5504.94
10878.2
4436.47
9527.43
10179.3
11846.8
10764.7
5280.4
3601.65
16100.8
9869.9
10254
13115.1
10722.2
5394.76
8189.28
5252.42
10022.5
6170.49
6326.44
6505.28
4698.63
29785.2
4273.37
6623.96
5601.29
4445.03
6306.82
4554.07
5956.62
5064.43
7462.16
4667.94
4544.32
5374.97
8777.58
9986.7
26086.1
9579.23
7070.47
4652.22
6753.47
10622
9792.83
16116.5
7056.04
4326.69
4163.52
6429.44
4919.14
6983.07
7251.19
7391.27
11532.4
6215.34
12728.3
8592.19
5714.21
4757.86
4114.94
5082.58
4591.46
15196.5
8604.39
12259.1
4876.4
7008.4
8132.1
7302.55
5829.95
14599
28518.6
5223.19
9050.72
8646.03
11765.7
7082.11
11224
5726.87
9389.36
18034.6
8164.95
5790.48
5776.17
5570.75
6370.87
8791.31
7255.28
7952.52
4531.5
6357.24
8043.8
5029.93
3011.51
5721.46
7004
5210.93
7750.71
5454.92
6968.79
4516.87
7460.06
5472.6
8108.62
8591.95
5357.08
11045.9
4910.79
3692.45
11858
4787.06
5872.06
4925.32
4690.74
4175.09
8433.46
13772.2
5721.36
7519.35
10965.6
15053.3
5278.89
4498.56
7216.14
4871.96
7574.33
5622.46
8617.05
5107.29
11425.7
16088.3
4591.62
6276.68
10538.4
4997.81
4352.4
14154.2
5234.79
5021.59
8031.34
6737.86
6388.39
6545.25
5853.37
6834.71
6595.78
7913.45
4542.88
14784.2
6853.92
12106
9820.27
7726.22
7755.56
5867.48
5747.67
5439.07
4670.38
7529.11
6630.44
12218.8
10186.7
4800.57
6219.65
4506.94
8602.98
6316.91
5880.89
5746.73
6442.93
4288.08
33541.1
8541.82
10550
4934.65
8843.88
4859.42
4931.96
2994.3
9627.51
6205.71
6582.94
9988.04
7524.69
5139.3
10402.4
11744.6
7076.14
5052.38
11153.2
7156.55
5503.7
13582.1
5487.16
5001.61
5812.6
6274.1
6538.64
10361.8
5020.48
4910.2
4450.37
4461.55
4725.04
10554.7
8792.35
5122.02
5091.95
6361.65
7464.79
6775.84
5416.44
3817
5350.94
4663.58
8256.94
5670.59
4741.32
7762.74
5527.22
16041.7
4001.71
9757.38
4097.16
4162.39
5476.46
6455.26
6062.8
11355.7
9557.72
8084.44
6921.97
6879.94
10189.8
6139.92
17049.3
11948.1
23708.7
8084.55
5099.78
9960.1
4801.48
17264.8
7936.43
8889.71
4485.56
9041.41
6029.05
7376.31
6031.27
5194.55
36547.7
4973.89
7599.87
4341.96
5220.02
4147.89
6306.3
13312.1
4924.85
7091.66
9659.31
7416.81
5751.04
7328.43
4919.76
7231.12
7629.24
11450.6
6519.96
3889.42
4404.87
4654.63
6450.59
5305.24
9255.83
4716.64
7430.21
7457.98
8858.14
6393.54
4029.55
5096.95
6602.56
7139.06
7267.39
14472
5607.19
7610.86
6365.34
6668.91
7862.75
6130.46
6842.19
6425.29
8955.73
13918.8
8934.98
14976.7
11055.3
4043.8
11814.3
6267.04
10110.4
4835.93
8579.6
7814.78
7622.41
11001.7
6606.68
6189.25
5207.46
4685.31
6744.99
7751.93
7754.46
12996.8
7847.12
5427.47
20611.7
6019.48
10075.7
4252.82
17458.5
4629.45
9305.77
11392
4660.12
5304.55
12873.2
5118.3
9879.89
8923.83
4105.72
7552.31
7134.35
10149.2
8021.91
5747.86
19556.7
8387.51
3037.6
10119.9
7838.19
6609.4
11218.5
7223.54
4197.46
6287.33
9059.1
6414.27
4843.69
7936.4
10542.8
5608.29
6067.23
8383.26
6152.69
8316.37
8764.24
8670.23
10986.5
4604.25
13130
9196.34
6958.3
7417.9
3442.78
9467.09
4155.46
6079.36
6614.78
12733.4
7735.53
9874.88
13417.3
4952.46
5175.51
7083.76
25125.1
13429.1
8369.09
13081.1
11176
10349.3
5165.67
9176.93
11516.8
4106.03
5686.61
5106.64
5214.35
5339.6
16629.7
4789.02
3802.53
6029.35
7424.04
8443.97
18366.1
5942.64
6107.78
6456.62
6365.43
4820.26
5781
4820.28
7077.8
10814.6
6302.13
10088.1
5926.27
6145.25
7659.09
8134.03
5441.85
6599.04
4402.73
4479.15
24922.7
12450.9
9735.28
11802.5
4658.39
7287.52
5055.35
4806.2
5137.21
14368
5632.78
5579.35
7516.3
7162.87
4623.24
6446.74
9654.72
8466.8
16845.7
5580.7
4520.88
7521.47
8814
9728.82
8731.97
3644.29
18769.7
9337.43
4984.18
9819.16
7083.27
6186.01
9376.49
7787.69
7162.91
18742.1
11837.2
4181.61
5630.75
18516.6
4380.38
7006.6
11104.7
4227.3
8946.84
10115.7
6180.76
6404.75
5548.5
10858.9
4424.65
8785.32
4663.69
6129.59
7471.62
4386.16
10441.9
6873.08
6028.41
9373.64
10193.7
6366.62
6345.12
25073.4
9850.03
4082.64
5287.17
7243.83
4746.57
6193.57
6568.57
6600.85
9705.21
6641.97
8269.44
6435.13
4933.51
4025.94
4875.25
7431.97
6813.15
5316.64
6038.81
6522.67
11909.2
3573.59
6928.75
7357.18
4893.05
4886.09
7503.43
8921.32
5308.18
10118.9
5074.4
18382.8
6095.59
10929.9
7141.17
4793.66
10407.1
5408.09
4062.7
8982.29
10165.5
13302.9
6042.56
5490.45
5244.13
4804.35
6163.35
11098.8
16015.7
5460.14
7699.32
6424.56
12006.7
3745.14
6588.82
5070.03
7037.37
10406.3
4781.3
7008.2
5681.09
10896.7
6063.74
5281.25
5045.12
6677.21
6083.77
3498.38
10482.6
4540.28
21579.2
4901.66
7265.85
15521.2
5887
7546.28
9086.43
8357.59
6519.79
6098.39
10202.2
4497.56
7549.91
7844.63
5149.64
4798.83
5091.3
6052.94
8323.28
4370.25
7764.36
7797.82
9098.55
11438.4
3683.11
6400.23
4256.08
9201.54
41107.8
7421.17
4900.56
11043.3
7922.73
6281.02
6521.54
7894.43
6585.87
6243.52
3547.57
6511.72
8394.02
7198.93
9797.52
6868.77
12368.5
4541.08
8591.14
5135.18
6072.84
13591.1
9804.51
8978.69
7180.25
3819.01
15448.4
5276.47
5050.08
15837.9
6309.87
6832.68
5039.22
4287.27
8475.93
6004.52
6666.27
5936.62
6337.3
9821.27
5043.41
5804.55
8132.55
11041.5
6396.22
6676.07
6961.67
10351.5
9802.37
5513.73
9286.03
5382.47
5337
8252.65
3953.28
6024.88
6691.02
8252.57
11731.1
10770.8
4769.53
12114.5
28708.3
4711.82
6702.14
5045.33
3039.64
4586.08
9080.95
4644.87
5112.17
3996.34
13671.3
12763
5898.6
14062.6
7537.8
6802.46
7609.36
10861.9
9169.57
6664.13
7464.56
5860.44
10435
8115.02
11558.4
12962.9
5549.62
7786.6
5442.83
5128.1
9055.26
4811.93
7866.1
5828.36
6508.47
8972.01
10081
7651.99
6010.5
5748.21
5054.46
3677.64
8453.93
3971.32
3896.86
8251.06
10332.7
14365
6527.77
7750.77
5420.88
13013.1
9262.06
9142.76
4519.91
7519.67
5660.22
6170.64
6506.53
6039.82
9871.54
6817.26
7842.16
6866.46
14448.9
7194.18
13955.3
11008.1
4981.59
4202.62
12699.7
4084.04
4729.72
9460.62
5314.41
10684.3
5946.69
8098.93
5143.22
8956.52
4373.38
6098.31
8099.67
5861.89
9455.01
11004.5
13097.2
4458.77
6608.25
8005.87
6654.4
7838.54
7276.52
5615.71
26552.9
5641.92
9797.35
4413.71
11321.1
12748
7407.54
3941.59
7817.36
12852.2
6028.2
3948.57
8316.47
5999.89
3834.11
5963.73
5780.19
4925.29
10820.3
6798.61
5973.14
5303.54
5265.25
7479.89
7669.48
5514.48
8148.51
11935.4
19573.5
5129.36
13449.2
4546.46
5371.08
5107.24
12351
6514.14
8962.95
4386.2
7801.56
7870.85
5749.71
6347.22
5815.65
4940.79
19769.6
5637.98
3988.55
8885.64
6419.04
12538.9
7018.01
7346.29
8326.93
8130.13
6714.09
5247.29
14121.8
7815.06
5003.33
4859.57
8444.6
10465.6
9695.83
6309.45
11350.5
10580.7
13732.3
8092.88
10407.5
8385.63
5461.15
5645.68
9075.07
12238
6281.07
4005.71
6169.46
9241.23
8538.18
8123.78
14290.3
6390.21
3264.97
5358.85
7975.31
7802.62
5485.61
14488.1
7206.25
8270.66
7604.21
4845.03
5312.77
12413.3
6867.3
6403.68
8317.71
7187.62
6328.2
5059.48
5572.08
5588.18
4650.41
10479.4
5933.35
3949.84
3888.66
12798.7
5776.55
7643.51
5844.27
11132
8266.4
6691.77
10757.2
5115.56
5619.78
4811.65
5778.88
4293.35
10649.2
5296.2
4582.36
6083.86
4797.13
4446.77
5896.28
2824.81
7542.38
9976.67
6834.31
12019.6
5682.15
9106.61
6019.36
5460.14
5234.78
4982.71
6336.9
23639.9
4289.06
9809.81
5472.69
12050.2
14343.7
5003.06
6343.57
17416.4
5182.27
8309.33
4698.36
11320.7
4667.21
9128.31
8035.4
10398.8
5534.24
6972.1
11887.6
4766.46
7959.65
8492.26
8120.64
10591.7
8122.62
10096.7
5319.73
7008.74
7708.55
8435.47
5728.39
18911.8
12037.6
3226.29
6660.88
5193.76
11888
9281.44
6766.04
6503.58
4697.23
3866.79
6723
9053.45
7640.25
7185.62
5893.58
7842.71
7718.94
6649.88
6113.25
6340.55
5648.37
6405.96
4594.26
7604.89
4623.23
5689.62
9707.33
5385.28
6788.12
4499.2
4344.87
5716.87
7728.39
4150.52
4189.61
10179.4
5642.69
5360.79
7529.04
6048.8
7910.49
6866.06
5722.22
4072
11237.1
9178.91
11242.3
5548.09
9593.47
8887.17
9902.12
9467.49
5620.92
6615.37
4842.38
9834.48
5245.89
9263.99
4658.03
5753.05
5647.52
11798.2
4202.21
7879.28
6560.89
3700.55
8137.64
6613.22
5348.59
13155.5
5158.26
6138.46
5272.67
5636.86
13121.5
11354.2
11476.3
3847.37
15577.9
8037.45
10230.2
6266.83
7195.33
6137.76
6694.45
11787
10687.7
3844.39
7035.83
8905.31
4336.36
6453.81
6775.03
5058.85
11261.1
4444.2
5321.6
4583.25
4437.63
4208.86
13298.6
5846.98
7598.59
8510.92
5310.69
18093
5590.49
7772.53
5687.7
6214.12
7001.88
6035.92
23070.8
6049.22
10051.5
8695.61
4119.29
4815.41
6129.8
12682.1
6996.58
8435.52
7592.66
11638.3
5738.5
6098.83
5194.32
7469.65
12174
11322.4
7756.72
7905.08
10237.2
23157.4
18799.7
3306.96
5601.42
7254.54
4170.24
7024.23
5660.7
6118.94
5775.4
6861.19
3852.48
9150.91
8904.34
4660.09
7429.14
7196.06
5643.42
5593.82
5014.71
9416.31
12597.2
5615.76
4560.29
11045
6675.54
10178
8994.08
15958.4
4342
7290.02
8206.93
10996.7
4948.14
6164.8
6273.17
20600.9
6307.65
5122.96
10047.2
8557.51
5414.8
5457.02
5017.65
6879.31
5397.93
4309.39
5108.33
7818.16
7109.48
3612.65
6356.65
5048.76
4954.33
6622.26
6794.43
8596.89
8965.66
4748.28
4802.92
5010.54
4179.25
10832.7
10044
5135.55
3984.51
3286
8202.18
4611.21
14270.4
7863.08
4924.43
5137.84
4789.52
6104.83
6274.36
6654.06
7082.47
7410.42
7713.21
6081.75
6556.34
10574.1
10392
6492.19
4997.58
9382.41
5654.7
5455.16
6364.43
9201.81
9029.78
10200.8
5646.13
7410.02
5846.39
4886.27
4850.06
8592.96
5232.53
10404.1
9400.33
13273
5948.08
6955.08
6644.5
4623.79
6419.88
10058.7
5009.91
3048.03
5566.82
5820.52
8488.2
7497.02
4252.37
6499.45
8940.02
6218.6
9348.99
5393.29
6006.84
4701.11
8996.44
8311.36
7777.64
5076.91
6820.12
8677.21
10576.4
9062
10403.2
5241.75
4657.36
7044.72
7311.31
7597.8
5664.38
7202.84
10770.2
5852.7
4877.86
4043.59
6853.36
4450.14
9071.88
13202.3
4505.82
5171.93
4779.45
5860.33
4661.94
14399.6
9935.56
10677
12143.2
11341.6
18119.3
13061.7
21088.6
7281.08
7727.31
6898.61
10179.3
11352.9
16672.7
8605.86
12574.4
4712.44
4938.39
6379.76
7369.44
10645.4
6995.91
6113.8
5962.6
4228.05
7849.01
6996.42
14040.7
5469.01
5560.84
7780.05
8299.79
11531.2
7123.74
11431
12722.6
4595.08
6463.61
4579.8
6433.39
17886.1
6061.94
14331.8
10703
8017.13
20714.1
3752.17
10211.7
6469.26
13683.8
12875.3
9015.2
6543.45
6136.9
4735.95
5617.11
9127.56
9442.12
10963.6
4691.54
11870.1
8195.33
12276.6
4968.01
6554.94
5416.29
5284.55
6320.58
4965.19
4737.69
5129.53
6431.02
4900.44
5238.13
12204
9877.33
4172.83
10865.7
9709.84
4892.36
8749.5
7601.29
9414.02
6021.27
8007.91
9221.11
4341.69
3879.56
4634.93
4955.07
9558.29
4319.77
6073.41
16313.7
16008.1
8793.86
4579.85
6843.96
5118.28
9210.29
10512.2
2753.27
6421.92
8667.87
4197.55
6595.83
8949.97
7153.04
11278.4
7712.34
9133.8
5177.29
5820.36
6277.95
7136.56
13815.8
7554.61
6335.01
5105.92
3846.35
3680.41
14849.7
4837.28
7440.58
3917.44
7214.09
6355.8
9280.79
7646.14
3808.03
7771.5
5270.17
13850.5
12167.3
6793.16
5490.37
7475.21
4830.83
3137.05
4725.46
5000.06
3632.83
4194.01
21220.6
6596.51
7556.8
6421.8
15346.7
5074.78
7135.69
6778.47
3725.16
4211.83
12721.6
5917.27
5843.83
7886.88
3773.41
4358.21
4677.24
5964.21
5585.19
9481.36
8396.08
7438.53
7618.03
6509.72
10916.6
5783.77
4651.37
8019
4598.09
9809.56
7874.5
8574.74
5707.96
4663.43
6229.55
7361.44
9567.83
4773.11
5806.47
9197.19
14584.1
4243.07
4610.75
24100.8
11437
5679.92
12985
4496.4
8927.39
5129.69
5103.67
7405.67
5349.07
6288.6
5151.16
13121.1
4055.82
4937.3
5243.41
16477.1
7712.96
6641.99
4246.71
4562.59
9807.91
4369.83
10139.9
4862.82
3575.97
4019.65
8112.81
9999.06
5783.97
10612.3
4571.9
7258.29
10268.3
4291.07
5769
7994.22
8329.15
24043
5795
11154
10046.6
4675.46
6070.7
6551.75
3303.92
5224.05
5219.69
4145.23
9137.98
5199.83
5846.46
4846.86
16505.5
5434.19
10633.4
5864.39
4467.02
9632.34
4775.77
7200.06
9811.76
3622.3
5894.04
10004.4
9158.14
12694.1
4942.58
6740.69
5523.38
8100.56
7495.08
5679.55
5776.33
7530.22
4350.47
26652.1
8678.8
5217.63
8434.65
8925.18
9094.85
6327.09
13509.7
5942.07
5020.26
6356.55
10469.3
9076.89
6290.93
10742.9
5401.59
7286.07
6489.08
4409.45
5753.93
5653.82
8605.5
3802.34
10955.1
7324.69
6825.22
7489.46
5139.47
5079.8
7942.93
9660.08
4930.52
7311.82
5625.11
9931.32
6056.96
5598.87
5338.85
11510.8
6567.32
5547.92
4600.27
20146.9
7974.19
10201.8
4526.55
4783.98
7821.75
6918.26
5572.64
6274.42
4046.96
6514.25
4006.19
5786.94
7765.25
5205.63
4873.51
5271.56
6074.91
6411.17
8490.65
8894.76
8253.05
8691.63
8103.46
14019.7
4478.85
9079.6
5635.68
11127.5
4346.71
7919.28
7280.41
4939.29
5610.92
9363.03
5256.86
6843.02
4918.46
4062.44
6877.46
5601.33
8097.97
6062.33
11526.1
4565.38
6162.36
4813.29
18292.5
7929.01
5432.43
8093.88
6193.75
4827.4
3934.18
7269.49
5820.82
7746.58
8207.49
7535.79
8574.31
5794.4
9085.76
3815.68
11296.9
14306.5
7876.22
6072.51
5710.38
4354.21
7752.89
5807.53
4403.59
6960
6427.18
4793.03
9505.13
4017.57
6683.77
3886.1
7358.29
9801.64
5841.03
4158.4
4559.07
6018.45
5552.43
7799.03
11966.2
4116.07
7209.78
4261.56
6316.05
5296.6
4933.51
7572.1
5540.16
6392.01
10224.5
7494.76
11685.6
7912.61
5987.28
4306.01
15096.5
10602.9
4581.05
6252.33
10278.1
8625.15
15798.9
5721.71
6137.81
6287.35
15407.6
7497.05
4981.62
7869.94
4267.01
16011.7
5577.52
4596.88
4772.01
6604.94
8453.48
4479.79
5081.23
9128.12
3764.28
5761.92
12754.2
7590.05
12898.7
7623.11
8175.78
3583.97
4667.35
21748.5
4847.7
9055.98
8650.16
4866.82
7024
8919.36
5102.49
4257.18
5532.3
5974.22
5626.34
22521.4
5592.32
6952.68
7489.19
12093.2
9102.92
16650.7
12346.8
7908.04
5629.02
7530.44
10598.3
6091.35
7872.59
5246.61
4577.68
10723.6
9338.74
5101.27
7369.73
8333.52
5017.87
5477.09
6750.63
5162.66
8715.73
5200.83
6414.78
7362.61
5848.18
9982.32
7165.08
5114.01
6990.64
5988.93
4430.43
6482.38
11497.8
7049.82
7519.56
6201.09
8770.62
12959.4
8209.91
8120.82
4197.71
4018.13
4706.88
5549.16
13117
7215.4
9545.8
7543.12
5677.83
14283.5
6852.8
11509.7
5483.16
15928
5650.09
18726.6
7072
3694.24
13696
6092.55
5435.65
3919.62
14215.8
7543.65
17858.6
8585.9
5210.77
12952.9
4669.19
3069.42
5331.17
5625.57
4613.23
5095.61
7853.19
11191.2
5880.73
3888.23
4547.63
7818.78
9719.62
8100.27
6953.28
4689.65
10977
8494.31
8556.15
5929.19
4710.07
7281.72
10808
4683.05
5573.76
3227.45
8199.58
5216.11
8598.88
8373.51
15075.9
5298.21
7125.07
9185.3
5999.58
4601.89
4288.09
20280.8
6864.71
5628.6
5774.14
6508.5
6126.52
15711.4
5103.06
9351.87
6498.85
7501.01
5115.42
5057.66
6895.97
9006.89
5824.89
4024.92
9018
13899.2
21752.4
6341.62
7737.84
11118.9
4973.23
17776.2
6687.86
9680.01
17144.9
7149.85
7538.58
9485
6168.14
29155.3
6033.16
8508.66
4030.89
9337.91
6055.44
3937.97
7340.93
5437.32
7459.25
4705.18
9950.38
6144.84
5836.73
5384.95
6289.64
9203.04
4898.24
4571.67
6047.48
8476.17
8542.33
4982.93
14406.8
9266.6
10742.3
11858.9
4823.39
3723.64
7452.54
5748.24
10692.2
4996.43
4928.4
8511.42
10442.8
3074.16
6508.44
14415.7
8250.59
6214.85
9549.67
5296.21
2925.72
9353.39
7749.34
4179.14
8721.7
9820.3
10027.9
6023.26
7110.62
11806.4
4662.75
4281.77
8640.33
6930.2
5107.26
13487.9
6402.6
7246.88
12082.9
6503.02
6436.42
10507.4
17575.5
3727.13
6875.18
8938.91
8710.6
6790.36
3169.29
8471.52
12016.4
5978.44
8549.27
4447.79
6879.25
5350.78
6381.76
6823.06
6186.8
6030.63
11881.5
5995.33
5260.6
4012.99
9477.9
14093.6
10257
6088.18
8729.85
6536.33
6207.14
12203
5832.07
6833.18
3313.74
6331.8
4373.81
9284.85
7382.79
9347.19
6571.69
5569.5
6625.25
14445.7
8335.81
4885.97
10090.5
6497.16
5394.27
15300.8
8462.31
4256.46
7616.26
7402.7
6905.54
7274.42
4797.14
7117.67
7788.54
6104.59
5100.07
6819.69
6686.42
13195.6
5889.53
3277.98
6347.43
7210.74
4330.69
8531.53
6041.52
5632.03
6396.67
5349.7
6073.28
10516.1
8919.49
6144.11
3913.54
7770.88
9353.13
5083.23
8020.05
8426.09
6658.33
4462.1
4022.1
8428.43
16160.8
4113.92
9208.88
10842.9
6355.02
5111.35
10299.3
5087.63
5218.29
5950.24
8337.93
12070.7
15154.8
4235.88
4708.52
4107.19
10589.9
7869.77
5172.31
7236.06
7095.47
6249.32
5543.95
13768.9
5353.47
4413.83
11393.2
9322.69
7835.06
11393.5
10139.6
4861.57
5797.83
7186.07
4125.07
3534.62
14651.4
6581.75
5384.64
5524.84
4913.96
7990.19
6900.37
7191.68
13286.3
7208.4
6974.97
16339.6
7731.08
6914.32
12319.1
4349.57
12154.3
5434.63
7218.2
4607.91
6745.06
7167.45
5465.17
4326.87
8908.63
4752.86
4894.88
8676.04
7252.32
6227.85
5679.51
4600.86
5223.26
7188.33
9166.22
8110.66
6076.93
4194.41
7341.73
3890.06
7345.7
4941.64
7949.97
9275.48
14054.3
6694.65
5351.06
5829.37
3959.6
9056.86
21069.4
4447.65
5645.28
4986.97
9244.69
7999.43
4977.1
5064
8730.8
10032.9
6651.87
6067.59
3646.43
7865.94
11709.8
5228.09
10031.6
5029.96
6391.13
8197.33
4399.71
15835.5
3800.7
5005.75
12844.1
6847.14
13410.4
6251.21
10820.5
8199.61
9734.63
4398.23
8740.26
6143.91
6734.9
11287
9268.94
7876.48
7293.73
4246.37
16873.2
4585.71
11985.1
12100.5
4342.38
6886.69
3086.14
6005.4
7481.21
9086.41
11200.6
18453.4
8198.64
5314.73
6953.91
5693.2
7869.26
3963.19
4576.44
7549.02
10985.7
17165
4102.23
7249.19
4679.4
5546.8
10734.9
6042
14599.4
5939.89
4526.85
7423.32
7728.64
7324.93
9839.64
7522.73
9214.4
8390.78
9111.79
4610.46
11162.9
7445.39
12153.5
9720.67
6965.79
7096.12
6215.88
6503.88
13619
5901.4
5504.3
9089.37
5874.26
5174.8
6299.79
4530.64
8327.16
6491.06
5811.72
8108.53
7748.59
4664.64
5311
18512
10107.6
7974.41
8732.71
5444.58
9582.88
4824.57
8850.99
6694.96
7551.36
7268.72
5025.64
6903.15
5919.01
4845.36
6931.9
15079.3
7667.85
7252.7
3926.76
7618.32
9296.32
7309.63
9015.22
9060.38
9956.33
4747.38
3830.58
5005.15
5608.68
4373.14
6764.26
7573.51
7990.99
5985.69
8175.75
4407.64
3897.01
9650.97
21700.6
8902
7369.28
7574.21
4023.8
5490.24
5577.42
13008.7
10141
4683.73
6161.95
13863.1
4629.73
7721.34
9268.41
7577.88
14731.2
8076.07
6972.08
4992.93
5060.73
12961.7
18661.2
9318.93
9931.28
5192.07
6808.06
4538.29
3861.99
6777.82
11888
5471.67
10100.2
11535.5
6666.7
4992.01
5702.05
4219.33
7514.16
7804.16
7240.62
6228.05
5799.47
5203.78
7472.51
4832.71
7833.48
6535.68
5156.17
10842
4722.73
5064.77
17117.1
6284.63
6714.34
6475.9
5272.08
8375.08
7305.72
11162.9
5907.06
4615.25
8832.92
3727.34
11023.4
10718.6
8927.28
8376.98
8911.6
5164.83
8257.39
6363.68
5532.33
6499.66
5859.92
10161.6
5801.69
5195.84
5015.63
6033.96
4487.62
15947.3
11560.8
7455.03
11221.9
6707.69
12675.8
7837.44
9472.22
10360.7
8414.85
6312.55
14604.8
5300.92
6107.79
8104.05
6860.86
7121.96
4799.96
9578.16
5240.42
8593.25
9283.58
7993.86
5451.46
3824.27
5225.82
5575.32
8322.99
5197.49
7008.67
4967.69
6015.25
9102.94
8055.02
11339
5360.14
5595.33
6553.07
12379.2
6339.2
10387.9
4273.28
7769.88
7159.93
14633.2
8934.39
4344.5
5186.42
5624.33
12145
4431.93
7035.15
4004.42
5910.68
5024.32
5075.79
14122.8
5529.72
5709.59
14620.6
4796.62
8942.77
4109.11
7176.85
6204.83
24330.4
5030.59
6302.01
6782.9
5075.98
4194.15
4823.26
10699
47097.6
6459.53
15475.8
8152.84
4783.3
6830.94
6513.74
5857.86
6539.85
13893.8
4370.36
9904.85
4834.63
18973.8
9477.79
8781.56
6725.81
4421.37
3479.75
6351.36
3207.97
18265.7
8279.69
7023.09
2952.77
8199.28
5070.67
6715.48
6068.14
4572.55
6191.84
4760.5
8395.02
5660.71
4506.55
27148.7
6974.31
5540.05
10871.3
3576.82
13488.3
8719.39
4501.07
4406.73
4204.8
5647
5623.26
15421.7
4913.02
4941.38
8124.42
7238.92
9105.08
8623.75
5245.67
10362.2
8874.73
6149.59
13171.4
4899.17
6219.51
6429.4
11545
5926.51
8030
5035.91
7169.33
4775.29
3394.78
7078.59
7353.77
5695.75
5037.6
7715.65
8274.41
6039.55
15774.2
4563.47
5950.09
6970.02
5557.78
9898.71
7203.42
6727.52
6109.57
13032.7
4847.66
4885.64
6357.61
6267.27
7612.88
4934.39
6327.93
6426.81
10292.8
6182.94
8443.79
5307.96
4228.48
5967.58
13004.9
7574.46
3610.35
5453.78
7767
6533.18
7604.2
5389.69
6095.81
8815.08
11968.4
9058.94
7818.54
6343.98
5328.76
9407.77
8101.36
5484.07
8635.73
9361.53
4726.73
4182.56
4696.21
9400.36
9214.02
6114.98
5625.6
4703.67
8371.72
3742.98
4743.66
4683.75
3945.6
9314.18
10323.9
11419.9
5520.9
9626.33
17744.9
7207.37
6403.23
4811.73
4971.14
8942.9
8861.21
4784.31
4930.03
8649.74
6364.07
9950.99
6818.75
3433.68
3797.83
5336.75
22964.1
12844.2
5116.23
4199.74
9365.42
8716.78
4372.44
7251.4
6168.41
5010.26
7881.91
5575.52
4255.17
8469.07
4211.49
8789.67
7023.4
5059.57
5302.65
16830.8
5894.38
3060.45
8871.45
4289.97
8435.51
5800.83
6371.91
6170.14
5150.91
7262.9
7069.38
4775.25
9407.36
5174.55
11306.7
5828.43
37508.8
10800.3
5240.92
4340.67
18238.4
5996.6
4621.3
5457.96
6559.5
8207.12
8263.11
3514.79
4816.24
11430.9
4982.38
9125.73
7543.24
3857.38
7667.9
5216
5760.69
4461.2
4466.86
7629.89
3977.55
5534.87
5129.92
5748.9
5095.97
4097.78
6138.38
8629.99
8086.68
6188.29
6624.83
11718.6
6291.07
7264.62
6427.9
9097.68
6753.36
7736.52
7373.84
4319.67
7871.12
6231.74
3436.56
4672.74
7572.56
4718.5
15107.5
6973.78
5817.74
10195.4
8648.67
4184.28
6244.09
7380.54
8484.02
5835.17
21048.7
10186.9
8623.31
6581.57
13534.4
5088.59
8714.44
9150
5476.4
9971.89
5784.16
6031.54
5177.66
9807.51
4694.63
4041.67
6356.33
7714.45
4886.41
5718.09
6567.52
5767.01
20212
4935.08
5555.99
4236.35
4415.91
11962.3
6984.32
8994.27
4446.69
7038.35
8382.36
3968.81
6020.48
11072.1
6986.94
7761.86
4245.43
3221.54
5247.6
5764.74
5231.58
5452.58
5214.64
12910.6
8354.74
7322.48
5473.25
8492.52
8672.96
10371
10239
4763.39
16849
4854.46
7602.93
21433
5303.08
6369.26
6094.24
6034.92
4580.93
21440.3
8916.41
12658.8
6207.05
6453.49
11302.1
7083.66
8187.43
4008.8
6610.35
18203.4
9826.53
4077.28
5876.66
7719.05
8813.16
6888.86
4846.95
5610.7
9555.74
4639.34
23591.1
6767.7
5685.57
4654.01
6180.04
3441.5
5830.97
10070.3
10764.6
3764.03
11446.9
4512.77
5151.24
3935.11
7321.06
11360.7
4540.57
8827.57
7834.18
4647.53
12428.3
7641
7112.3
8666.06
6870.06
11033
4401.66
7354.42
6665.42
4560.73
5526.62
4174.23
6792.16
15503.8
5095.37
7054.43
5429.64
14698.9
4636.68
7202.04
21609.3
6197.88
5146.26
12063.4
6867.9
3574.46
4499.82
11074.4
10294.2
12956.3
7479.09
3020.61
3474.27
15004.6
4085.2
5890.02
16227.6
3808.56
5838.03
5572.77
4521.61
13026.6
9748.9
12059.9
4056.07
7248.56
6441.42
6527.31
11877.1
6863.49
8365.88
6962.15
6196.87
4467.74
13984.9
4759.53
11193.5
7663.04
17101.4
7218.18
5830.98
6710.01
7461.39
8457.71
8051.51
8630.8
3533.44
6523.27
6563.4
16018.3
8734.3
13068.5
6004.13
8944.78
5707.25
5340.83
9909.23
5387.86
5149.54
14052.6
3524.99
3715.35
6050.12
7143.69
4491.55
6466.25
9142.44
11516.9
6319.9
4808.24
5390.8
12635.5
6476.8
8511.53
8984.36
4453.15
6032.09
6584.84
19696.4
6123.93
9060.14
6452.41
9004.57
14194.1
7334.13
14053
7282.92
7384.67
10937.2
9394.62
4985.36
9635.66
8412.98
13829
6533.47
5552.63
4976.48
12729.6
4437.1
6510.88
6692.04
5789.49
9179.16
4798.28
7694.27
7981.53
5522.2
8028.77
3960.93
5529.15
11987.3
12327.2
4762.26
6600.81
3449.63
4526.35
8703.36
4298.23
5245.07
5911.66
7419.45
10585.1
6182.58
6290.78
7424.51
9827.87
6466.09
4917.19
4787.79
6727.38
14500.1
11307.7
6887.48
5963.42
6200.83
5850.57
11190.9
5228.18
8065.49
8985.1
12510.9
7572.04
10326.8
5797.24
5480.69
5871.78
6008.88
5359.89
5800.28
4740.32
5660.27
5398.43
11882.5
8595.73
5771.98
5713.18
6784.71
4142.41
6214.5
5584.19
10517.4
9041.63
4752.86
12919.8
5389.47
5326.31
8359.27
4340.07
10716.4
5740.08
5016.32
4848.3
4451.15
10618.3
7372.35
4859.9
3585.56
5149.64
10554.8
12987.4
4933.68
7181.59
10545.8
8265.86
13231.3
5183.76
9253.83
3393.71
5591.45
11827.3
7154.67
20808.5
7310.35
5567.77
11339.5
7459.37
7021.36
7055.59
11189.5
5328.98
5224.88
5430.59
5224.59
5248.06
13445.9
14511
3829.34
3444.07
5031.48
4248.95
6285.06
4398.68
6011.76
5097.52
5380.11
4015.89
15529.7
8565.18
7120.54
9919.9
3466.56
7111.47
6278.6
12138.5
8236.03
9882.91
13735.5
5862.28
5289.5
7523.26
10269.9
5570.99
8151.28
8586.06
7562.8
3996.25
11468.2
3879.31
8864.92
4004.76
14486.7
6223.11
4245.26
5525.93
3608.47
4553.42
15310.9
6695.35
5508.43
3928.99
4943.91
9231.88
16798.6
4274.36
14588.9
5235.11
8010.49
9485.69
7254.71
4752.29
6456.07
5275.68
6448.13
5783.19
5172.66
6275.88
7954.29
6951.11
6545.74
7993.37
9172.23
6089.36
7867.9
14259.6
4445.46
12763
7952.69
4300.53
9921.78
6263.35
9161.38
8112.64
9574.01
6728.64
7459.2
8641.81
5463.7
6136.75
5913.3
8230.97
4847.79
6998.02
9763.27
5314.37
18689.6
7292.68
5139.8
4952.22
10519.3
5430.42
6702.57
6481.44
7400.9
5323.7
5490.46
16086.7
14795.3
4521.7
7887.13
10517.3
9537.47
7803.28
6294.41
10006.4
4285.81
4801.16
9809
6682.64
7667.93
5304.56
5854.3
4619.87
6627.52
4126.85
4557.59
5778.26
9155.36
6381.21
5376.8
9532.41
4687.9
13463.3
10336.9
4139.24
11558.9
12920.3
18154.5
5964.3
6977.24
7727.06
4832.2
7939.64
8195.13
10563.1
3937.52
6667.82
5476.1
5082.29
6700.64
6909.12
2987.61
11233.4
3837.97
12328.9
5190.07
5625.74
4984.54
6399.72
9225.27
12730.6
9588.22
2616.46
5191.94
5461.08
4726.05
7288.11
7453.39
5999.56
4013.08
6478.45
4985.23
8350.9
5332.59
5353.17
14477.4
10704
7056.84
4879.28
7619.07
5597.64
6112.2
9624.83
5536.06
8877.74
14907.3
18443.4
4434.14
5345.09
5055.04
6861.22
10032.6
3918.11
6501.67
7462.61
6019.38
7285.26
13436.2
4650.9
5690.75
4752.31
18461
7202.87
4804.08
4641.29
6604.2
14750
6988.31
4806.87
6006.7
11141.7
5297.27
4761.33
9370.6
8426.95
9278.44
5892.09
7359.75
9372.76
5441.85
9055.02
4850.94
6375.08
3893.48
6962.64
10239
5739.88
5318.1
6466.81
10842.9
9376.84
6498.73
19869.8
6843.48
6415.88
6959.21
5581.03
6304.68
5478.87
6709.13
5498.69
4571.91
5010.16
12311.3
4884.95
8731.92
5610.36
11237
8558.86
5520.97
4036.62
13243.3
5230.31
8887.3
4156.23
7312.25
5673.83
5387.28
3303.85
7256.36
7566.86
6128.34
6177.33
5878.24
4955.42
5780.34
3853.39
4489.43
6534.84
14393.5
15121.3
10554.3
7106.94
9315.39
4498.48
11116.9
8515.7
9670.94
6189.78
7019.81
7002.11
6802.85
5674.24
28698.1
4761.01
9624.22
7111.17
4551.92
4939.02
9688.36
12802
7071.24
4020.11
9346.06
6403.53
3832.15
9809.12
4828
6617.63
6405.88
14860.1
9723.3
4884.73
5724.55
8581.02
6869.7
7575.38
5734.15
6142.67
6709.19
12701.6
9599.25
7681.66
5047.17
5517.87
8664.44
5486.92
3953.58
5390.89
6257.46
5798.67
5106.12
7336.17
9808.98
7338.32
3781.17
5644.08
4957.24
10351.9
6208.2
6262.6
4240.24
4445.27
9165.02
5044.27
5881.04
4247.4
17471.6
6430.64
8502.68
6102.97
4708
15068.3
6228.13
4909.04
5520.41
7328.03
6274.16
8613.41
9822.6
5697.16
11115.7
9582.13
7565.77
5134.11
10729.1
3320.1
9082.51
6679.02
4448.47
6595.18
5606.18
4448.29
19664.1
5459.86
7950.5
5828.48
8597.35
6029.03
13497.7
10511.9
7495.23
4284.43
8677.88
4998.54
4134.69
4880.42
5197.52
4943.85
3694.04
7073.33
10696.8
8426.72
4344.56
4795.08
4343.27
11368.8
10788.8
4113.22
16327.5
5668.93
4399.89
6185.02
5823.28
4733.07
8108.96
14034.1
7333.55
6913.98
7539.53
7652.38
8532.08
5613.85
10788.5
7197.66
12848.2
5665.14
6843.18
6264.09
12251.9
6675.55
6786.17
4437.97
4789.72
4640.6
6330.84
6111.31
5335.46
3725.4
8510.51
5211.01
8795.41
6735.06
7536.47
5840.54
4008.97
5337.86
12102.9
13195.5
45714.4
13529.2
6185.58
6011.44
5189.1
6095.57
12594.4
11277.4
8068.46
7111.08
4022.47
4344.06
7251.14
29158.4
5632.27
11616.2
7879.03
6876.79
6807.71
9568.84
6870.44
12210.7
4794.74
17248
4446.07
4986.77
7114.95
6387.56
4565.58
11367.6
10783.3
5011.96
5437.62
13397.7
8083.53
8241.3
6929.36
6995.16
4804.59
7749.77
9323.99
9759.43
19670.5
6564.84
5472.93
4378.62
5998.71
4787.52
4822.61
6935.07
10531.8
5911.34
6629.12
3390.14
20063.2
6770
3725.91
5262.86
10983.5
7973.07
4852.18
16754.9
3881.2
6545.75
7352.65
7975.04
9053.47
5207.01
6154.13
10466.9
4765.98
3949.94
3969.23
6816.97
10483.1
4554.1
6774.25
7161.19
17496
8266.6
5107.53
8649.44
11956
10502.1
4598.37
4603.91
10474.3
8967.2
3478.18
4657.17
10223
9730.4
6050.09
11588.8
5733.92
4983.68
5053.72
11317.1
10026.3
5493.54
8424.06
7216
4119.65
6194.27
10113.1
6113.19
4306.1
5862.42
5429.71
4572.06
16545.8
7875.77
4710.47
9473.53
8311.78
4255.9
11397.7
5589.75
5831.89
7953.21
4923.93
6631.6
5201.49
8547.77
4686.82
15561
8423.41
10248.8
7992.36
12119.9
4905.57
8038.12
6298.42
16244.1
8986.66
14733.7
6537.64
8901.57
4654.82
4969.34
7779.17
5399.9
8779.05
9929.46
7263.05
4607.01
22975.4
7717.67
4602.13
6803.63
8536.42
4932.42
10056.1
6943.32
10943.3
7188.97
3189.02
20626.5
5061.44
3945.54
6718.42
10014.5
8226.33
7458
7657.19
29001.7
5165.23
5780.2
4800.4
8773.93
5112.82
6620.81
3992.88
14153.5
9489.04
6345.41
8226.47
4200.43
5243.42
20582.6
4115.53
4730.71
4535.43
6910.85
11427.6
8476.01
6683.08
5687.02
12504.8
5455.23
6583.9
4975.93
11689.7
13841.1
5411.29
3236.71
4952.82
8946.71
7020.53
3992.85
7543.61
10946.6
8664.26
5876.17
7438.55
7110.01
10443.3
5527.49
9160.47
5341.73
9487.77
5601.1
7323.94
12129
4834.45
5247.53
11399.9
4165.1
8968.97
11224.6
12599.2
6334.11
6693.42
5954.77
8004.78
5665.6
9967.48
13473.6
4395.02
8469.74
4739.16
9288.26
4216.9
6807.27
8133.72
5269.04
10286.4
13025.2
4769.13
7109.7
10454.6
16451.1
7027.92
10392.8
3842.58
6518.15
23299.8
5637.67
4726.05
3716.28
6647.93
4897.88
3766.12
5364.86
3987.76
5382.62
6125.2
7045.89
9274.19
4203.25
5186.03
16768.2
5589.84
9691.18
6479.07
3794.69
30280.7
8214.44
8370.71
15280.4
8802.62
7075.55
17049.3
6187.5
4033.99
6888.79
17142.4
6394.76
20465.6
4471.56
7136.63
8092.27
6961.91
4175
4409.05
9259.37
4401.87
4574.32
6177.39
6648.76
6396.12
5166.13
9082.01
9599.17
8030.63
9332.96
4279.09
10745.4
5577.64
18047.7
6952.08
10093.4
5789.94
9277.93
5557.63
11806.8
7248.06
14428
6729.21
8350.09
5276.94
10033
6272.99
5384.04
6085.64
7845.01
9028.67
5522.28
7909.2
9264.39
3706.02
3280.38
5027.98
5402.78
6364.55
8878.33
6667.7
5143.54
11593.5
5348.82
5704.97
3474.32
7215.35
7698.93
9657.99
9340.9
4312.78
4538.01
5820.42
18300.3
5166.32
7816.63
11538.5
10883.5
8655.9
7635.22
13913.7
8572.38
5293.79
8227.8
6878.34
8676.46
4472
4498.57
6116.83
13227.7
5308.96
5641.5
5562.1
8719.53
4883.52
5134.72
5964.48
7264.09
10208
5078.32
9153.83
4921.04
11019.4
9586.59
5962.66
4108.65
5641.59
9614.05
4953.36
5991.62
28770.9
5112.51
7051.77
15743.8
9673.49
4030.47
13277.9
5069.82
8172.03
3351.55
7249.22
3893.76
5230.31
11692.3
9115.94
6287.38
4255.25
6302.41
4235.81
6030.34
12400.9
5950.74
8279.16
5078.74
5561.43
6964.58
10537.4
4584.92
8582.7
10216
11648.3
9035.13
6016.99
3638
8075.2
3796.13
10489.2
5086.48
8734.17
5534.42
12787.8
9954.02
5995.44
5177.66
4524.25
4371.82
4680.94
19838.8
4614.83
4281.55
8027.78
3175.91
13896.6
4557.7
4995.32
8366.99
8043.6
5544.28
18494.6
4716.38
6005.11
8323.12
17827.4
4549.17
6198.69
6417.57
7964.11
5610.94
43587.8
7078.88
4534.54
6384.55
6432.05
5116.28
6216.94
12508.3
5826.33
7387.8
5115.72
5807.84
4203.19
4995.36
9437.9
5076.01
5011.3
6220.25
9838.99
4180.18
4898.02
5820.81
6847.56
5273.21
7944.25
9649.87
6774.5
6880.46
6732.97
4635.56
5592.92
5037.2
8919.68
9314.49
10172.8
9438.8
7581.01
11419.2
6415.26
11044.2
4241.83
6781.66
12502.9
3911.28
4720.96
8590.92
12935.2
6869.88
8039.2
14589.7
5315.07
19744.8
7873.66
3766.1
6864.5
4269.31
12539.4
4305.63
6712.32
6893.25
11230
8562.05
11007
4255.06
10531.2
3463.15
21451
3847.66
10467.3
12430.5
5608.79
7684.03
16219.8
4558.6
7327.58
9220.57
4351.88
3901.11
4404.04
8083.49
3895.48
7578.23
6743.99
3828.65
12538.3
8260.12
4662.48
4326.62
8831.44
8133.04
8904.07
4143.83
9909.05
4871.58
6887.67
9166.99
9226.22
7963.35
6915.04
8925.07
10928
6545.23
7254.14
16867.4
4134.88
8466.5
6552.84
12527.3
7086.59
4782.37
6794.79
3799.71
9765.04
6513.86
6939.05
4526.21
7765.86
9261.67
5482.72
8863.9
12032.9
7960.91
4805.31
7371.19
4990.93
6317.17
21057.8
7980.07
5563.57
7820.99
11758.4
14438.2
6405.85
12358.7
5709.32
6047.88
16259.1
7043.92
12704.5
4722.57
8192.44
19813.1
5286.04
4732.54
6519.27
7789.1
7144.53
7892.08
18183.8
8337.26
4170.67
12276.8
8029.19
5272.47
24746.9
6369.79
7491.66
12554.9
5354.59
6239.62
7665.36
14415.6
5322.35
5924.81
6638.95
10557.6
11169
4958.15
8792.05
5713.17
8192.75
5754.14
5540.29
4405.02
4350.13
6699.68
6932.64
7892.53
5962.8
4844.68
5868.18
6670.49
4228.89
4906.52
9063.56
6007.86
11283.4
6921.88
5772.74
7175.59
10474.8
4358.83
13080.8
5289.39
5479.08
15252.6
8167.04
10462
4668.99
8767.58
6088.91
6262.59
4044.98
9504.32
4604.43
5752.27
4367.97
8530.89
7071.06
4367.09
4465.71
4485.55
7517.36
7756.83
8831.02
4594.87
5779.24
5695.78
5107.38
4707.37
7864.21
11421.9
4485.72
4329.5
8131.02
3565.96
7720.67
6454.72
4920.19
5226.14
5590.85
11253.1
14193.6
4415.8
4385.11
4158.66
13796.6
6610.36
5731.11
7513.9
10034.9
6362.53
17205.9
4339.2
4743.8
5045.87
9312.58
6398.68
4685.34
7936.6
11080.3
5468.06
8395.44
7491.79
10338.3
7334.36
8453.17
6233.7
5686.21
4622.14
5513.82
3506.27
8561.15
3880.66
5645.53
7840.68
9424.57
6238.09
7229.14
5178.51
4262.22
6947.04
7471.64
5285.56
6233.76
5477.07
3205.42
5932.12
17534.7
5948.88
5599.32
6377.15
6271.94
9869.42
6164.88
4064.93
8928.06
8394.35
12274.8
5331.84
6392.58
20239.7
5312.6
10903.1
7953.73
5719.78
4369.29
26309.5
7875.17
4972.87
7017.35
9976.75
13809.5
5144.76
5379.08
4902.37
5259.03
6110.21
20657.1
11044.9
4536.6
6780.09
5221.64
12725.5
6731.67
4550.32
4980.16
26047.6
12024
5844.84
10656.4
6128.27
9784.71
5559.72
5531.86
4061.27
9221.1
8565.16
12267.9
17287.9
4731.34
4676.25
8877.08
8575.28
11217
3818.92
6863.79
7972.41
6095.74
12556.3
6438.07
7217.08
6384.15
7529.49
6872.69
5153.8
7458.45
6422.29
5678.48
4987.78
5786.65
7324.93
10699.4
9101.41
7985.14
5842.12
6455.78
13729.2
6507.25
6936.03
4383.05
3760.76
4193.72
8515.49
5082.98
5934.83
10133.1
4494.65
8695.81
4627.2
3864.98
8809.65
5784.41
12062.1
7248.7
6122
4222.52
5360.68
5923.28
4839.64
6402.79
7811.7
7372.19
5832.61
24323
6641.57
4584.93
6055.05
3796.84
3874.65
2830.87
7864.97
7533.07
5143.78
5686.77
6714.63
9287.14
11219.5
4017.34
6727.54
7812.42
8599.37
5730.88
6058.3
6217.03
9094.58
5544.61
6632.36
9184.54
4893.61
5074.02
8641.04
9495.39
6265.7
18373
10200.3
6975.39
7349.49
5998
7904.81
4771.84
6415.07
10859.3
14845.7
6866.15
7819.07
5998.08
8781.23
6115.15
4540.15
8463.67
5719.24
4532.15
3989.29
4342.29
11574.7
7219.35
7372.86
4384.24
4312.91
7611.09
8452.43
3827.14
10418.2
5091.2
5052.37
5504.82
7319.83
5997.96
4657.24
6895.74
14308.4
3336.32
7739.61
8030.17
6186.69
6287.47
8627.53
13639.8
10306.8
10224.8
5905.06
4510.42
6120.66
8742
6820.72
4898.95
14661.1
4959.21
6190.75
6355.9
6693.1
6104.78
4264.78
12320.7
6420.3
8079.78
4226.4
7765.96
9007.36
14654.6
4767.09
4672.4
9028.13
7029.69
5091.73
10365.6
7249.56
10531.7
6184.74
4579.42
6424.04
4591.37
7755.31
13838
5440.84
9803.99
16226.9
4543.37
10903.4
8500.1
5561.85
7422.87
6426.12
10089.2
5944.81
7719.06
13896.8
14551.2
4284.71
5826.88
3242.27
3703.7
13934
5487.13
10362
9022.18
7007.59
6184.41
9620.26
7813.1
8806.41
5548.48
14396
10538.3
7216.23
8333.75
3914.42
22638.5
9092.69
9436.35
7850.31
10447.5
4611.06
4215.21
5606.76
5198.27
4379.2
5784.66
4700.17
7631.76
6134.52
8011.29
14047.9
12621.1
4444.11
7943.22
3941.96
4851.61
19597.8
13826.1
4506.89
5996.31
24376
7126.73
6153.66
9150.96
5339.05
4655.09
9053.89
10521.7
19756.7
4802.7
5885.85
6291.57
6617.62
4670.81
13468.2
7503.09
8583.48
5778.81
3890.18
13875.9
7857.66
11057.8
5082.67
7135.63
7158.12
3903.16
8509.6
9653.4
10547.9
8839.85
10802.9
5481.68
20429.8
8168.12
3687.51
4621.68
5935.25
6523.75
7249.1
7975.89
14433.3
5786.45
19583.2
4686
7382.07
8255.54
7172
5573.13
6488.13
13925.4
9205.34
8643.25
9622.26
3785.57
5319.61
4466.24
8439.45
6978.98
6868.18
13652
3254.09
5882.76
9071.27
6634.25
5861.75
5827.99
13060.1
6174.14
4680.17
14146.2
6632.35
4438.67
6617.06
5724.74
5545.25
9705.75
6291.09
6305.45
6135.93
5217.45
6192.2
7329.87
4432
16941.5
8691.12
10426.2
5683.19
6140.88
6511.17
4225.71
10308.3
3908.27
15178.4
5122.12
6121.32
5601.53
6927
24257.8
6156.22
9164.98
5979.96
7905.03
4650.34
4784.36
11556.3
4089.8
6947.1
8251.13
7398.62
10073.5
6595.2
5202.65
8288.79
7027.13
8784.02
6932.02
6007.01
3754.26
3597.32
9461.06
7233.74
5789.62
5635.97
10152.6
4877.2
15280.7
4594.67
4216.15
7182.36
10028.6
13200.6
6235.45
6668.98
14166.7
9088.84
11857.9
8428.27
16975.5
3989.76
8402.15
5984.35
7450.01
11113.2
4065.06
5743.2
14402.4
11712.5
5317.86
12385.1
7046.58
7917.13
7595.91
14519.6
7927.97
6137.4
7019.81
5073.09
5261.43
9481.98
4120.94
4020.8
5647.03
7593.88
7921.1
22650
10415.2
6526.38
11013.2
5150.61
7455.38
5121.76
8677.78
13742.3
7154.84
8178.07
5011.57
4318.46
4194.54
6744.72
4766.32
8265.51
12972.1
10019.4
9086.17
3655.23
5317.34
8983.02
5116.11
6828.78
7221.15
7042.39
14829.3
4176.15
8606.06
5249.58
4686.61
6927.64
4739.58
6031.97
14884.2
4537.81
5551.94
8907.87
8593.51
5779.16
7307.8
7919.04
9229.83
10041.2
7953.31
6798.78
8530.08
7910.43
5085.97
4865.32
5766.58
6150.04
3405.85
12874.8
7118.16
4479.98
10748.1
6202.05
7230.41
9579.59
6487.6
6166.93
6241.21
9037.62
8263.9
7585.03
4419.58
5760.68
5330.59
4964.65
7242.8
9112.1
3719.95
5081.75
8466.82
4258.58
4712.54
4143.74
7579.76
9726.45
5452.8
5886.75
6658.17
7350.78
15859
8980.18
7663.68
5146.3
10336.4
15125.7
6071.73
6477.29
5772.96
3647.09
5700.74
8240.3
4746.33
11662.7
5766.24
5866.75
8869.7
11060.6
8446.88
8202.21
5321.99
7233.3
6264.29
11129.8
4149.97
3374.07
3900.17
22064.7
6468.49
5801.31
9346.28
3622.48
5813.63
8584.44
16433.4
8008.85
6159.74
4717.58
21445.7
4212.41
5926.76
4016.69
8731.24
4499.47
10609.7
7721.94
6203.06
5986.33
7007.96
9230.37
4894.36
4808.7
4048.66
7873.07
10335.8
6362.4
5858.15
8263.64
5045.54
5518.67
5862.71
11440.2
4914.62
5863.44
5693.23
5847.03
15010.5
6956.55
6055.03
7583.34
4304.35
5055.73
7541.87
7532.07
5728.32
9558.89
8025.84
7937.44
5240.24
9478.08
4637.29
6043.76
10195.2
7404.47
5139.25
7988.01
8285.72
19963.4
6129.93
13097
10150.3
10126.5
10025.4
5105.31
6991.8
7368.26
8017.19
6455.98
3982.5
6152.4
4474.87
7621.16
6184.81
11697.7
5595.39
8356.74
6111.03
5701.72
7390
5079.89
8018.62
6051.15
4701.36
5108.91
14641.1
7652.64
3760.21
6633.96
7684.86
6426.33
6174.44
8343.11
8024.66
6939.07
9414.72
16101.4
4560.1
3754.35
4088.07
7860.24
11582.3
4886.17
7399.58
5914.31
20284.2
20119
5611.43
10468.6
15333.5
5873.67
4255.02
24865.6
7260.66
7170.86
12467
7461.78
8393.63
3609.06
6155.73
9852.7
12813.2
3544.37
8868.89
6815.78
3783.91
10455
6166
6597.2
5906.06
5470.07
5038.73
4589.85
6035.24
7072.35
8300.69
6184.12
8971.79
8005.3
11416.4
5676.34
5325.41
7005.62
8841.36
10224.9
9870.32
4788.6
4268.8
5176.83
9238.83
8334.21
61571.1
5177.04
27831.5
8859.7
26489.5
6386.99
4379.01
9593.62
5347.86
6789.9
4489.88
4433.78
4199.06
5319.3
5696.17
5082.12
3659.3
6988.19
5723.89
7150.1
23223.4
9013.02
4700.72
4355.56
13461.7
6390.08
12431.1
4948.19
8665.77
10564
5157.91
6370.34
5876.63
5784.94
7316.52
7999.55
8302.54
6950.29
5513.66
7470.82
3561.01
7130.69
8977.32
7728.76
4842.65
7133.03
6797.99
5128.22
9635.34
12793.4
4981.19
5480.62
41830.7
6967.28
12998.1
4391.5
7179.92
4948.82
11000.5
5448.53
8994.16
6583.27
10339.8
8797.25
5069.03
4362.87
5091.17
4743.82
14161.5
6791.09
5750.35
5500.73
3780.53
7693.7
13827
5258.44
6205.53
9211.5
10822.3
5531.46
5874.67
11039
13762.8
6666.41
6728.11
5299.8
5567.55
14324.5
5476.01
5340.77
8258.22
5744.44
6597.38
6923.73
6144.71
11148.7
6872.33
24459.2
9220.93
5117.17
8341.08
7613.67
11206.4
11956.4
12108.3
6405.29
10066.5
4862.9
10231
7273.34
8800.51
12691
10490.3
9741.25
5001.52
7122.07
5744.28
9072.36
9624.5
9329.67
9515.48
8569.74
3223.52
5188.04
6251.42
5722.13
18462.2
6428.59
9060.72
6342.04
12270.2
7674
6131.84
7757.58
5601.45
3728.81
6590.41
5701.31
7202.88
10347.8
5382.35
10495.4
6276.25
9493.02
6513.92
3677.99
6575.98
6169.38
8828.27
7005.21
13376.6
8878.01
8897.8
11819.7
4239.69
3671
5021.5
9038.36
4366.58
8683.98
5553.57
8768.42
3457.37
6432.91
11115.4
6944.23
5921.53
4737.82
4805.7
8071.22
4874.21
8245.39
8784.27
6421.14
7101.98
6101.15
6337.31
9532.51
10602.3
4586.78
5686.93
8386.05
4456.24
10295.8
7127.22
11048.4
5923.57
6795.15
26586.9
32303.4
4341.29
6395.35
6515.2
6139.41
13742.5
5613.49
11906
6797.78
5548.85
12037.3
5630.96
6996.66
6265.77
6440.01
6916.21
5553.67
6961.09
5164.77
4912.98
8500.43
6937.83
10066.7
15197.9
6440.48
6788.54
6465.65
6499.38
9995.11
5507.69
4125.57
9290.56
7914.85
4101.01
3905.55
6497.59
7323.84
10840.3
5366.91
13043.6
5003.18
5832.66
6565.43
12365.9
4705.9
3433.06
6981.88
4787.67
12513
4959.81
7464.15
5614.6
6632.26
6675.87
16536
8364.08
5273.58
5167.17
4095.05
12969.4
6536.03
7245.71
6902.1
9851.85
4419.07
5555.14
6578.68
10013.5
6990.16
7434.03
7251.25
4535.9
5212.51
4178.55
8588.86
7611.55
8127.73
4136.17
11787
5806.67
7296.09
9621.97
5987.13
4232.11
3830.86
7683.31
6429
6523.53
5658.02
5028.97
7385.39
9011.99
5147.57
7802.36
5577.19
5534.38
8513.8
5784.19
6544.9
5190.77
13978.9
4110.24
6105.18
4836.34
15187.7
8639.33
6234.36
5841.74
8198.07
7822.27
8838.27
6659.05
6777.9
7413.23
7661.32
10567.2
7668.8
11635.6
6871.51
7353.47
8983.08
11464.2
4183.33
9153.97
5114.26
7171.17
6265.35
6036.82
5762.3
14371.6
5595.35
5851.86
16489.5
4812.89
9987.96
5279.17
4060.63
4706.16
6389.24
5065.28
5985.81
9625.57
9525.33
6051.03
4955.98
5313.63
6268.43
5302.35
5339.1
17583.4
4177.72
7946.89
4513.15
3179.52
6385.94
8227.7
10074.2
16796.7
6304.24
6874.35
6972.03
6975.94
9103.33
8477.68
6120.83
5120.58
6158.77
10832.5
6194.95
15078.3
5384.18
4186.7
7612.35
7243.84
4896.03
3046.57
5451.65
7040.57
8209.58
16759.1
8518.78
9268.16
11552.1
6727.95
3637.01
7904.56
4685.35
6429.75
4270.99
4203.65
7923.92
9777.86
5670.68
5968.15
8162.41
6161.65
7040.53
9217.07
7697.54
11628.2
6809.96
4444.4
5528.09
5390.37
6141.65
14475.6
7084.52
5216.89
8293.51
7375.42
10584.5
8631.51
5767.32
6773.81
6228.35
4459.83
5481.87
9207.84
9598.66
6798.44
4430.63
10677.2
8258.53
4048.9
8835.9
7393.31
9865.81
3135.21
4327.14
7123.77
9789.48
4529.24
5761.73
6688.73
6948.21
5683.69
6699.96
8847.99
17899.1
5228.11
6494.99
6529.83
5549.12
7960.62
5069.57
12639
7009.35
8420.92
6548.08
8876.58
7393.57
6313.72
9047.86
5931.76
9848.1
9328.94
8948.86
14010.7
7205.9
7067.3
4989.57
8676.09
20358.1
6909.76
3698.61
7557.67
11139.9
6266.08
4482.1
9909.92
8609.73
7109.54
5977.33
4401.99
10937.9
4620.48
6168.84
4203.83
5984.32
7553.88
7848.04
7878.53
10516.8
7974.82
7642.93
5679.13
5477.92
11498.5
3707.98
5882.98
15487.9
7216.45
11245.9
9776.37
3910.53
4376.42
7541.14
8003.64
6116.89
19379.5
7209.54
6794.74
5376.57
5814.1
5761.77
4624.3
5857.3
8733.83
9844.26
9575.98
7156.27
5171.04
6847.32
5861.14
5220.99
8418.63
4706.87
6612.62
11021.5
6790.5
5346.44
10919.3
8354.62
8758.22
6680.01
5411.02
11886.1
5444.27
4897.35
6962.12
9373.81
6648.98
7067.87
4707.32
5165.23
9573.64
6896.68
7929.13
3113.53
7230.32
6659.2
8294.03
7764.01
10631.3
4504.94
6648.41
3990.66
8838.09
4278.35
5711.03
4385.25
5163.67
33795.6
11868.1
8713.14
12281.9
4983.71
7335.28
14316.6
6950.17
6984.78
5719.32
9314.25
8900.53
11518.5
6393.67
9826.89
7280.88
6188.93
8603.1
7280.99
8826.59
5272.54
5888.37
12086.5
4650.18
8341.4
5651.68
18116
8836.4
7521.86
5044.73
7847.01
5664.37
6742.11
12221.5
9059.88
24368
8713.09
5234.38
6485.74
6271.9
6397.17
5466.58
7625.1
5508.86
8723.1
5948.81
9043.63
13697.8
7527.99
7092.76
12308.1
9576.7
11056.3
3884.72
6436.02
4126.93
5441.88
8921.75
6951.62
15181.2
13080.5
8724.79
3952.12
5451.36
10276.4
5717.53
5199.43
5803.62
6377
11334.5
5777.17
11102.3
6244.15
8979.86
6308.53
4606.25
8196.5
9657.08
9985.48
8611.84
9181.08
5290.07
4069.24
12839
6341.4
9801.16
6509.78
10953
5546.18
6502.32
14853.8
5510.02
10218.8
5117.26
5380.33
7168.27
9056.38
5580.29
6890.46
5923.43
7381.45
8725.04
4821.2
12642.4
8455.33
6024.6
3491.1
8842.19
8550.4
20666.3
4135.13
7076.65
6662.08
4767.67
8941.1
7871.16
3882.49
9830.52
8202.86
6141.29
6337.92
10643.1
21644.3
5241.89
6647.5
4476.88
7380.8
10054.2
4654.84
5946.48
7997.38
11056.5
5643.5
5684.07
7096.88
6725.95
6953.93
5015.25
9253.82
5890.21
5315.26
5805.26
5890.89
5034.34
10943.8
5600.07
13843.1
4185.8
9045.04
9703.19
8002.29
3816.79
7147.69
16826.7
6841.69
3081.33
7955.89
5968.73
5717.43
3857.67
5991.85
4170.83
5904.6
4352.06
36012.3
6308.97
9466.49
6978.07
5910.6
10307.7
5614.98
7095.31
12993.6
5599.58
9870.64
11189.9
8706.41
6113.04
5514.62
6049.65
3854.8
7432.28
9175.38
9772.44
7492.83
17790.3
13252.1
6700.65
5675.42
7906.89
10295.4
5490.52
7280.46
14190.5
5221.6
6608.23
5376.59
9086.22
4919.9
6927.07
7299.27
7703.61
9752.16
8541.11
7411.85
8444.3
6909.25
4585.77
8638.93
16017.1
5807.76
5469.44
5232.73
5107.07
4615.02
4496.56
7639.91
6293.5
9421.13
6445.84
12078.2
4164.84
5771.59
4933.99
13502.2
6251.35
10262.4
10271.9
4874.17
4829.54
22908.4
9209.37
4935.61
4787.17
9021.47
4488.57
4686.53
9867.91
12238.6
4647.72
8296.99
4756.07
5500.59
5659.17
5010
4885.42
6004.65
6726.72
6662.63
3553.38
6816.1
10109
11066.6
12793.7
6962.89
7383.26
6174.65
7930.32
13289.1
4557.44
5704.61
5719.79
8218.32
5493.42
6686.42
4377.74
6809.17
6317.19
25559.4
4778.72
14141.6
6126.82
14011.3
17991.1
4654.35
6926.11
5411.35
6797.5
3227.08
9102.91
11048.8
3814.49
4584.43
6748.61
6145.38
6950.94
3788.76
7256.36
9003.83
12371.7
7587.01
7079
4399.77
3777.58
4771.94
5264.07
7446.51
13104
5795.75
5118.26
5193.86
10697.8
5900.5
6895.06
6674.14
8762.46
12386.9
9827.48
4870.92
10857.7
5011.35
5097.99
4355.78
4637.27
6213.85
4107.17
7792.66
6485.51
4729.99
5782.5
5480.54
8908.26
3626.37
8033.37
6778.47
5261.11
4282.44
3820.88
6061.02
10971.2
10164.6
9231.3
7515.26
7709.77
4846.56
8531.8
10281.1
4739.08
7051.52
7294.19
9582.07
13730.4
4953.14
6967.99
5255.9
9521.13
6288.62
10496.6
5488.66
6014.86
8291.74
3994.61
6265.5
5005.55
6110.59
8283.55
4257.03
4124.25
11456.4
7461.81
8037.54
4035.86
11718.7
5472.13
4893.58
15276.7
7847.76
19067
5889.73
5684.64
7012.22
5106.15
3923.8
5135.42
4031.33
4004.51
7742.91
4948.3
4696.77
5468.11
4865.74
6453.14
5446.27
5911.11
5756.78
5939.99
4430.75
19713.7
4664.74
19829.6
6816.18
4537.92
5460.55
5354.47
6592.54
3954.59
4433.04
8216.63
6351.44
45394.2
23201.7
5139.31
5400.77
4098.14
7082.21
4561.02
4648.52
7545.67
6276.67
5382.58
10547.6
5626.32
5332.38
9143.43
4621.06
8744.72
8104.69
7570.97
4816.55
7389.74
5083.27
14917.3
7675.73
4365.56
7194.46
8169.39
4256.38
3891.25
5370.38
12543.3
9808.85
11725.3
11285.6
5088.26
4390.36
6354.07
5531.89
13538.9
25876.4
12428.7
4126.79
7907.73
4635.94
10113
7556.83
13528.3
19342.3
6537.66
19715.2
9676.88
8465.27
26864.5
12628.2
7115.99
6040.13
5666.17
7592.23
3999.3
4002.21
5754.39
8658.65
8230.07
4951.4
8763.55
5101.51
9826.07
12608
4230.7
7176.36
7380.33
4675.29
5543.65
4869.21
6665.81
6297.43
4949.4
12228
4526.68
6060.89
8204.71
11841.6
5920.78
8546.34
10373.2
11034.3
11227.5
7187.26
6229.14
4793.01
8444.79
5976.15
6820.14
4180.88
5245.46
19102.6
7156.75
7381.12
6744.12
8893.94
14616.1
5653.64
3918.3
7629.36
9982.06
49829.4
11610.7
5608.67
8781.81
17904.4
4962.74
10240.1
5658.67
4699.48
9955.69
5497.37
11852.8
10597.9
9514.45
5393.76
5452.87
8649.47
5129.31
8391.4
7276.95
7864.21
12328.6
5749.2
6601.75
9183.58
3828.62
6680.58
21410.3
5531.33
6392.71
4435.69
4464.79
8647.78
4848.16
10281.3
13410.9
11743.7
9617.14
5620.74
6838.66
8503.77
6272.69
5223.66
7470.67
17239.1
4970.06
3771.31
5443.26
8869.86
9246.78
17135.9
10023.8
8822.39
8063.03
3964.6
11520.9
4404.43
5244.79
6245.57
11333.1
10125.5
6972.52
21348.6
3890.61
9792.83
