858.687
807.539
803.477
794.775
1047.32
763.554
1045.63
792.719
878.738
964.776
1021.82
976.885
1027.85
744.983
692.1
774.234
1188.51
1377.51
945.876
821.542
685.535
916.291
839.416
1310.19
727.43
1136.65
1084.69
1046.11
1097.02
802.13
988.427
811.508
1010.85
790.29
1082.06
774.946
959.015
796.442
874.102
1049.04
810.468
780.761
780.536
612.333
853.52
857.211
983.803
792.429
951.826
1054.79
759.053
685.919
840.091
1241.3
721.76
973.577
940.756
927.671
1080.11
1156.68
783.678
900.953
882.75
976.24
921.152
960.174
736.077
1204.22
1059.71
861.237
917.221
795.191
903.841
869.57
836.526
834.75
1042.87
970.979
747.095
882.857
858.173
1221.55
818.435
1096.4
804.188
833.622
653.219
661.442
757.213
851.522
739.362
733.963
785.36
779.154
1032.54
1003.68
863.495
911.153
900.583
705.908
816.642
1133.25
937.156
1025.24
760.261
894.192
761.86
843.17
865.983
1133.78
918.28
882.506
862.421
855.37
1241.47
783.906
944.734
761.453
910.587
1001.35
935.618
935.744
759.11
988.189
670.013
903.065
934.95
957.949
1028.21
837.878
841.269
812.789
1024.37
865.85
756.229
927.217
879.439
733.155
841.945
871.634
780.82
717.295
943.683
1029.48
758.642
838.002
743.598
849.925
880.312
876.697
818.134
696.687
874.688
843.286
879.186
1012.36
710.603
957.294
896.911
900.867
971.508
870.276
1037.42
926.181
818.657
916.827
903.066
766.87
950.467
857.035
792.189
931.315
754.986
795.923
845.789
930.991
945.415
1016.46
848.551
867.218
1056.24
1071.84
760.368
1379.9
931.376
1054.88
839.372
851.767
821.114
995.619
674.798
867.61
656.812
1082.26
861.426
723.504
812.649
875.947
846.965
810.753
743.65
727.804
921.446
1120.05
1222.55
845.443
1072.37
830.127
794.115
818.947
826.401
730.468
840.579
841.504
681.053
915.472
784.462
745.815
1108.34
772.802
947.307
1033.78
900.605
953.031
871.815
886.793
769.901
842.291
730.765
1048.91
853.716
732.505
936.028
780.257
874.303
827.156
743.068
896.175
1074.31
829.287
1170.5
885.883
880.195
849.998
752.051
909.6
965.193
901.517
1010.44
1067.04
845.391
719.175
650.026
940.222
971.614
975.614
864.079
826.557
775.256
1068.95
840.219
851.057
826.127
778.679
780.771
801.187
1035.42
916.799
882.858
659.397
817.553
740.384
737.854
846.268
818.397
672.402
685.262
863.491
844.951
979.18
1037.93
905.247
1057.3
882.693
694.434
994.07
665.996
805.005
844.59
849.525
899.609
1134.37
810.242
689.503
846.686
897.195
853.995
904.466
841.554
749.987
1118.01
891.513
808.028
879.135
764.352
1254.35
936.436
789.277
828.03
875.623
869.152
918.982
1582.42
916.545
997.563
814.227
1120.26
935.682
667.815
807.722
794.818
684.369
936.602
1213.71
759.191
860.368
1057.36
914.409
930.293
796.203
868.918
1202.19
880.803
946.114
960.602
998.754
846.002
956.132
831.078
792.559
962.497
735.242
725.314
719.441
943.095
828.429
910.952
730.691
763.514
800.941
1164.09
858.527
762.103
789.281
872.496
718.06
772.993
929.133
628.069
812.612
935.689
1280.93
711.85
776.324
751.428
975.082
1017.79
1099.32
1080.62
1020.51
771.836
1005.56
983.096
751.026
757.009
1489.84
786.536
785.258
896.807
937.32
770.549
810.091
1746.7
680.062
800.852
872.302
733.36
1001.72
975.428
880.416
1165.51
1014.32
787.937
724.268
750.271
895.165
855.764
898.44
986.265
884.195
720.763
1030.08
1073.2
843.335
717.21
956.542
870.94
867
1048.8
886.045
1143.39
883.715
805.159
925.666
1033.46
891.121
986.861
673.807
778.933
891.544
866.693
832.471
801.738
645.855
676.765
840.617
816.102
777.371
745.493
1057.51
846.495
823.808
1004.23
1198.46
993.428
850.508
732.155
768.276
761.097
946.533
821.622
1204.14
724.983
962.028
807.931
1230.17
970.662
1127.25
897.723
745.475
917.879
880.785
805.245
735.505
890.73
830.981
976.599
944.58
770.134
772.891
778.313
819.793
881.016
746.497
819.066
879.405
787.188
741.084
957.028
947.694
898.097
1073.85
804.918
766.133
913.626
829.475
791.414
755.235
724.64
708.49
881.33
935.622
1002.66
702.218
910.085
793.135
1265
1025.85
944.993
802.127
974.315
649.537
902.99
846.175
874.85
888.323
839.501
627.158
1030.73
862.121
984.557
893.391
878.659
728.025
877.584
997.373
884.796
563.279
721.687
649.928
929.546
1047.53
697.232
1109.41
903.312
1007.38
933.974
828.254
749.887
1128.48
718.301
900.281
767.191
1014.62
904.588
846.406
968.299
932.591
770.209
711.19
786.971
644.806
837.211
949.202
810.681
658.535
1046.87
1004.43
776.191
1064.86
742.591
1061.59
882.584
1157.44
654.404
761.102
961.182
798.405
911.831
854.881
840.322
702.537
796.303
727.038
981.584
953.132
928.488
794.272
938.135
840.702
1093.05
987.869
922.889
798.619
753.884
903.585
687.985
753.31
909.337
971.75
998.515
728.178
1025.38
832.872
874.857
876.697
798.416
787.007
947.896
701.202
777.638
785.521
649.663
1614.05
728.731
719.593
729.159
875.956
960.227
792.522
949.537
778.769
928.492
788.926
1258.52
1018.13
767.954
824.374
693.382
1045.2
936.889
976.16
904.205
859.067
792.633
847.863
966.535
593.251
842.93
745.644
665.156
905.306
848.364
1160.21
648.44
837.195
865.586
1016.19
927.327
964.699
747.689
849.282
810.232
1300.26
795.649
808.927
903.951
841.194
1001.99
1361.66
794.322
746.16
872.417
725.08
935.014
1198.78
848.259
880.704
775.31
1078.85
851.463
700.666
1465.5
1075.12
824.968
837.424
766.903
940.265
1248.41
784.338
945.397
753.854
851.162
999.884
817.193
914.266
818.419
872.881
816.254
830.59
665.306
795.031
689.165
737.518
777.732
784.102
972.089
1050.62
1192.68
1262.66
791.994
632.522
800.008
692.286
823.144
822.298
931.321
855.6
866.732
1144.65
948.423
899.567
1088.91
977.063
885.271
805.04
1099.07
788.944
805.208
1377.05
887.123
760.116
679.995
864.686
693.894
792.076
837.302
693.38
769.1
900.23
971.411
664.508
900.437
833.69
768.745
820.196
700.123
778.94
855.491
769.769
1013.51
780.458
786.176
889.334
894.299
839.612
1068.62
889.068
1152.51
934.446
895.422
958.974
1012.4
1066.05
1097.32
895.801
785.66
823.269
1144.83
997.253
952.092
865.284
684.437
844.751
918.223
917.129
951.635
912.015
809.195
855.525
843.295
731.954
1339.37
858.17
1121.64
1299.57
817.983
853.877
938.069
1054.45
937.534
761.921
820.51
813.627
1624.32
880.369
1056.96
1103.37
835.512
949.797
1025.31
924.006
901.855
875.065
813.877
735.907
706.523
783.595
877.662
635.207
898.446
867.577
1170.72
892.923
828.412
772.689
720.514
743.016
809.562
904.344
887.315
945.264
746.716
801.312
769.806
1037.78
757.623
898.751
823.237
967.187
912.21
859.068
943.336
849.769
754.937
1112.39
1388.61
726.8
785.57
1360.54
707.085
1023.69
771.798
661.953
868.671
701.807
940.274
847.073
775.453
965.54
1126.76
961.613
898.462
750.387
921.034
899.363
831.332
749.75
895.527
842.09
878.72
878.231
834.73
961.281
816.643
883.533
858.674
1055.37
751.747
836.5
1047.91
860.005
881.676
837.818
729.789
923.645
899.13
963.498
1237.79
1008.56
814.077
788.193
858.53
662.791
866.32
938.602
929.062
892.874
1084.49
961.027
790.224
890.847
749.709
958.398
851.282
808.424
940.932
806.487
963.522
1103.13
737.508
847.802
924.635
860.966
1007.13
689.282
805.057
656.588
1014.91
945.966
860.199
1010.51
832.382
709.978
801.186
735.679
1083.29
852.573
792.674
899.103
868.114
941.147
844.058
671.917
870.863
924.174
925.888
972.904
976.527
1022.28
773.236
797.061
1299.11
717.481
780.14
955.766
952.105
762.909
881.599
887.385
813.52
1007.75
701.396
949.707
1146.13
773.522
792.398
798.103
898.567
909.958
698.895
720.656
829.221
801.226
809.642
771.898
701.156
941.764
979.91
837.306
1123.04
686.371
814.688
898.039
944.36
782.006
1210.79
1130.89
818.987
783.671
1001.86
736.365
923.735
1235.75
956.233
749.611
776.921
901.125
816.101
905.739
755.972
770.794
836.221
759.862
947.207
1000.9
1092.55
983.292
888.043
1124.32
631.028
818.75
974.837
684.727
616.521
759.678
1176.22
1195.98
821.908
775.373
823.919
815.126
1151.55
1211.5
694.878
1055.9
864.512
791.825
790.856
977.762
881.565
1065.3
739.624
845.177
675.782
1040.33
1163.22
786.323
857.028
902.465
1068
899.042
918.877
1012.97
754.225
1154.59
861.165
869.174
808.914
962.382
1029.7
782.466
743.831
905.658
732.58
962.143
959.469
908.762
731.196
842.06
1011.03
976.101
873.555
936.228
835.98
1141.53
990.817
977.476
705.466
902.491
826.854
983.379
1027.37
1032.07
725.579
829.275
737.938
641.013
738.501
1408.63
686.577
907.552
778.454
868.811
765.415
932.589
752.462
924.092
842.046
729.929
778.312
987.598
884.093
1014.28
911.112
818.632
1202.5
784.235
694.905
761.209
844.63
929.982
675.202
710.14
1015.82
1133.81
822.506
831.186
778.536
794.651
961.853
1017.84
982.998
979.798
880.231
710.784
937.536
791.373
916.224
763.964
755.288
961.901
830.378
945.451
762.707
792.793
909.78
671.214
1045.4
936.889
992.309
777.218
1004.95
700.928
823.06
1034.32
899.886
708.051
1205.54
830.938
699.162
793.585
817.407
1071.83
1245.32
879.116
973.528
1095.56
1052.22
873.528
651.64
828.352
700.296
1008.69
803.009
739.351
755.548
1102.94
833.927
1069.21
1121.05
997.299
1085.51
648.898
751.676
866.008
793.551
1060.12
958.557
1032.49
1282.51
845.731
906.16
735.846
938.054
1341.23
772.54
903.263
1050.73
782.273
1059.37
648.399
888.169
1067.8
922.126
754.179
759.832
851.703
856.126
856.095
845.311
1057.91
889.001
823.307
905.355
774.149
842.808
768.607
1008.9
666.769
924.168
889.344
807.303
752.129
785.355
771.964
948.636
671.721
724.063
845.703
705.308
838.417
966.098
901.018
761.208
792.742
879.179
1033.78
1041.02
947.543
771.822
1086.58
733.707
1088.16
1077.46
957.858
943.078
970.662
1170.75
786.987
853.636
759.399
861.348
804.427
1171.07
778.747
903.095
710.558
712.412
752.275
1006.22
872.165
928.07
877.947
881.691
966.96
975.506
1060.77
890.79
624.832
838.845
869.725
738.342
925.63
896.393
821.123
771.492
722.172
891.246
681.632
986.44
697.974
789.197
854.037
864.302
1016.27
984.15
1197.1
798.635
867.67
741.84
789.023
870.204
846.347
1071.25
870.853
815.06
1055.22
837.437
838.699
602.323
813.19
838.765
789.362
934.524
833.549
800.603
1111.88
1067.12
876.379
649.367
829.526
771.24
1083.13
802.402
983.975
1005.16
845.101
946.136
758.262
822.992
786.533
734.356
916.217
805.7
884.438
992.34
860.118
891.358
912.338
688.783
1025.5
842.619
1026.84
868.693
908.609
835.183
807.188
946.665
851.632
865.88
685.491
1286.41
677.377
869.442
722.596
1094.89
888.561
699.889
794.038
1048.64
940.323
899.096
1052.7
870.455
811.549
1133.06
772.92
667.81
834.794
791.907
1205.66
1017.26
688.315
878.955
757.524
901.437
798.579
1040.29
736.508
967.941
768.004
862.451
1007.36
985.256
1013.03
760.709
1009.57
1026.44
934.098
875.376
917.23
846.71
1195.51
743.929
1058.92
837.159
948.442
1085
905.267
945.842
1014.29
980.137
897.758
829.142
890.683
733.437
1027.1
793.834
960.392
958.352
957.873
685.6
866.447
933.147
898.571
751.528
729.155
820.316
957.197
871.052
928.63
819.202
966.193
662.472
772.522
722.627
1002.66
1014.4
1013.64
900.96
727.933
974.532
809.603
968.031
1099.87
883.253
828.272
1025.63
882.883
814.534
792.523
975.254
947.868
780.904
705.037
936.979
894.597
836.591
788.885
932.243
766.219
758.575
761.371
966.985
787.835
740.391
734.882
742.708
730.803
960.184
895.181
911.906
924.377
909.225
1019.49
886.057
797.386
742.235
742.545
894.456
789.739
766.133
1270.33
985.064
959.807
1011.03
792.121
981.533
875.156
807.443
1021.08
756.279
941.292
874.387
771.423
880.892
1010.73
862.559
919.26
814.154
800.285
787.816
774.913
792.967
917.065
934.532
910.017
749.752
908.576
644.84
770.366
960.675
824.137
965.42
1299.26
1045.22
1050.21
843.809
940.727
960.626
855.692
808.046
864.241
759.268
1069.84
944.036
829.601
772.802
1091.59
735.807
822.022
666.275
892.674
634.664
1079.18
800.569
972.782
843.27
839.197
1154.1
766.896
830.032
745.574
606.911
757.704
778.054
791.996
980.059
727.121
879.284
891.232
1055.4
577.408
998.198
964.041
837.765
931.057
811.918
746.13
848.534
729.139
898.671
772.595
838.922
843.674
857.767
863.182
763.981
1033.62
867.293
861.286
1093.07
920.542
864.81
743.062
1068.95
853.584
809.82
881.58
924.055
917.719
789.043
874.31
1072.72
823.54
1027.98
1009.65
843.915
861.385
929.386
1044.02
905.756
821.397
875.63
815.975
734.872
806.089
615.645
789.13
776.662
839.958
813.898
908.902
834.154
718.855
824.878
749.257
892.642
788.769
760.523
757.341
839.297
836.57
916.054
865.335
771.325
962.564
706.04
799.892
834.315
643.763
819.685
801.531
1000.08
1034.2
1047.99
747.546
842.594
820.839
965.15
823.057
908.508
793.594
1400.78
722.434
1040.03
895.74
767.409
802.825
821.348
731.291
691.902
899.621
752.032
796.718
1029.99
1071
809.848
932.683
784.783
860.593
800.38
900.48
810.781
823.392
833.862
826.879
949.72
917.903
972.478
904.299
829.501
994.469
743.357
908.27
948.249
994.939
828.567
729.784
709.087
950.521
922.232
922.769
861.778
822.547
761.851
829.699
996.354
767.34
937.847
912.104
1032.41
976.916
818.409
809.58
833.285
1058.91
985.3
853.53
797.973
1020.78
1018.07
904.741
1000.1
861.296
954.594
1086.96
1090.38
800.526
853.637
822.212
732.311
1088.03
1205.28
1003.93
1099.19
736.871
1013.49
625.001
728.511
715.703
1117.18
808.711
957.646
1099.44
806.255
768.903
769.079
871.596
1134.62
855.912
796.72
911.861
863.684
960.401
1148.02
674.106
931.53
1175
772.907
1074.71
764.787
846.67
963.889
838.163
684.963
780.296
611.306
805.607
573.771
824.085
939.178
975.85
672.071
1165.25
903.708
735.967
999.192
839.353
764.037
950.155
752.46
872.165
794.152
914.459
998.444
877.232
837.057
917.459
802.897
918.534
733.522
821.696
848.509
1033.03
666.251
942.401
885.011
823.372
970.147
886.009
930.883
797.177
863.162
940.146
1021.94
811.714
961.233
1040.76
740.672
1294.73
1006.66
876.697
624.23
814.916
775.816
726.674
856.934
1156.91
824.146
827.715
1180.72
900.897
902.298
664.586
869.812
918.363
849.217
878.426
1089.15
820.32
924.112
796.416
1006.87
996.117
817.666
923.774
1051.99
777.331
877.149
1081.3
821.61
954.698
705.13
1324.09
769.201
1119.94
810.567
712.797
922.841
759.473
903.962
973.113
876.186
994.619
771.072
901.013
856.477
838.333
766.33
939.24
869.159
780.937
907.365
801.134
839.758
688.782
896.302
740.503
834.415
685.216
722.316
1055.5
998.137
695.408
900.816
1420.58
958.416
1071.74
791.796
965.476
789.892
743.694
844.577
735.327
858.161
777.111
699.16
988.003
964.164
814.294
709.388
787.534
693.1
776.924
623.898
710.499
759.084
927.914
1186.46
978.118
810.145
909.722
751.238
831.762
877.107
731.02
677.199
999.023
850.359
840.169
694.629
761.597
1316.64
924.168
659.05
822.558
1076.8
912.31
868.232
1115.73
784.296
805.699
737.614
738.89
841.177
727.503
766.239
998.552
1058.92
1449.56
838.044
1230.93
828.461
813.567
1243.73
828.504
947.728
962.987
1031.32
967.786
1179.51
721.355
1023.41
761.216
1186.15
730.873
784.692
917.642
852.355
700.138
702.528
1124.43
678.203
768.495
1577.82
982.597
1061.27
889.371
861.943
750.87
1157.25
712.639
898.883
843.109
1071.51
890.312
685.767
802.296
800.191
815.112
911.833
885.581
1009.4
874.173
843.449
748.821
1023.75
885.096
833.611
1042.18
764.347
884.617
965.237
919.538
1013.32
971.647
1095.54
757.732
1035.32
858.995
1065.64
864.341
803.87
659.204
1014.35
1086.1
1144.85
794.439
927.332
709.396
834.319
1004.76
1004.45
696.725
762.639
1164.85
868.401
1144.01
843.132
835.987
843.727
912.795
729.723
838.75
751.508
765.267
912.233
1132.58
1055.28
1214.84
889.636
662.031
981.979
992.861
783.927
994.668
752.925
892.602
748.009
970.113
1332.51
1147.9
930.651
866.731
1055.77
888.916
746.412
962.959
913.676
945.881
805.351
956.047
970.586
659.684
800.129
794.219
944.472
1162.43
914.184
883.412
968.167
990.67
889.273
733.328
738.552
917.569
1063.84
1015.22
761.891
907.344
994.261
801.501
722.083
985.093
1029.04
678.411
946.073
795.607
832.623
860.726
777.125
757.4
1060.41
1013.2
765.971
806.113
1053.45
837.117
832.695
908.479
910.891
901.004
779.691
756.992
875.473
1013.36
700.969
889.064
823.508
915.967
1031.45
711.621
986.908
983.719
843.298
1156.49
912.948
804.651
949.663
837.579
838.756
758.265
883.753
694.722
1166.73
730.934
1046.9
900.547
1016.74
872.948
1016.12
966.204
897.16
811.041
818.583
795.505
1010.31
796.213
1000.28
684.078
715.852
795.57
953.349
759.738
903.063
845.719
1169.66
850.085
802.544
1157.73
850.229
711.615
830.814
831.729
765.601
735.502
945.6
1015.15
746.186
969.972
751.92
1023.44
675.932
838.959
698.194
932.456
861.266
999.09
814.283
705.376
937.753
729.831
730.463
814.283
867.467
770.491
913.724
655.602
683.145
766.062
821.47
1046.52
687.285
760.534
774.465
1032.79
870.864
901.701
939.337
870.694
1044.64
1095.98
946.376
808.298
1028.9
863.677
1067.78
814.343
777.769
816.038
748.504
1138.64
990.103
988.567
913.221
624.629
945.442
740.974
928.312
921.905
735.455
820.497
854.419
899.979
637.479
820.815
1008.33
694.123
856.477
768.114
1040.93
969.252
1028.09
634.162
926.168
928.65
919.885
772.719
729.381
1023.6
882.959
741.736
788.886
1075.27
933.087
1065.07
811.183
1012.48
820.194
852.178
1259.99
933.156
834.005
905.064
899.966
744.295
918.764
829.726
617.181
772.486
777.598
817.965
921.758
1063.95
1029.33
1303.81
940.492
713.537
806.538
912.99
741.181
812.401
691.26
968.605
1019.54
849.677
864.813
733.97
890.837
847.704
746.861
643.412
954.204
1200.73
948.38
733.139
1085.82
802.147
1023.11
729.211
760.158
1001.1
808.94
797.004
693.641
1005.92
712.66
842.766
756.145
756.854
777.442
911.472
792.358
837.459
1087.27
1009.05
1193.78
1021.81
855.294
903.104
904.417
799.873
948.801
701.458
807.554
833.669
767.041
867.123
908.711
1019.57
727.23
710.759
863.47
962.346
790.415
805.6
1012.31
729.165
786.43
729.536
916.175
1025.73
845.988
854.278
843.017
1046.22
966.206
846.943
858.883
1025.99
641.92
972.387
869.33
744.578
750.829
723.894
1049.25
742.203
679.759
865.076
1009.94
812.86
938.397
1293.83
717.19
1032.46
895.958
951.203
845.319
980.852
863.033
930.822
865.223
961.197
772.957
682.442
930.809
715.18
854.771
761.197
727.149
808.599
937.789
1063.61
805.896
912.533
714.72
778.885
853.731
830.647
1051.26
907.337
790.135
867.607
944.961
851.415
712.772
874.531
917.068
1092.52
996.338
857.175
1113.22
1005.74
841.893
721.212
921.185
949.251
971.917
1115.09
911.143
797.156
842.927
1081.87
753.449
833.099
963.686
896.633
763.345
925.185
796.738
1528.12
1131.03
914.321
844.977
798.605
1064.41
893.269
932.368
748.006
1006.21
833.267
681.152
1027.03
750.651
864.071
810.289
817.631
812.851
973.321
742.898
842.331
971.727
908.022
863.937
1070.77
736.483
710.927
876.781
1097.25
946.249
731.587
879.085
977.439
1193.16
771.957
1131.89
836.377
929.255
752.659
800.598
825.783
849.999
808.765
797.213
1057.98
1062.73
980.505
785.969
1282.12
978.682
787.94
1070.59
730.262
1289.72
696.37
785.595
584.091
1064.09
922.875
798.012
806.786
770.393
667.251
950.038
942.272
979.915
809.902
993.581
824.489
774.267
697.079
735.349
909.063
925.57
845.751
921.972
950.749
706.936
933.973
699.37
1026.15
1059.48
1087.45
723.851
879.276
959.255
850.655
730.869
852.203
1087.21
820.797
929.25
777.836
959.109
936.413
1019.37
857.798
859.448
937.027
891.376
675.819
939.57
1039.91
723.17
1015.89
931.134
668.587
851.939
1338.02
715.063
766.147
803.287
780.226
906.826
767.143
877.195
815.074
822.105
1018.96
962.376
676.631
775.069
811.18
1126.43
833.902
811.118
808.075
693.936
992.531
916.198
970.532
1201.73
890.564
716.408
1021.08
752.462
784.475
876.089
968.16
724.064
877.031
894.229
818.632
732.112
1136.95
848.44
750.712
1066.49
1073.93
819.551
889.048
856.953
886.719
864.255
965.097
769.928
924.342
897.097
1012.44
852.408
684.594
783.546
783.575
900.228
799.326
718.008
975.188
842.419
748.769
831.791
866.325
973.315
916.596
756.878
854.928
832.423
716.392
919.487
1181.96
829.678
1026.88
670.011
1082.9
1184.36
893.167
797.804
989.897
872.103
860.62
975.289
1199.98
690.857
826.919
1003.31
926.463
705.064
1195.81
1027.49
882.081
1238.21
1043.3
750.074
958.616
910.816
806.269
1153.71
821.279
1007.89
677.628
932.159
775.099
973.913
747.507
841.243
878.919
1028.91
950.016
831.825
982.68
850.924
874.275
924.445
1188.23
809.409
876.598
1014.87
891.486
770.365
789.692
731.729
682.773
804.273
834.065
896.194
1161.47
1072.72
765.32
771.03
998.265
858.898
997.969
641.248
681.634
752.303
838.599
824.94
1116.61
973.447
709.653
908.72
897.376
904.956
962.03
875.996
854.72
810.104
798.132
1130.57
1057.43
815.392
1002.7
704.847
995.807
845.912
1127.42
1192.15
1017.47
1114
771.262
808.566
942.385
837.907
936.788
1134.72
801.75
863.414
974.776
875.542
795.887
803.307
782.037
775.351
826.222
865.382
1219.91
718.072
917.76
682.565
875.721
980.054
732.191
673.212
596.289
1043.02
932.001
875.473
863.193
999.568
768.723
855.025
931.199
812.128
714.318
917.143
857.306
863.322
886.883
812.022
945.655
892.196
896.118
733.178
694.554
874.123
840.972
767.127
1016.79
927.211
741.766
889.912
722.418
846.208
736.89
1022.23
673.888
1035.2
794.813
853.102
887.13
799.569
933.547
1009.36
679.511
843.366
979.319
926.689
781.623
810.552
824.645
830.623
764.022
664.073
770.338
770.585
610.439
1846.46
845.402
764.59
1375.58
915.349
922.053
863.335
937.653
766.294
805.015
741.195
812.387
634.336
887.784
801.433
869.12
716.642
1173.25
797.642
795.521
889.169
1009.52
976.678
928.637
1200.27
1008.17
765.133
845.095
673.212
883.276
1386.24
835.229
671.473
796.443
975.43
676.157
886.221
836.175
693.811
837.148
1096.21
1031.95
1067.41
852.442
895.292
1264.52
801.632
932.89
796.254
794.808
825.323
857.919
851.084
929.774
627.929
849.164
993.863
812.467
1224.04
788.364
953.142
1218.86
819.159
717.816
839.835
1094.94
982.257
892.428
1131.36
919.823
882.902
885.718
728.492
836.182
727.321
904.313
954.514
862.503
949.293
730.725
685.101
860.544
669.513
975.198
1172.82
824.903
855.109
1124.05
769.77
969.949
770.936
940.162
820.78
775.273
794.631
873.709
930.604
864.369
1000.9
1015.1
1028.4
591.999
898.826
903.647
938.641
918.807
1074.91
791.332
957.556
684.38
982.989
838.942
711.951
801.508
756.897
694.298
1041.94
933.598
795.625
784.912
943.42
823.575
887.724
828.251
1393.2
1013.4
939.647
1253.02
800.65
1031.96
754.635
843.962
764.299
1304.49
720.889
780.752
794.179
858.913
731.45
725.351
1147.42
660.525
844.163
809.58
874.907
881.252
873.608
931.515
858.578
864.572
1006.98
892.744
774.402
1089.32
1041.49
602.309
953.137
830.281
661.886
1042.16
784.574
961.245
816.866
943.764
925.289
1031.48
1241.43
833.44
911.08
792.43
781.666
904.143
963.485
885.597
780.464
668.613
1121.93
773.213
824.683
910.532
1028.73
1056.66
930.404
882.966
1053.82
880.577
829.223
812.515
828.414
1074.29
851.592
1149.77
1112.82
719.941
1026
775.183
981.925
892.897
948.31
675.754
934.827
870.517
1293.96
909.121
851.901
1090.84
1123.28
687.118
879.986
835.544
913.616
1082.98
1222.49
942.091
787.215
949.922
948.299
729.153
835.448
864.378
754.097
872.729
932.095
772.866
719.001
745.25
860.789
845.115
868.547
876.424
838.851
767.754
817.952
950.804
695.498
1149.94
1030.88
759.132
879.549
696.686
852.727
710.386
1414.38
820.178
1093.85
771.66
1006.5
1049.87
808.316
1003.99
865.337
1012.63
882.282
948.887
825.511
1047.19
866.617
919.059
829.821
1673.38
1025.05
801.961
514.98
995.878
990.21
1007.03
674.579
712.602
1095.74
1081.1
868.816
1036.65
901.5
1011.51
899.16
963.371
709.369
735.958
1159.81
900.972
781.064
788.73
799.173
956.298
919.829
858.046
835.064
604.837
978.748
909.707
888.141
891.592
778.856
734.935
981.366
808.9
868.874
882.804
744.18
785.562
736.09
957.359
991.81
627.992
745.644
798.469
783.427
868.187
1032.1
791.366
917.813
747.54
697.34
766.163
818.135
788.81
847.114
754.975
1159.81
770.288
733.226
1146.79
845.223
1504.91
1278.54
1015.76
674.431
684.81
841.057
988.028
906.569
1015.54
874.762
865.246
998.345
814.046
708.561
793.862
1110.3
795.879
844.207
971.834
868.669
739.372
713.092
874.188
706.982
1005.73
958.072
803.112
856.011
815.119
760.273
1069
1050.58
897.613
828.663
869.784
886.846
916.535
1043.41
1055.3
934.555
752.041
798.719
769.488
727.662
824.81
709.575
1095.58
1030.05
910.138
845.605
925.92
864.47
867.555
755.152
809.545
785.284
1081.22
900.719
800.098
1335.89
863.756
872.88
1033.8
803.821
782.194
853.584
901.307
884.978
1070.93
1300.44
1201.52
831.842
800.442
730.415
958.524
779.758
916.422
889.887
819.351
724.078
731.088
1203.86
836.576
992.397
699.447
1025.5
1105.41
813.996
816.006
909.165
872.013
735.161
756.004
843.905
880.515
869.86
935.72
1078
887.974
1052.32
1005.9
690.274
1346.35
1114.53
827.993
895.463
885.891
648.038
688.812
1118.44
935.047
907.375
1024.75
927.809
1158.41
916.907
1405.4
720.178
1033.62
899.999
1083.16
1245.11
706.051
1055.27
848.775
650.826
1015.32
914.717
1051.81
779.785
1539.79
831.383
1026.77
850.485
933.566
804.082
929.482
1023.38
769.665
928.318
998.135
1526.15
760.771
795.86
741.121
1020.33
699.996
895.809
880.878
966.877
815.087
848.501
907.041
1633.08
993.895
877.694
955.328
833.075
740.822
770.516
692.558
1058.15
1052.26
729.963
1103.61
1117.47
961.025
874.175
864.462
861.217
1066.37
762.377
913.774
1015.4
828.759
795.029
778.979
1119.06
1060.3
1086.36
749.902
828.33
857.301
911.799
755.573
959.754
912.417
811.206
1005.84
672.383
1113.75
848.837
843.145
873.26
716.589
1078.09
762.307
644.078
903.267
1061.6
983.878
1008.57
844.741
729.727
846.051
796.38
1091.92
883.45
866.953
756.556
650.926
623.548
847.853
712.435
793.856
766.762
895.793
902.979
1148.82
922.054
1063.71
781.254
851.371
822.799
784.259
801.587
981.344
751.984
928.592
794.765
683.682
1117.47
1076.8
910.759
928.391
873.764
761.315
859.041
862.631
706.087
1068.74
742.815
952.894
975.263
856.256
964.331
830.126
852.239
956.802
1008.81
811.501
798.862
872.997
898.573
1257.84
802.731
843.317
869.582
605.959
928.98
742.947
967.72
735.288
604.368
827.981
646.105
693.366
779.481
907.575
943.668
1431.08
802.829
745.564
1004.36
677.663
767.169
753.446
748.571
788.204
929.222
916.711
792.408
988.596
793.038
869.169
865.226
1095.74
863.173
1038.45
760.125
832.032
942.554
985.468
997.85
785.376
1001.9
1027.42
1009.41
771.732
673.615
897.083
748.779
733.379
796.475
1002.5
1019.53
835.46
986.478
1026.69
683.522
788.6
756.27
805.789
1087.42
915.528
843.921
993.34
787.866
863.958
739.795
756.762
921.213
690.996
1035.68
1057.98
739.266
795.719
845.491
779.673
997.972
904.278
741.851
1158.99
847.525
840.072
870.673
815.41
1034.6
981.721
789.687
934.806
951.385
852.973
807.338
953.297
923.82
878.348
813.911
820.535
1154.96
912.026
873.721
720.747
719.911
1147.47
906.527
1184.72
1080.02
850.312
952.376
920.063
795.602
928.05
789.746
957.992
726.464
769.362
903.033
911.09
1115.24
860.059
940.959
1066.91
862.95
931.444
817.324
824.772
793.051
788.359
845.978
887.8
795.511
985.063
905.051
917.078
878.006
748.24
1117.65
843.234
980.389
831.648
813.772
859.209
757.048
1066.86
949.272
733.957
1105.54
835.409
1084.89
779.62
944.945
948.037
986.684
905.793
1010.24
886.677
742.53
1180.15
821.202
904.764
883.093
1015.63
907.796
824.691
856.448
1073.66
777.893
1089.4
908.401
1073.08
999.638
955.467
794.873
820.198
1182.52
824.598
1040.64
876.969
903.334
767.709
1003.21
984.537
723.499
784.65
749.445
923.974
977.22
1344.11
766.275
782.003
752.03
819.485
670.316
873.648
774.416
827.952
842.205
1048.6
810.968
584.066
727.664
891.729
762.029
787.136
907.292
1087.22
866.356
964.218
1122.08
1130.74
950.361
866.39
889.481
982.833
1110.67
829.632
760.318
903.427
801.063
725.438
841.224
644.844
1004.08
712.121
719.099
905.863
852.566
845.228
958.821
805.483
814.297
661.755
889.252
1032.88
950.048
805.485
744.544
1040.9
737.499
919.177
971.522
718.751
1112.7
943.141
1185.31
814.903
782.262
1036.15
888.616
647.488
893.893
744.191
911.31
814.528
658.507
985.367
1149.11
850.785
913.424
930.559
933.94
875.736
693.686
996.505
1157.24
965.715
902.121
802.974
802.513
875.298
803.766
632.81
1068.89
755.774
645.38
784.593
848.652
736.804
690.647
673.07
861.321
785.158
752.128
794.05
971.474
886.985
706.437
750.85
1008.9
990.532
1091.39
997.452
1079.08
642.941
665.004
878.36
982.463
762.635
805.795
1064.78
984.699
780.415
1074.18
917.614
1224.42
817.978
900.023
681.614
691.055
1343.51
800.021
657.895
780.21
982.899
995.765
957.257
780.759
878.805
805.246
826.624
811.752
1029.94
969.55
823.511
904.027
832.693
951.444
991.277
1217.12
1027.71
805.963
831.525
958.009
873.821
762.97
819.765
794.352
1092.97
1105.65
839.373
855.53
835.443
737.744
814.514
717.745
897.269
901.806
828.574
901.871
786.987
968.965
1061.77
782.942
715.627
957.738
872.118
774.145
1037.27
690.232
801.294
712.597
1067.9
688.456
731.765
955.995
922.166
731.589
1023.34
732.825
690.483
1007.25
786.2
1110.44
796.581
748.068
810.122
840.871
838.284
1231.93
756.709
772.883
1123.96
729.324
1283.3
884.436
764.114
789.883
751.295
722.744
818.529
900.938
935.512
703.763
914.455
730.083
954.185
778.043
724.039
1008.24
786.772
908.385
948.552
851.024
905.876
980.116
909.349
1111.01
746.079
876.556
1167.94
907.795
774.946
882.361
660.742
807.692
857.993
864.166
913.372
822.687
998.419
814.105
882.357
1022.54
811.482
699.1
763.844
855.515
924.392
847.027
1020.64
807.405
884.932
611.138
797.208
707.315
839.294
882.673
859.039
708.711
1062.36
635.381
839.173
911.509
839.986
1448.73
1415.59
1033.22
862.398
717.085
941.351
952.28
1020.11
819.98
818.972
1283.75
817.95
965.772
907.297
859.007
850.342
963.822
817.004
836.989
820.73
874.765
1110.45
977.976
659.916
876.825
799.098
810.948
999.821
907.221
937.446
1214.56
702.306
893.616
805.9
955.47
956.203
818.432
1137.42
896.638
919.818
1009.1
833.635
858.393
858.827
752.8
882.58
949.564
932.77
880.063
668.672
941.584
854.907
1042.09
902.258
838.909
1118.42
946.702
710.056
1129.51
777.884
826.989
757.782
636.772
861.106
944.962
1161.86
815.489
797.089
910.565
745.554
1231.12
994.809
758.772
774.177
909.767
860.028
1075.39
949.032
949.533
837.716
787.764
985.176
760.85
919.094
713.354
1008.53
1195.7
1002.64
708.608
789.974
736.276
1319.28
1136.64
777.265
827.543
828.382
960.982
884.176
1050.86
997.473
664.132
1091.8
959.787
1029.65
921.984
809.97
986.336
1003.33
1222.79
935.956
857.839
920.044
1338.68
1007.55
889.416
808.337
1005.51
914.945
967.187
770.002
974.498
700.95
902.803
817.007
949.713
1016.07
957.417
968.411
740.569
890.658
830.808
769.808
790.765
793.646
1241.83
731.036
967.561
964.076
1014.91
913.815
917.713
893.318
964.897
1034.01
901.61
755.216
841.791
881.459
781.766
703.354
945.754
875.408
825.048
717.145
976.817
908.551
775.188
944.978
760.046
861.176
710.255
721.485
747.449
766.121
897.274
860.768
854.598
818.095
827.096
1075.72
784.985
668.415
808.793
879.397
930.739
952.433
700.77
743.147
942.135
925.662
1047.97
829.384
902.888
739.121
798.23
792.818
717.39
881.229
686.163
864.045
813.372
851.332
846.291
1074.77
1170.26
698.751
853.53
721.942
964.258
1105.96
993.25
944.707
795.296
1010.93
745.442
693.046
1037.66
736.272
904.092
1100.85
863.866
905.047
743.767
1120.36
1130.95
791.79
740.553
986.468
837.538
948.039
705.238
872.801
994.402
862.005
912.796
739.653
716.227
867.37
902.532
748.73
872.162
878.336
645.412
1003.35
989.504
940.211
817.697
799.971
1108.12
828.992
833.754
901.891
782.326
895.42
832.447
855.234
826.491
821.427
841.473
706.97
1183.81
805.039
998.06
812.186
720.612
753.719
1005.04
899.369
1184.97
839.002
850.684
952.345
829.392
684.708
991.074
697.118
1035.92
1111.7
830.872
741.453
650.239
849.373
1025.69
1075.15
918.385
743.548
894.384
879.206
898.771
945.083
766.998
946.065
889.096
1035.25
1004.54
923.323
688.774
981.86
671.656
953.74
788.323
980.99
793.882
776.226
773.538
946.443
866.417
870.055
813.764
1108.5
820.472
853.915
824.193
863.894
936.161
768.173
746.696
866.616
893.838
828.247
1112.56
872.887
807.784
898.513
810.592
959.028
1309.16
764.655
1183.62
802.313
632.632
699.042
882.15
978.992
868.424
917.865
784.212
702.041
975.242
923.326
727.497
1289.18
886.782
1012.36
813.408
876.989
793.814
883.246
897.638
756.853
817.759
1012.93
696.028
746.995
1278.3
771.457
642.314
819.975
1183.15
966.226
847.759
761.413
814.585
722.27
1188
676.946
988.644
786.449
1129.67
791.3
794.525
871.984
945.736
951.394
790.76
1018.27
934.176
1223.18
884.245
1100.68
934.444
730.894
832.35
936.838
811.883
899.465
881.53
931.653
959.472
904.133
968.157
852.478
758.738
966.528
917.068
963.262
684.047
814.726
821.429
966.546
747.229
787.123
941.033
629.704
691.193
1151.26
709.764
918.613
750.866
903.361
859.118
811.871
1150.42
720.085
1053.46
931.693
733.684
853.864
997.942
776.539
776.205
1420.18
719.879
879.649
829.651
878.301
747.196
761.499
815.337
894.218
868.08
1121.99
1122.27
723.386
866.974
993.775
1260.48
980.943
1223.1
2063.68
974.943
743.234
896
705.603
1140.69
991.786
1005.75
865.897
779.897
716.668
866.02
770.669
773
1017.72
1117.92
740.06
898.926
927.47
886.915
823.312
705.233
866.18
862.036
789.495
806.389
976.431
1128.08
798.509
1005.02
841.715
794.543
755.471
903.308
970.114
667.572
766.396
1097.83
931.883
818.207
928.948
724.761
921.618
758.061
1090.23
978.592
810.695
687.578
892.822
791.253
870.126
768.121
1047.44
742.016
841.237
939.67
902.988
1089.91
918.32
713.81
1300.14
697.609
880.759
639.352
913.608
1019.23
698.73
1095.27
798.962
1082.32
767.846
618.051
933.722
832.009
1035.97
762.4
860.153
778.166
830.889
1190.33
968.723
901.578
935.888
950.572
759.137
916.513
588.415
787.928
913.317
1386.01
1150.49
839.731
791.112
885.662
966.676
661.904
888.2
919.563
733.545
802.22
861.578
793.946
892.463
828.784
1056.47
914.767
1049.4
989.699
821.497
858.221
1255.51
868.512
795.49
812.543
833.673
834.109
651.383
910.115
810.308
955.927
718.679
987.541
974.182
839.353
805.463
825.445
732.484
779.806
1143.59
920.608
1452.99
977.293
795.71
944.242
962.977
683.114
878.828
944.543
1001.91
817.307
1045.16
724.168
797.635
705.573
664.398
971.584
646.425
850.13
974.91
685.006
642.562
781.71
981.879
717.076
893.998
846.397
941.383
844.691
1012.75
801.943
818.766
832.391
803.914
938.424
626.365
718.392
974.475
730.446
747.177
842.914
955.029
1013.18
873.609
902.029
638.719
1041.01
804.235
1003.99
762.761
1381.41
942.104
1009.08
757.378
935.34
989.589
729.657
770.681
1170.26
918.173
894.071
913.515
794.434
818.946
1026.66
919.095
803.013
1067.52
900.736
913.239
1192.13
1095.12
806.67
1374.43
756.363
1040.37
723.299
707.873
758.225
856.891
801.609
873.632
803.992
701.061
1130.61
990.227
807.989
1157.83
635.751
693.649
1118.12
848.159
742.076
965.362
1148.2
943.897
847.585
723.419
878.953
921.238
735.5
915.273
845.656
981.997
790.614
1016.29
921.491
711.323
694.064
901.446
1096.82
775.028
840.905
836.463
1034.72
1229.14
833.998
839.058
779.282
893.119
858.89
929.579
821.979
865.122
1223.66
1174.15
929.414
961.188
757.663
633
794.711
746.179
665.355
803.955
939.607
1278.78
755.303
1017.05
833.788
1106.04
920.063
896.173
616.296
876.931
925.57
1197.59
917.55
813.694
1035.35
792.67
739.842
788.466
960.787
784.518
903.974
807.346
1332.15
734.535
906.659
896.573
709.604
954.16
952.923
946.682
1094.09
919.358
1047.13
1002.73
700.034
1102.5
826.542
894.291
1228.66
769.583
854.224
749.679
1092
974.616
1222.88
994.535
1017.64
742.372
745.028
871.875
890.666
849.06
680.575
751.857
787.324
820.304
1064.15
794.177
978.646
850.745
640.623
796.696
661.599
929.694
830.216
937.768
895.657
821.389
917.372
824.753
942.708
1111.07
1039.92
651.618
867.213
860.21
880.334
927.986
742.446
886.648
804.477
922.242
855.814
829.244
1007.22
760.925
891.756
1109.65
977.941
1400.99
807.307
791.816
1007.06
796.09
947.494
679.531
756.729
1542.1
791.256
1010.53
741.123
1032.08
1052.4
744.617
816.518
833.386
781.672
754.699
1100.08
1072.83
1034.37
797.685
1657.56
845.226
903.889
912.835
1649.76
664.129
891.871
673.155
861.265
898.337
908.664
698.733
1022.2
1171.05
949.421
927.123
1010.4
909.927
842.058
1054.74
971.811
961.929
908.046
799.695
834.825
850.769
917.078
773.304
759.464
730.444
725.292
977.639
888.376
974.849
826.875
1014.7
794.818
859.613
834.924
720.265
724.75
908.597
737.318
818.821
1109.32
1179.26
833.638
735.017
853.481
980.736
985.534
873.732
759.871
864.929
689.396
846.447
854.564
819.62
732.515
794.418
928.126
819.129
901.783
1080.86
1105.15
768.212
1024.13
1046.38
710.784
872.833
922.452
863.944
771.012
923.171
794.95
1180.19
1001.25
898.216
781.155
876.329
816.825
1050.86
910.246
955.442
866.678
912.656
1133.48
785.111
987.035
745.667
857.081
837.368
648.238
640.253
888.794
941.009
1163.07
707.797
856.651
846.461
963.334
746.766
778.128
899.56
920.342
907.752
753.581
802.07
796.292
795.964
813.279
789.639
987.362
935.408
722.844
745.323
825.9
906.917
802.158
849.404
881.725
839.684
1236.16
988.757
646.668
1100.42
1188.92
738.266
881.383
850.36
866.6
793.321
879.049
800.211
1054.54
833.611
625.709
808.208
1015.68
1090.51
909.865
980.122
866.886
974.745
940.455
904.726
772.22
862.731
778.951
1047.83
1181.95
818.542
1208.45
821.472
689.434
735.655
856.233
828.726
838.364
728.137
1000.52
758.355
942.747
952.571
877.931
1003.97
975.188
713.255
903.716
1015.89
928.204
806.566
771.588
839.689
929.96
1087.29
1008.24
968.076
627.563
861.137
704.719
859.771
878.815
907.439
1056.9
824.626
871.23
750.998
726.39
961.803
870.064
994.837
946.865
996.799
992.77
898.259
791.291
746.622
920.67
906.259
862.949
1034.85
982.527
1100.23
854.826
828.069
747.037
801.531
757.666
900.074
1173.89
816.904
734.724
749.458
802.221
1044.06
734.82
1215.87
765.406
1143.64
695.088
990.882
870.429
816.681
820.055
957.543
671.138
812.642
969.743
765.496
902.904
863.634
1125.84
992.905
839.033
813.471
831.428
768.734
1161.76
746.061
736.359
695.275
1258.24
976.25
1163.57
755.644
784.894
800.82
817.298
747.799
799.292
963.615
893.044
935.511
909.873
1190.82
1210.83
869.97
727.873
667.634
1258.11
869.513
881.548
675.016
822.918
913.686
744.747
726.027
1058.06
1053.72
756.638
735.48
684.265
1054.39
1035.73
913.554
715.65
878.994
910.404
869.896
930.487
745.148
896.54
973.762
1003
787.352
783.687
793.561
941.958
691.639
987.02
836.847
771.436
783.1
929.316
856.097
965.689
989.342
714.878
869.945
854.552
693.696
990.622
797.903
878.47
823.576
729.85
1051.12
774.536
1142.26
722.066
1110.42
852.513
898.3
1053.5
818.67
1079.89
740.715
725.119
804.921
776.205
773.527
672.607
762.505
780.188
1034.06
864.133
920.954
862.935
655.193
851.705
717.643
1013.02
968.23
756.889
835.946
944.432
796.867
761.997
1040.41
878.912
966.728
912.949
794.918
929.145
965.12
1082.38
904.576
786.826
928.968
796.882
874.79
1052.8
1333.44
914.208
768.414
822.265
949.722
736.555
1152.78
797.496
612.172
773.321
1046.09
927.725
676.69
738.162
875.784
815.007
931.762
826.978
890.151
764.839
777.475
904.582
964.905
774.499
967.298
878.027
802.369
856.757
852.381
835.443
854.631
984.519
1080.54
869.417
706.245
672.53
644.425
882.798
801.382
890.479
1003.5
951.685
688.557
839.996
906.939
773.498
935.439
993.181
941.508
912.381
790.987
773.665
835.607
780.319
948.994
838.396
912.751
893.153
1048.73
873.686
1010.52
911.165
821.175
1025.41
898.145
887.93
808.975
695.37
895.675
825.394
1153.31
738.088
866.045
681.042
1196.82
880.21
801.36
675.81
745.861
750.828
746.572
749.618
1085.24
909.709
784.875
807.987
790.178
770.697
1023.81
880.888
1103.93
936.799
670.653
727.154
1010.37
895.427
840.897
902.375
1067.73
604.448
762.594
909.368
734.1
989.872
705.859
843.197
902.326
928.506
1124.16
803.548
822.84
894.529
873.751
762.56
782.983
938.503
676.937
984.693
684.505
752.616
828.624
705.034
1059.61
674.269
788.663
1026.27
963.654
743.745
840.884
712.577
746.311
879.162
843.043
799.827
999.415
755.427
903.633
616.731
770.574
676
791.159
678.182
808.573
939.583
1096.17
714.413
986.077
923.62
908.064
887.834
964.8
946.016
816.589
776.204
885.787
714.347
785.231
914.201
914.747
828.724
784.006
833.972
1063.59
742.756
817.579
751.963
943.869
1414.97
721.985
788.094
714.272
1035.04
1084.38
845.118
638.6
806.998
811.167
733.589
720.553
904.935
836.805
718.869
889.105
635.834
887.674
751.51
910.641
900.424
865.166
663.913
790.008
805.37
719.714
1001.99
894.844
1382.14
845.13
794.539
1056.24
1009.58
859.587
808.805
732.613
1657.95
1034.32
939.315
937.398
785.085
1007.31
1321.55
940.702
751.788
813.801
1177.82
852.104
693.203
859.656
897.946
877.676
689.953
1068.33
717.138
837.065
642.212
737.989
758.466
911.175
933.95
795.727
948.262
786.336
991.647
774.81
712.597
952.036
925.139
821.938
964.179
742.288
869.207
815.746
911.258
791.083
1206.39
777.768
943.222
727.393
893.858
883.692
857.428
777.673
854.032
903.04
704.203
802.229
767.465
771.756
792.94
797.282
1259.21
891.321
848.544
718.954
999.63
906.044
842.619
926.252
735.069
876.23
799.53
726.865
779.159
814.344
778.436
899.767
892.716
909.208
751.189
856.494
1132.58
914.839
1178.36
765.359
1230.07
886.782
815.373
906.838
892.522
1125.9
791.852
940.783
1106.59
925.415
995.779
947.46
819.509
1073.54
905.093
750.243
869.56
880.889
937.649
723.925
848.088
932.511
810.167
981.817
807.89
1174.99
836.033
784.118
873.975
1047.01
835.98
844.913
779.005
715.713
723.13
791.753
961.72
951.433
777.078
951.453
940.134
722.157
855.125
1155.82
1255.38
712.149
764.183
854.287
796.983
857.523
929.322
997.554
714.242
1026.74
935.1
1130.06
837.536
695.582
668.632
1147.88
783.377
786.601
919.294
866.68
891.946
880.056
1042.91
730.464
849.742
726.435
985.943
795.593
796.427
761.321
730.344
726.364
976.101
935.17
858.748
690.333
1168.6
861.011
1335.64
917.173
1087.83
915.744
955.428
691.012
731.721
838.531
882.822
736.261
806.168
983.384
1199.11
948.006
854.961
877.38
871.833
916.436
1130.64
975.576
1351.98
786.116
673.919
674.964
823.223
761.767
1148.14
959.888
1127.19
844.337
829.737
709.199
872.971
690.048
933.803
587.581
909.889
821.599
894.875
723.813
913.807
852.13
811.368
785.627
793.09
845.027
954.998
894.621
972.235
805.135
818.838
849.443
905.236
827.303
848.679
850.493
879.899
696.176
729.373
742.874
903.036
920.816
989.704
937.894
738.312
789.781
872.127
906.466
835.755
946.189
954.989
744.309
867.1
891.407
707.481
651.619
1044.39
1104.47
1222.74
861.951
877.174
697.725
814.744
839.47
979.017
742.057
1043.77
734.314
970.03
1112.75
852.939
847.188
873.118
756.977
816.042
867.202
788.627
844.859
841.861
879.458
573.834
1559.21
724.464
1083.19
735.467
885.809
871.019
959.2
1133.52
868.357
823.769
1187.8
837.086
996.605
893.134
1026.06
965.298
804.156
1049.78
844.007
865.953
723.622
685.944
904.348
991.452
778.083
696.129
934.051
757.95
1073.59
970.667
820.616
797.224
832.086
758.467
870.736
717.098
750.118
726.882
772.981
872.06
732.046
813.429
797.908
654.086
863.772
996.149
829.112
1139.08
1167.56
785.23
737.149
906.559
739.09
981.829
721.722
981.434
696.177
843.529
1108.52
718.378
742.608
1040.97
886.482
1051.41
798.626
807.501
847.188
924.611
1040.31
901.816
863.992
768.243
758.192
746.775
909.394
783.308
902.816
989.012
756.855
956.798
909.895
934.712
770.844
901.215
795.497
799.267
745.459
1058.15
864.992
872.889
912.482
846.401
833.621
792.304
773.25
841.443
891.509
840.098
748.761
854.843
869.823
783.631
868.32
674.554
776.165
655.359
892.346
912.621
915.96
913.55
929.492
857.785
759.686
707.048
1314.24
735.434
820.395
836.514
945.253
921.499
863.439
827.605
941.527
1269.17
808.66
784.823
913.04
669.718
1171.65
721.024
964.346
839.617
728.1
781.945
1044.42
947.283
926.725
2331.16
940.426
1611.38
764.883
744.965
847.41
839.39
763.044
1015.35
863.859
1304.37
932.392
844.885
837.053
959.101
945.803
815.291
741.877
944.465
1174.04
767.602
731.475
822.031
822.181
794.846
1219.6
757.903
772.752
996.993
810.599
886.313
990.828
795.121
845.859
884.138
1006.38
795.646
919.559
819.416
665.125
861.471
875.521
693.387
842.31
897.127
1033.86
685.067
831.512
1011.28
840.794
966.311
1105.78
918.098
896.39
1072.68
804.648
1128.41
953.496
1067.95
912.665
779.432
774.965
1196.04
1024.8
1055.55
853.455
917.044
710.513
801.956
1061.47
734.151
822.888
879.763
802.528
875.794
608.074
986.137
997.375
684.78
942.49
1267.43
868.033
739.258
871.687
818.377
976.986
967.06
942.164
744.296
992.428
606.232
910.265
810.47
992.811
980.104
696.369
850.212
839.959
822.945
799.09
655.847
959.513
931.629
1003.08
767.263
944.648
829.911
995.477
999.063
764.753
906.022
774.936
691.286
848.048
981.081
981.561
702.539
1034.4
918.216
1088.99
1015.52
988.156
821.935
680.081
722.559
972.245
725.047
719.592
855.598
815.574
638.572
1144.54
911.513
910.349
828.656
743.124
792.869
736.631
726.911
873.472
1009.34
806.203
929.769
1020.89
760.166
729.859
893.88
1310.51
895.742
816.471
947.891
1010.53
948.515
919.015
871.559
838.801
743.847
898.146
861.375
844.595
811.992
994.881
1304.41
872.307
917.903
776.211
1044.23
1078.01
768.686
833.461
699.55
898.805
856.022
704.057
818.486
854.066
722.034
1226.56
668.293
948.237
934.927
670.356
918.969
850.697
838.423
755.57
865.873
1009.49
929.578
760
1095.42
945.73
1072.77
876.931
990.511
687.286
863.281
664.469
742.131
605.679
824.394
916.918
761.671
768.942
768.178
984.356
1057.06
717.761
998.347
1047.12
996.387
862.366
791.656
1005.24
871.374
998.286
682.332
637.528
1246.88
866.428
899.797
877.168
836.293
933.043
1003.81
880.422
652.208
1081.32
800.51
751.632
940.527
861.184
1047.24
1112.78
1078.94
910.828
963.778
893.664
805.094
671.956
853.928
846.4
894.131
1348.33
917.544
1026.62
1083.08
828.924
1042.12
849.312
1009.57
947.334
987.15
961.102
861.182
844.232
728.343
864.882
819.091
989.255
853.556
759.587
955.846
861.37
883.708
695.433
685.719
796.501
901.851
946.403
841.736
888.425
850.677
828.068
797.11
703.055
954.283
1025.35
786.324
804.898
716.097
753.726
727.727
919.297
876.641
870.785
707.251
898.936
887.235
1257.28
939.047
611.042
890.077
928.712
789.751
704.926
905.041
840.098
729.867
896.791
937.574
723.72
772.727
673.378
720.76
946.202
1313.12
823.723
822.818
868.998
874.445
838.369
804.476
1021
931.845
942.571
741.858
709.605
888.902
1251.46
1134.27
1098.11
761.754
636.646
949.37
782.932
948.325
919.411
902.866
850.71
703.397
797.634
747.205
965.98
826.044
807.926
825.405
868.051
961.287
1066.65
848.666
882.57
824.829
652.263
832.186
958.065
903.755
820.724
603.209
783.846
1143.46
1096.98
928.985
799.889
989.627
1109.81
1277.68
720.169
896.299
915.216
763.593
797.025
876.601
852.342
632.855
924.113
1006.95
825.314
733.523
1057.24
1112.9
887.007
956.912
824.86
1027.85
958.071
624.644
1078.24
993.09
794.938
948.232
770.663
877.134
903.247
629.279
1045.1
814.13
865.207
911.055
852.638
873.812
775.511
665.667
927.447
852.956
795.856
954.28
808.614
1146.78
845.047
943.067
775.131
935.028
827.463
937.372
985.025
684.87
834.488
645.252
1166.63
1252.1
904.117
823.419
898.355
945.333
835.063
950.075
935.031
840.671
1195.03
917.907
849.149
856.092
1102.54
828.942
741.713
910.178
821.396
922.921
946.618
856.086
915.966
846.089
762.627
862.581
739.639
815.725
780.669
1015.17
788.976
796.817
773.239
757.247
720.293
1029.28
822.811
1198.06
833.707
805.842
1143.7
740.026
1025.49
797.338
994.022
1243.38
998.012
806.151
901.941
769.684
835.634
955.954
850.336
855.664
924.717
980.185
837.458
1235.29
1000.67
922.056
730.745
912.359
814.939
820.467
1316.08
859.655
786.735
722.892
931.929
748.253
915.823
720.066
836.453
778.13
957.899
686.996
836.162
745.006
857.528
733.664
820.343
905.046
970.962
943.414
1073.05
756.116
768.782
838.1
757.694
923.63
1031.65
1197.37
1142.5
985.927
920.039
730.719
685.153
780.376
838.607
836.452
737.04
956.292
972.254
816.145
831.846
766.962
890.81
769.906
924.276
722.795
859.869
791.936
948.363
981.92
945.811
756.046
779.616
841.443
989.487
605.199
1079.52
847.987
948.647
1188.02
898.375
870.725
710.727
879.379
736.094
780.231
850.845
829.778
907.18
793.932
839.138
938.349
1006.47
902.994
720.274
794.398
927.584
999.575
1140.46
860.829
944.832
1215.76
651.313
1182.47
965.234
914.091
811.274
760.79
1027.9
919.303
881.475
850.703
963.117
875.162
908.742
786.514
1001.57
807.556
1012.06
849.432
1230.13
744.149
942.398
855.27
1016.8
759.613
828.528
919.331
985.431
732.829
859.684
869.378
668.845
867.759
812.833
945.162
813.754
935.449
1071.47
855.062
817.615
825.955
820.529
691.063
844.126
1017.98
785.795
936.061
981.866
1185.18
791.202
827.138
724.135
894.079
845.208
1028.16
1020.2
719.237
1025.43
886.961
758.275
843.332
953.748
704.306
1058.5
1025.01
859.144
920.466
711.694
913.733
680.233
849.172
1135.25
813.647
893.752
814.778
1005.76
696.189
1023.22
810.723
697.807
759.705
918.925
822
859.188
1172.47
880.677
965.782
637.978
947.899
793.853
858.132
921.028
944.235
1192.32
906.217
777.169
897.991
733.117
685.118
835.586
799.445
805.751
757.296
770.161
743.598
835.877
766.626
1114.59
1056.38
871.905
843.131
701.458
784.262
706.098
703.508
714.028
1097.73
997.565
794.735
903.252
897.087
965.117
792.71
1073.28
910.582
976.335
988.622
1026.98
995.832
763.423
897.938
757.369
855.099
925.207
1138.54
872.358
823.925
1480.59
696.727
676.491
835.23
919.929
863.251
913.099
836.182
948.788
748.124
953.003
789.812
848.773
941.738
1370.42
741.22
877.872
928.958
882.032
746.364
709.559
771.687
1161.76
959.206
827.707
775.321
984.272
901.837
785.635
999.975
916.084
1045.5
858.914
924.982
894.15
742.609
854.723
826.613
882.073
777.314
913.023
780.508
1017.26
674.74
1003.85
713.332
983.717
1191.72
932.214
1172.64
869.311
964.252
880.842
1006.46
907.445
939.49
965.767
906.869
1072.52
820.931
945.646
776.297
770.556
894.146
696.191
677.75
754.085
877.62
737.839
714.767
864.344
692.935
794.322
918.081
912.361
944.779
967.946
783.303
814.717
992.968
885.549
1310.39
867.637
891.99
996.737
974.376
948.106
755.308
751.616
1008.94
1224.15
828.573
667.671
783.201
813.178
821.631
809.848
1134.58
703.839
660.31
769.666
694.274
1208.78
860.921
680.508
826.302
831.593
904.378
1037.81
718.921
1154.26
839.775
773.147
811.29
997.09
916.002
853.247
925.139
746.614
982.784
1027.68
833.802
855.999
859.519
804.199
863.852
831.144
931.611
856.275
912.269
661.227
819.657
1017.91
730.853
738.582
869.804
1062.09
839.678
792.839
890.583
771.493
953.579
836.986
696.929
888.88
920.095
935.367
696.282
839.425
1118.54
998.451
869.216
723.208
690.618
1287.68
730.758
899.896
934.029
818.793
987.204
1078.45
837.938
758.611
654.198
1170.5
774.681
870.208
824.741
777.476
839.027
860.264
904.078
789.837
886.264
1048.13
842.655
776.44
842.954
593.691
1188.73
904.198
830.437
615.94
823.734
780.975
815.449
868.73
712.836
796.599
969.783
883.904
778.677
1268.96
925.757
770.205
779.712
946.19
1085.99
783.905
816.054
862.555
1108.46
987.672
1048.64
912.42
878.772
842.435
896.545
954.748
886.328
818.309
703.887
845.534
731.005
1424.16
936.903
939.382
1014.93
778.22
992.192
864.278
957.701
936.414
767.242
711.929
1189.62
757.086
711.447
1171.18
945.141
958.797
989.729
863.539
1113.49
774.824
878.101
721.662
855.273
733.623
934.197
783.2
761.745
968.782
901.41
1114.99
791.558
944.329
1113.33
835.741
1163.47
801.738
882.321
811.487
762.868
815.971
888.123
757.873
1113.25
714.187
989.622
1032.91
884.553
730.749
974.985
776.799
794.909
723.771
833.327
1085.41
738.271
693.438
1064.55
875.425
1212.14
1016.01
932.25
687.36
1058.67
834.482
1010.08
820.525
914.682
797.949
838.227
1317.61
972.487
801.663
797.161
823.746
691.751
743.06
702.571
686.4
792.523
839.047
974.172
757.6
1433.96
883.349
1005.39
804.158
803.715
878.117
872.654
1018.6
827.474
803.494
859.873
906.244
955.156
914.669
740.44
843.901
793.747
989.264
756.202
811.848
718.882
848.027
814.481
1067.09
980.423
684.204
824.272
937.297
780.047
982.749
783.668
1429.37
1088.25
1070.04
781.298
903.837
862.553
847.007
654.67
661.46
813.23
789.917
788.903
1105.01
928.588
742.131
915.977
1062.61
744.148
716.526
800.477
836.164
986.184
860.932
832.498
707.219
1011.65
870.498
1135.25
927.847
1106.99
701.307
655.878
938.583
861.478
994.883
884.422
765.234
841.681
737.957
822.155
995.097
648.703
886.242
782.122
1118.43
1056.74
758.22
806.739
873.822
836.954
1201.68
1024.1
826.098
1018.95
987.361
1207.77
687.957
799.418
1072.72
973.962
897.373
888.629
822.362
715.78
893.633
883.395
691.346
944.088
779.718
1048.97
826.756
715.184
1050.87
723.071
782.669
1196.94
701.375
741.581
792.5
1079.62
729.976
960.086
1129.57
815.539
825.218
727.286
863.901
738.401
857.672
724.489
793.159
830.059
887.873
1120.25
835.448
711.822
798.055
753.474
836.269
851.053
996.389
1241.62
702.149
1023.34
966.128
878.42
880.564
857.245
904.109
831.606
723.482
847.695
922.149
913.319
826.866
857.266
943.446
916.168
951.908
743.056
963.408
701.477
1090.05
932.658
1380.61
983.281
1206.04
994.643
994.521
872.036
847.441
1007.21
911.42
903.293
1036.14
897.828
696.992
1096.31
767.32
821.776
798.283
801.514
1171.8
968.079
1008.98
1017.93
859.164
1001.55
1090.77
744.328
931.454
810.151
1116.06
954.584
849.867
661.115
744.99
1228.77
819.329
938.613
754.227
926.296
841.175
929.1
911.751
831.03
997.369
856.419
985.986
837.337
710.573
1045.83
1011.92
868.047
890.777
889.27
759.597
755.861
919.007
808.573
628.638
949.195
1046.14
1129.7
920.14
740.673
934.089
694.554
826.348
1015.33
637.966
1178.94
762.961
813.402
1208.06
984.831
863.93
874.314
963.824
815.036
916.939
762.022
1156.06
840.05
827.637
696.098
767.231
973.253
782.823
854.869
766.28
939.984
663.17
906.714
734.748
928.882
914.364
829.94
852.524
746.865
917.84
896.303
888.2
733.042
664.675
1077.94
1083.6
696.367
1045.56
857.319
1432.7
941.765
768.169
827.675
963.801
824.129
935.063
873.092
849.594
870.301
1210.13
820.637
864.951
1188
896.259
1165.49
690.177
740.973
1093.58
805.744
767.313
995.985
1203.72
971.83
764.56
774.255
787.708
921.876
874.572
731.87
1068.8
693.301
1054.69
883.966
1266.55
839.942
991.947
1123.4
957.486
769.476
957.231
798.701
983.892
763.036
993.569
777.508
870.944
860.328
854.556
819.069
907.63
1356.54
875.66
786.528
838.51
830.942
708.817
801.815
699.458
974.917
921.282
931.213
873.768
908.716
1032.48
726.854
967.071
763.096
980.96
773.857
754.757
877.143
785.856
690.961
813.903
736.55
786.618
847.557
797.687
603.622
776.349
962.61
1114.8
959.424
725.353
1017.2
760.558
737.084
758.621
812.27
887.983
862.189
924.689
701.381
977.228
975.394
1013.41
1290.38
1701.98
919.444
904.133
936.953
798.49
975.61
821.06
603.783
1002.57
874.961
886.473
803.247
938.846
735.629
792.282
659.079
1186.19
1059.79
866.086
1095.34
805.998
953.722
840.321
839.115
1164.92
822.585
800.717
956.402
887.365
1001.11
804.926
851.494
815.954
789.236
1023.98
953.796
799.163
987.567
887.341
846.585
872.787
808.947
940.434
625.111
725.313
1379.88
959.604
803.315
895.747
876.571
929.838
889.794
1002.17
1039.67
717.195
1116.17
868.032
1080.16
952.341
1132.47
997.417
816.088
875.087
870.801
939.418
902.036
937.796
876.535
805.739
809.359
954.277
797.543
822.725
764.831
766.356
700.117
1095.24
717.326
943.471
802.897
762.87
882.149
772.939
966.067
812.998
904.125
947.985
1102.83
683.635
858.448
996.29
967.41
800.123
615.536
859.896
824.466
692.591
960.442
846.499
631.783
771.571
1091.65
702.597
853.675
1030.81
813.006
826.466
1134.52
747.02
813.644
896.833
979.159
769.163
814.957
786.785
990.946
779.704
1342.46
812.453
809.851
1041.01
882.73
804.824
856.323
722.755
747.033
803.097
592.273
923.395
925.5
1102.4
805.055
756.429
638.944
1255.48
775.073
886.48
920.701
901.593
869.094
1042.61
945.223
911.66
1057.1
887.686
897.102
739.714
964.644
976.656
807.102
794.508
802.588
770.569
882.484
982.875
1226.33
847.974
880.302
884.902
830.736
1023.43
891.259
731.955
788.202
702.883
653.683
893.107
835.565
1521.67
796.311
1080.87
1041.39
718.027
824.231
978.864
817.716
916.419
828.877
914.468
773.856
923.608
774.883
916.696
1142.83
728.203
868.371
1233.93
875.032
942.859
881.791
809.839
826.056
682.417
905.033
669.29
821.502
867.812
872.703
1030.87
950.59
849.238
792.992
806.243
641.818
900.167
759.981
660.925
770.18
855.821
939.588
868.83
838.041
768.88
943.586
898.382
1000.97
751.216
854.699
758.616
1000.92
881.328
875.975
884.315
711.592
925.712
674.698
813.123
833.807
952.959
1172.85
940.357
841.698
841.578
781.604
827.361
754.081
866.343
955.02
1060.95
834.677
883.078
773.728
795.202
949.527
1061.22
907.11
985.375
616.144
1201.95
1185.37
792.186
967.142
948.009
941.745
936.01
1077.12
923.185
577.75
729.361
887.983
629.146
791.939
878.811
991.12
828.674
989.605
957.094
841.361
837.037
753.113
810.776
783.227
1043.76
749.106
957.805
937.678
669.793
840.146
1091.13
923.774
951.361
852.965
815.221
868.787
686.486
970.56
968.537
1115.05
909.213
1027.34
985.536
942.632
833.114
1068.38
875.578
1095.02
1118.12
958.754
790.245
773.889
1396.99
966.663
803.314
935.678
791.028
844.554
800.538
891.842
766.831
844.747
919.744
750.702
897.547
811.872
664.087
718.488
933.469
1059.43
627.487
823.975
1037.49
943.503
866.744
1041.94
916.15
926.34
1005.87
971.287
758.385
783.88
974.875
777.171
845.923
924.788
873.19
946.141
933.021
846.171
809.442
829.821
948.724
695.07
762.026
1064.33
884.845
779.633
797.241
1041.33
1063.84
745.66
952.993
860.151
1091.01
996.012
737.75
823.658
873.697
823.135
1083.34
868.025
875.181
814.492
756.156
858.017
1013.41
1069.89
710.587
1019.94
811.823
1047.91
993.61
768.905
832.018
757.524
710.072
777.47
883.526
876.517
1301.23
778.218
863.226
1158.91
1026.28
882.071
845.445
671.037
744.324
815.744
1090.25
610.049
832.285
874.814
1044.75
1262.2
891.741
948.793
501.815
935.957
923.888
1270.84
776.981
866.142
789.23
799.19
834.408
785.195
946.588
858.698
765.136
924.154
966.04
874.596
1041.23
754.958
1077.65
749.074
864.26
1096.64
820.291
984.101
926.313
939.444
757.05
770.317
1019.13
979.814
737.818
1088.96
791.81
764.84
979.451
792.447
984.259
674.344
866.461
817.257
929.102
807.371
963.133
969.242
779.512
1160.46
725.823
1011.79
955.602
852.517
994.031
690.683
979.12
989.492
983.076
966.44
858.329
863.806
906.516
782.863
800.9
886.551
768.943
676.933
958.999
761.123
729.042
969.597
734.942
813.461
898.886
781.114
750.112
926.837
869.398
766.02
790.319
701.701
725.001
691.149
867.532
927.94
1077.66
879.332
936.55
784.634
933.079
832.392
868.641
875.759
905.188
995.102
950.987
884.045
912.78
921.212
990.306
670.784
776.49
1429.02
1014.4
837.123
750.002
893.376
867.288
887.929
1222.72
699.097
962.532
696.759
896.066
841.368
1035.62
755.746
685.334
902.764
926.02
864.597
687.266
818.6
870.357
917.581
739.848
825.821
700.055
982.199
866.756
845.738
985.598
895.985
986.324
843.856
1029.15
1008.12
816.512
658.507
871.395
1231.78
771.217
1017.69
776.174
769.115
756.226
640.697
1144.92
841.76
796.044
949.281
688.196
1004.04
852.921
877.977
697.701
939.26
652.919
794.189
894.091
838.986
871.994
1400.95
688.872
1007.49
756.272
659.688
704.829
729.978
806.982
934.912
650.735
1063.19
811.677
852.19
955.344
743.818
884.371
858.787
933.452
668.622
1088.36
866.221
652.53
1020.54
773.9
967.902
803.336
798.305
802.616
987.647
915.575
978.572
808.108
831.196
1022.33
722.759
841.797
805.075
877.3
1200.85
861.156
810.467
863.359
974.622
895.406
902.718
713.268
1332.71
844.817
1018.6
899.068
807.596
721.832
925.148
869.22
766.081
785.1
949.178
845.295
883.926
965.69
976.461
824.787
810.874
1228.41
841.044
878.744
992.008
710.68
865.222
820.082
833.927
708.12
712.017
903.529
906.888
672.923
743.18
1029.29
913.771
1298.57
789.601
1349.26
946.439
803.525
755.973
937.275
826.524
934.553
939.38
905.808
765.365
874.677
814.576
1112.71
812.957
920.402
1061.05
1047.89
915.075
840.263
834.257
721.966
822.886
838.681
921.904
1055.08
876.587
793.157
993.325
816.742
960.242
723.357
889.797
956.256
826.175
1172.64
1000.04
1200.77
948.586
786.97
742.961
966.8
853.04
919.723
873.369
734.581
795.462
824.167
922.492
800.898
809.506
748.474
774.248
684.651
789.246
723.09
1038.17
692.264
876.499
996.188
872.318
702.83
761.146
1058.14
778.812
1006.25
655.892
760.645
815.973
846.143
682.981
808.846
1013.52
728.527
847.732
879.123
743.369
822.736
1079.83
924.973
867.887
683.439
891.035
724.697
1043.96
1116.27
691.713
869.789
789.324
836.503
630.482
917.846
744.929
771.786
971.21
929.991
1052.01
839.901
762.209
1176.19
1071.14
858.361
745.469
979.255
865.922
810.125
782.471
715.874
951.991
813.288
931.762
918.187
1024.88
869.601
813.034
908.219
773.602
843.667
828.74
1281.45
677.786
790.41
1041.09
767.299
718.553
747.063
1020.81
1219.03
683.864
1031.62
799.164
815.785
983.55
780.53
784.81
788.565
737.187
839.118
888.248
988.128
1015.85
1031.19
1086.49
812.415
783.7
832.108
877.627
844.21
622.586
1129.24
822.009
909.076
863.312
713.013
1190.88
792.385
879.403
877.588
798.181
716.376
1194.71
813.832
688.123
918.429
830.946
781.676
954.783
699.053
895.362
794.784
919.251
1030.21
1075.94
795.161
1025.73
683.81
964.327
725.153
829.101
730.845
1060.35
637.953
670.667
760.571
902.411
872.951
1133.69
1082.41
647.172
680.98
921.783
847.045
766.887
974.009
930.08
894.095
1033.19
991.874
972.646
901.628
1178.91
987.257
918.985
1072.31
753.324
931.822
876.473
738.688
938.517
946.153
1040.25
1009.91
911.709
1001.54
770.944
740.16
1016.17
990.541
730.136
912.544
813.765
776.871
1030.23
679.166
934.504
957.604
786.314
1008.62
913.187
1009.93
986.979
1128.77
787.678
820.75
908.599
907.975
876.816
901.441
982.645
972.225
869.675
848.031
843.048
1060.96
956.263
776.431
686.895
846.784
950.425
1135.86
968.784
1053.35
883.474
790.571
805.011
837.972
1145.93
881.812
749.33
840.302
983.297
860.935
888.005
844.245
783.222
906.474
755.079
926.413
911.675
886.778
909.647
1068.9
733.461
809.94
778.373
951.195
1079.24
781.932
934.388
1082.73
854.757
835.481
837.858
784.381
950.732
941.55
855.245
730.04
902.227
789.591
663.94
1045.85
862.811
693.377
1003.38
1081.21
776.14
835.377
792.869
771.723
802.412
804.5
828.682
1239.54
830.296
1002.42
899.699
929.771
856.421
830.458
657.905
794.064
987.646
665.497
1075.95
1065.88
904.379
860.227
804.887
934.098
891.067
934.04
765.682
1047.81
1202.17
991.394
734.719
853.564
1317.83
749.493
863.391
946.703
733.962
798.545
679.191
840.227
829.171
748.563
887.526
912.757
1075.41
756.757
710.822
758.444
884.397
881.014
772.273
890.69
691.308
730.372
1178.64
898
867.636
807.92
784.494
877.832
1064.93
853.065
882.193
1185.65
885.422
935.122
892.187
789.583
984.643
1052.12
1376
858.022
908.701
726.873
670.671
850.588
937.622
850.163
789.054
1059.7
817.396
1205.58
865.562
759.97
890.034
827.181
902.17
961.235
567.927
884.146
913.641
863.414
820.805
644.037
721.016
1100.01
608.2
961.376
733.501
787.281
813.251
1131.17
828.993
782.653
805.446
1007.01
871.037
1043.29
959.042
1021.49
981.955
599.627
923.163
804.424
722.773
860.487
742.681
768.5
1007.9
1371.85
833.29
1337.62
882.911
1000.94
1078.56
860.873
860.456
771.944
737.61
950.37
822.645
960.278
862.115
717.941
780.398
787.285
1018.66
900.115
972.488
947.287
1024.29
852.009
789.659
791.073
837.737
792.027
1061.27
868.552
777.204
884.258
1090.68
881.414
807.298
875.11
760.778
1105.84
1030.34
942.192
812.261
765.932
807.463
805.111
780.659
839.681
860.969
887.524
981.511
967.66
1169.21
1049.21
987.04
1543.86
1090.88
861.007
908.285
917.827
803.585
709.774
970.117
892.058
779.367
748.535
684.057
845.661
961.278
986.405
1195.84
803.381
842.439
700.231
1226.35
745.388
711.585
873.381
813.774
875.062
1037.37
822.101
704.99
987.972
857.302
1020.85
852.604
767.922
1040.28
1017.07
851.891
1000.6
868.003
969.374
932.082
943.86
923.416
817.699
734.151
681.733
840.93
814.888
940.668
689.309
957.181
769.203
818.286
808.977
1072.13
1211.91
828.219
1119.73
865.638
759.528
804.179
746.065
795.521
728.706
726.073
843.307
802.223
857.363
937.756
799.679
788.174
1021.35
1019.44
1070.64
611.368
914.613
1036.5
882.768
880.401
1157.62
730.896
979.932
1143.43
970.812
784.853
1019.57
926.554
1159.06
719.436
737.943
1109.01
807.775
1174.54
853.544
976.233
727.737
878.911
1268.48
866.233
738.875
667.563
1092.53
872.031
799.262
627.712
853.312
867.991
1035.89
790.051
789.204
947.044
1112.83
986.053
1067.17
980.88
1197.19
1060.01
724.426
792.467
771.581
643.806
656.16
919.968
689.067
1090.44
815.208
792.892
759.72
760.58
978.633
826.575
781.413
840.072
747.72
1011.42
888.661
907.392
747.374
750.527
723.493
1075.26
1018.25
853.532
744.647
1059.62
885.483
981.176
785.386
630.294
874.868
799.525
948.354
789.687
935.159
777.788
907.416
778.748
694.676
834.617
746.207
742.626
766.069
984.854
812.497
847.458
947.127
958.484
807.723
948.862
902.945
794.66
665.245
992.29
898.281
1034.02
803.926
1017.32
874.619
663.476
1147.79
814.365
784.962
954.209
926.097
932.419
840.488
1068.46
861.927
1095.49
916.328
1214.62
663.332
697.824
981.113
876.831
867.619
1049.8
843.691
993.019
609.573
749.977
1032.34
1146.73
759.758
727.121
792.901
922.916
929.226
963.412
772.988
979.217
745.862
747.961
979.225
769.422
1017.69
905.489
969.411
761.574
1094.47
1086.82
838.774
716.491
744.076
795.499
1024.41
1220.26
879.516
825.383
886.927
1144.67
1037.64
966.854
1008.69
726.58
834.712
834.882
836.247
853.51
861.019
1065.31
899.152
1040.42
855.256
731.927
979.052
732.784
859.518
886.326
633.42
964.923
966.803
797.372
935.597
1375.04
880.381
1144.55
847.277
702.492
1047.38
985.439
805.24
948.876
802.449
866.11
1579.1
683.373
856.103
959.702
1281.14
937.35
992.643
800.411
800.323
925.607
863.336
883.998
1042.64
844.696
927.515
933.873
733.844
892.192
795.353
914.906
808.757
725.597
1107.27
1104.21
837.399
837.45
851.855
1011.6
806.372
703.862
631.696
881.462
862.093
861.884
899.812
1002.95
886.846
944.86
832.882
885.623
782.273
724.293
921.288
845.749
1028.07
831.486
1160.44
947.3
808.888
1417.96
1245.75
672.275
1034.24
927.858
910.976
970.756
771.701
854.39
1142.75
1066.7
1038.69
806.587
910.385
774.741
804.03
1051.75
1217.19
801.438
924.103
1149.78
852.831
908.511
966.674
718.262
1136.59
1135.47
959.903
840.654
825.676
1365.5
754.635
740.466
828.879
958.843
982.33
909.676
782.461
997.052
694.531
985.094
835.426
720.152
1050.19
912.815
875.155
713.47
811.279
1073.79
1051.4
972.461
657.823
790.264
958.69
1086.65
879.319
840.813
811.545
1073.12
853.047
970.675
867.89
853.567
705.335
796.931
943.464
864.304
900.775
813.488
819.496
1163.25
783.804
769.59
823.539
1187.58
671.721
963.611
711.917
836.254
899.42
902.699
1204.76
816.409
948.482
801.232
720.437
761.687
897.342
684.611
862.033
990.767
928.647
671.775
754.356
768.646
1307.95
852.635
1092.22
823.448
735.225
987.461
739.634
679.742
892.278
693.147
804.021
871.312
817.801
790.806
806.96
717.538
839.533
782.303
716.231
941.006
941.181
876.343
810.885
902.134
896.609
846.527
871.341
904.731
943.781
850.205
993.051
869.535
747.157
832.83
715.013
819.773
623.285
1202.69
1012.17
895.292
922.343
797.566
1134.14
942.659
1087.35
722.945
865.247
1137.29
883.084
776.652
944.143
1031.03
906.56
808.339
902.557
1168.07
836.59
703.978
814.182
756.845
919.389
854.046
970.971
894.186
702.038
787.238
743.457
961.923
774.976
984.485
896.949
797.505
795.492
684.815
1025.47
754.531
990.033
861.361
838.44
1681.43
1045.13
750.825
828.372
969.181
770.012
894.306
609.584
803.935
834.566
830.586
759.781
834.499
878.956
659.843
933.944
968.381
726.202
848.845
894.459
836.52
910.413
766.661
691.431
860.26
625.658
712.463
904.61
930.221
938.993
664.15
852.083
661.495
1195.07
795.293
836.584
757.09
745.505
992.247
720.661
662.611
1216.43
721.358
1001.63
1004.49
1027.96
751.291
928.883
958.259
912.465
1055.86
782.723
807.543
756.733
819.122
901.503
808.082
745.291
878.769
944.381
824.449
1007.49
993.778
939.208
616.824
833.658
872.491
1057.06
786.46
1386.01
1003.87
846.276
640.491
815.357
813.831
681.01
1141.18
875.79
777.706
1158.8
981.577
905.331
772.075
823.06
787.656
788.49
818.596
872.704
858.786
1012.87
692.885
906.9
1230.29
1113.7
818.515
743.978
856.112
911.494
849.585
883.397
866.635
756.564
895.846
819.884
707.835
632.816
800.482
859.119
893.315
985.209
682.751
844.943
839.838
740.735
948.888
868.713
808.85
901.217
1097.28
798.422
852.836
958.662
923.914
894.829
731.713
885.643
896.457
689.144
966.629
772.569
772.397
821.285
1007.68
835.032
767.998
907.253
1041.99
758.585
799.045
869.403
777.542
780.686
832.258
851.642
787.774
701.144
898.759
1052.67
659.338
883.229
938.976
643.368
974.633
866.254
946.801
1035.08
916.965
976.916
715.973
775.801
830.443
934.835
694.002
986.896
953.409
827.634
798.639
888.58
839.481
746.558
893.027
730.233
822.273
849.202
930.392
844.604
778.863
961.223
853.725
949.948
1058.04
949.824
1102.07
760.59
707.033
791.188
808.537
995.524
867.642
1134.49
956.011
1090.63
952.455
1073.94
820.171
1385.88
781.825
778.725
752.922
906.211
801.826
862.436
887.379
610.394
852.117
861.387
885.171
701.249
806.205
1004.74
896.755
840.984
746.386
862.712
742.427
776.702
880.854
1063.88
923.803
1094.17
944.371
784.879
876.135
748.306
809.339
1039.34
924.958
1001.04
851.144
1155.14
961.077
731.075
808.883
982.163
889.685
967.783
891.209
916.52
957.185
731.045
697.068
991.999
972.713
750.783
1212.67
724.621
892.392
722.757
824.486
776.384
703.261
747.66
861.271
979.211
900.928
747.608
879.769
720.54
817.946
682.474
840.305
954.9
874.829
684.285
1048.92
966.325
1135.39
943.095
1277.81
794.701
994.624
811.34
1097.26
896.057
843.005
1453.61
662.208
845.559
844.704
1058.26
980.091
808.785
704.081
667.383
868.431
907.49
887.859
897.896
1126.46
1009.21
1005.93
1012.99
921.158
830.283
774.012
873.383
974.74
829.995
832.266
965.327
775.195
1026.55
1344.48
733.896
987.19
991.074
1083.42
853.701
869.683
751.34
810.316
892.8
855.478
1097.24
876.741
807.183
752.416
870.179
845.985
857.936
660.539
714.959
1014.21
699.259
923.881
906.647
747.684
947.283
862.434
866.323
888.934
940.417
735.804
866.803
725.49
913.677
873.964
1024.33
881.12
707.776
662.037
872.16
846.552
687.531
947.188
1147.81
737.026
1456.39
780.806
921.875
708.462
903.853
668.765
818.568
846.56
938.654
973.678
1036.04
772.606
812.077
1398.85
866.708
833.077
834.195
862.446
976.841
920.146
1091.67
935.744
854.973
1024.06
930.871
974.756
914.067
858.215
815.361
938.222
863.506
886.083
964.384
1014.69
918.808
868.38
847.14
770.53
844.547
710.623
1116.52
751.145
910.419
861.983
856.661
1016.1
743.923
998.608
901.926
748.185
788.923
841.145
700.16
934.253
838.089
735.436
793.964
1282.73
825.707
887.486
677.033
1001.42
865.279
933.446
768.879
1040.19
950.051
800.692
1037.19
775.681
902.328
743.797
1028.53
779.814
894.766
799.086
1019.13
872.242
787.352
871.891
709.978
801.552
1242.67
968.372
969.405
747.073
732.573
840.814
761.286
760.273
993.233
1001.87
968.971
779.828
994.913
1054.45
829.522
843.53
903.144
637.789
1335.03
752.689
925.937
878.878
717.614
784.88
1063.85
784.62
774.421
928.79
690.156
1104.92
808.555
827.813
684.388
1125.97
567.529
619.871
1063.07
952.996
849.514
760.664
1020.21
771.508
889.454
803.902
965.542
959.099
1067.96
1042.85
747.367
901.634
920.633
998.029
968.817
870.598
626.703
838.323
721.371
851.16
859.105
944.19
1016.05
1112.88
857.802
887.356
1083.71
1044.71
984.645
782.836
860.133
999.087
687.973
875.604
911.635
956.108
1094.14
983.646
954.059
769.842
770.822
723.899
879.83
728.822
735.427
919.981
783.815
1103.76
1037.17
885.452
908.09
786.756
646.909
921.995
893.631
651.666
981.98
953.905
1117.26
1081.93
922.344
737.621
830.517
721.477
968.569
1175.74
899.731
875.102
786.25
813.502
1099.38
853.566
1117.32
834.458
849.915
825.933
763.678
909.889
813.924
846.809
801.202
891.845
666.359
649.588
846.278
861.37
737.5
875.563
838.012
798.839
788.318
890.845
880.445
811.485
756.78
1048.7
750.407
891.806
886.127
696.52
1003.54
766.364
867.694
890.887
767.614
986.909
1091.98
762.643
857.427
819.624
1153.02
887.926
868.084
730.881
873.674
848.871
715.493
808.71
749.803
892.434
858.303
874.015
740.413
829.267
824.166
774.721
854.75
830.732
1048.69
746.723
842.774
1188.2
677.105
943.711
897.033
1272.23
976.505
783.81
897.369
887.998
877.426
986.794
942.067
804.937
993.375
1121.16
1164.6
819.866
881.804
830.946
858.81
1026.41
1030.87
753.359
783.404
813.48
922.073
941.478
1381.13
1032.22
847.31
786.428
1038.57
1019.87
793.787
1026.05
917.415
899.949
1198.4
814.443
874.151
826.343
898.976
997.202
845.405
768.108
866.752
1242.32
921.699
1075.71
936.378
1007.7
745.889
971.362
757.496
859.317
973.351
881.014
896.929
760.427
877.75
844.342
731.749
793.782
1072.06
1006.34
932.283
900.401
839.294
958.326
662.185
982.305
1100.95
1098.35
871.714
831.334
764.346
763.628
691.188
1228.64
707.995
925.002
701.645
1031.21
1047.02
735.069
867.517
799.456
925.907
841.412
819.527
806.222
841.079
773.35
1039.64
897.178
960.372
947.896
915.206
876.585
782.093
796.289
826.24
973.903
938.4
1096.25
680.164
730.957
914.216
932.958
876.245
996.98
972.3
1013.6
806.723
726.352
874.081
833.508
1015.55
823.343
776.335
793.228
704.403
1114.48
835.714
853.516
764.445
864.28
858.549
749.643
909.513
839.905
900.523
786.734
1033.49
901.745
755.001
706.92
1029.6
815.716
858.575
749.375
820.527
1511.76
921.717
908.685
931.606
864.861
1246.99
853.011
1058.73
895.447
1037.08
810.983
1033.77
967.09
887.725
1015.27
764.687
794.347
625.876
795.307
627.014
866.317
1234.62
744.305
917.281
870.388
744.966
843.913
815.39
906.667
863.601
1174.23
843.529
806.37
940.07
1016.2
852.911
706.143
866.639
975.467
811.117
704.678
622.997
795.93
1117.25
697.725
919.849
908.298
881.907
814.863
863.448
987.054
1025.77
917.42
1025.94
922.149
990.518
1089.58
805.769
694.762
773.837
759.078
880.438
1109.76
655.309
834.413
726.498
781.398
1003.98
995.695
807.635
994.16
665.825
762.632
783.795
742.894
765.93
825.318
797.377
748.017
731.652
939.443
750.458
756.009
903.223
1176.33
825.375
792.547
747.741
733.928
1206.76
902.87
932.452
757.253
918.927
1035.3
858.576
727.746
944.415
722.505
923.582
721.172
755.79
901.647
868.485
836.562
766.237
898.248
766.664
874.901
832.761
1025.27
856.26
876.342
957.399
876.888
726.293
926.238
686.896
901.218
910.785
919.161
936.561
1134.99
689.323
891.262
1035.2
772.549
964.99
807.275
788.917
757.056
787.382
921.517
828.813
785.644
959.582
1036.13
986.889
844.654
1210.15
786.865
694.972
1127.72
814.549
882.225
783.337
820.559
818.197
1020.31
900.332
979.513
722.466
713.278
1002.19
879.893
1078.56
759.984
987.189
763.115
710.199
912.062
891.012
812.881
890.275
650.447
1377.3
832.939
837.762
995.579
740.469
981.995
1018.47
699.738
722.19
612.619
824.559
989.031
1065.76
1028.73
844.147
1048.46
934.76
821.66
636.148
1078.18
845.608
857.958
717.945
884.115
744.434
921.05
791.618
1117.04
846.801
963.519
1002.18
878.945
715.251
773.861
834.329
896.178
806.717
972.757
768.343
813.578
968.067
977.793
837.772
773.15
815.94
1070.32
831.361
816.601
749.659
1010.72
774.597
711.696
835.293
1265.66
1303.46
960.903
894.315
939.33
843.511
795.817
984.289
819.896
960.618
936.847
777.107
1137.65
772.852
858.565
1086.49
848.906
908.524
797.608
763.155
926.951
1133.78
765.942
835.86
712.649
749.024
745.252
805.435
741.244
846.389
951.7
841.807
893.699
807.072
801.027
1014.22
813.641
860.984
969.34
809.943
957.134
919.762
709.278
853.22
845.426
1007.94
858.365
783.738
693.699
1057.88
695.57
938.262
803.954
799.655
841.24
773.132
1153.78
984.515
731.022
823.678
799.025
734.459
1062.58
858.687
692.29
1074.73
900.388
804.489
811.161
736.495
877.236
775.271
1180.94
863.947
963.386
774.832
990.23
679.32
868.685
1007.2
946.639
769.34
848.528
1252.61
782.678
919.117
768.125
709.132
837.923
637.192
883.39
723.498
824.267
752.447
816.355
745.166
810.241
893.266
1472.89
911.91
1224.1
991.804
893.957
779.043
829.407
889.864
1020.07
879.37
784.634
862.066
1000.66
828.515
961.101
1078.34
1035.81
829.967
895.563
644.347
719.523
1046.18
965.131
745.413
974.526
687.952
850.635
713.995
1032.63
782.255
820.538
1266.29
744.188
743.934
1132.58
962.018
925.105
1000.48
798.271
716.946
1002.67
899.099
649.276
1006.11
774.488
688.762
908.304
820.35
859.065
795.772
833.248
871.887
790.854
780.066
1034.86
698.55
995.023
746.914
928.687
849.293
837.988
1023.63
829
791.217
902.93
1011.39
806.375
793.18
772.23
829.931
863.58
874.525
808.269
691.075
911.618
863.665
1035.15
1462.29
830.445
797.586
1011.23
903.473
944.087
1120.25
758.194
923.041
738.134
905.467
738.808
771.943
826.517
897.804
798.841
940.373
1049.42
948.123
840.139
999.627
640.74
788.233
878.533
1034.51
928.225
974.797
1003.84
909.664
764.77
718.303
732.129
778.765
1008.82
727.645
1644.58
747.475
719.286
807.633
761.432
935.718
772.176
745.568
796.005
747.113
1148.21
815.749
796.62
926.993
855.356
668.697
837.934
824.491
1101.61
753.351
781.219
750.894
827.795
897.808
1018.77
1021.61
790.865
761.283
788.702
818.609
888.589
909.163
1055.15
1196.11
861.859
797.993
915.164
873.728
1004.9
808.221
1090.79
903.514
718.036
952.134
842.307
856.457
799.668
1083.68
920.136
713.205
839.803
1038.08
950.249
1099.59
836.4
1248.1
1004.35
956.52
993.474
730.912
928.419
813.377
745.942
1019.22
904.668
702.591
827.908
978.31
964.003
737.524
683.001
863.753
963.812
780.524
1145.71
781.587
964.886
817.403
1211.64
1037.36
678.4
974.535
955.728
830.642
817.366
808.635
1147.62
821.868
1273.4
823.343
835.912
883.708
782.197
858.147
656.656
712.799
941.159
1040.53
799.694
886.737
885.601
836.715
1112.99
886.23
956.836
742.902
1231.78
788.721
795.756
951.817
712.428
814.93
1009.57
999.411
892.051
794.263
730.291
696.472
980.973
1051.87
897.261
982.105
782.73
828.305
1241.31
855.328
1203.7
783.473
768.547
871.582
761.316
814.591
889.393
783.282
913.803
848.094
865.806
753.435
990.695
990.822
706.141
734.473
1169.02
745.697
945.19
754.644
1002.06
935.397
695.383
913.849
870.971
807.708
780.168
917.304
742.352
1047.35
856.081
862.013
816.227
666.61
1389.23
1013.76
759.197
821.956
713.698
750.995
859.967
737.479
1048.2
755.743
869.873
838.477
596.869
1180.23
698.857
714.528
797.426
1026.3
1042
990.523
932.031
928.206
943.652
709.272
791.127
979.55
775.171
841.006
1055.33
850.695
1014.57
964.827
833.027
706.742
901.94
836.465
677.33
971.507
826.964
886.338
901.518
643.113
808.964
1033.82
925.72
1072.1
784.182
797.623
1248.05
844.321
771.311
737.523
702.197
789.926
928.88
621.911
639.336
966.239
1102.04
785.783
901.465
891.261
855.431
1260.26
874.785
930.448
971.306
849.641
779.01
1064.18
997.434
836.719
623.755
1048.57
712.963
771.308
856.863
946.409
753.44
798.887
715.485
987.634
824.773
829.284
883.493
646.597
772.792
902.498
968.813
1156.4
708.497
745.269
1005.69
1049.45
854.347
955.113
912.394
795.69
1108.92
1207.98
891.913
1009.21
1067.03
650.958
1021.88
916.526
995.044
810.989
1002.67
803.172
996.724
682.202
801.296
969.869
748.568
1012.47
902.675
829.799
803.791
829.957
752.996
845.219
862.579
773.163
746.039
868.504
1120.01
1286.94
755.461
723.114
662.849
877.577
1062.79
946.369
705.804
946.255
960.367
1058.08
766.244
899.185
808.365
984.953
758.603
726.116
1123.73
768.168
676.54
857.223
844.77
816.682
677.483
853.214
1051.44
892.862
928.06
1002.25
1106.73
942.479
1199.17
855.28
643.45
941.067
1039.66
721.672
688.561
869.425
919.539
934.572
842.474
833.372
794.271
804.555
661.109
839.448
737.894
836.164
764.076
894.386
875.821
766.268
936.363
689.53
989.307
1228.24
815.51
1061.18
688.577
755.966
705.334
1032.28
814.81
731.094
872.958
1078.55
1142.85
822.55
917.343
1077.75
754.222
775.428
1044.22
719.735
861.543
961.168
985.418
781.713
886.689
758.932
918.663
917.155
1012.21
1214.5
908.38
814.668
965.291
907.336
754.49
934.764
888.593
963.34
751.731
866.62
1193.64
1060.54
750.066
846.585
858.732
819.634
903.075
844.425
765.064
812.025
795.538
686.424
1133.16
801.669
1003.93
1061.28
763.937
1122.08
882.072
914.417
961.2
1006.76
952.549
787.854
893.353
1027.6
1019.68
884.464
1038.58
886.156
965.289
1100.63
897.18
975.931
1008
784.373
924.38
1132.21
782.928
1006.21
1070.8
881.767
711.013
844.31
869.7
1161.5
828.273
879.951
806.002
738.457
755.055
885.144
969.625
1013.87
1007.35
855.324
802.068
955.565
865.7
879.797
760.516
935.083
722.844
759.441
794.035
818.261
955.013
766.476
763.519
847.905
798.069
806.424
803.848
930.737
962.813
1056.91
706.155
1060.45
865.997
828.999
864.864
885.53
1141.6
783.438
772.037
1057.48
685.832
841.866
968.578
735.292
933.418
790.079
813.65
827.003
814.591
844.55
721.937
751.123
970.586
866.826
797.283
723.441
827.214
993.437
901.448
861.528
780.418
1022.22
1336.81
944.763
1320.25
735.503
724.564
958.376
765.061
918.12
869.341
996.011
1184.21
678.169
973.836
810.686
914.511
811.983
887.798
1014.37
867.859
1087.38
733.767
824.469
742.413
919.793
831.84
878.38
1065.68
919.041
861.01
820.262
