1956
1845.72
2115.36
1806.52
2571.91
2217.32
1653.22
2291.8
2802.52
2250.89
2279.61
2213.17
1886.99
2143.83
1982.94
2020.44
2242.6
1823.22
1868.21
1886.54
1947.66
1946.54
2206.11
1880.72
2115.78
1941.8
2620.27
2305.63
2331.93
2005.85
2197.97
1842.34
1984.57
1782.03
1770.42
1999.41
1788.35
2164.4
1936.32
2361.61
1900.39
1853.96
1857.55
2046.12
1922.88
2001.45
2088.11
1877.35
1914.59
2305.56
2112.06
1714.22
1883.09
2275.92
1892.41
2033.47
2096.04
1775.14
1996.69
2377.67
2260.62
2035.48
1914.18
2503.34
1758.03
1803.16
1843.58
1777.05
2034.08
2099.87
2434.26
2126.08
2296.65
1644.3
2094.69
2048.67
2043.51
1705.54
1845.2
1625.77
1942.01
2311.2
1942.05
1887.69
2348.03
1901.12
1925.65
1891.59
2276.94
2056.37
2177.31
2103.75
1911.63
1784.41
2434.2
1959.89
1639.16
1754.96
1522.07
2121.43
1600.23
2339.36
2010.1
1951.1
1956.61
2200.47
2243.75
1751.14
2466.69
2161.78
2472.61
1911.39
2258
1680.92
1988.32
1725.02
1916.26
2537.11
2025.49
2284.77
2005.37
1870.3
2617.15
2403.61
2296.12
1805.19
2181.42
1987.62
2622.7
2754.16
2244.28
1848.61
1609.28
2468.83
2149.22
2245.54
1919.84
2076.36
2150.97
2094.66
2188.07
2265.26
2570.73
1765
2244.03
2060.24
2208.99
2347.96
2033.47
2047.78
2199.23
2039.48
1825.85
1881.31
2036.74
2055.06
2392.45
1760.84
2116.59
1890.86
2527.9
2130.27
2357.89
2391.59
2085.72
1725.54
1885.28
1977.9
2129.32
2418.56
2128.28
1813.01
2655.96
2157.11
2296.68
2744.23
2166.49
2298.52
1703.34
1947.59
1691.44
2301.38
1681.81
1841.28
1923.8
1727.81
2140.73
2992.62
1600.37
2803.82
1886.49
1815.03
2375.91
2212.51
2463.2
2167.31
1783.06
2090.53
2041.02
2411.84
2123.78
1928.59
2065.13
2176.41
2442.55
2186.62
2410.64
2117.96
2248.35
2394.5
2436.12
2136.99
1673.83
2111.19
2884.4
2443.33
1993.82
1927.09
3125.2
2157.92
2430.53
2216.18
1862.83
2096.9
2756.24
2000.61
1988.24
1751.49
1904.27
1942.4
2273.18
1998.28
2307.11
1940.62
1975.4
2032.02
2041.6
1970.16
2154.1
2017.93
2572.7
2634.03
1861.95
2002.85
1607.12
2257.88
2137.15
1941.3
2289.81
1696.95
2159.4
1835.21
2061.32
1860.7
1832.05
2437.16
2044.68
2249.44
2388.46
1667.07
1680.08
2583.05
1896.35
2493.13
1825.28
2653.25
2015.9
2016.55
3047.67
2269.51
1990.77
1868.44
2021.8
2149.17
2328.23
1691.97
1872.32
2154.1
1900.34
2191.16
2573.38
1903.46
1731.91
2157.84
2379.95
2038.5
2184.92
2596.39
1831.68
1993.47
2386.37
2047.21
3250.18
2145.64
2119.6
1778.02
2237.86
3092.91
2062.37
1813.39
3191.45
2318.07
2416.45
2283.9
2022.21
2370.03
2099.41
2134.22
2317.37
1798
1837.85
1902.87
1662.45
2120.55
2330.27
2511.62
1833.41
1729.96
2037.55
1755.75
2042.56
2308.49
1962.45
2308.01
2010.61
2480.62
2203.92
2374.33
2364.53
1818.42
2596.45
1895.16
2245.34
1765.07
2026.11
2005.15
1990.35
1778.53
2205.29
1687.33
2014.47
1910.8
2060.36
2651.05
2390.77
1811.73
2394.68
1802.75
2569.52
2033.37
1725.31
1894.28
1681.76
2584.14
2816.17
1710.16
1927.53
2113.45
2040.27
1741.14
2202.18
1940.58
2024.69
1950.63
2083.05
2058.25
2031.54
2143.91
2115.98
2432.53
2154.18
1848.57
2138.07
1853.5
2151.64
1512.92
2493.32
2295.51
2640.56
1914.34
1888.46
2127.97
2125.28
2241.3
2066.72
2122.62
2130.39
2159.55
2692.7
2135.53
1834.25
2093.19
1481.33
2454.98
1793.56
2341.42
2104.25
1836.43
2043.67
2075.03
2175.88
1829.49
2184.95
2101.83
1968.5
2040.13
1780.5
2930.32
1936.84
1986.62
1932.45
1704.3
1827.4
1921.07
2109.87
2070.43
2165.47
2076.77
1753.44
2168.99
2846.49
2110.33
1882.15
2994.05
2740.62
1656.07
1796.08
2009.27
2462.99
1859.44
2491.34
1764.04
1854.9
2083.67
1981.24
2040.56
2158.2
2187.9
2351.15
2642.62
1774.63
1992.7
2228.66
1987.62
2057.84
1986.99
2594.18
2276.03
1776.65
1473.97
2062.13
2279.08
2313.8
2338.47
2155.86
2098.37
2425.37
1955.35
2180.76
2423.14
2181.84
2102.97
1719.27
2536.83
2299.97
2071.41
1936.19
2160.54
2341.08
1656.88
2215.95
1954.23
1792.81
2082.98
2088.32
2206.03
2176.88
2341.95
1665.42
2084.38
2106.61
2172.31
1677.41
1921.14
2104.77
1958.34
1983.17
2030.92
2069.94
2119.83
2402.04
2554.13
2285.3
2011
2095.8
1696.47
1989.58
1881.89
2281.42
2142.52
1879.34
2226.61
2076.82
1963.84
2490.57
2223.63
2141.47
2098.99
2426.82
2176.52
1995.93
1752.24
1942.78
2378.8
2350.81
2389.56
2489.69
2159.15
1987.07
2149.32
2226.13
2367.57
2511.43
2006.24
1990.75
1947.29
1975.08
2267.33
2079.08
2259.66
2539.13
2766.41
2026.44
1944.08
1979.16
2105.63
2139.34
1786.38
2115.29
1627.6
2154.21
1807.13
2508.02
1672.78
2022.87
2051.73
2131.27
2134.11
2145.62
2094.29
2588.85
2376.94
2123.19
1392.57
1744.96
2016.31
2114.91
1897.86
2243.35
2483.2
2333.78
2334.3
1910.35
2180.02
1810.78
2377.67
1974.19
1977.25
1902.46
2545.74
2281.12
2075.47
1891.03
1816.54
1781.57
1783.07
2087.6
1770.3
2035.72
2018.47
2128.51
2319.5
2607.82
2121.36
2027.34
2179.96
1877.59
2118.51
2625.05
2021.39
2356.81
2160.24
2197.47
2417.07
1750.07
2430.91
1852.46
1849.57
2499.53
2520.86
2591.42
2132.56
2079.71
1899.97
2093.33
2154.84
2095.98
1888.11
2258.08
2368.61
2427.78
2337.11
2832.14
2211.3
1989.43
1843.49
2018
2400.42
2186.63
1729.78
1980.23
1983.28
2247.34
1972.49
2510.32
2379.5
2820.21
1972.76
1872.36
2647.91
1658.18
1870.58
2334.27
2325.52
1916.49
1931.69
1905.48
2052.33
1898.89
1964.13
1828.73
2260.31
1981.18
1934.08
1968.98
1986.32
2057.88
1909.83
2270.78
1568.84
2338.72
2456.61
2377.22
2631.52
2285.89
2366.07
2272.22
2213.4
1986.28
1915.61
2156.4
1699.79
2124.53
2071.26
1979.99
1901.33
1971.35
2994.25
2243.81
2223.1
1905.61
1692.61
2270.34
2038.86
2026.7
2256.39
2208.5
2087.61
2428.64
2262.38
2211.5
1779.92
2047.7
1965.73
2086.84
2454.73
2148.41
2230.32
1973.57
2573.34
2241
1628.12
2068.58
1989.39
2235.84
2038.5
2608.63
2020.18
1911.23
2294.99
1839.49
2196.37
2092.07
1816.59
2369.35
2104.9
1914.69
1935.71
2735.37
2416.88
1873.71
1933.94
1955.47
2307.24
2334.7
1801.69
1607.26
2030.07
2131.54
2152.5
2058.44
2181.87
2022.01
2636.48
2260.93
2060.21
2448.16
1917.45
1858.14
2021.79
1778.46
2057.99
2108.82
2140.65
2333.4
1995.82
2072.72
2117.22
2153.5
1971.17
1758.21
2309.69
1912.46
1989.08
2360.07
1964.64
1943.89
2086.15
2021.98
2218.22
1977.04
2168.34
1813.94
2540.76
2010.34
1962.89
2086.05
2047.94
2101.32
2036.27
1523.43
2397.9
2336.15
2101.33
2579.18
1939
2159.34
1910.79
1837.97
2329.07
2322.01
2059.1
2103.57
1920.31
1746.17
1788.44
2083.07
2035.63
2291.31
2177.35
2240.31
1965.39
2864.88
1869.66
1877.98
2029.53
1961.66
2305
1857.26
2145.03
1919.84
2346.69
2012.37
1998.55
2499.95
2578.95
1849.71
1841.42
2091.41
1610.51
1904.05
2316.26
1866.72
1983.01
2247.46
2358.8
1854.88
2203.35
2775.6
2343.79
2050.49
2011.87
2001.41
1869.54
1773.16
1856.34
1818.01
2137.25
1519.03
1932.65
2290.54
1978.34
2701.95
1727.6
2546.4
2240.41
1918.4
2297.71
1773.95
2567.97
1878.02
2048.77
2263.06
1886.29
2111.78
1774.65
2073.18
2382.12
2611.47
1891.78
1963.65
2029.65
1791.76
1740.48
1977.36
2207.92
2132.65
2317.55
2387.76
2008.94
2260.08
2318.51
1965.72
2274.3
2137.81
2176.33
2366.9
2076.58
2247.45
2346.8
2312.3
1798.55
2092.18
1907.41
2068.25
2027.9
1781.82
2102.92
1857.51
1758.71
2196.03
2346.25
1888.42
2099.49
1648.47
2807.29
2257.64
2101.74
2297.52
2150.97
1978.21
1784.13
1976.47
2524.37
2134.59
2179.68
2053.93
2196.34
2266.18
2566.98
1774.5
2223.07
1899.2
2273.08
2394.2
1958.65
1906.78
2264.99
2192.95
2206.58
1955.72
1954.68
2223.41
1800.91
2017.62
2183.91
1943.27
1930.21
2384.8
2193.68
2536.49
2543.44
2054.95
2214.05
1750.88
2393.05
2215.55
2388.65
1655.76
1758.41
1975.53
1904.73
2374.51
1777.1
1844.18
1773.88
2264.27
2279.28
2121.99
2009.63
1889.07
1947.34
1891.05
2240.53
1960.37
1992.5
2370.09
1949.92
2000.63
2109.16
2009.17
1704.34
1833.9
1784.73
2017.61
2146.25
2030.61
1729.19
2797.46
2449.06
2069.66
1813.22
1517.97
2047.5
1816.11
1978.64
1689.57
1887.25
1984.9
1944.79
2215.49
1869.62
2334.72
1956.21
1699.27
1848.34
2388.02
2097.68
1801.96
2172.59
2473.37
2176.82
1666.54
2587.78
2452.86
3138.56
1797.54
1709.43
2668.07
2560.16
2061.47
2008.72
1925.72
1957.18
2120.42
1818.64
2444.1
2446.43
1832.17
2438.98
2039.95
1768.41
2017.11
2534.19
1888.26
2358.3
1662.01
2009.04
2250.89
1771.62
1804.04
2049.21
2250.32
2150.6
2360.9
2135.8
2418.63
2039.47
2230.95
2196
1966.96
2065.78
2503.67
2331.9
2037.11
1741.65
2268.47
2111.22
1975.45
2335.06
1947.44
1893.33
2071.49
1775.6
1931.1
1747.2
2211.68
2215.84
2073.35
2115.22
1906.45
1966.31
2112.98
1707.48
1830.48
1758.92
1936.96
2145.84
1778.6
1847.91
2151.71
2316.78
2163.81
2465.58
2656.66
2677.12
2654.39
1997.01
2209.07
1797.55
1746.84
1899.39
1932.64
1843.4
1745
1470.5
2030.65
2764.94
2218.18
2182.11
1772.05
2766.14
1695.33
2213.65
1772.91
2136.5
2204.67
1924.3
2052.95
2172.42
1756.5
1675.06
2475.1
1813.44
2456.02
1761.63
2516.65
2342.12
2126.78
1983.58
2350.84
1904.85
1864.66
1829.89
1997.56
2580.83
1669.27
2292.07
2442.71
2853.85
1481.05
1945.57
1721.25
2127.4
1925.56
1921.7
2011.77
2044.49
3035.51
1987.04
2109.61
1935.68
2672.54
1755.33
1777.84
1916.12
1715.18
2262.81
1833.98
2051.35
2818.72
1733.9
2562.28
2458.25
2169.33
2149.75
2537.31
2191.11
2177.5
1944.38
2226.83
2110.69
2048.91
2374.85
2090.34
1907.13
2292.26
2340.02
1677.43
2966.87
1992.25
2146.41
1956.66
1876.36
2823.06
1782.74
2076.53
2112.45
1950.15
2321.43
2270.43
1652.54
1932.96
2270.97
2089.73
2023.15
1853.42
1708.57
1970.9
2145.15
2291.01
2472.22
2353.29
2400.33
2303.15
1946.54
2187.17
2541.16
1663.31
2163.14
2119.12
2270.94
2360.46
2601.48
2483.24
2086.53
3026.9
1927.64
2326.69
2121.64
2154.35
2219.98
1682.94
2158.33
1957.14
2736.34
1892.28
2038.42
2182.83
1936.01
2391.88
2297.04
1914.14
2142.56
2141.73
2144.65
2214.12
2067.71
1899.08
1946.58
2559.13
1596.11
2838.38
1774.44
2007.61
1959.23
2157.63
2596.07
1674.84
1969.59
1686.29
1904.41
2419.29
1855.63
2746.33
2490
1565.57
1802.34
2000.06
2199.21
2295.53
1868.23
1893.05
2032.52
2368.39
2251.83
1816.42
2280.75
1976
2206.2
1963.99
2006.53
2058.55
2081.46
2018.72
2135.37
1911.27
2003.04
1682.99
1935.68
2013.13
1760.42
1873.86
2289.66
1811.82
2274.63
1634.1
1962.72
2048.99
2194.98
2453.6
2334.31
2131.68
2422.96
1890.2
1961.79
1864.2
2105.31
1958.8
2133.49
1591.52
2286.27
1935.01
2039.94
2090.9
2182.88
1745.78
2167.8
2249.31
1823.68
2234.94
1927.9
1955.01
2476.01
2607.91
2271.95
2034.85
1714.12
1980.92
2174.23
2414.29
1808.85
2191.7
2176.48
2400.35
2387.74
1882.51
1965.95
1998.74
2068.75
1946.58
2054.09
2369.08
2167.07
1788.32
1951.46
1984.76
1784.67
1960.72
1957.05
1784.23
2742.7
2094.93
1971.22
2403.55
2333.57
2494.73
1841.76
2003.62
1823.36
1857.16
2037.86
2091.65
1520.56
2025.3
2275.53
2132.71
2020.59
2009.94
2023.81
1851.67
2465.52
1813.06
2167.94
2278.36
2361.96
2472.01
2417.47
2290.24
2183.3
2460.85
1768.64
1848.93
2021.88
3401.46
1767.88
1772.72
2245.04
1825.87
2462.92
2159.01
1798.22
2561.01
1954.67
2110.99
1838.49
2175.05
2137.78
1836.72
2125.85
2143.42
1818.75
1869.86
1822.63
2403.33
1942.44
2511.2
2294.63
1964.17
1731.92
1856.59
1969.08
2169.37
1896.26
1713.01
2189.88
1839.83
1809.87
1793
1687.19
2127.02
2756.47
2512.44
2238.72
2343.6
2014.89
2305.64
1684.86
2183.1
2385.6
2009.77
2229.94
2102.82
2239.61
2254.16
2128.34
1802.38
2303.9
2312.26
1789.26
2318.82
1900.16
1937.06
2064.3
2185.37
2317.75
2683.1
2131.31
2153.73
2196.33
2008.73
2090.91
2608.47
2117.15
2026.06
1813.87
2075.69
2546.77
2151.35
2243.86
1969.78
2336.79
1484.05
2313.73
2271.93
1914.96
2932.06
2033.77
1696.92
2095.35
2315
1876.35
2181.39
1716.72
2015.09
1781.5
2640.36
2421.85
2079.58
1902.57
1819.88
2100.13
1821.48
1834.6
2152.69
1909.06
1946.32
2366.83
2275.02
2573.56
1719.84
2232.97
2782.45
1590.81
1852.86
2320.27
1957.06
1798.97
2200.81
2638.86
2146.6
2142.34
2347.47
2864.71
1967.3
1803.51
2063.7
1549.67
2260.05
1789.36
2504.67
1894.55
1969.97
1892.94
2355.73
2178.27
2491.23
2031.66
2478.7
2063.75
2506.57
1970.41
2863.44
1644.71
1496.87
2315.46
1942.66
1969.03
2066.95
1980.73
2018.76
2834.08
2518.23
2250.73
1647.89
2077.81
1903.53
1933.13
1953.49
2214.2
2047.94
2144.12
1979.08
2858.17
2045.63
1944.47
4320.39
2087.76
2234.04
2096.98
1764.87
1807.78
1940.18
1680.35
2125.15
1934.28
1982.16
2380.09
1895.84
1864.34
2009.84
1654.61
1623.83
1963.42
1893.04
2402.26
1863.06
2773.99
1905.37
1851.82
2290.09
1879.79
2717.49
2008.78
2162.51
1966.38
1943.91
1865.58
2403.47
2267.02
1905.26
1953.82
2269.17
2155.9
1957.94
1631.47
2246.55
2022.3
2630.13
2141.2
2627.77
1988.78
1974.08
2161.36
2220.35
2865.31
1769.75
1930.16
1649.44
2399.2
2282.32
2325.14
2242.43
2032.44
1834.77
2221.31
2050.81
2214.74
2233.65
2072.24
1927.87
2825.8
2009.03
2870.7
2020.91
2214.94
2051.7
2068.12
1791.4
1863.02
2090.28
2117.09
2225.95
2011.42
1878.05
2264.98
1874.52
1933.31
2020.76
2101.26
1941.68
1871.45
1803.76
1798.15
2547.96
2077.64
2393.35
2207.05
1778.74
1940.47
2291.28
1957.5
1957.83
2053.87
2266.03
2321.53
1914.46
1849.03
2249.56
2587.18
2180.81
2702.15
2712.57
1623.91
1954.76
2063.58
1800.92
2340.6
1910.13
1951.46
1982.15
1703.09
2382.13
2040.88
1866.96
2190.46
2344.64
2077.11
2341.81
2126.95
1906.33
2295.92
1981.81
2557.93
2440.43
1707.44
2228.02
2706.84
1931.67
2656.23
2322.73
1886.4
2093.59
2192.55
2415.44
2105.76
1863.64
1968.32
2044.29
1847.09
1920.42
2597.46
2150.73
2258.21
1643.34
1752.48
1794.96
2501.83
1805.83
1884.34
2066.77
2135.3
2915.96
2016.35
2036.55
2390.74
2281.73
1837.79
2002.56
1826.62
2454.7
1937.1
2251.07
2180.71
1962.38
2129.16
2032.79
2140.78
2068.04
2157.38
2066.67
2392.9
2346.72
2214.41
2220.98
2100.07
2139.51
2171.01
2096.91
2117.69
2078.93
1845.13
1809.12
2025.53
2185.87
1750.97
1979.96
1839.14
2173.75
2265.56
2033.13
2146.73
1936
1796.37
2010.35
2277.47
2677.02
2040.4
2280.06
1667.18
2026.56
1887.57
1934.5
2168.36
2617.57
1892.45
1615.17
1816.85
1997.77
1913.11
2441.81
2426.83
2047.93
1811.85
1648.61
2224.38
1982.78
2101.55
2249.3
2229.44
2078.62
2017.24
2391.01
1896.86
2362.42
2257.48
2631.87
2204.71
1822.79
1877.1
2197.14
2059.63
2152.29
2443.71
1992.84
2084.13
2278.17
2004.1
2040.47
1983.74
2115.45
1948.37
2093.08
1809.77
2064.11
2269.4
2148.39
1899.54
2167.84
2052.74
1750.91
1684.02
2755.06
2189.55
1848
2605.54
2602.63
2044.68
2240.86
1993.23
2350.21
2257.89
2181.89
1860.12
1858.44
2256.59
2535
1944.88
2399.18
2076.45
2540.43
1836.33
1798.13
2345.33
1947.59
1542.35
2092.43
1723.58
2823.81
1933.61
2026.14
2297.84
2578.51
1789.31
1993.47
1759.21
2028.67
1670.16
2269.23
1923.12
1988.33
1878.97
2193.29
2436.54
1833.83
2358.84
3021.17
1981.9
2278.02
2189.01
1876.57
2173.16
2283.16
2183.2
1834.74
1906.76
2048.46
2052.06
2120.05
2305.8
2690.43
2136.41
2784.79
2086.87
1841.58
2202.96
2535.82
1607.8
1522.05
1964.72
2226.88
1834.79
2218.84
2432.41
1928.12
1982.3
2574.92
2336.53
1988.99
1897.57
1883.81
1876.1
2182.07
1824.86
2066.92
1563.91
2044.12
2090.18
2170.98
1746.05
1972.92
1876.03
2027.8
1991.65
1876.35
2026.87
2102.73
2004.77
2320.16
1728.08
2478.84
2133.49
1763
2103.32
2004.44
2527.13
2604.7
2145.88
1951.85
1889.51
1952.21
2516.34
1759.47
2305.77
1832.94
2455.03
1742.2
2642.97
2003.61
1647.21
2095.41
1968.58
1787.72
1885.98
2065.55
2287.76
1681.32
1975.88
2353.17
1932.02
2181.76
1805.12
1855.33
2509.54
1611.08
2148.13
2237.39
2335.05
2035.92
1739.95
1792.05
2056.56
1739.52
1734.25
1920.82
1585.24
2502.64
1800.27
1672.66
2420.58
2495.03
1805.17
1838.55
1966.96
1963.93
1913.27
1806.86
2113.67
2306.74
2067.94
1884.9
1851.88
1964.17
2095.03
2218.41
1925.45
2492.56
1671.25
2689.91
2187.37
2132.93
2275.88
2220.52
2246.21
1623.66
2734.18
2029.39
1856.7
2835.09
1627.05
1709.8
1719.59
1714.39
1750.07
2203.37
1894.44
2262.36
2523.22
2295.97
2396.17
1967.28
1779.54
2265.22
2002.07
2304.72
1858.43
2429.58
1627.43
2195.17
2239.7
2250.44
1836.96
1779.16
1880.5
2424.27
1905.28
2146.65
2220.35
1899.79
2018.18
2499.29
2276.13
2187.47
1791.82
2055.72
2712.93
1945.02
2317
2083.52
2883.65
2200.18
2180.19
2778.77
1929.57
1949.14
2297.33
2017.19
2117.58
2147.92
2450.32
1859.21
2082.98
1854.56
2009.59
2120.03
1969.76
2338.62
1644.91
2118.2
1936.46
2289.86
2088.65
1913.66
1986.89
1944.16
2161.79
2059.77
2446.86
2675.54
2264.25
2117.08
1996.2
2087.98
1767.62
1944.3
2114.51
2057.43
2388.53
1839.38
2219.6
1983.5
2147.35
2348.43
2192.19
2000.95
2188.49
2016.27
2303.4
2033.35
1937.3
1850.02
2132.75
2006.8
2375.34
2099.23
1937.73
2128.17
2024
2121.51
1724.48
1774.66
2030.64
2055.55
2200.24
1879.53
2560.4
2586.13
1842.9
1987.57
2339.94
2405.73
1746.14
2442.48
2366.19
2300.83
2517.65
2147.87
2024.64
2041.05
2293.24
1932.81
1855.22
2230.25
1969.77
1827.75
1583.32
1736.47
2485.35
1956.9
2076.69
1961.95
2668.36
2007.04
2122.2
1837.59
1858.24
2753.15
2158.57
2191.07
1886.2
1977.93
1924.48
2044.6
2215.7
2247.88
1791.73
1920.22
2297.47
2256.67
2145.67
1706.94
2749.81
1860.1
1860.73
1764.12
1994.92
2092.86
2239.28
1899.26
2051.35
1762.4
2428.01
1774.5
2060.84
1876.52
2445.34
2536.34
1715
1797.95
2159.1
2128.73
2411.86
2206.58
1844.22
2285.42
1825.57
1860.8
2847.43
2258.64
1711.95
1942
2082.82
2075.78
2409.99
2562.84
2284.32
2962.45
2680.5
2098.11
1881.83
2318.53
2016.53
1654.25
2486.02
2248.25
2028.1
2384.39
2481.96
1781.99
1826.78
1906.05
2499.72
1876.05
2041.35
1705.55
1865.4
2179.9
2118.76
2175.1
1926.87
2151.84
1940.89
2563.49
2193.23
2228.19
1797.72
1812.54
1630.31
1646.49
2339.13
1909.64
1669.97
1901.88
2028.1
1910.21
1858.67
1845.03
1769.8
1791.62
2153.04
2206.02
2317.17
1977.97
1782.89
2186.51
2113.44
2356.05
2137.55
2785.11
1759.84
1843.29
1792.5
1895.13
2071.86
2066.81
2327.87
2831.42
2004.4
1809.99
1953.97
1827.68
1713.76
2536.61
2060.23
1932.28
2448.27
2394.34
2500.85
2226.41
2892.04
2208.97
2292.95
1926.5
2029.08
2139.37
2209.04
1909.76
1812.59
2049.84
2155.37
1885.31
1660.31
2220.12
1990.28
1639.65
1825.83
1589.58
1971.09
1909.85
2264.28
1934.75
1968.11
1752.2
1970.06
1712.87
1938.7
1771.87
1970.75
2222.25
2390.95
2441.62
2633.23
2218.2
2011.28
1733.45
1668.8
2346.93
1502.73
1815.94
2172.44
2536.67
2073.45
2342.35
2364.19
2135.15
2133.34
1726.33
1823.32
2021.81
2153.71
2011.48
2421.88
1987.79
2437.72
2149.48
1968.34
2244.74
2158.81
2376.33
2028.43
1941.73
2179.34
2399.64
2419.88
2117.49
1922.37
2202.81
2299.34
2041.22
2184.16
2095.59
2347.04
2181.08
2173.25
1945.6
1777.22
2067.86
2442.91
2177.22
2595.57
2096.53
2403.57
2328.6
2119.67
2064.83
2204.02
2050.77
2370.57
1796.57
2281.48
2026.13
2934.88
2156.48
2276.45
2349.69
2511.53
1859.38
1946.32
1933.67
1942.46
1973.14
1815.69
2038.04
2002.66
1845.37
2045.67
2603.99
2095.6
2287.64
2146.33
2813.64
2197.56
1890.49
2053.43
1801.83
1843.69
2369.65
2193.92
2017.69
2150.61
1846.23
2478.43
2491.95
1965.19
2102.72
1937.4
1889.52
2035.64
2561.96
2185.39
2146.98
1865.4
1821.21
2368.07
1906.1
2061.86
1827.27
2285.67
1940.57
2379.01
2250.41
2047.95
1826.53
2645.08
1836.48
2404.64
2139.92
2533.68
1936.29
1945.02
2546.69
1902.38
1788.79
2398.16
2134.98
1828.57
1786.1
1938.61
2603.81
2408.02
2569.07
2319.84
2137.63
1991.48
1650.84
1954.11
1939.04
1898.98
1940.5
1961.86
1841.26
2021.71
1938.85
1946.05
1928.86
2069.5
2037.22
1882.74
2441.82
1982.03
2288.47
2021.93
2129.45
1704.64
2143.92
2234.74
2265.54
2102.82
1845.39
2385.25
2126.25
2291.85
1739.7
2592.03
2441.56
2477.46
1992.68
2367.83
1846.41
2265.23
2275.54
1633.23
2186.41
2063.03
2527.57
1953.51
1815.4
1585.42
1775.2
1965.75
1734.81
1678.53
2114.58
1848.16
2083.96
1980.15
2222.07
2107.75
1983.48
2265.04
2200.97
2248.26
1821.53
1885.52
2557.52
2031.95
2103.95
2734.79
1749.77
1905.23
2070.35
2059.07
1684.51
2376.3
1739.14
1939.65
2426.2
2445.18
2807.5
1877.91
2153.67
1849
2080.35
2094.85
1939.38
2058.5
2167.67
1963.67
1907.25
2049.6
2131.43
2013.57
1894.16
1899.71
2203.49
2130.1
1877.4
2046.56
1919.53
2446.57
1887.16
2159.07
2377.74
1924
2809.7
2268.65
1933.07
2293.93
2232.61
2370.44
2293.19
1827.02
2720.92
2405.37
1883.01
1779.06
1968.81
2242.56
2176.83
1745.46
2039.54
1856.19
2087.92
2158.61
2241.56
1635.8
1953.85
2896.57
2193.12
2087.48
2020.78
2347.36
1988.61
1940.68
1881.92
2226.05
1605.01
1945.27
2965.56
2323.54
2419.07
2074.67
1898.4
2367.14
1999.33
2717.29
2129.45
2929.51
2185.92
2259.78
1932.52
2234.98
1858.98
1704.14
1733.88
2151.17
1700.2
1820.38
2524.58
1770.74
1951.01
1938.34
2464.38
1837.63
2618.28
2004.22
1680.45
1902.36
2440.96
2337.58
2408.97
1994.43
2055.05
2006
2175.54
2442.2
2218.07
2779.51
1851.39
1745.98
1615.66
2018.08
2133.64
2332.47
1729.76
1902.61
2127.88
2629.28
2159.92
2061.22
2605.13
2298.01
2039.95
1964.64
2139.76
2168.65
2170.4
2152.46
1819.39
1799.57
1772.93
1920.94
2013.93
2105.75
2641.39
1661.26
1906.71
2418.24
2082.57
1937.92
1743.07
2273.03
1892.75
2068.12
2419.26
1661.35
2093.11
2328.09
2292.75
2269.43
1968.23
1620.23
2489.65
1755.74
2336.96
1889.02
2494.06
1994.95
2426.22
2169.29
2468.45
1787.77
2510.25
2047.48
1895.32
2075.3
2308.21
1685.15
2069.47
2521.69
1738.11
2799.21
2308.37
1896.94
2183.44
2244
1624.71
1509.76
2206.31
2758.51
2104.59
1973.33
2255.78
1879.87
1872.81
2042.78
1882.11
2143.37
1857.34
1707.86
2532.8
1665.74
1932.16
1799.91
2118.69
2198.92
2176.24
2276.71
1698.24
2031.38
2404.42
2167.93
1966.5
2156.11
2087.66
2203.82
1839.94
2404.4
1847.73
2277.62
2079.49
2096.62
2031.64
2114.51
1814.13
2194.18
1712.19
1874.43
2291.65
2007.53
2061.26
2428.62
1985.72
1948.72
2116.47
1809.5
2312.78
1599.72
2148.56
1927.06
1991.64
1870.87
1888.66
1802.05
1899.77
1840.9
1973.08
2272.02
2413.33
1949.22
2131.08
2116.54
2210.26
1991.31
2025.72
2642.3
2236.86
2015.06
1952.45
1830.68
1912.19
1604.78
1949.91
1784.36
2414.54
2140.73
1678.59
2078.18
1663.18
1803.57
2532.19
2041.24
2535.89
1802.92
1807.55
2785.44
2176.39
1862.7
2356.7
2226.53
1973.91
2317.8
1954.24
2118.49
1873.87
2203.03
2717.36
2555.33
2169.24
2059
2174.26
2106.11
2257.45
2391.44
2628.66
2636.74
2100.95
2653.69
2058.76
1803.53
1898.11
2236.03
1839.91
2353.64
1885.44
1676.94
2179.87
2250.02
2026.63
1977.79
2166.9
2264.93
1839.03
2593.87
2882.98
2007.58
2096.04
2059.15
2344.62
2294.17
1908.85
1755.27
1796.87
1727.35
1788.54
2601.83
2117.78
1691.07
2150.57
1981.03
1841.18
2210.17
1968.84
2218.76
2453.57
1980.83
1706.71
2025.82
2130.93
1998.42
2052.94
1958.27
2172.25
2052.16
1993.91
2185.19
1849.58
2244.78
1622
2394.14
2040.8
1695.13
2579.23
1796.5
1778.57
1969.52
2315.41
2260.69
2160.36
2360.78
2213.92
2895.95
2001.64
1956.28
2850.58
1799.25
2062.33
2072.87
1580.67
2166.08
1669.55
2064.95
1981.08
1984.13
2113.88
1994.76
2474.38
1716.1
2036.94
2000.2
2385.11
1791.23
1748.43
1937.61
2345.06
2028.55
2185.94
2440.64
3214.15
1708.97
1750.03
1964.61
2015.24
1712.31
2783.86
1780.12
2186.63
2390.16
1929.06
2061.38
2156.53
2512.58
2079.74
1875.47
2036.2
1835.57
2293.95
1838.23
1902.24
2050.33
2065.47
1798.56
1802.02
1940.22
2072.65
2073.11
2332.79
1906.14
1612.79
2241.92
2195.72
1742.88
1979.69
2475.96
2010.65
1697.12
1759.24
2185.96
2016.59
1727.89
2061.65
1738.59
2079.63
1703.42
1721.79
1951.7
2157.75
2166.45
1982.82
1892.59
2307.2
2140.28
2109.15
2247
1907.38
2141.56
2139.84
2138.67
2381.13
1853.59
2085.54
2735.92
2026.09
2074.98
2464.19
1944.88
2433.35
1924.77
2120.25
2250.45
2911.46
2045.57
2813.85
1972.99
2271.21
1656.43
1727.55
1789.49
2321.58
1927.43
1940.13
1605.29
1921.84
1984.35
2358.27
2301.24
2573.47
1701.07
2065.63
2127.63
2505.94
2663.4
2697.52
1896.92
1924.56
2213.25
2256.09
1632.21
2285.18
2477.26
2209.69
1848.75
2348.97
2006.51
2012.61
1695.7
2437.18
1869.9
2389.01
1764.31
2188.38
2346.81
2373.52
1900.21
2429.79
1606.46
2093.93
2139.87
2255.39
2376.1
1853.78
1747.23
1738.91
2122.22
2729.67
1545.03
2386.43
2428.23
1811.4
1778.51
2064.44
2281
2447.22
2192.28
1886.72
1956.15
2490.04
2213.1
2374.14
2060.06
2380.04
1905.41
2130.86
2336.23
1631.73
1948.6
1875.34
2066.24
2023.39
2297.64
2562.12
2048.89
1853.23
2330.03
2139.66
2081.49
1816.33
2040.86
1999.83
1803.73
2067.57
2172.74
1707.88
2416.95
1866.34
1718.91
2063.7
2120.63
2191.58
2096.18
2664.62
2826.7
1712.61
2030.82
1954.64
2145.23
1687.43
2010.31
1969.35
1869.27
1863.58
1783.5
2179.22
1898.86
1773.38
2339.67
1919.8
1898.07
2469.76
2588.53
2194.2
1948.72
2444.38
1819.82
2483.61
1738.69
2065.88
1672.15
1872.94
2036.88
2282.67
2090.07
2138.14
2341.73
2386.65
1993.13
1893.17
2094.46
1974.19
1799.14
1806.28
1923.27
1837.13
2079.76
1934.18
1591.92
2243.99
2162.33
1706.44
1985.07
1846.62
2209.3
2070
2309.79
2014.72
1605.5
2285.95
1933.58
2105.69
2213.31
2625.77
1951.31
1983.42
2585.71
1814.5
2313.64
2357.07
2359.18
1956
2008.97
2431.43
2183.69
1958.08
2133.56
2050.07
2019.26
2117.68
2441.89
2279.85
2023.12
2004.15
1903.6
1770.84
2306.51
2240.9
1775.77
2216.96
2356
1533.55
2001.57
2321.42
1993.37
2043.7
1780.26
1926.04
1993.45
2480.79
2349.96
1882.7
2292.82
1678.63
2729.8
2083.11
2079.8
1947.9
2066.58
2021.03
1945.34
2568.98
2414.87
2045.76
2127.33
2064.39
2103.03
2032.57
2191.55
1972.01
2054.59
1870.7
1752.69
2034.84
1894.41
2354.98
2302.2
2184.44
2166.74
1715.68
1996.16
2013.12
1966.46
2202.09
2509.87
2135.83
2066.46
2055.55
2014.24
2071.76
2008.33
2255.12
1811.05
2104.86
2471.35
2086.11
2556.28
1988.78
1746.2
2013.6
2599.56
2237.78
2002.94
1941.15
2080.36
2530.78
1917.51
2054.11
2219.68
2005.07
2097.94
1915.11
1978.2
2028.91
1869.73
2414.96
2014.84
2944.49
1903.18
2112.63
1617.33
2082.55
1901.58
2460.88
2404.46
1773.03
1972.92
2155.74
1884.17
2264.53
2034.09
1930.19
1778.32
1851.26
1998.72
2127.8
1683.28
2344.69
1823.3
1882.75
1824.81
1833.95
2204.22
2228.94
2046.88
2073.12
2093.95
2247.83
1896.13
2270.48
2378.05
1644.91
2576.03
1939.26
2737.64
1825.2
1743.39
1891.45
2493.99
1711.12
2026.5
1474.02
2056.33
2056.24
2256.29
2256.42
1975.25
1951.92
1860.52
2418.52
2008.12
2295.85
1908.99
2113.48
2010.46
2373.15
1914.95
1978.88
1990.44
2195.21
1925.82
2208.24
1752.27
1995.76
1919.85
1968.58
1844.74
2368.01
2285.61
2292.68
2034.61
1949.91
2294
2073.42
2047.58
2026.81
2131.65
2040.72
2125.77
2071.71
1942.96
1643.64
2379.91
2162.83
2076.52
1929.17
2095.63
1610.11
2332.72
2053
2285.23
2456.15
2084.95
2164.17
2449.64
2240.31
1936.08
2538.71
2047.77
1842.76
2293.44
2174.43
1937.88
1912.72
2417.51
1912.3
2795.59
2071.56
2505.16
2260.82
1873.29
2378.88
1684.36
1991.8
2126.34
2193.93
1983.11
2111.6
2235.25
2483.2
2221.03
1987.3
2388.27
2142.11
2054.44
2282.3
2004.48
2886.83
2129.51
1957.94
1833.9
2077.01
2127.85
1718.65
2233.22
2389.5
1845.37
1964.29
2078.85
2295.64
2438.41
1850.76
1758.34
1926.2
2179.49
1935.03
1738.29
2148.66
2024.16
2356.38
2200.63
2463.98
1866.21
2314.35
1768.42
2189.22
1935.47
2061.04
2105.14
1988.06
1703.22
2041.84
2379.65
2248.15
1697.24
2095.01
2290.24
2379.82
1693.87
2264.38
1986.57
1860.91
1807.2
2195.24
2371.54
1906.09
2006.35
2022.65
2334.74
2180.13
2035.67
2021.99
1919.18
2205.34
1919.86
2146.94
1825.8
1988.46
2572.61
1903.24
2127.34
1565.69
1752.05
1922.25
1600.9
2101.14
2176.53
2714.69
1862.8
1963.57
1983.09
2768.76
2325.31
1612.17
2514.14
1998.02
2390.16
2546.05
2224.4
1997.17
2410.8
1797.34
1845.51
1965.64
2312
2449.05
2611.03
1840.88
2083.47
2476.38
1940.25
2120.45
2124.74
2369.93
2114.06
2060.91
2462.56
1857.82
2288.27
2214.93
1762.18
2233.22
2715.2
2283.74
2433.55
1971.98
1714.61
1967
2068.78
2731.45
2201.38
2673.56
2162.26
2464
1946.18
2293.08
2051.79
2714.93
2325.14
2244.7
2075.56
2097.5
3328.65
1950.35
2372.3
2726.43
2355.61
1897.6
2274.04
1881.73
1461.88
2002.54
1828.67
2020.29
1739.18
1687.97
1862.01
2186.73
2049.74
2133.6
1899.45
2279.1
2181.34
2143.83
2330.98
2325.02
1967.09
1922.61
2285.27
2612.5
2221.79
2014.53
2323.56
1866.68
1763.07
2144.94
2115.22
1941.59
2291.39
2111.48
1707.39
1909.28
2183.6
2173.25
2115.08
2009.93
2280.01
2242.02
1965.74
2361.08
2004.79
2084.96
2364.08
1991.48
2030.8
2184.8
1826.65
1577.97
1823.67
1780.5
1906.34
2480.29
2476.14
1994.69
2092.48
2480.88
2018.72
1977.37
2101.04
1821.73
1922.72
2054.79
1820.26
2184.73
1804.87
1587.35
2803.12
2117.38
2105.81
1907.79
2343.91
1887.07
2022.01
2135.35
2735.23
1732.26
2380.09
2294.11
2357.69
2374.89
2045.77
2669.16
2083.95
2178.83
2062.2
1772.25
2089.22
2315.79
1863.25
2521.28
1930.17
2064.76
2524.66
2522.55
2167.58
2392.32
2171.09
1683.28
2467.7
1968.91
3221.79
2473.85
1885.89
1942.55
1573.27
1869.12
2343.99
1558.15
2239.01
1943.89
2341.11
2494.57
2595.06
2541.2
1664.05
2000.9
2004.25
2796.14
3110.81
2673.41
2794.25
2519.28
2500.45
2332.27
2091.06
2273.1
2182.82
2168.16
2248.18
1634.98
2061.32
2106.91
1872.36
2138.19
1812.33
1897.16
2166.61
2137.34
1833.59
1878.97
1874.83
1775.12
1991.72
1969.96
1770.45
2185.82
2154.96
2570.87
1741.7
1763.48
2556.13
2026.23
2425.27
1888.98
1959.81
2036.65
2163.26
1942.69
1987.17
2336.15
2009.12
1839.05
2205.15
1990.99
2242.04
1775.91
2314.43
2098.99
2977.64
1996.34
2262.32
2098.37
2145.98
2730.67
2373.75
1987.85
2254.45
2398.8
2213.58
2204.13
1731.89
2015.05
2260.26
2387.86
2275.85
2045.24
2180.51
1971.25
2059.44
2099.47
1976.44
1934.34
1829.3
1929.5
1698.68
1964.32
1940.55
2043.03
1815.66
2189.66
2164.67
1848.02
1794.53
2298.07
2377.01
2205.34
2051.77
2294.53
1930.95
1713.57
1837.23
1965.38
2309.79
2073.89
2253.43
2358.19
2221.21
1895.44
1924.46
1974.71
2825.08
2052.52
2022.34
2270.63
1832.15
2103.4
2130.24
2590.96
2077.07
1779.61
2077.31
2587.2
2230.98
1835.11
2356.48
1824.17
1883.38
2392.68
2134.24
2260.68
1781.08
2242.09
1936.29
1813.95
2275.16
2638.61
1510.33
2029.98
1897.73
2045.32
2247.05
1943.43
2402.19
2241.26
2627.96
2170.19
1706.11
1986.23
3054.1
2556.02
2424.74
2102.63
2152.25
2105.7
1821.47
1989.8
2198.73
2401.43
2108.51
2103.15
1682.02
2227.86
1941.97
2164.34
2185.18
1908.14
2357.87
1981.07
2354.57
1772.8
3469.91
2328.19
2469.39
1916.52
2576.56
2034.29
2263.14
2218.2
1700.83
2277.02
2122.65
2046.3
2120.72
1854
1809.34
1874.65
2241.55
1915.35
2377.48
1990.84
1825.02
2175.03
2308
1770.33
2206.91
2062.92
2925.77
2338.12
2304.46
2000.86
1930.77
1781.24
1975.46
2887.94
2140.02
2356.55
1958.83
2270.66
2777.69
1969.02
2422.38
1791.13
2185.1
1844.9
2039.63
2170.56
1960.55
2583.9
2346.16
1951.84
1846.98
2056.73
2489.42
2425.9
1898.16
2527.26
2089.16
2493.63
2180.55
2177.39
1979.83
2041.32
2338.94
2145.19
2169.33
2078.47
2455.26
2012.09
2152.57
1807.08
1614.87
2605.47
1876.97
2213.92
2550.7
2062.19
2102.92
1999.73
2209.17
2142.73
2665.8
1993.07
1910.92
1987.01
2564.06
1926.65
2039.61
2204.13
2070.75
2734.63
2131.5
1814.34
2295.05
2120.95
1767.49
1785.22
2330.54
2068.25
2101.96
2007.51
2282.7
1973.64
2048.16
1706.07
1793.12
2581.85
2195.52
2318.18
2273.35
2031.6
2322.4
2248.85
2033.81
1991.96
2016.15
2721.42
2493.98
1703.83
2551.86
1994.98
1859.49
2305.52
2163.56
2233.9
2713.84
1787.91
1957.33
1678.86
2110.02
1921.46
1776.5
2056.85
2566.36
2145.55
2504.18
1980.17
2413.35
1695.94
2218.31
1691.39
2529.76
1903.6
1871.11
2120.46
2187.45
1961.97
1826.06
2150.22
2176.17
2277.26
1868.85
2346.47
1916.98
1999.29
2068.4
1877.27
2373.45
1826.59
2170.2
2296.77
1550.08
1933.76
2004.51
1972.64
2139.87
3253.99
1910.49
2227.27
2721.59
2236.28
2221.07
2127.1
1991
2295.95
2260.42
2219.39
1852.38
1664.56
2048.24
1872.04
2164.12
1999.33
1937.31
2378.69
1827.7
1922.89
2374.99
2199.76
2433.02
2064.73
1993.17
2570.49
2057.04
1974.63
2736.86
1858.72
1920.07
1829.69
2290.14
1860.9
1752.16
2054.47
2051.48
2364.5
2450.2
1695.17
1982.59
2028.27
1903.65
1681.62
2168.63
2147.65
2527.37
2227.94
2075.72
2487
2217.33
2112.4
1784.53
2068.46
1611.6
1952.7
2092.66
2170.39
2399.5
2182.43
1867.92
1923.88
2357.22
2548.12
2097.68
3098.49
2497
2341.52
2926.86
1768.19
2304.45
2192.69
2149.64
2205.02
1759.8
1987.85
2079.69
2296.84
1956.31
2209.59
2343.85
2229.46
2428.09
2683.71
2104.94
1948.84
2030.34
1688.04
2035.55
2057.83
2036.42
1974.52
2091.99
2170.44
2057
1974.28
1821.91
1880.97
2107.36
2446.23
1988.92
1948.14
2256.9
2213.2
2007.62
2155.63
2153.61
2139.95
2429.71
2507.3
2169.51
2089.95
2248.38
1803.18
1758.43
2144.9
2398.26
1956.7
2436.28
2426.54
2025.11
1979.6
2250.41
2708.11
2373.23
1818.25
2706.79
2284.88
2126.17
2293
2484.99
2174.56
2126.77
1899.55
2199.6
2067.6
2093.11
1985.92
1828.59
1843.91
2083.27
2043.93
2103.09
2333.54
2085.96
2037.11
1820.82
1908
2345.74
2309.15
1800.33
2169.64
2410.92
1924.04
2390.53
2243.33
1858.34
2013.6
2074.06
1791.65
2088.86
2417.37
2315.72
1806.23
2055.34
2204.6
2210.34
1845.51
2160.33
1887.78
2593.33
1721.05
2246.71
2125.49
2109.19
1906.23
1928.27
2545.22
2440.72
1784.47
1821.67
2227.83
1626.28
2227.71
2054.53
2921.47
1915.96
2774.55
2117.32
2305.94
1965.37
2029.73
2330.62
2241.8
1935.87
1925.64
1820.1
2355.08
1790.94
2095.27
1922.95
2537.31
1785.76
1965.03
2351.07
2313.14
1651.37
2180.82
1915.14
1991.23
1799.48
2723.71
2443.91
1910.01
2547.25
1662.2
2152.51
2324.05
2298.28
2064.13
2336.85
2065.83
2174.24
2479.33
1969.76
2157.23
2055.77
1695.18
1692.07
1987.49
2110.83
1683.36
1575.95
2064.91
2077.3
2741.65
1666.36
2050.92
1833.25
1945.86
2299.83
1620.9
1764.78
2076.56
2667.18
2295.79
2384.05
2192.74
1933.53
2592.45
2104.26
1719.33
1974.48
1893.8
2112.93
2166.69
1991.08
2078.64
1700.58
2388.07
2037.92
2229.77
2183.39
2075.75
1764.44
2240.18
1622.93
1925.41
1969.99
2136.6
2319.54
1980.63
1768.8
2245
2349.85
2002.86
1819.58
2645.98
1979.73
2461.77
1839.32
2186.43
2452.24
2815.33
2279.27
2198.19
2057.37
2551.48
1887.2
2409.19
2125.96
2084.48
2341.82
2032.09
2148.86
2028.92
1977.69
1940.48
2238.49
1755.85
2167.34
2146.15
1999.53
1770.47
1654.57
1911.57
2313.33
2155.12
1898.3
2563.89
2848.64
2065.36
1929.69
2022.31
1687.15
1938.99
1920.83
2366.59
2363.96
2106.14
1872.55
1839.89
2112.01
2226.42
2164.67
1993.97
1905.38
2015.31
2831.59
2410.92
1930.77
2042.68
2103.29
1994.79
1877.9
1876.08
1944.96
1868.74
2170.35
2161.02
2189.84
1981.92
2222.73
2113.09
1769.78
1889.65
1874.57
2178.5
2079.27
2517.58
1805.91
1966.93
1952.98
1684.45
2137.86
1920.43
2040.68
1961.38
2575.25
2908.12
2149.25
2197.55
1783.12
1861.34
1852.85
2169.35
2312.87
1893.9
2522
1770.08
1942.64
1784.57
2306.6
2207.19
1788.16
2171.04
1952.06
2107.7
1874.36
1740.37
2045.36
1792.98
2222.91
1909.05
2442.81
2656.51
2277.05
1988.52
2528.41
2573.06
1998.48
1785.16
2112.83
1767.35
2324
2367.93
2412.44
1718.13
1807.03
1909.46
2319.53
1675.72
2134.12
2002.73
2087.24
2109.73
2319.31
2718.32
1913.92
1990.3
2454.94
1928.28
1961.29
2337.08
2016.02
2373.06
2241.88
2025.31
1815.68
2069.85
2179.39
2161.82
1836.48
1509.11
1802.25
1743.12
2331.35
2596.03
2425.64
1885.16
1981.78
2806.45
1756.67
2109.36
1930.88
2085.96
1806.82
2121.98
1940.69
1951.09
1784.63
1969.39
1640.99
2510.6
2045.89
2115.56
2022.32
2487.59
1808.44
1828.76
2542.89
1909.42
1674.27
1963.34
2178.69
1869.24
2193.53
1926.17
2293.31
2115.47
2329.44
2111.31
2056.38
1925.25
2201.04
2430.31
2143.72
2398.34
1877.14
1962.25
1955.06
1994.2
2845.26
2231.6
2988.74
2378.97
1906.94
2197.79
1975.54
1761.95
2124.06
2314.36
1998.12
1949.47
2071.53
2273.21
2638.4
2120.42
1931.37
2053.5
2377.94
1915.26
1930.24
2189.75
2248.15
1746.23
2351.41
1651.37
2125.24
2165.08
1862.96
2012.72
2086.12
2214.29
2241.51
1960.43
1794.92
2424.27
1848.74
2042.51
2551.2
2285.12
2034.1
1999.39
2827.38
1618.19
1813.24
1600.36
2024.26
2030.29
1901.93
1672.04
1946.92
2040.84
2360.31
2273.14
2167.73
2183.03
2044.89
1707.11
1695.63
2155.98
2251.89
1943.99
2144.35
2126.18
1801.64
2401.08
2196.11
2159.95
1602.99
2228.67
2234.6
2087.49
1808.54
2036.3
1891.74
2177.29
1858.92
2362.81
2256.16
1919.4
2287.22
2245.18
2146.15
1852.06
1826.16
2620.65
2236.27
1839.93
2656.07
2666.89
1627.34
1989.2
2012.56
1956.7
2905.47
1600.64
2507.51
2203.84
1692.75
1863.97
1755.41
1794.29
1986.64
1925.32
2248.75
1930.6
2370.76
1718.4
2046.01
1968
2124.9
2535.16
1830.08
2255.71
2070.11
1966.69
2096.18
1906.57
3475.06
1846.76
1719.91
2143.71
2320.26
2396.2
2054.69
1914.82
1900.42
1991.76
1990.13
2965.55
2258.89
1941.45
2360.8
1929.81
2168.36
2199.35
2129.76
2329.29
2053.02
2491.94
2246.73
2107.03
2567.17
2175.94
2796.41
2218.65
1934.82
2291.44
1964.27
2200.59
2029.26
2218.67
2097.07
2102.77
1723.17
2637.32
2239.08
1959.25
2064.95
2007.84
1981.62
2542.18
2273.56
1844.32
2224.54
2105.56
2184.96
2248.19
2433.35
2547.69
1790.78
1821.97
1962.96
2278.23
1916.33
2085.61
2165.52
1756.22
2117.2
1862.83
2124.03
2049.37
2681.81
1990.99
1952
2263.87
1974.25
2410.73
2238.19
1787.97
2056.1
2254.31
2200.6
1793.13
2051.64
2148.82
2098.86
2131.53
1909.19
2045.9
1725.23
1556.86
1853.09
1928.46
1956.9
2326.08
2294.02
1902.28
2489.06
2337.96
2036.33
2274.13
2668.77
1934.4
2910.74
1634.73
3723.85
2229.25
2367.71
2703.75
1832.94
2037.19
1685.09
2180.32
2304.28
2208.06
2274.38
2190.85
1712.71
2667.07
1836.55
2156.92
1911.5
2018.82
1971.77
2106.38
1760.13
2255.96
2344.07
1798.37
1795.3
1642.38
1831.85
2318.09
2417.18
1965.49
1773.94
1837.85
2013.25
2012.32
2113.32
2186.71
2193.99
2321.81
1937.58
2182.12
2085.76
2724.9
2072.7
1974.98
2148.03
1752.05
2284.43
2132.08
2018
2424.1
2848.57
1977.09
1986.94
2115.85
2328.4
2128.74
1981.8
2595.49
2510.27
1741
2226.62
2117.66
2048.28
2166.21
1879.53
2411.85
2002.64
2003.92
1920.47
1940.81
1846.41
2607.13
2350.97
2307.43
1989.07
2484.06
1900.06
1606.91
2124.49
1996.28
2129.46
2490.57
2105.55
1948.73
2329.49
2137.29
2336.54
2153.62
2307.42
1735.73
2432.55
2128.38
2282.41
2521.2
2131.85
1856.65
1780.05
1920.2
2181.38
2150.84
1819.33
1960.96
1884.52
2538.94
2370.11
2193.29
1928.31
1875.43
1621.22
2086.33
1523.53
2187.66
2018.32
2154.51
2679.83
1938.26
2172.52
2337.36
2201.9
2408.56
2333.76
1717.44
2085.84
1939.19
1973.6
2655.13
2186.3
2214.01
1558.7
1883.26
2481.01
2501.9
2459.56
1591.2
1999.24
2054.98
2120.81
1984.1
1891.92
2015.54
1846.35
2019.53
1734.95
2286.48
2444.34
2223.81
2056.58
2357.04
1941.38
1746.14
1972.32
2055.04
2123.43
1924.07
1943.98
2313
2242.65
2683.5
1902.34
2107.76
1766.22
2068.46
2229.09
2153.52
2260.44
1881.46
1898.5
2120.09
2190.92
2495.92
2279.1
2193.34
1861.64
2082.74
1960.12
2034.72
2203.69
1941.58
2049.56
1730.38
1929
2649.63
1921.79
1943.69
2103.18
1904.75
1992.05
1796.77
2072.31
2081.85
1727.81
1460.61
1895.78
1728.46
1843.99
2300.34
2081.24
2119.46
2300.55
2134.54
2053.67
1984.45
2138.59
2000.34
1714.73
1739.8
2545.44
2279.68
2107.82
2174.43
2584.83
1719.16
1862.22
2120.1
2312.87
2275.04
2020.99
1839.26
2053.48
2581.48
2506.94
2170.84
1812.84
2015.34
2371.92
1834.13
2167.42
2381.86
2323.45
1677.04
1899.52
1945.22
1840.75
1938.92
1767.87
2791.13
2433.26
1661.35
1742.54
2040.32
2053.02
2881.03
1871.2
2381.87
2207.41
2095.52
2227.04
1997.32
2452.34
2113.8
1808.1
2351.58
2532.95
2496.3
1984.85
1801.04
1782.24
1714.8
2181.88
2101.86
2356.92
2159.48
2341.88
1968.48
2025.46
2067.2
2048.39
1983.32
2083.57
2200.38
2101.83
1837.94
1539.27
2345.9
2025.84
1951.4
1884.33
1610.23
2687.2
2215.56
1670.94
1943.51
1974.92
1873.22
1555.94
2085.35
2019.03
1862.46
2198.2
1796.78
1727.94
1537.88
2787.83
1901.17
2340.54
1582.55
1675.59
2180.75
2011.53
1887.75
2155.86
2093.25
1953.72
2133.43
2266
2119.84
2565.62
1855.26
1640.81
2344.65
1832.4
2235.4
2049.28
1842.11
2045.89
1772.01
1934.9
1844.14
2860.86
2135.39
2184.16
2464.59
2108.1
1777.41
2278.68
1997.22
2078.08
1727.5
2254.57
2149.19
2719.82
2020.3
1924.61
1775.71
2382.83
2648.63
2353.33
2278.64
2545.58
2259.51
2101.01
2065.39
2254.35
2060.82
2487.19
1987.67
1921.33
2252.63
2214.41
1942.23
1861.61
1688.34
2004.84
2099.74
2251.8
2741.41
2171.73
2378.05
1766.87
1921.92
1856.09
1622.2
1963.89
1645.35
2124.9
2311.61
1895.69
2471.82
2212.28
1920.88
1873
2140.69
1946.36
1718.79
2134.56
2215.18
2016
1478.23
3043.2
1918.58
2027.3
2050.09
2020.24
2404.11
2026.22
2251.66
1974.26
2255.87
2070.77
2313.47
2069.76
1924.06
2427.84
2255.13
2270.68
2112.79
2189.98
2132.61
1826.21
2156.5
1899.68
2121
2773.63
1961.16
1941.12
2301.37
1941.4
2134.8
2529.84
1920.71
3024.08
2234.83
2233.47
2024.6
2120.02
1835.81
2368.16
1956.67
2262.88
2367.11
1959.07
1900.27
2126.19
2023.27
2093.11
2433.7
1910.53
2292.5
2293.8
2024.3
2017.22
2015.35
1871.38
2723.79
2007.07
1952.98
2098.81
2026.19
2268.41
3027.2
2581.24
2281.42
2145.65
1790.62
2402.65
2335.17
2538.68
2209.33
2009.88
1648.77
2185.44
2503.64
1845.69
1826.06
1973.67
2424.27
1882.07
1895.35
1832.14
2260.26
2141.3
2034.99
2007.03
2134.74
2015.3
2332.7
2349.2
1941.44
2009.79
2236.07
1736.92
2249.44
2198.73
2436.03
2490.44
2028.82
2055.52
2124.6
2047.86
2139.09
2095.38
1908.7
2018.58
2335.54
2169.94
1916.27
2233.38
2556.05
1979.66
1951.19
2138.32
2050.69
1967.7
1667.53
1725.25
1902.47
1819.25
2314.24
1572.51
1868.36
2278.96
2022.62
2238.14
2303.95
1852.69
2205.5
1587.14
1857.57
2622.38
2363.95
2183.22
2854.63
1829.54
2280.85
2374.98
2071.31
2100.8
1796.68
2215.27
1797.24
2127.98
1710.31
2588.47
2986.72
2019.41
2328.45
2341.46
2697.87
2026.32
2188.04
2281.81
2564.13
2396.92
2028.01
1828.85
2089.95
2025.83
2047.22
2400.83
1797.07
2594.08
2354.94
2731.67
1929.98
2224.08
2314.11
2361.09
2056.16
2029.28
1681.28
2285.02
1794.92
2446.39
1853.07
2071.73
2071.55
1825.07
2442.24
2157.23
1904.35
1966.18
2537.88
2818.03
1987.25
2048.54
2413.93
2310.37
2436.94
1906.2
1935.24
2744.65
1889.06
2305.16
2195.14
1810.37
2614.2
2642.2
2298.96
2012.3
1782.74
1980.3
1530.74
2163.33
1917.42
1741.51
2101.67
2112.67
2031.07
2365.42
1706.73
2258.35
1925.57
2181.91
2523.95
1905.57
1808.34
2055.1
2546.72
2295.67
1779.04
2143.4
2020.36
1914.63
2823.81
2262.57
2164.1
2606.39
2089.49
2202.34
2423.04
2194.89
1953.93
1618.61
2202.26
2160.94
2095.37
1874.3
2669.75
2051.8
1844.95
2264.44
1773.94
2291.75
2211.79
2595.64
1806.2
1818.02
2118.53
1654.46
1951.68
1884.73
1938.8
2053.08
1612.51
2031.4
2111.87
2110.19
2236.43
1989.32
2025.18
2264.73
1821.61
1828.65
2101.4
1899.29
1876.56
1947.32
1861.03
2242.39
1928.94
1940.59
2373.34
2711.79
1810.33
2311.76
2283.08
2127.57
1841.67
1825.35
1837
1948.69
1639.51
2625.54
1923.69
1949.99
1649.93
1913.65
1889.55
2454.23
2529.18
2030.21
1942.76
2714.9
2520.76
2235.83
2152.35
2453.69
2340.05
2085.49
1821.71
2353.04
2247.45
1830.62
2042.05
2193.75
1856.67
2529.57
1851.7
2697.77
2390.8
2156.73
2023.24
1950.14
2578.85
2037.7
2136.75
2063.36
2313.17
2158.57
2145.63
2058.84
2082.01
1966.47
1918.62
2170.61
2660.79
2427.36
2434.41
2260.49
1839.92
2940.94
2308.15
1767.64
2206.03
2075.55
2891.6
1858.11
2204.34
1961.97
2034.45
1845.24
1850.06
2121.98
2448.96
1990.32
2294.97
2492.47
2081.21
2468.77
1877.49
2062.25
2461.21
2080.99
1932.09
1896.25
1770.89
1949.85
2177.02
2388.75
1857.35
1580.9
2670.75
1647.23
2012.93
2383.4
2379.58
2305.38
2023.23
2277.23
1930.88
2280.4
1800.65
2715.15
1881.15
2050.39
2188.34
1529.31
2227.41
1923.68
1772.82
1727.3
1672.16
2364.12
1631.71
1902.4
2095.89
2588.18
1922.31
1978.31
2227.32
2067.22
1968.04
2039.86
2052.46
1992.96
2305.94
2416.23
2152.3
2436.42
1978.09
2338.04
2207.93
2184.01
2059.94
2827.2
2072.63
1549.87
2016.54
1938.51
2201.24
1684.89
1819.74
1719.33
2960
1946.09
2014.38
2371.32
2012.64
2170.13
2438.6
1791.74
1619.93
2244.07
2351.2
2678.9
2161.52
2053.89
2163.94
2395.02
2101.31
2091.3
1871.88
2544.79
1742.72
2074.02
2123.11
1969.9
1836.71
1799.03
2201.02
1962.51
1995.51
2063.38
2146.49
2058.11
2081.48
1868.38
1811.06
2349.88
2134
2154.59
2035.39
2163.76
2217.43
2225.05
1725.14
2161.54
1945.67
2233.37
2406.47
1937.52
1966.68
1974.35
2094.81
2366.39
1946.1
1901.02
1876.52
2023.08
2389.11
2016.52
2184.43
1636.22
2174.09
1918.55
1804.09
1710.47
1730.56
2466.72
2369.9
2075.94
1775.46
1964.47
2254.56
2504.71
1825.18
2248.31
1924.95
1702.77
2096.99
1673.87
1722.92
1914.44
1796.27
2001.52
2149.89
2157.68
1978.5
1794.24
2154.46
1787.22
1777.81
1990.2
2055.99
1878.52
2070.37
1990.33
2172.06
1966.93
2554.38
2575.02
2087.91
2080.59
1799.38
2225.19
2190.13
2098.3
1763.24
2020.11
2209.8
2048.79
2022.92
2049.14
2062.08
2129.66
1900.31
2222.64
1873.97
2108.66
2514.84
2290.92
3145.73
2002.54
2431.25
2844.1
1885.87
2445.25
2024.28
2119.22
2004.2
1829.38
1960.78
1936.11
1759.53
2023.18
2264.33
2097.64
2264.79
1596.71
1864.66
2394.7
2159.59
1960.03
2139.16
2197
1961.5
2284.44
1799.44
1962.34
1822.71
1919.25
2526.92
2072.99
2028.75
1758.77
1885.43
2033.03
2061.47
2044.66
2124.52
2471.79
2086.87
2047.07
2338.46
1881.39
1982.07
1982.18
1657.07
1782.2
2459.91
1875.42
2611.71
1917.07
1992.24
2279.52
2456.39
1957.62
1996
2056.1
1762.52
1731.52
2261.97
2112.97
2739.8
2305.61
1918.36
2280.07
1977.36
2724.61
1803.12
1785.2
2310.64
1966.02
2500.51
2131.98
2115.58
1907.16
1950.38
2111.45
2185.53
1805.98
1823.31
2036.38
1957.35
1929.25
2334.19
1888.59
2064.12
2086.65
1713.01
2476.79
1994.87
2040.32
1991.45
1862.8
2224.35
2193.46
2712.05
1956.95
2564.25
2394.65
2384.54
2050.99
1938.49
2133.68
1744
1974.15
1751.44
2100.15
1906.99
2038.18
2213.41
2142.77
1521.62
2285.03
2482.1
2702.2
2500.82
1790.85
2044.35
1577.36
2089.89
2387.15
1726.17
1967.54
2370.73
2382.13
2029.58
1977.31
1949.57
2155.06
2396
1824.18
1925.04
2480.03
1973.1
2108.85
2551.55
1738.27
1998.37
2489.5
1689.45
2303.92
2098.74
2247.63
2552.29
2460.93
1784.54
2234.39
2481.85
1738.08
2214.62
2265.32
2003.24
2305.24
2065.64
1791.55
1958.71
2115.62
1826.09
2287.18
2384.12
2156.64
2261.11
2175.59
2445.02
1712.85
2154.01
2094.23
2165.2
2215.95
2154.68
2256.17
2403.77
2004.62
2173.7
1941.57
2193.57
1854.94
2006.43
1978.84
1978.01
1668.37
2406.66
1687.22
2336.72
1780.2
1732.18
2285.7
1915.05
1959.7
2102.19
2362.94
1892.45
2128.99
1745.13
1959.63
1765.29
2465.94
2738.1
1757.14
2275.49
2709.38
2317.61
2302.29
1834.96
1882.25
2448.64
1799.85
2014.92
2146.57
2296.19
1997
2524.29
2009.8
2231.54
2107.23
2239
2152.21
1866.67
1847.47
1709.43
2218.4
1510.84
2365.22
2045.06
1913.94
2605.34
3008.61
1854.01
2651.66
2032.94
2174.41
2063.51
2622.53
1873.65
1897.94
2158.51
2111.6
1515.46
2283.14
1853.7
2702.25
1919.91
2127.88
1818.04
1814.06
2052.09
1897.13
1846.06
2136.9
2083.55
1811.08
1706.68
2505.06
2182.77
1733.22
1959.07
1820.35
1894.62
2083.96
2154.5
1773.77
2490.28
2583.38
2157.8
2181.45
2202.1
2466.28
1938.1
1917.27
2145.62
1771.07
2479.39
2551.61
1991.74
2532.35
1957.83
2231.84
3173.8
2029.75
2050.47
1898.64
2086.24
2534.87
2538.44
1780.25
2475.87
2106.7
2274.52
2694.19
2282.74
2619.93
1928.29
1733.58
2770.56
1775.4
1798.86
1979.51
1898.26
1814.23
1860.44
1980.1
2094.49
2192.8
1676.27
2433.26
2322.96
1944.04
2808.66
2069.76
2432.65
1599.23
2028.13
1875.72
2272.18
1788.98
2376.46
1869.85
2335.62
2836.07
2442.95
2449.84
2224.17
2110.04
1943.16
2736.76
1979.65
2186.87
2296.03
2026.6
2911.78
2251.65
1667.15
1961.91
1834.35
2223.29
1967.48
1947.92
1834.67
2303.09
2783.37
2327.94
2483.4
2156.99
2856.09
2112.87
1973.99
1982.49
1968.45
1928.45
1728.27
2036.95
1848.1
1838.55
2229.02
2608.19
2028.2
2375.59
1879.16
2119.56
2307.61
1958.07
2798.48
2427.47
1713.28
2184.38
2156.28
2344.02
2135.54
3014.62
2197.43
1962.59
2329.22
1873.09
2106.6
2201.15
2492.82
1806.16
2148.92
1923.2
2592.73
1820.92
2079.92
2159.09
2172.91
2095.75
1831
2060.64
2391.33
2374.79
2062.84
1786.3
2389.16
1915.12
2204.93
1639.55
2280.86
2107.91
2007.7
1923.99
2992.97
2398.04
2035.1
1907.58
2078.93
2404.59
2309.05
2153.63
2842.39
1794.71
2182.69
1891.11
1750.63
2933.69
2481.13
2364.73
1831.52
2444.24
1894.83
1895.01
1813.21
1868.43
1907.87
2407.86
2204.95
1985.19
1948.09
1765.92
1737.81
2048.91
2097.13
2109.1
2290.47
1884.65
1955.09
1873.24
2077.72
2211.07
1969.46
2329.04
2612.06
2090.71
1672.16
1990.64
2069.42
1772.02
1853.92
1914.23
2388.8
2133.27
2303.67
2426.88
1757.53
2307.43
2425.92
1826.95
1985.11
2161.59
2190
2026.91
1819.36
2545.75
1851.12
2461.38
1976.76
2206.98
2231.56
2043.15
1509.1
1744.84
3127.6
2107.64
1926.22
2045.04
1965.47
1958.03
2312.54
1846.55
1908.56
2047.99
1930.55
1930.53
1986.39
2047.38
2585.77
2333.84
1961.68
2230.88
2051.08
2259.38
1851.02
1808.07
2218.9
2237.3
1680.6
2040.12
2572.43
2771.18
2308.88
2142.84
1726.37
1724.98
1754.08
1806.7
1928.65
1535.98
2281.1
2512.11
1912.33
1917.89
1881.92
1967.2
1904.88
2240.17
2278.62
1960.09
2289.45
2141.32
2346.32
2188.26
1876.81
2198.88
2443.5
2256.46
1996.18
2012.65
3036.76
1980.06
2267.75
2230.29
3062.61
2033.73
2043.01
2049.91
1912.96
2111.87
2371.34
1697.7
2066.47
2067.91
1791.34
2094.23
2034.2
2742.17
1811.68
1651.35
2192.71
1736.28
2079.29
1683.04
2755.84
2075.25
2303.99
1775.82
2817.64
2179.75
1986.84
1881.07
1989.74
2238.5
2322.79
1676.64
2146.22
2112.88
1960.07
1894.66
2249.75
1823.29
1868.54
2512.48
2105.98
2510.08
3227.21
2288.23
2018.88
1711.4
1909.08
2245.63
2018.8
2156.28
2070.23
1938.8
1957.8
2366.48
2207.13
2195.66
2163.52
1881.84
2258.93
1973.29
2035.99
2059.81
2047.71
1932.18
2104.87
2168.73
2030.17
1862.17
1835.74
2044.24
2094.23
2330.87
1829.27
2189.22
1580.93
1913.24
1821
2258.98
1854.27
1883.84
2236.55
1995.4
2265.98
2101.48
2078.21
1882.77
2327.26
2300.46
1987.06
1672.2
1688.97
2425.35
1933.95
1975.91
2123.37
1661.91
1559.31
2426.28
2161.78
2041.88
2079.9
1689.61
2176.64
2000.3
2043.26
2284.27
1990.14
2148.73
1968.86
2151.68
2220.58
2020.04
1929.23
2278
1986.71
1899.54
2035.59
1857.85
2112.6
2242.65
2080.97
1704.62
2215.96
1996.75
2169.96
1830.09
1757.61
1888.1
2326.37
2248.83
2244.14
1761.69
2213.03
2246.88
2107.22
2263.36
1873.81
1874.65
2062.88
2067.75
2052.28
2384.65
2159.1
2365.07
2188.71
2596.45
2059.82
1843.87
2198.38
2150.91
1755.59
1938.16
2022.87
1924.05
1420.02
1840.02
1625.53
2569.27
1906.74
2553.18
1738.09
3049.87
2130.59
1991.65
2239.66
2246.07
2099.39
1960.69
1828.61
1819.67
2220.22
1937.82
1949
1532.52
2136.83
2246.04
2014.99
2255.85
2137.06
2192.28
1563.66
1762.3
1953.57
2164.3
2270.89
1854.16
2090.23
2753.74
2069.53
1689.73
2163.66
2418.15
2416.41
1895.09
2335.2
1924.33
1969.5
2348.48
2066.8
2490.62
1799.55
1875.41
2552.69
2458.52
2178.55
2599.43
2070.86
2311.39
2234.08
2542.72
2026.55
2123.63
2338.78
2075.57
2586.06
2313.67
1946.02
1901.39
2158.55
1875.76
2046.83
2195.01
2799.31
1604.41
1911.97
2377.83
2088.46
1885.86
2372.62
2061.17
2494.58
1796.56
2127.32
1905.48
1963.54
1667.05
1736.22
2320.54
1808.23
1762.82
2159.06
1969.42
1666.75
2330.84
1740.76
2001.76
1892.67
2228.64
2088.03
2263.72
3111.04
1870.95
1902.07
1924.91
1675.87
2005.01
1949.54
2905.97
2223.34
2305.7
1996.06
2078.26
2289.53
2438.22
1994.77
2250.37
2144.91
1836.46
1859.52
1617.31
1976.36
1901.99
2788.12
2002.14
2295.93
2196.79
2077.28
1816.1
2186.52
1849.49
1735.18
1939.44
2186.07
2216.05
1824.73
2308.13
2316.3
2054.62
1878.95
2789.03
2068.95
2239.15
2382.77
2109.76
1860.02
2242.53
1793.61
2884.73
2025.87
1795.56
1955.87
2237.62
2055.54
1725
2103.43
2029.35
2149.15
2043.58
1740.62
2176.91
1961.4
2443.76
2193.82
1976.34
2495.46
1585.52
2110.9
2220.88
2175.93
1661.4
2274.57
1976.29
2252.64
2059.78
2028.63
1826.14
2092.88
1959.7
1966.08
2134.26
1642.48
1798.17
2126.66
2179.09
1874.2
1970.94
2132.7
2091.74
1800.43
2114.76
1991.95
2216.31
2242.97
2543.32
2061.72
1959.85
1756.29
2170.36
2115.98
1572.05
1762.85
1927.41
2563.71
2147.84
2790.16
2591.55
2342.95
1849.26
2025.28
2540.26
2296.74
2388.51
3249.54
1653.51
2077.92
2492.19
1818.75
2452.49
1833.33
1914.2
2087.1
1878.12
1904.98
1808.87
2149.97
2246.2
1835.92
1629.97
2408.4
1850.8
2012.03
2299.43
1714.82
2244.28
1952.99
1909.96
1810.98
1694.81
2301.71
2362.01
1805.52
1913.85
2030.32
1785.62
1977.7
2037.05
2596.07
2410.07
2337.02
1891.14
2053.67
2656.34
1758.27
2451.53
1807.4
1889.05
2125.94
2512.55
2312.38
2161.06
2379.98
2254.09
1984.06
1944.5
1901.56
1850.01
1890.24
1797.66
1977.7
2251.77
2053.61
2579.11
1825.46
2578.53
1896.29
1705.81
2246.67
1763.8
2006.19
2170.4
2289.8
2593.72
2104.04
1842.61
2303.11
2042.32
2596.93
1878.37
2170.06
1833.5
2011.16
1610.45
2070.56
2038.42
2179.71
2393.23
2060.49
2293.93
1828.22
2525.68
1877.74
1851.02
2083.27
2198.13
1707.17
1762.5
1886.54
2224.1
1989.4
2651.25
1993.15
2777.1
2600.11
2236.2
2595.81
2302.49
1892.3
1570.21
2151.71
2276.02
2338.31
1974.78
1975.4
2026.37
1775.57
1961
2106.34
2548.46
1833.84
2099.2
1860.72
2144.47
2020.32
1740.81
2292.49
1513.49
1858.29
1977.45
2366.27
2550.69
2012.15
2229.05
1891.31
2263.16
1796.65
1924.06
2052.17
1804.49
2678.69
2259.12
2146.34
1767.3
2204.19
1890.74
2047.12
1942.94
1822.89
1945.9
2271.52
2353.05
1886.07
2239.28
1944.8
2027.06
2560.04
2600.74
2082.7
3112.01
2173.64
3150.55
1707.72
1725.79
2062.97
1775.08
1650.78
1752.33
2091.7
2191.4
2049.7
1935.93
2312.04
1788.76
1806.11
1724.21
2490.35
1886.38
2290.31
2265.46
2375.04
1772.65
2375.23
1852.52
2041.78
2328.13
2073.09
2468.74
1965.9
2485.5
2188.92
2171.41
1663.71
2151.81
1982.89
2638.06
1905.72
2108.45
1608.84
2396.98
2129.13
2115.45
2199.45
1785
1998.01
1886.02
2148.62
1959.84
2384.95
1779.35
2000.94
2021.02
1803.63
2033.72
1663.61
2014.6
2226.52
2612.21
2194.98
1762.93
2495.54
2672.61
3006.7
2706.89
2233.33
2488.94
2026.64
2711.59
2460.87
2093.44
2313.68
2006.56
2209.03
1931.47
1826.7
1878.71
1662.74
1847.95
1998.22
2306.05
1670.63
2309.69
2261.09
1973.91
1681.61
1759.85
2772.76
1744.68
2057.84
1819.12
3127.03
2887.87
1925.83
1973.63
2472.48
1891.76
2182.14
1861.08
2237.21
2211.97
1967.55
1961.49
1760.2
2103
1723.76
2100.01
1881.83
2098.08
2291.69
2151.76
2244.44
1869.04
2256.51
1896.66
2284.75
2130.37
2201
2470.66
1993.78
1932.94
2154.96
1638.07
2070.8
1913.75
2103.34
2026.56
2273.42
2147.3
2065.31
1868.46
1870.05
2204.39
1912.33
2099.78
2449.97
2293.57
1842.56
1791.27
2022.56
2030.74
2111.74
2077.01
2019.91
2555.83
2131.12
2362.66
2423.38
2010.47
2162.79
1858.92
1921.56
2002.68
1744.86
2752.9
1933.74
2148.23
2374.21
2264.04
2075.77
2341.99
2022.45
2529.37
2016.66
1940.5
2399.17
2406.49
1892.45
2089.87
1889.48
2029.25
2364.57
2183.77
1858.57
1818.97
1947.7
1834.58
2071.48
2221.88
2016.84
2394.54
2240.41
1978.41
1930.08
1721.61
2419.84
1975.66
1820.43
2393.57
1915.69
2641.29
1797.88
2126.24
1950.07
2119.51
1993.75
2140.1
2109.88
2624.34
2406.83
1983.25
2019.02
1759.89
2739.82
2200.96
2992.28
1743.46
1903.78
1827.76
1948.07
2184.86
2260.45
2423.5
2323.15
2078.4
2036.59
1593.56
2364.01
2042.36
2194.99
2043.63
1784.88
1810.32
2221.29
1935.64
2328.66
2087.93
1923.89
1932.62
1751.91
1815.47
1785.13
1968.37
2101.58
2073.85
2133
1872.46
1930.89
2110.03
2217.37
1555.71
1734.17
2161.44
2094.3
1892.05
1667.36
2163.08
2026.17
1773.8
2756.73
1960.56
2063.32
2311.39
1573.95
2328.1
1631.73
2029.71
2071
2075.61
1896.15
1855.28
2029.59
2093.11
2588.25
2197.07
2197.66
1887.94
2065.48
1920.29
2097.97
1916.83
2085.77
1690.48
2526.83
2818.07
1886.62
2235.23
1861.05
2163
2207.25
1662.85
2122.1
1978.65
2411.17
2037.77
2008.67
1972.61
1997.89
2110.44
2405.8
2460.35
2156.94
2623.22
2013.16
2330.26
2007.15
2081.47
2113.8
1755.4
1944.61
2271.23
2286.06
2295.57
2109.4
2395.4
2192.41
2073.23
1877.12
2133.61
1700.64
2000.84
2138.34
1867.89
2282.68
2095.27
1864.49
2822.59
2217.13
2031.12
1779.83
1896.71
2436.57
2461.99
1987.41
2145.02
1667.35
1756.42
2157.43
2037.87
2018.26
2270.56
1917.92
2149.96
2100.07
1934.29
1971.75
2030.01
2468.51
2333.06
1944.59
1852.38
1939.56
2195.56
2092.77
2431.03
2174.23
1935.29
2170.75
1435.19
2180.36
2198.67
1587.41
2437.4
2167.52
1714.38
2097.55
1840.95
2194.19
1649.94
1945.08
2155.11
1926.34
2034.48
1833.05
2133.23
1868.52
2106.31
1746.92
1916.02
1605.32
2108.56
1921.56
1933.25
2365.52
1808.98
2013.78
2260.77
1873.25
1978.74
2386.5
2297.92
2208.36
2062.18
1936.68
1863.67
2046.58
2151.03
1911.47
2339.93
2213.54
1933.29
1847.89
2124.33
2355.09
2265.11
2294.66
2585.26
2094.11
2474.82
2240.61
1606.15
2510.47
2272.31
2133.74
2183.68
1823.85
2200.27
2189.6
1843.66
2316.18
2020.76
2097.28
2296.02
2186.99
2232.04
2320
2226.11
2192.98
1684.82
1971.78
1915.45
2261.5
2256.97
2009.72
2267.63
1883.21
1855.76
2296.11
1802.75
2005.2
1729.63
2019.83
2213.28
2186.28
2122.21
1932.99
2025.96
2029.45
2219.63
2240.38
2317.73
2540.71
1630.5
2417.59
1838.04
2408.66
2484.35
1838.83
1984.97
2239.57
1933.38
1848.49
2133.03
2044.08
1960.58
2309.22
2476.35
2207.65
2564.06
2012.04
2561.44
2381.02
2096.38
2127.64
2244.83
1840.27
1833.87
1922.49
1936.98
1960.28
2320.83
2271.44
2170.79
2239.04
2172.08
1829.09
2596.93
2154.49
2460.43
2061.94
2244.1
2116.78
1809.23
2277.98
1794.47
2033.89
2359.26
2802.1
2635.18
2017.84
2437.1
2098.55
1740.2
2328.25
2382.4
1855.89
1957.86
1968.54
2380.38
2274
1889.43
2014.23
2143.79
3136.66
2146.46
2264.09
2232.04
1956.65
1847.14
1956.22
2258.98
1780.85
1940.19
1865.24
1924.91
3672.62
2029.56
2313
1654.28
1791.28
2119.98
1801.65
2729.34
1953.66
2317.99
2385.83
1884.94
2078.53
1676.47
2238.64
2123.04
2061.37
1649.37
1900.94
2081.74
2287.4
2092.62
2194.9
1751.11
2377.56
2019.76
2015.35
2006.84
2950.28
1974.05
2159.73
2117.04
1951.41
1930.75
2340.34
1895.57
2158.54
2653.83
2458.83
1971.78
2453.15
1931.6
2295.17
2262.05
1719.62
2575.21
2541.78
2059.11
2061.07
2772.71
1729.75
1841.2
1904.64
3157.78
1847.91
1924.59
2187.92
2174.4
1918.5
2038.77
1990.89
1934.1
1895.84
2297.16
1675.96
2306.44
1778.24
2252.53
2429.14
1896.33
1974.99
1918.05
1819.86
2065.58
2043.27
2043.82
1958.67
2172.94
1886.85
2385.48
1606.37
1961.55
1982.16
1911.49
1910.58
2603.81
2249.83
2588.07
1894.13
2129.94
1844.99
2281.5
2063.69
1546.23
2314.47
1684.74
1995.52
2093.84
1815.28
2854.71
2085.11
2318.12
2043.92
2454.13
1865
2448.46
1992.43
1770.76
2179.74
2019.35
2669.53
2269.23
2306.5
1867.61
1563.92
2041.02
1930.21
2154.68
2089.51
2177.34
1988.88
1860.21
2137.08
2656.66
1764.35
2254.46
2238.7
2162.54
2122.45
1848.41
2311.69
1817.65
2201.95
1955.62
2096.93
2467.69
2155.94
2107.65
1929.86
2090.63
2461.05
2373.52
2511.87
1747.52
1820
2239.46
1876.15
2288.29
1717.74
1953.2
2608.48
2288.1
2162.81
1915.86
2646.55
1965.74
1815.65
1850.26
2232.84
1752.03
2685.34
2223.16
2348.81
1603.49
2037.77
2172.46
2114.54
2230.97
1982.86
1842.02
1680.77
2140.9
1880.29
2387
1934.01
1927.9
1990.53
1775.19
1977.47
2256.8
2272.74
2056.98
1831.17
1889.42
2076.97
2091.97
2561.48
2503.42
1839.71
1749.65
1833.16
1975.46
2361.82
1961.35
2058.84
1765.76
1968.29
2343.49
1998.23
2243.93
1760.4
1929.97
1932.28
2177.34
1967.95
2366.56
2148.24
2033.33
1584.12
1960.82
1864.06
2072.2
2594.81
1738.42
1781.1
1852.41
1804.52
2223.56
1891.85
1709.9
2106.28
2511.39
2323.28
1740.49
1956.82
2403.84
2183.14
2356.74
2494.94
2110.48
2302.07
2233.6
1789.48
3485.19
2217.99
2018.25
2040.22
2312.64
2453.67
2283.87
2043.09
2451.75
1926.95
1909.9
1943.38
1898.99
2731.75
1970.88
2278.03
1723.08
2335.33
1654.26
2313.7
2067.03
2355.75
1955.68
2006.83
2479.9
2473.64
1607.13
1824.36
1808.53
2965.46
2096.32
2332.89
1683.15
2191.04
2012.03
2132.54
2114.94
2090.22
1858.82
2535.21
1996.25
2137.29
1828.49
2406.99
2436.57
2222.39
2131.13
2136.14
2085.84
2154.11
1875.76
1875.88
2274.63
1749.3
2212.41
2366.11
2082.38
2247.37
1830.06
2276.33
2366.6
2344.63
2224.39
2207.15
2435.48
2285.25
2416.48
1860.22
2123.35
1931.56
2088.75
2065.63
2192.36
2006.91
2041.09
1763.05
1662.8
2370.83
1754.62
1735.82
2452.91
2319.38
2105.44
1873.99
2211.91
2861.01
2132.72
2048
1813.11
2150.14
1730.18
2318.74
2087.26
1668.02
2627.46
2036.95
2026.66
1983.09
2253.16
2143.78
1838.9
2320.54
2161.1
1893.43
2722.22
1822.72
2023.95
1929.41
2518.73
2122.78
1754.48
2500.73
1926.99
2808.56
2030.88
1703.86
1885.99
1936.58
2119.89
1733.5
2133.4
1958.66
2212.4
2329.88
2242.13
1976.11
2175.99
2076.94
2377.19
1882.43
2048.07
2284.37
2154.63
2772.74
2156.11
1885.81
2454.91
2130.11
2178.37
2359.98
2033.23
2468.61
2017.15
1718.3
2176.49
2034.59
2544.31
1905.79
1786.91
1796.76
2615.82
2645.93
2132.8
2538.62
1935.45
1933.09
2511.27
2133.29
2307.83
2389.39
2214.17
1823.03
2113.2
1730.97
2042.31
1819.48
2324.03
1973.46
1935.53
2222.24
1895.67
2146.62
1977.1
1938.49
2066.34
2048.73
1742.45
2211.27
1807.41
2159.42
2404.47
2189.97
2700.14
2095.07
2338.8
1896.21
1952.14
2136.32
1880.31
2152.77
2205.74
2252.76
2139.01
2602.44
1816.23
2183.62
1736.27
2173.1
1895.8
2329.11
2074.31
2387.1
2198.69
2362.41
1910.2
2195.93
1905.89
1981.81
1778.02
2311.07
1831.19
1501.98
1672.67
2147.36
1993.82
1767.54
2217.47
1992.35
2515.28
2385.61
1558.65
2182.39
1606.35
1585.03
1938.63
2353.23
2002.84
1804.7
2198.54
2058.1
2312.04
2256.73
1773.17
1755.82
2181.71
1866.78
2461.83
2294.75
2022.6
1992.14
2279.06
2233.54
3445.63
2509.03
2703.34
1821.89
1854.59
2167.73
2228.41
2242.32
2276.24
2087.14
2527.4
2167.91
1822.61
1788.81
2161.99
2435.91
1998.7
1954.81
1729.71
1890.18
2316.7
2164.29
2439.24
1947.06
1900.89
2138.72
2769.74
2004.14
1827.17
2200.92
2533.07
1622.96
2218.55
1996.84
2375.97
2202.31
2331.54
1981.35
2356.13
1581.52
2672.84
2241.16
2168.22
2293.56
1973.76
1994.77
1992.69
2797.4
2397.2
1922.63
1940.98
2299.59
1839.91
2020.71
2052.63
1828.18
2175.64
2225.33
2070.75
2045.8
1981.85
2126.79
2065.49
2029.31
2343.77
2206.69
2386.95
2326.69
2053.73
2247.52
2331.67
1848.27
2609.97
1873.42
2087.92
2127.35
2223.24
2107.85
1840.59
2388.1
2406.34
2446.81
2220.69
2009.93
2213.92
1677.06
2057.12
2069.88
2304.01
2091.62
2118.8
3038.78
2052.16
2436.51
2301.07
2202.81
1714.45
1805.23
1568.15
2691.2
2195.4
2181.92
1810.99
2042.44
1977.05
2905.28
2336.72
2204.26
2029.89
2491.69
1918.63
2248.11
2393.45
2014.74
1622.94
2712.1
2103.62
1888.42
2125.3
2163.54
1810.89
2128.17
1686.81
2580.03
1980.2
2416.96
2345.62
2042.99
2197.05
2653.91
1757.64
2323.39
1872.27
1664.02
2012.37
2524.27
1741.63
2244.44
2159.27
2450.79
2386.93
2037.11
2252.69
1858.95
1573.01
2209.73
1761.35
2139.87
1990.61
2019.99
2441.71
1943.51
2553.21
2276.02
2008.96
2488.56
2566.54
2181.97
2245.26
2459.88
2474.16
1899.09
2684.6
2314.38
2624.27
2002.34
1967.11
2375.51
1760.06
2008.88
2536.54
2252.03
2425.86
2183.83
2331.5
1987.43
1854.33
2010.41
2142.47
2268.09
2193.6
1958.88
1725.48
1769.51
2236.22
1855.5
2444.23
2653.36
1953.02
1902.89
1769.15
1833.45
1817.92
1698.05
1845.08
2041.63
1790.86
2383.41
2052.29
1923.66
1731.65
2202.63
2101.27
2308.78
2075.44
2188.31
2309.32
2231.34
2007.76
1822.36
2080.2
2016.14
2468.5
1811.68
2187.45
1729.93
1826.16
2780.97
2384.95
1963.01
1734.42
1553.98
2088.04
2346.4
2165.57
2190.36
1869.1
1924.14
2679.32
2047.65
1987.19
2254.39
1864.42
2291.12
1927.5
2029.25
2091.67
2087.32
2114.93
2244.91
2025.76
2230.16
1962.19
1803.18
1947.6
2386.66
1677.86
2311.38
2394.79
2310.53
2017.7
2107.58
1809.99
1841.41
1982.45
1959.34
2209.61
1933.49
2084.96
2368.96
1996.21
2095.3
1907.19
2475.4
2434.39
2220.93
2301.6
1585.75
2293.49
2231.86
1922.59
1995.52
2326.73
2050.83
2229.33
1770.44
1977.27
2052.91
1880.51
2151.38
2110.78
1905.19
2268.92
1849.93
2801.24
1994.52
2069.44
2420.43
2213.97
1987.95
2283.13
2231.31
2413.03
2292.8
2211.34
1958.88
1825.04
1937.93
1837.4
2529.35
2391.31
2041.28
2102.72
2461.79
1755.37
2705.94
1932.4
2274.68
2035.63
2268.73
2212.13
2199.34
2217.61
2008.78
2303.43
2052.89
2576.37
1988.53
1868.66
2252.23
2064.55
2198.69
2193.49
2179.07
1954.15
2283.54
2018.97
2160.66
2237.8
2822.92
2523.53
1838.61
2359.85
2190.1
2055.29
2211.14
1721.44
1919.52
1875.75
1772.29
2325.72
1949.44
2502.4
2273.77
2064.75
2439.98
2041.85
2381.09
2392.51
1961.25
2120.77
2174.11
2015.04
2452.18
2329.66
2815.13
2223.52
2515.52
2549.9
1884.67
2253.15
1888.21
1914.46
2111.71
1936.41
2349.29
1652.75
2258.25
2134.48
2356.91
3085.36
2192.54
2285.2
1904.92
2214.06
2292.1
2113.56
3059.26
2077.88
1588.54
2219.21
2674.43
2140.5
1634.88
1557.77
1861.41
1929.39
1978.28
2200
2194.66
1891.12
2272.57
2308.89
2362.53
1602.99
1976.65
2476.56
2064.96
1738.21
2105.35
2222.14
2143.44
2039.47
2715.14
2102.87
2014.81
2332.57
1938.5
1885.64
2328.31
2430.78
2172.08
1893.64
2138.71
2193.34
1786.48
2170.1
2360.65
1995.97
2007.53
1884.39
1802.02
2013.02
2443.35
1922.39
2065.16
2461.62
1688.91
1916.97
1999.63
2027.07
2367.07
2544.89
2047.63
1929.04
2109.52
2011.5
2139.85
1939.59
1989.68
2206.66
2039.93
2149.58
1489.75
2020.35
1777.17
2171.05
2483.92
1969.14
2041.02
2033.14
2141.62
1864.4
2091.44
2290.63
1938.71
1528.46
2322.5
2172.96
2199.6
1827.65
1982.03
2115.94
2447.89
1859.21
1810.48
1970.19
2015.1
2372.87
2068.99
2591.3
2098.04
2277.46
2492.59
2212.59
1963.88
2339.07
2168.52
2425.56
2152.4
2339.8
1680.23
2362.88
1918.91
1995.19
2343.01
2221.5
2094.78
1883.01
2418.8
2505.09
1631.6
2075.68
2248.53
2266.09
1703.66
2099.99
1938.92
1996.53
2161.1
1743.54
1826.43
2546.79
2111.76
2409.75
2371.14
2196.54
2445.99
2344.27
1781.18
2146.08
2150.77
1879.03
1984.37
2162.64
2116.3
2150.04
2365.56
2632.46
2132.3
1813.59
2220.08
1970.25
2680.67
2067.77
2360.63
1588.4
1887.26
1822.03
1887.2
1935.07
1831.87
2706.12
1997.06
2609.27
1766.67
1783.58
2326.43
2025.21
2043.75
2427.03
2173.83
2179.89
2160.69
1882.6
2700.3
2916.33
2407.27
1890.45
1653.86
2026.1
1715.42
2486.42
1823.91
1658.02
2658.15
2176.51
1832.76
2222.86
2510.29
1873.55
2272.49
1912.2
2350.96
2721.31
1987.96
2020.7
2006.44
2539.18
1697.78
1873.69
1662.56
1776.93
2374.79
1599.04
1765.87
2124.5
2437.58
2007.92
1974.57
2575.28
1768.42
2628.05
2385.64
1800.41
2369.16
2054.25
2354.21
2919.27
2610.7
2026.96
2142.83
1753
2517.68
1722.58
2030.07
1952.53
2478.72
1745.26
1980.87
2832.66
2423.76
2414.7
2254.8
2411.16
2460.94
2309.46
1492.07
1899.51
1840.75
2580.02
1959.59
2148.95
2685.7
1788.47
2734.54
1811.75
1939.46
2132.59
2429.65
2319.06
1729.8
2139.07
1901.65
1980.23
1935.19
2028.12
1960.79
1972.66
1752.66
2008.17
2047.46
1778.92
2292.39
2225.56
2222.83
1925.57
1869.31
2079.09
2267.18
2064.92
1863.8
2423.61
2448.75
1652.06
2127.29
1956.26
2603.6
2015.07
2419.05
2334.4
2366.22
1830.36
2517.95
2429.05
2241.13
1871.94
2520.07
1691.7
2402.15
1790.85
2016.33
2642.43
1933.48
2554.02
2121.27
2144.38
1819.75
2194.89
1839.64
3041.77
2096.17
2655.97
1829.2
2116.65
2304.22
2159.18
1908.38
2101.45
1993.56
1807.71
2262.8
1878.76
1754.49
2024.44
2288.46
2352.23
2292.13
1953.19
2312.5
2344.73
2162.51
1804.26
1844.73
2049.74
1900.68
1961.92
1734.6
2023
2694.96
1861.99
1553.65
1817.28
2277.95
2322.29
2227.92
2576.3
1965.92
2307.62
1861.91
2171.48
1787.23
2741.29
2242.42
1889.34
2261.18
1852.61
2133.71
1596.61
1912.06
2207.59
2115.89
1987.7
1921.18
2196.38
2036.42
2306.76
2002.23
2072.49
2209.5
2066.99
1854.06
2372.55
2191.19
2072.34
1906.28
2385.5
1979.73
2251.84
1794.1
1956.99
1829.92
2094.97
2226.23
2029.39
2011.83
1954.85
2003.36
1884.09
2461.48
2133.8
1806.6
2022.43
1990.1
1825.56
2303.21
2093.01
1985.35
1746.53
2028.91
2362.44
2179.33
2096.62
1764.9
2127.78
2371.35
1890.25
1985.73
2583.22
2377.46
2101.36
1927.84
2058.3
2185.85
2285.63
2383.06
2488.58
2225.76
1630.23
1759.19
1916.18
2291.53
2188.17
2325.79
1798.52
2393.98
2645.3
2481.29
2264.36
2528.46
1970.75
2071.13
1898
2396.1
1907.05
2311.95
2204.17
2088.62
2325.72
2432.9
2178.37
2490.06
1802.76
2292.38
2204.43
2036.61
2445.07
1979.07
2171.72
2386.87
1913.28
2558.35
2020.76
2663.32
1809.57
2315.67
2140.45
1933.99
2088.83
2204.58
2208.36
2089.69
2517.3
2297.5
1882.54
1852.8
2125.29
2456.42
2044.27
1972.31
2113.52
2095.23
1788.53
1732.67
2666.78
2087.55
2054.08
1968.41
2145.49
2105.04
2116.17
2590.16
2187.73
2018.68
1961.41
2085.05
2148.47
1971.64
2212.87
2753.97
2352.79
1537.21
2231.09
1809.07
2153.48
2501.23
1874.3
1799.32
2496.29
1845.12
2440.33
1920.77
2235.04
1909.63
1630.89
1751.8
1922.94
1960.69
1920.72
2061.17
2126.68
2109.18
2085.04
2191.15
1724.56
2012.24
1926.03
2017.08
1873.79
2071.44
1822.63
2689.75
1902.6
1853.61
2064.79
1909.71
1764.77
1860.15
2068.98
2157.28
2006.47
2282.15
2214.65
2514.86
2212.08
2237.25
2419.15
1774.79
2740.56
2387.79
1907.97
2200.99
2622.12
1567.37
1652.34
1733.41
2422.74
1979.77
2055.28
2490.04
1930.36
2496.36
1797.16
2022.8
2237.37
2844.62
1945.01
2009.66
1754.03
1951.86
2096.43
2068.17
2392.28
2033.58
1956.44
1906.4
1993.31
2533.93
2593.85
2254.13
2313.18
2796.31
2281.87
1743.04
3037.26
1857.34
1876.78
2085.4
2155.67
1881.68
2214.92
2149.45
2005.83
2040.66
2204.33
1983.78
1898.87
1847.99
2052.27
2043.96
1859.55
2017.63
1917.7
1964.41
1840.68
1779.91
2031.33
2108.45
2419.43
1940.55
2362.76
1909.01
1789.15
1618.64
2097.77
2145.6
1849.32
2077.09
2079.21
2011.09
2280.81
2198.09
1965.01
2155.24
2480.98
2135.03
2257.29
1812.83
2501.73
2025.56
2064.75
2582.09
2311.64
1500.81
2986.22
1881.08
2533.46
2099.64
2102.48
1540.5
2395.22
1744.58
1727.73
2896.57
1945.14
2058.39
1892.99
1798.26
1951.23
1896.69
2565.87
2317.72
1932.54
2215.95
2241.31
1992.39
1810.39
1860.81
2747.44
2178.15
2350.52
2482.45
2134.48
1664.77
2250.96
2044.65
1880.2
2122.76
1939.83
2352.09
2229.96
1892.73
2027.4
1907.41
2389.01
2142.86
2058.79
1950.23
2035.09
2622.26
2096.58
1702.39
2437.11
1752.51
1755.92
2121.34
2293.52
2008.6
2084.13
2138.63
1965.98
2037.86
1899.3
1830.81
2262.44
2331.33
1884.11
1940.73
1989.33
3036.36
1765.3
2230.27
1810.13
2089.59
2200.62
2185.75
2414.09
1952.69
1842.72
1943.93
2047.29
1653.84
1996.11
2037.05
2007.63
2050.48
2502.26
2269.87
2122.9
2114.87
2255.69
2100.44
1811.53
2446.05
1768.85
1858.2
2190.96
2161.92
2820.54
2023.44
1991.76
2029.59
2073.12
2150.66
1976.91
1825.42
2250.39
2187.28
1587.46
2552.65
2263.31
1759.37
2102.51
2002.49
2014.27
2386.49
1827.91
2390.09
2422.75
2233.68
2203.98
2235.41
2125.2
2122.99
2107.73
2070.06
1670.55
1848.18
1805.19
2185.83
1867.99
1806.77
1710.42
2254.64
2124.19
2140.66
1845.86
2129.98
2439.1
2160.45
2575.79
1895.81
2449.73
1905.39
1898.14
2150.2
2222.6
2462.83
1887.63
2396.61
1942.26
2338.95
2544.19
1780.71
1749
2483.67
2373.33
2130.92
1761.74
1975.34
2447.04
2158.84
2182.01
2346.22
1909.12
2286.01
2207.05
1791.6
1586.85
2377.96
1965.67
2208.66
1968.35
2027.06
2505.49
2245.25
1789.21
2398.81
2044.32
2029.01
2611.26
1864.41
2336.43
2232.46
2121.16
2725.07
1735.36
2516.32
1968.85
2296.26
2189.92
2342.56
2170.5
2273.5
2395.91
1574.86
2803.48
1768.72
1978.77
3058.14
2125.73
1821.23
1976.92
2118.9
2104.84
2501.49
2606.63
2992.2
2196.85
1999.49
2068.82
1891
2309.14
1637.17
1915.64
2585.43
1777.64
2134.05
2666.85
2448.51
2123.45
2309.72
1948.29
1735.72
1779.11
2237.53
2018.32
2170.66
1852.18
2196.56
2455.7
2282.28
2262.79
1961.34
1886.18
2078.02
3052.53
2352.2
2157.33
1890.66
2072.75
1982.1
2148.23
2130.12
2521.74
2055.4
1817.87
2530.54
2479.03
2303.89
2008.49
2455.07
1987.68
2073.69
1798.97
1856.67
2292.8
1760.57
2450.36
2139.62
2077.39
2015.7
2170.7
2393.59
1958.45
2332.55
1994.85
3110.47
2000.8
1973.25
1967.9
1849.37
1957.41
1737.23
2502.86
1909.98
1670.43
2479.72
1527.03
1798.07
2177.49
2190.98
1922.46
1903.9
1926.03
2000.41
2104.02
1721.51
2138.7
1998.99
1855.11
1824.33
2801.78
1959.27
1820.27
2409.77
2362.04
1620.16
1965.75
2057.54
2206.55
2414.07
2073.48
2020.86
2596.29
1866.35
1833.6
1900.91
2019.08
2278.7
1951.16
1597.59
1831.05
2082.14
2204.59
1847.48
2180.93
2334.54
1917.13
2245.14
2327
2634.43
1838.51
1968.36
2485.5
2048.48
2022.34
2260.78
2628.18
2810.22
2005.59
2066.09
2258.07
2201.86
1738.16
1676.26
2195.74
2220.76
1943.71
2769.02
2095.24
2293.75
1883.9
2149.61
1860.46
1834.18
1957.69
2222.17
1891.81
1956.51
2088.63
1777.7
2530.7
2064.03
2043.98
1984.85
2396.61
1672.89
1987.79
2232.91
2517.14
1892.38
2299.3
1994.82
1682.26
2781.88
2078.13
2066.87
2261
1987.28
1850.92
1826.65
1756.59
2507.85
2220.81
2114.18
1836.14
2254.83
1895.38
1842.7
2240.35
1752.25
1778.2
1786.01
2012.04
1687.53
2473.81
1962.17
2020.85
2348.43
1996.01
2728.7
1851.77
3087.67
1800.8
2097.23
2176.15
1877.2
2528.53
2397.65
1966.53
2050.17
1942.62
1732.59
2565.11
2060.36
1695.97
2326.49
1741.51
1609.86
2267.12
1829.72
2046.71
2817.96
1745.51
1847.19
2585.11
2031.05
1895.13
1859.73
2401.25
2222.85
2289.38
2168.88
2288.95
2116.61
2346.72
2158.9
2238.52
2376.45
1958.51
2322.07
1905.34
2026.99
1599.74
1714
1946.66
2309.7
2448.64
2181.28
1926.08
1859.12
1952.5
2020.84
1797.74
2322.06
1990.61
2396.25
2645.39
2353.11
1573.41
1904.7
2121.41
2385.71
1925.76
2188.95
1941.12
2127.2
1909.62
2001.84
2110.77
2530.26
2000.76
2189.28
2230.6
1807.25
2558.3
2380.07
2184.73
2361.82
2167.59
2068.73
2264.66
2192.51
1791.68
1828.98
2389.6
1824.65
1877.17
1658.88
2058.29
1773.35
1982.57
2016.38
2095.8
2155.58
2046.88
1886.69
2014.01
2417.79
1880.59
2238.66
1791.3
2125.67
2066.22
2197.44
1887.81
2038.46
1680.25
2025.75
2105.29
2058.74
1971.53
2091.17
2640.13
2233.08
2010.95
2680.84
2022.57
1802.28
2808.9
2472.46
2221.43
2067.91
1924.47
2519.71
1849.51
2212.41
1789.68
2079.73
2123.49
2227.58
2004.16
1773.37
2629.93
2553.09
1893.55
1946.93
2046.01
1782.41
2145.14
1930.73
1774.38
1870.33
2429.69
2338.26
2284.5
2300.55
2306.66
1811.49
1955.25
3061.51
1909.87
1941.2
2356.31
2136.56
2232.43
1654.72
1851.04
2532.29
1811.71
2446.98
2750.1
2039.87
1720.86
2544.51
1711.97
1807.69
1625.53
2245.28
1934.68
1636.91
2302.99
2259.59
2026.85
2126.01
1781.47
1855.74
2045.96
2403.11
1937.2
1978.51
1815.18
1728.78
2084.2
1783.22
1919.33
1922.71
2489.95
2701.53
2194.15
2165.98
2328.78
1990.08
2104.48
1766.88
1950.3
2073.28
1807.83
2576.77
1900.89
2688.03
1932.54
2337.99
2133.38
1935.08
2623.17
2213.41
2294.56
1966.09
2197.64
2621.08
2388.17
2169.85
2100.04
2183.87
2419.56
1906.82
1947.51
2225.3
2371.56
2876.04
2090.06
2044.35
2098.64
1913.07
2168.32
1730.46
1581.65
2024.62
1962.83
2194.4
1964.72
2898.2
2836.16
2283.02
2265.78
1949.09
2444.84
3111.14
2162.29
2063.9
1659.17
2133.38
2764.56
1683.53
2270.23
2378.54
2288.57
2319.35
2045.23
1775.42
2050.64
1696.07
1725.19
1893.23
1828.64
1822.22
2540.73
2016.27
1905.74
2310.26
2059.24
2081.68
2099.08
1865.39
1884.74
1861.4
1991.8
2406.33
1890.47
2004.48
2317.54
2308.19
2006.83
1845.88
1796.77
1787.25
1912.17
1801.03
2718.6
2030.32
1721.86
2123.58
2026.68
1951.15
1900.46
2000.7
2135.12
2574.01
2690.6
2451.67
2007.47
2000.17
2057.35
2603.78
2323.41
1936.72
2121.55
2109.3
2012.29
2402.25
2202.51
2268.12
2185.06
1937.04
1645.44
2141.41
2225.43
1870.69
1908.36
2451.9
2150.54
1721.76
2103.4
2113.64
2444.51
2251.74
2140.61
1752.6
2550.83
2159.48
2521.01
2197.05
2347.44
1922.9
2324.18
1872.58
2042.09
2614.75
2548.1
2073.76
2373.62
2012.64
2605.39
1974.83
2075.88
2144.06
1706.18
2091.62
2182.61
2153.8
2028.47
2171.67
1909.68
2455.55
2453.02
2098.44
2010.3
2037.44
1896.04
2435.46
2470.34
2359.73
2611.45
2413.61
1701.71
2153.64
1851.27
2099.19
2284.67
2657.66
2379.92
2276.4
1766.81
1961.32
2151.19
2464.14
2189.49
1890.69
2510.2
2214.81
2340.28
1751.72
1997.34
1898.97
1990.38
1718.38
2956.8
1912.18
1904.56
2104.82
3040.98
2491.25
1744.94
1809.5
2572.52
2243.86
1981.66
1906.6
1780.44
1801.76
1924.31
1934.71
1778.67
1569.84
3163.74
2257.81
1693.59
1903.74
1919.87
2217.21
1875.7
2455.39
2089.01
1774.37
2281.42
2081.65
1958.6
1757.6
1996.76
2117.13
2339.03
2060.22
1811.03
2323.69
1731.29
1800.77
2509.15
1992.99
1993.29
1935.72
1967.67
2109.08
1984.22
1718.25
2426.01
2414.75
2365.51
2169.4
1963.77
1710.27
2370.64
2036.21
2092.1
1983.6
1810.63
2383.19
2096.16
2428.16
2021.05
1945.55
2074.52
2562.16
2079.19
1632.99
1825.95
2152.42
2731.43
2039.62
1985.65
2118.89
2387.9
1924.75
2158.21
2322.26
2035.32
1830.01
2134.35
1706.71
1934.32
2616.9
1827.61
2026.34
1880.97
2087.22
2116.52
2402.62
2364.35
2111.97
1997.67
2158.1
2221.55
1918.09
2132.08
1973.87
1804.82
2459.54
2273.55
1904.06
2550.84
1702.74
1664.27
1923.35
2370.78
2120.38
1820.96
2701
1746.77
1865.92
2271.67
2184.27
2365.34
2346.35
2025.99
2547.66
2348.16
2111.09
2089.06
2126.77
1948.78
1698.23
1544.52
1770.73
2307.72
1781.63
1449.76
1732.47
2103.7
1832.33
1999.43
2672.15
1966.88
2113.3
2663.24
2042.06
1898.41
1706.08
2117.15
1885.34
2194.96
2531.38
2463.53
2052.63
2034.57
1890.96
2590.33
2289.86
1998.6
1850.52
2315.53
1825.96
2196.88
2459.72
1796.48
1952.4
2608.03
1995.77
2084.94
1949.98
2008.83
2175.17
2169.4
2099.99
2056.05
2004.63
2280.45
2157.6
2072.87
2171.5
1735.61
1845.36
1924.81
2673.11
2237.83
2000.35
2030.71
2209.39
2082.09
2536.18
2101.81
2587.83
1914.41
1638.49
1977.5
1703.94
2081.53
2298.17
2383.3
2259.02
2194.65
1999.49
1943.54
1921.19
2148.77
2074.33
1797.83
2558.16
2274.26
1931.85
1646.3
1766.24
1842.44
2196.35
2636.96
2229.37
2858.28
1761.7
1911.58
1858
1795.62
2689.28
2060.08
1801.19
2239.41
2156.19
2046.68
2056.58
1786.56
1801.52
2351.57
1922.04
2002.05
1944.1
2002.8
2414.98
1913.95
2201.2
1833.53
2013.35
1909.05
1540.39
2051.01
2199.46
1978.53
2645.69
2525.48
2091.81
1846.71
2409.2
2751.72
1937.63
2145.64
2062.5
1583.57
2367.74
2019.01
2183.57
1519.95
1966.85
2109.93
2217.14
3156.61
2007.22
1961.62
2702.22
1658.35
1800.59
1796.75
2204.9
1805.72
2736.05
2022.95
2086.96
2355.35
2164.94
2702.49
2012.03
1879.32
2050.35
2543.84
2896.76
2263.33
2425.28
2053.63
1897.44
1415.97
2079.74
2750.01
1825.65
1995.36
2001.29
2528.67
1726.79
2871.71
2456.46
1855.85
1917.66
1982.34
2100.64
2517.65
2069.57
2291.49
2268.02
2266.31
2206.19
2686.81
1915.82
2390.5
2012.74
1730.25
2248.62
1985.23
2189.3
1862.9
2454.73
2240.26
2451.37
2213.09
1802.36
2031.8
1994.32
2164.35
2601.75
2367.07
1824.82
3777.94
1677.88
2236.33
2411.72
2186.16
2078.82
2029.19
2052.24
1884.25
2203.4
1946.79
2433.92
2510.4
2555.85
2018.42
2278.37
1725.51
1604.07
1997.25
1847.08
2135.29
2270.57
1645.76
2285.87
1946.13
1596.59
2381.67
2008.87
1985.32
1985.71
1677.91
1999.38
2481.12
2609.13
1759.6
1923.1
1977.62
2089.1
1973.89
2092.1
2348.72
1921.66
2940.09
2062.97
1919.45
2027.72
2391.02
2358.15
2193.34
2412.27
2150.43
1890.41
1909.29
2028.4
1971.88
2451.19
2375.19
2156.72
2378.57
2042.88
1990.47
2252.95
2017.13
2201.63
2218.94
2389.07
1966.1
2364.87
2239.75
2238.48
1916.54
1922.64
2678.41
1878.64
2526.82
2151.15
1899.98
1791.11
1748.38
2049.02
1752.99
1838.57
2696.57
2316.39
1807.49
1925.32
1992.04
2703.93
3429.23
1991.35
1984.66
1830.19
1860.17
2032.24
2126.34
1775.87
2075.96
2043.39
2267.3
2002.74
2261.37
2071.28
2075.03
1989.3
1825.8
2168.03
2070.98
2115.51
2233.57
2110.62
2038.36
2217.2
1940.51
2309.42
1898.67
2026.58
2058.46
2214.91
2254.62
1885.74
2444.8
2134.91
1936.01
2051.33
1691.28
1842.7
1954.59
1897.85
2200.96
1655.14
1950.12
2056.57
1741.95
1967.06
2724.48
1974.76
2169.53
1903.39
2166.88
2229.28
1999.92
1924.72
2083.75
2022.81
1842.17
1968.57
2264.18
2031
1893.85
2455.53
2513.99
2399.22
1685.2
1985.73
1882.24
1751.82
1961.67
1865.21
2245.08
1870.23
1943.36
1967.76
3127.5
2330.92
2218.93
2024.66
2597.27
1775.11
1824.39
1449.99
1922.11
1915.43
1744.33
2836.68
2529.37
2334
1932.14
2985.6
2366.33
2121.92
2085.58
1736.06
1824.34
2151.24
1861.07
2146.74
1648.65
2034.74
1903.7
2111.2
2233.91
1970.28
2547.28
1888.95
1914.2
2027.67
1821.3
1726.04
2500.78
1820.24
2313.37
2450.97
2332.62
2386.81
2286.19
1700.25
2166.87
2257.87
1861.4
2220.68
1914.51
2149.56
1985.22
1959.29
1995.17
2643.91
2389.43
2034.17
2667.61
1837.21
1980.73
2827.08
1926.69
2250.38
2041.98
2209.87
1566.99
2035.82
2039.47
2059.62
2563.41
2222.68
2507.37
2124.91
2117.04
2399.31
1869.64
1879.78
1861.66
1963.53
2161.64
2274.8
2052.41
1863.37
2385.12
1897.38
2647.49
2279.8
1848.7
2041.18
2059.27
2314.59
2077.24
2203.29
1908.05
1993.9
2611.87
2614.93
2355.13
2310.53
3072.23
2360.87
1574.36
1780.06
2223.32
2187.04
2043.41
2065.97
1838.84
1998.06
1906.24
1824.29
2111.46
2119
2182.2
2253.49
1859.6
1998.43
1899.43
2522.83
1813.9
2385.4
1807.91
2221.52
2491.56
2147.09
1835.74
1676.99
1923.25
1958.62
1786.34
1899.15
2030.06
2240.66
2719
1830.36
2028.08
1877.18
2302.58
2650.83
1799.87
1783.16
2246.74
2692.82
1814.17
2480.52
2233.45
2508.75
2461.9
2573.79
1719.23
2318.63
2121.57
2448.67
1959.75
2219.15
1983.83
2231.31
1826.19
2049
2335.88
1933.67
2254.1
2373.34
1753.77
2298.36
2392.87
1984.35
1995.22
1927.73
1830.51
1948.99
1807.42
1870.35
2006.78
2136.29
2114.37
2076.64
1762.68
2262.84
2047.61
1653.42
1988.3
2465.27
1929.59
2270.82
2064.09
2134.71
2141.34
1658.43
1783.01
1692.71
1863.44
1927.12
1832.84
1944.05
1587.11
2318.58
2265.63
1956.83
1642.23
1902.06
2169.34
2136.41
1907.73
2064.47
2026.29
2015.25
1682.77
1918.81
1960
2043.92
2154.09
1971.68
2498.12
1900.32
1528.1
1833.38
2452.74
2106.49
1808.06
1902.3
1786
2075.39
1976.03
2001.62
2365.71
2801.98
1898.49
2112.87
2378.95
2025.19
1876.79
2477.57
1935.38
2177.74
2262.55
2598.95
2250.56
1984.72
2241.03
1591.21
2000.27
2378.88
2042.22
1945.47
2116.68
1943.96
1927.78
2076.96
2161.33
1979.52
2186.4
2694.48
1879.08
2154.23
1871.37
1866.26
1913.14
2355.66
1995.57
1914.48
2143.54
1942.32
2418.87
2303.67
2303.77
1639.7
2474.47
2031.37
2552.77
2072.13
2087.84
2110.9
2172.19
2003.19
1804.12
2310.52
2111.55
2020.09
1833.71
2002.46
2098.63
2347.38
1694.88
2011.65
1993.4
1883.92
2033.88
2239.93
1780.88
2026.67
2468.38
1802.72
2867.68
2274.06
2204.41
2039.82
1804.93
1726.82
2147.18
1996.64
2045.68
1851.28
2980.35
