1112.69
1194.95
1211.41
1014.6
1516.11
1280.55
982.679
1165.64
1100.32
1577.25
1159.34
1468.6
1363.29
823.386
839.47
897.076
1039.76
1254.77
1317.91
1203.39
1136.83
1352.28
1081.3
1248.88
1173.75
1180.38
1216.51
1184.75
1033.39
1052.87
1281.54
926.497
1020.66
743.309
905.385
1107.14
1038.62
1040.56
1175.15
1026.71
1027.34
1022.19
947.522
1027.51
953.452
1209.8
1416.31
984.159
1144.96
1407.24
1005.24
1136.51
979.618
1174.63
1670.33
949.164
1201.78
1356.41
982.523
1417.25
1657.94
1191.8
1947.67
1233.58
1464.86
960.144
1172.47
897.575
1123.64
953.424
1289.91
961.093
1379.96
1119.8
1254.92
1136.3
965.149
1240.14
1144.32
1030.93
1205.6
1278.64
1092.56
1196.53
1014.09
1247.12
1070.65
910.211
984.019
1349.03
1111.69
1058.66
1113.49
1047.78
1507.2
1229.14
1068.1
1207.9
1062.58
1247.29
1213.61
1074.83
1191.38
1114.45
1066.35
1383.97
1240.39
1247.98
1250.77
1133.77
1071.53
1370.46
1190.18
879.284
1220.85
987.807
1155.73
1168.82
1094.97
821.107
1318.56
1133.16
1239.68
1331.3
1504.6
1083.87
1171.42
934.727
1067.99
932.336
1010.47
1199.22
1213.98
1060.3
1319.66
1163.85
1223.06
946.391
1036.02
1350.22
1042.93
1000.9
1350.98
991.977
1070.27
960.126
1029.99
961.597
1214.51
944.115
1217.5
1027.97
1198.77
1044.24
978.319
1109.59
1092.25
1178.58
1348.76
1163.21
1052.61
1222.08
1387.65
999.108
877.748
1170.75
1266.02
986.03
1361.04
1161.21
995.435
891.154
913.237
1139.97
1039.09
1001.67
1225.53
939.908
1475.93
1259.11
1118.68
1048.2
1186.36
1400.6
1216.7
1225.68
1543.75
947.914
736.226
836.224
1171.71
1051.25
880.567
1211.36
994.245
1105.72
1032.98
1776.09
1151.42
965.09
1189.13
1063.74
1084.32
1113.76
1092.32
936.009
1343.55
1230.68
1246.24
1070.87
1107.23
1043.84
1309.67
1321.21
1096.55
1206.09
1173.88
1182.64
1235.04
1110.24
1215.86
974.591
1218.92
1231.12
901.372
1178.13
1063.97
1044.37
1437.73
1359.35
1166.1
1278.28
1138.29
1377.42
1333.14
1193.19
986.923
1095.88
1097.06
977.201
1047.29
1508.45
1243.3
1122.53
1235.26
1156.97
1194.8
1153.68
1127.76
1109.03
1186.06
1353.31
1054.46
1008.49
1024
1340.82
1013.24
1260.67
1090.65
1207.07
1105.44
974.6
1370
875.429
1343.95
1257.53
1486.76
1047.91
1242.18
834.068
971.426
1162.38
1062.92
1006.33
933.104
1128.39
1218.48
950.022
943.713
872.337
1085.7
896.347
1041.49
1106.89
1062.37
993.784
890.681
1134.36
1478.86
835.595
1167.61
1240.57
1187.69
900.581
1070.99
1152.89
1326.42
1713.42
1224.58
1323.2
1075.68
1151.83
932.737
982.704
1232.47
1078.8
1046.96
1361.91
999.982
1063.6
1400.98
973.822
1295.86
1223.95
1211.45
995.494
1163.8
1237.5
1309.15
1651.59
810.867
1063.06
1317.88
1568.57
922.475
1181.81
1285.88
1072.02
1341.97
953.102
1168.41
1096.64
1338.05
1352.38
1117.44
1060.97
1230.03
797.501
1080.35
1091.5
1199.73
1333.9
1204.26
1366.78
1435.28
1257.39
1194.63
959.771
1313.16
1201.37
1083.31
1104.09
935.834
957.446
1217.85
1262.22
907.076
1068.97
1236.71
1040.89
888.738
1117.01
1147.1
1378.55
1224.81
1198.76
1125.12
1146.77
1076.03
1042.61
1383.75
1049.24
1043.85
1031.77
1036.6
1481.32
1943.75
1771.4
1076.2
1217.96
1614.83
847.705
1192.68
1035.67
1114.57
1052.07
1210.75
1409.48
1085.77
1372.9
1605.04
1182.15
1184.95
1013.18
1297.13
1076.6
1056.21
1176.94
926.273
1292.04
1018.37
1644.84
1005.3
961.525
1028.53
1131.74
1130.07
1398.16
1153.37
1261.14
1183.31
970.957
1008.88
1281.22
1010.58
1186.96
1143.78
1058.72
1324.15
1448.57
1206.82
1066.93
972.557
1288.78
1448.44
1134.5
923.579
1184.67
1131.03
1191.27
1167.38
928.093
1085.86
1058.86
904.949
1137.07
1399.98
907.123
964.403
1274.27
1155.98
894.755
1192.26
1193.86
1058.12
1479.5
1046.65
942.14
1132.95
1233.35
1440
1333.98
1431.83
901.907
1198.86
1360.94
1468.75
1428.01
1033.75
1072.75
1434.14
1311.4
1117.65
1145.33
1651.3
1375.62
930.277
1094.78
1241.25
1583
1071.55
1091.49
1361.05
1046.35
1201.33
1314.02
1270.61
1051.44
1016.24
1163.8
1077.43
1145
1199.8
1172.45
1274.38
812.572
975.245
972.451
1043.85
1357.4
1178.67
1102.86
1249.58
1089.47
1113.61
1026.01
1223.69
917.014
1160.28
1236.04
1154.47
1589.36
1240.44
1124.44
1333.71
1303.58
1211.71
1247.33
995.371
1221.16
927.11
889.997
1285.9
1285.38
1186.47
1291.85
1287.91
1570.86
1017.59
1292
1003.88
1220.94
1150.56
1311.65
1039.71
1582.88
1052.18
1087.83
1213.69
1068.54
1053.57
875.947
1070.14
1049.32
992.904
1169.28
1262.64
1288.58
1049.57
1145.21
942.83
1351.87
1553.43
1134.46
1154.34
1263.51
1109.63
993.466
967.647
885.153
978.84
1009.71
1058.21
975.78
1060.61
1119.78
898.045
947.789
822.753
1100.14
1297.33
953.851
1270.81
1485.86
1034.01
897.282
1018.16
1111.8
1262.56
1319.64
993.302
1198.36
862.944
1136.72
1496.61
909.232
1523.59
1751.13
1284.36
1030.99
1067.71
961.822
1094.33
1159.22
1184.54
1287.77
1431.72
1228.41
1418.82
1160.4
983.691
1293.28
1235.58
1217.86
1541.94
1082.76
1061.54
1477.42
1525.46
949.725
1055.6
1342.11
1348.86
933.943
1083.19
934.391
958.003
1314.18
1197.21
983.853
1089.84
1145.14
1297.47
1177.61
1152.76
938.244
1265.14
1282.73
1139.84
1079.19
949.881
1061.22
851.618
1220.07
886.116
963.96
1110.55
783.63
1399.98
1054.39
1046.47
1114.26
1530.26
1144.04
1008.34
1409.18
1175.84
1390.71
1290.61
1307.91
901.076
1024.34
1029.3
1217.46
1201.8
972.88
1548.78
1044.61
997.754
1123.82
1227.29
894.598
1156.58
998.924
1101.59
1153.8
1328.01
1000.45
1154.85
1296.98
1167.05
1368.65
1002.6
1203.61
1192.7
1160.18
1154.26
1021.57
1401.43
1343.69
1484.05
967.75
1134.21
1138.58
1184.3
925.348
1278.18
853.536
1415.83
1154.41
1023.96
978.237
1073.99
1079.12
893.646
1115.91
1273.19
1523.07
910.745
1252.78
1072.26
1307.25
1048.31
1004.59
1109.65
1254.97
1049.92
1384.62
877.458
1342.85
1008.54
1034.69
1158.81
1167.19
1232.38
968.428
967.554
1176.84
1214.91
1234.4
1488.72
1338.64
1089.63
1121.15
870.37
1081.83
1320.94
1285.6
1572.83
1177.95
1110.29
994.435
1108.83
1215
1276.83
879.637
1327.24
1030.6
921.001
1001.65
1462.4
1277.45
939.182
984.012
1117.26
1016.24
1067.25
1211.55
1026.53
1066.11
1079.25
1039.96
1068.44
1182.88
1453.93
833.546
1117.75
1265.4
808.364
1426.63
1395.71
929.307
1057.96
1787.19
1390.78
1407.44
1240.85
1346.38
1091.84
1129.24
1126.01
773.266
1172.97
996.138
1456.38
1137.97
1082.78
1138.13
1202.7
1177.96
1187.07
1465.61
1154.74
1562.91
1006.11
1278.87
1049.54
994.949
1054.31
1172.01
1023.61
1072.13
1241.62
1062.69
1004.96
1222.42
1243.33
1393.11
1063.28
1020.47
1287.08
1400.41
889.24
1145.13
1121.33
1315.71
1224.19
1015.25
1115.69
879.883
1129.53
1193.87
965.39
1067.49
1127.08
1408.69
1235.93
1322.24
1100.93
1139.07
1292.72
941.127
1367.91
1066.23
979.684
1122.53
1017.9
805.971
1120.24
1183.01
995.801
1202.91
947.715
1112.5
1528.55
1484.35
980.653
1417.32
1550.38
1099.07
1386.01
1596.35
1139.75
1090.44
974.277
1157.87
989.109
1136.28
967.911
948.351
1147.12
1750.48
1073.21
1130.97
997.528
902.234
1115.71
1053.26
866.69
1117.25
1023.74
1067.16
797.831
979.348
1183.16
1185.37
1493.15
1333.09
998.632
1473.63
1013.24
919.131
1182.83
1313.91
1042.67
832.842
1176.61
906.46
1213.78
1093.57
1019.91
1231.16
1265.23
1210
1024.72
1144.34
1019.41
1094.34
1303.43
933.629
1187.26
1237.19
1201.18
1031.49
926.8
1126.25
1559.22
1157.74
1456.32
1030.68
966.148
912.696
1135.4
1276.47
1217.8
1325.67
1066.63
1252.3
1203.66
906.61
917.475
924.365
926.395
1708.35
1037.92
2019.5
940.073
907.859
1358.68
1150
1048.66
920.562
879.995
842.606
1077.7
1117.08
1177.4
1558.81
1169.65
1274.97
1359.17
1181.85
1128.89
1111.05
1413.44
1210.35
1230.47
965.026
946.879
1146.23
1135.94
1154.67
1454.73
890.263
986.383
1080.34
1072.57
1086.85
1504.02
1011.65
1147.73
1261.25
1033.72
1000.59
1375.53
925.308
1206.93
1403.99
1130.81
1200.58
1343.72
989.919
1315.58
1219.1
1229.61
967.775
1097.46
1257.99
1569.48
958.835
1297.76
1484.05
1341.24
1270.81
1298.02
1428.01
945.075
1157.55
1009.52
1046
1168.51
1237.9
1063.7
1336.3
1055.1
1148.12
960.626
882.985
1089.5
986.427
1170.04
1143.83
949.622
1231.16
1224.93
1424.22
1200.29
1089.47
1028.58
1263.26
959.93
1055.41
1078.97
1256.83
1279.04
1161.1
1192.33
1296.03
1122.93
1220.23
1370.06
1113.75
1218.47
1003.6
924.391
950.03
1408.82
1207.72
718.929
1426.29
1206.35
1070.8
1057.88
1129.21
1069.24
1410.32
1222.28
1146.61
965.713
1272.14
1070.65
1007.54
1291.15
1292.64
1295.09
1017.97
1090.65
1107.19
899.895
911.088
1521.62
1040.49
1092.49
1006.14
1439.89
1098.81
1134.63
1317.16
949.952
828.893
1151.24
839.13
1159.86
1026.82
1428.95
1497.99
1519.16
1166.27
1223.1
916.286
900.198
1055.67
1124.04
1356.47
1006.67
1110.67
1175.08
1400.17
1118.34
1034.91
1343.68
1138.37
930.057
1089.1
957.82
1045.1
973.28
949.785
719.717
1117.32
1116.02
957.359
1198.49
1250.36
999.441
1432.77
1127.43
982.471
1256.56
906.915
1013.48
1279.73
990.603
1117.47
1055.27
1018.31
1090.76
1023.3
1338.8
1155.7
1043.82
1028.71
1217.87
1651.05
991.659
1027.97
1172.96
797.295
1794.65
1096.3
1093.38
1167.53
1067.76
1059.75
1293.76
1178.34
1451.97
1060.98
1086.39
1083.38
1081.86
1035.15
1102.68
1206.53
1238.2
1248.48
1102.1
1049.02
1090.3
1139.27
1158.32
921.854
1198.99
1107.97
1095.9
1413.46
1053.66
1153.51
1044.61
1308.24
1329.6
990.779
1194.66
1001.71
829.248
1117.15
1171.45
1112.02
1142.63
1295.94
1087.26
973.34
1014.29
1022.39
1088.11
1011.92
983.985
1106.43
902.434
904.404
991.359
1082.56
1057.02
1558.38
999.177
1103.86
1105.74
1015.08
1261.14
1265.09
1319.67
1114.62
998.991
1430.22
936.983
1183.94
1079.62
950.505
1310.14
1205.22
1105.77
1334
1153.56
1338.24
1141.22
1587.5
1440.33
1321.72
1044.16
1083.59
1547.48
1327.53
1050.77
1294.35
1336.58
1078.95
1571.32
1121.98
1044.83
1163.76
1243
1083.5
1079.14
1377.14
983.411
1232.04
1305.97
1092.36
1433.18
1144.67
1251.11
989.428
1133.21
1139.91
1125.87
1018.39
1152.64
1296.9
879.661
1047.15
1219.33
1373.26
1118.02
1143.93
1224.93
1218.61
994.995
1407.42
884.706
996.591
1160.48
1016.52
1125.16
1015.96
1078.35
983.967
1227.54
1150.67
943.984
1495.19
1039.93
1133.59
875.243
996.3
1260.54
1393.38
1018.05
1041.12
1787.51
1210.82
1007.68
1066.91
971.341
1007.05
1153.48
1009.32
1245.81
1265.84
1379.51
1015.7
1246.18
1065.73
1293.92
1201.66
1189.29
1839.92
1135.27
933.298
931.321
1348.63
1303.28
877.527
912.213
1412.23
1297.7
1445.44
1412.59
1124.69
931.309
1034.04
1129.29
994.679
1034.39
1125.12
1187.51
1242.11
1235.15
898.572
1012.65
926.525
1143.12
908.985
1183.98
1041.62
1375
1143.01
1045.51
1098.93
1136.69
1129.3
1220.26
993.747
1332.54
1179.04
1286.35
1086.52
923.83
1006.24
1289.13
1172.29
1836.83
1115.95
1075.13
865.536
1022.06
1070.01
978.21
1289.35
1048.94
1414.28
1204.15
986.362
962.916
1220.17
1269.88
1211.21
825.197
1130.3
1361.16
1569.56
1034.27
1196.3
1052.94
1285.19
1564.09
1140.35
1108.99
854.001
1244.98
1212.78
1084.2
1383.98
1207.42
878.581
942.83
1387.92
785.06
1170.14
1572.88
1389.28
1153.38
1064.37
785.611
1271.41
1132.09
1295.65
1871.57
1099.41
1242.24
1042.06
1081.63
1130.86
969.115
1331.95
970.464
1008.05
928.232
1377.69
1208.88
1364.96
908.97
1547.9
1093.27
2081.03
1015.38
1386.44
894.113
932.98
1017.63
1005.98
1336.9
982.525
1517.56
952.909
860.872
1121.9
1019.11
1128.99
1527.37
1278.72
1186.5
946.12
840.605
866.411
1125.61
1091.7
1136.93
1205.91
1038.48
1032.6
1056.4
1253.75
1150.36
1598.63
1076.01
1288.38
1028.73
1223.75
1373.33
1160.28
1231.55
1224.56
1163.24
1106.77
915.707
1230.36
1092.4
944.276
1018.42
941.018
1121.92
963.879
1240.9
1091.98
1237.63
1749.05
968.365
1216.28
1356.02
861.968
1335.63
1278.51
925.551
923.945
1004.31
1253.49
1171.65
1135.95
1160.01
1102.01
1025.53
1125.18
1325.88
1035.14
1050.54
1130.38
1041.23
998.474
1461.78
1318.65
1575.92
1107.72
911.896
1071
1023.24
1025.86
997.784
984.052
1199.79
1039.7
1087.68
999.519
1247.63
1041.49
1278.15
1118.83
1151.91
1320.67
1214.82
1136.72
1038.72
1488.41
1054.96
1240.33
1068.61
1183.79
1509.61
1152.42
1545.04
1049.37
1354.41
1710.58
1209.72
1307.16
912.227
1021.55
1319.93
1134.31
1370.73
802.84
1020.56
1139.38
901.477
1128.07
911.659
1044.85
1052.12
1756.13
1005.17
1488.5
1536.81
1238.8
1162.21
945.964
1129.39
1341.64
1308.92
1041.87
951.61
1003.02
1431.98
1042.03
837.602
1281.41
1150.06
835.84
859.81
1179.58
1070.37
1172.28
1052.49
982.065
1040.38
988.16
1007.51
1329.51
883.829
1042.4
991.413
1156.21
1069.97
1113.53
1277.21
1210.06
1333.04
1075.53
1325.89
1324.39
1200.54
829.827
1254.47
1150.61
1188.41
987.868
1196.91
1011.55
1012.2
1077.11
1013.15
1128.89
1205.14
956.516
1070.86
1148.19
1073.59
1105.98
1267.99
1161.42
1188.71
988.727
1355.41
911.332
1608.69
977.055
1711.28
992.895
960.99
850.457
1174.83
1513.46
1098.06
1039.4
1138.11
1275.45
1212.37
1040.15
1201.28
931.639
1056.93
1010.69
1033.08
964.248
985.808
1166.92
1124.57
1355.07
984.5
1074.88
973.532
1101.59
1641.81
1165.8
1015.04
1049.62
1076.53
1052.31
839.851
1149.18
1055.49
1239.67
847.527
1241.67
908.691
1237.68
974.19
1523.76
1074.98
968.285
1496.82
1054.01
1172.64
1438.49
969.899
1034.61
1897.53
1341.32
1044.36
1226.94
1084.73
957.085
1046.35
905.657
1674.03
1096.08
1246.65
1250.71
1330.94
1176.46
955.583
1045.73
1140.42
1336.92
1279.47
864.466
1031.97
1307.21
1109.32
1465.55
914.226
1186.85
1287.97
1333.03
1159.89
1389.69
1003.46
1378.62
1092.51
782.332
1314.86
1354.21
1097.04
1425.96
1104.29
2311.3
1018.74
1398.9
1555.23
1122.85
1127.65
1086.51
1095.14
1519.07
1709.76
1051.49
927.42
929.824
1405.06
1229.58
1126.11
1082.52
1306.47
1249.56
820.806
1036.07
1149.94
1529.24
885.815
1246.63
1084.95
1295.58
1184.98
1087.53
889.599
1112.3
1531.89
1295.76
1253.39
978.822
1377.93
1551.88
930.739
990.583
1080.76
843.747
1076.57
1130.37
1310.07
968.399
1024.65
1077.78
1216.71
1071.7
1625.18
1194.33
1057.24
1150.27
1050.31
1066.2
1343.03
1334.66
1076.48
1165.2
970.895
1433.58
1137.86
1694.89
1120.76
1302.16
1187.35
1376.36
1180.59
1249.74
947.885
1293.41
1402.78
1235.66
1039.61
1090.27
1225.04
1141.96
981.531
1421.81
1276.29
1187.87
960.194
1040.65
1087.17
980.739
1029.7
1104.77
1140.21
1244.99
862.829
1420.53
1169.39
1060.29
1714.89
928.371
1422.35
1124.95
1308.81
1233.12
894.308
1301.66
1279.87
1532.99
1042.72
1384.16
985.498
1026.6
862.29
997.283
1099.08
1166.89
1395.04
1368.47
1244.88
1198.18
957.214
1137.98
1055.59
1055.71
936.371
1054.37
1048.67
1046.9
895.851
1073.9
1123.89
1011.69
1327.97
1052.83
1133.06
851.424
1372.06
1221.23
1216.47
1080.01
1205.62
1097.15
1191.53
1624.09
948.538
1367.76
1465.8
1087
990.121
978.428
1050.74
1230.98
1383.04
1225.87
1054.09
1067.11
1109.09
1111.55
1224.59
1117.05
875.226
961.546
1272.54
1189.4
1110.56
1029.71
1171.03
1007.16
1431.27
1099.77
971.439
1096.45
1256.39
835.277
962.068
1043.14
1233.63
1388.8
1253.29
878.263
985.639
1052.77
1065.16
1225.24
1118.61
1597.86
1080.66
1023.21
1227.96
1167.49
996.539
1108.09
906.59
1006.7
1164.86
946.046
963.576
1190.25
1022.24
1034.66
1238.35
1350.97
1135.73
1366.7
1200.7
1350.91
1042.87
1103.64
1560.85
1504.79
1346.01
998.702
990.317
999.136
1262.15
876.097
1192.2
1325.05
863.926
853.911
1144.22
1055.94
937.052
1101.53
1117.53
981.993
937.66
1278.38
905.323
1375.75
1217.32
1396.95
1299.74
963.085
1117.27
1295.39
1015.31
1094.34
1148.19
1420.87
939.633
1435.8
1089.98
933.315
1321.21
1230.34
1009.5
900.97
1160.88
1101.05
949.586
1257.79
1074.99
1017.24
933.388
1195.31
1055.65
1153.95
1505.77
1309.2
1397.19
937.862
1036.75
1200.65
1100.6
1026.99
1146.43
1037.86
1439.91
1662.79
1382.41
1019.86
1327.17
1518
1257.88
1004.77
1110.58
1132.3
1142.41
1388.45
1057.58
1032.53
1215.31
1164.71
1356.04
1297.74
1109.17
963.558
1012.46
1237.72
1438.38
1264.87
1264.58
1048.25
841.829
1435.07
1212.61
1258.92
1208.98
897.364
1217.52
1308.29
1058.74
1314.95
1622.71
1016.9
1230.79
1292.96
976.741
1250.12
973.178
734.71
1493.34
1235.4
1206.27
1177.61
932.754
888.145
1267.69
1350.38
1005.41
1549.17
924.732
891.39
1414.05
1050.66
1477.17
1321.46
1060.22
987.657
1068.52
1202.4
1160.73
1597.67
1257.25
1256.82
1441.84
1017.86
1351.56
1323
1539.09
1172.32
1320.75
1385.15
1130.09
854.056
1004.05
920.791
1019.25
1005.82
1181.66
902.176
1194.68
1324.64
1129.93
1248.27
1462.47
838.747
1292.45
976.777
1591.71
1003.61
1191.65
960.274
1525.4
919.937
1288.63
1053.38
1174.6
1279.43
1190.59
1431.39
1087.17
1000.13
1333.22
1380.35
827.874
1672.09
1122.03
1335.37
1279.99
1243.93
1800.77
997.877
1228.52
1146.76
1175.48
1421.49
936.833
1528.66
1190.91
1149.04
965.476
971.204
1141.28
1582.08
1177.2
1069.42
988.093
1273.41
1260.67
1289.08
1103.91
1597.99
1054.73
1170.6
1054.36
1095.04
1057.81
943.157
974.97
1012.43
859.911
1018.49
861.675
1039.1
1111.79
1291.14
980.709
911.937
1047.82
992.665
1389.33
1053.48
1350.59
1043.48
1242.09
1249.74
1388.91
1272.87
1404.31
1116.05
1210.08
1059.52
1003.95
1097.45
1331.37
1140.87
1115.32
1172.47
1042.34
1300.34
1321.25
1232.05
1084.74
1660.85
1264.48
1177.41
1003.47
1293.51
1277.11
1383.1
1437.34
1306.29
1708.47
1246.97
1063.11
1033.24
1141.25
1286.07
1319.4
1381.07
1251.19
1103.5
1218.34
1314.6
850.02
1263.26
1582.14
1040.69
1144.33
1120.18
1275.56
1060.31
1241.64
1283.9
935.885
1383.94
1627.9
1096.49
1360.13
936.525
1094.43
945.013
1272.27
1272.7
1261.82
1116.45
1044
1013.89
1083.93
1170.12
1006.35
974.878
1219.45
1188.22
1388.38
1039.76
1101.05
1068.11
1043.47
979.596
913.782
1531.68
961.756
1062.25
848.555
1101.03
1012.83
1367.13
1242.8
1175.12
1026.12
1127.23
1242.05
1004.4
1501.04
1206.49
1227.89
1079.8
1109.98
1406.69
854.962
1031.89
911.94
1057.44
1521.6
1124.42
1225.56
1133.24
1582
886.424
1401.02
1145.78
1196.73
1215.02
1033.59
794.711
1394.71
1239.35
1142.1
1260.89
1302.76
1049.4
874.399
946.237
1398.58
1012.88
1383.2
1029.53
1443.83
1152.86
1348.94
1108.94
1269.55
1278.65
1421.83
958.614
1250.04
1389.26
994.554
1115.96
1174.27
1157.68
1031.45
856.644
1118.07
1014.46
1139.05
1259.08
902.782
1134.29
1037.4
1068.07
1175.91
1296.99
1291.63
1501.92
1116.52
877.947
1277.63
1088.25
1372.3
1132.26
1444.66
1143.26
1187.94
928.362
1030.37
936.997
942.174
1124.84
1146.98
1273.93
937.955
1226.97
1275.49
1599.18
1056.49
1271.7
900.845
1449.15
1150.08
1060.79
1124.88
1141.59
1223.39
1098.27
1162.68
1148.35
1244.56
1084.64
1090.01
1304.34
1388.75
1275.34
1425.34
1659.94
1092.27
805.795
1201.91
1222.45
988.694
1000.62
1058.37
1123
1345.33
1188.85
804.644
1057.77
1184.6
1019.07
1100.81
1069.13
1275.2
1176.83
1185.63
1066.78
1201.93
1083.23
920.367
1346.81
1037.18
1174.3
997.655
987.679
1108.57
1141.87
1026.04
1062.76
1248.88
942.404
1297.4
986.921
1216.75
1117.68
881.947
934.057
1339.5
1216.25
1042.88
1288.73
969.946
2057.3
1123.51
932.4
1569.89
1236.36
1193.62
1512.1
1075.42
1291.72
1261.37
954.369
975.948
885.983
860.316
1627.91
1077.31
1152.66
899.97
1205.89
1156.33
1247.07
1423.13
1249.52
1173.52
1212.69
1047.85
1324.58
1243.15
926.931
1171.23
1228.04
1144.56
1035.33
1193.14
1163.7
1071.84
1342.68
1069.97
1294.14
984.818
1327.38
1054.01
1090.61
1089.07
1048.65
1046.23
853.51
1195.61
980.647
1062.72
851.044
1132.85
960.672
870.208
1022.6
1087.8
1164.39
1155.7
1365.05
1690.89
1265.19
1094.46
1516.12
1035.71
1334.62
1173.58
1221.28
1751.18
1145.69
1093.22
996.953
946.753
915.327
1030.01
1029.33
1501.77
1261.04
896.418
929.719
1131.27
1251.08
960.668
1314.89
1014.92
985.316
970.524
1083.44
1058.03
988.636
961.839
1355.3
815.674
1638.3
1271.65
1055.22
987.4
1206.6
1711.73
959.077
1220.79
1063.97
993.474
1211.27
1376.67
1412.56
975.415
1201.65
1054.34
1088.74
1152.41
1442.14
958.386
1249.31
891.072
1050.92
1203.73
1140.15
1413.32
1200.89
1202.81
1375.79
1192.78
1001.13
1006.5
1006.33
929.118
1182.18
1154.59
923.525
866.769
1141.47
884.098
1584.8
992.673
1274.41
989.523
1023.93
1197.66
887.179
1640.7
857.473
1742.45
958.933
1013.86
1186.43
1075.01
1027.84
925.977
1107.22
1111.2
1452.83
1263.67
1211.33
1203.14
1188.79
1459.25
1200.75
1088.99
1015.18
1083.53
1085.05
1300.35
916.294
1441.72
1003.16
1029.06
1381.55
926.79
957.596
1233.06
1355.94
883.881
1147.48
1702.52
1263.11
1062.34
1296.05
1051.53
1098.93
1145.28
1232.17
1425.43
1550.49
978.083
995.984
1235.43
1068.56
1095.06
948.492
856.358
1207.23
1697.86
1385.17
1140.26
1558.56
964.137
1271.37
1294.08
1075.56
1256.2
1297.79
1715.47
1316.11
1132.46
1290.38
967.991
1076.14
999.071
1132.43
1061.46
992.826
1175.68
911.533
1167.89
1388.56
1162.21
1411.1
1370.89
1326.21
899.148
1053.31
1224.95
1115.25
960.327
1346.64
902.314
1169.82
990.428
1058.64
1144.3
1097.32
1790.9
862.584
1092.27
1126.88
982.734
995.857
891.667
951.299
1012.77
1148.96
1380.99
852.199
1145.76
1248.03
882.12
1769.05
1012.7
1307.53
1126.98
1386.87
1334.81
1242.47
1510.45
1108.3
1215.77
1026.87
894.35
1429.06
1308.39
981.209
1403.56
1169.07
1096.96
958.814
931.141
966.323
1032.38
1380.95
1115.45
1272.25
1130.57
1042.38
939.027
1152.99
1312.78
896.038
1096.93
1031.22
872.459
1299.87
1230.11
1405.42
1013.18
897.092
1044.98
1182.94
1162.85
1320.63
1241.33
1558.96
871.697
1179.01
1619.93
1065.13
1344.22
1121.72
1032.83
1056.15
1011.38
1373.35
1144.99
1193.94
789.722
1419.32
983.339
928.913
1254.78
1132.97
954.562
1031.28
1111.22
1098.68
1058.04
1138.06
937.617
1432.2
1810.34
1145.92
1486.8
1776.73
1224.65
872.862
966.683
1213.64
1478.17
1028.77
1441.33
1009.34
927.005
1270.05
1094.5
1284.07
1109.92
1084.77
903.105
1271.61
1020.2
1036.1
974.458
1082.92
1077.94
979.544
1084.76
1240.12
865.898
1165.01
1367.03
1374.79
873.559
1274.9
1422.89
1588.39
1182.05
1113.25
978.433
1403.1
1226.95
1357.68
945.311
1086.63
1523.14
1318.74
1205.25
1180.31
1563.75
1032.82
1055.4
1194.18
1001.82
1339.54
1093.16
1038.56
1105.14
1485.39
986.217
1330.04
1281.38
1186.18
1049.98
1030.09
1079.59
1136.28
1267.51
1042.1
1072.95
891.329
1022.08
1306.41
1128.09
1184.18
1034.52
1400.18
1481.95
1271.44
1188.03
1234.72
1507.07
1257.72
1095.21
1024.85
980.467
856.769
1067.22
1061.9
1030.97
920.205
1044.05
1102.16
896.42
1194.7
1135.88
990.273
1121.53
1091.1
1387.9
1228.84
1184.86
1320.98
1041.25
1003.96
1057.21
1134.26
983.69
1437.17
1154.17
1182.4
1002.02
1161.02
1435.25
1370.29
1067.68
903.916
1130.07
819.312
1267.51
1496.64
1043.9
1096.42
1310.47
1357.55
1217.29
1229.17
889.507
1098.65
1253.02
893.557
1018.77
1335.03
1082.63
1245.38
1116.47
1033.44
1090.8
1030.74
1105.34
1225.05
991.253
1238.92
1095.3
1203.11
1347.7
1203.72
1408.28
991.466
1221.11
1052.61
1226.14
1563.86
1457.81
922.081
1034.88
964.452
1171.92
1073.67
1269.34
1286.53
1120.66
1297.38
1296.52
1449.88
1439.53
1249.27
1302.02
1226.76
870.931
1257.99
1448.35
1053.41
965.402
973.322
1038.83
1060.14
1146.64
1254.39
931.383
1205.6
1345.75
1031.1
1258.46
1021.34
1409.84
1160.48
1292.48
1098.66
1267.13
1206.05
1178.46
988.428
1326.65
964.237
1496.51
1211.74
1074.63
1047.31
987.184
1784.09
991.523
1134.99
1005.78
943.359
1048.38
1387.21
1777.48
1119.89
1106.35
1043.66
1056.53
1210.74
1095.26
1110.63
926.228
1210.71
1008.84
1073.22
954.495
1228.9
1442.09
1035.78
1045.28
1095.73
1136.22
1105.94
1246.39
1433.03
954.059
1154.15
1209.94
1405.13
1097.84
1325.14
1018.73
990.951
961.329
795.695
886.224
1391.7
1374.17
1055.65
862.532
953.84
1130.04
1004.37
1489.43
1149.4
1915.52
1278.51
1220.79
1156.05
1081.16
1051.82
1380
1053.17
1383.34
1027.67
1406.1
1668.67
1007.91
943.16
991.261
1209
1201.2
1269.49
1043.64
1073.44
1304.16
1043.64
1114.57
1058.46
930.12
979.166
1296.22
943.577
1198.18
1042.62
1347.76
1107.42
950.614
876.951
1195.15
905.191
1435.49
1212.67
905.995
926.351
1319.21
935.61
1068.03
1053.07
1206.31
1548.31
977.356
986.397
1191.52
1137.93
983.268
1007.95
1154.53
1861.39
1054.44
1944.42
1105.22
1667.98
986.419
1046.66
1286.77
1109.84
1032.18
1296.75
1037.99
1423.37
907.26
1435.16
1015.3
981.339
1247.96
1158.19
1288.35
988.881
1129.39
971.511
1235.75
1550.59
1227.98
1220.9
1067.77
1507.7
897.238
919.482
1092.2
1115.93
964.553
1133.22
1250.36
1396.93
1190
1021.16
1540.16
1084.49
986.278
1101.11
1365.47
873.521
970.055
1259.01
1083.06
1215.01
1200.77
1135.83
1001.51
810.607
1273.84
1453.17
1381.62
1018.44
1028.49
1196.18
1109.88
1187.38
910.023
927.816
1425.49
979.232
1007.92
1184.44
986.184
1323.63
1049.62
903.861
1186.66
1499.09
1072.13
1204.24
1286.83
1473.75
964.224
1289.7
1009.81
1060.1
1710.4
1243.84
1038.79
1090.95
1126.19
1259.87
1155.46
1240.26
1307.93
888.264
1365.46
1400.01
1074.75
1019.76
1000.31
1202.86
1645.26
1282.91
1438.38
1176.77
963.902
1567.03
954.947
1069.49
1113.5
930.569
954.219
931.474
952.291
1066.5
1189.38
1261.5
1197.25
881.743
1223.96
1045.95
951.714
1114.61
1059.06
1235.72
1380.38
931.754
1239.51
1090.71
1147.37
1249.27
814.226
1256.09
1240.8
1071.71
1008.11
1546.7
1249.48
1102.53
1545.16
983.777
950.948
902.738
1333.66
982.787
1017.24
1238.11
949.393
1457.13
1026.59
1196.37
1148.51
1243.96
1095.65
981.94
1258.09
1360.62
1173.17
1014.84
879.901
1497.3
890.679
1150.37
971.961
885.904
1569.79
1279.98
895.046
1148.17
1107.92
1335.41
1525.49
1543.62
931.636
1249.06
1268.66
1057.42
1286.97
1311.53
1171.02
1127.61
1366.24
1654.44
1096.43
1060.81
1048.2
1292.78
1342.49
1426.61
1168.88
962.853
1138.14
1128.1
909.84
1621.21
1091.75
992.825
1015.91
1219.22
1208.57
1419.01
1090.38
1208.13
1449.61
1377.35
1529.07
1039.24
1122.23
893.101
1234.03
1243.9
1192.75
1322.16
1216.32
1215.1
1264.59
1274.11
1216.09
1115.7
1241.94
925.299
1200.49
821.772
1180.09
1574.84
1127.93
1535.17
1230.21
1297.66
1157.84
1127.92
1198.23
1235.77
1166.41
1330.64
1124.42
1018.45
1061.97
802.926
1080.37
1143.34
950.044
1561.48
1198.8
1430.18
1276.86
1192.94
1637.75
1331.6
1268.67
1353.46
1129.34
1081.81
815.814
1390.36
1046.48
1137.88
1375.91
1446.27
1058.72
1447.14
1000.65
1196.72
928.225
1044.59
1001.7
993.593
1215.83
1115.16
1360.28
1337.82
1193.13
1146.57
1265.77
970.588
1595.19
1310.14
1103.41
1213.17
1282.23
1114.66
945.556
1123.89
1175.45
1100.39
922.347
902.836
1015.34
972.018
1229.68
1260.4
1146.57
996.568
1016.51
1091.9
819.354
1127.25
1260.88
1446.26
1163.51
1061.88
1387.92
964.934
1476.34
1225.62
1059.64
1018.4
971.729
1189.97
1144.92
1169.69
1288.29
952.478
1310.91
990.254
944.534
1184.45
1168.48
1102.84
918.9
1024.85
1050.46
1183.41
1080.69
1263.62
932.491
1071.96
1041.84
1163.09
1399.23
1058.14
848.608
1269.88
1531.93
1036.64
1019.78
963.589
1179.14
844.783
1024.81
1172.5
975.326
1077.4
1112.68
1244.7
924.849
1086.2
1335.6
830.73
1227.37
1422.51
1169.56
1149.73
826.741
1178.57
976.933
1598.04
1185.8
1393.07
1205.84
1116.1
1295.12
1223.21
1412.66
1835.68
1021.28
1190.98
1121.84
1464.69
1071.54
1297.99
1333.44
894.796
1278.79
1132.04
1339.27
1180.85
1069.45
1058.01
977.279
1362.15
1254.18
852.669
838.748
1107.05
1166.91
963.474
1275.89
1150.1
1009.68
1801.7
1130.67
1393.9
1223.63
1223.09
1122.39
1028.08
1264.47
1275.93
1449.87
1004.11
847.385
1051.14
1019.47
995.004
1151.99
1103.7
1121.42
1091.79
1176.36
1301.23
1248.84
868.129
1138
1016.69
1321.14
903.733
1242.16
1067.06
1572.76
931.698
1273.04
1240.32
995.818
1147.73
1195.56
1074.37
1204.66
1236.24
1284.76
949.979
1333.51
1042.04
1215.69
1106.64
1199.34
1091.81
1167.73
1205.4
1178.95
919.45
1244.88
851.428
1091.31
1370.61
1207.46
1242.19
1108.83
1109.68
1119.33
1133.18
1272.94
976.319
1009.67
1456.04
1215.6
894.882
937.173
1081.43
926.361
1637.59
1231.05
1250.73
1617.36
1180.5
1075.97
1283.83
1412.98
1134.07
816.089
1376.59
1243.98
989.766
998.63
1238.27
1087.92
1115.14
1250.93
1257.55
1074.62
977.97
1139.54
1372.79
1093.28
1175.28
1140.42
1154.16
1386.22
1315.87
1063.1
1503.92
1450.6
1252.55
1058.06
1744.51
800.246
1140.8
976.982
1311.88
1262.87
992.332
1470.14
1169.61
1337.91
1027.01
1273.93
1059.37
1129.36
1190.77
1260.86
1167.14
934.193
1342.09
1355.75
918.778
1622.97
1214.03
1357.8
1219.81
896.889
1225.32
2096.23
1296.08
1034.93
1065.13
1605.88
1238.98
1012.35
1087.55
1018.01
1029.25
1158.59
1051.51
1076.77
1071.07
1107.34
1090.98
893.346
1085.68
1201.8
1086.94
1055.02
1171.99
1386.34
1204.36
1215.85
1050.24
1065.15
1249.4
940.454
1315.69
1156.27
1247.69
896.955
1576.3
875.322
1163.05
1034.07
975.182
1245.1
1039.16
1014.38
1343.22
1039.93
989.022
1085.88
1086.8
927.274
954.501
904.163
1071.11
1052.34
1288.92
1095.16
863.95
925.049
1109.23
1214.71
1009.73
1028.44
1274.68
1789.96
1235.74
843.612
1153.85
1078.36
926.8
1355.19
939.1
1262.55
1243.38
1004.89
1840.72
1081.83
1147.17
1151.66
1169.52
1050.04
836.553
1078.3
1614.79
1271.95
971.221
980.713
1168.33
918.185
1116.63
1188.16
1059.36
1760.75
1359.87
1399.23
1124.81
1385.26
973.212
1082.99
853.676
1063.09
1224.89
1344.17
919.381
1216.3
1082.6
1265.46
1103.52
1167.34
1021.24
1124.21
968.432
1158.41
1083.26
1034.69
1228.6
1127.61
1213.52
1031.18
957.236
1207.61
1081.76
914.982
1188.07
1138.95
1654.88
1271.69
1009.59
768.259
1404.34
1067.46
1584.37
988.001
1458.62
1040.95
1005.9
996.313
1254.5
1180.43
974.948
976.146
1193.69
1286.83
1315.66
1219.16
987.784
1186.42
1123.17
1018.51
1678.45
1163.33
1292.89
836.282
1037.15
897.072
895.539
1307.58
1269.39
1277.04
1198.58
1396.89
891.729
1439.43
1115.16
838.044
1181.15
1453.46
958.215
947.854
1526.82
1317.25
1367.79
1207.54
1849.65
1306.13
1417.53
1352.63
1161.26
1298.43
1352.98
1009.4
1397.64
1272.01
1018.29
1346.13
1638.59
1079.9
1049.41
1156.97
1107.05
1048.75
1087.71
1044.81
1290.46
1253.66
1077.28
1104.08
1098.84
1122.4
942.168
1164.95
983.637
1066.01
966.046
1154.59
1193.06
1360.65
1014
828.726
1013.88
1517.06
1150.45
1142.5
1251.46
1446.01
1167.91
1029.38
918.366
953.676
1189.35
1154.22
974.355
976.098
1088.05
989.864
896.648
1376.51
1336.07
989.076
1139.79
1283.38
1376.77
941.536
1275.95
1074.06
1219.37
1158.57
868.328
1111.24
1108.56
1308.09
1147.45
1557.04
1116.38
1126.78
1314.51
1022.9
977.501
971.626
1762.23
1205.93
1093.07
1552.76
1202.54
1334.37
837.588
1208.47
1229.41
1279.89
1086.91
888.85
1233.52
1240.97
1255.73
1002.75
1072.52
1074.82
1242.73
1293.81
1078.98
1355.45
1394.66
1274.47
1126.87
1663.7
1086.34
1291.61
1031.24
1398.6
930.058
929.972
1071.34
1270.28
1150.67
1122.87
1215.08
1162.25
1167.32
1382.26
1067.16
1207.63
1119.64
1250.66
915.897
1329.14
1044.05
1951.13
1724.01
1221.88
1165.64
1011.06
998.51
1154.92
1034.1
1252.88
1362.66
1519.34
1050.23
1228.8
957.685
1132.85
1326.8
949.412
1122.75
1129.65
1091.52
1182.7
919.022
1202.99
1264.51
1385.01
930.592
1194.85
1252.99
1248.71
1143.24
1215
1089.81
1174.22
993.14
1308.94
1033.05
1147.52
867.316
1031.21
1248.87
1063.13
1383.16
1007.87
1343.31
1317.96
1271.15
1046.99
1456.25
1194.72
883.262
1172.18
1034.1
983.02
1109.42
1025.95
1000.08
1109.63
1207.96
1041.92
789.918
1423.04
971.138
1372.55
1364.7
1010.24
1265.33
1145.1
1060.19
977.739
1055.61
1310.37
1743.01
1003.88
1266.56
925.313
843.816
1182.08
1083.47
1326.1
1091.64
983.151
1120.38
1319.26
948.896
1187.3
1127.83
1332.96
1311.24
948.773
1002.48
1181.75
1036.65
1187.01
1454.46
1041.15
1211.59
1267.42
896.409
1254.2
1026.6
1090.98
1264.23
1060.29
1274.03
899.733
1182.19
1134.93
1137.42
1191
1007.45
1251.73
1075.23
1115.7
1170.38
914.026
1091.6
1161.72
1281.66
1095.57
967.29
1167.16
1157.13
1114.07
1038.47
1031.19
1076.77
885.421
1531.52
896.242
1154.23
1092.26
1093.04
1101.52
1197.04
947.224
1146.47
1289.39
1151.91
968.695
1252.51
1030.06
1950.25
1129.75
1177.41
1027.36
1194.68
1255.2
1150.42
1127.59
1064.72
1143.96
1083.83
1319.74
1171.65
1075.47
1410.27
1053.82
1039.18
1077.98
1107.13
997.466
1122.16
1315.38
920.333
947.543
1539.98
1273.45
1003.9
1226.44
991.542
2043.54
1033.29
1479.42
1115.18
1099.83
1131.85
1071.06
1069.77
1216.76
1241.63
1110.52
1290.99
1057.53
1023.71
1110.93
1161.17
1227.28
1295.2
1052.03
1046.98
820.731
1108.67
971.61
1157.21
1087.95
1271.3
1629
1150.93
1094.75
981.023
1042.32
1616.89
1274.82
1142.87
1399.82
1082.21
967.48
1335.07
845.338
1131.01
1086.43
980.438
1484.17
1117.33
1160.45
1096.22
1349.37
1342.77
1102.21
1495.86
1130.35
1441.69
788.279
1213.9
979.559
1057.71
1256.19
1195.31
968.935
1116.83
1125.48
991.965
1349.64
1050.8
1365.91
1230.7
1270.73
1025.39
1338.86
1256.53
1155.58
1377.09
1193.51
994.2
1153.73
1161.21
1070.31
1064.2
1274.93
1616.5
1170.49
1178.46
1196.83
1093.66
1581.23
1094.88
993.018
1333.91
1028.36
1042.8
1513.6
1048.6
1125.97
986.967
1366.85
1202.72
1292
990.919
1522.38
1066.31
930.593
1634.3
1109.85
1079.47
1001.76
964.348
1183.3
1044.12
1146.22
1365.81
1267.45
972.069
1072.59
1266.5
1024.57
1043
1335.84
984.775
1291.33
954.221
1232.14
925.723
1150.73
1145.56
1109.29
1120.29
970.211
1190.9
1123.23
1307.92
1114.55
1322.03
1187.84
1390.72
1142.09
1038.46
1216.48
966.244
1085.01
1641.33
1336.31
1043.04
1464.29
1219.47
1098.65
1246.53
1360.19
1241.11
1138.73
984.327
1065.58
1170.9
1498.62
1038.8
1114.32
1324.11
1241.33
1114.13
1256.95
1100.63
1208.73
1090.76
1254.46
1082.31
1258.44
1017.49
1139.56
1273.39
997.654
1196.47
1352.89
1140.72
1309.95
1370.4
1213.75
844.354
1248.42
1337.53
1242.56
1405.92
902.753
1164.52
1103.62
1191.5
1315.5
1216.19
1234.35
1241.15
1337.19
1444.23
997.571
1165.38
957.223
1101.92
1111.85
1613.06
1012.36
1437.1
994.904
1372.65
1315.94
998.215
1146.53
991.03
1186.95
1055.86
1333.72
1316.08
1465.07
948.567
906.706
1220.1
1242.55
1199.5
1360.66
1285.28
994.267
1156.28
1098.08
958.71
1209.76
1353.13
1099.91
1141.46
1095.18
1046.3
1216.15
1329.37
1827.92
787.889
1396.69
981.295
1555.64
1090.52
1163.25
1099.8
1030.56
1194.82
1126.57
1352.58
1222.54
946.905
1388.32
1120.72
1020.62
1506.05
939.239
1144.32
1007.57
1122.52
1112.92
928.481
1142.85
1750.85
1255.65
1217.15
1172.16
1040.82
888.633
1194.59
1141.39
1186.1
1139.64
1122.03
1199.21
1464.14
990.48
1128.88
1163.91
1682.98
1434.45
1368.47
1135.71
1096.45
1280.74
1081.44
1448.58
1365.99
1085.35
1048.57
1068.15
989.656
957.463
1089.95
1086.67
1214.18
1258.16
1642.26
1474.16
1134.89
951.786
1124.9
1182.59
1012.72
995.075
1222.02
1196.86
1275.14
1281.77
1252.25
1207.07
912.256
1008.04
1347.2
975.654
1248.55
1201.21
1089.05
1127.08
871.973
949.379
1315.18
1376.06
1033.5
978.661
1111.01
989.026
1329.7
1360.19
1311.64
1224.39
1281.38
1579.76
1031.15
1065.56
1516.55
1127.45
1177.76
990.855
1054.81
1275.3
1151.19
1377.67
1177.53
1378.85
1347.57
1243.22
1143.6
1051.4
1012.79
1395.02
1157.98
1122.48
1113.25
988.529
1184.94
1156.67
1590.29
1060.73
980.863
1187.16
1712.24
1087.07
1043.09
1111.82
947.561
1152.87
1503.2
943.667
1542.42
1297.71
1070.89
1097.51
1490.84
1219.84
992.81
1630.99
1277.87
1094.91
1084.51
989.948
1314.22
839.07
1045.63
1039.43
1026.64
975.436
1040.59
1079.01
1289.9
1005.11
1035.36
995.585
1032.61
1002.94
2047.87
908.37
1532.01
975.249
1324.75
1177.89
1194.5
1094.26
1065.66
1148.33
1051.73
936.572
1203.4
1205.74
1076.75
1226.04
879.554
2027.18
982.087
1181.61
1027.16
1323.59
1498.21
1352.3
1118.5
1242.96
1642.75
1351.75
1095.18
1116.43
908.346
1048.57
1193.71
1343.56
1366.05
1272.56
1110.57
928.096
1174.55
913.704
937.912
1069.03
848.332
1258.02
1490.44
991.023
1223.32
1239.81
939.887
979.664
1210.21
1163.96
1074.36
1095.36
951.92
1157.26
1086.44
1023.76
867.31
1357.56
1207.02
1235.69
905.086
1405.65
1204.96
916.445
1203.85
1208.83
1001.35
1380.92
1197.11
811.88
920.936
1276.81
1197.83
1117.39
1195.27
1033.91
875.696
1058.82
923.622
924.867
1101.24
1113.54
1026.61
1235.49
1464.82
1018.24
1063.38
1154.39
1279.39
1450.54
1216.82
1402
1723.14
1241.37
1229.98
1250.71
1107.17
1241.34
923.432
1285.4
736.625
872.934
1056
1162.87
858.1
1228.45
942.805
1248.06
1162.38
999.997
1028.61
1089.69
1468.55
1103.69
1129.65
1218.06
1542.15
1092.44
1310.29
1019.5
1476.83
1152.44
1170.8
865.838
1282.9
1080.43
1057.63
1336.34
1308.17
1019.34
937.152
1197.73
1081.04
1420.98
1061.24
1092
975.043
1114.28
1379.93
1113.6
976.278
1060.64
979.227
1224.6
1567.45
932.654
884.385
1009.5
1657.2
1007.58
1161.22
1306.86
964.44
1209.79
1387.37
1055.87
1112.91
1035.65
963.489
1004.91
1187.91
1250.18
969.436
1287.96
1464.61
942.488
1032.65
1190.38
977.06
1173.2
1024.51
1020.27
1294.93
1016.74
1040.77
1067.17
1161.08
834.228
1277.09
1538.65
1265.58
1147.65
1016.91
1143.91
1332.96
1320.9
1421.42
1169.63
1094.02
1268.46
1339.54
1140.34
893.445
1079.89
970.676
985.299
1242.86
1232.27
1136.99
1161.28
1292.1
1303.64
1192.71
846.04
1105.97
1092.42
1051.06
1297.41
1069.21
1207.43
1112.4
1383.64
959.854
1187.39
1197.19
974.5
1255.82
1243.95
1444.72
1307.38
1555.63
1319.66
1340.07
847.15
840.036
1423.4
1297.82
1228.17
1220.31
1153.6
1120.74
1908.42
1122.08
1455.96
1034.75
1093.07
1037.17
1028.71
1221.31
1499.39
935.487
1064.24
903.24
1323.79
1286.5
1102.84
1146.84
1107
1112.34
876.711
1085.35
1191.59
1360.03
1029.72
1016.97
1368.31
1062.41
1128.64
1189.85
1379.33
1051.62
1344.16
967.234
1006.32
946.047
1116.98
1319.5
1210.4
953.688
893.3
1023.07
1022.3
1188.34
1248.99
1063.3
1228.33
1063.37
1191.16
1169.07
1020.25
1186.47
1132.92
1023.81
973.579
1096.57
1337.1
1442.33
1203.54
1098.19
1078.46
1610.67
1131.32
1119.08
1079.91
1270.79
1139.16
1259.15
1084.57
1180.17
1104.91
891.807
1152.21
1176.45
1571.29
1112.82
1080.93
979.211
1106.49
1122.83
1299.23
1127.78
1436.45
1267.33
806.576
1253.3
1407.89
1068.1
948.727
1289.39
1286.94
1029.21
1215.74
1031.46
975.474
994.994
1059.77
1023.44
1160.73
1211.45
1126.43
1333.52
1031.27
1080.26
1121.75
1105.33
1300.3
1148.31
1159.13
1230.1
1939.54
1237.64
973.396
1096.76
940.049
1203.82
1038.35
1076.22
910.651
1083.01
1175.33
1267.86
1239.93
1634.96
1087.11
1308.8
1189.45
1253.01
949.387
1101.29
1021.46
1627.43
1051.11
1161.74
1166.11
933.613
1050.78
1206.03
1089.65
1091.5
909.781
1358.45
936.561
1417.23
1080.88
1062.71
1257.06
1026.12
1334.77
1318.86
1158.76
1163.58
884.447
1043.84
1132.24
866.775
950.46
1114.98
1639.06
1132.59
1270.05
1263.17
1074.82
1473.15
1046.07
1080.32
1167.82
1275.17
1427.91
946.467
1611.86
1429.65
1085.85
1154.21
1496.12
1174.74
985.094
1060.98
1073.48
1291.59
1609.83
1026.28
1180.77
964.883
1235.09
1178.66
1058.71
1022.86
1276.07
1360.66
1373.77
924.563
1073.21
1624.4
1021.67
965.905
1198.65
1384.02
1359.57
1061.12
1396.8
1314.56
993.446
1338.28
1379.01
1017.98
1455.53
1217.05
1042.37
994.15
955.709
1765.51
974.507
1261.04
1278.02
1093.82
1331.5
1019.22
1100.66
938.534
1309.4
1777.39
1292.7
1266.99
1276.59
1128.79
1601.49
1243.11
1150.84
1118.79
1371.19
1025.89
1060.41
1231.33
1297.46
1121.3
944.515
843.724
1282.71
1003.62
1441.18
945.458
1287.1
1344.38
1160.89
1677.29
1075.9
1774.59
1250.5
1243.14
1533.31
1245
1275.95
1138.89
1118.11
1077.32
1067.88
1124.77
1170.33
1198.52
895.2
1257.47
1180
1080.69
1150.61
1014.81
1026.21
1107.83
1092.62
875.464
1623.95
1090.89
1069.27
1586.15
895.534
1206.5
1115.23
1538.29
1546.95
951.257
1341.4
1300.92
918.406
1059.27
1504.25
1419.59
1250.14
1008.68
1037.75
966.141
1171.36
969.094
1358.41
1207.28
973.395
1065.62
912.724
1235.18
1380.18
1016.76
1091.22
980.997
1112.08
937.289
1305.9
1264.15
1830.46
1512.33
1132.62
1003.41
1176.3
928.413
1109.35
1272.14
1006.8
1049.91
1346.48
1173.09
1010.44
1300.35
1007.6
993.93
1111.54
1691.56
1276.12
1326
1006.48
1070.94
1158.14
1196.41
1189.24
1349.19
1100.11
920.493
1242.43
1172.11
1080.33
1176.77
1152.27
946.529
858.977
1222.33
1400.83
1109.3
1261.93
1160.52
1143.82
1221.06
1151.04
1398.61
1009.82
1259.71
1016.92
1012.64
1224.99
1252.28
1341.51
937.2
964.122
1391.98
1002.81
1166.09
1045.69
899.911
1102.5
996.347
1399.78
1153.92
1071.73
1113.75
1054.7
1151.8
1250.39
1562.59
1030.96
1212.94
1126.04
1006.44
1132.76
959.99
927.487
1175.03
1482.87
905.82
1084.52
1222.66
1148.42
1464.44
1183.22
1033.78
1123.36
1203.41
1419.38
1591.19
1255.79
1013.08
1208.47
1138.37
1077.67
1090.64
1061.46
924.386
1214.24
988.309
996.775
1710.8
966.226
1634.98
1082.69
1259.7
1058.34
1177.09
1111.85
981.298
988.8
967.556
933.44
1147.79
964.298
1055.75
1014.66
883.263
1351.99
858.708
1388.75
1538.02
1310.83
988.768
928.915
1470.54
1282.75
1232.22
1385.08
1039.53
1575.69
1169
1302.51
957.6
928.158
972.58
1224.88
1360.53
937.78
1249.43
1149.76
1036.04
1189.09
1430.84
1057.7
1044.07
862.893
1103.95
968.558
1291.46
1767.77
886.16
1253.93
1271.19
1123.99
1342.79
1021.96
1214.71
1496.39
1001.16
1302.28
1224.37
1089.02
1438.59
1417.33
1253.04
1269.83
1059.51
1054.77
1293.96
893.282
1076.61
1109.41
1107.94
1393.24
1132.36
1018.88
1466.02
1212.75
1480.31
1148.5
1101.89
1111.71
1257.32
1145.52
1603.68
1278.23
1060.8
1277.79
1128.09
1068.36
1016.8
986.289
1017.32
1006.88
1004.51
1250.72
1145.89
1339.71
1024.25
1015.51
1021.94
1554.48
994.091
895.896
1011.74
1389.52
1012.54
1275.46
1516.46
1004.8
1139.27
1205
1164.87
896.213
1707.99
1292.12
1543.56
1294.27
1033.31
976.134
1076.12
1132.99
1192.6
1058.08
1066.59
1260.64
1087.39
1072.28
1137.14
1213.01
1144.4
1157.24
950.3
1279.51
1073.99
985.681
1202.48
1101.76
1120.21
994.538
1222.41
1100.01
1363.61
1257.67
1084.97
1125.57
1019.67
1054.4
1208.56
1178.81
1520.49
1184.26
954.774
1183.77
1347.44
1364.57
957.752
1109.78
990.104
942.729
1223.66
1042.16
1323.33
817.283
1482.87
1232.53
1257.22
1750.73
1465.74
1289.22
1077.29
1052.63
1051.47
1142.25
1312.79
1265.68
1171.51
1182
894.439
1152.51
1279.72
1173.03
1744.86
1102.48
1038.54
969.69
1301.91
1247.38
1140.46
1111.39
1312.23
1390.27
1199.92
1168.5
1196.78
1131.53
1100.84
1129.97
1042.78
1300.85
1253.25
1416.3
1395.07
988.349
1341.24
1145.97
1102.42
1495.86
1462.68
1129.73
1145.57
1066.16
965.148
1262.96
1282.46
957.404
1126.65
1441.64
1179.71
1464.7
1166.15
1116.95
815.495
1202.21
1118.31
954.171
1193.12
1086.41
1113.2
1309.97
1191.85
991.337
1325.71
904.853
1032.61
1486.82
1243.54
1294.29
1052.54
1223.43
1313.55
1099.56
1438.89
895.281
1186.35
1118.35
996.95
1275.23
980.158
1282.19
1169.27
830.25
1091.7
1068.82
1120.95
1401.86
1130.23
1229.54
1047.51
1593.97
1198.15
1111.35
1421.45
1098.51
1372.62
896.217
1375
1313.35
1122.72
1137.75
1141.37
1210.86
873.792
1099.36
1389.99
1274.02
1737.96
945.11
1249.71
1366.88
1237.09
824.68
1242.25
986.617
1012.12
1419.85
1391.95
1107.83
1166.22
1070.39
756.937
970.316
1153.92
965.589
1096.11
1070.39
1060.15
903.21
1489.25
995.296
1039.59
818.397
1005.95
1270.27
931.319
1083.12
1084.25
1047.66
831.136
1201.86
1248.73
1097.71
1008.68
1272.36
947.289
1107.21
1045.45
1457.52
1342.13
1078.46
1557.17
928.877
1482.43
1191.37
1200.22
1225.57
1207.39
1661.98
1342.15
1537.39
1171.75
876.699
1294.83
1147.05
1188.16
1020.46
945.996
968.531
1008.81
1262.09
941.266
1152.46
1194.61
1265.45
1035.31
956.915
1489.01
827.774
1420.67
1188.2
961.14
1034.96
986.275
1202.36
1171.41
1149.06
1111.88
858.085
1056.41
1153.49
1136.87
993.49
1145.16
947.38
1002.36
1331.16
1082.78
1381.37
1318.12
1163.7
1171.97
1446.47
1234.57
995.647
882.156
1305.75
873.515
933.763
1121.18
1178.09
1136.29
1118.08
1018.75
1131.29
1307.12
1806.05
950.812
1229.26
1066.6
1119.37
1230.18
952.282
885.988
1218.95
1531.57
1118.16
1078.34
897.347
1092.74
982.115
1036.05
907.13
1004.99
894.476
1316.68
1242.56
1291.31
1565.11
979.102
1187.03
1069.03
1015.07
1401.08
1777.53
1204.15
1118.77
1032.12
1131.01
907.927
1113.28
1044.87
1113.11
964.802
1055.53
950.724
1696.01
1032.69
1600.76
1037.52
1067.81
1259.99
1572.77
1173.58
1130.44
1167.71
1095.26
1312.19
1446.05
887.724
1416.8
1305.52
990.22
1234.61
1035.93
891.777
1126.18
1008.3
1038.8
1091.96
941.998
1029.46
1061.24
1100.93
1237.78
1152.79
1065.01
1227.3
1072.09
1125.09
1272.22
1360.19
1067.91
929.971
1340.19
964.921
966.562
1036.63
1026.05
1100.62
862.111
1166.61
1206.11
1017.86
963.427
1344.94
1364.25
1298.69
960.419
1054.57
945.048
1126.43
1233.03
1296.92
1234.44
1219.52
1257.31
1101.25
1267.19
1089.55
1146.48
1025.53
1647.16
1121.63
1216.78
913.911
1101.68
937.842
982.467
1177.33
949.248
1445.6
1568.08
1209.38
1021.98
1061.8
1211.54
955.15
1460.6
1204.05
1244.7
1068.44
1199.87
924.267
1131.52
1128.34
1155.43
1506.11
1425.45
1173.75
1626.61
1091.44
1312.57
1240.97
1330.79
917.871
1051.88
1146.21
992.607
1045.16
1085.69
1132.06
1182.71
821.04
1220.44
1111.2
1039.46
1208.88
1236.41
1309.04
976.409
1052.37
1245.39
1420.23
911.212
1072.65
1487.62
1222.53
912.691
1242.1
1349.38
1096.41
909.991
1004.95
1265.85
1245.17
1141.87
1260.07
1127.99
1236.86
1332.53
1459.19
974.774
1120.24
1020.16
844.646
1224.5
1166.12
1001.92
1089.32
910.451
1210.71
1352.8
1173.19
1311.91
1101.35
996.481
935.829
1262.04
1040.17
1469.75
1384.01
892.405
1097.69
1446.57
887.949
1111.41
920.648
926.154
1029.33
1523.74
1490.55
1222.07
1350.92
1193.16
1139.39
1124.93
1012.38
1048.05
1079.26
983.751
1147.82
943.29
1002.81
1317.66
1200.98
1056.65
982.624
1690.18
1229.02
1067.83
1067.04
1389.85
1488.01
1186.15
1099.35
1086.05
1030.72
1066.06
1310.74
1469.35
1102.31
1238.31
961.422
1112.06
1389.18
1170.03
1081.3
1085.63
1342.74
1180.15
1235.59
1163.59
1720.66
1193.08
801.255
840.15
1692.51
1390.11
1105.43
1418.38
1211.9
1074.97
977.001
910.586
1025.48
1126.68
1149.69
1256.25
954.819
1126.76
1172.76
1164.97
1375.33
1293.07
1013.61
1235.39
1258.88
1063.18
1390.23
1040.51
1122.71
1147.89
1366.67
1094.79
980.159
987.983
916.91
1346.62
1228.57
1014.45
1187.45
1274.21
1199.88
1387.41
1484.86
1342.07
1066.11
1262.72
1516.98
985.147
1528.78
1061.23
938.309
1223.68
1050.51
999.8
1480.77
968.418
1297.8
1062.58
967.846
1461.8
1147.25
1365.03
1278.03
990.791
1038.51
1042.93
1186.67
1200.72
1233.88
1536.17
1538.66
1489.97
982.641
1268.53
1248.56
980.591
1094.19
1012.95
1089.61
1011
1065.35
985.874
1044.59
1045.95
980.361
1222.14
1165.62
1380.37
1150.77
1082.1
1087.44
1058.6
981.028
1138.34
1701.66
1615.59
1284.96
836.493
1042.43
1373.48
913.331
1351.11
1172.84
1126.59
1056.35
1305.75
1280.78
1266.27
1048.26
1057.43
1006.35
1324.32
1281.73
1133.23
1487.96
880.448
911.274
1046.41
936.273
1167.81
870.933
1066.81
973.982
1251.74
1114.34
1089.95
1084.78
1289.87
1000.91
969.716
1547.96
1147.71
995.252
1572.93
889.104
972.847
1396.99
960.049
1125.87
1131.16
1137.5
1162.63
1052.93
882.279
1267.89
1216.27
1078.91
970.274
1016.14
1178.93
1219.47
1010.22
1045.52
1096.09
1415.22
1246.5
941.987
888.426
1149.52
1137.86
1021.6
965.998
1288.76
1268.54
1092.25
1322.59
1002.76
1128.37
993.292
859.57
1394.12
1360.35
1100.31
1172.87
958.939
1210.85
1628.27
1153.14
1123.52
1281.99
1120.5
1097.46
1098.58
1419.44
927.152
1216.43
1162.91
862.243
890.288
1264.64
1006.62
1214.14
879.567
1330.75
1090.31
1320.06
932.574
1496.11
1205.24
1257.57
1236.78
981.49
1257.36
1193.1
1397.37
998.341
759.147
1191.27
1312.4
1215.93
1107.26
949.651
1065.76
1123.81
1265.15
1428.84
1112.23
1362.19
1078.96
1170.99
1433.93
1092.54
1162.32
1438.13
1326.3
1392.69
1291.69
1226.83
1139.39
1268.96
1147.34
1304.24
1090.19
1148.57
1299.53
845.262
1387.99
1110.62
1307.08
1004.38
1555.5
1023.98
1297.03
1326.21
1347.57
928.336
1164.5
1191.84
1256.48
1369.66
1256.18
983.504
953.936
962.742
1194.91
1497.03
1053.91
1216.46
1129.19
886.883
1042.39
1246.02
1162.92
955.782
1071.53
1373.75
987.857
1140.48
1094.3
1235.28
1214.78
1711.44
1275.21
1028.89
1662.53
907.718
1395.42
1042.81
1622.19
1145.65
1553.39
1554.02
1074.55
1209.9
1922.93
984.259
1292.19
1221
1267.3
1449.89
1233.65
1085.88
1145.53
833.458
990.236
1181.78
1137.75
1025.21
1641.35
1429.76
988.649
1177.8
1081.73
1333.18
1305.25
1117.29
1046.56
878.647
1263.06
967.435
904.325
1237.1
1241.2
1031.18
1250.06
1211.35
1381.85
1426.08
978.262
1426.09
1062.58
1422.75
1045.55
1184.37
1798.13
1338.61
1187.13
1529.42
1231.95
1209.53
821.238
1406.7
1040.85
1074.77
914.837
1521.86
1226.13
1181.24
1091.11
1190.64
1029.35
1185.33
1291.53
994.533
1005.22
1096.65
1152.9
1109.63
1810.25
969.286
1184.12
1245.72
1030.16
1038.47
1058.6
1071.34
1357.39
1178.34
1116.68
928.775
1232.95
1038.21
1312.77
1057.55
1417.92
1593.81
1108.92
1250.93
1051.51
1310.6
1164.49
970.172
921.373
1350.63
1016.95
914.077
1066.83
1040.69
1105.55
1323.9
897.471
1532.71
1037.19
1146.12
1314.85
1071.51
944.163
942.773
1512.61
1071.57
1032.22
1087.39
1290.41
1022.6
1260.01
893.991
1570.14
1051.54
1132.1
1228.4
1288.01
1180.56
1099.31
1048.28
1135.22
1228.01
1122.18
1021.57
865.489
954.041
963.745
1256.47
1439.41
1517.69
1856.96
983.393
1335.12
966.783
1117.8
1026.29
1006.7
1155.85
1083.6
1208.26
754.419
1251.48
752.587
1241.81
1340.8
873.824
852.639
901.623
1073.11
1126
1215.05
1176.47
1232.14
973.182
1389.05
1145.99
997.898
1262.75
1143.23
1286.12
1370.32
1247.57
957.892
1102.16
1198.67
1024.42
1066.62
1273.18
1418.82
951.113
1726.53
1050.53
1052.01
1205.54
1158.2
1235.36
1045.84
981.401
997.973
1419.9
1853.02
1531.94
1257.77
1250.67
1005.7
1263.44
1106.2
1159.75
1085.31
1056.81
1105.7
1291.8
913.157
921.647
924.216
951.579
994.039
1045.08
868.746
1055.94
962.762
1165.79
1157.88
818.945
1022.19
1184.64
1117.3
1206.78
1688.04
1092.6
1218.28
995.564
956.625
879.922
1277.19
1150.12
956.912
1212.37
1594.03
973.512
836.768
1176.87
1041.24
929.04
1256.9
1072.88
973.78
1334.28
991.631
1023.07
1082.17
1151.45
1244.15
1152.15
1036.36
991.091
1193.98
1025.21
920.937
1265.7
1062.6
1245.04
1132.84
957.433
2190.82
1103.18
1201.3
1196.19
1555.53
1496.94
1011.05
1080.66
1270.6
1166.05
1182.34
969.737
985.237
1162.15
1106.15
857.053
1025.47
1128.58
1394.91
1066.54
1090.11
1084.54
1213.13
979.72
954.213
1080.4
1279.61
1212.76
1254.2
1149.42
1009.14
1344.03
1466.88
1260.12
1217.74
929.439
1158.13
1291.49
1281.45
1223.36
1165.48
1247.97
1554.39
1191.6
1009.38
873.049
1026.67
1128.9
1434.66
873.91
1140.98
1117.97
1104.66
1042.67
1188.8
1336.56
1035.17
1043.58
1254.85
1187.05
984.033
1060.6
1533.51
1368.71
1176.84
1139.92
1037.95
1054.94
1330.75
1780.4
1214.32
895.636
1282.05
1549.39
1096.91
1001.96
1185.41
1195.19
1595.94
1195.82
1020.29
1071.4
982.406
987.043
1284.11
1259.3
1273.29
1572.69
1124.51
1088.57
972.48
1412.35
1243.28
1174.03
979.877
2355.36
986.597
1316.18
931.992
1016.53
1501.86
1108.47
1106.22
1159.48
1035.64
1018.35
1016.97
1331.13
1262.62
1333.46
1468.34
1469.71
1412.45
814.856
1049.88
1371.04
936.129
2119.63
1389.61
1018.79
1023.57
1361.48
854.51
1185.41
1118.07
1369.71
966.83
1158.43
968.596
1145.58
781.227
1041.34
1132.06
1356.15
1109.79
1020.07
1214.3
1133.06
871.406
882.45
1068.87
1220.66
1134.15
1179.44
1108.9
1081.07
988.263
1515.55
1250.12
1180.46
1436.48
827.586
835.872
1262.24
1447.62
1460.98
1217.96
1060.04
787.588
904.785
1096.49
1310.85
1200.91
1015.19
986.965
1187.3
854.74
1238.23
860.482
868.719
1066.61
1026
1057.04
1056.81
1179.12
1415.79
1072.05
1224.54
1041.01
1181.26
1155.11
1483.04
1205.78
1088.09
1228.2
1216.11
1397.2
993.838
1152.76
1691.12
1271.24
1121.85
1184.19
1144.3
919.617
1046.39
1099.12
1116.79
1213.81
1292.23
1115.46
993.39
1138.03
929.999
1298.4
1035.08
997.841
811.007
1456.96
1193.99
1157.81
1267.54
935.724
1451.62
1410.21
1269.07
1015.55
1207.72
922.695
1117.49
1088.37
1201.86
1104.14
1510.42
1001.25
994.116
1232.51
1311.28
1139.88
1248
941.688
1221.94
1616.51
1190.34
1473.76
1282.12
1224.48
1074.22
920.937
1479.82
945.035
1157.78
1091.1
1096.72
1009.93
1158.5
1207.73
919.493
1173.6
1154.02
936.792
1088.52
983.06
1141.44
1010.1
1353.64
1152.25
1585.69
977.234
1165.27
1164.9
1064.49
1157.61
1325.33
1436.54
1268.42
1172.58
1006.2
1161.58
1057.41
1023.51
1100.38
1045.18
1156.29
1066.52
1230.55
1512.39
952.989
905.503
842.432
1105.64
1204.58
1422.67
1145.75
1174.96
1127.32
1181.38
1509.7
1207.51
783.171
1103.23
935.567
1326.33
1157.77
1259.45
895.721
1388.9
1190
1320.05
1489.82
1373.67
1263.15
1136.88
1021.81
1207.87
993.197
1224.69
1375.69
1358.52
1078.5
1033.97
1319.06
1060.39
916.869
1608.93
1469.57
1171.61
1162.57
1080.84
1085.62
1030.94
1300.23
929.064
1052.96
1104.93
1052.06
1308.95
832.333
1497.3
1405.93
1208.52
1191.55
1227.54
855.804
1225.93
1106.03
1321.33
1098.02
1135.86
908.842
1202.7
1005.81
948.949
1170.53
1009.13
1287.08
1139.98
1266.07
1115.19
1120.47
1037.98
1005.34
1002.77
1315.87
1150.35
1241.61
1003.71
1322.17
914.126
973.305
1165.94
1043.31
898.541
1201.64
946.416
1347.18
1246.68
1119.43
952.825
1159.95
1046.03
1584.1
916.038
1067.36
1328.09
1027.45
1441.7
1539.61
980.001
1283.4
1734.28
1136.5
1155.09
1180.55
1112.95
1217.44
1787.8
1049.35
947.123
1200.84
1264.91
968.144
1326.77
1245.65
1245.01
1101.7
1139.54
1084.81
1641.02
1043.59
883.751
1323.47
1661.86
1069.88
1241.13
1473.59
1294.76
1257.42
1320.45
1194.95
1477.62
1153.1
1021.21
1232.22
921.867
893.014
1222.05
1431.78
1053.97
1107.96
989.754
1360.98
959.802
898.877
1006.52
1120.15
1208.85
1135.23
1234.22
1237.48
1021.42
992.456
1079.46
975.843
1378.32
1011.5
882.024
1173.29
1401.2
905.537
1162.86
996.611
1147.39
1210.98
1169.1
984.081
1021.27
1035.19
1514.7
1395.59
1074.14
1054.73
1035.83
1315.16
828.968
934.363
1097.82
1112.53
1261.13
1314.6
1107
1302.65
1236.74
845.434
955.889
1076.26
1046.75
1018.35
1980.26
1180.54
1254.83
1195.77
1137.95
1434.49
1083.52
1163.31
1322.91
1057.44
1012.08
1258.76
1181.61
1012.82
1228.69
991.963
1405.36
1071.28
913.085
1329.78
1051.34
994.162
1097.11
1104.21
1038.87
1167.58
1291
1143.59
984.768
1153.92
1151.37
1118.24
917.402
1191.98
1346.56
1390.83
1047.56
1548.87
1259.69
1122.56
943.182
1044.9
1246.89
1384.42
1020.15
1218.6
1155.67
1064.18
1093.89
1134.42
1035.57
1286.17
1015.89
1044.97
1125.83
1016.37
956.131
1063.44
1040.26
1111.28
847.14
1204.5
1264.37
1214.97
1369.95
1228.87
1076.13
914.588
989.185
1174.17
1007.35
1469.85
1090.41
1555.3
1046.4
1202.73
1131.41
1042.41
1376.87
1222.43
1159.55
1139.93
1413.04
1501.27
1286.62
1360.58
1179.23
1278.7
1038.94
988.882
1245.12
1084.92
1189.01
1110.88
1041.16
1788.53
1488.89
1171.15
1258.99
1184.19
1073.18
1007.08
1112.41
976.726
847.608
985.885
1048.87
1080.88
993.896
999.134
1272.66
1152.81
1072.91
1023.88
1204.69
1095.29
1364.46
1207.18
1514.61
1396.1
1505.38
938.164
1321.27
1180.38
1101.02
1283.11
1037.58
1025.34
1343.61
1582.11
921.375
922.643
1281.76
1364
979.674
1184.54
1082.96
1061.13
1715.92
1272.49
984.112
1000.41
1094.87
1079.83
1248.71
1219.71
1286.07
1040.21
1137.24
1294.09
1001.66
1104.28
1344.51
1108.73
1662.84
1126.52
1250.05
1060.77
934.848
989.038
1299.82
1122.63
1234.59
1104.44
1163.49
1357.79
1061.86
1156.91
1326.73
1315.61
1090.67
1240.74
1260.1
1943.51
1327.32
1062.28
1259.07
980.445
1275.56
1200.29
1170.49
1138.23
976.887
849.484
1253.83
1123.11
1472.32
1363.85
1271.67
1171.6
1361.62
1298.88
1116.68
1213.15
1356.07
1336.88
1133.27
1195.43
1138.05
1108.03
1473.37
931.387
1247.61
1208.69
1061.37
1350.13
1375.33
969.099
947.21
1235.28
1130.87
1521.6
1119.58
990.523
801.991
1272.73
1049.82
1175.67
1102.42
1234.03
1264.37
1128.06
1068.72
1054.59
941.265
1105.13
1927.75
1352.77
855.719
1363.38
1048.42
1082.19
1233.24
1373.73
988.855
1240.32
1168.11
1049.77
953.814
1190.35
942.037
1501.12
1300.65
1031.14
1076.74
994.222
1100.74
1250.4
884.172
1149.43
1156.26
833.427
1181.35
1068.16
1209.79
1080.1
1037.61
1031.19
1179.76
919.663
1163.21
949.743
999.898
1492.73
1245.9
1329.91
828.904
1233.92
947.52
1051.77
960.874
1574.66
1150.44
1049.32
1338.78
826.04
1066.34
920.877
1036.9
1590.47
1167.78
1055.7
1227.03
1246.97
899.629
956.736
867.822
1125.96
1662.01
1381.71
1486.45
1534.86
862.307
1174.32
1081.84
1095.06
993.002
1272.69
1293.37
1089.59
969.88
1176.28
1055.4
998.789
1185.52
895.235
981.332
1280.84
1142.26
1264.58
1256.33
1337.19
1119.76
1191.91
1241.91
1069.36
839.049
1010.28
820.241
1332.87
1039.88
1018.53
1251.46
1210.18
1406.84
1150.15
1126.94
1250.37
1166.7
1244.5
1173.16
1574.27
950.239
1104.34
992.277
1024.12
1032.14
1198.49
981.973
750.968
1168.59
928.601
1243.11
1142.75
1364.17
1373.34
1509.47
1126.8
1211.14
733.468
833.64
955.019
1026.12
1189.83
1470.05
1124.75
1033.37
1002.7
1030.37
1194.41
878.726
1164.1
1449.03
1474.93
1228.56
985.921
1099.01
1329.09
986.923
1141.67
1144.32
2003.59
1051.53
1059.66
1168.7
1216.64
1009.27
972.68
844.362
1154.34
1132.43
960.709
1133.61
1303.16
1076.2
1711.83
919.389
1010.56
1048.02
1170.49
1259.63
967.187
1422.53
1690.24
1068.69
1180.95
1079.02
1169.24
973.184
1026.4
1193.56
1171.01
955.622
1315.69
1202.58
1198.17
1449.91
1075.17
1277.04
1631.46
1290.12
1438.8
1110.67
968.876
1094.46
1104.75
1000.56
1247.61
1254.68
1460.41
1818.18
1120.09
1502.84
1063.39
1570.19
1111.04
1076.81
1024
1373.96
982.843
1179.51
1271.13
987.303
1116.04
1104.55
1435.01
1026.4
1857.95
1006.87
1322.57
996.808
1486.52
1229.65
1056.07
1190
914.929
991.401
1349.88
1581.36
1068.87
1155.8
1585.38
1049.31
1019.02
1518.84
827.308
1395.7
1047.48
1630.6
1239.29
954.279
1429.49
959.091
1562.79
1034.88
1067.39
2184.03
1066.15
1474.58
1553.82
1255.15
1716.63
1148.06
1081.49
1243.93
1078.27
1452.16
989.613
1328.32
992.634
1160.67
1119.84
944.388
1392.13
1602.38
1157.92
1116.29
1015.5
1134.65
1068.26
1097.94
1323.41
969.098
1141.5
1074.91
1353.48
1131.4
1492.5
971.366
1692.27
1289.47
1180.17
1149.54
1114.63
982.967
1151.39
1471.48
1577.12
1056.68
1045.5
1179.26
1038.66
1306.6
1389.43
993.181
1046.45
960.344
1192.68
1070.62
1257.48
1540.77
1607.03
1358.98
903.617
1227.9
1591.9
1455.5
930.844
1185.45
1150.95
1118.15
1703.16
1021.21
1128.24
1037.16
1165.01
1244.55
1128.52
1046.9
1074.11
1130.07
1105.78
956.839
1158.97
975.508
1681.95
1223.41
1222.16
866.103
1002.31
852.02
1267.5
1681.14
1017.47
1206.73
1325.44
908.723
1049.24
1299.19
1240.5
886.508
1104.32
1187.37
1117.57
1190.18
1268.43
1126.39
962.976
1641.18
1047.45
825.831
1048.1
1264.22
1157.44
1279.76
1369.6
1226.48
1187.71
1195.65
1620.54
1217.99
938.427
1330.32
1355.18
1209.09
1164.38
945.315
925.392
981.365
991.222
975.68
1114.88
969.389
1333.83
1092.3
1197.57
1139.71
1378.48
1447.84
1231.36
1372.52
1249.89
939.194
1065.12
1133.03
1370.67
1073.41
1312.56
1467.57
1449.38
1415.6
1155.57
1001.04
1090.67
1258.05
937.723
986.029
984.421
1139.37
1194.96
1369.07
1308.05
1457.05
1177.55
1195.1
1197.35
1545.3
1135.69
1064.19
1280.59
1317.52
1197.79
1149.49
1461.62
1378.87
1406.57
1201.53
1616.82
926.908
1021.97
1031.52
1507.61
1293.18
937.608
940.54
1656.24
970.9
1269.72
1164.61
1503.5
1058.86
1077.44
1209.32
1004.59
1236.02
1262.37
1001.94
1194.71
1124.29
1333.08
913.135
1010.47
1358.63
1342.44
1259.84
1226.82
1213.93
1469.56
1220.73
1152.74
1302
1270.33
1159.62
1154.81
1208.34
1426.24
1104.26
1354.23
1205.48
1245.75
1228.53
1193.5
1030.43
1191.59
1177.45
1397.9
1140.99
841.093
1206.28
1316.34
900.681
1138.02
925.548
1150.1
1219.81
1303.05
1058.16
1109.74
1124.42
1198.03
1475.67
1084.78
1088.53
1132.61
1212.69
1215.6
1273.32
862.061
1108.84
1784.35
1101.17
996.295
1072.41
1010.97
1047.86
1266.94
1537.23
1307.94
1556.97
1207.83
1179.47
1065.52
1070.65
1226.76
1144.9
984.887
1092.83
1117.89
1116.01
1164.46
941.403
1468.14
1311.26
1211.95
948.903
998.732
914.766
906.418
1058.89
1100.85
1900.12
1126.77
952.964
1020.49
1274.31
1108.63
1163.53
1681.87
1074.94
1182.96
1076.84
1094.35
1208.97
972.436
1018.1
1061.11
1123.68
1147.37
1018.79
1100.68
1186.62
1316.26
1439.37
1123.53
1727.04
928.501
1114.79
1226.5
1321.35
1307.37
967.346
1046.66
1165.61
971.077
1017.06
1055.01
1276.08
1990.99
1159.04
1123.41
1180.93
1248.92
1317.03
1118.95
1033.36
1011.07
1004.01
1208.68
1190.51
1267.17
1216.1
1226.42
1173.66
1186.65
1465.15
1271.55
1398.24
1578.79
1159.02
1181.16
1017.29
884.209
1001.07
1118.89
1207.5
932.607
1003.86
1165.19
1144.05
1459.03
1235.97
834.424
1217.92
1114.95
1403.1
1324.23
1051.57
944.027
1322.96
1247.09
1323.19
1043.63
1092.97
1248.18
1283.57
1118.51
1389.99
1236.78
1178.8
974.51
1027.88
1081.48
1049.77
1072.75
1004.79
1132.87
1222.12
1059.78
1171.24
1022.78
951.56
1219.44
1208.13
1711.13
1110.14
1186.25
1103.88
1327.37
1369.82
1017.32
1453.49
971.868
967.186
1081.51
1607.34
1073.78
1158.96
1044.03
1018.18
932.93
1119.09
979.801
1242.75
1238.56
820.972
1296.54
1159.98
1123.9
1044.03
1439.15
1355.89
1015.74
1120.98
1477.67
1522
1230.44
1274.96
1039.22
1090.41
1136.96
1673.4
1590
964.039
1197.61
1158.47
1075.99
1190.27
1193.27
1037.55
1159.17
1698.74
1208.64
1201.4
1534.71
949.653
1098.77
1086.59
962.489
1141.07
1102.69
1077.93
1121.87
1294.38
941.793
1336.68
1258.78
1073.74
1215.5
982.848
1213.93
1094.18
1035.39
1145.95
871.701
1708.32
1242.29
1362.55
1098.99
880.084
965.223
1279.21
1304.34
999.532
994.971
1380.75
1235.8
1174.82
1487.81
1297.77
1102.71
1285.3
994.993
1134.12
934.748
1040.1
1091.96
1648.25
1175.68
1551.39
841.485
1270.46
1422.82
1345.86
1053.62
1258.13
1451.7
1025.1
1348.23
1128.79
1176.78
1157.98
1691.07
1026.48
1264.83
1628.45
1392.51
984.378
1093.9
1196.43
1257.77
1260.28
1168.23
1046.95
1212.1
1086.65
1704.78
1053.36
1283.86
1216.85
1033.58
1364.47
970.349
1139.72
1017.92
1132.13
919.951
1104.89
1127.76
1470.55
1120.29
1409.23
1476.04
908.723
1126.31
1151.91
1040.62
1237.22
972.651
1013.19
1064.79
912.151
1052.13
1019.93
1112.89
1041.18
1294
1055.34
975.554
1417.4
1000.93
1024.73
919.982
1253.01
1241.91
1083.67
1069.7
1161.62
1058.07
979.183
1159.58
1025.62
1048.32
1303.01
1358.43
1742.22
1000.92
1142.46
954.507
935.529
986.648
1285.81
1390.29
1146.21
1326.99
1544.76
1169.14
1082.19
1038.38
1502.03
911.012
1299.28
1231.94
999.551
1297.85
1041.84
1471.51
1097.91
1054.65
1263.51
1333.63
1499.95
953.43
1150.14
1438.16
1401.66
1079.85
1126.93
1362.46
1177.95
1207.96
1095.55
1549.45
1125.07
1136.27
1108.53
1129.62
1182.63
1054.5
1114.9
1421.24
1184.39
1156.17
1181.25
1090.28
1010.48
1032.66
1120.56
1110.89
1089.66
952.835
1078.12
1036.4
994.903
1308.12
1235.41
974.322
1438.41
927.423
1420.54
1035.16
1149.92
883.852
1423.84
1086.77
1292.21
1187.75
1278.06
1244.51
1127.4
1088.01
1276.55
1365.69
1122.6
1036.4
1012.77
1292.64
1063.56
1047.16
1227.15
980.931
1162.66
1215.89
1358.68
1097.58
1281.6
1034.1
1316.58
1439.39
1548.17
1213.51
1317.21
1116.35
1135.95
1311.22
990.452
1365.87
1115.7
1719.58
1255.24
1207.81
1117.13
966.987
1081.63
1015.58
1238.57
1166.43
1100.29
1245.55
1472.9
1333.24
1002.33
1055.52
1239.99
1011.19
1161.12
1224
1196.41
832.255
961.376
969.251
1091.93
1258.67
820.778
980.747
978.914
800.548
1388.48
1216.62
1311.42
1271.84
1140.66
1210.65
1177.18
1308.86
1113.7
1049.97
1329.75
1561.32
1247.58
1284.56
967.342
1239.2
926.305
998.754
1423.98
984.687
969.045
1199.21
1374.44
1442.94
1188.06
1004.28
1126
1009.59
1360.5
1095.11
1074.16
1006.61
907.688
1507.64
1480.76
989.001
1155.09
869.228
1166.5
1220.87
1062.03
1916.87
1073.54
1366.47
1108.07
1106.52
1517.44
1752.08
1479.12
1324.42
1273.5
1096.28
1150.43
1169.64
901.603
1232.07
1357.54
1232.11
899.029
1432.33
1419.29
1447.87
1107.23
954.205
1180.77
1237.56
1454.38
1197.64
1156.85
1528.98
1201.09
1194.64
1236.33
1099.09
864.753
1012.4
1072.21
1260.38
1677.39
1408.93
1420.68
1035.6
1398.1
1081.22
1049.03
1205.66
1070.71
1091.77
1197.3
998.728
1111.66
1216.63
1238.19
1618.71
1290.13
1217.33
920.362
1063.44
970.727
1215.82
1244.66
1015.31
1123.96
966.747
1229.61
1124.63
1375.23
1764.2
874.729
1182.84
1015.66
1377.11
1030.46
981.019
1284.95
1112.48
1467.2
1284.92
1268.36
987.48
849.363
1077.78
1016.6
1213.89
1491.71
968.194
1313.13
1026.69
1155.82
1084.19
1134.39
1091.65
1444.37
1399.87
1229.76
990.639
1418.43
1262.33
1155.55
1685.75
1080.98
1008.46
1593.03
1197.67
965.181
1321.27
1296.87
1260.59
1320.63
1144.79
1556.59
1306.84
1170.07
1267.52
1064.47
1138.44
1604.95
1423.23
1002.1
1456.56
1553.48
1053.74
1210.96
1190.26
1079.5
1164.78
1171.25
1284.23
1210.72
1204.67
1509.58
899.123
1012.62
1066.01
1311.38
1094.52
1025.55
1007.7
990.811
1044.63
1302.87
1071.68
1231.33
1067.18
1323.35
927.192
938.013
1108.14
1267.87
1235.71
908.639
1690.69
1200.23
1087.15
1142.99
981.047
1140.48
831.574
1049.33
988.023
1145.83
1330.79
1212.42
1294.49
1070.71
1140.35
1172.79
980.718
1454.18
1049
1199.52
1049.81
1383.33
1418.68
1050.05
1040.45
1221.4
1008.2
1355.33
926.904
963.166
1114.39
1120.27
1357.08
1023.96
1245.81
977.876
1148.46
1602.44
1094
1097.48
1162.39
1514.36
1269.71
1145.01
1222.31
1233.03
1066.24
1415.45
1338.87
1074.51
1035.12
1700.5
1096.38
1030.09
967.322
1124.43
963.8
956.847
1210.07
1404.14
1098.66
2018.94
1270.19
1252.85
986.03
1298.91
1204.34
1438.96
854.723
1142.98
1178.52
1106.19
1242.97
1110.32
929.137
1466.24
997.517
1010.44
1035.78
1332.66
1132.05
1106.38
1031.63
1308.76
1028.75
1032.62
1267.9
1172.54
1161.16
1043.71
1003.07
1009.53
1344.98
1181.3
1260.06
1037.07
1052.28
953.166
859.19
1780.97
841.867
1047.91
1129.79
1083.35
998.556
1022.62
981.47
1058.33
1422.38
1026.84
1142.29
1183.93
1197.25
1170.68
1631.03
1102.56
1045.89
1011.04
1028.5
915.561
1308.73
1361.04
1018.2
885.546
1363
930.005
1053.07
1122.6
998.751
897.478
1489.15
1169.57
1266.41
980.875
1345.59
968.023
1121.92
976.806
1106.66
1487.95
1126.27
1246.19
1667.13
951.48
1151.12
866.381
1300.02
1480.76
985.09
1195.28
1187.32
979.323
1264.13
1155.76
841.833
1151.74
1430.66
1309.76
1149.08
1377.97
1115.72
1148.61
1348.81
1250.51
1256.78
896.996
1072.45
1289.71
1258.49
893.539
1551.83
1665.22
1184.53
1728.58
1356
1420.95
1241.81
1237.37
1114.38
1074.33
1230.6
1291.22
1097.49
912.442
1514.41
1302.66
1299.56
1044.11
1154.18
968.362
1012.1
1182.04
1364.95
1290.08
1180.69
1106.47
1120.3
1372.86
1148.67
1509.68
1209.51
1323
1302.14
955.462
1138.15
1131.81
989.97
1663.38
1341.39
986.048
1134.26
1160.42
961.602
1275.65
1044.79
911.515
1000.73
1086.9
1175.73
1022.26
1232.34
1312.39
1099.4
1195.32
970.228
1207.88
910.809
1165.27
940.101
1042.64
1172.35
1309.29
884.244
1219.18
1170.26
1221.72
1517.86
1105.57
1158.57
1203.98
1437.01
1056.18
1418.11
1267
1202.88
1194.57
1235.1
1198.77
1158.42
1217.8
953.744
1290.28
1273.39
1134.67
1057.86
1052.43
865.407
1273.07
1113.55
1079.62
1061.55
1421.95
1325.17
921.148
1087.94
1096.37
1068.45
1209.55
1154.66
1548.46
1244.04
1309.51
1287.67
993.673
1082.25
1239.72
997.894
1006.21
1384.55
1278.4
1254.73
1077.38
1215.3
1171.3
1113.05
1056.01
779.383
1230.04
1225.62
1388.69
1196.12
1032.83
1047.28
1420.56
1563.64
868.674
1258.19
1320.66
1009.17
1296.66
1116.26
1094.77
1038.62
1429.42
1038.49
1143.08
1274.51
1300.63
1022.62
887.107
1298.08
1381.58
1285.09
970.238
1215.69
1335.97
1119.04
1353.63
1262.82
1326.35
886.752
985.915
984.159
888.829
1347.83
983.352
957.733
1101.27
1457.35
1569.27
1165.06
1176.48
1322.86
952.552
1277.2
1105.8
924.082
1419.24
1310.59
1093.85
1335.74
976.787
1011.79
988.381
1491.94
1298.29
1174.31
1098.07
1424.17
1152.72
1077.22
1155.19
1051.38
1363.69
1164.71
1330.99
1126.82
1211.13
947.795
1236.97
915.807
1189.11
1121.27
1154.58
950.685
1139.54
1045.6
1296
1236.23
1754.8
1126.79
866.295
1235.55
1180.53
1159.36
1375.11
1349.17
1185.77
1061.14
1834.06
1049.45
1129.85
1627.1
964.663
890.19
974.431
1569.77
1248.94
1272.51
1064.81
1160.88
993.295
924.915
1342.47
1073.08
1050.54
1209.53
920.305
942.448
1006.86
1088.48
1043.73
974.459
1051.11
1401.99
1240.75
1129.6
996.016
1002.02
2514.91
2005.89
990.896
1093.19
1667.34
1086.15
1293.84
1130.86
1148.06
1368.42
938.002
1013.74
1140.76
980.455
1695.99
1115.31
943.961
1371.17
909.971
1226.72
2131.21
1101.61
1851.04
1092.82
986.958
1064.78
1289
992.343
1180.79
1276.4
1059.79
1171.97
1322.84
1114.57
1599.17
1272.34
1198.57
1178.9
1285.31
941.504
1395.07
932.361
1001.76
1209.98
1073.24
1054.03
911.449
1144.89
972.059
1118.98
968.159
997.152
1380.32
1186.83
1059.62
1146.62
1084.66
1407.03
871.887
1063.59
1132.03
896.661
1118.57
1354.41
836.704
1386.33
1078.61
1377.2
1339.03
1066.97
1467.48
1043.21
903.164
1176.57
1261.78
1083.61
962.148
1026.12
1680.67
1115.23
963.932
1333.52
894.842
998.96
960.736
1278.13
951.358
1057.2
1223.66
1105.91
1098.87
1058.39
1001.24
1059.44
1540.4
1296.18
1049.51
919.459
1241.59
1099.35
1096.99
1085.94
1258.15
1586.18
1170.49
1631.53
1106.14
923.702
1150.85
1161.66
1186.71
1234.69
1542.52
1059.83
1029.51
977.138
900.326
1061.42
1299.53
1230.74
1102.7
1057.83
1081.98
1556.68
892.99
1155.83
1713.41
1039.58
1129.9
1402.4
1103.31
1274.37
1028.37
1263.34
1122.01
1073.97
1029.22
1028.24
1220.57
822.151
1006.1
1558.93
1094.03
1572.3
1306.36
1126.26
727.879
1002.06
1560.37
1003.88
989.188
968.135
1658.28
1021.9
1257.51
1549.42
1120.34
1128.96
1111.2
1216.49
1140.19
1154.21
1125.87
1155.92
1217.38
961.015
993.244
1080.91
1068.12
883.998
1093.14
1753.76
1072.97
1036.98
814.235
1083.46
1159.34
905.451
1165.1
1212.76
1032.23
1339.66
1381.18
947.7
946.413
1147.3
1298.27
1217.73
1036.88
1246.12
1261.38
1086.71
961.974
832.306
972.026
1147.83
1258.76
1168.18
1809.01
1531.11
1319.15
1010.42
1219.41
1135.17
996.01
1220.97
1045.79
1140.17
975.087
1083.8
858.955
1292.48
1127.4
1039.96
1308.92
1106.14
984.481
1134.03
1141.08
1005.16
1388.19
1154.56
1037.35
1190.07
1088.74
1134.1
1186.43
1036.56
1087.67
1103.41
1007.78
1328.64
1030.84
1093.37
1096.81
1262.57
1522.99
1040.63
1166.97
1106.44
1148.48
1373.79
1076.02
982.872
1138.99
1319.03
991.509
951.569
926.905
1168.29
1323.35
1112.18
1017.8
1181.72
1117.06
963.932
1042.22
1349.57
1197.68
1196.19
1111.76
1488.57
1061.81
1094.06
1117.23
1085.39
1141.02
1073.09
1092.21
1236.44
970.499
1072.79
1167.48
905.75
1316.07
1066.67
981.696
1175.26
906.058
928.258
1199.57
1141.73
1444.23
1278.24
1066.23
1273.66
1504.2
1476.55
1196.93
866.927
1096.49
1409.69
952.664
1087.06
1145.91
1188.12
971.191
864.464
961.907
1068.4
1282.25
1162.84
1027.23
1157.8
956.599
1164.2
1183.52
1310.64
1206.25
996.437
1022.99
937.261
1422.41
949.013
964.235
1252.23
1152.2
1302.35
1173.06
1019.15
970.877
1105.55
977.47
921.799
931.195
1318.78
1006.47
1220.83
1125.52
966.521
999.619
1286.78
1046.95
860.886
947.531
1218.39
948.863
1073.12
1292.34
1170.08
1132.88
1564.56
1328.99
1208.59
946.811
1233.06
1049
1096.98
1249.85
1037.68
1234.63
1346.21
1351.08
1024.38
1132.7
1185.56
909.385
1476.48
1122.71
1353.84
1241.36
1305.49
847.39
1176.9
1059.71
1084.31
995.817
1429.72
1237.93
1019.13
1039.86
1250.51
1104.06
1154.75
1393.1
1123.95
1181.89
1553.35
1127.71
1241.08
1514.56
1291.9
1031.67
1259.3
1130.13
1390.17
1486.63
1070.33
984.066
1213.47
1125.58
1103.22
1093.57
1110.21
967.455
1678.75
1405.3
1086.3
1176.53
1132.47
1285.28
1258
1008.81
1143.32
1291.5
962.936
950.634
1260.14
1235.99
1115.59
1507.88
1203.64
1334.58
922.885
1157.45
1463.9
1270.87
1169.36
1327.42
1091.76
908.015
830.422
943.141
1116.6
1154.74
1183.99
1172.51
1125.04
1018.02
754.147
1113.61
1026.07
1518.67
1072.12
987.052
915.151
1233.96
1335.8
1161.76
1167.93
1447.62
1113.07
857.841
949.82
1224.71
1067.27
1265.9
991.678
1158.36
1684.95
1218.61
1214.68
1088.67
1124.49
957.893
1012.19
1002.95
1140.84
1111.98
982.638
1453.37
1386.46
1616.35
1320.09
1006.56
1651.63
1135.26
1044.15
1530.56
1187.92
1644.75
1078.78
1083.01
1120.52
952.014
1450.6
1113.62
1335.16
1209.57
1202.25
1180.14
1359.7
1077.03
1122.01
1028.17
1367.93
1078.91
875.481
1360.43
1156.39
1102.61
1323.38
931.559
980.223
717.575
1130.12
1058.27
1017.69
1351.78
1054.35
1053.3
977.993
1127.94
1103.82
1198.79
950.771
1228.52
1102.4
1020.62
1355.79
1065.14
1058.63
1014.84
1373.54
1207.05
1083.92
1014.55
1287.1
1062.11
998.884
981.647
1171.29
1742.52
1538.24
1293.47
1494.59
1110.99
1089.42
961.235
1421.84
975.184
1406.35
1052.8
1319.23
1427.05
973.566
1060.36
976.864
1065.15
1167.85
1245.91
921.9
1104.31
1141.02
1348.1
1021.79
1039.16
1462.38
1063.55
1130.94
1133.62
1194.28
1390.26
1073.94
1338.31
1342.28
1251.94
1221.55
971.98
858.91
1031.18
1118.74
947.263
1430.98
1391.89
1179.35
1166.71
1493.93
1612.13
1074.82
841.982
1106.43
1152.24
1105.64
1692.88
1023.63
1147.41
1316.25
1249.88
1224
1286.86
1058.75
1020.49
1089.82
1315.2
1334.92
996.428
993.25
1178.35
908.172
1172.86
1255.2
768.458
1663.32
1302.79
1701.61
1197.49
998.189
1075.28
1069.55
949.752
1021.32
988.501
830.242
1091.91
1014.82
1549.56
1014.24
1369.75
1104.99
1322.04
1021.64
977.785
1391.04
1290.4
916.607
972.791
974.321
1268.79
1067.46
1285.71
1116.45
1336.5
933.845
998.141
1215.74
1299.81
1027.43
1065.57
1097.28
1071.72
1319.39
998.064
1330
1042.09
1104.56
1410.49
977.242
1164.08
1091.37
1247.42
980.827
1500.53
936.246
1199.28
1165.15
1131.23
1089.03
1031.09
1418.63
834.286
1020.03
1104.16
1348.72
1195.09
1722.06
1136.25
1023.35
1358.35
1216.9
1033.7
1042.97
1217.74
1235.01
989.575
1471.89
1443.41
1173.28
1251.24
1180.11
1070.5
1327.63
985.221
1602.68
1010.69
1219.95
1421.26
1095.73
969.981
1104.19
1521.66
1141.56
965.942
1047.57
1152.02
1149.76
927.633
1296.87
929.006
1456.29
1158.29
956.794
1068.57
816.965
1165.31
1151.48
928.401
976.506
1366.09
1142.58
1286.72
1187.31
1235.03
1312.57
1144.16
1070.47
990.337
874.402
949.943
1399.5
1106.07
1453.74
1046.05
1275.07
1643.08
1372.57
1398.51
953.614
1308.33
1262.23
907.769
1078.33
1132.72
1143.41
1124.4
1087.12
865.247
1221.58
1343.11
1156.24
787.549
980.513
1120.99
1058.38
1442.01
1317.83
1150.2
1344.19
1225.05
1026.63
1205.33
909.602
1429.69
1257.15
1151.28
1471.78
1151.82
1270.62
1219.43
1100.64
1495.26
1035.52
1206.3
1203.3
1229.62
1139.1
1246.64
909.882
1198.33
1059.42
1360.97
1314.31
1046.65
1050.49
1068.44
1019.76
1189.89
1116.14
1021.69
1232.34
1022.13
1314.81
1062.7
1902.54
1054.87
1135.75
1131.15
1023.35
936
1371.68
961.894
1090.6
1238.48
967.918
1070.09
1202.53
1046.12
1497.48
1168.09
1331.4
1621.38
1124.64
1042.7
1379.3
1394.99
1216.49
1032.04
1122.15
1037.1
1132.23
1248.61
1224.53
1297.52
1220.31
1090.12
1509.45
970.2
1009.06
1051.94
1093.35
1130.22
926.699
1125.08
1179.09
960.811
1311.07
1757.29
1174
1127.38
896.07
1383.99
1541.58
1096.04
1115.33
1350.61
1080.91
1154.28
1003.48
1188.34
1644.94
1030.95
1223.16
957.374
1287.23
1383.03
1883.26
1499.22
946.211
975.302
991.413
1589.04
1138.1
1032.56
1060.33
1326.36
1036.29
1076.14
1132.82
1337.66
1181.66
1105.1
1211.72
1322.49
1152.43
1263.33
1276.08
805.076
987.485
1237.27
1126.57
1479.78
1369.84
1084.58
1153.74
1271.73
1031.47
1079.43
1137.05
1222.87
1332.26
1514.06
1640.36
1473.01
1246.99
1326
1236.52
1152.38
1536.73
1545.35
1334.19
971.7
1080.2
1152.48
1248.23
1230.09
952.819
921.199
1182.85
1318.54
969.79
1377.05
1050.16
1099.7
999.962
1558.9
1586.18
1329.31
1197.17
1001.7
1211.44
1238.02
1424.91
954.49
1035.33
960.379
1004.74
1060.4
1470.39
1553.45
930.668
890.532
1103.44
1622.35
1007.33
1175.26
1189.81
1020.64
1321.98
1197.18
1066.46
1148.69
1162.7
1726.58
1124.92
1323.28
1368.21
1289.24
1357.23
997.797
1750.63
1147.12
1141.2
1228.34
1303.41
1443.11
1052.95
1205.54
1024.83
1114.29
1108.33
938.914
1187.95
1160.79
1169.05
842.109
1170.75
1210.89
1143.53
929.373
1100.63
1036.53
1001.73
1219.52
1041.25
1509.39
1442.83
829.998
838.362
1116.02
1310.52
978.449
1405.44
1301.59
1405.35
1188.65
1139.12
1346.85
1009.72
1043.75
1552.28
1355.13
1294.34
1041.59
1037.82
1082.75
1130.58
1217.54
1392.54
1138.8
1121.18
1191.18
902.514
941.522
865.887
1659.38
844.636
1059.2
1194.16
1126.36
1020.56
1247.75
1156.67
1295.95
935.408
881.235
1169.47
1086.03
1461.76
981.44
1253.29
1047.46
789.683
1223.37
1177.54
857.908
1131.3
987.252
1410.59
1362.5
1028.2
1159.19
1174.88
1094.09
1126.96
957.239
861.19
815.78
972.025
1565.18
920.466
1101.54
962.582
1192.38
1294.89
1337.66
951.885
1352.49
1086.16
984.075
1139.31
1425.27
1197.56
1308.1
1116.11
901.012
928.014
1089.42
1151.15
1079.94
1236.76
1010.15
1604.13
1193.49
1693.55
1032.5
904.181
1060.06
1276.56
1089.37
1058.08
1523.25
1056.79
1168.44
1269.91
972.514
1313.78
1321.84
1218.3
970.755
1009.56
1218.29
917.125
1000.35
1160.73
1136.44
887.097
1270.64
1025.62
1168.91
1076.72
875.173
1147.32
1371.45
1061.65
1123.11
1139.49
994.895
1332.67
1761.69
1063.75
1184.31
1235.09
1404.55
1247.72
1274.24
1170.24
1406.39
1495.19
1164.02
1080.69
1210.96
1167.68
978.076
1634.55
1427.08
989.292
966.828
1094.67
1401.15
1121.52
1166.54
1179.11
1084.78
890.946
1046.91
953.7
1106.19
1282.01
1064.65
1147.88
1605.92
891.424
1079.13
1073.96
1210.61
1269.45
983.299
1640.01
1169.12
1109.18
1176.84
1336.96
1127.09
1060.66
996.138
1041.88
1347.44
1134.57
958.222
1271.25
1113
1063.56
1103.05
1405.7
906.681
1471.86
1182.22
931.202
1212.38
1079.5
1212.28
853.169
1244.38
1268.08
1089.88
1175.89
1007.53
1222.37
1045.64
1341.5
1053.27
1058.2
1174.07
1064.75
921.455
1277.98
1069.84
961.617
1404.1
1171.32
1279.1
1080
1322.6
1249.8
988.834
1116.24
1488.24
1339
956.671
1046.48
1441.7
1265.73
1198.72
1170.26
1104.67
1107.09
1056.65
1712.36
1268.4
1196.22
929.648
1745.2
1141.39
1255.65
1384.68
1171.49
944.318
1529.79
984.765
1038.58
1090.23
1220.13
1365.43
1217.75
1213.68
1019.16
1196.89
1180.85
975.75
1050.41
1147.37
962.416
1060.41
918.292
1222
1158.96
986.613
1063.99
1145.17
1096.06
1228.49
941.665
1830.15
1159.38
1619.61
1215.83
1557.8
1209.25
1244.71
1189.36
922.508
1009.52
1204.28
1260.37
1407.86
926.107
1026.23
1197.02
967.042
1148.91
1196.45
1112.94
1110.86
1236.19
1555.89
1136.96
1076.89
1046.52
1121.7
1247.2
1177.79
995.64
1753.56
1351.21
1373.37
1303.44
831.685
1361.42
1176.62
974.067
1064.43
1324.16
1089.32
1253.08
1133.62
1113.36
919.817
1252.34
1241.92
927.393
868.275
1354.5
951.803
945.067
1007.89
1561.33
963.482
1077.93
1090.87
1195.76
973.318
1245.24
1488.53
1351.69
1280.3
1056.64
1083.72
1433.49
1070.93
1095.57
1033.02
1099.95
1350.25
1332.6
1139.26
1159.48
860.144
974.265
1116.11
999.931
1065.41
1023.05
1174.46
964.159
1349.42
1345.14
1072.47
1326.99
956.399
1242.86
1106.95
1084.4
973.288
1159.33
1018.3
1433.22
1497.08
1066.79
1002.47
1043.53
1182.61
1202.11
1313.84
1417.83
1341.54
1379.24
1146.79
1294.82
1173.65
1305.06
1024.62
1138.02
1061.56
1281.33
961.894
1164.84
1251.19
1047.51
1002.22
1246.54
1264.82
1505.74
975.84
1284.93
925.622
1053.05
1192.97
994.46
1245.81
1023.72
1457.99
1167.09
1185.5
1263.96
1102.92
903.125
1112.03
1071.43
1328.69
1248.9
1620.99
1288.66
990.111
1096.18
1406.76
1300.76
1389.53
1312.88
1420.88
1141.08
1461.31
1146.59
1080.71
1186.52
1378.69
1021.08
939.409
922.939
1217.94
1196.36
879.051
1151.32
1108.95
1168.03
941.552
1472.78
1188.88
1340.73
1022.52
1312.34
1014.55
1563.28
956.673
1238.48
1295.82
1178.26
1215.08
1094.21
1107.48
1291.46
1061.46
1115.61
1238.78
1104.74
1091.2
1276.53
1297.33
1430.82
1363.55
860.547
1091.01
937.178
890.302
965.626
977.621
1246.65
1029.63
1096
1128.56
1092.1
1497.87
1318.61
1125.8
1208.48
1026.22
1199.46
845.103
1018.91
1163.14
1707.38
1245.29
1252.66
1203.81
1225.24
1085.07
1122.43
1308.23
1364.2
1567.3
1205.99
1021.54
1400.35
1278.74
1159.18
1011.92
1104.52
1209.32
974.05
1404.42
1192.37
1046.86
937.336
1362.91
1122.36
1016.54
1371.99
1009.55
1078.91
982.074
1230.55
1092.46
1601.53
1435.15
950.683
959.839
1018.37
1156.02
1448.86
1031.61
1055.77
1069.05
1230.63
1270.65
779.118
1244.96
1858.17
1097.17
833.427
1364.4
955.507
984.657
1315.58
1379.24
1268.16
977.414
1104.21
1011.89
1140.7
1086.68
1307.98
1140.03
1973.06
1302.22
1191.9
1177.25
1534.87
1393.43
1211.54
1049.05
1190.62
1260.33
1275.23
1178.33
1191.33
1269.65
979.561
863.297
1318.93
1276.87
1279.6
1550.18
1198.38
1229.55
1260.34
1174.65
1235.13
1261.76
1029.15
1269.56
1167.03
973.038
909.739
852.964
1651.25
1134.93
1110.62
1172.58
1110.06
1041.89
1425.46
1462.88
1217.14
929.62
1024.13
1045.98
1078.89
1125.5
1107.35
1159.05
1121.16
1906.44
1034.78
1146.12
1245.74
886.009
1155.59
1118.81
1182.84
920.424
1381.54
1009.35
999.127
1067.5
1156.03
1435.03
1308.16
1032.55
944.869
1023.34
1062.85
1122.52
1033.11
1286.5
1117.13
1064.58
1240.04
1233.44
1127.48
1104.82
1549.67
1273.74
1243.31
1331.88
913.356
919.027
1082.32
1147.12
1409.88
1251.61
1149.61
1338.08
980.881
1072.83
1252.94
1182.81
1182.2
1404.06
1545.35
946.672
999.866
1083.75
1148.61
1034.55
960.094
1371.83
1038.83
1220.49
951.119
1327.04
1196.09
1146.89
1313.06
1494.64
1118.03
1050.44
1141.63
1057.9
1144.11
1184.65
1240.84
1168.94
1083.28
1346.81
923.687
925.22
1210.3
1611.11
1110.76
1260.31
1217.16
887.468
906.418
1026.94
1155.97
1153.61
1187.79
1330.97
1275.57
1204.61
1185.12
935.92
1012.11
1012.65
884.495
1132.37
947.481
1349.06
1245.96
1156.2
913.181
1295.25
1425.67
913.124
1156.97
1000.42
1210.1
948.14
1213.61
1110.23
1018.07
1042.15
1185.73
1396.26
1085.48
1127.36
1117.29
1170.94
1322.17
1210.41
1217.02
1070.42
1284.24
955.874
1048.48
770.509
1084.16
866.417
1153.37
929.771
1055.42
1034.37
850.94
1101.01
1184.92
1326.97
1234.32
1107.28
970.785
916.945
960.295
1030.01
1017.82
1155.4
1261.26
1146.07
1141.84
1124.66
1254.27
882.406
912.386
1446.81
1033.23
984.505
1048.39
1531.33
1205.15
1120.16
1355.53
923.369
861.222
1128.71
1125.65
1443.54
1541.69
1081.13
1161.45
1167.28
1023.3
888.426
1203.25
1305.96
1382.34
1526.19
1440.73
1389.96
1112.41
1050.15
