678.053
561.981
633.718
566.996
758.428
544.314
735.012
587.181
727.476
696.788
714.57
648.853
663.477
601.949
514.471
692.475
899.818
873.917
663.521
643.554
531.423
602.09
715.112
856.82
544.286
843.629
767.588
797.507
744.851
627.682
733.095
635.908
653.951
597.105
743.395
614.538
680.711
617.572
657.259
700.945
598.562
611.468
590.633
525.358
620.103
651.221
642.365
586.809
670.146
722.874
645.941
543.364
654.599
854.775
562.151
765.087
638.933
640.859
676.201
813.875
570.397
643.019
683.942
727.751
631.724
749.526
595.559
890.954
752.466
615.104
659.625
620.172
712.832
606.41
609.616
659.716
692.044
619.999
560.817
724.832
646.331
863.53
595.291
769.408
651.897
674.167
522.851
571.032
630.017
672.054
567.157
622.929
591.67
585.736
710.938
733.355
620.256
653.677
700.786
538.964
668.185
812.145
705.878
698.664
577.861
725.011
637.324
577.481
689.66
744.644
676.063
611.571
608.425
661.231
799.709
594.11
631.654
607.353
615.136
764.534
677.329
613.03
597.031
710.642
576.226
706.022
687.053
684.889
712.268
697.119
602.595
601.905
692.551
667.275
558.049
664.098
689.195
610.523
660.153
627.903
662.71
662.661
696.633
711.826
600.228
598.106
542.775
667.942
701.52
684.536
622.982
635.122
619.436
605.87
714.397
713.723
583.08
647.03
738.741
662.114
729.211
624.342
709.437
760.126
670.53
609.582
662.059
554.266
716.071
679.905
581.023
716.275
658.464
634.517
644.892
712.069
672.242
825.235
627.884
674.733
668.796
790.394
596.243
813.368
665.835
719.62
607.796
734.827
584.075
719.781
547.898
616.861
597.582
786.514
667.996
589.084
634.574
652.886
708.385
689.253
595.538
544.258
647.821
806.185
822.081
722.629
880.047
632.699
613.037
683.927
627.17
588.448
599.421
687.586
543.315
679.556
596.793
564.365
910.774
626.852
698.576
776.521
665.675
712.637
679.35
660.25
582.854
653.44
519.229
682.173
660.689
536.578
673.499
563.508
679.407
607.409
639.493
663.596
694.797
625.743
879.573
618.721
643.896
641.104
530.082
665.327
723.66
679.196
640.751
751.62
614.79
547.883
514.628
721.338
650.376
761.252
622.779
673.476
641.397
732.422
601.139
720.358
571.012
634.41
568.801
669.758
799.907
651.921
655.117
555.183
598.997
602.186
571.152
576.577
704.712
548.674
519.568
659.812
608.75
639.081
821.163
662.373
679.996
612.412
527.709
772.34
600.767
680.463
627.223
616.973
671.787
796.992
697.583
540.251
594.528
647.915
639.622
689.11
604.641
615.518
865.799
590.58
718.9
737.717
575.32
902.213
650.055
573.018
642.887
616.3
600.262
624.624
892.658
681.906
714.664
597.73
861.468
712.092
523.451
583.439
616.637
563.889
630.394
751.149
602.13
677.077
785.801
691.549
619.626
640.756
669.059
759.773
686.194
660.36
708.155
730.559
649.238
698.403
632.004
600.963
762.348
585.797
564.649
556.429
709.529
647.39
668.923
570.696
599.788
612.426
801.637
659.987
638.142
683.019
699.471
537.92
669.922
658.855
513.175
661.733
674.915
822.994
548.698
587.855
552.72
715.393
721.187
785.156
740.512
697.556
618.823
694.544
677.484
586.468
607.414
744.845
621.969
580.124
742.434
646.148
575.076
668.082
1037.77
588.367
650.422
654.013
636.124
667.04
699.225
637.394
757.477
688.743
613.636
592.512
623.718
686.734
651.682
607.885
713.25
697.823
594.873
692.567
773.226
646.877
563.616
713.673
676.78
751.021
761.633
638.773
748.178
667.405
633.444
677.344
714.18
675.695
673.853
586.079
619.954
631.264
738.18
587.153
612.131
541.633
617.604
602.817
617.586
638.214
561.886
774.493
689.977
618.548
727.028
735.517
729.829
621.559
570.62
601.841
644.839
647.044
577.368
917.656
544.398
672.066
676.109
796.11
752.651
961.654
661.717
576.505
604.355
598.807
596.461
647.704
659.844
588.237
707.102
700.028
628.948
568.251
595.865
659.841
673.287
553.214
561.692
653.475
635.612
628.793
712.778
658.947
743.835
747.776
672.97
605.469
673.365
665.971
582.296
632.3
561.365
573.645
647.365
647.295
633.953
564.8
623.571
606.402
851.789
819.916
659.993
644.136
665.421
539.188
611.19
585.548
639.604
717.82
675.108
483.607
710.804
672.355
635.803
673.936
623.509
559.915
666.045
693.907
658.264
451.397
550.555
524.063
688.821
806.004
582.087
740.023
598.64
731.318
686.298
696.078
585.071
728.731
532.587
666.745
600.123
694.136
694.047
587.942
712.008
646.389
606.742
551.289
639.336
603.841
588.858
628.968
665.12
521.533
712.095
698.111
619.366
684.718
569.417
685.638
679.533
787.543
520.432
633.879
688.519
598.249
700.144
616.315
649.442
635.969
602.45
571.227
638.032
724.539
673.596
579.677
733.676
631.316
843.172
615.364
769.692
560.357
536.071
751.434
553.355
618.201
668.912
684.085
730.724
556.379
833.192
632.723
671.794
672.292
572.985
613.908
685.986
594.369
543.005
641.303
552.323
851.807
556.767
600.906
586.15
732.752
684.472
570.076
795.439
609.555
639.84
661.133
860.641
729.019
610.693
558.441
545.435
750.374
684.79
679.254
610.297
580.809
618.819
626.503
787.557
461.316
647.04
532.094
538.76
720.353
616.417
758.905
520.267
653.264
604.166
775.822
660.579
779.232
562.999
640.26
582.518
846.708
595.109
617.626
753.695
621.382
720.054
907.893
573.256
603.667
646.206
638.183
743.303
729.774
650.265
698.668
583.654
768.561
640.804
605.367
953.284
705.456
582.954
599.824
603.682
717.424
780.567
594.23
679.739
567.779
643.101
723.524
641.324
679.449
639.433
674.556
624.391
590.578
547.868
609.344
492.35
611.855
596.156
587.67
690.973
866.816
820.889
769.443
626.255
525.032
652.568
581.276
611.719
669.258
696.509
649.37
749.292
815.584
754.173
679.637
731.829
666.925
667.669
635.992
728.274
592.663
598.644
1008.72
724.935
612.423
538.345
664.272
529.954
652.48
687.241
546.862
591.076
672.767
663.03
550.737
679.83
669.083
606.986
695.377
566.556
577.832
628.688
583.878
684.754
601.13
583.265
631.145
711.619
668.833
748.079
668.538
783.391
698.468
694.346
725.272
727.12
722.994
774.267
671.036
627.02
661.18
805.761
702.181
718.525
657.766
575.457
655.019
659.063
649.504
739.27
721.394
611.691
612.882
664.297
640.179
745.872
565.743
800.97
843.131
599.044
634.561
674.422
695.953
647.635
661.933
614.847
621.015
887.942
603.778
665.103
825.342
610.112
686.997
692.062
710.527
666.694
648.743
633.682
549.401
587.827
647.597
629.415
511.15
776.353
640.974
769.21
627.317
563.989
584.087
512.469
591.788
649.115
582.646
640.811
655.347
620.81
556.518
599.227
792.862
576.824
683.189
589.312
777.304
733.77
665.84
648.608
661.691
615.05
796.321
890.219
594.85
562.088
1002.27
609.19
726.456
634.748
576.64
663.568
578.999
736.587
648.53
637.98
730.251
878.305
740.405
632.784
598.794
631.115
685.77
623.54
609.03
627.447
639.537
661.075
611.907
614.731
645.416
618.558
620.183
639.513
713.73
637.069
601.238
724.229
604.649
695.779
667.429
542.052
694.459
661.721
687.021
820.483
708.131
624.176
595.143
657.732
506.866
643.235
687.732
621.634
679.582
794.771
772.855
576.342
643.305
586.401
684.922
581.828
645.227
743.499
587.162
708.433
786.116
640.993
653.943
681.394
606.044
818.322
566.762
625.018
545.079
708.28
669.394
698.829
867.357
632.021
539.032
585.503
603.322
704.815
682.373
607.416
645.252
607.974
659.517
622.368
550.745
598.257
662.344
633.323
688.792
655.694
705.187
567.66
662.856
814.793
617.625
592.096
721.734
686.449
575.09
708.333
677.6
617.567
676.25
664.89
647.295
741.714
541.999
618.644
624.761
625.489
713.485
559.114
585.624
638.37
577.944
646.829
574.437
538.348
595.04
649.62
640.932
725.335
560.498
657.903
626.75
694.354
559.522
783.784
777.618
632.009
601.871
638.868
535.188
614.724
846.782
685.44
597.886
655.986
676.118
669.335
641.85
586.272
637.034
625.615
641.456
747.325
798.189
734.536
702.151
666.914
843.552
532.757
635.939
687.553
546.829
472.703
649.594
828.426
743.678
617.29
688.255
584.972
662.273
705.708
761.447
549.291
704.179
696.445
606.254
569.117
777.325
632.538
686.676
519.266
624.035
523.078
796.08
789.633
653.237
595.462
722.73
748.264
716.24
708.962
686.804
572.206
853.203
647.494
704.181
604.36
773.326
696.402
599.214
571.197
719.896
527.176
711.335
632.602
690.516
598.333
627.407
728.128
740.559
660.798
701.223
626.39
746.334
767.235
714.123
572.372
692.924
617.641
688.264
751.554
773.934
607.667
582.489
580.494
566.291
593.074
933.796
564.618
721.744
624.46
687.383
598.52
662.303
605.663
562.08
603.795
585.965
601.904
722.281
649.776
681.198
629.039
598.193
796.583
588.398
571.516
670.454
632.136
732.207
554.185
544.431
692.574
734.293
578.731
611.894
593.159
587.133
629.218
733.692
685.602
668.834
658.383
514.349
663.193
603.315
697.716
620.488
548.906
681.47
595.756
698.755
611.804
642.354
683.474
566.322
808.622
666.205
719.767
547.089
725.313
532.288
698.922
707.044
714.99
563.987
775.947
656.976
599.389
606.492
596.582
713.399
789.622
672.31
704.565
857.96
822.174
805.136
503.95
658.352
578.26
746.69
597.614
578.666
607.373
774.594
669.287
675.43
745.128
635.051
721.027
499.169
584.929
620.858
648.349
810.648
684.027
688.505
826.43
611.425
665.884
643.136
653.177
814.149
597.576
696.764
779.173
618.699
806.839
536.489
621.112
804.928
658.679
610.991
578.117
606.663
604.272
675.65
593.349
784.903
685.228
610.098
754.101
652.39
675.271
609.634
650.06
570.486
629.437
590.481
592.757
621.539
524.327
654.561
741.949
544.995
574.309
696.904
572.787
681.078
827.351
643.753
606.721
618.672
715.772
788.071
688.954
617.657
561.303
757.932
585.077
759.318
781.351
661.186
766.122
769.641
726.689
670.34
610.388
633.106
547.973
620.523
818.169
580.573
621.151
556.948
540.596
606.558
738.481
642.401
685.569
664.752
597.298
775.945
676.367
810.375
617.219
509.227
640.694
667.773
603.925
645.396
734.646
589.735
610.49
583.564
604.911
549.822
736.387
561.616
616.276
616.096
652.681
710.855
681.951
955.573
641.749
598.981
544.594
610.022
654.62
591.15
717.81
618.165
662.709
638.185
643.205
663.167
477.581
641.778
654.122
600.892
694.476
659.358
577.592
814.528
711.974
612.842
568.333
600.116
596.951
785.539
623.674
652.352
708.646
596.664
611.047
590.176
574.906
621.671
577.074
698.315
620.529
712.398
714.809
631.616
619.551
730.513
540.367
714.621
706.639
724.542
646.603
694.141
653.079
645.999
798.131
653.146
634.38
611.734
842.103
531.097
671.941
537.711
733.247
648.21
578.752
604.659
773.077
643.198
659.814
721.612
736.954
619.967
769.251
605.154
512.186
664.464
646.985
777.554
647.592
548.995
674.709
578.307
720.515
594.676
636.709
595.794
652.678
625.235
679.915
731.103
711.383
751.12
631.636
720.699
652.704
750.503
654.869
699.596
597.998
849.7
601.93
695.478
634.971
674.123
728.89
644.447
689.524
701.191
696.283
715.339
640.147
684.481
630.304
795.801
634.657
747.345
655.286
689.023
533.596
668.716
677.747
683.873
563.352
590.196
649.104
740.95
699.273
667.794
673.315
761.177
577.098
600.625
573.567
713.915
645.117
690.616
734.089
554.756
687.121
625.441
763.852
723.587
630.318
596.185
696.147
638.248
611.68
587.741
735.778
640.445
608.355
642.331
680.643
645.831
675.242
613.066
702.861
601.426
612.464
570.851
721.239
598.004
604.769
555.732
604.954
592.097
715.079
640.308
557.47
658.462
726.994
630.126
626.857
640.11
596.466
555.714
623.01
576.127
649.642
773.23
747.364
655.743
751.453
627.921
672.872
700.363
626.721
681.178
601.399
682.339
688.603
603.649
667.323
696.263
637.142
686.381
660.332
626.394
618.416
608.77
603.411
624.91
632.52
664.036
584.7
657.596
545.374
587.182
689.14
616.217
710.727
766.783
771.917
779.255
611.667
640.998
635.279
656.879
580.217
666.159
558.128
655.974
707.182
606.241
608.073
720.429
534.583
613.065
522.018
699.589
530.292
766.605
651.157
683.794
603.087
650.266
805.202
604.631
613.763
585.813
507.635
622.798
634.568
630.371
715.025
559.865
624.051
647.054
850.649
484.772
750.645
713.21
632.401
726.507
600.434
607.51
679.275
541.053
653.645
604.291
633.045
643.335
693.916
620.228
593.895
637.257
590.769
673.036
709.509
648.621
625.053
549.137
710.172
639.907
612.868
625.29
607.899
587.555
636.547
666.822
746.237
599.902
799.063
716.741
631.512
655.341
644.821
665.786
645.627
637.841
700.149
613.696
568.174
689.363
514.955
610.667
564.15
661.285
610.385
635.236
632.154
618.662
742.994
598.883
703.654
589.468
589.581
564.597
649.053
601.596
699.793
510.71
579.88
686.218
586.456
621.884
602.814
534.758
689.684
576.881
738.759
704.536
748.276
576.396
697.33
590.556
706.426
626.325
668.091
688.941
837.385
618.605
657.442
664.403
582.704
665.31
597.267
646.226
561.532
672.707
602.43
623.206
674.558
661.1
656.788
751.91
600.742
708.201
587.6
757.345
595.57
645.998
612.719
677.832
651.987
679.466
660.185
718.713
625.768
745.565
561.951
668.148
667.935
751.489
615.043
573.972
570.5
718.189
633.516
690.69
616.799
595.33
615.442
643.858
692.469
566.026
682.993
680.597
702.57
688.592
685.815
616.009
638.099
760.245
753.724
644.617
607.829
692.404
851.266
645.163
729.035
600.916
636.043
770.264
762.975
606.544
662.339
541.105
587.527
673.05
730.792
714.023
827.104
543.658
779.177
535.953
591.237
569.908
781.211
660.179
682.924
768.58
618.287
641.313
612.767
713.213
852.734
672.442
597.099
624.332
657.889
697.26
725.414
484.858
675.833
848.946
531.777
790.041
560.166
642.14
708.779
580.142
537.222
659.208
543.415
592.472
464.4
668.59
799.687
714.61
528.903
808.663
636.233
548.593
691.943
558.254
629.567
684.746
590.173
637.679
628.475
634.567
743.338
680.152
647.096
726.245
633.657
701.011
603.425
656.519
642.768
689.744
572.486
692.677
668.527
613.614
698.484
640.28
613.839
606.879
578.238
652.55
629.189
598.966
693.172
749.099
592.996
886.012
743.621
724.223
554.409
623.327
614.042
549.97
607.364
808.396
542.108
627.479
781.431
599.589
716.019
549.093
715.551
672.918
632.205
589.452
814.768
659.876
680.662
539.695
638.665
663.406
585.385
732.428
796.823
612.068
637.741
744.027
606.729
648.57
541.636
865.516
628.318
746.661
634.106
574.822
655.432
549.311
604.683
802.05
641.191
690.935
576.243
631.482
629.868
619.724
642.75
706.94
703.162
586.039
637.428
632.631
633.988
538.223
705.898
588.466
561.31
564.723
544.764
746.969
711.364
542.766
716.956
800.032
722.563
733.168
648.141
691.224
620.011
549.823
615.864
571.826
642.571
610.878
564.413
762.307
731.745
620.628
562.399
615.587
529.255
585.082
484.661
577.048
600.864
713.46
779.228
693.635
649.13
629.463
561.324
665.907
583.742
582.876
529.753
724.016
628.005
578.442
561.764
589.442
774.326
763.826
587.834
638.029
795.168
737.649
723.173
781.287
614.758
642.379
569.615
540.645
584.721
552.328
585.659
765.812
710.529
950.081
632.656
876.728
611.525
661.09
875.001
572.465
647.379
665.459
703.12
749.047
774.389
548.216
731.567
558.427
766.739
578.612
656.911
598.969
643.039
523.358
598.268
707.105
560.565
552.186
851.695
639.807
780.152
607.255
622.165
560.655
774.633
595.857
630.176
699.082
772.5
666.518
542.87
531.752
633.474
630.456
589.512
581.674
659.254
653.906
607.323
534.22
739.046
676.138
619.553
703.838
568.25
740.813
724.528
655.124
733.047
663.284
746.151
605.171
755.862
669.339
829.427
608.351
569.303
532.838
746.625
703.36
900.494
602.618
662.269
568.926
592.258
811.611
719.951
562.835
605.422
839.92
667.461
788.655
606.256
654.188
672.315
589.918
554.301
675.557
531.609
619.963
732.017
773.539
723.081
754.095
626.099
530.376
643.205
718.395
613.548
712.082
608.145
642.845
567.31
629.877
880.634
768.13
740.022
670.37
703.769
620.772
589.991
690.605
631.823
702.405
639.113
729.95
630.94
524.873
639.707
662.037
725.657
827.488
641.17
606.594
745.711
769.114
674.047
624.536
630.661
704.395
750.822
689.562
564.579
681.551
756.238
601.267
590.122
741.314
835.82
534.112
741.916
594.938
611.117
607.691
593.233
572.612
706.526
717.015
654.027
577.179
749.335
635.697
650.121
628.245
616.715
692.544
605.371
648.624
645.511
649.026
582.117
652.109
672.281
627.235
690.9
633.037
717.329
711.775
630.227
918.544
676.194
652.345
689.884
598.899
651.658
607.736
588.283
563.143
698.015
504.853
709.705
686.902
777.217
606.771
685.092
663.757
583.972
658.427
618.486
670.461
754.085
672.126
759.837
562.741
549.229
577.626
711.016
614.052
654.158
648.62
794.663
686.176
635.866
699.433
630.393
581.622
570.942
649.792
603.419
571.536
741.819
731.345
509.477
732.794
632.839
730.944
542.051
617.009
552.588
728.731
667.276
749.461
546.532
583.555
679.872
567.78
571.693
558.602
736.018
562.901
672.812
528.064
583.017
594.185
663.771
727.107
536.237
625.155
624.583
694.467
608.628
659.812
691.503
616.396
687.1
703.442
618.722
600.68
732.082
693.511
811.013
613.234
678.866
634.544
565.116
920.69
710.768
743.948
678.467
524.747
699.974
598.767
703.708
778.525
533.771
678.213
634.169
667.958
510.456
605.239
739.97
547.723
609.663
579.255
625.936
722.513
729.557
499.417
750.127
660.021
662.427
550.022
576.55
741.922
663.863
542.232
611.636
758.168
668.945
732.954
628.684
724.93
587.735
651.307
788.164
678.903
711.375
664.252
611.888
604.214
664.608
595.619
510.885
583.028
577.167
632.975
634.433
732.505
714.702
817.794
740.108
523.259
613.736
674.945
547.108
594.328
566.724
669.046
719.394
699.352
627.01
595.757
608.652
694.597
587.676
518.569
737.792
886.173
696.947
559.656
781.342
643.747
735.616
625.247
577.929
716.994
683.441
654.565
576.672
623.386
545.263
699.179
603.48
528.21
613.09
642.368
666.441
618.604
717.481
728.552
943.541
762.442
655.876
588.234
669.99
592.864
646.279
550.907
624.594
698.301
649.758
610.191
673.739
709.491
557.113
571.006
595.05
725.875
601.717
596.998
657.76
575.151
512.019
547.022
653.115
847.994
610.064
681.698
625.314
741.84
676.368
683.834
625.651
783.353
547.38
684.838
720.215
579.558
599.056
565.644
780.785
635.05
512.489
698.683
734.192
665.209
720.96
880.494
571.137
667.068
676.257
793.722
647.17
697.132
681.879
673.657
603.798
607.869
546.862
503.266
696.378
613.867
637.605
624.585
627.645
638.062
645.182
705.448
670.641
604.652
551.275
558.032
690.9
626.355
758.065
715.348
617.422
624.189
668.069
639.028
635.449
695.634
710.493
838.135
691.933
604.118
770.326
695.104
684.913
598.859
723.446
646.907
746.709
829.54
708.108
622.859
633.992
738.082
570.254
623.692
661.194
652.847
599
658.875
623.575
899.189
789.731
619.308
579.945
623.287
763.02
703.66
723.162
615.174
880.864
629.007
529.879
711.64
669.533
644.011
592.363
642.067
616.099
743.403
568.618
638.155
709.449
626.562
624.342
765.162
555.136
545.325
632.226
773.572
698.244
591.957
576.812
658.922
867.722
568.384
844.955
578.347
659.848
607.757
612.88
655.735
631.375
641.561
604.875
703.902
751.658
702.961
619.102
792.901
740.971
611.444
726.422
561.217
819.274
586.175
643.006
515.103
754.929
630.486
587.227
677.546
664.428
545.889
651.188
759.04
724.678
639.407
616.53
606.653
571.555
607.389
571.584
680.52
769.109
629.726
661.544
673.52
587.304
661.268
537.624
728.742
703.364
693.841
523.522
680.691
778.639
665.922
578.668
659.582
677.461
569.117
614.572
616.819
704.005
740.486
691.504
663.51
591.241
743.35
746.307
491.532
693.841
712.905
606.848
697.663
659.609
536.465
680.456
816.557
579.155
571.687
602.24
585.224
699.646
601.791
569.732
636.686
622.746
704.677
709.535
587.639
641.292
593.747
864.09
619.103
580.512
657.712
550.501
716.57
690.527
688.3
770.054
673.889
533.825
726.037
569.121
601.086
642.432
755.769
552.074
668.259
638.509
636.353
554.266
667.962
630.125
605.277
777.543
715.929
686.894
679.348
645.978
599.908
719.241
698.762
559.68
624.221
634.611
699.787
618.19
508.154
617.65
619.5
670.214
645.603
563.196
662.07
683.754
590.207
665.321
682.189
733.205
710.886
607.195
646.5
608.447
578.454
684.01
830.443
657.383
637.578
552.378
795.424
807.338
714.72
575.793
741.182
637.139
682.592
726.095
872.541
594.962
700.083
736.504
741.044
600.237
798.702
654.55
618.075
902.442
810.261
586.523
662.801
661.972
647.666
718.733
660.08
747.221
540.196
650.996
618.017
710.426
587.172
604.947
695.987
774.542
761.059
614.003
745.813
649.729
651.385
625.109
829.787
605.197
638.723
690.582
624.017
534.572
701.193
553.876
534.816
582.117
690.236
663.781
733.368
692.943
579.973
657.612
653.548
598.438
687.04
516.468
534.45
594.4
565.326
626.575
726.231
720.173
521.375
616.211
681.427
672.985
697.097
635.849
648.159
626.211
596.163
839.314
712.858
644.649
651.966
545.169
680.209
707.472
793.36
746.495
656.858
766.703
595.151
639.232
664.172
603.201
646.605
831.875
557.389
664.778
665.256
652.069
636.683
625.103
570.567
624.403
623.003
743.984
765.54
531.794
630.511
540.93
634.794
694.751
514.919
574.764
472.5
727.055
730.949
705.926
681.362
654.234
608.022
649.052
745.704
576.152
552.966
677.81
672.56
640.121
701.793
597.934
709.514
685.234
643.572
617.1
523.384
636.056
624.963
582.167
651.307
764.461
557.076
613.09
563.742
664.578
595.217
838.84
562.713
703.748
641.927
599.86
721.667
644.588
652.936
690.916
526.867
574.885
742.126
672.725
596.034
573.808
601.059
665.885
615.096
565.68
599.449
611.585
531.462
1038.51
645.881
591.758
798.366
715.282
698.087
667.732
743.322
611.653
633.819
546.993
625.807
552.077
643.9
695.883
660.232
559.019
808.208
617.174
586.694
600.312
769.338
644.982
693.483
768.36
766.322
556.561
680.468
478.3
656.586
911.358
666.782
507.542
663.533
686.18
549.283
661.882
626.515
546.32
678.665
792.84
775.9
736.81
644.353
706.688
820.753
590.796
686.16
661.347
597.711
622.879
651.485
613.466
660.828
468.39
599.647
625.411
651.413
812.326
580.309
655.225
733.054
696.56
577.301
582.882
686.58
749.99
596.958
786.011
728.153
648.705
622.263
581.705
612.111
645.084
683.144
691.419
681.14
719.578
585.179
557.996
696.651
540.424
683.69
723.635
690.145
586.572
726.298
618.56
728.787
625.126
676.872
608.618
598.405
619.546
733.082
655.031
616.104
805.781
705.995
719.815
455.871
647.397
697.177
695.103
687.323
777.696
593.929
688.064
536.563
735.542
621.456
538.645
626.163
586.613
562.168
772.226
716.131
589.137
662.91
674.747
597.15
684.642
592.32
723.286
720.219
703.74
815.928
626.518
725.442
564.276
662.986
590.308
750.031
577.65
625.518
642.318
732.19
560.989
558.892
722.176
543.264
631.342
607.545
735.718
621.39
620.721
725.677
609.606
678.373
694.664
655.958
562.972
640.639
693.795
487.556
685.663
648.149
549.37
694.679
595.651
723.46
640.699
718.938
657.431
695.906
864.387
633.751
641.709
600.95
544.283
673.499
685.604
676.524
608.18
584.136
688.786
610.433
660.281
658.726
853.366
678.913
635.517
595.035
690.647
582.011
576.926
651.456
616.866
702.531
679.353
713.874
765.893
554.892
700.324
599.156
750.719
717.624
737.426
521.754
742.037
576.61
733.258
687.052
629.454
799.013
689.837
525.529
623.286
631.994
710.945
827.983
804.048
647.085
630.965
626.726
718.845
614.871
634.03
612.529
581.453
668.768
716.846
648.507
575.725
621.101
647.889
643.003
598.881
756.713
614.635
580.759
661.314
636.9
546.016
723.983
803.72
598.347
650.548
558.617
603.347
511.225
903.578
676.917
813.674
570.141
761.518
722.268
651.495
762.253
674.163
706.876
640.166
767.893
681.865
702.509
665.116
707.607
636.674
907.429
716.351
692.611
437.843
793.117
717.747
755.821
577.238
528.104
714.955
735.166
723.957
706.974
713.503
760.699
709.265
690.858
561.416
557.047
871.252
646.825
622.167
570.839
611.363
678.712
680.09
644.781
609.851
545.15
653.699
699.497
622.766
629.613
618.746
552.4
780.485
597.572
671.013
623.643
616.041
603.172
671.537
722.713
760.212
507.418
596.027
600.96
638.141
657.522
718.076
573.536
710.363
558.188
511.878
547.666
655.879
600.315
664.686
511.479
754.911
636.954
601.977
757.851
615.691
914.158
938.267
683.715
569.962
580.269
625.511
831.406
614.582
713.346
613.465
636.912
719.395
655.51
509.867
676.286
672.029
610.914
626.418
697.49
646.007
550.837
562.231
712.663
564.158
776.78
749.521
608.82
675.938
615.753
561.169
688.851
724.56
645.303
565.474
594.756
697.576
641.229
732.441
716.532
687.506
643.232
597.005
635.418
633.745
660.526
577.515
760.73
754.517
642.85
609.842
718.773
692.241
625.831
547.117
644.981
666.413
674.353
722.416
580.779
966.77
731.555
657.063
716.666
700.471
587.385
668.749
615.595
641.899
831.718
827.583
732.009
639.662
571.439
617.282
678.747
566.692
741.547
667.61
602.928
536.112
565.891
831.871
618.972
645.775
510.438
796.214
752.394
620.661
589.841
645.082
647.13
568.43
619.73
619.029
628.206
665.157
729.533
688.786
684.104
679.709
650.516
582.057
878.322
765.008
669.983
692.925
656.348
540.025
534.408
820.466
690.823
695.993
790.538
710.431
692.113
753.414
948.819
537.343
680.522
618.638
687.649
748.25
518.588
739.453
664.929
561.99
710.057
588.409
766.468
646.348
1032.73
604.379
625.102
538.9
652.185
552.52
772.817
732.528
637.029
639.812
722.427
815.313
604.159
630.179
594.076
728.662
560.555
697.91
721.368
729.467
612.61
673.12
677.129
926.354
823.395
722.673
747.021
650.716
570.215
591.994
516.231
788.684
746.256
548.547
710.586
696.014
644.064
647.274
635.226
675.567
787.625
659.979
661.715
770.178
637.388
601.051
570.05
835.981
742.629
740.811
649.77
578.202
659.287
696.855
605.112
633.249
775.622
650.317
817.646
604.394
687.624
708.192
615.984
676.73
583.826
827.818
592.572
493.597
655.248
720.139
694.524
784.586
686.398
574.036
712.046
596.827
610.09
651.171
672.472
599.133
529.52
501.198
650.49
598.921
624.462
586.86
660.663
689.468
758.25
685.085
766.331
628.736
644.27
669.54
577.26
625.73
681.388
558.941
702.125
646.14
550.374
647.883
804.184
644.443
666.214
640.351
622.121
623.669
713.073
592.034
705.243
558.486
662.014
733.744
682.422
747.226
642.901
633.385
683.784
734.759
610.583
599.731
625.342
667.992
829.213
702.649
642.419
663.099
494.56
680.272
579.729
767.321
587.357
481.788
571.403
532.408
517.526
602.497
668.156
717.92
806.23
558.304
572.475
775.111
579.673
582.938
581.695
570.09
621.811
665.112
695.653
628.948
776.163
631.371
677.653
660.406
856.532
631.14
761.912
688.157
619.718
660.462
716.608
724.059
586.345
680.804
729.217
713.242
528.94
590.476
698.654
603.964
569.641
584.66
761.253
706.253
615.463
638.263
763.304
521.926
640.773
571.038
702.09
738.496
698.262
606.266
715.635
667.204
641.02
566.779
569.216
674.807
593.411
714.487
665.695
605.83
606.486
619.694
619.191
715.599
699.374
586.135
857.11
664.813
644.486
699.471
633.362
724.746
711.176
610.595
664.931
725.171
683.21
617.243
681.58
696.686
640.276
631.862
603.122
851.394
679.334
613.887
541.277
573.92
781.021
688.931
768.707
764.712
637.137
756.575
657.374
609.862
614.219
606.809
680.243
537.72
603.24
594.811
638.915
713.447
629.254
695.063
730.158
680.924
617.454
589.829
632.749
564.776
557.725
667.291
635.7
587.488
688.008
697.348
694.515
665.493
584.163
761.634
595.935
698.841
557.913
579.868
664.927
604.219
694.1
719.518
559.616
698.701
595.492
846.179
597.384
657.093
684.768
720.458
725.75
723.682
671.472
551.889
831.202
585.549
763.099
658.034
722.032
656.213
671.603
614.877
808.851
607.459
701.019
663.777
825.838
717.055
798.904
635.605
646.41
796.838
608.968
838.412
652.605
759.086
592.622
759.379
692.024
563.33
614.247
586.726
611.248
741.458
933.995
563.656
616.12
630.335
582.908
567.554
637.913
574.889
719.173
605.367
776.299
651.092
482.364
600.035
658.687
596.419
572.723
739.966
766.544
643.31
717.074
850.525
734.188
657.538
636.193
670.041
657.658
728.516
612.344
540.173
720.157
660.723
562.609
589.89
514.223
721.891
553.807
602.552
625.772
644.138
629.934
710.527
556.329
691.475
490.137
663.008
725.092
632.13
678.7
551.057
864.896
610.6
674.718
702.977
538.628
684.168
732.765
797.899
579.097
591.316
777.72
670.504
516.939
582.976
607.915
726.958
621.856
528.718
668.617
785.85
700.579
640.569
642.028
640.579
616.244
556.602
677.384
668.212
598.709
735.335
646.288
593.4
633.385
605.771
476.241
702.499
630.801
525.063
623.056
674.747
589.755
505.581
514.84
652.355
631.141
559.061
612.739
735.542
718.918
624.13
572.217
724.169
737.681
708.158
790.25
803.748
509.599
499.128
660.961
774.537
579.48
633.7
690.787
689.484
595.858
752.349
678.449
860.601
562.745
672.832
566.319
604.047
797.748
568.838
529.851
597.592
758.813
723.59
719.652
577.619
614.207
592.963
614.197
593.881
775.045
772.79
633.104
644.809
667.966
700.535
742.082
752.221
707.981
587.791
595.968
666.068
695.011
596.763
623.772
634.28
751.283
751.493
636.646
664.738
618.159
585.946
585.363
537.579
723.723
629.252
667.254
700.158
678.987
664.667
762.428
564.703
565.451
647.334
614.14
578.353
759.805
507.012
598.944
620.42
735.506
575.476
552.202
729.587
657.918
598.128
688.344
573.735
579.192
729.198
632.575
716.871
683.394
613.991
690.256
694.061
703.315
865.038
562.461
616.999
805.672
616.901
867.847
646.138
568.42
566.849
561.096
604.698
644.087
664.263
770.246
594.598
637.005
606.668
680.15
618.729
549.325
740.408
597.633
640.313
748.716
685.214
660.942
628.885
642.754
735.125
561.241
608.073
710.171
688.44
606.37
722.966
525.39
597.736
657.573
697.648
716.196
599.488
697.4
653.111
638.953
644.995
692.917
542.76
644.016
603.959
707.732
701.199
763.064
624.952
633.148
548.539
592.921
563.986
658.229
625.317
702.628
523.267
631.809
486.391
660.617
711.413
640.63
748.312
784.106
716.129
678.799
573.055
768.439
711.277
733.423
626.503
600.717
757.955
598.889
763.436
728.447
682.754
720.362
741.985
612.126
639.822
654.449
630.105
773.746
699.108
578.79
729.7
594.117
597.118
719.109
638.875
711.448
744.276
606.812
702.504
678.731
731.982
721.52
569.069
916.782
658.86
663.757
746.256
640.722
672.394
627.559
606.847
663.872
685.935
712.012
605.093
553.825
636.572
714.259
698.224
716.731
645.296
720.17
647.016
542.245
716.487
573.348
652.442
563.866
539.099
692.393
769.378
827.256
590.191
581.142
680.867
615.813
843.975
724.498
591.391
630.049
603.362
627.082
778.308
742.624
662.243
675.18
603.037
661.047
640.736
625.674
579.741
708.64
739.107
844.543
575.889
636.165
606.63
1026.68
835.658
635.868
654.055
643.651
737.342
677.377
704.291
655.884
510.446
670.682
647.253
754.846
650.359
595.233
738.944
622.779
732.03
705.566
718.297
720.054
858.224
757.808
631.302
622.133
702.562
654.699
719.314
626.213
666.173
540.938
656.72
568.195
708.846
727.116
673.516
648.837
601.368
672.199
609.95
594.793
594.671
614.049
887.133
573.93
706.788
716.03
726.114
639.218
741.803
701.177
649.803
822.694
735.209
604.469
602.817
661.998
580.621
515.069
710.705
678.525
578.799
516.45
659.088
632.6
593.591
689.723
607.152
662.578
541.338
610.499
577.418
635.657
611.505
615.678
619.073
603.261
619.811
744.696
605.16
561.631
619.681
655.629
618.323
777.2
544.554
570.084
711.321
742.344
723.909
607.815
642.831
540.529
590.831
677.233
539.05
684.273
500.285
708.831
560.688
634.548
664.157
728.336
831.72
593.789
647.799
536.172
758.82
725.633
766.226
831.521
705.024
668.325
567.268
528.599
745.021
559.351
707.144
756.535
643.652
646.76
607.091
685.846
760.821
593.266
659.208
746.458
641.33
676.52
557.788
565.66
786.454
605.626
646.384
545.076
571.326
626.133
632.646
588.771
601.685
690.121
520.684
657.895
727.689
610.923
652.206
623.607
945.352
615.714
638.463
705.987
627.15
611.253
664.942
678.234
631.525
623.679
695.173
546.439
773.582
533.606
731.281
624.899
555.827
622.504
833.448
580.056
713.742
645.397
532.203
686.346
558.744
544.715
719.117
557.502
724.965
740.883
675.059
550.31
570.437
585.375
783.961
840.52
653.223
629.042
641.587
633.044
655.923
756.026
607.245
637.995
630.142
726.504
746.836
638.598
509.854
724.917
534.379
657.083
613.545
743.966
632.208
569.848
578.82
674.263
649.403
692.506
660.037
756.405
612.916
674.886
675.789
639.28
670.041
619.347
645.592
645.594
614.666
617.286
756.867
658.69
639.459
659.341
650.475
684.36
994.183
647.949
681.49
592.638
579.495
622.207
656.512
714.982
650.344
716.262
622.143
564.581
708.587
715.115
558.181
788.884
716.906
694.969
713.342
683.953
603.488
681.547
653.337
595.877
598.439
704.038
588.49
600.603
802.224
589.594
536.004
667.179
691.331
667.227
628.2
570.228
606.914
547.768
760.436
519.994
646.048
588.638
786.231
591.039
618.002
670.174
689.597
709.148
706.243
779.608
658.481
838.544
602.125
826.955
658.04
636.671
621.893
740.128
585.688
675.887
718.598
667.269
723.369
637.396
715.687
623.36
600.701
610.452
661.075
672.358
534.927
651.879
601.665
725.089
584.327
566.07
714.869
560.79
573.724
775.207
584.054
664.548
631.262
556.788
651.67
596.829
841.352
563.605
789.729
757.071
616.723
648.658
771.085
652.62
569.621
833.681
618.057
654.736
656.99
644.766
531.026
591.706
634.404
674.436
657.689
725.125
839.624
504.826
603.287
813.526
747.674
644.249
868.106
940.636
738.764
601.885
653.482
586.849
771.933
791.864
733.998
674.175
612.734
581.858
614.896
576.463
596.192
673.952
687.13
534.749
640.52
743.639
652.404
597.642
543.482
629.467
647.194
628.483
612.392
750.37
738.573
569.706
734.943
604.074
580.498
545.112
741.001
694.79
576.815
567.56
781.938
643.823
715.479
603.479
575.018
712.613
640.489
697.387
725.482
535.22
571.565
571.872
578.928
691.144
597.666
632.642
595.137
721.139
658.982
750.036
699.538
692.485
523.709
813.548
542.722
642.884
526.668
699.47
726.002
599.732
724.281
592.08
677.961
615.382
515.38
682.103
674.281
669.094
562.027
690.839
614.012
742.341
796.322
703.348
695.093
631.933
752.583
620.979
701.98
506.157
556.591
700.554
893.798
695.756
651.089
599.53
567.987
730.525
474.817
648.126
712.457
565.692
638.937
640.34
596.793
642.106
687.604
734.811
764.233
734.943
695.929
601.058
615.038
731.742
673.081
595.996
647.31
593.074
629.818
526.316
682.161
597.561
734.472
566.203
686.576
701.935
557.011
605.448
589.562
546.262
620.499
766.246
631.917
830.065
761.784
593.018
702.91
716.373
560.663
694.692
657.261
689.096
628.018
846.632
519.523
599.681
565.413
530.258
655.051
560.062
737.338
733.792
549.179
538.309
595.081
736.999
557.238
744.775
644.561
629.106
655.833
622.926
612.214
664.384
677.681
608.12
660.221
518.268
544.364
775.733
565.469
655.341
617.936
693.356
631.529
665.687
692.18
533.693
636.219
582.996
755.159
572.005
821.618
765.576
678.003
632.552
744.638
660.194
530.689
595.492
770.568
651.929
679.824
678.107
611.268
634.339
753.177
648.257
634.095
689.381
679.946
609.701
768.184
712.676
633.191
732.7
577.612
700.649
544.594
640.115
577.437
705.664
588.49
579.978
599.65
531.602
776.041
793.647
668.696
759.935
504.353
582.555
780.557
590.313
562.668
670.204
707.745
660.202
699.441
547.687
656.51
675.017
581.768
685.152
654.023
662.509
630.912
770
661.319
587.756
539.285
769.014
728.685
550.247
606.278
658.327
710.181
822.681
569.995
618.736
609.3
669.067
667.819
607.151
587.695
712.165
760.797
797.738
707.773
704.319
581.853
579.172
634.394
589.448
486.338
686.351
696.077
831.892
620.168
761.538
670.659
734.494
809.734
636.76
481.575
617.461
686.13
915.304
684.428
579.6
705.073
663.544
619.26
632.157
715.941
569.272
650.832
658.354
852.75
604.327
637.733
679.518
556.215
710.22
683.385
658.502
735.187
672.292
728.547
671.447
564.696
845.798
671.393
666.886
761.403
679.372
625.545
605.705
691.904
759.535
795.741
706.202
709.101
608.576
590.489
676.533
696.845
559.632
545.987
634.998
591.837
607.297
722.048
649.621
681.663
645.286
519.705
580.409
560.292
678.769
646.665
627.991
658.553
638.088
719.096
614.636
688.067
775.291
762.384
524.39
663.729
541.989
659.491
685.49
575.091
599.646
646.13
720.52
664.78
662.032
631.68
663.395
657.752
806.889
684.432
913.083
579.889
653.826
682.39
610.634
738.172
516.034
636.169
741.431
558.85
737.298
596.554
732.756
703.367
593.275
570.302
573.906
569.64
567.856
713.272
812.396
747.824
651.53
1031.43
659.224
612.925
754.531
870.95
465.226
709.501
516.099
682.917
647.68
635.212
577.611
765.493
683.346
783.179
630.365
684.022
714.245
667.69
703.334
693.468
637.475
644.098
611.975
651.277
622.105
663.744
628.68
603.627
569.037
574.784
757.073
631.03
691.711
643.197
689.904
594.298
644.7
617.149
547.541
584.451
606.21
622.731
714.43
781.478
760.209
602.567
538.782
594.179
594.117
702.908
614.558
569.463
664.144
559.076
574.451
595.506
576.581
539.249
641.997
721.121
601.795
650.42
710.633
742.971
646.379
789.129
702.01
602.484
643.928
647.6
664.517
591.179
765.135
575.464
909.682
770.841
672.959
572.093
639.954
588.002
731.896
693.43
670.699
656.179
616.256
647.265
598.853
738.334
594.471
639.871
712.522
500.405
570.674
640.138
665.788
709.303
605.974
660.304
606.201
639.992
616.394
571.308
664.214
679.884
679.988
547.265
568.04
598.037
636.194
611.973
650.013
746.329
667.625
596.2
538.904
645.285
703.487
588.151
599.906
619.225
620.646
746.418
745.026
532.915
669.757
646.122
580.641
667.126
659.99
596.777
586.403
710.712
631.84
788.911
640.501
547.853
651.609
762.169
764.528
590.113
692.318
652.33
622.907
671.939
688.876
561.365
604.492
633.493
702.558
819.994
623.842
775.98
631.107
539.955
587.752
673.05
594.916
611.423
501.101
741.591
643.411
685.591
653.854
656.208
823.43
738.209
594.652
619.472
651.049
692.995
662.043
583.072
640.76
761.098
731.303
727.845
743.919
541.018
633.656
563.281
623.16
667.536
649.735
692.629
607.972
634.202
616.138
583.479
610.063
627.043
725.652
734.948
797.671
789.701
734.431
577.661
599.429
692.798
691.53
662.593
654.494
686.783
804.583
645.404
678.361
635.571
698.62
572.167
596.377
793.589
611.682
622.742
581.603
618.274
827.764
598.887
767.521
641.47
717.993
556.004
758.043
663.938
597.975
619.363
654.82
557.899
657.251
772.563
570.697
639.334
618.295
758.482
779.503
656.753
577.232
639.245
615.936
765.869
658.181
581.727
530.811
896.119
779.363
740.08
615.115
635.104
544.925
577.626
517.47
650.756
713.112
599.127
739.273
668.013
790.435
929.426
663.543
605.822
495.544
802.982
621.258
639.919
532.371
597.555
665.345
562.564
592.82
739.006
728.021
671.556
613.238
545.083
702.486
650.858
727.912
597.536
659.035
636.035
576.262
637.826
549.588
666.525
746.103
622.235
587.469
540.666
604.922
692.821
516.447
683.647
565.838
535.757
637.055
645.979
557.333
697.558
700.795
572.064
634.561
627.197
552.185
718.257
620.495
620.267
606.844
564.173
780.495
638.978
773.882
557.27
752.27
585.407
667.473
672.453
594.92
764.073
615.679
616.463
585.777
574.955
605.274
511.533
589.904
546.311
877.686
624.839
693.03
671.755
575.359
600.202
605.445
708.535
613.679
545.907
642.456
705.471
633.148
573.378
718.793
625.826
682.906
617.892
611.748
640.124
689.388
749.881
692.264
615.313
785.663
590.635
665.203
761.381
878.54
686.611
626.453
636.88
700.049
558.989
784.025
657.719
511.803
613.901
809.824
658.052
527.999
591.983
609.999
635.44
734.778
622.271
666.252
567.254
611.606
707.62
683.975
626.67
647.72
624.215
686.686
656.632
599.877
604.112
649.405
653.662
788.39
626.816
593.815
532.068
504.206
668.549
631.144
580.865
677.989
696.684
603.205
595.403
650.297
629.907
596.218
645.761
689.591
674.971
592.324
610.864
667.99
647.218
689.63
634.715
672.678
674.648
702.06
655.346
768.038
631.336
595.997
658.054
635.001
649.176
597.187
591.656
666.651
627.685
819.414
561.844
684.727
542.969
699.433
685.012
641.621
548.221
566.71
647.74
619.736
547.787
729.358
687.208
604.855
636.414
624.328
578.208
695.774
664.8
853.869
673.318
500.939
556.505
833.942
677.026
628.372
683.897
752.975
466.435
595.799
681.317
527.125
697.493
599.32
630.842
624.075
653.276
735.426
556.629
634.83
741.67
646.679
563.834
630.541
740.409
569.488
651.015
568.985
582.665
671.739
595.662
699.562
512.059
569.893
764.193
774.239
543.707
593.683
575.861
569.939
655.387
624.003
585.356
751.896
585.575
669.431
509.025
628.039
534.647
680.271
556.285
602.248
716.636
748.488
546.271
632.378
687.842
616.835
640.019
685.482
677.355
610.806
617.338
631.818
549.272
629.432
686.849
716.191
644.836
615.729
663.033
772.021
566.919
715.798
566.162
622.393
967.559
560.337
582.735
534.399
690.589
733.446
631.036
522.391
642.015
610.172
622.977
593.402
668.62
651.514
578.477
611.623
473.884
673.895
542.725
752.316
672.796
664.161
551.045
636.349
629.567
584.491
705.905
670.347
840.759
683.7
643.572
798.245
716.911
651.491
607.189
585.412
1015.49
740.239
713.561
652.638
563.445
697.468
732.521
656.474
571.758
676.499
837.496
675.36
573.591
653.46
630.76
609.779
593.28
781.458
544.32
603.525
537.753
548.27
624.533
650.534
691.349
554.021
644.077
559.696
736.342
641.932
545.423
764.429
631.652
639.417
655.316
606.834
584.868
625.497
640.226
555.203
814.293
574.493
741.083
519.782
720.214
694.806
623.812
583.068
712.832
638.782
564.474
680.322
589.217
670.187
573.307
584.907
867.96
722.056
628
607.047
713.211
671.026
604.021
715.657
579.362
637.751
567.46
566.885
638.358
608.776
622.283
695.994
706.111
695.604
630.661
696.854
791.406
645.308
749.621
600.4
892.5
754.613
618.493
668.66
701.474
797.558
579.245
760.323
766.77
662.819
748.639
746.433
598.862
684.988
694.853
599.783
600.972
690.512
606.401
551.313
588.336
659.758
657.814
645.424
663.73
844.172
687.503
613.167
596.151
672.048
628.516
577.591
627.75
540.216
561.927
608.215
678.09
741.283
628.86
704.521
730.646
653.575
593.955
811.222
799.77
514.926
601.767
671.312
558.143
666.713
645.637
675.569
549.064
741.147
638.028
717.39
609.247
533.103
549.833
848.531
578.678
610.095
647.277
665.98
630.976
583.909
772.637
608.983
641.194
578.607
724.584
618.972
613.619
579.346
542.343
645.968
668.999
641.878
646.428
561.294
728.954
641.18
862.108
736.812
731.196
668.515
651.123
563.271
596.665
644.146
661.675
585.173
605.797
673.625
858.137
730.483
613.286
685.747
650.407
638.23
885.747
688.741
828.524
581.317
537.122
521.777
671.28
561.664
750.098
693.995
687.839
615.379
615.469
594.572
711.524
556.01
746.143
506.228
583.8
670.614
610.039
583.691
612.887
630.304
593.447
608.906
586.735
698.581
733.222
590.807
641.325
599.121
569.448
640.965
676.867
636.645
646
717.425
681.128
536.896
600.708
545.441
721.783
729.003
668.423
647.274
570.278
603.574
622.138
646.135
664.835
746.731
695.897
588.34
722.983
590.851
516.195
486.669
850.379
705.139
816.036
634.122
694.215
561.7
666.437
663.633
747.707
629.197
714.096
558.417
744.011
722.674
682.028
588.36
628.331
614.074
630.259
674.101
597.349
595.916
628.814
670.632
467.711
889.787
631.49
754.643
575.501
636.178
620.115
716.99
784.38
745.492
627.123
806.434
594.626
715.649
731.101
699.072
763.353
622.312
719.269
612.41
654.574
605.117
556.438
596.923
698.82
657.813
544.884
656.643
614.024
737.143
796.904
659.641
560.266
579.967
546.023
739.144
578.465
602.604
587.859
572.233
627.823
572.329
680.667
634.262
575.306
644.284
650.254
662.564
716.485
753.496
590.5
572.782
640.662
616.544
718.135
584.515
679.694
545.438
646.91
843.109
545.089
574.893
784.35
795.942
780.622
610.181
609.568
650.071
644.827
633.363
664.525
630.743
609.942
562.063
536.293
713.809
680.84
623.488
722.182
589.635
738.2
664.41
684.102
550.632
622.012
661.08
625.543
609.242
708.643
686.498
612.652
708.568
630.059
669.962
559.221
618.234
637.367
713.276
611.336
654.288
601.003
656.921
615.21
628.218
560.733
589.134
480.438
662.198
638.915
656.213
650.574
649.475
656.384
587.952
549.335
840.997
574.519
654.277
614.976
762.496
648.07
606.445
608.632
663.961
929.828
581.866
614.776
683.779
557.65
694.925
590.262
673.219
684.587
570.489
578.695
731.732
724.543
662.927
1061.11
652.207
913.094
601.44
553.46
632.176
593.623
586.154
762.552
678.122
670.954
729.757
659.784
597.125
658.248
715.539
653.133
574.155
690.033
800.985
639.828
569.131
657.41
636.829
617.536
724.508
555.029
593.553
777.564
539.019
629.944
644.623
625.522
653.282
687.328
736.902
589.481
654.794
605.537
525.142
672.128
610.452
540.513
659.582
639.851
743.637
550.723
676.037
721.314
667.211
626.433
763.702
665.94
703.884
697.68
638.545
710.128
638.071
807.23
688.848
572.141
571.73
722.765
781.661
676.312
614.076
653.567
572.496
628.971
716.449
618.173
633.017
696.801
587.322
671.325
520.187
712.113
697.87
554.288
624.281
817.539
672.065
582.174
641.282
642.059
678.117
798.922
686.783
593.379
692.795
538.308
720.035
549.279
695.881
747.672
548.716
599.899
625.01
613.323
556.649
519.039
718.794
625.168
679.42
685.687
740.325
732.5
703.23
772.323
595.897
655.073
628.313
585.335
572.175
812.35
720.508
537.234
728.74
672.257
784.719
775.512
769.61
631.259
578.659
573.788
638.37
572.459
591.874
677.201
648.819
487.459
745.515
632.536
657.459
578.896
561.53
606.93
609.209
582.377
673.749
746.745
573.037
733.139
696.767
582.775
610.811
644.392
877.041
703.173
579.518
719.01
715.038
770.048
721.304
608.105
653.814
587.806
617.059
627.213
674.864
609.965
738.579
782.116
713.173
678.407
637.472
676.262
733.145
534.812
714.676
543.487
674.049
669.153
579.326
587.088
606.384
510.55
840.143
565.448
722.653
608.584
558.238
688.854
603.179
626.315
586.061
734.018
679.278
654.197
650.777
869.095
688.554
760.996
700.294
694.885
571.013
642.817
595.431
565.133
514.064
673.571
628.023
606.444
614.479
621.275
714.431
745.574
560.04
758.114
696.664
657.873
614.65
607.491
728.615
691.716
661.077
519.745
530.784
753.393
627.305
624.189
752.848
686.908
645.392
823.346
676.388
474.279
773.75
588.097
602.527
738.52
666.508
729.107
838.579
740.348
676.594
773.401
593.768
655.855
541.109
675.8
658.093
639.634
860.621
624.393
732.834
710.558
714.26
730.557
669.257
668.146
733.95
670.656
694.452
670.991
707.242
587.37
697.096
660.293
650.259
627.838
558.013
783.345
650.367
689.141
531.543
579.026
586.023
633.213
697.324
642.018
684.912
686.872
624.599
545.42
525.713
667.357
749.46
570.826
630.18
564.342
586.323
565.364
736.495
631.952
673.422
569.399
696.197
672.877
787.261
740.098
498.441
631.018
743.274
612.361
571.39
633.546
629.879
582.658
683.169
668.987
557.753
583.391
478.63
546.791
667.662
872.611
653.841
621.881
615.173
682.638
578.416
593.29
717.645
647.592
710.577
572.931
561.71
659.279
828.125
797.082
779.671
606.398
541.24
670.088
602.617
664.923
647.876
783.579
591.316
541.073
675.123
599.444
681.323
651.25
697.622
648.265
626.754
680.958
782.851
675.824
619.727
632.408
519.896
633.902
719.298
634.343
600.92
483.399
622.559
1007.55
690.948
631.924
604.962
757.467
751.427
716.609
567.649
649.121
727.983
562.792
571.795
658.604
646.878
491.212
647.01
664.874
651.297
558.273
786.008
769.425
674.789
688.005
667.5
813.997
768.103
497.529
794.474
675.111
564.735
605.776
630.421
685.664
596.396
514.812
685.565
709.489
639.611
694.974
621.257
644.384
589.716
524.749
700.019
650.048
574.944
720.657
667.242
734.358
559.022
765.999
635.435
669.703
640.234
671.881
647
486.413
684.953
562.544
731.704
868.232
664.393
637.498
611.59
597.924
645.051
784.268
654.715
632.701
783.066
621.977
626.545
576.419
730.693
622.538
656.872
645.869
680.039
714.876
662.299
663.546
699.515
636.476
554.562
681.673
550.661
612.939
630.968
695.352
588.548
588.839
582.04
555.295
516.294
749.626
607.258
811.329
583.37
602.375
788.569
610.273
741.799
637.915
686.898
764.873
722.448
653.321
704.546
582.52
564.571
750.729
637.631
631.526
619.815
703.834
606.437
801.558
723.078
658.631
655.999
706.96
684.25
619.96
739
630.766
622.7
552.185
715.847
567.148
667.619
515.652
591.548
629.606
619.48
534.781
652.66
573.799
704.23
543.924
628.835
687.323
668.678
727.98
791.868
575.329
675.013
641.401
566.826
576.225
647.038
838.441
743.294
664.376
639.453
539.8
548.202
657.599
619.337
667.492
597.596
734.508
716.499
671.159
637.573
584.972
674.224
576.529
698.411
563.987
694.198
585.887
686.89
765.494
678.111
545.179
599.683
642.424
700.195
516.589
700.609
678.435
699.861
719.793
597.147
652.745
524.84
651.544
531
606.072
643.493
617.349
661.4
607.997
628.028
672.349
661.066
655.841
555.417
605.884
696.166
706.995
782.306
708.252
718.755
830.893
513.785
690.578
709.288
663.455
648.075
587.092
675.137
657.605
613.616
660.083
699.465
661.036
640.584
607.467
770.655
648.23
670.196
664.553
800.801
598.428
647.374
693.494
665.136
646.535
583.883
638.182
741.143
629.553
613.208
628.706
528.721
702.464
580.088
677.843
588.89
749.733
808.871
615.015
635.576
588.157
627.055
508.324
558.04
670.312
633.06
641.17
731.198
790.294
603.011
609.169
548.145
661.365
613.452
719.839
625.192
625.715
753.179
661.599
630.654
630.31
650.941
542.536
696.438
760.059
659.061
688.248
595.62
695.521
584.224
619.412
734.964
647.414
656.505
680.492
720.338
548.23
761.287
620.817
560.58
546.146
691.012
665.588
586.535
817.373
630.061
666.014
540.107
667.385
586.942
581.648
669.868
709.585
718.597
717.66
595.567
648.646
631.41
551.144
628.272
627.509
589.652
599.598
666.865
585.101
646.722
559.332
750.757
747.08
613.094
617.826
551.397
637.879
559.83
560.164
539.839
716.713
777.96
658.856
700.129
617.011
696.026
561.904
667.882
736.26
705.525
727.996
686.057
710.801
574.427
683.848
609.649
625.591
675.85
770.569
660.319
623.646
984.243
564.719
532.803
787.823
696
703.206
726.564
587.912
653.419
561.984
692.15
589.666
639.302
660.103
860.045
609.748
684.366
634.694
654.607
548.082
487.042
582.567
734.084
722.528
626.926
647.342
748.284
662.662
632.971
722.696
694.423
737.807
603.478
621.236
659.8
618.627
557.316
631.537
662.753
545.97
707.808
598.025
777.712
530.595
739.841
565.705
690.499
791.451
696.606
801.054
642.549
652.161
771.13
752.222
713.392
568.624
969.078
677.72
855.098
674.78
752.962
663.582
573.522
653.326
562.625
583.36
576.026
587.748
589.343
604.56
663.487
497.598
654.752
704.559
690.685
614.312
696.629
586.398
668.382
711.762
610.313
780.808
696.914
669.734
764.656
691.804
672.596
618.085
542.911
733.482
763.133
563.056
554.011
640.645
728.521
611.36
605.798
727.704
583.032
493.282
625.783
552.749
765.241
635.193
552.99
671.044
663.158
616.371
727.075
565.904
755.02
632.842
547.386
576.483
725.317
617.078
586.612
617.329
561.665
732.67
781.739
650.216
642.678
677.309
596.301
720.525
606.248
678.594
651.985
700.549
520.831
613.103
787.056
569.66
579.7
712.96
637.81
631.854
599.79
666.525
587.412
666.928
665.188
545.949
658.048
700.751
632.386
547.15
574.803
818.365
697.502
625.59
592.862
582.915
710
546.564
698.297
714.999
641.913
776.376
730.581
671.147
523.201
543.055
875.56
578.253
598.367
584.549
629.125
716.479
692.806
689.499
616.146
662.993
777.193
644.406
617.338
650.845
499.678
813.13
682.835
664.257
498.771
583.589
616.016
615.846
623.388
524.045
655.349
648.906
698.244
578.445
828.52
611.533
623.037
584.917
685.376
736.723
554.634
621.333
572.476
797.015
753.416
753.921
675.48
709.433
688.389
620.15
667.348
682.889
584.527
612.515
667.302
561.154
812.531
640.285
749.393
729.197
590.615
743.035
654.144
668.447
715.423
602.48
601.977
691.248
549.403
545.931
748.583
614.91
748.168
715.988
624.619
828.497
638.946
589.726
561.299
641.726
616.165
741.906
633.335
587.44
703.278
635.301
710.675
555.515
719.536
793.574
633.547
858.175
662.178
708.923
600.704
582.534
667.993
629.45
600.938
758.438
564.147
740.508
777.855
582.739
603.108
639.776
613.372
600.684
604.693
628.008
832.683
587.477
629.301
707.988
611.424
660.322
819.718
657.038
566.349
741.663
618.853
712.252
603.25
687.361
553.982
711.827
933.342
643.502
601.521
589.051
616.539
539.353
589.282
585.538
527.53
601.115
596.834
694.723
554.367
937.081
678.523
628.829
607.061
598.904
672.25
654.4
794.836
584.649
699.718
655.67
625.289
651.468
672.344
587.469
644.152
580.465
686.514
588.696
632.432
561.199
617.462
623.267
804.912
671.311
536.882
651.555
731.085
621.374
769.566
573.21
816.637
756.909
851.508
671.764
629.844
669.007
641.276
513.138
509.294
612.238
647.261
627.351
724.92
628.552
588.157
653.648
732.659
593.935
547.323
644.149
638.038
756.012
612.389
644.258
564.149
686.83
687.634
711.598
827.073
715.103
608.085
530.254
676.556
628.388
672.193
656.398
551.402
630.232
553.181
598.932
792.729
513.365
679.468
643.958
787.83
699.917
656.561
604.164
691.169
629.113
843.168
851.217
609.247
779.845
729.187
791.722
557.667
622.016
719.525
637.32
661.455
630.695
585.643
590.247
585.737
683.359
539.008
659.735
586.002
779.857
613.797
578.089
711.893
505.023
582.853
827.736
560.893
555.624
573.886
817.548
560.128
661.031
671.799
578.045
673.506
567.044
702.243
592.371
617.068
505.922
585.248
564.706
609.784
730.255
644.044
571.222
595.167
549.098
618.179
606.217
722.793
839.665
572.107
750.788
757.89
751.729
670.855
623.699
714.234
596.338
534.314
712.062
710.198
657.2
660.214
677.764
675.983
632.322
705.39
624.101
714.219
548.72
755.926
635.455
859.887
767.593
820.533
677.326
704.409
644.072
559.158
702.445
652.417
660.794
726.565
664.258
586.365
705.408
602.586
667.326
579.247
558.82
800.077
618.064
618.225
722.069
658.3
738.603
727.29
602.475
648.099
612.047
744.112
617.62
628.706
527.196
584.507
792.003
626.987
685.641
544.843
693.236
707.462
651.778
672.809
628.749
674.943
668.464
714.981
627.911
624.993
843.256
715.994
632.73
653.334
750.327
660.3
631.189
629.742
633.154
518.953
643.722
769.048
739.724
645.522
602.819
661.864
522.25
605.745
697.653
496.624
786.25
605.35
657.442
751.837
713.316
646.182
674.412
669.021
610.474
715.096
616.062
763.728
619.793
650.765
564.503
598.798
691.648
619.223
663.567
613.071
677.873
561.095
637.464
551.206
725.294
705.557
565.772
637.774
649.989
656.611
617.555
647.499
559.478
574.888
742.508
718.237
579.455
813.676
644.63
912.529
686.442
555.86
647.677
723.369
686.902
637.294
694.805
664.805
673.798
826.221
643.811
678.415
753.168
665.881
811.103
572.332
571.163
717.64
644.761
628.726
642.432
807.91
701.133
587.704
605.135
615.086
675.828
675.635
597.865
689.269
538.097
689.241
657.038
857.183
646.945
740.256
783.956
637.123
575.849
673.433
595.418
784.332
602.817
678.674
571.205
597.082
614.995
621.233
651.412
604.825
913.492
592.396
563.658
698.474
593.343
548.689
679.824
597.051
782.599
592.516
718.037
683.421
659.04
706.246
575.064
657.65
662.543
758.218
620.719
549.179
724.073
638.458
564.661
666.173
549.518
567.002
680.871
619.886
507.388
592.5
668.342
605.678
678.3
559.464
739.818
642.066
546.283
573.578
574.092
603.86
682.23
701.44
547.593
755.489
650.835
756.018
729.055
965.651
647.723
688.565
590.048
635.446
711.169
607.119
512.624
752.881
705.691
688.399
585.252
709.306
515.033
601.588
495.686
865.947
668.436
698.422
763.396
586.958
761.509
684.281
619.95
683.819
715.012
553.391
634.904
702.416
646.632
637.915
608.245
682.515
610.489
813.033
714.012
590.655
718.451
634.316
624.863
666.221
634.526
788.502
484.51
564.519
924.063
709.045
637.899
634.388
654.371
631.506
610.1
674.722
778.594
618.749
813.964
662.439
719.25
675.655
813.005
715.36
597.79
680.107
656.123
721.009
610.883
660.385
667.757
581.123
695.425
692.447
602.267
640.999
595.703
583.255
586.247
748.087
587.624
725.144
607.793
572.743
637.886
584.377
682.56
628.824
773.586
738.062
751.865
575.395
665.75
816.14
674.623
557.19
524.635
699.079
601.141
542.791
627.188
621.073
549.051
635.997
757.233
552.013
625.614
693.189
585.408
640.188
685.52
595.982
625.5
594.451
724.141
567.548
651.937
573.332
732.407
647.247
850.936
599.355
580.622
661.487
628.202
639.45
696.544
591.397
616.506
633.577
479.375
630.617
676.989
785.31
642.084
647.844
535.472
754.871
582.369
675.738
688.775
685.755
642.375
700.228
691.73
683.183
727.127
692.611
734.917
528.018
755.579
649.148
665.199
681.894
673.436
556.623
647.103
736.959
760.408
667.398
664.904
657.487
660.833
808.224
566.897
561.958
620.646
515.784
593.929
724.616
598.118
848.539
632.502
736.958
783.519
587.225
658.748
732.403
644.152
726.342
637.533
731.56
620.153
672.983
587.787
632.851
800.499
587.023
706.572
682.285
604.218
732.046
626.466
629.189
578.932
579.194
667.362
532.682
684.513
726.297
634.81
669.528
714.379
624.921
584.062
691.456
523.399
684.5
636.58
488.951
638.973
721.397
655.185
685.199
660.25
644.484
701.052
673.361
714.23
586.26
675.308
529.541
687.264
697.266
639
616.585
556.233
643.657
570.662
684.84
657.777
697.506
825.266
717.397
625.572
654.407
581.443
633.459
567.126
659.201
790.676
832.986
609.254
632.999
595.509
592.003
691.309
687.877
658.055
757.649
485.112
745.892
791.201
655.982
718.544
671.723
722.446
678.522
728.817
647.57
449.211
516.531
628.921
507.454
629.876
702.657
704.403
572.661
714.21
776.82
627.963
550.054
580.157
634.802
644.637
652.731
626.155
719.668
631.509
521.514
690.047
798.862
621.887
681.841
682.056
620.167
613.398
509.812
674.546
705.721
749.275
684.655
684.496
616.539
683.86
556.364
882.409
610.401
784.617
827.815
624.446
642.63
609.427
892.107
740.438
565.107
696.868
553.874
658.414
623.102
588.005
609.683
663.511
706.622
559.828
634.599
563.533
527.601
541.098
708.111
778.916
529.22
622.286
733.174
644.431
701.689
713.454
696.64
650.878
687.369
718.001
693.649
524.758
705.005
515.37
663.928
649.15
673.494
709.428
685.239
613.589
646.058
695.651
773.011
557.033
573.983
756.379
629.945
653.133
611.085
715.953
852.809
620.605
676.342
677.707
769.876
749.767
607.151
643.408
712.798
566.019
760.944
665.392
652.233
608.031
542.859
735.065
707.181
854.953
549.116
720.443
657.204
708.367
733.262
585.381
683.58
622.103
597.891
561.165
645.662
676.305
800.981
579.947
706.091
787.989
746.489
614.691
653.346
502.314
539.336
654.24
669.575
539.401
567.265
715.769
719.874
876.716
680.373
651.46
390.625
722.44
751.727
812.48
619.809
662.918
571.74
578.002
566.929
626.997
615.045
650.871
564.458
679.402
700.335
680.914
725.809
630.651
730.59
555.197
718.191
780.951
646.004
704.638
697.233
681.527
650.567
550.439
685.625
726.675
557.53
705.352
586.126
674.176
722.745
586.713
677.66
531.056
641.614
602.127
694.298
650.431
700.355
727.918
626.695
647.992
579.686
746.503
708.927
671.003
735.426
547.728
683.199
675.188
647.712
708.319
675.42
621.286
610.173
566.971
626.419
716.832
581.058
543.42
713.886
634.904
621.92
680.935
526.391
638.043
610.148
638.473
619.433
677.136
661.045
604.889
614.919
507.518
604.115
550.624
624.256
662.144
756.484
645.758
617.251
678.306
583.743
674.218
661.934
680.405
717.431
704.727
640.587
656.149
662.282
672.789
747.57
542.566
560.36
916.989
737.22
627.873
555.877
659.491
623.439
672.691
759.803
539.699
672.712
545.213
678.372
671.64
694.601
618.198
568.401
648.116
680.542
664.721
527.908
625.97
680.518
676.976
565.137
634.463
559.197
666.463
554.182
696.276
692.987
731.501
750.575
671.069
798.38
703.85
570.583
528.541
636.976
842.383
578.771
818.099
610.522
592.701
636.757
529.26
787.777
610.222
580.111
678.281
546.189
811.21
601.142
710.428
533.531
707.617
536.665
581.468
689.652
657.196
611.42
871.37
565.832
747.153
634.492
557.559
553.403
624.342
591.667
688.647
497.641
788.983
633.675
610.564
681.606
573.92
671.42
686.584
617.363
509.375
763.463
677.376
524.831
717.628
620.441
663.406
571.131
590.217
628.511
756.795
677.212
734.935
569.8
637.096
631.385
575.737
623.261
575.221
669.223
822.001
617.549
580.087
613.407
686.814
704.321
628.268
582.819
717.07
673.256
770.827
658.251
613.406
547.975
619.469
689.227
590.112
684.467
614.966
639.699
725.894
629.081
671.399
576.205
643.057
783.233
655.743
657.305
681.465
613.178
650.738
627.873
668.568
554.9
573.624
692.3
711.65
538.308
527.641
803.651
632.036
764.411
606.715
877.591
695.036
614.771
571.626
735.019
665.048
669.321
721.231
673.96
585.902
668.139
636.355
817.457
624.893
660.478
852.807
744.632
717.876
728.429
667.359
578.331
654.337
643.526
658.857
773.276
597.946
647.552
735.873
656.734
716.03
554.975
610.429
759.118
613.568
844.477
713.705
710.076
637.229
561.715
540.972
794.53
582.399
639.99
663.541
582.683
615.23
543.084
628.721
653.762
581.967
697.542
582.97
603.524
667.05
603.785
770.681
530.851
606.572
747.371
595.728
541.757
618.703
708.678
585.522
726.314
558.963
639.597
682.516
560.698
550.835
612.754
643.858
531.245
675.362
681.849
569.591
619.817
726.803
700.786
597.715
512.683
645.475
555.582
664.309
718.209
554.944
679.793
634.43
653.095
463.731
639.354
585.384
578.107
694.787
747.535
691.462
606.726
642.52
922.22
869.971
638.355
547.735
708.221
617.818
719.669
627.319
602.649
587.715
620.451
751.167
719.128
759.159
656.734
609.729
708.138
551.277
684.435
649.27
804.76
529.3
615.324
709.572
542.225
578.721
539.32
847.688
725.911
575.326
688.703
556.893
614.583
727.585
605.285
557.761
579.639
579.851
667.028
697.493
746.027
706.043
695.373
755.79
642.767
570.629
609.878
657.125
659.954
482.609
920.256
585.073
656.482
642.473
571.552
721.404
612.296
624.969
673.633
683.606
590.862
711.428
582.965
531.188
666.312
685.663
592.337
712.52
526.932
633.491
624.612
673.964
700.194
669.863
569.714
789.082
539.54
681.609
594.914
596.086
577.79
733.272
565.432
499.449
563.621
660.02
601.726
828.208
714.267
532.38
552.175
668.177
673.574
574.235
661.259
686.087
606.246
746.155
722.229
728.866
634.466
811.354
645.922
605.883
714.934
597.453
695.327
649.862
571.916
612.404
669.448
825.902
712.022
629.108
669.012
602.593
579.386
736.637
672.044
615.684
722.167
602.889
594.245
763.573
559.728
667.854
654.509
615.72
803.523
645.229
707.077
749.371
736.331
586.257
660.001
687.857
705.283
669.302
696.901
733.225
740.12
655.194
649.48
592.904
787.505
635.458
604.548
518.368
649.228
658.518
721.595
696.216
758.64
666.262
575.706
559.276
591.077
822.829
654.851
599.524
647.115
695.807
690.817
663.255
662.172
609.974
615.843
577.145
646.939
677.206
723.55
676.206
781.902
572.765
680.639
635.591
719.508
787.867
634.601
727.384
750.924
634.981
738.222
638.263
595.945
682.116
717.69
669.731
562.185
718.984
634.183
533.88
778.56
622.562
528.621
718.444
788.521
582.201
627.258
654.226
568.138
627.613
623.885
625.151
770.401
627.066
751.636
687.197
702.961
726.713
634.327
543.554
588.256
659.324
531.105
717.27
700.185
637.442
579.786
637.211
644.982
664.09
666.59
559.95
691.575
754.619
721.976
558.405
639.347
840.595
587.291
627.633
719.922
576.324
591.949
563.259
617.554
602.965
547.956
662.868
690.801
762.62
547.781
562.881
607.689
648.942
639.539
615.529
574.187
588.213
552.962
879.752
730.763
606.349
639.674
590.242
582.827
665.685
566.229
744.586
803.797
582.442
733.531
631.385
642.996
664.791
767.537
827.082
688.227
643.134
577.147
523.878
634.438
670.993
662.592
595.864
814.023
616.245
790.741
651.964
610.879
640.808
578.526
644.484
634.708
457.146
713.672
601.773
680.288
575.166
556.259
570.777
815.552
511.206
730.482
508.217
650.167
603.806
870.464
675.29
607.611
576.589
736.789
663.707
757.487
709.126
702.533
730.854
498.564
645.448
559.381
596.209
641.809
607.862
583.578
732.762
790.912
664.289
844.953
647.823
705.818
764.605
638.07
630.878
615.457
552.551
737.867
665.47
697.534
611.847
630.537
603.909
544.963
765.554
760.19
676.657
652.758
729.487
634.779
558.931
588.205
647.807
632.029
736.279
685.239
558.094
656.972
805.452
668.577
595.451
641.832
555.402
713.558
652.917
690.225
631.39
595.006
609.729
672.549
583.565
637.174
587.258
680.878
728.327
704.358
857.335
781.7
731.698
809.558
692.112
647.772
678.912
724.319
619.005
609.115
645.716
629.128
691.436
510.985
539.842
666.898
658.921
770.029
757.497
652.634
597.896
501.071
782.701
607.889
550.785
667.603
632.818
657.823
740.082
623.134
594.034
636.872
680.443
756.442
621.47
612.579
718.705
718.861
699.001
695.736
613.188
680.801
647.412
699.615
779.422
635.466
568.933
525.991
594.468
643.575
760.303
571.207
740.29
535.385
612.797
616.491
770.867
794.269
643.51
745.699
640.108
682.553
614.153
599.451
608.682
635.278
576.323
566.569
638.605
603.739
729.26
553.932
605.04
679.291
696.941
740.048
484.899
645.87
752.13
669.337
611.921
691.589
635.505
631.787
751.83
694.627
602.46
656.361
690.214
787.53
614.745
533.721
801.324
643.329
824.765
657.773
678.121
578.932
752.86
817.303
623.816
624.513
552.74
773.368
702.299
605.959
497.089
610.871
628.237
687.344
563.487
612.971
652.52
654.023
689.83
771.658
741.439
783.203
808.606
535.913
532.112
557.473
515.422
554.666
662.497
577.775
755.726
613.451
591.58
647.376
588.689
592.982
663.388
625.08
613.016
563.433
708.891
712.412
602.498
568.475
569.046
544.318
663.314
795.18
598.337
624.577
714.253
624.639
684.148
603.41
475.845
651.642
629.842
660.004
588.212
753.634
552.363
621.64
605.613
570.583
715.395
590.443
629.444
609.285
721.29
689.372
676.453
642.714
675.456
664.368
673.017
702.882
637.56
507.542
720.239
662.842
681.232
630.482
703.514
675.663
537.895
758.895
665.233
615.699
694.421
692.884
660.701
674.653
815.5
650.981
813.969
686.283
828.657
538.195
548.86
749.566
659.849
660.26
748.286
662.863
711.875
489.031
597.837
650.896
916.683
598.53
589.74
600.499
607.98
749.673
704.495
667.243
663.682
517.904
527.686
763.066
624.62
654.149
663.277
646.742
639.327
705.17
779.413
693.877
542.393
624.579
570.416
714.6
773.379
656.626
648.825
665.341
838.877
695.394
730.583
718.649
579.391
608.464
573.667
624.725
629.382
660.301
795.844
656.936
722.096
566.021
568.411
836.126
538.82
640.499
770.184
539.92
700.949
782.96
545.477
717.63
876.574
721.097
811.18
626.622
566.749
720.111
785.271
596.873
670.078
655.092
729.8
973.991
557.347
655.83
676.316
950.685
602.932
717.782
579.863
607.291
638.184
748.508
791.522
744.351
663.936
661.092
660.889
501.076
554.579
612.975
733.577
579.979
532.186
727.489
745.415
582.863
655.85
599.438
835
594
573.438
512.887
695.352
557.221
643.537
655.162
732.525
697.499
630.082
621.005
711.404
591.748
586.13
668.848
621.804
798.58
637.321
716.856
643.494
641.601
830.849
841.38
517.518
650.918
685.252
621.3
766.092
580.326
606.42
901.705
726.977
696.524
620.072
638.127
600.238
589.44
733.554
791.675
647.004
683.916
692.625
717.817
610.5
684.596
553.385
741.124
779.125
712.653
615.028
623.318
860.116
612.921
617.372
608.048
700.084
648.155
654.676
580.633
718.491
579.191
631.959
675.283
540.003
752.07
688.009
643.771
566.093
567.714
827.434
704.006
702.049
560.056
640.768
716.021
667.063
733.132
587.352
587.979
776.103
613.621
681.888
641.657
643.419
548.232
624.799
713.713
661.953
709.33
612.11
594.654
675.897
650.558
605.732
679.681
767.811
528.243
781.111
561.356
606.947
589.483
596.136
833.846
555.265
655.391
602.089
536.463
624.217
646.542
580.353
608.626
702.571
749.663
565.873
644.461
539.463
913.233
639.576
650.975
643.394
565.076
690.819
566.693
534.503
632.037
542.814
681.925
720.072
629.559
621.59
656.527
575.235
658.557
633.701
547.425
695.359
647.582
719.001
670.134
725.24
707.071
720.652
612.923
622.609
724.831
687.148
753.271
635.591
540.13
584.832
565.835
588.398
498.677
767.844
660.583
668.795
743.772
587.213
812.355
703.74
735.808
562.628
626.464
669.076
639.306
661.306
711.743
735.722
626.95
590.94
758.093
836.877
678.214
508.267
675.83
614.285
635.456
623.606
676.19
714.905
519.786
657.605
571.74
620.289
586.251
650.483
706.553
612.312
592.417
550.379
707.803
591.727
694.262
654.487
628.756
938.408
818.576
628.795
594.794
657.812
635.105
657.168
522.405
631.039
649.418
587.068
582.007
672.48
648.411
535.767
679.268
699.563
621.423
679.696
713.404
583.972
662.827
627.177
534.278
636.439
459.121
554.761
675.45
688.613
703.075
573.905
673.755
525.277
772.109
574.448
638.302
690.834
567.441
763.584
552.434
545.368
832.396
575.844
770.221
697.544
800.962
615.362
651.257
693.043
627.529
723.005
593.962
595.737
628.275
595.685
681.724
590.364
608.865
699.183
649.364
615.242
748.659
684.848
739.445
535.773
640.008
689.625
865.81
614.642
788.676
687.197
687.569
510.881
605.488
609.2
500.973
774.702
642.53
587.283
759.046
740.81
656.652
630.317
544.678
599.954
633.07
632.951
666.682
744.792
688.588
568.549
663.331
781.92
765.026
701.356
597.756
622.245
615.021
657.055
705.983
694.765
560.642
696.055
609.427
526.026
512.218
634.647
667.482
660.768
643.625
524.016
654.466
613.942
594.108
734.274
697.812
649.349
726.747
678.117
626.202
657.828
696.936
750.589
621.079
544.748
643.721
660.548
561.519
722.377
582.915
601.356
613.496
675.229
613.772
647.907
697.611
686.04
561.515
705.951
680.243
571.462
623.01
604.284
684.814
624.316
563.599
656.165
788.069
540.835
675.419
712.942
549.35
692.708
600.863
659.038
818.892
682.14
742.643
576.305
572.723
631.672
664.152
595.041
675.445
700.709
640.956
680.166
678.729
646.773
582.426
594.736
597.723
640.04
591.982
745.575
664.012
645.917
731.866
626.947
591.258
747.09
732.82
709.232
563.373
545.555
611.037
692.943
652.482
665.979
903.889
640.953
722.774
657.02
713.157
654.506
803.873
614.664
634.151
549.159
602.246
595.632
666.07
732.657
576.679
701.678
636.428
793.747
520.067
579.528
712.464
751.839
684.284
580.873
621.836
548.686
612.5
631.409
722.552
683.589
677.221
635.582
614.319
693.594
627.832
565.945
664.992
717.052
731.286
671.412
773.138
614.464
537.746
595.199
719.016
663.728
755.9
690.429
626.707
691.424
548.303
589.722
704.226
638.794
645.241
652.456
530.681
734.939
566.276
611.466
578.874
611.639
573.335
649.482
684.372
750.939
604.374
704.259
673.443
682.968
546.327
638.023
644.629
565.666
529.328
770.356
640.113
741.512
634.898
729.72
576.514
828.455
614.389
751.828
703.576
616.762
925.519
529.381
685.768
690.82
768.018
700.327
648.9
522.376
545.71
603.16
591.894
701.589
654.624
895.719
718.309
688.392
725.791
712.405
664.026
621.069
691.843
698.756
620.339
687.755
716.711
564.917
809.373
909.077
551.646
698.096
655.837
774.054
676.274
622.57
586.179
632.925
659.248
681.751
790.096
698.962
594.43
594.99
674.271
657.747
766.496
512.208
548.999
851.804
527.764
653.019
768.322
576.597
679.387
674.585
697.123
710.013
663.057
540.224
619.092
569.61
637.458
710.077
716.958
667.515
568.639
523.225
691.426
634.04
575.727
705.555
728.275
607.342
901.18
581.962
702.597
537.641
710.432
577.469
633.48
644.405
689.332
793.605
730.492
570.803
595.015
873.393
572.475
582.937
593.125
618.759
761.116
684.185
830.742
661.966
689.178
769.478
703.894
723.09
711.681
642.929
625.868
644.703
663.839
674.304
733.502
737.663
775.175
640.429
638.806
570.082
646.575
579.958
812.386
566.386
729.515
688.764
578.491
631.895
576.412
611.894
678.783
630.529
584.424
696.32
554.286
671.561
610.516
584.854
658.006
799.168
655.008
662.338
575.217
747.744
665.273
671.485
636.968
762.09
688.174
628.074
696.319
557.957
672.689
558.977
724.844
628.86
660.113
602.318
720.62
645.762
572.395
650.341
580.168
611.67
780.003
690.987
652.873
570.768
600.059
620.706
610.992
574.579
728.497
769.577
731.362
624.135
696.575
714.828
596.025
656.011
619.965
488.399
801.17
525.87
651.425
671.501
543.836
590.955
762.545
605.749
597.934
632.696
559.533
788.033
582.421
624.172
544.789
716.939
487.8
524.375
877.022
714.548
598.405
614.033
711.56
619.132
615.659
587.142
710.708
758.582
775.928
702.227
585.798
702.569
624.856
748.407
648.807
647.586
506.582
611.653
556.127
592.559
655.185
709.358
762.751
872.279
650.348
668.868
769.816
655.121
650.847
608.071
686.467
694.945
550.17
614.298
656.814
707.097
696.496
620.329
619.29
559.452
558.956
543.764
659.707
494.78
618.871
647.903
614.046
662.076
734.874
639.804
655.669
555.573
489.054
655.229
657.727
500.647
709.596
636.395
782.879
799.35
707.309
559.57
653.386
563.725
717.852
822.279
645.296
677.953
655.783
634.102
707.096
658.596
749.231
641.864
668.723
632.589
526.346
583.248
581.267
708.09
618.191
632.671
562.34
560.577
622.273
652.082
582.37
658.364
655.903
632.799
672.16
701.713
687.045
641.188
589.93
729.73
582.118
660.372
664.528
565.339
657.019
628.281
652.239
756.776
576.013
738.529
843.834
632.232
694.197
550.962
782.035
712.765
638.59
540.016
599.514
585.01
562.099
660.735
601.437
715.923
591.33
721.74
556.643
624.659
628.042
592.702
582.86
620.583
684.914
584.732
642.131
770.095
508.162
621.928
686.878
922.425
740.597
633.604
630.028
643.563
609.558
678.36
683.645
609.065
717.913
743.559
830.978
583.961
594.249
654.899
599.791
756.4
670.696
606.531
632.679
611.828
625.393
631.808
896.888
736.272
583.615
554.199
776.412
658.294
671.657
870.713
591.706
691.216
742.273
654.113
616.668
616.869
584.764
734.104
624.643
584.685
671.047
809.19
676.517
637.284
947.369
646.801
587.115
705.998
588.06
588.639
667.965
575.17
646.61
568.184
768.844
613.155
603.894
602.442
741.738
763.087
645.417
590.343
655.503
715.963
521.671
702.495
813.514
755.891
652.877
725.562
612.384
650.432
561.471
802.576
586.748
662.834
568.51
755.881
791.534
549.652
658.727
582.312
622.309
657.914
649.645
671.878
609.601
589.367
733.384
664.619
695.108
680.679
652.382
721.845
577.065
589.462
596.561
698.667
660.861
752.176
523.783
610.941
700.482
701.479
633.801
732.734
734.78
604.011
637.676
560.916
694.774
647.664
741.235
683.399
669.744
589.973
574.875
805.702
651.795
644.374
580.372
589.174
599.35
611.772
685.523
627.627
648.433
597.893
676.775
677.104
602.634
607.861
752.404
613.12
629.364
618.061
658.051
738.82
638.54
731.569
684.68
629.512
766.363
629.651
677.989
634.511
757.921
555.04
766.85
679.949
635.335
681.721
542.639
571.436
489.117
562.542
500.292
623.545
844.324
585.544
738.422
677.72
533.903
715.113
631.297
664.369
582.152
746.812
666.987
601.576
741.274
738.336
761.91
584.575
600.443
671.178
719.494
541.834
492.327
556.98
783.901
575.522
625.016
678.337
689.122
614.582
701.442
709.79
654.888
667.021
745.89
680.293
724.851
789.063
583.461
559.915
610.377
613.421
621.969
765.501
557.94
643.654
550.076
592.803
769.401
692.78
614.043
622.468
523.656
585.782
610.848
533.464
565.018
620.057
676.006
622.438
581.068
670.003
556.011
590.292
672.619
737.497
641.234
640.048
579.681
612.981
685.558
662.766
652.108
564.274
670.855
729.702
615.173
538.574
654.932
600.897
678.351
555.514
539.414
612.437
696.959
604.739
588.5
642.848
601.87
638.373
698.022
743.008
625.892
611.597
652.979
704.946
537.989
670.315
555.662
678.772
671.005
687.731
675.516
769.565
578.913
675.803
692.204
589.941
737.968
692.449
605
605.556
602.946
662.167
771.044
651.307
688.834
733.976
711.642
690.689
830.06
644.69
609.462
769.478
609.753
628.613
613.214
693.379
602.014
711.942
657.439
684.92
536.832
562.852
731.468
732.807
857.649
600.723
700.339
525.92
586.61
663.426
709.472
568.582
604.72
528.477
839.027
646.086
589.965
800.781
579.009
727.126
636.818
546.445
545.81
506.108
632.949
732.295
798.323
729.167
604.98
665.882
639.296
612.113
619.174
765.182
658.74
722.55
582.889
696.66
604.509
606.995
594.875
860.608
575.316
698.514
704.417
662.696
568.747
626.266
689.875
625.272
647.101
715.974
605.939
616.201
731.589
664.865
623.263
669.564
601.33
725.533
597.723
608.477
556.252
736.568
577.613
561.101
663.668
767.785
914.179
631.357
647.143
781.703
657.725
635.768
722.202
658.645
708.284
631.729
642
875.062
646.055
664.345
696.407
678.577
693.403
629.496
596.068
660.651
769.318
536.384
629.24
579.655
581.111
580.693
576.536
542.621
600.783
676.719
634.111
709.377
618.485
587.417
666.424
658.278
757.48
676.201
648.18
685.7
617.654
542.357
618.616
646.881
672.36
656.262
616.254
599.805
705.568
565.546
635.904
632.105
630.094
611.466
532.786
796.8
650.791
524.125
672.316
622.034
556.304
755.106
664.643
574.44
721.265
599.989
610.932
634.695
609.434
642.417
583.032
862.296
573.897
665.123
594.441
678.024
540.536
607.491
701.651
690.515
626.827
670.007
792.221
597.865
656.696
582.002
546.79
675.267
507.779
666.775
546.782
652.483
666.719
552.724
629.526
628.626
669.113
800.495
693.629
780.53
644.579
748.253
519.867
614.949
668.805
711.081
636.372
559.924
622.199
665.688
636.472
735.003
770.726
691.127
638.191
617.856
510.716
617.394
812.299
651.837
581.735
760.726
632.817
588.424
616.078
729.233
613.686
647.966
799.456
567.577
542.264
691.278
751.087
722.682
788.318
645.784
534.555
742.264
633.719
517.989
678.981
558.844
550.727
761.707
554.875
649.662
677.666
644.185
697.288
627.142
617.793
875.279
561.238
770.381
656.69
588.737
663.745
588.702
720.654
678.405
610.911
676.999
703.686
625.36
606.986
608.497
639.441
639.602
678.261
636.171
571.264
674.415
628.094
745.226
788.868
641.021
591.588
689.485
678.124
675.434
743.612
589.757
678.46
552.769
605.125
571.912
609.14
632.206
653.443
535.471
742.194
763.801
669.005
596.674
705.753
527.242
532.797
690.491
674.778
645.538
736.059
685.283
674.651
583.337
547.748
535.62
591.421
710.324
558.386
912.509
562.139
572.94
643.22
559.07
780.066
561.814
576.604
609.119
570.395
862.163
588.588
632.684
739.667
564
552.301
653.961
632.896
648.228
602.56
597.672
631.522
592.288
704.361
778.785
601.642
603.568
542.242
617.585
555.831
679.232
658.582
786.184
748.931
596.123
669.213
633.861
649.76
740.638
558.223
944.846
716.81
546.494
608.759
680.118
692.879
608.357
735.049
688.415
582.615
665.687
740.579
719.774
772.895
603.925
785.877
682.33
654.314
780.728
604.258
638.058
631.135
606.352
760.371
718.071
547.078
626.661
712.942
724.278
589.602
553.59
589.766
661.687
548.86
725.489
670.705
751.117
578.047
750.161
799.998
562.534
747.673
666.386
612.429
696.838
589.68
712.276
634.513
1021.96
626.784
655.419
645.991
568.985
614.881
514.193
552.943
724.564
765.569
636.154
669.774
669.436
594.31
693.358
725.924
714.946
579.865
845.528
617.382
611.982
698.156
513.421
687.504
675.922
753.441
647
640.203
544.337
569.915
721.584
649.733
713.627
767.007
652.908
681.256
839.671
632.468
783.951
606.517
582.55
703.298
556.791
636.232
640.075
598.571
698.283
563.268
593.636
653.048
771.293
675.472
610.388
594.139
725.082
649.738
689.728
575.639
713.733
688.34
560.805
679.857
643.534
573.546
653.916
665.906
555.182
779.46
619.974
645.424
608.273
519.599
798.732
718.676
629.673
616.313
546.176
607.719
703.038
553.32
757.857
539.496
638.301
641.717
482.542
910.321
534.998
604.789
660.99
621.978
783.267
711.996
665.127
619.481
662.712
567.011
621.311
656.534
598.647
629.808
627.143
672.879
672.446
789.822
626.434
609.202
709.902
624.461
547.398
672.059
600.588
668.228
643.988
510.707
589.548
721.377
687.354
743.022
630.936
582.381
832.366
610.603
593.685
552.641
565.802
608.157
652.414
502.182
559.805
706.511
765.977
621.905
698.959
678.836
636.21
803.103
657.147
707.495
687.983
651.72
601.546
741.827
783.454
667.835
535.026
660.854
564.195
642.574
638.498
695.705
608.928
616.569
544.206
685.823
609.243
574.222
655.938
491.645
553.216
708.395
723.337
736.987
568.442
566.522
638.51
736.677
604.35
645.77
722.637
634.679
807.035
763.171
630.786
778.151
789.063
532.583
677.44
654.986
760.49
635.873
759.077
527.304
786.376
508.28
636.145
654.813
547.052
679.755
701.811
622.774
621.54
665.663
587.471
578.074
641.242
639.416
584.409
628.561
757.086
971.96
592.749
564.755
556.262
643.352
749.708
765.95
534.938
726.146
713.419
687.528
602.897
609.435
673.841
690.759
580.913
586.404
785.357
637.817
537.898
647.818
662.403
587.247
519.157
670.841
755.915
670.301
743.064
860.232
766.568
649.239
843.983
667.191
515.768
626.552
718.277
556.884
574.195
667.449
674.917
661.254
642.272
665.793
589.029
646.148
508.905
639.953
655
655.765
593.769
635.795
602.058
607.014
746.989
544.222
723.938
772.819
594.537
702.408
539.968
579.434
560.356
720.814
635.382
624.49
601.98
734.486
801.499
586.668
728.811
731.227
653.21
588.383
730.986
591.971
667.707
687.616
706.681
581.039
753.914
559.725
687.729
666.072
734.602
691.42
584.553
578.49
659.928
644.167
594.345
774.766
649.233
706.699
607.034
572.562
827.92
789.857
583.263
643.209
682.353
555.778
621.002
580.407
602.034
664.457
568.734
511.676
834.68
649.29
695.184
780.44
649
789.784
623.479
630.112
722.481
734.982
632.525
609.28
618.423
643.009
745.362
619.021
728.536
634.294
637.222
762.122
636.543
724.072
728.3
612.303
704.601
882.345
607.447
698.193
633.182
601.618
644.835
635.555
624.756
790.243
584.168
724.099
568.925
547.782
598.126
736.982
682.475
854.3
745.192
643.328
630.392
687.267
622.565
664.18
602.627
625.865
595.903
650.64
656.915
587.172
673.797
627.64
605.263
681.99
608.984
639.539
670.792
654.572
671.378
645.26
521.305
650.905
623.03
619.531
639.293
662.059
789.047
635.399
573.099
762.647
520.746
669.633
748.532
643.517
679.197
650.064
671.035
608.318
641.44
647.18
547.872
572.484
721.258
620.985
547.903
598.357
640.942
755.199
659.371
586.824
644.34
727.039
759.576
717.057
870.606
584.705
557.624
697.347
618.019
638.769
670.932
770.812
923.525
510.855
725.517
665.477
654.126
606.131
543.664
704.308
551.024
806.981
540.596
580.439
574.202
693.177
606.492
583.191
645.727
606.679
566.274
676.887
