878.267
824.742
912.105
741.742
1026.25
859.586
768.391
851.835
912.229
1008.74
841.879
966.089
896.968
664.167
670.722
807.408
832.446
904.522
924.599
952.275
824.003
851.745
920.348
900.207
845.915
915.602
884.667
919.279
769.461
805.112
942.251
751.641
717.918
591.864
698.326
864.342
758.86
799.099
844.71
746.035
744.677
785.428
728.815
862.505
720.601
865.75
888.7
769.104
829.914
942.732
835.691
859.376
779.294
891.444
1148.51
773.687
826.338
898.229
672.032
991.358
998.176
844.188
1289.86
923.551
944.235
777.044
904.83
753.554
826.561
690.278
908.491
766.381
1040.83
787.879
857.216
907.64
701.939
809.859
817.418
871.868
872.937
968.66
792.792
886.959
806.531
934.515
832.334
783.462
816.856
1044.38
832.205
884.634
780.019
769.214
1013.37
920.852
809.224
884.99
872.338
894.775
948.66
855.892
903.54
795.901
808.607
1081.69
982.229
809.495
974.979
798.446
805.251
875.589
835.093
711.024
881.973
756.534
823.624
888.421
758.088
669.88
955.467
783.198
934.829
940.026
1183.48
841.696
851.304
714.68
791.283
779.3
763.566
839.854
875.854
842.387
916.496
832.618
941.559
794.903
815.953
916.917
899.68
926.774
959.808
721.052
823.792
733.063
719.643
795.67
949.787
758.62
912.131
930.368
861.945
768.346
818.127
806.744
897.387
791.653
1081.84
866.764
823.986
838.54
944.595
859.251
724.018
809.707
909.741
755.022
996.6
894.693
738.443
726.809
808.052
887.713
811.743
783.249
851.776
784.706
987.121
954.003
758.611
808.56
930.43
898.775
884.551
825.346
990.262
835.128
581.386
670.624
887.743
778.547
798.526
896.932
788.474
875.172
824.501
1101.43
958.171
835.348
892.605
770.933
785.656
840.644
847.52
815.687
1124.13
896.501
925.734
887.108
854.747
849.018
853.712
1046.15
847.108
896.855
861.699
825.722
1035.49
889.517
948.589
795.689
897.298
940.641
715.044
906.198
770.495
837.384
872.832
922.685
916.828
834.947
829.676
873.544
1012.26
889.527
833.207
821.833
787.168
729.732
849.855
988.066
861.562
852.626
867.732
823.561
878.07
851.702
751.738
801.546
816.08
968.785
795.147
810.85
751.144
1025.76
751.832
964.48
873.896
890.612
811.613
826.716
863.476
716.532
904.768
1043.11
1047.09
751.812
890.007
695.799
722.242
913.651
786.626
698.75
812.548
854.153
881.449
736.049
709.04
627.627
909.16
694.752
743.797
808.908
778.534
835.687
808.447
964.01
1015.28
637.735
903.876
875.581
1007.79
716
759.186
880.999
944.761
1164.03
829.397
1020.82
875.645
716.93
837.306
838.529
881.478
855.69
775.354
886.528
776.174
732.492
908.615
698.291
823.027
900.813
841.713
737.812
941.391
949.9
933.675
1087.03
648.842
832.25
910.309
910.289
748.457
905.474
990.42
821.938
832.264
772.183
889.844
761.11
998.407
933.368
853.795
786.47
876.419
644.877
842.26
834.382
974.352
1017.21
877.874
957.526
1007.83
950.006
879.621
743.816
979.292
902.379
814.28
857.99
757.591
838.429
972.539
884.5
812.79
763.858
913.931
868.888
684.703
793.023
853.935
917.642
883.385
865.424
850.209
836.179
814.345
743.977
1002.93
802.636
766.497
791.888
849.449
865.052
1320.35
1118.4
914.402
862.008
1036.31
723.313
879.585
872.81
895.165
823.229
1001.95
920.176
779.905
954.325
965.668
817.417
892.132
816.283
1009
840.064
800.447
816.707
731.034
973.74
817.473
1046.32
796.337
755.63
810.963
859.986
895.509
1177.11
870.403
883.754
800.847
750.88
792.593
893.268
747.966
892.567
809.754
886.481
999.923
988.98
1027.53
724.848
745.081
1003.63
1287.75
776.598
727.57
950.751
825.148
909.545
953.498
702.765
789.714
723.715
747.253
813.398
985.534
709.816
790.302
884.653
803.678
754.124
857.556
832.609
860.962
974.537
833.433
851.207
814.229
909.002
922.948
885.415
957.473
803.14
887.839
898.226
993.661
991.205
850.414
777.562
1022.68
987.094
856.663
815.32
983.869
1006.5
778.869
907.075
919.03
1057.37
898.413
823.334
1089.35
815.712
847.349
992.103
863.163
867.683
779.86
916.126
804.598
812.498
784.201
874.984
859.778
660.606
737.457
802.868
780.272
1053.67
820.018
887.945
841.368
757.506
805.863
837.844
993.947
710.232
813.342
955.414
791.069
1068.12
862.608
845.62
964.503
915.037
889.7
923.984
755.121
915.33
732.981
731.231
978.958
861.627
784.103
965.146
959.97
1242.61
793.827
858.937
743.085
902.831
877.559
914.4
822.128
1010.73
797.438
773.262
899.095
782.762
864.143
826.097
721.609
730.426
809.776
848.752
879.465
880.719
821.767
761.115
714.846
863.789
1118.7
828.423
890.216
993.768
811.537
733.61
786.485
683.991
778.744
892.104
805.293
758.806
737.44
875.918
683.449
706.471
673.646
838.569
1019.89
667.427
1036.99
941.595
714.395
792.37
794.095
891.347
903.191
925.995
783.622
860.947
729.137
858.94
1069.12
712.789
940.399
1234.4
912.396
843.616
708.893
791.069
911.899
773.848
863.068
1023.4
1027.74
987.067
979.584
804.509
850.14
941.215
851.853
1010.56
1071.13
833.281
814.636
947.761
1064.07
765.314
810.28
955.593
902.076
689.671
807.543
709.528
812.093
868.084
893.45
690.722
847.863
927.11
928.729
823.785
870.148
746.213
859.331
990.846
836.409
899.716
724.961
817.826
658.44
900.929
677.41
768.422
930.243
643.508
947.601
814.459
721.52
860.046
1067.97
987.814
826.487
897.137
902.517
1073.18
895.002
950.928
726.542
872.449
777.06
838.292
869.5
732.279
1110.51
813.873
719.777
829.354
880.956
701.238
850.155
770.475
855.097
864.116
950.541
806.137
877.691
899.497
909.62
1004.48
696.838
935.862
894.026
820.67
822.366
866.974
1046.97
909.036
1117.08
795.144
907.873
938.113
877.118
771.082
964.931
676.457
1186.39
865.841
834.43
751.383
791.144
774.501
719.474
885.145
873.077
1027.84
721.335
1014.64
878.361
1005.4
795.015
783.637
793.652
962.9
868.914
1013.54
707.415
935.56
719.457
809.852
852.054
929.424
899.119
816.283
774.852
863.873
843.846
868.973
935.332
957.212
809.407
807.139
708.588
855.859
953.751
926.005
1087
872.608
865.632
797.756
842.693
881.596
953.417
690.149
985.684
825.936
724.735
724.366
1110.12
931.902
801.202
779.959
801.018
716.537
819.537
947.747
782.298
816.137
847.299
899.397
707.085
769.317
1011.56
649.109
793.233
890.85
628.96
934.261
889.741
821.514
809.22
1151.39
912.686
872.467
893.592
1014.49
784.531
846.549
770.859
648.686
872.558
769.905
1006.51
837.819
881.601
911.817
847.549
910.528
1028.51
967.491
856.282
975.291
700.465
897.468
754.513
778.367
811.8
745.342
771.108
753.446
1005.71
776.268
804.636
954.364
905.646
1015.29
771.094
831.339
994.766
1017.94
656.339
879.396
929.903
922.014
892.324
813.763
794.886
745.708
940.295
879.033
787.039
896.583
872.439
1063.26
978.895
925.274
898.953
895.891
1034.14
781.853
963.298
803.359
698.631
836.287
763.443
666.27
808.31
875.949
775.955
825.891
704.104
795.692
1039.22
931.857
750.952
956.704
1209.65
794.208
918.273
1000.88
893.102
847.831
710.559
878.17
748.003
849.612
754.142
729.937
851.252
1147.87
817.486
796.02
744.889
687.504
767.953
821.367
698.789
896.217
771.84
783.741
637.758
768.438
784.851
929.553
1126.58
868.989
771.328
1017.29
874.056
759.681
851.779
878.864
882.07
694.364
881.211
720.033
869.085
774.376
842.142
1082.52
952.245
826.358
755.538
936.396
727.083
880.951
928.014
700.102
812.749
883.707
853.809
822.742
674.37
828.531
1001.33
844.228
923.168
746.211
748.679
786.109
810.775
1034.89
902.067
961.671
804.357
911.902
962.84
750.035
717.426
709.021
872.301
1049.53
724.779
1058.86
760.18
715.655
890.35
885.81
832.747
764.369
706.523
643.344
875.634
841.833
846.205
921.445
813.563
938.186
926.916
888.889
921.39
779.58
940.718
795.153
861.944
741.838
761.736
844.471
771.241
765.565
935.978
692.935
737.645
853.62
886.019
871.176
1136.11
772.17
861.262
991.239
796.897
844.588
1065.68
773.169
874.045
959.375
844.86
925.426
1068.75
782.965
905.884
901.869
865.955
840.842
836.049
852.457
1059.14
848.78
864.703
1098.75
878.3
870.839
922.37
924.536
807.077
864.148
741.133
864.948
844.472
856.134
734.105
938.538
766.718
935.376
725.659
738.033
764.063
832.975
862.291
915.99
760.423
820.086
850.058
1065.17
857.825
879.235
768.939
1015.01
720.879
811.065
791.392
968.733
812.091
880.918
797.197
921.542
890.641
888.401
989.641
849.491
910.889
796.307
715.524
709.666
1057.46
884.778
599.046
1008.87
859.252
771.262
821.94
889.156
864.01
932.677
918.388
972.757
756.09
928.298
870.002
826.396
1004.05
967.804
929.961
776.368
842.394
706.145
692.218
742.181
1056.74
791.121
806.613
715.23
894.602
827.993
795.542
903.727
782.383
735.717
867.855
703.388
885.8
756.353
933.268
946.088
1025.84
825.867
886.243
689.897
642.151
813.553
810.532
922.97
765.399
799.129
840.216
1015.94
861.901
835.917
891.101
811.921
696.159
814.63
774.612
821.72
724.009
780.814
610.486
778.635
835.231
707.463
901.86
852.033
841.719
948.535
890.959
792.167
835.287
734.364
852.401
919.899
738.777
787.908
774.135
780.637
777.981
834.448
1048.64
1066.19
760.146
815.745
934.707
1103.11
763.318
781.007
917.136
630.966
1252.66
769.249
784.971
802.795
781.261
758.604
942.455
814.019
1104.17
869.356
824.035
763.352
830.192
731.957
822.413
1018.74
857.149
853.432
855.642
854.409
826.495
880.48
911.377
772.252
868.504
878.612
823.573
1056.09
801.158
823.304
767.878
990.789
894.201
802.622
925.473
751.933
743.003
922.893
942.816
865.959
777.872
1053.23
751.729
633.491
724.011
841.118
711.015
845.989
795.578
855.595
723.113
768.338
789.61
892.814
933.258
1028.01
787.163
817.328
914.872
809.705
876.512
823.578
855.458
831.802
797.744
1027.98
762.879
854.635
897.941
792.492
861.383
1008.46
803.99
1088.19
770.139
965.523
818.478
1095.51
946.583
943.337
772.518
867.028
1045.07
951.552
799.923
974.169
842.159
906.281
1017.23
893.913
738.134
867.305
933.947
809.481
885.501
892.337
838.204
854.601
986.489
846.845
942.627
876.424
929.818
812.164
859.283
834.864
861.597
742.468
829.025
1063.64
694.115
745.663
826.662
1004.69
818.079
816.892
840.238
843.158
806.473
847.144
704.281
832.556
850.185
797.863
881.767
759.46
828.204
790.791
870.271
861.095
699.026
1019.34
861.15
812.58
686.425
770.182
926.976
935.881
791.118
718.57
986.174
885.801
716.187
837.044
769.892
798.078
869.31
829.376
896.593
902.157
850.225
835.346
931.221
810.612
1063.83
848.353
886.113
1249.43
884.422
765.387
797.609
982.61
937.918
793.262
721.977
955.201
1001.19
981.901
946.5
827.348
779.634
791.914
871.625
722.845
788.75
819.939
1012.2
925.259
856.236
724.654
739.886
742.457
900.946
694.772
771.81
776.876
1003.32
837.357
847.068
780.113
733.053
884.454
794.76
821.612
1017.63
886.385
922.698
840.482
787.069
782.679
856.199
943.212
1187.64
860.866
784.673
730.605
796.461
742.3
756.515
918.191
764.839
939.401
883.67
766.967
751.338
955.14
907.995
889.316
729.284
892.596
1010.76
1124.46
747.739
888.39
815.799
975.428
1091.19
891.569
801.63
703.396
945.4
896.672
876.52
973.79
977.649
746.875
816.039
970.274
647.587
846.172
926.506
934.365
943.076
788.405
623.078
944.98
920.359
892.163
1129.2
795.042
871.346
783.347
771.628
825.186
768.509
829.837
778.741
914.045
700.18
872.121
920.25
992.74
725.042
1142.66
845.225
1203.33
785.9
956.376
739.778
693.956
834.743
782.055
966.596
697.452
840.384
723.505
726.446
733.383
729.651
871.557
1127.13
894.826
851.006
715.243
727.098
615.085
864.13
745.828
890.998
933.637
758.346
833.353
800.646
877.837
871.361
1064.96
854.073
988.528
778.921
871.317
948.416
847.507
991.948
905.862
834.166
821.481
719.936
856.636
813.281
709.399
787.529
734.589
870.481
747.939
886.47
821.406
938.463
951.556
764.92
934.759
868.871
621.665
831.85
959.141
688.614
724.219
730.663
836.901
843.266
833.969
900.559
828.783
735.862
804.005
957.477
821.135
792.375
849.133
845.994
761.145
937.125
998.652
1122.46
849.452
691.345
829.647
831.305
811.555
833.488
782.359
900.074
757.761
788.007
773.211
997.178
803.294
944.462
857.474
848.372
1031.21
857.738
878.929
857.968
977.471
780.394
927.202
832.655
874.947
1125.6
793.962
1067.66
695.659
891.242
1222.79
840.175
908.265
687.563
762.929
863.058
827.113
962.555
611.393
731.664
764.327
738.921
857.431
719.134
780.268
843.708
1144.43
759.492
1028.95
973.308
829.281
836.78
749.258
912.89
984.578
926.449
896.571
741.894
791.647
917.613
804.55
658.771
808.17
877.294
730.918
796.961
912.613
857.845
845.819
817.446
716.387
811.546
711.378
792.579
827.245
680.021
795.44
817.946
894.087
773.816
849.795
1059.14
864.84
972.979
780.341
970.095
972.665
988.772
630.134
896.455
847.045
932.553
867.904
778.228
880.027
687.247
828.287
755.699
926.728
848.773
857.528
840.88
888.411
851.22
833.243
847.627
776.02
935.045
822.351
968.837
773.278
1043.02
828.154
1072.3
798.267
706.821
712.202
814.91
1068.04
789.47
853.743
847.07
943.185
860.36
792.724
852.682
763.328
806.406
773.614
841.171
765.177
686.065
872.947
790.162
922.967
796.296
833.33
724.056
814.39
1102.37
835.432
731.481
808.755
899.181
822.535
671.522
877.447
822.039
909.941
665.36
860.551
803.106
913.953
767.862
992.507
761.241
756.831
987.652
805.477
871.054
885.657
798.029
715.681
1103.52
997.683
834.741
867.469
866.596
801.849
859.56
734.496
1113.5
908.221
913.794
899.222
958.928
925.262
762.262
859.407
874.574
1053.14
925.053
652.053
769.43
901.928
776.627
909.159
715.681
948.728
815.709
969.061
842.293
990.16
762.677
904.442
803.267
670.945
1115.24
931.365
833.908
1109.05
959.923
1331.97
770.939
993.223
994.43
776.084
848.448
742.696
886.591
1002.71
1156.31
796.204
747.082
687.818
1031.48
929.093
860.26
851.778
984.814
950.412
678.236
836.646
865.314
992.568
746.703
896.195
807.817
924.842
903.195
805.647
656.299
842.297
958.558
877.701
816.317
762.315
958.157
1037.54
757.69
776.169
827.01
718.447
921.045
861.407
998.752
735.229
769.499
817.846
751.484
819.552
1070.89
799.674
868.429
897.566
863.334
814.68
947.257
865.75
855.091
915.341
761.364
858.108
767.858
1008.25
782.578
988.819
924.592
993.038
861.729
900.378
700.963
846.63
959.224
902.579
828.396
786.101
944.995
900.678
735.219
933.979
885.15
986.362
720.538
757.825
825.073
753.991
803.171
791.28
935.27
912.141
740.284
999.875
848.965
827.033
1129.39
730.54
1054.99
868.331
847.6
947.804
699.952
956.706
908.03
1057.44
851.123
869.556
789.861
756.22
728.641
785.044
854.317
809.139
944.403
1012
940.099
905.999
777.937
893.124
828.199
814.99
746.238
814.681
769.124
775.288
695.346
855.49
851.226
804.258
900.612
790.797
901.244
664.511
924.742
932.63
788.369
836.853
909.45
831.469
890.888
994.77
777.482
972.915
942.897
894.139
859.706
756.154
793.669
1003.77
1114.94
913.475
805.695
856.144
855.007
783.538
787.668
820.116
673.282
773.932
893.545
846.703
860.067
810.774
831.213
844.198
1052.78
734.697
718.089
781.765
874.009
687.661
703.734
768.475
868.512
900.806
883.214
707.974
797.961
713.622
827.998
844.337
920.836
932.995
849.677
742.302
865.535
751.524
742.398
771.188
705.766
732.956
845.742
790.689
723.976
982.011
812.701
794.096
934.558
795.017
880.135
1009.72
794.929
820.49
718.608
814.27
970.015
926.261
968.225
772.858
767.599
772.791
862.163
758.024
904.163
955.162
687.676
620.745
794.701
825.585
732.357
837.526
906.113
741.152
661.678
947.719
711.508
881.307
1001.53
975.487
890.668
750.333
786.25
1052.78
772.404
849.635
881.377
1041.31
759.067
1004.84
789.378
758.45
956.823
799.933
793.909
752.996
797.397
858.762
791.409
898.888
789.349
722.203
706.953
921.689
737.359
861.309
1105.28
911.117
1072.8
711.036
774.658
806.058
831.985
760.249
926.69
788.839
980.511
1031.94
1013.3
761.728
875.201
1059.56
957.863
805.942
732.325
880.3
889.741
1123.36
823.49
784.351
853.919
779.894
1004.66
1016.59
868.92
828.713
858.963
938.772
938.191
882.705
863.2
822.57
696.053
971.54
943.205
959.834
1036.02
723.505
942.158
916.734
778.03
894.856
1062.97
767.65
892.024
915.935
820.283
860.544
772.845
584.315
1069.37
882.928
827.292
937.953
722.639
777.805
905.337
909.272
805.451
1048.65
779.662
699.799
935.733
940.497
1013.33
955.718
829.264
840.959
789.614
942.292
849.908
994.73
946.336
909.66
864.115
809.747
841.52
781.572
974.687
915.98
1033.49
934.334
821.025
652.737
702.424
749.854
777.859
847.718
920.102
769.252
907.204
998.785
820.098
855.861
1028.05
678.019
897.025
793.154
1058.44
819.238
927.123
674.833
1047.56
729.117
845.123
805.349
871.846
924.04
959.852
1037.22
697.741
805.379
1068.83
970.873
663.231
1071.93
853.438
1040.46
930.702
942.231
978.141
803.211
864.39
838.852
877.742
902.448
808.698
981.143
873.277
828.936
820.176
737.715
895.19
1069.61
860.803
859.137
822.396
873.238
843.3
925.994
832.36
1016.02
746.087
832.913
754.345
801.391
787.143
782.093
773.727
765.683
744.625
791.826
671.188
869.466
847.171
959.684
742.813
760.028
792.016
802.312
1013.34
926.904
853.386
863.162
865.955
895.12
1022.06
893.37
1030.29
850.833
860.256
792.915
681.914
868.573
966.786
842.433
913.029
845.177
819.053
860.823
957.791
919.339
808.621
966.771
948.28
895.067
749.023
890.783
915.475
967.703
992.777
963.948
1009.11
872.957
908.097
777.579
805.736
997.047
929.192
945.428
934.603
783.494
852.512
973.121
618.523
909.238
987.448
749.415
893.764
775.871
908.577
802.984
905.62
873.819
763.325
908.263
1080.57
884.143
951.393
764.558
781.307
791.593
948.067
956.203
967.331
871.456
822.235
772.236
853.33
901.252
784.152
821.159
883.378
873.111
1146.3
846.78
897.625
733.931
772.936
840.778
728.748
924.337
765.084
762.61
734.918
821.123
717.781
963.815
990.194
890.93
821.158
741.269
912.781
740.571
998.032
887.895
927.126
927.116
955.442
916.153
675.39
778.995
697.632
843.505
927.475
878.606
891.312
854.558
949.505
719.649
820.454
833.011
877.439
1021.7
721.288
665.47
927.771
892.927
824.708
1000.56
881.489
838.635
742.467
688.764
1090.09
763.89
1007.67
795.323
1008.47
959.26
933.307
896.068
947.039
968.27
1093.29
762.168
932.493
909.798
808.883
943.221
860.547
806.278
832.512
674.952
777.167
730.325
770.367
809.614
731.228
969.686
803.627
881.47
977.034
993.551
905.498
1000.94
945.887
634.275
896.564
802.327
1023.64
846.731
1002.25
898.744
920.63
714.122
789.11
733.261
827.209
891.69
889.706
985.191
702.1
845.633
911.092
997.16
854.676
1014.55
743.053
874.963
889.682
875.265
875.476
867.826
906.478
814.643
845.202
860.844
860.908
812.841
818.226
873.85
1034.2
896.819
1010.46
1008.33
740.268
647.441
910.094
931.214
790.495
823.63
957.391
861.453
922.755
871.077
732.301
807.862
840.971
825.805
820.933
849.232
850.806
872.569
885.346
766.566
829.617
807.609
716.832
987.164
732.881
889.206
779.834
798.774
746.519
821.15
810.822
771.944
958.187
678.706
890.128
800.576
901.341
863.598
699.659
751.698
970.849
838.182
783.4
973.95
779.231
1206.68
857.669
732.992
992.22
906.977
866.426
1141.4
871.965
1055.25
891.189
713.101
736.44
767.901
746.666
1159.47
755.039
960.02
733.364
908.202
776.237
912.181
976.185
1039.52
860.819
931.575
880.833
982.554
901.509
694.733
953.912
859.996
872.867
774.379
826.121
750.024
737.724
1034.15
885.184
1004.87
773.006
983.569
730.309
736.19
738.039
815.572
804.052
705.707
851.842
783.253
756.484
702.501
903.136
665.634
677.485
767.297
886.366
832.104
849.174
1031.97
1206.62
853.936
850.091
979.028
785.016
923.783
891.499
944.611
944.024
868.121
822.427
720.974
751.075
798.628
829.222
772.049
1112.11
897.107
673.234
790.251
867.133
916.81
775.25
877.523
721.632
780.045
705.683
802.838
762.931
809.144
726.19
1002.69
631.458
1115.25
862.498
819.442
750.492
742.868
1113.72
769.215
926.475
734.929
836.643
928.28
988.472
858.075
840.957
894.13
737.134
764.926
802.98
979.223
724.871
889.238
704.15
845.805
899.907
918.091
1067.72
821.259
975.808
984.107
950.301
804.238
796.382
816.197
771.836
880.364
849.448
755.55
680.054
887.185
714.559
907.236
800.127
976.035
731.275
837.125
844.501
710.45
1016.66
724.062
1198.33
783.489
873.266
990.262
824.635
813.517
779.863
820.271
741.429
947.945
963.569
951.178
882.647
812.778
977.837
951.954
756.778
839.95
818.595
844.265
915.131
749.475
1035.35
780.442
766.363
1063.64
744.279
814.184
890.363
1006.08
727.841
816.296
1033.17
974.881
792.825
902.958
773.631
792.167
791.467
1070.96
973.584
1068.44
720.862
834.351
890.047
720.801
749.631
733.45
726.184
781.191
987.986
913.359
861.208
1063.72
753.503
846.246
987.774
781.595
944.194
850.3
980.025
953.089
831.657
905.887
715.332
842.309
776.821
826.489
832.699
734.694
884.717
667.807
828.807
928.791
975.336
1025.52
897.578
838.331
681.749
824.385
935.414
801.872
737.17
877.226
729.53
793.962
773.332
774.904
850.627
864.441
1187.34
669.389
853.217
834.57
843.863
753.454
670.753
674.347
785.406
795.292
955.373
659.596
955.536
859.775
671.095
1293.66
816.861
976.803
772.077
981.874
958.685
961.179
926.895
869.016
882.501
834.974
711.045
1082.61
922.438
761.454
1015.48
828.158
854.083
720.23
712.715
743.609
799.403
892.317
915.388
873.624
782.56
771.814
736.969
888.14
1062.25
748.743
806.878
847.175
656.371
1022.39
975.183
925.825
721.426
695.637
708.24
929.334
867.741
976.081
860.056
975.96
713.645
916.37
1211.93
813.582
997.132
921.247
774.778
819.327
767.213
889.269
880.594
889.594
646.874
1128.69
770.152
750.346
877.123
869.275
817.328
780.376
959.056
858.399
785.77
855.032
749.813
948.429
1025.69
906.792
938.199
1168.81
879.405
713.301
711.588
949.131
916.73
806.018
990.02
794.977
718.649
1027.53
797.973
970.92
828.986
791.942
735.181
968.056
824.538
829.183
705.352
850.672
870.035
758.681
778.254
950.442
713.561
863.847
946.734
988.986
671.596
908.793
896.719
985.839
792.768
883.897
762.542
948.412
884.312
840.759
813.992
827.922
907.513
864.316
936.136
806.098
1073.65
830.063
809.957
847.06
779.914
880.742
948.923
813.732
791.24
1123.66
772.965
955.014
945.87
911.888
800.655
766.941
757.049
937.415
845.649
756.594
877.43
718.037
825.431
893.889
810.004
888.668
812.113
1106.93
967.334
850.973
964.708
906.289
961.567
874.769
792.699
828.635
754.648
660.202
839.019
782.399
785.065
697.644
815.675
812.048
679.316
911.013
833.65
776.508
839.172
857.13
932.815
1000.91
884.659
897.688
833.943
760.697
671.491
858.177
781.145
952.132
863.743
857.017
751.992
898.432
1037.94
906.542
839.753
734.816
877.845
703.699
937.715
978.331
718.886
851.472
923.406
965.729
1022
872.111
650.606
847.718
851.445
715.898
772.558
953.265
810.66
806.32
816.037
791.008
806.605
802.894
864.218
834.348
749.533
899.091
828.068
923.528
950.406
846.479
1017.14
749.558
888.109
814.334
807.843
1014.62
966.76
729.406
800.515
835.041
791.346
846.293
974.494
940.566
954.043
871.145
843.116
877.649
979.856
813.709
816.182
932.656
677.678
838.62
1075.13
773.658
735.026
767.846
783.477
788.618
903.549
986.257
758.229
855.298
1037.42
705.372
845.644
832.437
965.761
909.839
858.972
812.588
900.138
907.106
904.876
813.269
918.524
693.523
1096.82
844.86
797.189
866.949
754.26
1047.44
764.386
810.531
817.181
809.547
831.121
1093.77
1179.3
831.725
803.641
911.313
808.109
833.4
874.556
800.449
735.502
823.195
836.444
811.977
724.302
928.071
1000.23
755.127
787.79
885.067
869.787
793.429
932.957
981.248
767.802
916.3
936.936
964.543
792.437
1073
858.24
756.188
761.044
665.95
715.896
914.88
972.149
901.432
728.465
802.312
837.804
798.138
1148.34
835.076
1145.09
906.778
990.625
784.109
871.424
836.449
1049.53
780.688
998.938
786.941
1059.59
1064.11
817.07
694.155
767.553
887.226
884.576
930.505
804.04
957.016
876.436
818.27
814.117
772.278
774.716
749.71
1003.01
694.104
905.365
782.409
1043.38
841.992
869.485
706.985
962.245
734.882
1032.95
843.518
753.584
735.279
914.125
689.719
825.202
745.905
817.711
947.78
787.263
775.155
923.312
745.92
730.732
840.423
934.685
1115.3
780.169
1168.34
889.699
1059.18
826.619
879.086
912.231
941.129
710.905
870.101
753.959
974.608
727.929
1106.42
701.988
837.452
841.806
849.316
906.235
738.059
854.181
716.763
929.635
1197.34
908.572
969.386
854.505
1050.54
714.085
728.284
780.99
734.231
746.538
798.514
804.742
867.141
915.341
750.415
1024.24
793.456
768.922
923.91
934.393
726.568
843.414
952.609
871.678
891.534
924.379
806.086
749.966
662.682
970.581
954.684
875.979
817.079
869.437
790.043
903.792
832.503
767.705
799.18
1020.96
750.87
889.359
832.622
798.664
851.951
775.712
753.877
862.482
959.254
807.73
847.722
1044.49
1036.89
716.285
1050.79
760.703
781.951
1046.75
886.517
808.387
799.199
781.928
808.177
921.268
928.833
914.541
669.231
926.588
989.821
838.453
817.099
761.366
826.817
1161.52
970.991
869.991
897.759
729.532
1008.52
783.293
798.708
838.061
753.736
762.983
727.677
775.266
813.125
904.092
909.143
925.048
735.869
943.846
725.345
812.303
872.415
746.16
813.626
907.078
699.851
841.683
773.885
842.078
963.133
703.615
923.759
762.276
845.346
841.711
1109.37
870.872
706.613
855.957
747.836
690.073
777.099
915.55
810.078
746.338
887.421
692.887
1043.12
798.154
915.592
868.451
900.135
871.297
816.248
947.965
992.712
918.493
808.468
668.589
1162.11
777.451
900.838
760.89
704.769
1092.61
924.606
723.046
885.021
821.288
903.738
903.672
950.922
723.621
932.258
968.871
818.754
1092.88
882.563
902.895
865.791
946.448
1038.16
865.837
780.394
778.629
1040.15
889.462
1052.74
867.227
781.154
776.962
966.194
752.023
1228.03
941.479
697.174
859.039
864.469
920.341
1040.19
893.482
874.089
1019.78
997.145
1036.08
749.914
893.696
747.857
921.048
1006.99
833.775
846.435
911.379
875.916
990.117
960.545
879.718
844.582
991.569
744.482
921.857
624.291
900.711
1059.96
872.56
1090.27
956.479
952.552
934.742
789.374
893.208
872.002
858.129
928.683
896.789
791.379
715.777
646.297
801.722
807.512
714.509
1159.9
823.684
1171.43
1015.99
805.254
1044.95
866.363
921.168
1020.43
861.84
820.929
632.949
957.43
803.766
823.379
947.948
984.976
785.607
1020.73
878.742
891.12
743.361
800.474
779.448
768.208
981.999
874.708
982.247
885.172
950.083
816.683
907.89
728.559
1136.49
831.154
772.99
845.282
1002.07
919.859
760.511
853.111
870.399
858.976
682.654
704.674
822.393
809.88
911.655
943.666
874.041
813.666
779.598
851.519
759.197
816.312
905.028
990.752
881.897
784.551
965.451
728.334
1011.06
774.748
894.972
828.976
763.488
875.582
802.517
876.82
919.596
740.748
858.027
804.35
728.073
945.295
854.082
958.639
721.705
804.348
778.399
836.859
883.477
904.521
701.276
826.709
776.137
938.698
958.207
722.876
722.074
899.876
1018.54
841.371
779.95
779.659
876.889
712.8
813.471
856.893
805.531
816.546
831.533
911.442
712.616
813.737
1001.17
704.599
862.601
966.566
852.655
830.342
663.296
819.761
775.704
1041.99
870.914
954.824
912.783
829.585
955.481
879.154
997.794
1149.24
839.376
832.692
833.53
904.969
834.23
898.634
928.744
720.352
815.19
831.47
898.806
855.028
807.542
763.709
792.241
892.995
880.003
671.72
622.157
756.138
966.878
727.178
904.432
826.112
818.954
1164.75
847.437
1000.14
874.33
842.288
840.624
694.131
857.195
995.243
1060.04
727.925
709.376
765.424
738.089
745.105
913.563
791.94
788.367
821.183
898.63
1018.22
919.377
700.333
823.728
787.872
885.315
792.832
908.67
793.342
995.998
769.742
907.824
977.222
786.601
796.142
913.201
862.691
863.055
1042.97
988.534
735.446
957.652
790.863
972.413
837.559
1008.02
806.263
916.453
848.993
858.705
728.115
910.251
621.17
847.628
1005.56
849.671
924.514
885.738
761.079
926.153
856.095
908.315
857.761
773.354
1045.91
962.246
731.896
777.194
796.912
745.756
963.117
1013.2
922.079
1105.11
932.648
868.508
854.667
930.307
852.421
656.598
926.266
850.154
743.073
751.797
950.34
880.07
801.808
863.987
886.042
788.286
751.145
933.214
900.202
847.338
867.576
857.302
768.753
1118.3
877.538
804.094
997.592
889.442
1022.67
777.105
1378.51
689.755
847.602
767.55
881.962
811.29
786.34
1043.81
835.155
942.365
819.477
926.47
816.724
768.87
925.868
990.678
865.094
758.934
894.704
955.027
780.703
1047.35
806.3
924.365
842.949
735.587
860.45
1051.9
812.519
851.388
861.331
1048.39
902.271
780.684
753.53
700.175
854.945
865.566
846.305
866.241
821.826
781.853
789.016
689.569
854.269
820.412
856.001
839.242
945.418
1188.74
867.685
919.783
842.82
762.502
988.519
749.529
947.869
811.068
923.322
766.932
1012.93
724.519
821.107
764.082
762.32
900.721
821.465
812.146
894.518
781.074
817.419
941.109
784.512
688.572
743.896
705.162
848.245
798.043
951.955
802.252
656.69
694.058
827.714
825.788
790.714
816.433
951.016
1129.23
986.589
665.619
873.199
764.173
699.128
881.46
688.482
848.069
984.404
762.566
1253.68
867.779
854.507
819.628
845.969
805.155
670.765
845.459
1005.79
899.358
795.979
708.973
927.214
745.152
935.466
812.46
797.484
1117.16
967.05
909.302
802.474
943.73
770.254
777.321
650.416
914.503
875.208
1024.48
727.535
962.515
799.154
946.716
766.509
881.452
838.103
876.813
791.792
791.436
891.079
820.059
1027.57
926.637
997.972
827.184
703.795
917.182
829.505
776.658
892.099
839.731
1077.65
862.791
787.085
658.038
1030.77
792.122
1213.5
824.418
907.127
852.371
765.275
787.664
937.625
860.118
784.79
697.71
951.896
1041.68
904.886
822.159
745.977
855.338
802.284
750.993
944.6
887.182
911.18
712.992
796.668
671.142
725.405
1008.61
952.475
878.255
890.993
1009.88
696.522
928.176
944.457
670.011
1003.44
930.709
775.447
792.018
1136.09
1022
873.07
1019.29
1155.64
952.896
1036.38
962.463
916.915
890.574
894.286
760.39
1046.1
973.968
806.78
810.812
963.124
771.238
838.325
881.764
900.179
825.293
843.011
827.11
890.096
825.274
797.648
916.248
861.529
907.684
817.023
900.131
749.931
779.73
789.939
841.489
899.98
977.906
874.8
727.92
734.598
1000.61
834.043
814.543
956.378
937.884
970.501
846.532
793.546
758.035
920.629
848.233
831.81
756.431
825.074
789.249
716.846
1041.61
918.974
797.181
854.586
903.626
1000.99
698.253
998.716
767.646
1004.37
832.644
739.403
844.755
805.227
883.875
846.74
939.41
789.704
881.209
958.886
861.578
797.499
799.626
1173.45
875.078
772.847
1083.73
949.313
951.675
660.885
897.89
969.218
822.133
831.39
707.462
972.185
870.63
973.056
799.992
767.468
874.999
851.346
999.624
792.519
893.494
1180.43
1003.09
897.525
1220.42
907.806
1010.41
811.707
1048.01
741.496
772.657
803.54
908.318
825.704
787.656
773.294
792.965
870.767
953.465
764.095
922.182
759.004
808.24
746.645
1061.15
831.765
1172.76
1203.08
846.3
874.215
736.069
742.804
861.235
858.404
873.02
942.34
1015.7
719.839
921.293
739.322
826.545
882.88
781.418
887.679
808.397
841.631
855.944
716.883
930.211
951.787
949.995
725.363
908.489
885.136
998.21
913.598
859.388
887.764
949.781
770.373
862.099
757.521
798.978
645.979
766.209
932.052
755.494
855.487
721.783
898.05
923.9
949.804
800.305
1001.66
882.905
744.958
845.328
856.98
690.312
799.155
733.569
759.516
801.331
840.946
801.162
667.78
942.5
690.892
866.016
1125.96
764.375
892.249
904.15
890.111
731.231
787.879
901.868
1124.42
738.422
1044.36
690.735
714.263
800.115
906.271
821.957
837.88
763.069
797.946
983.294
817.382
919.485
764.091
1023.48
834.706
789.974
887.11
1044.55
754.513
864.339
962.283
746.573
861.934
980.426
691.308
917.663
800.779
838.419
807.831
764.2
931.347
809.685
894.539
849.735
849.938
879.201
702.725
963.561
743.908
798.189
831.972
754.052
777.903
822.846
960.82
768.134
778.635
907.283
777.984
863.76
726.608
822.705
830.301
802.795
1033.03
703.018
873.646
876.187
780.551
842.639
980.287
730.346
844.117
1024.47
852.627
711.245
749.552
807.665
1267.96
802.438
938.196
896.306
757.695
830.412
849.934
764.477
798.192
777.814
804.284
962.868
896.06
795.819
988.568
862.344
745.826
928.443
737.5
829.946
925.137
934.06
777.636
709.818
1024.4
916.366
830.113
935.857
718.196
1145.48
781.206
1114.82
779.306
790.064
875.853
862.854
763.972
956.146
959.742
866.853
867.62
794.088
764.815
847.181
926.727
958.163
865.374
778.611
819.108
701.248
836.057
721.157
911.206
930.002
910.371
1024.16
897.421
808.05
739.009
802.709
1051.8
963.356
813.222
1108.93
915.757
669.972
883.141
775.889
971.568
816.804
747.557
993.872
874.557
908.489
882.712
966.272
1026.54
818.089
965.188
911.155
992.321
711.192
944.584
775.375
818.224
886.573
910.107
730.654
795.938
909.95
791.282
879.488
778.348
1079.97
976.243
802.903
766.738
963.331
894.391
813.836
960.591
859.979
749.158
752.857
838.458
818.539
773.483
950.461
1147.64
906.978
884.266
1019.31
865.545
1010.02
833.002
725.077
992.646
751.084
901.072
1037.59
854.343
818.137
761.535
1053.88
868.984
976.622
743.605
972.702
810.854
757.951
975.507
813.792
795.576
761.499
782.741
793.011
783.776
859.197
889.951
938.944
869.338
867.394
895.565
840.061
771.286
1050.36
644.117
935.046
713.165
961.811
725.863
863.882
927.109
892.247
866.206
799.679
966.025
815.509
890.831
941.069
917.46
934.601
944.588
779.044
818.365
902.046
789.535
802.616
1035.4
1011.1
708.195
944.267
1014.33
761.795
824.191
992.829
817.365
872.996
813.324
775.438
910.657
978.572
854.244
822.178
1039.79
930.743
831.845
811.09
826.26
919.17
757.195
803.148
781.263
860.692
825.279
834.365
851.278
745.185
818.753
968.982
878.121
948.521
1013.76
858.329
631.943
897.743
933.855
863.412
941.391
766.203
825.828
928.873
844.547
971.822
881.329
1076.88
769.721
961.96
1110.9
828.349
771.815
722.149
738.965
895.593
886.21
744.697
1065.94
774.595
856.822
1019.39
864.674
811.121
844.803
783.752
808.906
863.369
921.695
1041.29
759.784
746.238
948.447
929.513
1006.6
903.744
887.133
696.958
906.186
861.094
718.465
943.406
891.003
797.367
913.759
816.654
939.587
876.078
980.958
1248.28
599.495
1102.11
799.415
1106.28
888.497
767.685
875.719
773.951
840.943
890.637
935.596
800.556
757.454
876.422
832.314
811.113
1000.95
734.969
806.264
745.702
819.364
903.219
685.195
946.221
1131.41
823.994
868.152
835.973
695.836
731.876
855.988
901.542
815.802
854.281
878.1
887.774
976.382
800.319
846.873
870.898
1119.07
873.677
946.826
779.661
787.344
959.374
794.331
902.527
862.554
860.505
790.058
816.634
769.94
785.404
876.811
785.784
840.93
911.754
1259.84
968.515
838.668
758.563
845.959
820.02
877.086
872.646
923.404
890.647
991.161
942.789
964.028
874.071
795.399
787.845
907.99
766.059
823.676
883.345
870.252
911.156
703.65
728.268
962.372
952.592
847.911
758.244
945.494
758.056
934.85
876.769
966.108
900.108
993.242
953.159
754.337
843.236
960.217
791.698
972.483
735.292
850.934
996.389
788.66
897.404
880.053
918.95
928.553
888.227
847.788
829.493
797.214
1040.19
841.805
864.653
805.712
770.125
830.766
776.029
1009.19
806.998
648.141
830.493
1003.46
769.739
939.323
826.215
802.161
861.765
930.41
696.12
1011.34
904.567
878.237
910.587
963.498
876.833
813.827
1129.62
811.802
823.815
761.211
724.451
876.064
706.695
788.8
784.539
781.197
783.87
785.007
833.085
874.802
793.715
833.547
762.111
829.807
744.594
1589.9
690.952
999.028
721.165
991.055
812.782
840.661
793.291
811.034
870.331
780.267
749.805
778.549
796.683
884.645
808.971
699.472
1310.86
752.872
890.932
923.828
999.494
1077.86
888.526
925.262
856.483
1117.06
1013.66
871.285
886.709
703.426
931.783
786.703
894.401
944.549
957.315
898.526
744.632
817.612
675.623
800.703
892.085
706.109
921.958
990.857
741.564
969.299
904.973
764.078
732.288
920.464
848.334
813.185
791.411
723.136
819.558
823.458
755.377
668.524
1022.93
958.36
954.403
717.477
923.158
1030.79
690.866
924.802
802.222
796.239
938.312
846.149
621.3
744.431
932.633
902.316
854.817
805.449
813.018
755.023
777.312
710.414
703.57
882.396
802.381
799.53
941.477
933.587
827.428
812.577
876.377
793.311
987.418
918.971
1074.8
1065.47
879.631
902.687
915.685
838.683
915.016
622.6
945.059
616.267
654.595
753.269
885.804
711.547
935.54
777.592
825.524
987.641
739.554
776.583
797.154
1039.97
795.926
924.918
842.087
1066.2
859.247
913.952
864.739
824.919
743.964
881.352
680.133
923.911
762.715
834.131
880.584
848.542
744.638
711.231
866.914
838.959
978.755
849.501
862.405
769.365
768.148
1132.04
748.779
701.441
854.434
734.242
949.447
1046.89
696.74
735.436
796.642
932.392
855.239
823.916
902.088
777.696
953.098
930.316
797.019
745.656
797.793
731.626
796.826
891.271
875.515
795.88
930.777
1019.27
746.913
787.046
812.735
731.144
875.83
789.894
772.213
959.631
786.957
778.237
815.892
755.14
702.818
1084.79
1078.62
831.701
818.589
751.832
774.443
832.967
949.272
948.754
868.942
846.55
956.855
861.415
769.367
666.891
742.806
784.156
810.976
892.368
844.257
844.225
799.667
1041.43
1003.89
841.378
724.631
835.045
783.856
804.306
923.33
881.47
835.889
924.074
1082.34
765.825
858.233
850.84
701.233
895.531
915.605
1001.35
927.597
921.221
796.505
916.061
678.791
666.776
988.251
1077.33
844.71
1030.73
840.395
809.123
1034.84
945.91
1039.27
743.494
754.224
842.742
766.35
929.915
1057.34
733.981
744.008
666.268
933.649
980.577
837.665
946.53
853.269
811.763
726.584
767.159
896.802
1008.84
758.231
745.505
895.987
804.238
767.238
905.767
997.669
726.885
857.459
732.247
780.803
760.853
770.288
908.571
972.979
754.043
710.646
797.038
840.567
934.469
957.586
800.105
802.02
796.606
890.343
797.896
787.215
889.34
832.588
742.179
793.887
773.54
952.13
994.289
843.571
843.627
797.222
1125.53
911.058
809.862
812.604
804.586
872.168
1035.98
820.133
822.783
825.522
770.496
869.413
940.795
1033.22
776.593
820.323
830.039
829.01
823.5
1059.79
790.196
1000.83
971.944
695.786
882.036
1055.2
789.696
764.337
917.843
840.38
768.357
848.759
811.519
750.965
658.769
772.093
794.36
894.455
979.051
907.041
1051.1
776.73
856.031
859.717
849.052
947.14
787.553
806.807
924.995
1256.64
1003.34
809.293
938.122
717.929
828.26
778.325
807.174
765.955
823.288
866.584
1023.16
945.973
1071.3
926.041
881.467
861.726
970.54
757.369
821.576
773.473
988.198
849.412
905.624
937.469
670.279
751.291
817.457
823.22
896.421
706.389
916.381
745.335
1041.18
774.479
936.525
963.715
805.319
1016.09
1061.45
796.418
918.589
734.024
710.554
774.761
576.069
771.193
864.068
977.34
914.597
907.991
901.381
893.695
1078.54
868.001
743.011
820.852
906.65
1005.43
725.895
992.575
981.452
816.043
904.854
1009.19
824.161
855.172
842.827
786.882
833.724
974.005
858.135
937.605
757.361
858.548
747.45
735.238
727.137
949.311
1007.49
851.232
678.669
718.528
1053.25
782.414
722.931
820.281
880.458
863.049
858.147
892.466
798.36
759.058
939.163
1019.96
758.422
997.38
886.719
796.245
787.12
725.183
1119.33
732.723
965.318
1003.19
814.504
934.877
713.967
772.766
750.833
878.124
1023.32
891.693
1001.66
1027.15
861.42
1042.11
918.229
812.655
848.608
870.598
905.166
788.539
930.33
996.058
944.777
690.249
704.965
896.922
717.138
921.996
741.125
963.663
975.951
847.512
1063.11
799.218
1124.99
895.805
918.386
976.512
891.996
926.503
890.438
862.086
928.483
800.686
854.41
842.797
859.417
723.185
975.204
904.096
825.954
806.949
765.003
838.771
904.378
846.633
734.519
1034.88
791.652
829.301
971.225
723.154
961.738
834.131
1047.64
932.628
738.08
992.494
904.456
745.955
743.36
1003.38
1152.31
969.588
715.169
755.076
763.94
807.861
764.254
963.465
972.75
760.743
788.41
712.813
925.963
883.065
752.411
800.203
842.552
794.594
708.231
1009.13
788.305
1029.98
1016.97
820.565
778.958
926.797
745.221
920.512
927.495
775.927
775.58
950.403
828.357
785.113
1008
693.728
718.909
741.154
1094.33
900.908
928.391
833.481
850.414
862.29
870.39
844.42
1001.69
840.669
643.304
942.632
900.495
865.402
877.226
970.545
783.445
620.741
887.372
1011.26
827.685
986.135
892.519
771.855
812.789
864.47
1071.87
753.727
926.147
757.783
863.779
905.709
914.11
992.893
728.916
751.366
994.259
773.331
818.388
765.283
757.805
814.781
699.59
920.087
853.98
748.077
856.767
904.854
808.243
916.831
1080.9
842.232
964.93
777.073
836.088
841.405
786.954
773.231
845.072
998.748
675.277
830.406
981.214
838.79
862.548
891.167
798.335
838.817
879.055
1003.79
1085.81
905.934
763.651
920.667
873.596
823.359
949.337
852.781
712.778
911.502
727.301
729.285
1014.51
731.287
956.843
810.729
941.819
790.413
885.157
863.191
738.798
770.978
785.904
731.075
921.676
767.585
839.031
816.904
697.972
934.041
766.853
972.522
914.237
1000.41
747.429
709.328
987.373
857.655
822.37
991.002
811.83
1168.25
873.531
1064.03
779.216
704.036
773.336
933.162
882.949
682.201
904.494
852.017
874.676
899.444
1062.37
863.139
828.699
687.367
842.501
737.278
932.284
1096.55
720.855
993.278
973.762
807.104
993.668
790.709
947.845
1016.99
747.823
962.004
861.158
788.659
956.109
858.152
879.135
925.154
881.648
795.778
960.335
743.024
813.088
805.371
750.64
1114.22
883.434
758.419
954.816
955.03
967.404
921.436
827.187
853.027
811.255
818.77
952.527
952.079
880.468
920.222
916.423
767.937
790.134
700.752
828.102
728.635
783.375
872.752
807.896
918.851
749.439
819.694
720.662
1156.98
809.616
705.527
774.542
1101.87
712.027
956.162
1207.18
781.094
984.651
846.589
809.695
729.58
1278.7
960.085
1203.91
890.422
780.024
705.322
866.826
868.513
889.598
715.79
815.946
1009.12
813.749
885.04
900.517
955.059
885.222
953.689
806.135
932.46
784.106
747.123
926.521
862.292
951.795
753.682
896.622
871.667
1004.78
871.708
897.623
841.893
753.05
830.18
976.01
810.547
938.582
930.32
747.031
852.75
1030.55
797.752
719.075
790.347
729.565
758.845
794.782
838.58
1001.1
697.685
1047.87
835.126
831.98
1153.07
927.716
977.64
779.812
802.638
803.654
818.5
993.194
931.972
843.397
932.581
814.488
788.818
918.707
854.839
1075.19
862.622
854.396
726.588
965.001
898.846
811.703
851.028
938.003
921.59
808.37
825.423
898.556
882.968
883.369
804.402
803.18
942.792
933.005
907.915
805.536
788.114
1077.45
836.59
878.439
1051
1094.4
847.613
852.251
766.595
865.036
888.743
856.637
719.557
876.432
902.833
837.551
1000.77
956.688
819.341
667.006
843.208
863.093
778.864
921.802
800.57
850.235
966.23
793.528
782.265
971.009
677.887
831.598
1034.53
871.263
1055.48
789.866
839.359
954.273
841.684
993.856
749.041
857.101
781.924
768.648
831.979
743.856
908.739
927.52
713.809
837.503
886.656
924.54
834.044
931.761
887.874
817.493
955.012
889.041
774.133
998.421
803.652
1108.64
728.961
910.098
875.93
807.216
778.007
842.767
914.461
722.106
864.442
1103.99
959.225
1078.55
795.633
881.523
1046.11
994.954
611.743
861.426
770.884
802.664
908.942
884.419
863.715
928.422
800.192
615.272
822.438
776.297
700.268
773.022
914.969
779.659
701.755
971.072
804.462
798.851
715.228
802.13
985.463
802.769
801.822
797.682
845.93
593.421
936.371
868.609
786.161
810.171
948.024
754.937
827.843
736.202
1037.99
950.399
817.14
908.632
817.186
1060.75
916.542
860.26
872.8
892.429
1062.67
1124.31
1020.29
847.651
670.603
912.67
919.66
858.687
817.935
738.433
706.425
760.149
964.389
766.924
889.553
801.669
933.853
867.462
755.409
977.892
679.095
967.494
990.48
804.505
721.139
744.229
833.383
996.306
879.544
875.767
713.233
778.638
859.865
865.657
846.533
883.884
816.202
772.924
918.986
857.286
905.456
908.382
852.913
891.287
980.597
993.735
759.477
716.319
942.205
675.471
741.884
885.49
858.069
842.961
882.065
920.898
911.042
926.272
1166.03
759.344
843.694
728.238
823.943
860.696
760.883
663.401
824.308
1104.49
956.634
769.322
714.209
851.069
797.82
798.281
710.866
713.293
668.903
1041.43
944.112
1006.08
1017.52
788.467
847.033
844.681
761.845
1037.1
1051.2
929.475
842.38
836.653
824.702
799.198
784.949
794.736
856.7
737.466
861.018
730.893
1040.71
784.034
1037.02
761.115
788.268
869.632
1114.27
878.968
843.771
857.442
828.835
976.325
1020.03
749.798
980.837
873.666
738.308
879.514
855.805
678.844
815.37
786.892
825.487
722.539
770.371
760.339
881.565
802.702
891.504
839.527
826.656
835.83
728.329
806.654
875.457
993.619
778.888
696.848
848.042
742.324
769.249
815.357
649.836
883.842
701.354
797.127
846.462
797.402
787.893
973.492
965.788
897.407
807.007
781.023
790.767
844.745
893.578
814.84
856.799
900.122
988.896
738.506
855.083
725.51
890.046
793.338
1148.52
848.007
842.352
696.398
783.655
737.855
785.706
784.882
750.169
1071.44
1024.21
869.699
818.558
879.962
857.314
784.311
878.269
898.298
880.479
866.585
836.522
731.926
807.558
770.904
889.731
1095.03
965.728
801.808
1041.87
869.309
841.332
810.163
948.601
741.154
840.503
815.409
834.577
801.129
864.496
782.282
875.992
700.744
913.176
823.224
825.731
818.756
842.35
973.956
782.586
807.01
936.786
941.579
778.527
828.104
1072.02
879.785
814.015
965.962
837.435
793.562
741.901
758.739
872.339
915.785
860.178
830.42
798.296
912.929
880.378
938.01
875.417
904.047
913.91
638.674
969.109
846.168
749.985
874.028
769.195
793.707
1097.11
900.031
906.613
801.078
773.934
743.939
923.666
828.963
1011.66
1099.48
707.404
773.65
1098.83
716.933
855.624
741.799
693.879
751.472
979.61
1027.65
805.186
933.919
895.963
899.519
857.823
802.652
814.845
757.712
773.823
812.929
721.639
822.829
935.024
889.425
826.389
716.609
1174.34
901.784
896.27
853.528
889.739
1052.54
926.48
763.947
772.821
855.165
787.606
954.901
929.833
889.47
922.841
785.685
800.414
967.079
774.618
946.791
785.269
951.762
911.963
976.951
834.599
997.475
814.76
617.987
716.622
1163.3
867.491
901.67
996.392
831.686
812.349
744.631
787.277
755.565
824.77
955.097
1015.24
726.616
840.307
943.141
852.916
1051.81
926.956
903.229
895.764
999.27
865.493
891.623
798.787
875.276
876.939
959.649
805.475
754.083
823.623
671.56
886.714
859.26
769.04
872.685
979.759
779.339
931.557
1049.69
880.197
803.532
834.23
1266.58
821.255
994.169
886.163
769.948
808.034
821.294
729.376
1099.99
778.645
979.36
752.623
758.938
958.525
879.931
1075.78
810.951
798.907
823.696
849.4
902.665
866.094
886.88
974.193
1079.64
950.728
860.813
860.378
930.795
704.128
890.914
745.749
817.789
804.971
884.073
793.144
865.438
846.413
707.15
879.194
819.955
1122.77
860.27
856.991
778.95
871.629
713.661
834.718
1139.28
1108.34
945.599
715.17
804.174
864.46
652.585
919.23
858.4
795.063
838.527
976.225
906.674
902.066
853.896
755.202
824.296
992.967
978.2
860.192
984.837
718.418
739.07
759.756
799.441
890.464
700.415
801.302
765.772
976.579
865.868
831.673
805.274
922.802
673.944
722.487
1048.84
870.603
811.278
1111.36
646.535
787.908
927.04
750.725
834.642
817.477
880.588
852.865
850.207
668.311
965.634
901.796
824.542
791.937
835.845
829.642
870.601
708.191
790.613
957.432
933.921
884.325
817.413
702.237
866.013
898.2
889.516
754.667
901.408
917.721
840.662
1001.39
749.358
853.727
759.815
679.265
1009.14
904.509
829.649
899.328
787.988
1103.95
903.754
777.763
862.89
972.84
806.998
716.851
853.679
990.273
764.598
819.383
862.997
694.683
716.347
892.058
728.649
823.933
713.592
912.522
853.961
921.453
739.942
1043.52
922.453
979.977
959.17
765.675
932.658
842.958
930.613
682.793
652.542
910.311
849.019
914.429
775.644
848.237
832.794
879.323
886.873
953.086
828.185
979.288
808.608
871.423
922.593
839.926
916.949
951.939
826.355
1105.5
985.43
876.402
862.524
938.03
825.077
835.1
901.995
965.78
839.212
679.528
942.03
861.637
926.85
709.771
1101.46
871.241
931.622
988.498
967.335
696.621
870.294
822.336
913.692
970.826
1076.07
716.562
803.248
792.445
849.182
1063.12
812.394
892.351
797.806
727.079
757.627
899.571
896.827
702.036
815.659
950.372
738.063
777.082
733.394
943.311
836.273
1036.81
851.828
754.368
1096.36
758.109
1012.95
839.875
1049.45
767.23
1009.63
1190.53
860.127
828.555
1069.65
780.427
952.219
880.405
822.378
1000.28
845.336
806.722
859.21
655.092
877.151
904.599
960.88
782.518
967.146
982.534
797.348
867.786
827.712
903.946
961.873
746.821
760.799
734.415
827.182
758.388
733.213
927.97
1026.13
754.904
904.18
936.043
864.74
1069.74
788.86
977.569
925.942
1030.33
768.205
763.084
973.643
975.374
815.093
972.353
814.686
847.506
674.852
1109.06
780.638
864.931
731.938
1102.5
895.513
926.787
820.79
883.772
784.021
866.577
972.143
794.844
829.928
784.951
860.997
898.017
1146.91
688.838
875.021
896.419
772.254
847.998
748.048
870.56
957.622
814.571
737.21
730.883
871.786
815.728
908.039
833.865
976.669
1064.22
838.268
905.357
810.864
905.42
793.201
731.491
719.424
1018.55
777.575
688.53
813.519
856.485
878.741
946.607
689.41
920.882
807.111
858.576
960.311
812.194
687.164
732.812
1061.23
831.479
798.011
863.059
843.13
778.839
968.994
749.356
934.611
831.883
845.288
938.954
876.777
920.453
763.874
887.813
801.871
832.06
849.898
877.969
658.461
689.11
747.414
986.371
936.052
995.043
1068.97
796.987
1014.89
702.028
834.13
715.019
795.019
861.753
743.855
790.646
638.151
826.835
635.085
881.234
930.881
683.532
652.618
700.771
742.435
856.974
799.824
978.467
913.19
771.685
1094.67
824.573
740.575
902.228
771.502
932.519
972.77
890.901
804.019
859.303
1011.72
725.688
767.842
975.44
951.785
800.626
1129.53
806.989
832.329
909.412
871.265
843.831
802.236
818.725
709.67
1012.4
1098.28
992.634
993.811
918.266
786.784
870.061
857.336
854.455
715.226
858.582
814.274
922.689
797.889
734.437
732.083
790.543
748.145
817.065
756.035
818.058
769.55
824.975
854.377
641.406
739.399
786.844
828.661
974.826
1145.27
837.193
872.449
731.912
793.634
753.958
972.202
807.965
742.506
799.319
941.646
823.191
654.548
874.188
728.399
694.618
898.665
834.42
762.008
912.349
746.465
791.316
821.149
862.027
943.225
898.88
779.716
937.221
907.981
819.248
763.998
852.619
792.935
915.668
822.867
731.043
1353.57
810.269
854.491
972.409
1148.03
977.283
773.322
795.512
816.313
840.381
811.2
744.15
771.204
922.944
841.116
662.257
830.648
838.157
983.317
770.516
745.072
757.023
917.382
804.139
644.809
836.787
911.882
789.899
988.915
843.038
801.951
948.344
1036.35
936.279
888.902
705.006
842.96
922.421
919.386
806.733
1036.94
958.175
1106.78
717.976
1012.91
694.328
812.09
937.749
1093.33
755.761
817.024
804.757
838.673
849.22
836.682
833.547
808.93
861.031
941.359
759.371
796.634
831.662
1049.75
869.869
815.738
835.929
853.369
798.365
921.893
990.276
949.624
702.384
1004.16
1037.86
807.983
808.584
789.823
889.983
975.682
785.401
807.692
875.525
881.729
766.306
905.117
868.947
972.761
1003.05
896.626
828.611
727.049
1005.17
968.123
937.151
797.833
1207.58
767.531
962.196
698.532
762.385
955.998
732.467
855.509
816.682
717.281
753.932
767.602
974.196
969.775
983.564
1000.87
1065.87
1003.76
698.843
792.046
990.012
736.714
1348.85
977.822
764.848
832.174
992.432
668.979
958.911
697.789
983.278
738.445
837.737
767.768
803.035
645.952
770.889
833.113
1007.16
778.519
758.175
831.537
885.425
656.493
682.398
830.181
994.864
751.772
845.8
881.548
831.556
779.043
1088.46
870.554
936.002
870.587
677.148
694.438
899.929
938.458
973.392
946.696
894.637
651.689
734.135
832.664
959.21
920.728
801.937
801.472
902.462
719.38
917.444
701.973
717.734
783.534
737.582
850.166
785.555
888.221
928.264
901.884
831.95
830.246
851.656
838.678
923.469
922.095
829.501
864.179
873.984
905.947
760.842
773.026
1146.31
967.845
857.14
872.133
931.737
770.685
759.052
809.242
862.885
837.784
1071.19
866.489
756.496
806.972
687.363
1010.01
805.332
758.54
680.729
1048.04
852.292
895.973
964.821
790.97
852.195
892.645
898.314
732.93
833.306
748.919
832.833
803.54
912.391
888.028
932.33
791.31
726.773
1001.21
1018.01
871.138
933.06
705.135
860.875
948.487
816.142
1060.99
923.875
873.445
861.825
755.215
1127.84
706.147
851.343
922.271
757.496
789.369
815.873
897.489
748.702
937.983
787.961
787.162
783.727
767.908
833.841
856.816
953.452
941.201
1098.25
869.583
849.466
822.311
704.699
967.466
896.831
1100.67
895.727
845.598
777.444
854.229
824.547
741.135
911.908
830.276
784.759
792.332
872.617
1026
708.605
716.119
716.106
817.264
881.004
934.763
822.579
852.021
845.263
918.181
896.94
892.236
600.44
849.083
713.503
1011.36
845.118
1069.08
707.342
895.38
817.937
880.788
1040.27
932.848
863.907
839.196
747.782
888.727
774.409
887.735
1017.37
1032.84
800.878
774.325
989.296
860.697
747.51
1193.84
985.196
778.329
840.8
903.923
923.852
749.544
977.701
718.165
766.268
831.817
742.182
1028.96
696.189
944.035
893.872
932.849
815.828
871.731
716.925
871.922
882.361
942.632
871.86
775.563
728.254
934.432
737.996
783.243
789.958
917.908
878.487
943.617
923.577
805.647
833.789
733.855
791.844
726.259
933.481
846.398
885.539
850.234
938.301
712.888
790.672
875.627
754.919
787.671
855.013
734.682
925.562
924.04
976.083
737.784
907.005
823.946
1005.56
729.703
817.422
937.4
756.875
998.204
1025.89
703.385
1001.45
995.435
889.71
854.731
838.955
826.868
946.364
1130.07
840.609
696.723
767.788
881.728
745.764
981.261
918.816
894.032
888.293
819.076
773.884
874.169
768.182
726.283
980.626
1242.55
844.004
827.673
876.748
924.299
825.254
851.746
849.457
1070.58
893.058
765.994
845.216
706.634
660.84
892.149
1024.8
844.896
851.977
820.436
1144.96
732.102
679.637
815.382
792.398
846.436
941.692
973.21
865.863
805.922
808.246
777.284
734.443
996.563
840.882
713.284
845.541
997.833
662.036
813.735
812.476
865.405
865.097
859.553
747.341
712.685
752.997
996.258
988.269
774.448
772.512
859.067
912.057
681.372
775.165
766.428
751.869
893.098
821.243
735.93
919.764
935.668
685.5
741
870.857
778.369
771.545
1110.28
809.381
833.101
900.361
876.195
979.954
846.438
875.995
866.484
807.417
844.862
890.717
889.96
771.865
858.155
801.506
990.965
829.473
809.341
1107.74
767.435
724.288
832.839
930.605
881.741
960.666
858.986
869.824
792.144
766.997
886.351
783.063
677.106
905.743
945.574
925.525
783.643
1029.96
879.701
815.692
751.452
836.182
815.12
964.596
764.064
935.293
824.146
800.076
864.651
889.031
779.708
893.176
832.582
797.959
867.233
753.072
753.396
847.6
822.217
786.448
713.671
840.116
825.685
937.851
1018.22
794.177
791.426
805.756
723.771
835.039
693.759
1046.16
897.968
1032.83
763.502
955.702
943.416
825.714
966.804
885.163
797.087
901.473
1038.54
1168.3
878.668
1049.26
917.662
963.203
789.8
812.656
970.027
783.831
893.88
845.033
849.621
1134.77
967.812
900.17
966.506
792.503
791.169
789.76
820.103
759.996
719.223
742.763
818.208
859.288
735.602
780.665
815.427
858.224
825.315
804.417
882.398
795.714
851.869
847.691
1017.48
973.782
1140.47
749.663
916.884
830.483
784.732
856.632
788.736
822.764
878.52
1097.81
652.263
695.573
1028.01
910.643
751.954
983.363
898.737
893.279
949.885
986.044
788.525
755.833
804.668
852.068
894.433
1039.35
969.509
852.559
823.147
1013.45
818.339
884.188
1052.47
757.134
999.96
915.698
925.052
814.826
706.911
742.372
746.758
807.363
870.578
827.59
950.692
932.263
770.742
819.005
853.903
992.882
851.894
890.798
1006.75
1143.33
1019.35
756.017
868.155
740.692
923.237
752.936
909.476
842.199
719.837
710.695
935.777
887.269
1099.31
938.264
969.98
794.821
965.663
866.837
864.004
768.026
1049.73
966.111
797.714
964.385
910.786
835.381
852.372
834.822
834.289
821.421
842.536
836.202
1039.09
705.983
807.664
879.252
897.09
1093.74
821.72
764.208
649.201
873.244
809.986
876.245
940.497
859.09
934.523
889.002
794.127
813.324
727.66
799.727
1115.55
876.75
638.316
1064.69
888.434
839.024
906.688
968.191
753.832
942.398
844.42
767.725
776.514
900.797
756.161
920.412
886.285
791.072
773.228
855.95
829.178
928.519
726.568
843.805
856.447
694.042
861.635
809.44
924.397
821.673
783.529
775.888
850.221
665.739
903.805
832.644
813.305
951.9
987.771
999.049
723.663
862.002
646.383
899.64
809.091
1077.91
851.281
722.634
884.119
696.347
872.469
691.336
810.289
1035.9
831.896
742.314
901.595
799.402
729.752
750.476
629.604
857.249
964.635
1048.2
946.343
1062.8
713.15
840.841
795.471
775.351
695.789
878.09
935.987
906.71
811.056
927.074
841.334
777.105
827.292
690.988
771.486
984.408
957.297
996.51
851.243
905.465
871.347
892.372
913.467
809.013
636.626
755.685
653.532
937.185
839.458
839.551
826.563
936.503
912.122
917.055
961.502
998.734
818.645
845.073
914.138
1029.62
753.965
838.771
770.636
801.759
840.568
792.189
746.843
629.381
825.814
844.14
981.863
761.763
879.959
1026.98
1028.85
857.141
947.028
626.494
690.942
744.105
840.07
912.315
1118.07
880.873
778.001
767.022
737.571
915.358
706.384
942.59
818.44
945.986
921.203
716.727
852.458
879.617
816.805
847.308
841.836
1481.32
898.543
782.086
782.876
876.201
728.025
726.409
735.479
879.657
875.387
806.051
783.67
1044.15
920.621
1083.96
763.684
809.381
860.309
867.488
933.311
760.179
1028.65
1241.62
749.903
830.169
849.448
832.6
726.634
813.004
844.664
936.001
832.06
981.685
896.057
917.511
1045.12
839.528
961.461
1009.21
932.314
975.837
858.266
827.638
884.414
816.764
750.24
904.257
867.479
997.821
1096.9
836.092
1075.42
806.143
991.149
816.224
863.039
835.852
928.819
774.251
896.677
887.555
734.021
785.089
743.974
932.725
796.125
1263.88
818.302
937.629
709.071
1014.38
1020.24
796.57
777.219
693.295
789.178
1076.33
903.273
884.54
865.06
981.627
770.768
856.897
1050.01
619.649
1008.77
855.82
1073.45
876.262
710.763
979.624
730.605
993.926
813.417
769.346
1058.56
791.669
893.315
1284.93
845.401
1149.14
890.162
747.556
957.37
836.708
993.349
797.375
895.667
764.581
770.987
889.561
743.993
890.12
1164.67
895.269
862.167
764.065
828.69
764.245
835.33
905.386
768.998
880.842
870.016
959.311
856.469
998.778
787.135
1024.98
970.775
834.811
815.603
822.198
897.725
738.066
1012.72
910.592
864.724
752.377
874.51
782.53
957.071
941.598
804.267
876.179
820.597
913.803
811.227
920.75
1010.84
1174.65
968.712
704.837
1003.77
1212.61
991.363
752.085
864.439
900.034
899.646
1177.66
821.283
760.877
785.638
876.562
950.943
829.868
793.262
938.483
790.48
928.447
720.323
853.479
784.477
1078.8
921.759
885.35
732.197
834.476
721.759
872.129
1094.42
814.961
783.143
943.248
773.53
760.002
989.394
843.295
702.646
783.44
796.853
863.843
824.475
1014.1
793.502
797.689
1017.53
818.835
693.41
757.431
869.929
865.856
1052.89
887.492
908.958
900.757
852.461
1021.72
815.763
736.854
849.829
1001.18
866.414
860.283
718.066
751.099
750.169
827.177
732.431
805.015
787.069
953.55
858.398
876.644
841.071
942.455
1186.04
856.937
921.679
928.591
716.279
739.681
841.851
1179.46
818.742
899.838
988.348
1054.64
1004.52
844.976
777.913
868.018
908.92
728.89
805.539
648.175
885.926
891.413
999.271
996.333
1020.91
885.789
829.613
846.741
984.713
836.046
843.323
909.401
875.658
885.723
902.248
1096.38
966.395
1046.41
901.235
1220.49
792.21
746.674
739.739
1071.81
828.414
772.06
775.984
1124.19
766.613
917.958
876.183
951.373
865.009
834.929
806.674
737.45
928.072
874.232
718.104
1013.14
765.861
1020.26
739.65
800.756
1048.37
945.953
852.259
857.968
846.12
1070.3
911.361
879.206
871.743
899.493
842.014
864.739
836.575
1020.3
778.333
946.736
808.174
893.91
852.958
858.148
806.916
958.611
820.828
1053.05
906.239
662.142
868.888
982.489
676.814
846.656
751.474
848.934
872.973
943.934
832.693
789.995
737.116
970.279
1017.72
896.223
842.833
883.419
948.318
880.482
800.481
681.404
789.266
1167.76
821.891
821.859
828.251
780.793
851.078
977.316
1077.88
867.773
1012.93
856.041
876.065
871.722
735.239
1002.69
861.199
790.382
843.217
821.416
836.177
902.591
682.847
956.871
999.681
942.093
819.195
818.909
712.877
780.512
795.382
836.222
1184.48
872.161
736.848
748.233
879.421
809.691
848.705
1192.36
740.098
816.743
813.238
865.163
920.667
724.691
821.91
746.173
771.386
850.346
786.663
868.536
887.337
963.475
881.907
861.939
1003.17
742.155
793.534
840.9
949.298
955.491
714.925
763.133
852.916
727.361
821.045
756.085
980.415
1004.7
910.136
886.136
891.239
914.492
904.108
779.193
833.664
776.743
880.907
781.029
919.809
1024.16
844.406
867.713
826.585
924.211
911.102
998.491
956.819
1031.03
951.356
889.909
808.051
740.336
772.768
883.952
926.486
766.105
788.592
798.176
937.822
980.63
818.435
654.309
859.046
838.011
959.982
892.498
826.473
750.649
902.682
931.237
953.381
799.513
843.495
920.23
951.027
858.326
1012.52
1009.41
881.477
775.48
899.858
882.435
821.197
859.228
789.528
829.589
919.904
744.086
935.479
807.902
795.96
919.834
887.506
1073.62
879.623
875.36
829.616
935.281
878.538
703.597
906.153
736.488
824.728
765.947
1003.49
841.119
899.078
791.069
669.921
699.599
917.844
711.564
1142.79
857.541
729.747
1052.76
927.553
892.55
755.2
933.702
998.589
722.246
815.879
1080.59
1005.69
859.632
937.97
859.292
912.512
931.925
973.102
1138.57
741.635
828.106
858.737
869.787
894.074
847.426
749.432
862.36
1137.95
777.491
816.939
1008.3
722.728
776.166
754.387
776.228
857.953
862.927
813.333
762.918
864.79
746.396
904.224
910.483
884.425
838.394
720.897
963.685
893.698
882.4
856.305
671.795
1118.39
868.185
1173.84
858.287
744.279
688.249
963.88
1032.19
828.661
791.045
974.807
896.18
937.449
922.689
981.584
843.083
884.41
762.125
845.149
709.432
723.005
853.943
1016.63
980.403
938.307
716.223
857.38
950.601
949.825
815.466
930.248
933.673
764.094
955.29
868.962
912.535
887.453
1157.74
746.024
898.271
1166.08
889.632
728.554
799.45
904.233
917.697
1018
809.384
791.209
922.51
849.047
966.423
781.619
861.104
936.347
888.54
1052.21
691.826
803.058
745.436
818.725
779.108
822.243
842.814
987.911
832.381
1036.97
994.497
710.063
748.439
771.966
854.456
879.223
736.88
813.917
740.856
725.153
814.911
875.796
797.428
793.6
921.704
734.164
775.888
915.255
791.647
820.126
716.864
964.311
906.531
804.555
835.963
811.992
790.799
760.164
886.426
761.322
812.692
862.26
868.101
1070.66
817.686
852.121
742.181
747.994
688.143
938.607
1109.47
831.465
904.252
996.265
861.793
824.679
800.032
960.597
773.83
1019.61
899.707
779.416
986.307
865.834
979.764
780.19
814.798
1000.05
895.657
989.34
769.797
822.385
970.925
1048.78
818.776
881.613
974.952
910.412
907.374
874.934
1070.17
857.314
794.983
883.796
776.163
889.718
775.918
823.685
924.4
812.092
830.57
870.179
840.662
765.319
696.451
777.95
868.289
821.709
759.988
829.704
772.452
793.838
997.074
954.814
767.452
957.004
741.907
968.836
799.136
926.588
696.666
1008.12
811.729
1054.58
961.281
945.438
951.159
875.092
875.031
903.913
942.526
994.77
786.647
779.493
942.395
816.597
819.725
886.465
808.662
927.027
892.892
1020
802.75
900.201
796.676
957.794
984.64
1012.97
963.276
937.632
842.256
875.781
951.313
719.843
935.459
877.859
1201.89
926.782
1013.35
904.791
804.476
808.815
741.233
905.79
863.459
815.427
841.375
943.248
966.482
718.341
787.434
854.991
739.847
777.286
799.604
853.375
653.569
740.432
723.232
845.908
882.001
666.702
760.091
741.282
667.722
981.113
835.448
861.442
931.276
867.519
875.792
828.954
945.841
882.425
800.968
896.298
1094.03
797.831
1050
749.656
939.648
786.505
710.646
1071.7
739.39
653.891
814.232
847.171
1138
822.905
718.553
905.536
731.464
1036
738.577
848.811
734.265
739.937
1014.03
1053.06
736.875
850.243
673.639
919.744
854.245
863.904
1271.86
791.858
1000.63
887.931
801.79
967.512
1074.35
946.828
926.324
982.944
757.032
877.909
804.189
778.642
895.181
1020.59
977.471
733.907
886.001
1095.87
949.113
898.787
804.396
881.126
895.908
1025.33
906.416
885.367
1066.06
845.276
884.305
909.059
779.055
645.736
801.424
819.056
964.948
1097.95
982.441
927.034
826.004
947.597
811.384
774.878
917.726
810.281
798.441
955.082
770.161
865.263
962.787
904.75
974.818
1077.93
909.446
647.895
840.383
867.295
844.819
871.189
783.615
833.114
725.163
853.964
878.976
1015.36
1121.08
718.952
822.863
787.312
1005.83
767.041
713.889
920.626
820.93
971.287
854.404
925.228
774.714
695.178
818.742
829.333
883.47
1045.11
705.459
978.994
772.236
904.487
846.759
854.614
842.546
865.617
888.213
899.699
757.687
1030.6
931.465
939.694
1005.06
774.054
878.673
923.76
839.993
785.837
883.959
1014.74
804.144
1047.76
765.665
987.263
873.873
914.003
924.474
825.484
865.616
1124.33
996.032
753.555
1118.72
909.17
838.632
910.463
851.626
838.373
842.058
841.781
1041.27
862.445
818.957
958.828
667.532
752.629
924.231
945.001
815.843
745.286
751.464
770.203
863.335
976.144
861.254
820.288
811.886
929.896
743.601
694.513
843.628
883.116
903.409
825.268
1098.73
931.734
810.939
981.919
774.072
760.02
682.451
721.116
812.891
760.698
957.939
859.378
899.301
803.047
820.609
781.603
739.215
1067.52
760.251
825.912
913.472
917.063
936.376
804.806
753.339
869.028
785.325
947.577
786.339
713.765
837.896
886.249
964.192
807.639
837.286
759.291
978.37
1050.97
806.903
913.213
903.142
1069.21
988.107
849.112
870.791
803.647
785.824
938.949
897.691
816.466
738.225
976.185
799.571
783.128
791.256
817.736
790.184
697.105
730.99
951.661
820.642
1424.52
874.91
992.657
741.134
927.522
870.79
1137.72
673.835
778.106
932.161
901.853
894.217
814.826
702.677
1134.58
728.142
767.045
770.574
942.377
767.087
861.253
712.751
1028.71
773.508
746.606
893.265
901.842
822.068
779.054
784.69
768.369
926.131
930.008
824.929
696.129
813.282
782.377
767.235
1201.84
732.035
838.029
854.809
915.996
806.346
708.454
717.231
871.621
954.719
796.578
867.614
824.406
876.144
887.5
1024.04
857.16
749.475
779.509
817.905
700.912
1041.81
986.756
791.921
710.286
969.795
763.54
867.271
837.097
810.529
731.787
1034.69
890.764
950.675
775.881
987.805
728.369
819.107
785.316
824.579
1035.4
876.702
812.134
1251.98
756.365
882.924
679.722
819.514
1096.66
766.095
999.123
819.953
679.773
777.418
909.069
704.569
763.192
1008.05
867.582
932.955
896.387
868.192
933.1
932.178
1002.78
842.855
683.343
769.51
946.946
948.646
712.224
1135.54
1088.59
894.282
1140.07
1046.43
915.84
828.511
891.554
813.411
851.65
925.112
915.675
778.349
648.509
1005.58
1097.78
899.093
773.452
1020.72
800.316
773.881
966.929
876.165
961.924
858.324
917.057
844.328
976.373
876.496
1027.8
981.848
916.991
911.851
796.672
957.452
846.95
778.558
1109.16
890.208
796.755
774.659
858.986
702.793
878.043
774.646
802.271
904.9
786.723
877.719
741.962
870.823
817.121
702.034
884.988
820.243
819.634
635.793
840.629
730.978
762.233
883.082
831.177
771.961
902.437
933.488
944.75
1151.51
739.385
857.45
902.145
998.279
845.029
923.108
902.911
951.539
835.117
923.578
866.064
846.154
947.011
767.924
830.506
860.741
882.548
753.396
798.441
661.616
856.485
851.456
780.25
871.504
979.539
852.343
772.919
772.983
769.282
822.572
833.47
863.295
986.955
874.429
915.167
988.061
761.863
762.831
1033.66
722.626
753.362
946.969
892.617
895.848
832.203
882.299
875.601
841.529
859.092
676.88
900.329
887.482
894.298
845.448
740.715
819.043
1073.84
893.249
718.312
869.675
878.972
788.97
944.699
855.361
739.216
855.605
935.91
809.937
928.579
996.281
988.098
724.409
757.26
889.87
951.201
920.228
748.52
847.394
941.034
848.068
955.858
959.46
977.755
686.21
811.896
719.725
663.136
855.468
793.965
762.879
915.142
1004.65
1087.77
943.629
863.213
937.533
629.489
793.3
840.494
655.6
977.53
951.176
767.059
999.004
744.996
851.099
713.95
970.248
1009.49
942.601
907.268
926.264
922.945
819.802
714.775
842.875
935.923
844.419
962.7
870.978
901.322
748.754
990.377
774.296
890.524
847.018
903.922
753.837
878.313
832.971
964.087
927.644
1008.01
933.93
735.187
965.889
937.012
987.843
896.34
863.785
922.686
873.546
1325.71
808.007
769.246
1032.87
764.383
665.895
769.285
967.763
871.176
908.795
874.64
852.213
787.869
725.999
921.551
804.071
802.406
769.654
715.89
812.549
785.612
820.019
774.487
745.167
888.674
1012.43
990.09
765.99
841.05
809.32
1297.66
1176.82
755.37
885.098
1096.8
878.126
944.712
779.604
835.335
854.756
786.412
769.901
821.112
779.084
1083.41
879.194
726.5
1012.15
715.692
862.107
1464.83
870.402
1088.1
778.924
808.518
817.767
1011.65
789.665
940.543
840.6
803.926
921.448
920.74
861.647
1079.57
906.707
1001.24
933.261
1031.69
710.527
972.446
776.371
764.821
852.034
781.532
804.015
729.343
857.221
759.457
931.117
774.519
764.36
919.542
827.958
803.428
1038.86
800.872
1042.26
668.116
853.482
850.989
718.59
881.068
926.355
701.429
1031.28
786.646
976.559
901.985
792.068
1002.12
768.547
748.08
820.489
948.106
809.252
808.477
832.629
959.613
781.013
778.29
946.434
752.67
848.508
721.977
982.563
832.836
816.17
829.196
807.218
905.424
849.269
732.855
770.901
982.7
933.502
812.736
726.688
880.792
876.618
791.452
879.106
813.086
1079.95
908.229
1094.54
853.758
809.783
819.041
882.093
864.168
835.269
1001.76
905.91
839.456
746.111
658.746
819.379
1035.14
953.878
793.505
851.887
810.763
984.358
715.653
885.923
1234.38
733.621
755.535
948.995
879.121
879.344
840.159
967.716
884.476
863.697
849.46
724.443
911.91
661.436
778.406
1186.97
781.144
965.918
886.351
859.092
610.14
812.434
1030.03
774.268
747.255
713.701
995.927
850.649
960.108
980.943
829.873
1002.13
880.361
843.016
921.126
825.911
887.949
870.748
918.504
723.545
791.037
863.815
839.752
723.279
873.574
1155.25
779.2
724.59
704.624
826.057
861.544
742.163
843.172
884.289
780.907
1099.9
912.462
740.78
761.571
968.329
968.488
941.431
788.18
831.722
996.07
809.123
689.408
721.735
773.374
942.666
974.674
829.236
952.889
1054.7
1006.34
703.951
835.867
860.225
783.533
1001.63
722.3
857.928
832.043
769.318
640.985
860.459
792.016
830.408
870.19
862.237
790.785
795.09
782.776
763.46
1044.99
951.816
973.992
966.447
804.103
1004.43
807.75
754.442
834.032
919.172
810.375
960.776
761.475
781.467
843.618
873.498
978.255
809.874
778.721
796.098
853.347
1050.06
898.085
686.441
784.341
1021.62
778.984
771.01
703.124
778.273
897.9
805.238
793.37
878.282
894.986
786.563
724.328
928.992
862.968
962.779
830.73
933.201
919.962
710.46
766.883
903.018
868.841
806.227
779.53
1031.68
765.73
823.841
819.369
786.891
1012.2
845.5
920.113
964.251
738.429
734.485
797.075
745.753
986.95
944.014
769.162
835.437
941.894
910.327
839.194
760.221
823.648
986.522
787.813
781.695
867.129
852.554
807.521
744.752
748.407
793.327
991.287
797.104
803.33
836.651
657.83
915
870.167
1057.96
909.476
739.37
797.031
763.154
1085.63
762.054
781.881
882.897
860.947
1026.07
870.597
738.266
813.316
826.791
754.922
717.22
682.266
952.924
818.682
878.189
879.679
769.224
769.523
957.108
806.075
724.605
718.612
915.23
772.16
838.332
1129.55
868.026
818.853
1325.79
921.456
853.323
827.997
914.965
769.564
884.942
978.914
853.026
879.86
882.439
911.667
821.256
821.471
946.934
688.394
1024.85
885.049
962.84
994.138
879.832
722.896
891.766
757.604
872.866
751.613
965.674
957.263
775.207
822.582
993.906
834.771
872.462
977.801
918.554
837.7
985.751
822.999
870.804
943.462
814.621
781.447
907.102
895.294
1016.17
1115.21
811.539
813.292
906.99
873.516
859.347
862.809
826.658
726.02
959.565
1025.31
837.856
908.408
885.719
1078.97
884.805
775.079
802.65
980.847
747.79
775.547
870.101
975.75
876.423
925.912
770.941
983.549
625.298
855.913
1156.01
922.956
947.657
955.25
805.448
679.69
666.757
792.711
835.552
915.421
873.743
960.239
874.28
757.175
577.326
903.72
785.763
1059.83
831.937
704.886
682.773
897.618
914.504
877.797
877.193
1006.21
830.607
678.866
724.257
830.38
789.395
971.442
759.879
822.654
1104.56
816.197
901.097
851.709
802.942
784.687
750.502
762.009
881.857
849.05
780.098
1013.38
952.537
970.424
1005.9
751.53
1043.18
805.785
699.629
979.19
877.227
1056.02
790.91
832.062
849.029
743.976
949.777
861.741
943.145
863.506
898.144
859.974
890.412
880.801
914.514
882.699
989.926
764.595
713.33
945.024
905.513
809.975
919.877
725.337
772.542
579.851
800.06
827.055
835.376
917.239
795.925
732.65
756.621
872.079
805.034
872.582
705.234
898.533
849.512
807.445
1084.85
803.859
795.902
800.224
855.271
823.848
830.684
824.247
914.143
853.143
728.987
750.46
855.843
950.031
895.525
813.98
992.001
798.733
784.358
762.714
847.439
811.237
944.558
777.636
831.964
974.14
732.996
800.968
700.418
764.778
855.209
888.295
710.792
854.483
794.92
968.133
818.935
827.252
1048.82
834.048
837.784
861.763
910.746
966.06
837.537
1048.22
952.268
839.865
904.647
740.409
691.409
826.232
862.446
658.328
854.327
946.322
951.217
870.7
1002.6
1193
875.187
657.434
830.783
870.278
856.063
1153.5
794.765
984.691
1003.38
963.693
914.583
954.648
799.084
773.406
793.83
925.37
966.972
708.295
798.235
910.533
801.622
854.152
946.492
655.573
1276.01
1039.69
929.644
868.267
808.626
800.669
780.036
689.104
735.199
770.749
701.104
842.809
812.778
932.022
851.961
968.846
832.282
952.751
770.745
699.12
981.312
821.388
725.085
751.493
744.849
852.332
714.691
995.118
900.411
968.051
751.563
761.383
858.305
866.956
740.1
766.512
798.602
829.733
906.598
770.951
887.57
730.844
850.998
934.592
742.112
777.789
854.997
974.615
753.06
909.173
684.762
891.765
870.34
812.645
755.52
827.263
855.219
729.582
915.006
755.354
980.752
807.124
1253.55
778.739
782.534
895.655
877.098
785.088
790.582
913.222
886.392
758.328
818.011
1478.91
815.168
953.205
865.255
813.429
865.036
745.253
926.755
765.441
875.207
1207.14
816.999
795.484
839.677
1007.07
859.004
713.045
738.986
857.717
890.448
705.628
911.809
750.396
1012.68
827.458
840.212
856.326
709.267
941.051
803.754
778.115
706.567
983.069
871.276
965.287
841.498
919.474
903.605
795.177
842.842
814.709
751.77
703.981
1007.01
864.727
1029.41
787.447
933.17
1117.28
1062.51
957.373
718.362
864.186
898.872
695.096
821.926
850.526
908.846
891.827
848.2
669.15
935.944
970.314
734.191
628.88
730.929
902.724
847.829
1042.92
1021.79
981.631
942.294
909.095
824.826
916.836
720.958
986.019
835.269
796.287
1098.06
854.349
926.982
876.091
831.032
936.105
782.614
898.205
1021.86
929.166
830.291
892.819
772.742
921.506
702.605
925.892
1053.77
782.193
798.084
770.455
772.223
814.733
761.08
798.218
812.223
817.271
931.045
811.041
1066.23
751.178
801.136
862.46
732.364
756.772
939.446
735.138
823.308
981.34
776.754
762.169
1002.64
825.151
970.713
822.254
886.817
1218.76
855.066
854.615
991.384
1216.05
976.541
730.682
787.06
904.8
828.641
872.002
835.175
952.903
941.18
776.827
1050.1
797.297
791.038
873.85
848.3
757.854
700.604
844.868
898.017
746.486
950.337
1038.11
887.765
865.752
717.793
931.112
1032.97
910.186
865.19
893.955
794.058
897.206
737.379
866.583
943.69
765.097
930.623
757.561
897.056
890.36
1158.95
1186.4
780.621
761.454
747.875
986.106
853.834
803.848
782.44
959.218
817.176
819.157
957.598
804.627
846.499
828.292
843.791
917.48
838.928
904.419
839.372
624.065
802.799
918.349
838.541
922.806
912.181
878.979
862.305
949.208
779.974
847.21
825.162
960.036
933.895
1016.62
1025.55
937.415
993.575
878.554
890.1
894.517
1053.38
1035.44
994.175
754.66
809.7
931.466
936.327
837.275
727.938
741.304
990.017
939.899
773.714
978.36
782.048
1032.45
819.281
1032.03
1091.97
955.034
964.63
773.542
959.209
1034.52
997.434
726.503
742.566
754.66
865.639
775.576
1035.36
1055.15
701.544
663.423
812.71
1054.89
879.012
964.754
870.494
762.097
859.266
944.34
817.632
898.251
795.543
997.953
861.045
923.366
997.942
850.949
1101.75
755.628
1211.35
740.783
817.584
879.101
969.722
1040.84
799.111
908.033
786.417
792.51
733.609
662.789
844.148
1119.5
860.184
678.771
990.917
951.003
893.566
766.339
741.514
792.295
821.903
812.851
797.053
1028.56
1009.44
675.769
696.101
913.967
875.64
785.183
978.558
966.996
1005.4
902.994
783.791
931.887
876.085
740.338
1003.6
896.445
935.693
794.802
826.859
781.135
847.504
941.727
860.796
898.113
781.219
849.677
771.397
760.635
714.438
1171.12
709.635
778.199
804.119
928.517
829.722
1001.28
881.67
825.011
759.364
695.407
914.087
797.581
998.158
731.421
784.358
803.752
648.646
891.354
899.582
650.871
770.66
730.916
961.458
987.294
820.122
854.226
843.864
800.498
921.923
858.561
672.353
665.827
737.951
927.802
729.861
766.564
746.317
841.238
975.446
1009.13
820.482
916.79
853.999
745.866
873.523
1005.77
839.748
844.975
821.414
661.719
669.367
870.189
894.799
831.461
889.468
799.768
1115
811.466
990.448
781.686
755.349
862.422
919.976
785.83
870.056
952.566
772.571
860.993
918.965
742.83
911.123
906.703
929.957
796.848
820.572
860.318
701.898
732.648
837.149
869.366
736.513
924.821
795.584
839.92
826.287
795.154
787.163
1103.49
834.918
835.802
787.822
777.617
891.81
1069.17
881.456
730.576
895.284
993.628
888.151
889.294
844.431
951.681
886.518
864.763
852.307
880.877
848.712
810.527
1013.94
994.604
844.703
805.318
752.713
1008.35
914.433
1071.1
822.337
910.861
707.154
793.227
771.65
760.819
940.253
752.632
775.604
1192.11
743.731
884.658
872.645
837.455
972.906
747.43
1109.5
834.105
758.184
895.299
1082.65
788.692
825.971
864.131
824.126
1015.17
868.195
761.753
1071.24
889.786
865.658
970.295
792.984
731.456
914.356
842.711
786.089
918.653
824.648
867.898
706.876
895.999
958.161
857.192
873.429
770.324
933.766
856.502
950.6
763.448
810.042
760.178
831.118
698.064
873.078
829.592
729.287
968.647
892.946
870.064
808.437
864.48
882.976
777.99
836.764
1050.61
828.973
797.563
834.964
919.117
872.699
884.65
898.958
742.203
862.571
723.39
1034.35
966.827
838.993
709.479
1106.6
842.745
915.211
948.095
814.596
741.833
955.702
737.965
814.733
864.915
864.665
1094.61
822.878
880.326
817.616
880.756
926.085
706.105
845.096
901.777
684.454
858.237
722.683
909.438
744.939
795.348
779.313
965.79
786.093
998.028
770.651
949.132
873.72
1026.39
884.258
946.545
926.575
911.664
919.651
696.764
752.425
998.204
863.882
946.859
742.061
758.16
1063.73
784.219
840.895
796.09
862.08
902.18
889.937
1011.9
851.321
865.772
851.349
833.346
942.229
875.998
729.403
1101.1
906.81
913.529
1020.32
691.418
922.958
893.387
795.029
825.517
1005.88
821.484
908.565
866.041
883.222
742.4
963.716
812.775
724.649
612.829
891.818
810.126
772.477
734.575
959.956
810.133
830.587
867.808
836.544
766.46
1026.37
976.172
856.582
966.161
904.083
759.421
1008.23
785.054
798.688
745.717
788.097
971.597
993.002
876.536
905.288
703.969
747.324
794.641
753.85
837.709
807.357
845.644
733.436
967.844
987.284
798.929
906.168
815.509
849.242
830.931
829.157
797.961
816.513
825.266
1022.92
911.444
845.507
808.885
852.462
978.278
839.097
906.171
1000.6
963.318
975.272
896.19
876.104
931.189
884.83
792.849
903.734
724.06
818.241
824.364
903.638
829.305
892.353
814.506
834.932
1029.07
1042.14
749.601
902.234
701.577
839.174
876.168
751.737
876.65
829.949
1002.33
818.177
887.922
905.77
830.895
695.772
842.126
739.028
971.564
981.603
1068.39
892.72
809.85
897.973
1012.29
942.976
843.424
911.654
1046.11
876.765
1138.63
798.55
896.926
989.524
808.924
808.812
704.854
703.608
798.611
804.686
722.707
900.525
792.513
871.09
736.58
864.187
924.722
890.075
874.388
930.898
866.816
1192.08
733.994
973.993
865.528
849.132
919.023
807.709
835.913
916.19
761.632
854.713
891.129
901.473
789.323
923.341
899.832
1045.18
951.307
681.269
831.848
664.066
677.646
824.608
764.624
918.443
828.714
839.936
877.325
820.537
965.661
929.984
876.001
863.655
814.034
923.831
666.41
847.811
921.459
1291.75
836.756
917.245
956.724
891.94
816.428
892.422
913.841
944.855
1015.08
875.364
734.522
977.832
844.801
798.189
817.861
846.83
824.638
773.102
970.055
827.77
767.497
682.015
867.857
901.289
818.675
1008.43
743.671
757.134
786.959
950.544
843.799
1000.92
995.59
776.044
743.211
814.992
726.01
1071.17
752.155
835.034
764.222
837.889
854.955
660.666
902.305
1202.03
904.378
666.629
912.504
734.14
833.85
953.65
950.734
847.365
837.987
842.246
789.05
882.092
805.84
922.625
917.656
1181.65
991.758
869.051
821.529
1055.19
875.495
986.128
780.018
879.557
960.333
921.683
946.855
903.184
942.101
783.381
662.416
913.802
986.176
897.137
1020.57
943.527
1061.38
917.715
836.013
942.014
959.229
809.572
854.024
836.901
750.058
758.531
685.24
1156.24
788.061
844.92
899.842
804.105
849.367
995.272
1029.15
1048.76
767.11
780.8
765.259
739.924
882.925
892.312
878.536
835.148
1143.1
789.538
806.257
900.79
679.616
872.674
806.117
901.927
795.02
875.232
733.161
781.885
768.595
890.09
969.997
1084.57
745.414
739.812
823.949
801.615
832.095
776.991
891.888
957.731
772.983
941.257
887.507
833.518
725.551
923.524
856.401
863.66
897.655
706.077
784.867
834.726
857.215
1076.5
820.981
881.369
977.39
767.04
830.534
975.877
759.753
783.334
873.132
1061.88
792.757
736.476
796.528
899.277
850.473
713.819
1016.44
882.428
881.824
730.707
872.681
891.79
871.127
892.125
1042.2
794.321
722.367
891.362
784.404
828.234
873.575
817.091
852.415
803.657
979.508
720.602
716.083
927.583
1215.67
819.11
856.229
773.34
631.279
804.986
736.909
795.468
866.043
839.754
1050.83
853.715
823.373
906.874
786.672
785.937
884.558
687.616
863.772
751.927
944.084
878.854
880.421
734.363
840.165
1043.04
789.385
925.533
717.957
876.682
768.284
937.626
894.387
777.255
823.208
935.675
941.904
828.301
748.637
765.68
767.637
900.645
868.521
867.7
813.951
904.45
782.06
749.612
632.433
817.381
725.423
912.125
806.511
778.285
853.205
726.332
809.75
926.69
946.976
869.791
830.774
766.958
716.515
687.726
837.78
786.595
899.127
934.293
806.985
923.071
850.295
807.413
709.993
717.296
1012.8
777.475
740.051
847.616
973.288
915.119
873.166
1041.79
696.822
677.201
914.661
781.792
971.063
842.365
819.78
767.733
885.973
735.954
665.79
861.732
952.605
949.898
958.508
861.026
900.812
791.413
888.474
