2462.09
2680.58
2685.85
2476.16
3787.51
3579.1
2119.3
3146.4
3547.02
3220.56
3210.66
3367.72
2779.18
2805.46
2841.9
2234.62
2856.43
2351.74
2553.84
2324.9
2628.71
3096.18
2679.89
2598.61
3215.97
2442.6
3934.56
3007.58
3276.35
2626.21
3029.81
2306.71
3106.99
2292.4
2428.26
2435.59
2451.04
2947.11
2719.26
3889.23
2640.97
2323.17
2449.16
2409.56
2638.08
2631.43
3326.21
2482.69
2533.51
3755.08
2498.89
2230.13
2358.86
3170.6
2504.3
2514.32
3368
2327.87
3255.41
3365.13
3731.73
2887.94
2378.59
3388.4
2308.73
2165.04
2333.77
2129.75
2850.22
3102.04
3504.42
2751.96
2923.36
2259.18
3163.44
2582.51
2945.87
2487.9
2432.18
1844.09
2584.76
3113.91
2993.03
2340.78
3005.05
2379.9
2433.71
2191.74
2880.81
2639.46
2970.64
2477.62
2668.18
2409.38
3925.36
2523.83
2090.3
2258.5
1807.19
2898.76
1895.13
3004.96
2571.45
2747.89
2514.85
2753.64
2828.56
2602.49
3110.66
3267.97
3517.61
2813.13
3258.36
2180.35
2791.08
2326.48
2677.82
3525.27
3025.62
3119.68
2662.45
2783.81
3656.33
3402.17
2833.69
2171.63
2946.81
2694.46
4379.21
3583.52
3243.04
2636.03
2163.04
3190.88
3104.8
3103.93
2376.16
2549.59
2847.19
2980.15
2627.37
2429.34
3949.83
2509.96
2989.33
3001.95
3603.2
3102.18
2530.17
2649.38
3077.76
2257.02
2427.15
2572.64
2364.41
2878.07
3156.32
2496.67
2556.06
2472.22
3490.39
3025.27
3528.69
2874.18
2593.22
2438.51
2526.54
2784.26
2834.68
3191.12
3097.06
2261.13
3246.72
2877.7
3257.96
3933.6
3184.86
2860.67
2217.56
2427.04
2390.23
3215.71
2086.71
2597.23
2519.87
2483.83
3218.15
3518.65
2206.78
4364.18
2406.22
2470.21
2636.2
3014.38
3196.55
2880.61
2220.15
2994.79
2440.86
2851.51
2804.24
2620.93
2852.49
2964.64
3387.86
2541.12
2924.03
2819.55
3197.92
2917.11
3427.93
2641.26
2355.95
2510.31
4511.28
3361.68
2797.93
2573.68
3954.07
2728.02
3269.65
2779.37
2451.59
2794.34
4135.49
2620.11
2734.43
2143.95
2931.94
2880.59
2957.43
2878.74
3373.48
2754.86
2550.34
2746.05
2385.52
2614.57
3273.29
2717.63
3440.39
4384.45
2572.82
2598.68
2181.79
3596.55
2779.23
2553.48
3572.86
2177.9
3255.54
2457.85
2864.2
2461.23
2588.22
3184.78
2814.19
2887.26
3070.58
2202.02
2356.13
3163.42
2861
3352.46
2454.5
3277.95
2515.26
2788.52
4805.12
2888.96
2883.18
2331.99
2646.15
3335.3
2707.59
2137.31
2479.11
2954.16
2612.14
3702.63
3216.26
2581.92
2368.18
3226.59
3425.14
2539.43
2458.91
3110.38
2491.62
2775.71
3304.18
2759.52
4221.42
3050.93
3124.03
2324.13
3258.95
4605.21
2975.67
2164.4
4311.23
4068.04
2713.22
2792.52
2831.22
3050.22
3073.03
3201.15
3126.18
2660.22
2817.96
2928.34
2194.73
2740.51
3677.74
3774.22
2206.17
2194.62
2673.03
2397.49
2696.97
3064.91
2765.04
4070.18
2511.57
3380.25
2892.84
3363.32
4298.09
2174.49
3559.03
2789.2
2910.89
2414.59
2660.5
2584.16
2670.83
2295.36
2956.92
2149.01
2405.25
2406.91
2738.23
3907.66
3262.74
2284.32
3350.15
2257.84
3669.22
2781.05
2199.26
2400.96
2067.46
2990.08
3665.47
2320.02
2161.07
2889.52
2632.51
2105.6
3243.45
2737.34
2711.89
2653.02
3058.26
2729.96
2590.6
3081.8
2835.71
3899.83
2855.43
2419.06
3076.71
2421.55
2803.85
2363.7
3318.59
3259.57
3222.51
2714.98
2605.89
2553.48
2992.62
2630.09
2596.14
2860.41
2490.53
3421.54
4296.01
3017.46
2860.28
3016.52
1868.76
3239.25
2198.05
3139.56
2946.87
2712.62
2719.51
2691.2
2687.84
2629.48
2890.95
2719.32
2597.5
2683.62
2142.59
3544.94
2393.78
2788.5
2739.98
2167.35
2286.48
2599.71
3049.45
2712.44
3247.71
2454.93
2164.42
3107.77
3395.16
3504.75
2488.96
4031.14
3052.11
2277.73
2345.58
2530.34
3755.99
2483.76
3149.56
2307.05
2384.35
3231.51
2565.99
2823.06
2951.69
2969.14
2841.06
4431.44
2507.01
2360.12
3102.9
2937.92
2472.59
2857.11
3402.36
2545.62
2357.39
1784.07
3549.08
3732.22
3440.39
2655.95
3037.5
3068.87
3672.87
2564.81
2786.4
3513.45
2973.42
2679.1
2245.06
4067.68
3700.72
2778.41
2422.47
2602.6
3213.88
2081.1
2679.09
2693.11
2111.89
2744.8
2816.15
2806.84
3198.17
2891.72
2094.83
2687.78
2995.5
3171.42
2390.84
2500.31
3196.4
2563.89
2602.12
2424.77
2986.02
2627.01
3748.41
3486.24
3572.72
2876.53
3001.63
1998.79
2472.53
2592.24
3505.41
2724.92
2792.19
3045.55
3287.29
2620.54
3576.95
3165.5
2889.64
2723.48
3683.08
2890.1
2596.32
2149.01
2489.19
3822.67
3795.81
3349.04
3483.57
2533.59
2680.68
3375.09
3314.3
3362.86
3511.18
2818.33
2620.42
2843.69
2541.69
3547.24
2649.38
3152.17
3343.17
2957.43
3048.12
3050.68
2378
2868.13
3165.8
2381.55
2694.5
2297.4
3096.53
2890.85
3469.76
2205.45
2525.28
2521.65
2883.34
3079.25
2732.02
2958.26
3484.12
2650.86
3103.32
1753.85
2462.93
2545.67
3106.38
2647.87
2929.13
3462.58
3015.05
4335.38
2263.57
3294.67
2791.26
2814.54
2492.15
2470.6
2615.09
3860.6
3021.86
3015.82
2216.28
2296.68
2295.16
2293.99
3224.76
2228.72
2837.89
2394.61
3601.62
2905.13
3238.48
3243.92
2782.75
2656.18
2463.58
2504.86
3952.78
2989.34
2763.44
2967.04
3269.8
2990.47
2268.3
3495.56
2388.05
2805.16
3624.49
3644.96
3666.41
3167.7
2923.29
2888.56
2760.52
3019.76
2521.68
2633.71
3072.29
4192.3
3337.8
2847.21
4604.51
3199.91
2559.18
2357.3
3038.85
3075.87
3248.13
2050.66
2666.07
2684.76
3281.18
2578.43
3781.12
3188.88
3510.6
2555.27
2555.91
3869.64
2184.11
2366.02
3359.63
2670.4
2331.75
2785.91
2416.99
2534.3
2568.77
2667.87
2351.1
2663.78
2619.27
2831.98
2897.06
2803.52
2684.97
2541.67
3503.65
2048.29
3357.09
3497.57
3399.05
3948.03
2934.83
3246.35
3220.05
2926.19
2660.85
2829.02
2773.62
2103.26
3358.47
2550.34
2560.01
2591.38
2685.47
3693.28
2999.72
3332.34
2358.34
2040.7
2859.63
2500.18
2897.39
2828.16
3005.14
2780.59
2752.12
3150.45
2695.44
2272.38
2949.23
3025.28
2908.24
3294.38
3130.72
3162.42
2627.26
3315.86
2774.29
1953.17
2805.92
2500.44
3132.86
2509.91
3345.05
2634.8
2490.28
3243.34
2729.1
2731.8
2731.32
2187.21
3131.79
2477.06
2482.68
2564.19
4450.23
3520.03
2740.05
2611.67
2667.2
3399.44
3147.18
2187.22
2066.64
2842.24
2876.37
2982.55
2670.63
2870.81
2715.01
4307.2
3098.12
2734.82
3275.78
2332.78
2371.82
2794.75
2193.95
2814.02
2553.25
2881.5
3421.5
3000.78
2707.76
2652.6
2850.42
2721.21
2200.33
2748.68
2976.37
3237.84
3247.32
2708.13
2705.59
2919.84
2695.73
3410.9
2929.75
2493.9
2424.04
3766.16
3026.45
3137.86
2979.91
2549.75
3148.35
2733.83
1995.55
3286.7
3158.23
2872.14
3611.6
2767.03
2717.67
2281.2
2512.05
3072.99
2643.91
2997.9
2906.71
2785.51
2568.21
2349.43
3159.13
2627.99
2998.41
3814.31
3328.39
2907.35
3759.81
2690.79
2452.19
2528.51
2604.28
3143.08
2589.84
2648.95
2329.61
3189.69
3078.31
2578.73
3104.49
3919.52
2418.69
2251.12
2946.08
1875.77
2285.38
3252.37
2341.02
2300.26
3029.77
3028.53
2257.18
2970.67
3512.49
3203.38
2480.18
2539.23
2781.15
2442.32
2547.91
2430.1
2434.36
2935.3
2011.78
2532.56
3022.31
2952.17
4083.25
2331.22
3773.15
3617.31
2520.04
3802.48
2082.52
4180.8
2757.92
2979.36
2970.46
2326.77
2995.27
2289.28
2948.55
3379.67
4214.29
2517.43
2670.32
2713.63
2379.65
2422.5
2921.85
3231.48
3483.19
3043.26
3183.68
2469.48
3259.67
3531.29
2488.82
3282.1
3394.32
2766.71
3055.94
3142.31
3326.51
3293.66
2694.57
2174.32
2969.03
2674.53
2419.35
2584.96
2291.03
2684.13
2612.9
2342.67
2640.58
2606.14
2305.22
2976.74
2269.29
3702.79
3414.5
2625.73
3325.63
3090.07
2797.18
2487.51
2781.99
3382.87
3276.35
3321.73
3123.29
2902.75
3379.38
4196.47
2399.63
2703.19
2675.23
2736.24
3476.53
2588.78
2494.63
3184.48
2771.17
2822.7
2629.23
2587
2360.86
2510.01
2950.85
3480.59
2465.59
2518.91
4178.19
2898.37
3526.59
3390.61
2748.07
3237.61
2181.84
3360.99
3191.45
4583.7
2300.57
2226.11
2844.35
2445.95
2942.09
2713.22
2384.71
2664.08
3482.07
3443.52
2775.63
2818.99
2907.73
2937.76
2833.71
3258.33
2838.78
2630.32
2876.94
2526.16
2518.24
2846.62
2600.79
2020.53
2392.4
2108.8
2465.69
2646.77
2664.9
2295.8
4326.62
3181.89
2437.66
2327.15
1960.82
2732.87
2528.72
2268.97
2237.05
2626.12
2621.9
2149.23
3527.77
2284.79
3814.89
2858.16
2286.52
2765.04
2913.3
2760.55
2679.55
2714.17
3950.65
3371.88
2452.84
4012.95
3682.8
4465.74
2329.18
2056.36
5141.72
3232.87
2838.43
2474.74
2437.33
2742.79
3041.31
2191.26
3698.65
3199.35
2523.54
3034.27
2909.71
2246.45
2831.26
3544.25
2805.01
3224.88
2339.47
2720.22
2942.05
2368.44
2382.87
2664.33
3123.08
2793.05
3416.21
3049.45
3188.93
2677.05
2874.48
2832.34
2610.72
3135.28
3440.92
3130.84
2544.38
2379.48
3104.93
2465.12
2563.75
3339.27
2364.98
2242.46
2647.2
2180.06
2484.7
2211.03
2915.27
4316.07
2881.28
2901.65
2597.98
2589.89
2785.46
2317.76
2599.75
2276.6
2662.77
3218.39
2118.35
2110.77
3004.74
2946.77
2782.8
3754.84
4328.49
4818.69
4687.8
2840.42
2947.58
2487.8
2489.74
2551.33
2622.39
2641.52
2318.7
1949.6
2828.65
4012.88
3029.35
2715.62
2480.11
4531.04
2332.58
3110.45
2181.04
2718.74
2892.05
2353.42
2572.52
3286.72
2216.26
2342.55
3449.63
2403.87
2964.12
2267.76
3297.15
3113.14
3200.32
2609.25
2904.38
2519.35
2505.4
2563
2833.61
3712.29
2231.08
2869.88
3023.61
3114.31
1952.18
2462.46
2095.04
2796.61
2502.13
2585.16
2520.83
2800.86
4188.25
3040.1
3175.23
2980.1
4328.04
2462.6
2303.78
2747.77
2054.77
2810.54
2395.69
2989.77
4641.34
2302.07
3753.2
2858.53
3141.4
3353.83
3505.38
2826.55
3020.28
2460.62
2870.53
2714.44
3047.3
3156.43
2855.3
2394.48
3182.44
3548.31
2208.66
4090.65
2897.36
2771.77
2512.64
2534.3
3314.82
2039.94
2568.61
2828.99
3058.51
2824.05
3812.66
2492.72
2863.11
2750.14
3682.56
2360.97
2204.69
2152.38
2631.45
2599.19
2878.9
3117.39
2702.37
3406.97
3043.58
2528.69
2693.17
3389.65
2350.65
3413.77
3233.42
3237.85
3240.04
3891.93
3310.82
2969.44
3819.4
2293.83
3567.2
2518.19
3091.63
2636.32
2605.58
2784.01
2672.33
4159.29
2743.77
2717.37
3327.15
2418.6
3497.03
3233.86
2495.28
2816.45
3399.08
2582.23
3399.33
2596.7
2845.22
2523.65
3633.82
2032.21
3748.38
2497.39
2306.02
2847.74
2834.23
3571.08
2421.53
2519.26
2141
2316.38
3211.09
2561.3
4289.52
3898
2054.48
2117.61
2575.84
3526.82
3455.87
2331.63
2596.48
3032.02
4110.64
3348.83
2205.13
4120.6
2712.06
2714.74
2659.83
2530.32
2634.31
2825.03
2750.26
2712.71
2808.89
2606.81
2229.93
2784.07
2319.97
2395.66
2537.25
3095.56
2288.91
3454.37
2093.49
2823.44
3340.1
2954.47
4350.3
3107.91
2720.38
3273.54
2446.45
2466.61
2623.16
2985.13
3039.37
2572.17
1982.78
3324.48
2237.17
2747.49
2808.38
2803.63
2147.47
2723.16
2651.54
2274.38
2951.27
2123.64
2657.52
4019.6
3619
3315.26
2832.46
2366.71
2475.12
3066.91
3316.32
2599.95
3057.96
3212.24
2784.15
3300.9
2621.53
2487.64
2727.82
2705.03
2369.65
2943.96
4173.48
3011.94
2229.64
2564.48
2481.29
2432.48
3372.14
2535.82
2598.98
3632.18
2633.99
2499.13
3350.66
3170.54
3093.05
2414.35
3146.45
2143.26
2402.71
2687.36
2944.95
1862.85
2533.21
3680.19
2940.3
2709.12
2916.25
2976.44
2571.1
3659.22
2417.39
2631.19
3201.15
3114.05
2970.54
3195.98
2949.84
2843.33
3777.13
2239.87
2409.68
2572.8
5495.25
2245.4
2413.7
2848.44
2251.15
3211.32
2659.78
2397.52
3229.52
2349.4
2543.3
2370.16
2855.09
3105.01
2759.03
3060.08
2621.15
2478.97
2451.95
2388.9
3005.75
2723.79
3883.42
3584.5
2787.57
2270.89
2571.67
2661.54
2782.95
2759.02
2124.58
2391.48
2478.03
2620.11
2228.44
2148.25
2843.04
3883.34
3380.09
3365.46
3125.47
2793.66
3038.77
2281
2721.68
3380.53
2662.09
3210.81
3958.56
3199.85
2817.44
3731.32
2599.59
3092.53
2978.42
2501.05
3675.09
2596.49
2296.77
3219.59
2853.05
3883.68
3836.49
2759.01
3282.92
2788.97
2699.76
3143.2
3637.89
3002.05
2587.39
2287.1
2766.43
3982.81
2937.87
3072.41
2356.46
3165.26
1790.12
3129.35
3174.72
2704.03
5266.99
2838.06
2113.44
2776.6
3001.7
2551.31
3033.88
2193.25
2596.09
2645.23
3783.07
3242.09
2935.51
2806.21
2662.22
2724.67
2661.75
2277.42
3196.24
2784.23
2653.39
3373.07
3080.64
3849.19
2404.31
3391.5
4142.67
1919.9
2324.9
3169.81
2423.03
2456.26
3129.24
3632.89
3009.01
2797.89
3380.62
4800.56
2496.31
2172.05
2545.98
1929.71
3176.51
2513.94
4021.48
2545.46
2315.83
2423.71
3132.4
3010.7
3837.08
2546.39
4122.52
2614.68
3272.77
2837.11
4736.21
2062.58
1853.74
3257.59
2387.02
2795.47
2734.08
3210.28
2995.92
4082.95
4130.67
3460.49
2103.94
2875.84
2706.81
2597.79
2584.96
3216.75
2959.38
3402.89
2521.35
4062.96
2706.19
2734.88
6933.01
2837.42
3128.21
2801.37
2517.02
2577.94
2581.94
2108.5
2659.46
2472
2627.01
2857.48
2379.5
2445.04
2898.95
2015.33
2048.53
2820.36
2453.46
2955.24
2015.92
3766.51
2303.03
2483.69
3104.27
2643.25
3791.48
2989.09
2830.25
3258.71
2650.34
2569.89
3016.14
3161.63
2788.55
2426.94
2641.47
3023.44
2509.11
2203.72
3143.04
2681.39
3229.36
3172.69
3958.7
2693.78
2539.64
2425.13
3757.28
3586.48
2643.15
2542.95
2270.41
2973.74
3676.18
2672.62
3034.55
2619.7
2264.4
3090.81
2991.52
3845.06
2854.62
2481.33
2474.11
3514.63
3011.92
3489.87
3060.4
2804.34
2823.35
2679.56
2498.65
2463.33
3056.01
2655.37
3144.64
2536.53
2543.56
3278.36
2509.74
2464.32
2857.44
2865.48
2350.51
2325.65
2621.03
2195.89
4204.15
3159.23
3096.13
2973.57
2566.77
2655.47
3360.33
2632.7
2856.51
2717.66
2675.38
3283.14
2533.93
2395.94
3001.55
3930.01
2975.87
4701.23
3231.6
2088.46
2529.25
2933.37
2687.28
3163.06
2688.39
2649.72
2592.13
2811.37
3037.16
3485
2782.93
2938.92
2995.32
3081.4
2935.72
2648.01
2347.56
3049.19
2639.67
3235.86
3569.51
2198.32
3099.73
3569.1
2523.08
3394.48
3196.08
2306.81
2845.85
3313.06
3473.13
2848.45
2595.71
3168.08
2684.18
2264.28
2956.06
3669.26
3156.74
3416.35
2137.26
2428.6
2258.41
3057.44
2031.5
2595.18
2729.84
2575.91
3475.55
2895.58
2830.12
3335.16
3299.1
2677.35
2669.09
2714.8
3076
2740.56
3040.71
2998.34
2521.34
3271.23
2646.22
2890.71
2688.37
2747.18
2585.71
3199.12
2944.78
2937.84
2929.77
2870.89
2553.63
3109.68
2836.33
2966.81
2699.92
2577.19
2743.82
2718.42
3584.68
2481.16
3040.27
2554.97
3085.87
3107.13
2581.49
2971.12
2483.84
2113.22
2281.61
3153.67
3661.48
3009.75
3576.3
2059.79
3782.09
2509.14
2719.88
3335.18
3479.65
2333.99
1872.39
2314.34
2807.51
2870.78
3111.91
3172.55
2668.82
2763.84
2427.88
3713.56
2779.16
2655.21
2912.27
2947.21
2952.01
2870.13
3475.64
2806.93
3410.08
3221.37
3448.39
3164.47
2304.67
2387.93
3100.96
2960.47
3218.39
2889.6
2832.47
2797.46
3182.87
2836.21
2648.67
2627.13
2607.03
2578.56
2558.01
2428.41
2870.75
2936.48
2893.77
2530.12
2860.29
2641.79
2637.31
2054.82
4295.08
3001.47
2472.82
3947.36
3380.25
3167.94
3010.94
2711.42
2922.75
3103.86
2809.29
2721.99
2580.56
2921.06
3398.26
2550.84
3376.58
2676.71
3480.43
2314.45
2301.02
3298.27
2705.67
2021.43
2869.52
2033.5
4150.31
2489.65
2897.41
3378.02
3367.48
2496.65
2796.16
2168
3308.96
2046.58
3060.09
2566.91
2712.44
2793.27
2916.33
3480.36
2724.02
2810.79
3580.76
2566.02
2986.19
2687.88
2176.18
2943.29
3152.96
2763.91
2369.25
2715.64
3409.18
2867.89
2911.32
2967.33
4390.32
2874.49
4070.12
2640.85
2509.2
2714.66
3505.86
2227.56
2040.92
2931.55
3293.01
2265.99
3298.25
3925.94
2493.04
2866.44
4319.99
3226.9
2364.96
2858.59
2517.77
2516.77
2717.58
2958.21
2658.23
2109.46
3062.47
3428.85
2901.97
2647.86
2736.1
2516.79
2912.91
2399.96
2569.68
2502.39
2671.54
2698.09
3047.69
2866.17
3395.81
2740.41
2533.73
3726.33
3035.52
3823.53
4821.55
3760.55
2508.01
2391.38
2582.81
3613.52
2449.86
2775.35
2241.03
3382.47
2220.55
4772.37
2799.85
2016.27
2707.15
2553.03
2124.42
2622.8
3133.71
3051.84
2175.25
2924.7
2897.11
2550
3204.11
2260.39
2654.49
3030.3
2019.47
2900.76
2901.83
3083.6
2635.6
2228.33
2410.37
2530.25
2180.4
2486.26
2455.95
1856.7
4562.34
2193.68
1923.04
3585.39
3917.5
2599.97
2506.82
2454.51
2943.22
2559.33
2243.7
2868.63
2901.13
2876.85
2505.63
2722.42
2575.37
3005.35
2775.76
2460.07
4023.88
2228.01
3694.86
3062.1
3247.59
3123.11
2881.54
2989.13
2277.72
3814.87
2571.89
2156.2
4081.43
2000
2293.87
2460.41
2129.24
2087.57
2884.94
2220.88
2681.72
3546.99
3526.69
3553.45
2888.38
2287.99
2952.59
2750.68
2917.46
2387.69
2893.37
2109.92
2773.25
3265.47
3251.24
2632.47
2304.9
2472.46
3535.85
2740.33
2551.47
3554.01
2460.55
2662.07
3464.68
3249.58
3438.68
2155.09
2718.22
3252.73
2643.33
3694.11
2563.31
4880.8
2716.89
2951.35
4888.55
2152.88
2654.6
3307.33
2765.06
2491.58
3071.06
3207.32
2479.17
3163.24
2276.67
2545.74
3410.72
2533.41
3945.9
2396
3110.55
2424.86
2972.53
3254.89
2750.97
2845.44
3107.22
2755.45
2734.2
2995.05
3674.6
2732.85
2764.06
2580.6
3040.26
2452.77
2580.54
2737.85
2821.74
3252.6
2482.64
2837.54
2438.75
3217.81
3481.07
2889.45
3224.56
2947.63
2757.2
3374.31
2476.81
2475.64
2760.12
2741.1
2378.39
3396.77
2813.53
2709.98
2790.12
2498.55
2759.84
2126.61
2661.52
2507.63
2814.61
3089.24
2360
4168.86
3108.69
2656.91
2654.56
3369.83
2979.48
2297.51
3086.69
3573.9
3347.4
3220.9
2640.49
2967.81
2934.45
3243.95
2650.52
2702.06
3500.85
2848.13
2694.68
2117.15
2241.09
3289.08
2386.2
2910.55
2239.17
3890.41
2705.55
2470.14
2332.63
2395.07
4349.85
2657.07
3030.74
2360.37
2503.18
2165.05
3106.93
2739.86
3270.59
2384.5
2400.02
3399.74
2957.88
2854.28
2355.55
4298.1
3046.73
2368.53
2263.18
2747.73
2511.55
3023.76
2456.29
3134.03
2222.94
3425.16
2177.18
3034.14
2412.38
3560.77
3806.96
2251.19
2281.96
2984.85
3012.31
3378.83
3479.14
2517.95
2749.98
2411.25
2724.35
4003.52
3168.38
2368.88
2496.12
2934.86
2866.58
3326.71
4519.14
3306.39
5010.92
4567.64
2605.32
2713.18
3308.92
2781.14
2250.82
3912.19
2985.89
3099.02
3555.16
3094.21
2501.83
2186.8
2850.01
3155.6
2447.79
2649.85
2065.76
2268.88
2825.64
2840.2
2869.94
2426.94
2957.9
2285.15
3830.25
2948.41
2665.33
2078.16
2178.76
2365.16
2168.96
2742.23
2427.72
2577.21
2406.52
2987.97
2215.45
2494.68
2552.04
2440.82
2129.12
2784.85
2878.63
4083.04
2652.2
2479.1
3162.1
2852.59
3256.08
2474.52
3352.56
2470.3
2301.45
2385.56
2460.01
2634.34
3332.27
3131.92
4369.58
2631.58
2632.05
2416.66
3119.04
2196.59
3762.42
2377.42
2654.69
3136.47
3512.93
3482.93
3305.1
3761.35
3260
2927.23
2332.15
2786.34
2562.52
3275.68
2396.48
2399.28
2742.87
2537.87
2621.31
2037.61
2906.37
2397.27
1972.27
2382.27
1984.83
2978.59
2431.53
2678.53
2483.5
2707.78
2122.9
2491.65
2355.54
3074.24
2658.67
3005.19
2894.74
2787.48
3485.84
3314.82
2576.56
2511.46
2409.45
2166.82
2821.16
2087.9
2532.76
3322.68
3276.79
2788.28
3242.51
3023.72
2834.9
2915.04
2220.05
2446.11
2322.37
2672.47
2744.94
3037.7
2938
4250.73
3073.86
2762.96
2746.26
2636.84
3086.24
3020.92
2510.77
2637.33
3158.47
3222.28
2933.6
2581.24
3056.59
3233.69
2860.85
3065.29
2806.33
4424.64
2984.7
2997.66
2555.21
2647.77
3209.65
3233.44
2835.78
3582.31
2697.98
3094.18
2545.78
2782.87
2938.7
3257.84
2258.66
3672.07
2431.6
3033.93
2796.43
4300.3
2947.45
3014.02
3119.08
3911.55
2516.01
2596.51
2613.64
2569.64
2737.29
2320.05
2765.09
2576.02
2794.84
2926.32
3592.82
2927.83
2972.69
3489.34
4415.55
2793.74
2428.19
2682.03
2433.95
2334.09
3469.94
3350.83
2718.79
2839.61
2335.17
4004.49
3668.82
2573.13
3055.27
2547.48
2622.7
2485.09
3336.88
2670.1
2932.59
2761.84
2449.04
2948.77
2180.56
2629.99
2591.15
2743.7
2473.43
3326.5
4306.48
2775.68
2588.53
3117.95
2430.17
3256.88
2564.21
3781.25
2663.79
2774.72
3293.82
2658.55
2320.56
3744.02
3151.57
2789.81
2766.46
2462.5
3246.99
3189.29
3660.05
3172.01
3485.92
3123.46
2371.58
2503.8
2487.87
2369.48
2728.25
2462.87
2631.04
2455.24
2297.86
2877.45
2628.88
2757.62
2410.41
2813.34
3585.38
2464.32
2975.47
3072.43
2762.85
2389.45
3042.78
3055.21
2857.49
2677.52
2869.76
3147.69
2943.58
3380.64
2253.64
3068.32
3253.26
3764.33
2388.34
3316.75
2592.21
2775.86
2984.97
2035.89
2865.65
2891.33
3956.95
2567.17
2615.24
2009.69
2476.98
2483.23
2342.97
2090
3081.61
2366.71
3081.81
2530.98
3118.39
3666.75
2781.23
2998.78
2980.67
3347.2
2135.47
2327.19
3551.45
3095.67
2488.93
4111.38
2416.5
2868.65
2837.86
2891.69
2138.03
3803.33
2203.39
2460.82
3319.6
3248.31
4191.53
2823.93
2691.83
2397.22
2527.46
2629.68
2421.13
2612.86
2725.18
2715.9
2711.42
2757.47
3026.94
2609.51
2397.03
3263.55
2887.17
2812.85
2551.08
2519.81
2679.68
3374.32
2635.07
2644.66
3241.86
2325.63
3383.66
2626.95
2548.1
2786.48
2627.57
3632.69
3811.31
2567.68
3746.86
3229.66
2469.21
2383.37
2581.01
2792.1
3560.14
2063.64
2699.29
2345.58
3012.72
2775.27
2952.08
2022.41
2930.43
3837
2935.31
2528.03
2787.27
3120.58
2561.78
2564.77
2991.44
2908.15
2109.24
2684.61
5040.97
3535.09
4086.98
2339.7
2644.83
3319.77
2982.95
3406.44
2903.52
5682.74
3581.1
3129.6
2294.75
3656.08
2650.3
2322.91
2276
2901.75
2093.52
2660.29
3401.22
2417.14
2545.65
2870.17
4265.35
2362.7
3689.16
2618.51
2178.44
2392.37
3297.25
3525.17
3115.45
2855.4
2688.29
2997.77
3012.51
3686.21
2552.78
3926.05
2685.78
2509.42
2221.66
2579.14
2837.07
3801.6
2313.18
3028.17
2684.93
4778.47
2775.29
2972.06
3980.83
3134.9
2708.63
2883.16
2763.46
2901.83
2502.33
3142
2429.26
2452.82
2200.03
2878.66
2784.9
3075.74
3235.53
2215.81
2574.84
3056.13
2623.4
2450.84
2433.85
3096.97
2468.84
2579
4227.12
2105.91
2976.94
2985.94
3073.46
2799.98
2787.9
2035.74
3611.36
2275.88
2983.87
2547.31
3813.65
2739.77
3297.97
3590.29
3049.52
2485.04
4559.78
2850.62
2403.92
2684.71
2724.17
2005.65
3103.42
3158.62
2452.28
3842.32
2894.54
2618.48
3589.54
3331.52
2460.96
1812.43
2880.53
4208.8
3147.27
2796.37
2880.02
2378.35
2212.8
2767.68
2423.96
2521.16
2621.34
2194.68
3915.29
2270.25
2401.73
2301.42
2788.55
2674.85
2986.77
3092.77
2194.59
2703.12
2921.3
3204.3
2220.67
2995.15
2888.86
3128.53
2327.88
3782.71
2726.96
2915.9
3091.89
2851.79
2806.82
2765.8
2434.21
2832.4
2395.62
2437.15
3211.15
2556.09
2891.24
2996.58
2668.76
2486.14
2880.72
2413.36
3095.99
1929.53
2721.96
2417.63
2844.85
2438.16
2324.08
2374.33
2584.47
2364.49
2428.69
3231.4
3358.03
2580.79
3060.33
2947.39
3202.44
2871.2
3384.44
3441.41
3157.6
2848.39
2605.72
2799.93
2267.9
1982.31
3097.28
2538.05
3361.25
3386.27
2076.46
2594.16
2127.57
2523.77
3543.72
2920.74
2993.43
2327.47
2470.28
3647.7
2992.15
2428.19
3187.33
2789.34
2610.91
3682.68
3003.82
2539.36
2633.85
3336.15
3560.3
3477.11
2837.55
2817.97
3160.26
2990.1
3085.27
2929.55
3889.44
4376.67
2489.03
3779.1
3004.05
2504.74
2588.44
2930.33
2424.63
3244.61
2460.66
2314.05
3100.03
3161.12
2623.75
2653.65
3050.07
2966.58
2507.13
3610.03
4052.75
2644.52
3271.98
2526.06
3521.92
3443.72
2409.79
2284.04
2649.05
2301.99
2260.08
4113.77
2950.78
2223.56
3055.41
2511.02
2230.63
3606.99
2571.45
2901.59
3231.74
2308.59
2155.64
2712.32
3520.7
2525.38
2969.69
2714.54
2538.08
2878.45
3004.69
2862.79
2762.07
3046.01
2031.03
3343.49
2767.5
2714.62
3999.68
2338.09
2336.41
2606.07
2985.8
3561.37
3035.82
3349.45
2983.87
4003.81
2813.66
2663.65
4340.91
2394.61
2926.86
2739.09
2184.54
3139.12
2232.91
2688.06
2569.2
2297.6
3313.49
2643.65
3323.51
2203.59
2373.7
2875.48
3865.25
2609.12
2399.69
2807.5
4228.63
2560.14
3014.74
3807.64
4836.35
2304.09
2310.69
2566.73
2885.08
2291.15
3853.15
2192.91
2810.9
3590.25
2368.32
3659.61
3807.29
3325.82
2871.34
2281.68
3104.61
2367.24
3487.63
2326.27
2364.56
2503.79
3072.3
2674.27
2156.02
2737.2
2834.78
2505
3344.73
2711.11
1995.94
3174.02
2740.08
2007.05
2489.97
3220.37
2673.48
2204.85
2394.05
2517.24
2796.43
2384.25
2594.02
2332.4
2994.21
2338.88
2026.09
2529.49
2894.77
2764.56
2965.44
2658.42
3242.99
2634.42
2720.47
3787.39
2404.13
3092.47
2705.46
2687.88
3174.27
2478.42
3156.13
3469.26
2368.44
2844.19
3349.83
2508
3248.97
2902.54
3061.15
2605.3
3916.99
2456.03
4284.63
2538.17
2778.33
2144.89
2403.24
2396.82
2829.14
2725.65
2364.26
1989.82
2389.15
2681.79
3243.16
3326.51
3440.41
2226.23
2692.61
3231.72
3655.83
4041.62
4221.52
2439.43
2597.93
2434.89
3634.56
2046.34
3607.06
3808.49
2803.51
2399.75
3036.69
2770.75
2623.05
2229.24
3131.21
2407.65
2639.05
2213.6
2613.72
3136.27
3164.76
2611.46
3170.53
2032.23
2934.35
3210.33
3099.28
3651.83
2673.32
2380.7
2091.41
2768.74
4037.58
2321.31
3828.52
2970.34
2247.6
2361.94
2867.7
3512.38
3167.96
3234.09
2268.37
2328.45
3483.98
2635.76
4333.88
2945.47
4032.62
2483.29
2884.95
2991.72
2390.93
2250.05
2726.52
2724.46
2687.14
3218.46
3659.22
3022.7
2339.42
2824.35
2788.64
2523.93
2217.27
2628.89
2510.11
2264.38
3206.68
3532
2231.27
3966.79
2713.9
2377.93
2522.54
3133.04
2986.58
3002.75
4025.48
3488.31
2237.81
2512.24
2217.56
2839.54
2047.45
2805.74
2462.87
2551.64
2600.44
2113.23
2794.55
2678.03
2506.48
3054.64
2266.41
3121.28
3089.33
4356.1
2772.42
2272.58
3451.38
2507.31
2879.54
2376.66
2743.69
2353
2502.9
2450.83
3392.32
3242.59
2936.4
3287.69
2841.5
2642.09
2862.13
2496.16
2615.52
2444.51
2551.75
2670.54
2410.63
2997.39
2736
2242.52
2891.08
3068.22
2162.3
2761.41
2511.34
3131.69
2721.72
2965.43
2753.89
2147.82
2998.87
2479.21
3364.49
3018.79
4202.21
3095.95
2425.73
3749.59
2370.18
2920.12
3197.21
3433.57
2398.8
2784.43
3332.48
2993.79
2439.76
2667.57
2665.11
3146.25
2596.91
3340.94
3407.03
2971.19
2960.75
2741.74
2557.45
3363.69
3212.19
2165.08
2600.44
3374.77
2190.89
2569.72
2823.55
2551.77
2898.68
3238.74
3072.41
2841.47
4224.87
2840.21
2476.37
2880.76
2314.69
3924.41
3067.73
2748.38
2500.86
2729.14
2804.14
2524.54
3430.39
2932.55
2733.76
2926.99
2695.69
2772.88
2904.47
2543.43
2297.35
2570.98
2376.02
2261.09
2694.46
2490.27
3184.74
3239.16
3055.68
3341.82
2428.84
3008.04
2821.99
2634.28
2835.13
3481.43
2430.54
3111.67
2573.34
2685.47
2815.76
2763.84
3018.97
2487.44
3074.09
2928.34
3290.47
3691.31
2592
2128.81
3083.79
3138.02
2845.09
2353.46
2138.85
3560.52
3185.84
2573.96
2662.42
2944.88
2372.12
3206.21
2483.03
2624.41
2891.29
2627.71
3042.44
2438.29
4472.25
2231.85
2941.89
2348.59
2850.47
2410.05
3266.43
3165.82
2222.08
2562.98
2747.78
2340.96
3091.06
2840.6
2436.75
2370.54
2389.82
2650.47
2700.8
2097.4
3009.25
2546.2
2403.15
2434.79
2432.54
3097.59
2748.6
2712.77
3218.9
2688.88
3274.93
2587.06
3285.42
2974.79
2315.47
3093.94
2345.8
4751.02
2499.04
2415.5
2471.86
3248.43
2174.9
2652.11
1930.37
2810.79
2744.05
3176.42
3103.74
2583.57
2514.93
2568.11
2820.5
2766.69
2993.73
2501.45
2800.24
2582.88
2956.59
2385.01
2690.05
3245.01
2733.4
2793.66
3165.44
2319.19
2464.64
2844.51
3210.17
2340.49
3000.45
2907.67
3175.6
2756.41
2561.13
3106.47
2939.83
2858.84
2537.42
2651.78
2757.43
2778.85
2734.01
2335.59
2159.41
3209.48
2330.02
2792.36
2686.48
2806.11
2005.97
3367.52
2948.39
3471.88
3628.74
3371.86
2556.28
3246.8
3091.52
2615.14
3947.53
2669.14
2357.81
3243.83
3252.24
2373.51
2625.9
3024.77
2613.02
3255.18
2718.24
3493.15
3290.22
2592.32
2949.76
2171.68
2813.69
2840.05
3068.3
2376.5
3116.31
3774.94
3181.29
3027.15
2922.09
3234.83
2893.44
2603.01
3214.22
2450.72
4137.26
2692.47
2349.51
2310.06
2836.21
2840.27
2200.6
3169.52
3238.75
2291.82
2687.28
3173.41
3104.45
3844.02
2338.32
2358.89
2434.78
3026.81
2713.27
2379.08
2754.22
2860.21
3102.24
3179.49
3482.29
2465.99
2867.88
2382.38
3161.43
2959.95
2701.19
3122.9
2611.11
2139.33
3229.45
3495.83
3501.39
2224.21
2712.04
3465.56
3085.66
2557.09
3309.58
2686.02
2686.71
2627.58
2736.39
3515.22
2428.95
2962.39
2619.38
3243.08
2995.26
2661.07
2738.6
2687.45
3062.95
2975.69
3314.3
2252.43
2549.16
4400.15
2447.95
2853.99
2206.8
2303.2
2359.94
2108.69
3030.76
3091.89
3899.75
2217.08
2575.63
2560.19
4538.94
3225.27
2093.5
3029.71
2764.51
3501.24
3979.91
2746.84
2749.16
3072.85
2183.64
2600.46
2539.32
2907.75
3675.54
3095.71
2176.25
2654.6
3896.32
2760.69
2486.31
2937.57
2799.85
2943.73
2630.95
3815.32
2616.66
3151.76
2938.1
2636.27
2980
3852.44
3339.31
3375.33
2513.47
2351.26
2329.49
2786.65
4173.46
2513.85
4172.99
2751.88
3125.87
2461.32
2899.52
2960.34
3918.79
3701.12
2685.07
2815.31
2812.23
5375.69
2409.28
3778.34
4664.05
3310.69
2563.96
3585.7
2641.01
1920.23
2898.61
2190.8
2482.48
2243.55
2343.54
2478.17
3264.25
2688.9
2612.36
2757.36
3151.21
3048.46
2811.8
3708.92
2725.17
2742.22
2701.15
3245.39
4704.32
2677.1
2948.36
2690.73
2222.63
2266.3
2858.57
3155.09
3253.61
3063.87
2971.83
2302.57
2599.11
2909.21
2953.49
2786.51
3168.89
2820.95
2807.08
2581.84
3344.83
3070.76
2982.69
2831.2
2955.17
2933.44
3059.42
2599.34
1977.74
2521.91
2879.21
2963.4
3244.83
3320.52
2698.53
2963.36
3867.54
3034.56
2844.03
2520.68
2284.23
2333.27
2597.82
2308.35
3249
2538.68
1979.66
3833.89
3059.44
2811
2428.88
3008.73
2081.1
2842.96
2930.16
3908.24
2553.05
2961.81
3022.15
3461.52
3467.83
2948.99
3480.9
3009.08
2870.89
3131.11
2369.76
2760.1
3166.96
2420.43
3501.22
2848.81
2728.26
3290.3
2936.75
3289.25
3866.85
2901.85
2066.63
3131.61
2697.45
4912.57
3931.15
2739.93
2763.25
2007.54
2644.75
3168.51
1840.61
3060.58
2716.67
3000.25
3834.89
3801.04
4254.6
2203.62
2945.28
2894.88
5021.18
4260.27
3893.22
3923.59
3399.32
3560.92
3303.75
2844.15
3068.94
2858.7
2805.31
3517.82
2246.99
2547.59
3365.25
2332.22
2783.04
2062.63
2564.29
2932.01
3176.63
2378.17
2731.27
2662.34
2446.81
2511.87
2935.96
2381.07
2522.11
3349.69
3331
2320.55
2151.75
3884.16
2602.47
4177.25
2454.59
2374.68
2649.4
2746.41
2857.11
2313.67
3043.04
2294.7
2166.68
2631.89
2538.7
3246.11
2190.7
3161.69
2529.72
4522.64
2602.35
3293.75
3237.35
3110.96
3544.36
3166.63
2802.73
2632.3
2922.85
3521.14
2728.14
2256.22
2649.34
3168.5
3456.51
2942.92
2978.26
2701.48
2332.11
2772.87
3580.62
2767.33
2762.83
2520.35
2762.67
2484.68
2541.54
2540.62
2457.94
2367.13
3257.37
2894.44
2245.3
2196.6
3422.57
3414.84
2901.72
2860.39
3626.26
2239.42
2199.94
2136.9
2863.84
3007.29
2480.34
2905.33
3065.81
3465.05
2096.55
2572.47
2609.85
3961.52
2777.03
2627.33
3338.43
2742.66
2881.67
2820.47
3581.87
2603.08
2894.5
3364.13
4195.57
2867.65
2285.52
2837.02
2273.72
2532.81
3273.36
3047.98
3597.42
2367.58
2722.98
2386.08
2207.37
2643.56
3512.38
1905.16
2665.73
2333.27
2822.45
3124.02
2473.94
2857.41
2609.95
4401.96
3003.85
2248.47
2713.93
4537.09
4638.38
2875.47
2564.4
2525.64
2804.03
2301.27
2836.5
2675.03
3352.55
2942.57
2720.98
2095.4
2839.56
2647.64
2762.95
2887.85
2595.14
3157.52
2858.06
3044.05
2478.83
4595.41
3682.93
3226.95
2532.88
4194.77
3100.64
3099
3433.2
2188.08
3090.8
3004.95
2480.48
2712.92
2190.6
2253.62
2519.25
3358.09
2586.83
2955.36
2689.47
2432.81
3046.72
2873.43
2634.35
3117.6
2693.05
4055.04
3734.58
2946.66
2553.74
2660.3
2103.79
2826.95
3902.46
3115.52
3845.81
2214.49
2963.37
3639.73
2459.98
2832.55
2269.9
2941.65
2248.03
2605.74
2768.31
2523.69
3954.06
3570.67
2746.65
2968.37
3156.4
3618.51
3739.58
2658.95
3461.49
3330.81
4403.61
2904.27
2545.84
2514.97
2958.82
3066.14
3332.87
2920.5
2879
4022.7
2590
2662.95
2468.37
2040.99
4305.84
2932.47
2906.34
3672.17
2827.25
3141.26
2512.98
2863.38
3027.17
4110.93
2826.76
2459.33
2530.01
3650.97
2562.28
2828.87
2977.76
2964.3
3462.89
2663.68
2518.49
2996.28
2587.09
2204.73
2468.14
3275.18
3078.29
3150.85
2697.92
3049.83
2787.63
3223.17
2428.68
2741.83
4017.74
2878.57
3140.27
3146.77
2936.61
2790.65
3129.41
2442.75
3250.64
2856.13
4235.05
3726.84
2251.41
4035.37
2624.66
2298.49
3273.27
3168.41
3828.61
3491.56
2295.54
2756.68
2149.57
2523.61
2683.87
2411.1
2905.83
4122.94
3141.14
2977.35
2763.85
3020.3
2404.95
2661.78
2601.53
3516.11
2369.15
2407.52
2809.98
2592.04
2445.83
2542.29
2728.97
3255.4
2805.22
2079.31
2629.69
2734.9
2633.9
3033.05
2715.87
3627.58
2189.06
3118.57
3534.46
1950.13
2452.43
3000.67
2830.22
2842.91
3844.51
2411.88
3077.53
4418.85
3064.06
3685.69
2590.42
2959.63
3618.62
3283.32
2834.67
2634.89
2235.08
2734.37
2655.01
2778.12
2546.74
2752.29
3297.23
2633.96
2547.8
3157.88
2476.64
3813.48
2645.26
2506.94
3393.53
2894.22
2544.44
3540.59
2400.32
2501.45
2167.34
3302.77
2428.88
3193.49
2625.35
2663.39
3373.02
3110.03
1951.85
3281.86
3282.4
2507.98
2467.03
3059.16
3408.07
3605.86
3137.56
2793.5
3879.25
3170.26
2631.64
2616.2
2362.71
2367.75
2344.17
2508.5
2967.07
2978.91
3292.25
2513.82
2579.72
2975.57
3459.65
3322.59
5739.93
3817.29
3012.53
5211.48
2534.43
3073.4
2824.59
3145.77
2944.21
2173.4
2535.31
3123.13
3551.48
2603.45
3044.72
2999.79
2829.12
3755.83
3957.67
2642.5
2285.24
2790.8
2177.67
2651.74
2384.96
2906.21
2884.72
2708.36
3079.37
2784.05
2491.07
2506.83
2287.72
3207.97
3019.29
2312.65
3026.25
3545.69
2461.94
2301.78
2869.27
2959.21
2942.95
3266.39
3358.5
2818.68
2813.59
2955.8
2411.33
2297.88
2620.15
3452.01
2167.89
3104.08
3344.15
2681.71
2791.25
2992.12
4178.61
3651.17
2148.79
3747.2
3466.32
2933.28
2812.53
3073.99
3664.86
3012.4
2513.1
3149.7
2810.56
2837.38
2803.21
2523.26
2822.15
2920.28
2652.54
3264.42
3158.75
2736.03
2604.92
2329.37
2104.8
2966.17
3558.16
2407.63
3291.09
3094.57
2647.41
2790.86
3060.78
2275.95
2818.97
2751.04
2132.24
3031.26
3319.89
3520.28
2432.19
2804.84
2752.08
3796.81
2527.82
3066.6
2432.32
3399.77
2352.36
3092.49
2837.8
3140.23
2403.37
2128.87
3286.69
3544.41
2143.13
2656.13
2677.54
2480.73
3125.16
3082.17
4152.05
2520.69
3847.7
2633.58
2996.36
2612.19
2521.63
2874.61
3274.07
2687.97
2236.73
2426.19
3039.2
2322.8
3039.54
2464.59
3678.26
2206.96
2689.84
3618.96
2889.02
2377.04
3461.02
2221.94
3056.29
2671.44
3858.34
4215.4
2413.38
3302.85
2253.56
2629.15
3365.16
2773.02
2870.51
2977.34
2697.07
2961.35
4285.16
2826.5
2844.86
3248.98
2348.29
2406.79
2978.73
2535.76
2117.92
2115.47
2956.19
3078.1
4101.48
2003.9
2837.93
2277.79
2811.39
3511.57
2034.34
2339.98
3127.03
4387.51
2825.8
3602.77
2562.8
2851.5
3682.72
3076.81
1906.36
3186.29
2529.74
2639.18
2574.31
3186.82
2839.77
2583.58
3123.34
3464.82
3423.97
2824.71
2724.49
3016.2
2861.61
1811.94
2694.01
2304.44
3342.6
3256.16
3116.99
2439.1
3106.59
3260.14
2534.47
2272.06
3851.94
2303.53
4148.5
2531.53
3750.63
3181.25
3962.41
3453.63
2727.67
3013.05
4140.1
2261.87
3510.8
2343.03
2973.39
2997.4
2663.12
3248.94
2509.21
2397.32
2458.72
2803.63
2592.41
2688.45
2949.49
2869.84
2232.73
2165.18
2998.46
3177.91
3659.96
2523.08
3476.69
4522.31
2708.27
2825.55
2767.32
2250.33
2293.31
2750.53
2880.49
3443.89
3183.05
2518.31
2573.3
3275.12
2813.87
3112.93
2409.05
2768.39
2632.32
3845.9
3350.67
2800.96
2558.7
2769.75
2730.54
2661.38
3000.5
2613.79
2769.98
3117.99
2874.39
3058.73
3212.19
3792.01
2601.47
2267.48
2482.41
2325.47
2721.08
2665.2
4206.06
2435.77
2667.39
2305.01
2322.39
3108.86
2428.26
2754.07
2874.58
3076.75
3520.4
2853.38
2958.33
2170.34
2458.83
2260.1
3046.69
2701.96
2457.29
4132.48
2252.48
3053.66
2336.05
2962.71
2764.86
2348.56
3097.87
2544.17
2856.36
2272.72
2220.79
2384.99
2292.65
2984.98
2996.29
3276.15
3823.61
2905.04
3119.02
4052.95
3520.46
2672.73
2501.26
2492
2452.7
2989.63
3086.04
3851.12
2325.67
2358.43
2759.23
3452.08
2197.37
2973.88
2626.64
2641.57
2703.04
3416.97
3717.64
2714.5
2509.15
4249.8
2835.79
2910.21
3224.41
3516.48
3500.61
3494.97
2896.23
1977.83
2788.18
2708.65
3003.33
2679.21
2198.66
2446.02
2341.27
2921.62
3257.13
3607.09
2573.79
2441.65
4349.66
2469.83
2892.44
2670.69
3309.08
2553.24
2547.63
2613.62
2545.69
2283.27
2507.41
1989.4
3443.89
2980.66
2715.05
2629.45
3517.58
2257.42
2498.34
3044.46
2726.18
2268.94
2828.94
2788.32
2651.84
3243.5
2637.57
3347.63
2809.83
3245.2
2692.8
3214.02
2904.27
2717.47
3969.74
2974.8
3228.27
2526.87
2518.35
2150.26
2482.94
4372.64
3490.18
3649.87
3678.02
2490.83
2801.01
2460.14
2094.22
3078.14
2608.52
3100.24
2682.89
3040.58
2925.99
3379.35
2902.61
2853.01
3333.47
2931.31
2244.03
2322.44
2913.27
3305.37
2376.38
3012.8
2087.1
2746.96
3196.23
2347.41
2738.02
2717.45
3255.12
3290.2
2930.48
2370.66
3576.58
2542.71
2659.35
3459.24
2991.99
2626.25
2983.73
3317.01
2193.98
2279.48
2397.65
2616.95
2814.09
2690.41
2344.85
2419.31
2570.27
3158.19
3004.98
3530.78
2924.32
2361.83
2272.22
2333.32
3099.29
2860.71
2755.86
2835.14
2810.9
2414.08
3170.21
3028.59
2807.85
2448.59
3138.69
3161.74
2637.27
2440.9
2860.94
2517.76
2864.2
2412.23
3146.02
4515.46
2460.01
3037.01
2983.31
3294.93
2393.12
2278.64
3725.28
2814.49
3001.05
3127.68
4364.9
2033.43
2804.91
2706.9
2712.76
3723.25
2089.41
3614.38
2920.29
2344.48
2178.19
2969.46
2857.51
2603.8
2543.01
3246.74
2765.11
3136.41
2455.77
3355.07
2797.51
3035.6
4291.76
2233.31
3159.43
2552.9
2486.26
2710.1
2687.11
4626.44
2920.01
2467.41
2707.78
3401.93
3048.87
2934.14
2722.65
2287.14
2613.38
3291.24
3727
3680.13
2844.55
3020.78
2401.21
3262.69
3188.85
3333.7
3404.77
2819.71
3419.43
3118.89
2925.84
3549.71
2906.96
4453.29
2841.07
2474.44
3563.24
2716.36
2940.37
2690.71
3295.76
2785.3
2731.29
2321.82
3772.01
4127.87
2286.13
2358.71
2584.36
2892.28
3949.94
3410.89
2780.41
3959.22
2793.63
3313.39
3071.63
3324.48
3393.39
2666.68
2698.72
2991.31
3257.17
2373.52
2626
3066.09
2305.27
3080.05
2607.35
2557.26
2526.57
4525.13
2358.96
2580.5
3424.62
2533.07
3867.05
2682.16
2551.26
2445.87
2805.21
2805.06
2312.82
2760.22
3225.09
2969.28
2914.89
2521.2
2754.01
2442.27
2472.38
2484.55
2411.26
2494.22
3566.72
2667.19
2703.56
2923.29
3573.71
2906.77
3905.04
3376.72
2483.46
5233.65
2203.86
5746.87
3270.18
3328.03
3866.62
2338.6
2984.58
2490.61
3157.53
3027.41
2992.06
2775.55
2825.58
2331.48
3376.4
2628.37
2834.31
2505.63
2813.09
2676.89
3058.17
2312.17
3609.19
3306.23
2195.66
2548.81
2524.2
2390.95
3172.23
3323.51
2952.62
2444.49
2183.28
2593.66
2548.99
2878.38
2621.89
2743.69
2940.63
2443.6
3870.4
2863.47
3993.01
3275.24
2566.68
2949.94
2666.73
3445.11
2728.5
3067.15
3355.31
4432.54
2749.28
2556.44
2919.96
3073.89
2655.58
2909.48
4160.23
4640.73
2211.82
2653.34
2946.45
2834.2
2900.05
2162.42
3152.13
2436.53
2977.14
2844.7
2570.62
2224.15
3849.97
3283.45
2860.1
2827.38
3601.97
2329.89
1876.71
3021.54
2498.93
2908.71
3679.36
2879.82
2664.19
3181.42
3014.84
3088.45
3015.05
3789.27
2232.82
3374.7
2687.58
2878.1
3412.06
2595.57
2515.32
2126.54
2437.45
2923.43
2838.24
2685.76
2695.28
2342.21
3768.11
2937.76
2593.39
2214.68
2432.59
2337.67
2880.13
1926.5
2675.85
2613.36
2967.8
3370.17
2485.37
3115.7
2808.65
3494.44
3508.71
3029.69
2112.07
2819.99
2496.03
2873.54
3507.98
2760.14
2668.25
2144.48
2511.09
3961.43
3629.39
3055.27
1973.87
3026.66
2684.11
2824.16
2939.64
2096.01
2510.28
2340.93
2543.85
2048.51
3392.14
3242.31
2980.75
3275.32
3805.78
3449.59
2128.57
2605.39
3287.77
2603.39
2622.61
2569.95
2893.51
2954.39
3617.05
2660.18
3283.18
2362.61
2879.61
3011.26
3200.96
3259.87
2521.26
2355.37
2987.61
3217.41
2926.7
2874.08
3034.86
2799.1
3456.4
2336.3
2578.63
2944.13
2839.28
3438.28
2317.24
2845.35
3884.89
2346.31
2991.5
3000.75
2932.1
2765.9
2388.42
2900.97
3011.7
2525.56
2065.43
2273.17
2332.17
2882.69
3167.9
2968.72
2782.84
3227.05
3142.57
2779.37
2763.05
2737.34
2982.71
2298.1
2352.8
3465.88
2734.16
2761.69
3079.66
4464.49
2487.88
2398.32
3437.06
4002.03
3153.33
2568.51
2133.63
2769.08
4047.75
3438.13
3227.17
2281.23
3042.49
2765.06
2529.17
2916.91
3229.06
2753.52
2288.43
2273.56
2651.17
2588.81
3068.62
2236.63
4087.55
3333.66
2105.25
2343.63
2894.82
2802.66
4558.79
2373.02
3833.12
3007.35
2835.3
2853.6
2500.32
2993.95
2936.62
2284.91
3329.41
3951.85
3533.81
2510.99
2256.26
2301.88
2274.82
3182.49
2543.77
2969.05
2753.91
3099.05
2747.83
2832.56
2678.05
3167.31
2585.68
2580.08
3094.95
2869.69
2747.55
1900.5
3075.97
2907.53
2476.29
2798.77
2214.03
3236.49
2881.24
2232.09
2835.62
2591.28
2787.65
1905.77
2875.66
2447.82
2349.39
3466.94
2300.2
2109.18
2146.7
4688.66
2627.59
2757.18
2031.26
2177.51
2701.25
3412.75
3034.44
3025.75
2922.13
2643.36
2783.86
2980.77
2535
3715.58
2374.03
2216.1
3305.44
2534.46
3130.72
2495.72
2652.31
2966.08
2798.11
2816.74
2431.13
4995.48
2575.24
2817.84
3513.23
2979.2
2349.69
3016.57
2653.31
3223.05
2155.81
2897.26
2844.79
4293.22
2415.07
2286.39
2404.95
3648.26
3663.16
3305.95
2954.5
3548.83
3333.51
3140.54
2735.5
2853.4
2992.45
3904.04
2643.66
2210.42
3188.95
3066.17
2522.28
2548.67
2260.84
2646.45
2796.05
3942.56
4324.3
2632.29
3404.94
2548.87
2784.03
2626.17
2182.68
2509.35
1849.55
3018.62
3394.24
2403.76
3190.07
2725.59
2821.19
2222.89
2899.44
2415.56
2030.26
3072.42
3224.44
2940.34
1820.5
3998.3
2740.03
3015.45
2659.05
2581.73
3379.52
2723.14
3237.59
2551.16
3032.4
2800.57
3140.52
2621.99
2548.11
2801.34
2867.38
3312.99
2766.11
3206.86
2980.7
2644.54
3047.27
2919.62
3071.46
4409.02
2715.85
2564.45
3051.82
2761.46
2888.95
3344.39
2418.04
4331.36
2981.22
2879
2542.79
2781.64
2437.72
2721.56
2748.29
4023.11
3118.54
2687.32
2574.69
2934.74
3009.28
3279.66
3593.45
2376.44
2835.81
3268.45
2405.92
2492.77
2723.23
2360.58
3956.14
3112.06
2835.55
2809.59
2725.36
2760.71
4799.65
3525.01
2830.72
2701.97
2289.05
3242.07
3535.36
3484.38
3140.26
2523.02
1962.65
2817.75
4056.04
2433.71
2378.82
2582.25
3510.13
2585.79
2373.19
2571.93
3554.04
3181.97
3314.77
2997.96
2904.58
2399.77
3301.95
3029.2
2363.36
2695.18
3435.25
2509.95
2693.64
2812.74
4021.41
3926.76
2480.78
2802.05
2609.66
2882.23
2922.56
3375.81
2658.16
3423.56
3053.47
2568.55
2506.02
2814.25
3992.88
2522.41
2820.67
2708.5
3205.43
2715.81
2308.72
2411.08
2671.9
2469.32
3009.85
2436.41
2238.66
2992.46
2813.41
3315.7
2783.08
2771.03
2936.61
1796.98
2354.71
3054.43
3869.51
3618.32
4291.77
2203.29
3032.8
2874.44
3036.84
3002.13
2520.53
2764.89
2238.82
2908.76
2534.74
3896.83
3795.17
2817.12
2897.72
2966.87
3643.45
2551.9
2677.62
2754.37
3582.23
3555.1
2795.18
2347.66
2745.41
2369.19
2787.9
3284.91
2249.57
3992.4
3533.58
3489.09
2624.2
3217.02
3100.28
3057.78
2928.49
3158.09
2029.67
2913.94
2486.88
3264.26
2856.22
2950.82
3101.25
2429.36
3126.94
3405.59
2390.2
2548.8
3205.21
3964.91
3078.95
2957.71
3278.27
3625.01
3233.8
2784.62
2572.23
4803.97
2633.91
3022.99
2879.9
2406.43
3433.97
2944.89
3761.13
2736.65
2327.87
2832.49
1855.96
2701.27
2816.44
2277.31
2934.5
3093.32
2674.57
3348.85
2284.38
3853.1
2852.92
2892.36
3338.62
2346.7
2471.99
2576.36
3850.97
3089.39
2583.13
3840.39
2635.04
2254.98
4087.47
2932.26
2874.55
3572.19
2822.4
3093.65
3874.88
2474.36
2907.53
2239.64
3058.06
2759.34
3084.81
2584.1
3914.91
2450.43
2547.2
3195.62
2522.9
3024.23
2865.18
3665.04
2388.33
2247.86
2764.98
2391.85
2451.46
2358.93
2689.35
2565.62
1997.27
2811.06
2513.29
2884.91
3266.87
2830.56
2731.83
3276.98
2146.38
2613
3070.16
2605.34
2671.38
2593.92
2398.64
2749.78
2287.5
2460.22
2980.52
3299.38
2757.64
2842.23
3410.49
2832.84
2852.84
2561.27
2535.1
2470.88
2165.58
3231.5
2459.34
2867.24
2270.92
2614.55
2993.12
3764.17
3647.67
2608.66
2565.08
3400.37
3504.07
3247.76
2656.88
3897.21
2926.2
2589.66
2739.35
3651.39
3065.98
2307.45
3013.75
3328.62
2297.21
3268.84
2638.18
3822.86
2842.68
3640.21
3093.33
2861.88
3042.17
2919.58
3017.5
3058.13
2983.64
2911.99
2542.39
2531.17
2711.6
2318.42
2555.42
3029.6
3623.82
3771.95
3123.51
3367.67
2472.43
4338.94
3163.18
2193.56
2937.06
3133.55
4461.66
2430.34
3053.15
2992.25
2401.03
2332.12
2442.14
3068.1
3769.23
2784.66
3458.09
2985.67
2879.8
4034.32
2701.72
2882.47
3090.86
2890.24
2399.64
2558.93
2384.23
2560.54
3013.49
2997.72
2316.73
2181.89
4055.65
1919.72
2667.08
3622.96
3128.62
3404.85
2339.63
2916.63
2799.18
3446.2
2574.72
3289.49
2374.61
2574.23
2689.05
2002.54
3078.99
2528.34
2056.92
2268.96
1884.09
3385.39
2253.04
2344.03
3123.84
4489.69
2560.68
2577.6
3231.78
2478.9
2814.92
2564.13
2840.8
2729.87
3388.16
3148.46
3049.57
3418.31
2560.41
2553.46
2867.5
2960.73
2822.88
3947.57
2895.38
2380.5
2824.07
2724.3
2932.56
2255.67
2606.27
2079.79
3518.99
2803.76
2646.19
3216.34
2499.34
2881
3414.07
2571.31
2192.7
2852.03
3113.88
3647.9
3074.74
2602.75
3438.32
3255.35
3109.38
2690.07
2860.86
3515.65
2225.17
2627.22
3161.03
2300.24
2573.6
2292.4
2975.1
2729.2
2486.6
2932.02
3175.01
2794.85
3050.82
2535.56
2425.28
3627.83
2736.59
2846.11
2784.89
3073.91
3014.75
2855.18
2215.52
2586.77
2619.89
3395.4
3621.72
2640.83
2384.84
2811.41
2911.6
3287.08
2418.71
3221.89
2293.44
2853.66
2960.46
2704.16
3447.53
2141.83
2943.84
2807.17
2845.53
2344.35
2391.19
3359.55
3705.3
2974.29
2710.85
2700.27
2973.33
3411.61
3070.37
2852.82
2461.4
2330.03
3052.02
2026.39
2027.86
2449.57
2286.67
2610.42
2623.1
3075.77
2380.69
2279.22
2900.08
2969.99
2494.06
2536.17
2526.09
2881.34
2997.74
3362.98
2807.5
2562.83
3468.57
3840.42
3025.53
3034.99
2566.61
3123.73
2812.6
3079.41
2269.34
2548.59
3286.11
2897.71
2556.25
2625.18
2795.55
2648.57
2902.04
3382.29
2621.85
2660.22
4154.32
3126.2
5999.21
3088.24
3285.41
4253.89
2442.06
4043.77
2932.92
2717.98
3288.49
2571.26
2723.59
2515.56
2149.04
2796.41
2717.3
2853.74
2842.67
2170.53
2333.86
3136.6
2981.54
2722.46
2711.17
3650.44
2786.49
3030.29
2263.89
2780.41
2371.24
2579.91
3187.96
2710.84
2746.31
2313.74
2112.75
2522.31
3686.23
2738.47
2734.44
3534.24
3043.15
2812.52
3352.06
2638
2631.64
2514.68
2264.96
2413.97
2795.64
2299.6
2991.23
2662.41
2459.95
3275.11
3737.69
2373.5
2393.36
3326.92
2018.05
2217.06
3333.6
2832.77
4164.21
3204.43
2511.15
2872.08
2676.41
3482.56
2292.55
2511.59
2960.65
2429.09
3375.62
2753.33
3167.56
2679.46
2804.28
2880.66
3735.58
2474.73
2355.33
2509.44
2612.55
2443.82
3098.37
2811.88
2588.22
2948.16
2338.13
3163.54
2932.24
2774.28
2500.13
2676.87
3012.58
3098.21
3332.45
2399.28
4376.74
3232.23
3102.03
2976.09
2731.15
2699.78
2277.93
2664.59
2517.69
2459.49
2513.57
2461.84
3451.04
3164.97
2181.56
2655.84
3769.2
4117.61
3317.32
2103.85
2806.37
2299.85
3174.51
3587.81
2050.5
2472.79
4499.31
3116.4
2738.72
2864.1
2696.25
2904.47
2796.69
2497.1
2627.67
3028.16
2334.02
3004.18
3687.21
2028.27
2796.49
3255.3
2145.56
2604.35
2860.67
2808.52
3336.25
4024.86
2328.59
3019.81
3392.87
2317.89
3310.47
3187.1
2505.3
3791.71
3176.49
2530.41
2525.13
2788.28
2248.84
3784.25
3683.26
2839.26
3721.8
3122.82
4271.53
1911.63
2601.07
3152.22
2664.56
2893.65
3656.13
3141.16
3674.41
2480.74
2782.68
2453.42
3384.16
2292.04
2858.07
2586.35
2412.32
2635.07
3164.1
2085.48
2879.13
2319.26
2230.68
3292.64
2779.32
2584.73
3053.51
2762.35
2512.72
2702.02
2451.23
2377.66
2467.9
3508.4
3951.25
2125.69
2944.36
3518.01
2892.36
3800.99
2395.72
2830.19
2956.02
2391.62
2525
3035.3
2754.33
3144.13
3809.38
2605.78
3054.57
2704.13
2869.97
2764.65
3032.68
2540.22
2281.06
3053.48
2038.29
3298.57
2618.46
2383.62
4071.79
4030.49
2619.63
3476.6
2736
2942.82
2677.81
4253.35
2319.25
2361.73
3052.36
2609.01
1931.83
3024.39
2504.79
3997.89
2378.15
2783.64
2400.72
2311.78
2880.39
3109
2496.82
2930.26
2720.86
2281.11
2193.55
4374.31
2690.08
2489.06
2552.75
2415.4
2573.78
2709.68
3243.22
2214.94
3732.93
3511.61
2929.5
3066.5
2870.99
3141.9
2623.46
2521.53
3534.73
2407.46
2800.01
4127.14
2734
3060.14
2546.23
2994.98
4608.78
2335.45
2679.9
2597
2863.97
3574.07
3319.91
2469.51
3366.33
2786.23
3009.49
3749.8
3549
3863.69
2475.4
2084.1
3036.3
2795.46
2712.42
2613.5
2391.16
2467.22
2817.72
2584.8
2857.35
2810.85
2412.81
3664.3
3324.09
2436.46
4477.31
3123.68
3956.56
1930.8
2777.08
2366.39
3362.77
2295.57
3539.37
2341.26
2990.18
3598.55
3380.99
3341.94
3328.12
2986.54
3127.09
3697.56
2452.48
3446.95
3091.61
3034.55
3344.57
2940.85
2115.83
2539.93
2431.23
3152.49
2640.17
2528.89
2471.95
3560.82
4041.43
3022.72
3972.8
3716.29
3574.27
2631.08
2660.06
2556.86
2607.83
2842.03
2560.93
2368.59
2107.46
2692.93
3093.11
4203.39
2524.86
3651.15
3016.37
2766.22
2720.71
2676.08
3979.59
3811.84
2317.26
3405.38
3451.8
3381.9
2916.97
3505.89
3214.63
2325
2957.09
2682.38
2914.8
2961.9
3440.54
2796.95
2714.44
2768.9
3970.81
2234.56
3082.56
2966.87
3041.88
2993.51
2665.17
3258.16
3183.3
3479.25
2818.23
2516.83
3657.69
2574.91
2760.56
2042.77
2991.91
3009.49
3133.15
2609.52
3915.19
3170.63
2952.97
2859.09
2538.98
3264.27
3372.61
3312.92
4304.48
2632.62
3304.91
2455.83
2319.41
3462.21
3392.61
2844.62
2510.15
4493.85
2558.42
2344.81
2334.6
2374.82
2621.97
3500.24
3700.88
2971.1
2356.25
2487.77
2214.88
2598.24
2809.53
2472.39
3669.58
2413.97
2474.21
2784.16
2690.83
2889.88
2750.03
2717.53
3684.36
2924.75
2500.71
3335.93
2765.72
2502.05
2630.78
2737.23
3477.1
2741.1
2743.32
3557.71
2133.3
3088.53
3282.21
2462.6
2484.28
2918.33
3106.3
2672.4
2418.39
3475.4
2337.08
3130.81
2806.87
3087.93
2793.43
2804.35
2046.27
2193.54
4745.72
2941.03
2262.45
2925.73
2411.24
2573.89
3615.17
2792.06
2550.46
3181.72
2614.71
2762.59
2570.08
2679.59
4040.74
3232.98
2494.81
3038.96
2918.26
3585.94
2438.03
2363.9
2952.91
3036.74
2220.95
2679.02
3175.7
3794.03
3357.48
3061.74
2545.7
2203.51
2233.31
2232.58
2587.95
2133.24
3295.7
3690.76
2329.71
2451.56
2424.26
2706.8
2579.96
2810.07
2866.37
2983.71
2938.08
2974.37
3147.27
3220.02
2262.62
3371.96
2936.23
3760.54
2954.13
2693.7
3713.49
2767.6
3772.45
3006.8
4301.72
2971.53
2933.21
2976.16
2318.06
2745.89
3719.16
2212.69
3199.45
2719.38
2486.26
3181.12
3429.83
3562.93
2767.89
2019.62
3157.88
2342.65
2959.63
2259.58
4271.53
3276.98
3276.99
2689.93
3404.01
2959.08
2607.68
2252.79
2726.3
3257.04
3442.7
2326.47
2880.21
2848.39
2584.23
2291.15
2976.73
2107.37
2721.43
3992.92
2690.42
3741.93
4202.08
3407.37
2707.8
2049.19
2662.04
3023.3
3127.28
2981.15
2619.09
2804.6
2641
3551.79
3271.94
2724.07
2911.6
2565.84
3469.86
2618.16
2870.87
3327.17
2479.39
2726.9
2842.28
2544.8
2691.33
2508.36
2320.37
2878.59
2783.29
2742.31
2380.32
2909.08
2124.22
2691.9
2390.28
3603.8
2590.73
2502.58
2774.51
2634.78
3230.08
2879.12
3035.52
2295.33
2795.25
2988.05
2870.16
2147.97
2307.05
4421.48
2349.76
2674.87
2864.5
2357.18
2025.06
3584.26
2956.72
2620.89
2913.32
2346.24
2901
2659.95
2853.87
2961.28
2508.95
2985.32
2052.19
2885.57
2702.95
2528.66
2692.74
3369.18
2789.21
2647.9
2686.98
2480.36
3056.99
3233.48
2497.19
2103.63
3490.68
2615.58
3123.96
2915.9
2257.14
2765.06
3101.5
3093.9
2774.67
2297.48
3095.71
2817.82
2887.38
3131.42
2514.57
2705.97
3246.62
2846.33
2551.26
4375.99
2962.42
3346.37
3467.09
3365.52
2784.22
2293.43
3047
2822.31
2269.67
2662.52
2862.45
2642.41
1831.54
2363.47
2394.66
2922.7
2414.04
3352.98
2776.82
2974.24
2827.9
2369.26
2674.74
2816.43
2465.57
2787.49
2409.41
2326.65
2749
2574.76
2933.58
1926.78
2586.52
3012.83
3310.47
2787.84
2835.3
2883.29
2196.19
2344.34
2636.64
2691.02
3193.3
2643.14
3224.72
3838.74
2695.38
2037.29
2988.92
3802.18
3152.08
2998.45
3194.79
2699.53
3084.94
3055.71
2551.26
2801.46
2392.75
2741.33
3993.02
3156.4
3145.65
3484.17
2744.66
3462.42
3119.8
3404.89
2466.4
2655.74
3798.58
2785.6
3747.51
3393.93
2664.45
2827.26
3383.76
2314
2895.62
3293.68
4942.74
2176.51
2513.4
3106.79
2752.49
2531.62
3116.02
2674.18
3093.1
2554.76
2812.81
2499.06
2539.72
2132.45
2263.23
3068.31
2336.18
2281.86
2640.43
3333.78
2120.83
3365.05
2258.44
2612.65
2777.53
2810.73
3005.44
3116.53
4577.78
2678.36
2562.62
2957.4
2045.57
3043.33
2595.61
4129.55
2755.46
4192.53
2802.47
2672.81
3125.67
3373.67
2471.47
3418.46
2767.45
2884.42
2361.61
1903.24
2697.52
2830.04
4654.98
2477.48
2696.14
2736.57
2673.15
2384.55
2890.16
2298.42
2179.67
2445.65
2803.66
2771.7
2386.09
3023.63
3030.74
2735.22
2677.06
3728.41
2833.01
3161.26
3732.21
2502.77
2782.89
2933.5
2357.67
4790.17
3142.48
2238.24
2527.35
3437.93
2909.42
2429.51
2980.61
3135.61
2929.28
2584.81
2256.73
3039.65
2422.7
3024.11
3292.99
2650.93
3494.05
2148.72
2462.11
2900.22
3001.88
2246.99
3453.41
2489.59
3057.49
2765.18
2500.56
2472.32
3020.39
2566.78
2516.34
2633.34
2406.18
2504.98
2968.43
3405.98
2780.82
2402.32
2996.34
2996.54
2233.27
2577.22
3165.95
2971.3
3186.56
3256.37
2586.36
2485.03
2281.87
3002.58
3357.41
2344.76
2501.02
2568.96
3684.35
3002.42
3866.22
3339.39
2966.75
2546.51
2806.95
3132.21
3649.18
3214.83
6198.24
2050.92
2679.42
3282.04
2541.48
3154.27
2590.95
2446.35
2951.06
2147.68
2632.89
2110.34
2921.1
2506.94
2679.38
2300.14
5805.76
2123.24
2735
2854.3
2232.09
3393.78
2567.47
2688.61
2265.91
2449.91
2772.44
3181.59
2598.71
2500.67
2857.57
2433.29
2713.93
2807.58
3349.34
3418.19
3226.67
2593.8
2777.7
4435.23
2285.87
3242.25
2781.41
2431.12
3149.28
3540.57
3333.98
2662.83
3548.03
2582.1
2679.51
2806.06
2801.05
2570.29
2431.37
2298.32
2818.29
3221.83
2955.62
3737.33
2283.63
3857.19
2449.02
2115.51
3310.06
2289.41
2552.43
2922.99
2995.13
3374.14
3179.59
2833.47
3369.55
2388.23
3097.22
2631.3
2770.06
2532.94
2956.44
2021.54
3083.08
2442.97
2822.24
3851.59
3249.69
3007.72
2510.55
4071.31
2366.96
2460.58
2697.38
3135.98
2041.29
2495.29
2400.22
2905.56
2759.99
3489.99
3131.01
3073.73
4729.28
2673.74
3653.37
3212
2595.46
2115.53
2907.14
3415.25
3395.24
2743.33
2762.94
2415.16
2259.68
2572.05
2691.83
3663.33
2746.12
2416.87
2538.05
2708.34
2752.71
2234.36
2643.99
1967.86
2308.78
2513.42
3508.11
3675.53
2624.63
3258.66
2704.88
3187.58
2503.72
2804.25
2517.78
2597.51
3924.85
3337.51
3070.57
2376.5
2889.68
2605.36
2620.63
2825.92
3175.67
2665.69
3058.33
3189.54
2461.85
3230.13
2415.7
2847.69
4244.04
6028.33
3035.6
4231.29
2887.14
4123.78
2147.93
2333.42
3327.03
2372.58
2411.28
2521.16
3120.26
2888.76
2570.88
2786.04
3636.51
2305.23
2536.59
2200.39
3566.35
2320.17
3158.44
2794.89
2793.07
2284
3432.88
2217.77
3077.54
3752.25
2471.31
3396.5
2650.43
3395.03
2863.01
3071.98
2245.36
2949.38
2435.3
3848.52
2563.66
2972.76
2281
3936.96
2642.97
2775.87
3121.1
2467.36
2728.48
2992.64
3151.01
2680.36
3522.15
2447.39
2725.98
2432.38
2634.25
2585.89
2017.63
3133.41
3651.69
4370.44
3502.72
2869.56
3770.26
3924.89
4462.86
4442.92
2880.36
3742.56
2788.09
4724.74
4969.82
3125.55
3074.95
2564.45
2997.36
2457.93
2408.84
2736.71
2119.68
2188.13
2768.95
3389.9
2160.88
3451.38
3017.38
2587.19
2217.08
1955.4
3439.33
2258.02
3027.88
2409.74
4004.44
3591.06
2269.51
3094.55
3420.59
2450.4
3498.39
2395.54
3138.61
3278.69
2446.61
2725.62
2360.41
2869.8
2312.19
3042.87
2607.94
2668.8
2904.03
3444.68
3295.58
2505.94
2952.37
2616.58
3143.19
2685.84
2877.77
3651.58
2787.46
2355.35
2904.34
2070.21
2932.97
2498.91
2600.01
2541.79
3678.05
2655.66
2950.34
2575.54
2402.21
2837.97
2886.32
2925.88
2845.67
3586.51
2662.58
2562.65
2785.52
2394.85
2972.28
3083.66
2486.51
3113.6
2847.6
3367.69
3359.62
2974.11
2731.48
2372.5
2312.83
3065.49
2099.33
3852.59
2515.28
3019.59
3146.06
2898.27
3124.16
3310.73
2743.71
3306.14
2778.89
2571.27
3112.79
3181.8
2686.4
2937.24
2398.58
2836.28
3287.68
2699.86
2520.33
2414.73
2404.91
2493.46
2663.33
3759.97
2716.04
3418.28
3034.3
2930.03
2618.46
2385.7
4155.47
2680.1
2432.52
2997.59
2442.8
4003.65
2495.39
3216.44
2770.58
2981.63
2628.77
3509.24
2807.36
4960.78
3840.09
2336.84
2939.12
2260.61
3551.3
2665.54
3868.67
2724.45
2351.2
2219.8
2579.49
3136.4
2995.32
3732.81
2692.33
2690.06
2506.63
2097.28
2951.31
2458.27
2797.38
2502.35
2566.18
2598.48
2717.72
2501.09
3085.3
3006.05
2713.17
3281.27
2413.68
2392.28
2371.19
2302.86
3166.53
3156.9
3134.96
2764.15
2413.59
2720.88
3197.7
1835.22
2428.21
2766.38
3281.36
2624.08
2263.11
2945.61
3496.22
2156.26
4000.58
2862.09
2496.78
3057.3
1887.64
3031.98
2151.41
2528.08
3013.55
2769.78
2755.38
2332.79
3622.57
2613.21
3995.57
3215.92
2674.48
2329.36
2839.06
3134.65
2343.27
2722.01
3208.11
2054.81
4727.43
3834.78
2663.09
2612.66
2372.87
2852
2915.62
2338.72
2933.46
2764.88
3572.52
2634.83
2798.76
2311.33
2633.5
2808.17
3433.82
3560.59
2900.62
4264.87
2662.42
3622.78
3281.18
3213.93
2610.76
2005.51
2423.55
3126.55
3437.8
3462.09
2767.3
3370.49
3025.14
2631.51
2473.57
2675.44
2377.24
2830.35
2898.82
2542.55
2620.03
2875.66
2388.81
3892.88
3139.84
2730.85
2218.48
2613.81
3464.64
3366.05
2679.38
3102.95
2122.1
2276.19
3195.85
2605.76
2291.25
2915.28
2724.58
2673.22
2711.95
2242.21
2669.97
3478.75
2913.75
2932.36
2742.18
2509.78
3051.2
3158.51
2539.78
3070.99
3136.16
2576.89
3078.61
1846.81
3314.46
2998.09
2280.93
3360.83
2951.74
2467.7
2815.62
2635.79
2768.47
2157.65
2595.98
2682.06
2679.35
2772.78
2649.15
3133.99
2570.05
2749.51
2070.2
2313.83
1923.14
2763.28
2456.17
2793.14
3388.5
2445.85
2635.13
2709.33
2267.54
2850.77
3789.03
3294.58
2943.02
2835.69
2616.07
2563.25
2810.89
2936.14
2601.59
3123.36
2743.41
2886.19
2299.98
3230.99
2950.08
2648.14
2864.19
4064.14
3042.55
3312.13
3377.37
1950.45
3430.59
3259.56
2788.25
2725.9
2715.67
3183.72
2839.96
2570.62
2537.22
2496.36
3312.05
3503.31
2813.27
3137.47
3077.23
2800.14
2816.97
2065.31
2479.03
2319.76
3046.85
2797.15
2499.6
3216.98
2591.03
2715.66
3160.47
2309.09
2404.93
2862.65
2901.68
2904.69
3556.46
2847.75
2856.81
2432.27
2853.71
2952.55
2781.88
2744.25
3718.93
2232.27
3441.63
2598.4
3899.03
2952.2
2270.28
2598.36
2698.33
2786.53
2215.94
2510.35
3071.57
2383.06
2977.11
3139.69
3040.84
3892.04
2648.01
3566.84
3109.31
3442.63
3054.82
2867.86
2521.99
2544.48
2489.57
2656.16
2406.62
2725.67
2977.93
2836.19
2798.07
2835.22
2375.36
3614.75
3235.99
3548.46
2902.07
3140.01
2535.41
2152.47
3352.85
2389.39
2784.94
3402.87
4314.46
4596.39
2686.6
3383.83
3019.6
2436.6
3461.35
3056.5
2313.77
2769.24
2614.13
3367.74
3252.48
2569.36
2858.17
3390.57
5907.11
2834.75
3015.39
2850.05
2750
2824.47
2591.81
2710.26
2256.1
2970.57
2598.67
2421.55
5294.3
3134.93
2861.17
2069.19
2732.41
3060.19
2067.1
4091.95
2711.72
3403.9
3057.64
2584.94
2896.43
2294.36
3113.02
2960.57
3056.95
1965.86
2726.62
3384.34
3218.63
3377
2508.84
2430.67
3557.28
2608.87
3081.06
2565.96
4547.76
2669.55
2825.77
3218.49
2520.55
2904.02
3010.01
2459.28
3615.75
3616.66
3334.6
2534.66
3499.82
2617.9
3834.29
3055.7
2454.37
3549.87
3590.22
2461.5
2946.78
4135.23
2401.26
2203.94
2685.96
4887.11
2438.67
2849.56
3061.39
2376.05
3193.95
2771.34
3281.23
2478.24
2759.35
3222.39
2077.87
3333.72
2502.49
2862.65
2969.67
2190.05
2596.37
2671.76
2336.51
3061.89
2452.17
2882
2656.63
2600.9
2266.88
3830.05
1994.64
2745.99
2462.78
2282.95
2481.25
3487.41
3992.62
4096.09
2419.64
2804.53
2321.95
3462.58
2350.63
2084.48
2772.92
2310.95
2855.75
2644.36
2593.05
4143.75
2820.13
2912.64
2504.72
3057.8
2588.67
3656.88
2578.57
2577
3169.36
2402.49
4242.06
3007.02
4004.69
2362.78
2110.41
3074.64
2434.6
3474.25
2488.7
3538.59
2436.58
2529.12
2899.42
3560.51
2455.75
3567.68
2964.4
2569.71
3014.49
2269.34
3114.34
2426.85
3280
2858.21
2737.79
4392.58
2852.38
2883.04
2588.72
2836.57
3315.9
3396.38
3140.9
2373.22
2503.52
2735.62
2480.22
3100.66
2237.45
2617.84
3982.44
2682.99
3380.16
2602.34
3791.44
2741.99
2691.04
2478.9
2517.03
2320.21
4099.95
3521.76
3267.89
1965.18
2891.75
3122.39
2696.56
3100.28
2602.12
2280.95
2752.62
2694.06
2435.04
3244.42
2381.2
2526.92
2608.99
2383.46
2709.33
3425.02
3325.64
2722.7
2509.65
2845.08
2883.36
2739.96
3408.13
3648.17
2297.72
2193.14
2182.79
2331.34
3722.11
3020.39
2628.1
2653.75
2397.81
2968.64
2609.4
2892.67
2329.14
2516.39
2768.37
2795.9
2510.53
3714.01
3167.44
2723.16
2135.97
3008.46
2143.77
3320.74
3323.9
2174.27
2165.66
2198.24
2441.74
3383.81
2674.83
2278.41
2921.61
3422.63
3200.59
2379.89
2652.68
3559.3
2908.26
3658.06
3585.06
3131.74
3190.02
3339.36
2342.59
6718.3
3066.53
2639.06
2448.42
3539.28
3178.51
2986.47
2735.33
3530.88
2460.77
2659.94
2547.76
2375.99
4224.5
2657.17
3034.07
2190.57
3390.88
2528.26
2934.69
2821.05
2912.61
2495.63
2476.12
3207.51
3707.65
2499.06
2416.51
2533.38
4563.62
2947.76
2846.23
2049.17
3133.75
2512.47
2642.56
2790.61
3136.99
2580.6
4104.61
2632.16
2512.47
2554.05
2911.79
3400.68
2970.23
2693.18
3148.34
2730.43
2845.42
2820.45
2586.95
2882.92
2143.01
2639.32
2946.23
2799.78
2692.9
2568.42
3399.42
3583.59
3072.37
3093.82
3133.64
3531.74
3177.95
3252.75
2310.31
3262.03
2766.03
2697.46
2546.17
2794.98
2763.7
2610.15
2510.99
2492.94
3385.62
2238.2
2090.33
3490.03
3022.79
3310.15
2413.45
3548.7
4236.97
2980.36
3211.26
2307.79
2877.3
2354.36
3833.76
2859.67
2215.5
3389.73
3091.59
2518.65
3138.77
2890.24
2694.47
2529.11
3206.03
3171.48
2783.3
3644.88
2342.19
2276.26
3092.73
3355.89
2582.71
2629.09
4078.86
2693.98
3912.97
2896.93
2027.72
2574.03
2567.77
2567.17
2171.19
2715.36
2396.54
3103.56
3067.94
2932.23
2398.45
3117.24
3208.52
3049.72
2663.24
3069.87
3529.59
3085.51
4256.28
3101.75
2603.47
3173.71
2697.32
3238.73
3136.1
2805.59
3552.72
2678.86
2176.36
3027.51
2804.55
3624.66
2284.3
2263.93
2220.01
3064.52
3411.18
2782.73
3524.3
2434.63
2773.74
3474.79
3504.92
2898.73
3222.15
2846.31
2289.42
2930.45
2445.37
2539.81
2375.63
3060.94
2661.96
3004.26
3463.27
2794.94
3068.72
2337.31
2760.43
3088.8
2657.18
2189.21
3063.57
2842.95
3284.06
2969.33
3432.23
2928.53
3054.8
2716.32
2175.51
2357.37
2737.3
2510.41
3273.88
2876.59
3912.82
2862.9
3565.34
2443.64
3207.26
2184.17
2663
2246.51
2804.84
3256.18
3119.67
3099.41
3858.99
2581.15
2754.29
2433.34
2705.53
2294.37
3219
2411.38
2006.05
2241.24
3150.02
2754.12
2450.21
3354.3
2497.28
3842.45
3107.66
1993.02
3660.24
2193.21
1941.22
2603.36
3468.61
2423.71
2441.24
3278.21
2452.32
2837.23
2590.87
2293.88
2339.46
2929.12
2570.45
2813.2
3060.22
2440.07
3025.85
3042.09
2741.28
4752.51
3360.97
3924.44
2471.25
2232.69
3481.15
2770.31
3007.62
3358.68
2771.19
3796.66
3079.24
2737.77
2194.73
3434.96
2883.75
3251.03
2382.55
2497.93
2768.15
3410.51
3061.09
3339.7
3078.98
2634.34
3007.88
4024.69
2600.51
2269.69
3000.6
4109.97
2099.48
2966.31
2869.32
4112.78
3044.95
3051.75
2742.88
2818.78
2037.07
4206.76
3180.95
2833.89
3788.81
2746.21
2940.34
2519
3389.57
3057.88
2930.9
2817.42
3772.6
2536.03
2459.65
2808.22
2395.37
3167.01
3253.71
2634.4
2689.25
2620.32
3608.53
3093.38
2525.64
3334.05
3125.47
3125.93
3557.07
2797.63
3043.9
2700.45
2602.7
4098.84
2406.11
3238.26
2748.23
3496.45
2684.76
2347.04
3471.59
3132.24
3508.35
3278
2612.51
3606.59
2116.8
2600.53
2516.87
3437.61
2840.31
3317.72
5953.61
2992.56
3243.71
3163.92
3156.31
2171.16
2537.54
1973.46
3370.41
3120.88
3226.56
2513.48
2735.72
2827.49
4520.31
3552.62
2652.09
2535.71
3733.2
2670.51
2970.4
2982.1
2817.03
2191.93
3755.55
2536.85
2552.58
3040.32
2777.35
2526.07
3040.25
2031.67
3562.59
2422.34
3532.67
3192.74
2726.18
2823.2
3692.72
2259.79
3847.96
2337.42
2379.76
2711.91
4143.33
2228.65
3532.17
3162.42
3609.63
3370.56
2604.79
3138.24
2703.21
2094.67
2871.34
2353.29
2760.7
2600.78
2748.37
3199.84
2408.06
3335.38
3117.66
2925.63
3365.45
3916.92
2925.79
2784.1
3427.49
3383.13
2499.77
3386.13
2852.98
3606.1
2573.9
2489.46
2960.91
2429.06
2733.94
2859.14
3031.45
3493.25
3062.48
3119.47
2559.64
2450.73
2461.97
2676.04
3198.8
2964.93
2716.51
2278.07
2346.83
2870.2
2572.12
3588.25
3484.04
2693.36
2454.47
2227.64
2384.25
2498.04
2185.73
2362.76
2580.47
2389.68
2854.34
2494.59
2367.42
2357.66
3201.86
2871.67
3465.27
2887.38
3291.49
3585.45
2912.91
2911.71
2390.78
3194.92
3094.3
4309.71
2822.6
2964.53
2215.74
2436.1
4538.29
3327.54
2873.83
2095.95
1913.38
2916.26
3191.72
3086.46
3213.97
2648.62
2488.78
3753.53
2869.11
2795.97
3058.71
2359.03
3426.71
2711.33
2595.37
3473.8
2585.47
3076.92
2856.85
2357.64
3720.26
2412.7
2375.28
3376.75
4028.07
2711.22
2729.51
3569.98
3754.07
2482.81
2947.5
2203.64
2622.03
2538.44
3008.79
2772.63
2643.72
2740.58
3434.12
2783.29
3051.07
2366.64
3869.99
3123.82
2965.21
3459.27
1979.2
2970.5
3008.57
2783.21
2923.87
3557.35
2788.42
2827.48
2648.7
2528.3
3063.8
2177.55
2919.96
2758.44
2281.1
3022.24
2772.69
3544.41
2740.48
2594.58
3180.43
2978.89
2665.9
3267.47
2908.68
3496.39
3198.6
3165.88
2583.46
2258.41
2735.23
2737.91
3409.12
3391.41
2564.67
2961.85
3637.93
2464.27
3837.19
2663.32
3156.39
2823.72
3142.04
3048.03
3090.18
2858.6
2780.1
2983.19
2540.65
3773.51
2928.43
2155.25
2975.75
3204.78
2857.76
2508.85
3403.95
2773.09
3128.75
2697.81
3068.45
3139.67
3994.55
3406.01
2542.59
3099.88
3332.72
2788.88
2922.25
2255.97
2641.02
2567.69
2494.38
3487.41
2933.14
3444.89
3103.15
2690.92
3486.4
2406.45
3271.75
3307.33
3027.17
2819.48
2870.93
2720.68
3309.91
3208.91
4221.24
4095.95
4438.54
3756.84
2507.17
2978.13
2543.76
2205.41
3281.75
2858.1
2677.63
2489.16
2993.21
2752.61
3697.73
4528
3357.25
2839.87
2737.8
3680.05
3439.29
2736.04
5137.94
2760.77
1999.41
2936.36
4182.76
3051.7
1901.31
2385.21
2252.75
2464.89
2740.19
2866.54
3207.92
2602.06
2765.92
3317.36
3688.29
2130.85
2976.39
3417.84
2353.14
2172.74
2937.71
3235.88
3183.65
2745.31
3566.47
2635.69
2536.08
3964.61
2526.93
2449.98
3113.87
3625.47
2855.37
2597.47
2837.86
2442.2
2331.65
2850.14
3315.1
2246.47
2620.82
3045.37
2186.84
3038.71
3065.46
3025.31
2703.98
3930.52
2250.4
2645.39
2787.13
2994.29
3339.93
3545.12
3281.07
2945.5
2399.16
3015.69
3084.68
2566.34
2756.68
3417.2
2690.29
3190.11
1734.63
3042.31
2230.36
2809.34
3617.27
2493.11
2978.75
2822.23
2455.26
2515.84
2845.67
2848.2
2509.54
1947.96
2991.2
3080.18
3061.53
2692.03
2774.29
3152.6
3776.7
2499.83
2598.11
3485.48
2759.14
3319.14
2605.1
4172.65
2545.13
3547.46
5270.96
3178.02
2640.29
3037.65
3260.71
3088.18
2878.77
3306.68
2239.01
2810.2
2604.59
3177.28
3042.76
2749.24
2932.91
2545.56
3651.68
3150.11
2291.76
3020.88
3213.76
3210.71
2417.77
2571.64
3018.44
2436.1
3086.58
2388.2
2414.68
3600.2
3179.91
3507.64
3193.65
3178.21
3721.84
2931.62
2591.32
3466.39
2931.7
2348.61
2226.79
2907.58
2529.92
2809.52
3398.58
3288.59
2690.04
2668.66
3189.78
2352.27
4154.75
2635.1
3085.2
2187.74
2447.98
2351.63
2787.08
2452.11
2505.49
3786.06
2504.74
4026.94
2137.42
2186.18
3235.33
2803.13
2912.28
3107.67
2796.48
2967.21
2738.38
2419.66
4119.51
4386.69
3475.97
2321.39
2085.96
2669.72
2214.05
3302.39
2392.16
2110.61
3667.84
3561.61
2135.51
2907.41
3313.51
2625.67
4013.04
2305.9
3327.87
3297.1
3032.48
3055.38
3011.36
3402.62
2073.67
2950.26
2200.03
2581.8
2947.3
2286.71
2259.3
2528.68
3601.49
2409.66
2928.96
3853.65
2495.58
4131.46
3159.19
2308.68
3161.65
3065.64
3234.12
4397.16
3615.48
2847.68
3537.95
2238.09
3862.56
2097.89
2701.28
2617.91
3716.61
2835.43
2655.79
3388.66
3742.08
3717.2
2534.92
3029.45
3606.46
2780.34
2173.88
2350.41
2360.87
3186.96
2542.34
2911.53
3727.46
2561.63
3579.92
2404.66
2685.51
2708.87
2954.33
3221.1
2181.52
2821.09
2675.97
2431.32
2990.71
2807.88
2747.38
2818.81
2317.72
2302.87
2235.42
2476.23
3094.5
3541.95
3244.34
2966.15
3103.1
2736.4
2858.48
2904
2853.05
3550.2
3676.05
2204.9
2817.9
3075.95
3195.59
2718.49
3092.6
3087.11
2986.31
2750.14
3952.41
3506.4
2960.26
2338.71
3892.59
2193.26
3072.4
2492.4
2728.58
3820.02
2823.82
3237.16
2796.72
3770.88
2526.73
2872.51
2652.73
4625.95
3133
5176.7
2376.09
3207.81
2902.04
3053.45
2883.24
2442.92
2795.08
2636.91
2978.22
2680.74
2280.9
2971.26
3328.33
3577.6
2982.62
2521.87
3642.81
2819.73
3292.76
2466.7
2448.37
2875.99
2520.25
2601.09
2294.13
2837.69
3955.06
2339.87
1808.22
2502.17
3347.69
3952.34
3236.09
4342.4
2543.44
2918.07
2912.78
2726.88
2442.35
4132.33
3023.37
2476.36
2914.19
3057.09
2635.96
2147.34
2500.27
2692.98
2612.51
2543.67
2818.11
2671.9
3027.39
3668.72
2636.39
2838.55
3184.68
2825.41
2415.57
3477.13
2765.39
2708.97
2473.03
3046.75
2804.27
3313.66
2686.34
2386.24
2278.12
2502.56
3149.67
2691
2484.08
2647.92
2797.61
2991.14
4728.68
2890.28
2676.78
2788.65
2722.74
2484.13
3001.74
2894.67
2405.44
2357.59
2786.05
2941.91
2670.75
2537.44
2602.64
2692.1
3249.5
3161.18
2447.44
3786.89
3414.57
2787.03
2560.35
2924.78
2796.65
2686.75
2880.5
3665.03
3099.17
1981.01
2227.94
2414.2
3035.78
3004.96
3163.04
2498.7
2962.2
3345.57
3167.08
2837.28
2964.86
2779.78
3182.77
2372.61
3073.29
2384.57
3238.97
3677.21
3037.27
3278.73
3811.7
2965.21
4220.27
2506.85
3274.03
2668.89
2687.04
3281.94
2594.73
3005.57
3561.97
2592.43
5467.52
2767.02
3302.6
2311.55
3203.54
3307.6
2589.36
2447.6
2989.17
2839.83
3454.62
3222.25
2954.47
2745.57
2536.8
3156.29
3148.34
2894.2
2393.05
2943.97
3359.84
2402.34
2503.2
3600.85
2866.44
2837.53
2472.41
2989.06
2711.92
3256.58
3697.47
2935.24
2976.9
2382.54
2498.36
3182.49
2770.56
2782.2
4463.4
2954.84
1927.43
2870.48
2549.75
3022.72
3198.13
2556.3
2258.91
3564.04
2451.33
2899.31
2351.27
2797.28
2815.72
2162.91
2091.56
2567.81
2743.08
2860.8
2782.01
2826.26
2761.71
2878.3
2650.64
2101.4
2750.24
2710.24
3018.14
2497.85
2247.33
2527.26
3759.92
2487.12
2294.97
2761.83
2402.31
2136.87
2449.6
2535.79
2729.84
2828.77
3184.16
3266.28
3959.95
2959.78
3050.43
3137.14
2551.83
4088.08
3461.09
2300.71
2841.54
5009.28
2097.41
2002.63
2345.12
3084.37
2313.16
2915.1
3228.03
2226.59
3521.5
2616.11
2865.63
2795.49
3926.4
2771.97
3003.54
2434.65
2529.93
2767.1
2718.59
3440.12
2600.71
2710.74
2379.75
3166.15
3800.23
3400.45
3006.61
3107.47
3302.33
3301.51
2193.44
4896.76
2610.64
2559.21
2424.34
2660.04
2581.81
3704.41
2906
2410.1
2561.16
3333.16
2505.67
2488.05
2482.74
2869.8
2684.7
2324.58
2702.24
2914.4
2799.25
2324.41
2445.7
2530.33
2640.83
3106.14
2396.31
3055.18
2916.11
2261.81
2020.38
2940.87
2593.64
2617.05
3138.85
2966.72
2731.43
2964.34
2784.5
2555.05
2813.2
3563.7
3256.33
3554.32
2111.7
3376.79
3003.08
2844.97
2963.86
3010.02
1883.18
4052.78
2683.9
3325.38
2888.63
2897.09
2025.03
3205.96
2154.06
2168.33
4364.47
2367.11
2735.67
2789.74
2530.38
2324.68
2527.72
3447.42
3077.56
2764.99
3193.31
3297.53
2298.15
2495.74
2419.46
3873.95
2535.23
3061.92
3211.16
2924.69
2225.53
2874.4
2682.11
2734.76
2555.2
2461.47
2964.42
2837.34
2689.76
3322.32
2641.53
3269.46
3251.16
2976.59
2703.16
2679.17
3110.63
3300.17
2192.63
2954.25
2517.46
2398.88
3309.37
3514.87
2507.85
3130.51
2795.84
2398.64
2939.22
3027.2
2558.11
2885.86
2909.77
1963.62
2329.44
2630.32
3565.19
2445.51
3455.56
2242.09
2478.39
2710.15
3110.12
3576.42
2821.64
2276.88
2679.05
3096.89
2112.8
3359.57
2967.62
2665.13
2583.44
3105.23
3678.84
3524.45
2634.8
3018.21
2627.26
2528.37
4305.21
2488.84
2594.75
2957.78
3022.67
3765.69
2572.76
2938.54
2749.87
3044.16
2627.7
2717.91
2732.42
2597.06
4176.26
2227.57
3122.38
3046.66
2388.88
3221.58
2283.51
2690.26
3481.59
2390.82
2875.97
3064.22
3047.69
2320.98
2697.58
2856.27
2816.53
3461.1
3517.83
2143.45
2383.55
2483.01
3303.92
2686.63
2694.5
2429.13
2685.26
2952.63
2935.53
2175.8
2912.96
3433.28
3085.68
3341.69
2206.89
3486.2
2591.39
2298.48
3223.31
2997.35
3751.06
3014.6
3170.58
2590.37
2880.18
3581.73
2344.8
2201.95
3191.05
2998.6
2761.86
2140.35
2937.86
3706.32
2616.18
3030.36
3819.43
2322.35
3233.32
3079.53
2302.07
2124.18
3245.98
2441.55
3124.03
2541.31
2571.38
3744.8
2950.89
2306.95
3111.01
2790.18
2734.65
3601.58
2349.73
2541.31
3047.35
3090.17
3173.96
2333.48
3889.64
2279.93
3168.45
3045.32
3078.68
2756.74
2809.41
3483.5
2181.53
4680.36
2188.49
2879.91
4227.8
3129.29
2360.9
2494.66
2878.51
2652.36
3469.91
3251.38
4552
3318.91
2333.52
2924.22
2682.63
3038.39
2147.29
2366.28
3079.26
2274.38
2934.44
3924.61
2997.02
3085.11
3604.85
2746.93
2334.84
2542.01
3737.13
2685.06
3063.66
2402.85
2995.73
3189.67
3259.93
2859.53
2497.52
2407.32
2740.23
4447.29
3531.59
2907.36
2885.77
2731.74
2645.86
2752.53
2762.92
3009.89
2896.98
2351.53
3868.83
3290.8
3185.41
2505.49
3874.2
2478.4
2555.92
2621.61
3082.88
3110.42
2854.68
3525.45
2537.62
2813.66
2389.71
2926.09
3460.18
2772.7
3225.26
2395.64
5028.52
2514.27
2723.62
2353.11
2331.59
2616.88
2317.51
3165.6
2543.75
2088.66
3437.33
2166.7
2700.17
2951.75
3269.38
2566.49
2426.21
2623.38
2715.95
2833.62
2257.62
3372.55
2823.32
2235.23
2466.48
4628.15
2569.19
2559.24
3520.32
3199.51
2114.44
2431.44
3103.6
2954.25
3124.69
2793.7
2631.42
3881.52
2568.75
2672.02
2385.16
2803.52
3489.12
2856.17
2294.76
2641.33
2734.15
3211.56
2664.84
2860.2
3251.85
2578.26
3306.96
3151.29
3906.51
2629.04
2624.51
3801.21
3100.36
2426.53
2800.66
3147.76
4003.98
2954.05
2548.43
3129.85
2921.79
2378.34
2215.87
2971.27
2740.68
2585.62
4821.39
2750.84
2855.5
2569.74
2868.07
2687.48
2392.96
2717.53
3095.22
2550.87
2775.87
2872.47
2336.63
3409.47
2490.62
2793.91
2626.4
3163.14
2415.74
2962.61
3145.93
3288.66
2569.85
2935.42
2991.84
2119.41
4380.24
3609.68
3351.57
3740.2
2701.61
2579.57
2496.1
2203.34
5656.29
2772.9
2978.04
2324.8
4266.48
2573.83
2439.82
3170.32
2440.1
2589.94
2345.59
2764.35
2232.85
3405.45
2837.49
2717.87
3165.84
2567.08
3861.59
2317.95
4975.29
2175.42
2755.54
3092.7
2418.87
3195.29
3566.96
2905.8
2716.66
2601.18
2171.03
3565.87
2679.72
2407.5
4159.47
2305.28
1868.69
3084.23
2498.67
2518.47
3630.89
2328.43
2386.86
3686.17
2702.79
2371.82
2281.83
2819.12
2886
2974.45
2775.61
3155.1
2991.2
3244.46
3078.26
3164.85
3107.92
2916.02
3003.48
2442.14
2278.64
2196.46
2147.37
2322.67
2798.89
3107.18
3730.96
2700.47
2269.69
2811.07
3051.08
2566.2
3707.71
2726.47
3008.75
3671.19
3059.7
2218.33
2281.54
3032.72
3529.06
2677.99
2938.25
2812.67
2963.13
3029.36
2567.11
2856.95
3919.09
2888.42
3943.23
2876.33
2164.55
3532.39
3155.13
3046.77
3493
3513.3
3050.94
3261.5
3191.55
2333.94
2568.23
3288.13
2603.15
2838.39
2047.28
3077.92
2256.52
2890.38
2650.65
2655.64
2908.62
3295
2810.15
2693.19
3478.57
2862.53
3689.58
2197.59
3330.57
2467.44
2459.04
2924.47
2635.02
2365.89
2430.44
3252.55
2819.05
3040.38
3092.42
4200.71
3080.41
2617.57
4437.99
2728.09
3156
2726.15
4432.75
2928.65
2747.13
2527.15
4359.58
2446.25
3696.87
2467.18
2981.76
2383.42
3293.21
2471.99
2238.64
4119.5
3595.66
2690.42
3078.13
2684.6
2228.5
3059.32
2565.45
2230.41
2485.2
3496.71
2694.79
2974.9
2800.42
2931.86
2559.76
2407.6
5371.6
2399.21
2444.37
3132.75
3185.44
3231.04
2119.84
2681.43
3348.59
2215.43
3068.96
4448.13
2701.18
2210.63
3834.18
2209.84
2336.87
2051.57
2670.35
2774.18
2121.31
3300.78
3293.49
2820.62
2997.01
2324.81
2338.3
2630.39
3263.08
2659.41
2496.8
2325.62
2835.87
2668.86
2392.75
2341
2396.5
3533.73
3578.81
2582.48
3120.67
3236.2
2623
2671.54
2282.75
2604.89
3122.7
2473.04
3416.39
2424.68
4094.74
2705.2
3311.4
3218.75
2520.61
3578.09
2550.64
3043.27
2581.57
3267.62
3403.71
3152.84
4565.83
2999.45
2627.24
3799.58
2624.31
2760.22
3114.36
3764.92
5329.49
2653.19
3109.19
2833.89
2558.91
2900.75
2394.49
2363.6
3100.94
2514.09
3518.12
2597.18
5142.09
4541.97
3064.17
2830.81
2404.17
4055.53
4002.13
2794
2875.2
2341.04
3251.27
3683.76
2147.67
2772.14
3409.78
2522.26
2905.72
3161.17
2433.18
2298.39
2275.73
2277.16
2663.1
2388.13
2204.25
4128.2
2637.63
2368.39
3148.91
2500.39
2854.2
3350.75
2597.86
2430.3
2357.39
2595.26
3342.25
2717.41
2497
3128.46
3055.47
2796.88
2484.44
2098.33
2273.01
2667.5
2442.54
3666.42
2906.92
2265.14
3560.85
2937.86
2464.64
2423.24
2725.63
3162.76
3805.2
3329.74
3096.7
2700.03
2704.09
2980.85
3764.19
3152.96
3061.37
2763.32
2670.7
2695.96
2900.95
3748.3
3037.83
3209.98
2826.25
2190.41
2981.01
3185.46
2823.24
2599.3
3156.13
2859.24
2339.76
3479.86
3316.48
3102.78
3135.82
2830.91
2322.61
3575.83
3048.18
3287.05
3037.69
3394.02
2855.84
3946.46
2247.39
3183.19
3940.96
3393.58
2740.28
3510.54
2642.33
3923.85
2563.28
2520.2
2835.74
2411.08
3006.76
2858.36
2510.24
2740.19
2875.28
2563.7
3662.72
2571.46
2536.14
2825.78
2826.3
2489.23
3104.51
3362.02
2913.98
3117.8
3387.26
2274.04
3067.74
2310.55
2481.11
3368.12
4170.92
3365.33
3379.66
2489.38
2544.72
3030.04
2926.11
2633.48
2403.62
3819.35
3544.6
3086.19
2267.33
2478.47
2884.76
3135.15
2131.21
5318.77
2404.1
2825.8
2557.52
4779.26
3392.06
2726.39
2434.78
3986.08
3076.98
2507.31
2449.09
2165.18
2328.94
2626.13
3137.94
2613.48
2015.89
3201.01
3031.2
2056.09
2218.43
2442.46
2828.69
2290.09
4364.1
2834.34
2068.15
3749.61
2890.9
2769.99
2199.92
2594.84
2723.31
2915.43
3159.53
2259.42
3238.37
2167.59
2421.15
3373.5
2973.84
2715.91
2228.86
2709.39
3094.09
2822.29
2177.61
3894.24
3294.09
3547.32
2906.93
2554.14
2545.84
3289.8
3106.36
3074.56
2323.88
2282.22
3038.41
2759.58
3221.4
2644.95
2792.1
2457.68
3318.3
2476.19
2080.43
2760.92
2685.8
4122.87
2616.37
2669.15
3010.45
3941.43
3138.4
2965.92
3049.27
3036.6
2382.03
3217.54
2633.55
2893.91
3985.19
2369.56
2553.57
2438.96
3079.71
2949.03
3096.2
2636.17
3067.2
2566.8
3113.75
3659.47
2519.43
3277.77
2633.19
2496.21
3387.53
3039.8
2173.96
4194.35
2087.38
2232.21
2518.36
3247.73
3017.26
2682.37
4119.62
2549.94
2614.74
2812.69
2995.47
3417.52
3266.32
2548.73
3498.64
3751.39
3019.71
2823.06
2782.75
2398.63
2215
2019.63
2151.26
3981.31
2326.16
1827.2
2308.28
2759.86
2499.29
2843.63
3890.55
2450.4
2665.27
4366.81
2807.99
2541.62
2198.11
2933.44
2319.14
3061.79
3444.48
3639.04
2602.71
2265.96
2786.32
3207.61
2974.47
2743.84
2852.92
3136.84
2623.01
3290.38
3014.48
2890.73
2696.98
3662.43
2801.8
3022.13
2796.76
2904.13
3692.98
3055.56
2622.91
2614.3
2759.41
2882.06
3197.23
2675.87
2620.67
2040.91
2687.66
2499.87
3633.96
2428.06
2922.6
2358.93
3062.51
2799.17
3405.97
3256.16
3711.87
2657.01
2345.91
2401.25
2028.53
2576.09
3069.95
3506.9
2974.03
3109.88
2672.62
2849.76
2842.12
2766.32
2500.71
2731.91
3695.31
2667.89
2534.48
2027.49
2157.53
2389.57
2530.99
3507.04
2782.93
3309.25
2864.49
2495.83
2796.24
2449.15
3470.03
2659.54
2247.49
3200.08
2782.22
2773.03
2629.75
2288.51
2390.28
3238.22
2514.67
2442.8
2604.27
2780.75
3537.75
2974.3
3004.04
2572.22
2810.77
2471.55
2038.03
3100.16
2958.21
2610.77
4005.24
4361.52
2900.48
2322.25
3485.89
4181.78
3224.24
2692.06
2695.69
2203.37
3452.45
2684.13
2873.01
2104.53
2434.63
3418.13
3284.48
4637.59
2735.42
2612.1
4093.1
2136.2
2473.59
2562.7
3302.8
2308.03
5003.61
3028
2827.25
3154.57
3401.36
3340.3
2837.3
2497.13
2726.41
3798.81
4079.48
3381.4
3121.45
2560.28
2853.63
1658.14
2652.09
4336.71
3048.75
2488.79
2611.3
3137.77
2304.44
3675.71
3157.49
3021.92
2501.68
2804.57
2884.69
4228.15
2685.33
3165.58
3130.03
3407.97
3284.33
3420.93
2749.89
3423.23
2635.84
2379.55
2494.5
2425.46
3221.92
3250.2
3182.71
2931.26
3471.96
3144.52
2385.71
2489.7
2495.68
3104.32
3786.24
3285.86
2554.75
7617.24
2421.28
3322.33
3023.12
2664.05
3170.67
2682.93
2573.73
2489.31
2754.89
2612.06
3564.31
3590.57
3387.55
2616.6
2928.58
2522.88
2112.83
3152.36
2550.63
2559.8
2868.43
2303.64
3811.92
2356.06
1944.83
3044.4
3039.59
2539.32
2341.85
2242.79
2991.76
3406.13
3138.83
2342.53
2586.23
2767.8
2953.53
2732.03
3086.04
3343.43
2420.76
4243.87
2627.93
2402
2744.72
3518.86
3820.8
2709.48
3330.03
3017.74
2451.01
2508.75
2673.32
2602.96
3844.6
2838.5
3275.61
3362.82
2847.14
2402.54
3289.24
2503.08
3109.18
3831.7
2980.39
2443
2924.25
2731.45
3217.21
2542.33
2529.72
3946.74
2565.1
3247.19
3368.7
2358.74
2465.43
2246.61
2553.61
2624.6
2737.58
3331.14
3012.06
2431.49
2283.7
2499
4613.83
4483.68
2639.22
2785.6
2493.24
2564.65
2631.8
2877.25
2355.04
2993.66
2403.03
3274.98
2768.41
3011.73
3017.97
2734.94
2796.9
2471.33
3456.49
2722.68
2561.56
3246.42
2911.56
2549.34
2790.85
2584.57
3288.53
2853
2824.84
2661.03
3007.04
2742.04
2561
2993.14
2514.09
3352.35
2605.89
2178.46
2431.1
2884.35
2607.45
3162.9
2035.11
2827.43
2743.14
2216.83
3454.06
3539.68
2982.54
2578.08
2556.5
2571.27
2733.22
2719.32
2356.86
3322.09
2767.2
2349.72
2723.53
3012.69
3020.85
2575.99
3283.71
3541.55
3115.76
2157.5
2684.64
2680.92
2258.71
2648.44
2373.74
3221.54
2808.74
2565.22
2271.23
4658.15
3352.07
2882.76
2680.3
3641.77
2267.81
2549.28
1818.12
2418.27
2767.7
2167.97
4073.14
3770.62
2928.26
2395.38
3830.16
3808.58
2791.54
2546.18
2273.7
2362.88
2808.68
2458.47
3118.24
2173.85
2920.8
2664.17
3080
3333.06
3002.45
3414.63
2485.34
2898.07
2619.12
2470.2
2633.07
3820.92
2507.83
3675.16
3242.74
3058.75
3419.61
3631.76
2462.08
2812.84
2954.98
2387.7
3372.51
2566.54
2767.28
2509.09
2464.57
3243.25
3496.67
3474.77
2546.15
4513.29
2704.37
3099.66
3914.63
2616.22
3127.41
2565.66
2937.94
2204.6
2737.91
2420
2666.64
4011.83
3060.92
3071.97
2778.97
2796.23
3089.25
2434.6
2561.49
2166.95
2636.42
2720.59
3191.93
2972.37
2381.24
3935.88
2264.3
4372.12
3201.48
2312.86
2846.52
2504.23
3036.14
2786.5
2940.96
2739.47
2933.53
3596.84
3894.39
3251.87
2988.42
3714.81
3384.43
2121.54
2224.05
2907.92
3003.62
3110.86
2830.15
2388.46
2472.43
2499.69
2292.54
3155.02
2876.78
2830.47
3379.67
2243.32
2623.49
2614.52
2946.71
2259.84
3432.67
2458.51
3669.23
3377.52
2699.57
2336.32
2174.04
2744.95
2637.35
2478.5
2661.86
2840.95
3097.24
4240.16
2391.11
2327.04
2783.02
3666.5
3878.09
2448.99
2183.18
3456.77
3376.48
2420.7
3623.44
2859.78
3604.06
3809.39
3785.74
2344.65
2702.83
3085.43
3448.22
2594.95
3092.65
3101.46
3959.64
2585.34
2979.31
3643.48
2595.28
2673.53
3319.28
2183.16
2890.94
4141.09
2601.44
2590.46
2478.82
2312.68
2435.27
2729.9
2729.74
3047.88
2787.4
2635.75
3111.7
2322.24
2991.08
2541.56
2241.76
2590.65
3030.97
2549.98
3527.5
3353.09
3013.62
2924.43
2396.48
2417.59
2314.78
2812.37
2364.38
2448.53
2704.33
2082.72
3692.38
3178.89
2639.31
2029.15
2448.15
2838.64
2781.8
2253.52
2787.45
3097.46
3577.98
2361.39
2110.11
2642.35
2919.65
2961
2816.27
3064.66
2936.71
2000.59
2278.04
3030.26
2998.79
2014.09
2404
2228.03
2759.6
2665.61
2916.97
3201.91
4106.81
2891.23
2667.24
2831.51
2507.5
2789.36
3960.33
2390.44
2918.3
2775.13
3547.9
2944.56
2446.33
3206.98
2046.5
3320.35
3944.93
3456.38
2627.86
2888.87
2599.49
2573.6
2743.83
2746.12
2973.39
2900.39
3999.49
2297.5
2876.81
2100.05
2610.33
2320.49
2941.15
2728.82
2431.41
2965.79
2710.92
3385.55
3201.74
3381.32
2422.52
3103.99
2584.11
3426.82
2784.23
3466.97
2498.39
3123.99
3191.48
2269.63
3187.06
2785.89
2659.92
2413.7
2600.3
3098.38
3042.72
2109.5
2417.38
2829.9
2412.83
2456.81
3333.02
2316.8
3740.37
3670.52
2721.15
4165.61
3802.76
3428.79
2777.65
2288.94
2208.09
3458.35
3321.69
3136.82
2785.71
3763.48
