604.395
646.739
570.59
706.566
686.305
773.637
590.969
536.443
601.957
735.637
868.94
510.03
644.879
604.243
597.788
670.022
667.39
745.953
598.89
601.142
638.762
633.946
594.236
680.278
943.154
649.555
673.477
592.966
820.935
917.75
770.909
646.907
566.506
624.435
641.221
516.566
635.048
545.618
750.587
710.373
714.422
600.942
631.012
699.008
632.434
612.463
647.559
1743.76
654.788
727.777
642.235
1511.16
572.654
768.083
702.593
704.302
588.712
627.877
722.712
663.917
669.173
646.299
770.881
686.348
615.653
681.039
760.783
636.905
657.509
628.252
580.35
716.247
757.28
776.767
706.962
713.549
608.376
492.243
767.142
676.341
705.269
642.092
629.249
678.283
761.809
550.744
695.559
805.064
613.863
693.474
716.039
603.952
596.764
668.057
565.223
650.967
700.46
702.209
595.529
1029.81
771.926
726.244
757.165
674.163
595.408
599.952
653.892
823.976
738.875
685.152
666.287
571.92
654.211
846.384
931.5
704.188
650.827
694.128
621.761
628.942
609.35
546.097
619.247
605.109
764.236
732.512
644.696
730.723
732.582
707.988
918.279
636.611
661.651
658.039
854.727
595.228
748.793
695.083
706.296
605.954
520.113
688.159
598.991
616.762
699.097
812.832
549.401
580.728
751.022
689.673
664.744
622.593
660.231
634.175
773.282
540.996
799.275
617.067
835.432
711.114
670.221
721.616
588.711
758.787
676.182
609.68
644.792
666.853
602.128
606.164
774.909
597.014
666.751
575.906
591.905
658.405
639.189
628.756
561.083
594.256
742.083
603.425
751.058
579.294
752.583
713.186
659.757
854.065
549.833
544.797
692.117
630.707
669.126
728.164
653.329
636.998
599.91
685.973
671.931
609.56
878.973
685.058
645.298
759.931
628.454
652.198
642.49
664.649
572.35
651.064
755.188
674.355
727.562
677.536
726.388
674.194
1046.09
680.684
603.984
650.802
638.708
835.539
694.171
633.897
522.003
881.749
681.408
1054.33
778.151
734.046
784.434
895.27
697.605
644.496
735.368
738.489
716.74
652.188
718.051
651.331
644.187
611.889
647.033
622.778
608.104
659.098
721.494
636.105
680.309
603.155
689.521
571.505
623.679
564.87
924.745
737.943
660.515
585.276
689.203
692.557
1066.28
561.995
670.563
574.293
650.639
709.392
682.267
710.717
612.153
740.367
1025.41
730.973
711.819
804.049
559.919
744.997
602.358
633.779
719.689
701.38
576.174
744.815
674.715
820.404
714.605
748.078
653.144
571.682
581.8
652.726
734.018
654.73
666.437
717.549
725.028
571.089
807.256
725.79
687.216
720.862
721.86
541.977
653.349
619.569
546.001
592.541
641.552
713.047
596.901
727.35
854.159
677.812
627.924
781.426
594.448
715.222
737.781
646.565
735.676
610.225
574.882
655.278
697.74
815.379
684.482
730.835
570.638
631.399
708.482
745.934
702.191
756.878
747.72
758.634
593.486
620.482
706.741
654.129
761.435
783.01
703.309
631.941
1280.9
555
559.112
742.353
659.877
844.701
665.3
698.45
765.296
854.352
717.833
628.197
611.948
646.016
579.043
740.315
755.09
596.207
682.232
534.456
993.992
688.029
681.038
565.852
656.826
721.227
959.417
628.184
709.658
542.464
705.351
774.923
701.904
606.598
624.41
846.031
690.414
683.894
666.855
700.996
639.918
558.152
651.416
811.45
616.188
698.315
629.728
2296.43
660.439
676.179
638.92
753.604
598.368
584.532
921.933
758.85
671.778
773.463
670.572
725.23
819.128
576.649
855.606
642.277
682.795
620.231
727.762
747.56
730.882
697.363
788.446
632.387
734.349
711.131
734.257
791.971
675.026
570.484
690.374
781.55
664.955
660.613
693.318
654.251
692.66
597.293
705.27
731.097
677.996
756.664
605.99
668.869
650.051
771.16
657.49
599.552
679.614
789.141
545.669
637.071
709.458
759.51
744.909
734.627
652.734
700.872
541.813
751.299
666.677
599.284
631.121
592.23
547.018
617.791
652.383
742.933
661.811
508.553
693.683
604.646
679.921
580.535
597.182
688.278
610.078
532.886
676.215
637.624
750.738
743.078
612.704
679.656
630.671
619.683
637.18
778.032
823.491
725.402
606.338
723.189
645.986
660.236
680.265
778.395
663.948
683
652.132
552.152
521.745
621.166
640.596
614.712
658.022
662.05
602.044
753.754
584.395
795.85
623.76
637.186
694.388
743.181
1719.89
594.621
705.032
707.508
576.208
702.692
748.997
547.182
725.431
1409.34
755.441
628.87
686.182
638.034
598.807
797.348
696.602
790.274
748.469
682.788
684.917
700.056
758.726
604.912
637.723
717.177
652.768
689.1
616.987
682.515
583.008
763.233
1062.5
846.435
644.75
629.039
765.045
645.979
556.078
771.644
576.472
707.792
642.078
671.339
624.971
728.188
629.642
762.297
722.199
677.47
908.75
795.913
607.671
757.431
619.55
764.755
648.243
730.432
692.949
679.274
710.842
677.462
641.468
855.855
697.629
801.292
716.864
607.242
584.587
851.126
650.672
670.33
726.462
826.102
756.839
749.632
558.297
659.993
654.432
676.92
716.567
582.688
678.92
803.192
628.157
757.901
705.843
676.814
642.363
724.866
728.357
858.618
699.283
706.341
576.891
729.337
581.849
682.933
615.459
634.598
814.492
715.875
744.238
541.461
589.521
708.875
672.696
693.103
847.349
611.699
749.677
1615.7
718.655
716.684
622.765
685.298
584.95
676.611
797.807
670.273
615.951
627.637
817.323
686.933
655.02
727.976
614.897
809.567
644.948
745.894
671.767
747.922
747.409
605.546
587.732
810.805
585.312
731.85
675.381
837.278
669.668
550.49
659.553
714.497
635.659
666.66
609.376
662.353
650.347
644.961
726.395
553.656
553.463
636.306
684.405
675.78
656.102
620.312
748.656
563.762
831.118
695.517
853.166
607.483
790.373
649.67
658.546
713.389
606.068
651.654
930.314
1493.74
703.313
700.302
688.026
628.714
610.722
682.676
706.066
532.905
750.158
606.808
726.319
687.45
639.135
790.509
705.396
530.973
620.461
617.23
634.837
676.034
729.652
758.63
672.611
710.921
628.506
640.027
761.287
610.973
773.204
741.867
593.551
759.848
730.07
733.809
544.039
785.951
665.664
590.466
892.822
605.605
628.517
637.425
616.932
588.808
634.898
691.061
730.297
878.887
544.036
570.936
675.274
625.431
815.806
706.86
697.453
612.209
604.316
847.24
599.728
702.051
659.604
715.8
760.341
589.076
813.758
661.094
654.565
625.651
654.247
660.505
594.715
738.073
627.879
696.072
1468.7
634.615
1171.99
632.694
646.781
600.956
711.818
701.416
617.424
606.67
613.231
702.158
629.223
655.388
777.481
711.071
701.208
679.846
675.23
692.262
688.012
786.409
689.77
596.802
710.522
611.071
765.118
763.777
663.075
578.646
640.32
744.532
547.463
629.472
721.446
775.372
552.399
561.038
783.398
882.731
555.536
668.348
592.167
820.532
677.054
717.203
742.483
636.488
751.979
650.857
660.354
735.733
669.988
657.237
586.729
783.373
673.605
660.032
649.213
621.116
698.53
554.083
805.516
569.79
714.467
708.567
724.331
626.667
656.515
639.455
560.642
599.514
716.872
731.932
628.669
740.45
797.045
745.403
1216.11
637.769
702.763
706.894
691.481
794.127
640.507
675.678
644.464
689.023
666.524
668.2
661.534
682.249
714.523
574.904
701.024
647.365
756.315
638.76
570.882
597.23
718.557
730.225
693.947
706.634
700.724
624.577
664.002
607.954
660.591
682.217
742.848
822.59
833.733
605.831
791.61
1171.81
660.206
761.509
560.353
629.34
669.592
670.46
579.555
654.267
617.314
744.568
694.807
730.649
828.199
691.679
683.069
869.05
665.895
643.254
675.237
831.417
731.818
672.801
610.769
750.272
624.519
745.243
657.704
782.727
792.6
699.142
672.071
819.276
713.219
671.142
848.85
723.733
906.1
722.456
586.333
611.274
491.946
582.737
637.911
598.325
566.041
587.955
618.992
528.306
635.468
704.83
643.474
782.484
604.043
626.842
651.05
748.849
815.414
616.269
778.427
709.205
679.832
677.694
582.233
773.625
833.084
667.624
902.397
636.101
675.993
689.329
662.958
730.786
619.351
728.161
670.198
556.669
724.629
706.981
740.741
583.208
656.99
738.633
666.465
625.506
739.437
798.268
691.181
733.202
843.077
632.904
766.469
597.426
665.081
1760.16
609.1
698.62
695.112
805.767
742.912
707.792
657.267
581.709
645.354
668.732
1787.18
714.129
583.078
636.297
706.258
746.902
637.534
585.664
650.469
742.901
634.174
652.355
785.344
802.224
589.722
647.905
550.518
701.554
571.42
638.43
587.644
881.099
814.951
629.89
658.722
719.567
677.208
658.872
745.82
660.81
632.173
561.48
797.24
641.059
712.43
660.939
771.81
863.349
697.084
664.351
761.707
640.929
601.701
686.512
738.157
656.173
606.486
473.124
625.385
543.613
605.312
1028.36
694.544
584.944
721.92
787.101
648.31
613.758
649.602
664.595
874.706
632.388
569.381
719.059
565.289
819.713
678.312
627.61
654.266
651.17
643.924
704.966
546.728
675.884
675.59
539.752
771.391
643.221
756.421
812.952
784.674
628.286
869.144
629.085
671.52
599.517
823.808
614.027
735.624
544.514
651.43
643.403
694.114
505.978
601.13
675.543
999.335
780.402
691.049
726.788
607.36
677.899
611.334
634.016
522.439
661.562
658.417
656.47
552.07
620.468
773.009
820.411
612.39
765.818
699.91
779.547
637.442
1133.22
635.696
972.954
534.744
590.488
641.484
636.156
690.358
675.138
598.3
808.487
683.775
562.049
636.741
706.334
657.429
581.274
748.959
587.1
723.694
583.443
677.467
741.293
767.589
706.716
762.98
598.551
720.787
647.215
586.384
815.98
776.359
766.716
584.531
625.199
585.397
730.638
910.001
781.264
589.278
912.238
658.756
666.136
713.351
1494.1
682.218
648.75
597.018
855.938
803.31
665.499
559.25
720.296
726.026
706.748
530.615
849.256
655.755
600.02
896.707
814.551
705.143
681.971
669.087
635.044
697.418
731.904
618.784
768.68
617.053
611.429
778.63
633.897
759.367
685.451
700.222
757.435
689.127
639.658
635.805
792.392
671.796
552.258
706.802
554.655
696.241
918.454
538.868
684.332
718.882
654.87
691.651
716.087
699.44
669.668
749.272
749.003
762.004
603.663
817.405
718.77
628.932
635.463
675.372
730.234
681.16
640.41
765.263
693.149
752.313
796.774
622.803
782.166
547.945
560.126
757.704
697.101
630.074
675.221
741.132
662.847
629.544
587.216
783.717
636.918
761.765
633.676
625.752
629.522
652.591
706.941
630.976
746.18
739.291
669.394
656.702
750.282
704.563
614.816
677.525
442.927
709.189
761.557
668.618
611.63
706.055
777.569
692.859
603.109
758.614
554.511
618.081
806.646
1253.39
614.227
782.088
545.933
698.194
617.868
621.214
615.01
560.918
699.86
899.728
726.512
705.935
775.816
1532.06
1412.66
639.616
595.803
705.532
634.268
718.094
753.423
694.583
804.26
680.003
749.37
704.223
690.234
629.445
554.806
603.143
894.514
826.312
741.394
685.094
642.619
756.813
592.163
631.405
744.936
663.717
705.846
629.075
592.766
723.525
862.263
665.77
678.246
709.973
667.62
567.725
782.289
929.213
618.274
728.323
517.763
632.964
758.691
741.426
617.232
638.063
687.334
582.49
723.142
686.449
652.014
802.223
665.707
684.424
673.089
793.37
576.197
702.974
636.689
719.593
648.85
604.002
683.792
846.988
735.266
585.14
615.791
792.678
619.362
715.353
697.003
686.663
784.333
700.686
709.15
653.431
676.768
688.994
671.441
673.513
563.636
664.493
697.939
696.552
836.097
716.478
724.588
672.468
645.732
582.029
703.329
776.711
643.391
720.777
644.466
627.437
575.82
711.981
521.669
611.936
550.616
693.644
647.316
875.735
1074.67
607.027
607.96
699.767
632.118
638.084
685.367
629.731
665.651
864.671
606.992
697.266
750.465
650.156
621.447
728.89
684.391
713.129
710.092
580.283
588.121
721.838
716.291
742.816
604.529
672.882
612.477
654.823
645.411
780.2
474.279
703.791
784.282
713.869
899.521
618.537
668.954
641.486
693.903
676.954
633.462
623.639
605.408
748.727
712.412
914.25
810.427
628.203
677.91
676.286
672.628
541.366
645.433
577.731
637.324
707.418
678.745
675.148
701.394
579.095
696.496
651.362
579.617
729.171
609.415
688.568
612.446
679.174
756.889
708.477
658.146
647.161
644.323
872.891
599.947
691.936
651.563
567.135
674.854
592.23
637.543
692.079
680.697
678.149
546.62
588.459
675.14
592.957
583.079
625.658
653.474
694.281
590.459
643.296
629.837
734.713
765.972
670.927
637.034
646.142
628.906
674.672
551.198
600.265
623.266
788.958
760.77
575.998
515.165
726.164
823.772
859.53
635.169
732.511
754.867
793.08
665.568
635.948
785.362
722.499
562.294
669.685
687.432
722.688
547.541
711.645
795.252
573.235
640.953
732.729
652.87
741.509
741.417
582.453
742.341
628.064
662.246
808.864
576.108
662.409
757.091
596.283
623.027
664.368
575.194
784.032
613.33
642.248
718.817
539.934
522.506
733.17
737.647
781.026
696.204
571.953
614.715
647.013
541.503
679.544
1524.1
630.666
655.576
602.535
589.401
698.605
1862.54
552.754
665.614
716.573
744.142
618.557
721.36
705.704
672.425
616.989
663.214
760.395
647.706
772.168
740.05
728.731
659.257
753.108
635.44
725.689
700.331
712.114
637.179
684.884
682.605
721.401
661.605
626.611
549.483
591.353
602.339
798.119
702.011
672.255
748.757
866.182
680.263
831.573
630.627
696.372
750.263
608.336
698.518
704.552
887.49
692.259
648.985
540.072
599.803
769.673
673.686
1261.25
693.601
625.294
658.39
888.21
535.269
626.131
720.431
833.216
637.72
755.379
597.519
663.408
736.571
619.815
737.601
775.751
636.469
618.695
733.453
659.062
636.352
685.197
594.322
633.153
709.261
609.685
667.554
838.382
784.422
617.108
553.17
744.88
644.728
676.284
639.094
626.465
713.908
860.873
739.684
660.586
691.623
670.256
789.976
538.088
721.694
708.779
595.727
671.753
668.387
647.464
2079.7
676.801
658.3
729.993
670.147
746.519
653.87
652.115
636.614
568.138
615.6
649.665
564.362
756.646
615.963
578.639
597.746
741.113
762.472
887.991
639.308
565.202
721.876
636.275
1176.36
646.249
1015.68
723.318
684.394
619.991
713.146
720.912
677.381
838.061
674.123
706.779
684.258
752.802
719.234
627.68
697.435
620.482
749.186
743.581
660.632
599.178
604.313
624.592
779.891
556.482
651.407
671.996
670.508
718.619
619.126
693.1
665.072
718.643
615.527
645.481
583.383
630.621
627.268
582.112
627.527
813.645
686.461
608.119
734.297
733.88
613.791
784.593
584.45
629.978
842.845
785.444
686.313
885.745
691.899
905.677
647.663
807.262
648.112
713.155
670.804
637.664
763.134
1752.88
618.116
638.018
743.906
683.769
617.293
822.455
597.056
731.747
665.755
822.477
553.093
621.19
838.534
558.365
605.891
698.097
623.147
779.1
686.639
629.592
837.982
557.041
715.021
677.639
642.858
620.473
728.447
769.441
643.802
689.167
677.201
660.842
830.171
798.909
666.272
1791.03
857.792
707.584
652.621
632.6
640.517
606.902
581.579
641.31
656.314
740.28
638.818
616.968
727.54
623.444
589.91
688.179
764.012
1492.84
638.562
633.726
655.5
763.02
638.466
563.073
641.227
677.823
834.543
635.388
611.614
1056.25
652.269
613.797
767.139
707.195
672.475
670.766
777.457
768.466
640.585
709.394
720.38
622.368
638.173
641.464
656.075
674.179
691.646
757.519
1627.93
597.458
676.616
602.954
639.584
679.895
642.772
755.646
812.851
680.39
564.731
709.577
726.024
629.565
701.766
663.558
659.037
656.773
621.062
677.996
594.574
636.439
633.892
647.089
665.726
749.904
759.089
823.395
772.017
645.276
678.226
1380.7
711.056
609.493
754.584
807.259
702.738
648.705
868.207
541.806
616.684
850.965
790.203
754.336
673.84
677.427
648.833
671.257
742.313
819.802
808.286
720.503
751.605
596.936
681.507
805.67
671.832
639.122
791.433
571.53
687.428
742.629
716.512
678.632
659.496
604.995
729.167
709.836
707.97
753.59
698.801
773.984
566.43
608.635
847.615
619.824
701.085
648.563
759.334
673.748
592.152
837.854
890.558
641.579
591.925
652.851
610.653
657.622
655.657
579.434
616.175
729.402
760.747
774.953
583.259
563.256
600.117
641.112
490.034
775.413
826.95
635.017
707.797
658.072
713.774
642.417
608.439
745.789
676.516
794.415
692.7
757.585
740.617
856.017
672.693
590.986
641.245
641.469
683.955
764.377
626.244
819.964
634.566
768.376
670.929
764.913
665.254
684.624
657.474
708.217
604.379
1095.72
725.487
647.988
654.353
855.516
551.172
673.516
731.142
664.679
727.254
743.709
535.114
742.196
759.689
856.035
690.334
649.136
571.779
686.542
941.4
791.195
665.816
725.358
640.175
749.652
867.342
635.553
608.107
679.325
775.317
625.148
661.817
707.089
650.921
622.194
742.05
598.652
686.997
675.753
556.114
680.997
685.777
715.788
626.629
834.689
584.126
728.671
620.169
669.818
744.961
574.983
618.767
631.954
784.941
596.09
588.383
717.466
598.339
748.279
754.393
644.942
652.664
762.126
655.948
599.471
815.539
737.182
592.245
868.859
698.179
669.649
690.601
654.331
529.939
720.276
666.682
744.563
758.082
746.626
723.312
663.14
683.593
1423.95
679.259
691.486
747.917
668.621
779.759
863.684
691.827
721.568
660.048
696.806
659.28
691.424
742.514
635.326
652.229
524.842
649.618
724.244
687.967
735.444
763.379
652.989
754.466
678.9
585.328
613.567
720.378
594.39
779.92
725.368
609.38
619.508
854.652
772.951
586.894
695.164
677.659
674.187
709.447
619.142
815.594
743.584
565.082
597.204
686.12
707.379
606.378
715.932
781.837
743.536
665.595
790.904
646.792
693.624
694.869
855.734
822.154
695.34
736.199
736.198
811.764
848.398
788.81
820.319
697.203
508.095
678.82
641.516
714.795
627.941
730.903
625.818
753.527
659.169
727.794
656.001
653.09
696.069
635.087
772.125
718.558
595.707
617.544
759.175
778.261
736.422
654.502
780.893
587.457
1018.63
742.336
741.17
677.046
497.198
627.74
827.265
538.173
524.466
643.352
866.444
773.512
647.094
679.455
682.879
668.287
723.118
762.159
728.698
677.651
691.537
675.685
748.719
708.555
678.35
678.83
839.817
718.143
657.888
674.72
718.445
681.333
811.358
996.819
690.55
634.903
679.038
712.6
762.545
505.886
782.778
746.41
646.264
629.325
586.49
588.321
770.226
662.051
717.903
796.199
760.768
713.257
549.856
618.472
532.11
621.586
566.404
656.678
761.269
695.437
616.736
704.888
781.56
790.213
757.483
539.052
674.547
742.121
813.23
882.157
784.339
642.693
730.837
738.905
629.88
737.551
721.188
647.091
656.159
713.888
775.942
657.425
764.583
691.64
706.044
625.785
671.784
557.518
614.259
710.334
669.857
724.396
619.297
525.651
1213.89
681.371
683.639
559.437
775.367
677.158
728.563
626.827
674.004
738.292
665.155
574.884
619.898
625.557
687.219
1129.77
759.212
699.284
736.198
719.832
680.233
680.399
787.315
659.305
712.248
654.236
736.584
531.039
641.97
688.341
791.627
649.397
704.903
602.21
559.191
791.42
606.686
915.358
599.051
767.99
750.828
576.172
572.167
673.498
1690.6
608.057
794.367
849.708
501.836
591.622
707.795
1030.38
653.327
726.217
654.927
715.235
633.108
778.123
720.455
659.396
779.471
814.013
803.905
752.174
708.197
659.832
701.888
603.933
854.834
672.528
661.277
574.612
676.565
931.507
600.883
763.424
660.775
743.72
705.803
778.947
649.059
751.14
792.748
694.381
662.802
701.331
616.439
708.096
738.531
740.805
691.589
706.634
607.928
751.639
617.543
589.344
558.733
583.896
691.353
688.064
688.63
697.374
716.484
758.498
657.113
841.265
720.943
697.659
616.487
688.202
628.96
759.782
601.603
720.421
660.334
643.385
642.893
669.296
809.869
544.764
584.271
1213.46
655.223
726.872
560.65
782.29
736.945
622.607
715.158
661.037
827.794
692.737
625.783
707.959
676.843
710.549
729.599
717.644
710.368
687.871
699.375
529.763
898.127
744.754
567.892
661.612
578.683
652.39
711.329
713.071
676.922
630.528
662.925
606.166
664.489
1312.55
731.826
641.329
692.116
583.626
661.911
842.168
785.148
630.063
642.046
640.025
606.718
823.445
735.446
740.665
722.301
844.517
745.348
623.166
710.479
605.54
779.239
656.562
644.026
774.531
733.635
659.26
710.734
675.567
750.805
613.855
991.125
603.68
663.505
610.079
680.749
780.502
753.485
678.653
750.451
862.794
601.143
602.735
601.038
672.405
544.75
727.05
649.326
597.941
601.949
706.126
637.833
810.643
508.602
608.178
625.782
750.381
576.003
595.203
724.052
748.819
649.276
615.517
658.497
643.821
701.859
770.017
608.746
720.052
588.389
716.779
969.031
829.172
561.913
698.335
597.616
751.16
626.88
656.018
666.31
762.442
625.467
676.006
761.336
853.572
785.411
692.238
606.236
667.096
660.134
653.027
916.098
600.111
648.124
663.182
639.421
783.437
601.112
794.833
611.475
727.06
572.316
919.162
620.222
578.934
720.564
727.632
603.114
668.474
782.188
701.441
700.787
632.383
613.509
663.708
677.472
782.336
790.044
761.978
681.433
676.24
693.209
700.822
849.957
770.464
700.229
647.485
727.333
663.678
627.329
673.82
657.669
806.099
606.423
641.647
580.858
714.88
692.217
622.502
1373.7
643.573
669.675
574.951
652.429
559.263
661.882
675.097
581.084
719.983
649.723
626.4
782.075
625.247
601.842
708.652
708.581
641.49
612.323
922.534
727.171
646.661
674.089
580.805
654.501
659.327
692.404
604.691
836.153
645.146
958.98
674.556
1348.86
545.705
627.691
754.654
822.087
721.598
530.177
622.85
670.472
705.936
733.142
643.374
732.69
542.752
686.139
674.467
659.969
666.504
733.318
642.707
618.732
766.03
676.703
622.485
647.918
799.043
671.657
674.074
554.957
583.758
620.118
674.922
733.669
628.951
714.485
693.039
711.388
688.375
770.727
705.483
874.446
661.159
663.621
1263.45
642.682
784.66
652.116
560.281
778.485
789.77
727.202
522.195
659.043
637.44
1138.79
798.071
796.163
642.231
669.97
720.143
614.934
771.726
728.83
763.138
678.803
747.47
666.268
645.024
639.556
726.99
788.957
526.323
677.728
653.954
669.377
663.977
672.3
644.82
819.205
661.847
741.323
587.534
774.664
719.618
886.008
908.124
647.22
714.795
625.018
655.106
744.912
594.746
614.736
593.963
600.038
604.366
597.937
648.71
768.359
645.813
556.751
717.139
645.606
597.587
676.127
679.922
663.935
848.185
633.566
589.831
648.976
871.286
589.773
606.393
945.786
655.604
742.171
655.35
783.023
753.179
679.868
767.839
719.899
704.4
777.012
736.922
754.121
685.892
735.004
756.181
765.214
658.683
666.105
667.619
558.355
819.844
700.536
588.692
715.166
846.921
695.252
599.502
713.629
675.79
694.345
754.404
576.83
665.802
641.726
579.893
572.811
870.294
670.103
654.288
695.498
706.634
688.817
629.088
630.559
702.355
776.537
634.101
733.943
597.483
744.642
614.542
680.114
548.806
698.935
608.556
1026.77
650.901
548.983
671.766
662.596
767.332
603.191
633.907
759.002
718.774
524.431
715.28
720.013
860.935
665.502
564.37
1021.52
595.21
657.232
736.595
713.34
749.609
676.447
838.846
558.164
745.017
694.486
577.393
834.729
691.361
633.104
643.218
665.472
726.329
629.53
647.811
742.894
680.153
650.277
735.776
704.095
790.612
539.594
641.42
571.407
706.459
581.795
703.33
643.446
737.489
678.631
648.11
700.201
628.672
573.187
811.453
698.686
744.728
710.184
674.127
580.178
664.627
658.544
659.844
652.167
589.657
620.528
724.447
797.206
707.482
714.614
856.432
670.288
612.569
563.581
745.455
733.659
721.888
1566.38
799.666
680.187
890.988
793.277
805.646
670.283
605.374
594.858
704.039
588.798
694.757
669.301
797.154
990.774
762.8
800.862
684.696
758.031
658.272
867.912
649.696
535.969
636.847
640.271
667.683
696.519
623.574
561.05
676.716
789.554
752.911
760.417
691.884
763.097
742.094
647.541
679.857
588.818
712.177
836.63
607.604
689.394
668.338
642.694
722.092
584.321
1008.85
622.446
673.53
738.574
712.107
757.629
610.002
639.638
656.365
736.222
547.918
555.727
568.087
672.193
726.149
614.639
635.751
626.299
576.893
765.341
1024.58
714.47
694.394
740.161
806.775
678.262
681.176
586.712
1308.47
665.673
579.382
661.781
748.845
755.056
735.116
763.532
633.068
618.646
693.565
769.877
587.625
767.867
644.025
848.246
721.925
647.766
738.862
654.044
605.807
661.632
671.656
730.535
711.15
543.241
637.13
664.98
644.335
657.16
587.175
658.746
1322.71
688.3
650.051
570.438
622.873
634.142
874.519
745.917
578.515
713.305
674.593
689.422
632.745
826.972
589.814
697.946
652.331
662.47
774.306
611.6
628.509
709.824
663.349
682.353
614.327
558.998
706.988
599.27
765.778
587.941
626.669
609.527
827.147
734.009
651.477
628.418
1250.8
658.999
636.218
590.688
689.693
727.13
669.33
586.487
667.447
508.325
819.455
663.522
666.652
861.661
644.039
543.739
718.95
662.87
720.376
529.268
623.77
606.741
715.461
755.088
780.809
758.591
641.918
647.146
666.252
621.804
608.489
646.067
775.174
1848.56
691.999
556.047
756.93
680.769
896.75
696.279
596.759
655.34
757.018
584.639
746.442
1131.77
817.957
742.048
741.723
638.888
635.84
634.377
571.347
638.512
556.536
716.788
564.982
583.614
811.52
730.198
664.667
577.357
704.027
591.496
660.534
678.181
633.748
895.611
753.136
680.954
793.23
806.135
725.717
634.251
675.345
647.234
767.82
559.066
631.099
848.773
771.137
627.1
764.63
787.973
833.963
674.561
738.554
596.367
775.326
769.923
620.991
704.353
731.631
734.279
659.409
655.201
739.205
605.279
830.521
598.443
666.185
730.463
743.304
849.773
721.264
685.295
696.008
651.34
798.085
683.631
935.688
705.828
607.851
543.724
677.368
603.211
641.953
717.343
739.536
605.793
669.151
694.199
700.964
783.073
547.041
819.911
643.771
699.412
724.493
582.707
553.094
573.667
624.421
580.141
631.971
657.866
829.01
669.594
619.633
626.402
655.174
593.484
557.617
667.941
711.543
719.394
735.423
624.112
678.811
635.597
733.28
729.449
601.632
716.073
736.847
728.489
1199.2
698.261
608.462
619.856
756.533
698.902
601.229
775.207
752.905
731.289
850.707
761.783
674.832
633.283
689.999
709.029
698.452
560.361
563.908
733.129
603.619
644.754
606.404
646.167
578.564
768.96
750.593
613.626
655.21
582.536
676.705
688.51
651.636
567.849
627.066
722.298
692.96
649.198
614.942
795.784
786.482
770.964
680.498
628.403
684.124
517.869
607.378
617.223
524.021
701.494
529.404
676.361
668.667
681.889
578.048
603.307
717.459
659.396
627.471
763.364
489.395
735.044
810.086
699.108
690.536
539.068
845.944
624.773
618.902
698.636
749.492
718.425
782.843
723.201
611.873
733.593
664.131
676.372
664.832
594.655
743.513
608.732
789.999
753.909
574.609
645.861
758.242
579.161
944.995
730.363
654.964
615.967
649.192
730.15
639.82
752.684
738.595
615.424
700.329
585.683
671.063
708.353
645.246
710.367
574.34
607.693
852.599
628.136
680.027
772.792
713.987
735.302
623.541
591.444
695.568
601.949
640.533
789.049
567.013
652.832
544.319
681.803
807.807
593.233
699.777
635.724
783.694
1492.56
586.584
635.097
667.896
665.59
610.426
653.969
769.75
756.868
690.432
608.614
560.696
579.159
692.442
732.076
703.637
732.658
591.219
647.033
657.732
623.091
794.659
647.77
665.49
714.709
710.477
722.695
643.462
721.774
568.009
489.178
703.28
606.67
650.52
746.498
577.497
676.708
660.84
631.017
793.595
686.924
569.223
672.348
643.571
663.749
785.947
552.086
662.151
583.79
668.359
803.094
700.4
704.346
660.681
777.934
677.422
773.891
712.284
535.883
587.165
776.302
585.813
640.761
522.803
742.738
673.792
577.792
635.449
817.819
744.978
715.511
644.519
728.2
646.875
633.03
873.261
672.793
607.119
749.58
571.796
820.113
692.617
658.666
653.72
638.343
731.831
870.004
661.855
750.805
943.48
704.657
645.492
628.73
674.709
560.737
790.207
743.803
568.948
636.771
767.134
638.865
539.24
751.652
819.334
746.845
629.322
709.811
711.141
560.592
750.657
720.822
786.468
508.305
646.741
562.22
678.226
591.78
666.032
609.803
1278.12
600.406
662.117
692.091
675.03
643.313
714.736
764.252
531.197
763.929
746.741
609.564
669.172
644.503
602.085
591.206
798.272
710.804
748.586
786.098
583.471
821.63
1273.34
703.334
586.423
602.88
998.972
658.684
685.132
623.374
740.939
552.717
732.183
691.244
632.849
638.191
700.693
1037.52
600.1
670.233
754.135
756.484
739.518
733.903
645.807
693.582
778.824
577.129
615.686
714.749
642.789
539.94
645.797
790.955
686.432
590.841
683.352
791.464
726.431
726.356
778.572
673.361
646.081
639.666
564.086
790.82
652.98
585.517
722.789
539.691
604.806
529.948
676.885
597.717
623.577
640.876
552.339
640.533
674.863
547.127
628.348
626.916
656.357
570.209
766.009
703.94
665.976
695.978
783.233
624.627
904.749
597.922
699.378
739.665
750.391
660.435
660.543
564.43
679.357
827.007
823.446
698.067
846.569
717.973
634.936
766.258
897.135
741.579
621.35
697.213
631.415
794.715
1474.23
603.957
670.002
722.939
718.841
697.373
667.666
698.891
672.573
760.761
607.614
621.986
687.059
700.219
639.849
736.771
655.283
673.468
643.502
599.53
705.897
624.17
631.757
740.457
557.05
869.689
597.425
705.507
812.454
537.287
727.559
623.644
679.96
637.054
571.833
573.151
739.552
902.908
775.102
699.373
698.927
572.019
673.135
632.787
637.009
765.27
518.928
611.643
709.008
585.992
657.649
644.635
660.347
750.058
673.359
704.237
714.561
635.975
694.177
676.318
685.622
718.725
583.265
644.265
797.081
585.264
900.014
651.786
1472.19
645.757
776.499
679.262
616.487
621.601
535.092
590.884
1645.59
616.048
658.171
707.82
741.249
781.724
588.784
1116.6
622.628
686.69
874.438
834.154
609.935
758.102
655.013
859.676
852.567
672.103
632.892
636.59
611.195
607.216
681.421
629.536
644.753
608.381
678.108
719.518
804.433
661.61
708.216
651.965
635.2
709.906
658.209
656.685
638.81
722.334
845.31
582.327
626.468
723.277
643.106
641.439
619.271
720.345
707.976
673.246
790.798
702.149
721.922
761.724
814.007
724.647
545.652
590.395
904.096
697.37
614.095
648.258
733.239
688.326
576.382
720.038
594.934
661.609
672.773
765.68
559.552
716.113
691.833
756.526
1178.47
707.081
665.475
677.592
655.274
617.802
922.001
744.531
755.876
638.288
652.761
705.218
645.177
660.615
730.229
740.295
893.933
660.021
659.121
685.716
612.634
713.6
697.025
550.383
703.703
636.971
715.094
656.701
664.051
548.158
613.643
674.439
626.462
722.087
851.246
675.975
636.015
866.085
616.271
639.097
671.329
651.423
658.979
648.536
629.448
580.7
794.642
699.143
662.554
783.378
689.731
723.004
690.648
555.79
638.727
635.297
622.771
680.004
720.915
700.043
530.468
653.826
601.159
720.972
592.72
806.863
662.128
680.391
623.424
727.875
691.875
693.127
607.725
878.577
647.277
696.924
671.834
572.378
601.319
675.979
878.206
704.922
676.177
704.916
707.742
876.675
1466.99
646.606
647.515
605.266
653.175
684.995
672.566
681.83
746.748
772.62
705.063
597.099
738.72
599.562
568.287
716.99
657.754
954.992
566.9
598.002
615.75
745.213
761.079
561.307
599.261
630.785
737.844
709.076
677.682
579.932
658.895
674.661
660.346
673.168
727.436
614.713
1057.25
624.728
629.356
785.68
635.225
620.386
591.397
733.358
627.244
643.271
792.361
779.877
745.983
627.875
745.957
1790.48
797.869
655.493
806.857
658.969
568.348
658.043
706.942
736.977
720.083
855.624
654.689
731.914
681.556
526.113
756.14
706.382
615.184
587.407
660.584
570.668
580.931
645.777
627.047
619.337
645.019
725.072
668.512
711.522
672.494
701.874
580.669
731.024
658.213
628.34
680.994
745.09
628.143
682.825
647.019
746.248
777.497
772.014
667.462
643.401
688.896
655.093
555.912
550.19
605.605
585.559
792.176
791.915
761.035
577.55
666.554
688.769
664.865
610.016
689.14
525.245
632.603
683.54
620.027
711.335
716.421
658.626
645.248
624.33
928
701.94
658.883
718.174
824.47
707.72
629.661
731.35
775.325
728.445
636.91
755.761
775.023
686.925
704.261
687.586
732.144
775.676
682.302
715.694
643.193
740.802
690.32
606.615
568.179
768.656
619.156
672.486
735.815
674.497
717.096
659.702
653.374
669.425
646.42
668.741
578.348
706.511
789.826
682.694
647.327
767.709
716.399
650.789
619.04
932.567
670.108
644.569
850.517
646.777
712.11
615.031
685.695
703.046
601.916
689.309
695.406
759.108
605.347
573.05
584.84
925.722
728.173
576.158
710.524
725.016
699.884
695.671
699.042
638.471
833.813
725.728
661.686
560.945
651.018
617.079
574.221
656.755
694.603
710.792
740.8
631.392
573.58
564.78
654.874
630.563
680.639
680.563
904.749
1433.38
658.196
718.548
882.937
610.058
782.333
830.366
693.266
724.559
574.709
681.3
695.827
600.216
599.019
826.431
664.224
868.274
693.554
586.771
597.871
786.191
763.608
646.283
788.032
645.116
597.629
546.897
664.099
662.039
607.085
726.141
595.252
807.477
551.217
585.361
562.393
693.457
590.592
601.608
609.099
655.999
587.869
708.88
580.672
728.519
566.073
761.354
595.265
609.566
601.286
798.238
657.566
675.276
643.508
652.394
673.009
1217.72
605.321
841.8
709.085
727.067
657.385
664.755
542.439
888.412
544.312
690.086
662.679
704.27
625.796
583.842
724.775
646.221
652.841
645.887
797.239
795.745
777.893
680.818
753.301
663.156
744.997
522.761
853.933
669.822
685.118
855.815
670.078
562.522
645.968
602.908
585.054
662.772
664.285
686.271
759.702
639.57
574.379
589.885
680.546
751.491
717.188
661.657
767.287
650.989
744.718
847.416
660.563
758.085
567.267
489.08
626.898
937.793
592.737
695.893
611.958
623.905
740.354
726.969
760.12
664.213
703.262
709.355
667.726
711.627
668.216
590.465
718.506
684.728
642.447
663.54
861.776
575.851
584.527
662.597
775.315
1053.81
716.406
689.897
692.376
653.41
733.468
723.3
603.711
824.079
648.105
769.323
614.616
648.474
753.834
651.189
690.639
703.49
715.986
702.597
598.893
658.085
657.113
651.621
608.958
620.783
799.502
708.56
572.232
753.781
680.06
799.922
603.885
859.029
685.057
663.883
625.989
682.813
676.217
726.669
596.633
668.203
611.57
610.112
693.825
602.627
619.864
806.525
737.059
731.625
696.781
777.371
737.925
595.058
692.449
685.19
742.474
625.551
569.934
690.418
795.66
788.985
614.377
651.341
788.096
648.617
651.24
624.442
618.244
667.654
738.161
680.62
659.772
613.743
655.673
692.456
622.035
641.42
679.971
696.782
650.66
719.973
752.644
606.604
767.255
782.007
603.511
820.217
623.441
669.558
733.263
640.438
601.934
782.535
583.789
519.03
835.968
705.788
717.904
714.772
610.015
613.468
662.136
612.054
720.444
734.55
718.664
617.207
704.664
668.258
615.669
641.206
721.474
650.768
468.937
620.697
762.197
598.662
765.945
638.347
700.293
593.702
667.248
671.295
593.15
638.361
748.388
711.622
742.499
663.788
657.682
706.183
614.395
837.423
610.894
696.841
555.939
784.453
594.48
666.49
817.033
868.905
639.524
839.889
987.343
772.175
811.33
649.417
753.313
1955.11
687.157
623.879
607.3
657.612
729.002
538.251
624.185
714.342
603.127
611.495
746.122
593.65
685.069
745.834
715.85
583.24
589.178
616.243
678.057
668.062
617.494
696.297
605.34
1116.93
875.38
621.343
749.613
626.366
716.789
640.324
879.852
710.969
723.983
703.99
668.189
710.57
835.553
607.543
760.797
615.816
766.982
598.323
712.887
550.673
734.097
681.04
702.842
674.557
654.007
736.141
637.36
605.752
791.523
733.224
719.392
634.43
578.733
552.761
1342.95
603.837
695.703
845.609
506.862
635.927
757.338
752.283
1622.95
688.49
627.23
655.104
721.926
746.273
601.487
632.983
669.754
601.854
671.582
658.382
562.061
572.793
598.668
747.83
739.542
646.22
726.092
671.367
919.973
716.063
627.728
568.918
684.664
582.105
617.077
610.607
620.019
633.791
578.982
730.394
668.298
743.895
704.735
678.261
669.475
670.84
771.455
686.155
712.309
526.189
653.13
732.272
551.528
961.406
754.017
612.175
709.55
808.027
569.772
631.057
711.42
759.588
722.449
666.378
686.816
741.941
666.848
646.383
823.592
592.547
657.107
631.523
487.255
912.901
981.841
629.679
703.829
645.12
719.633
743.09
620.268
672.035
686.552
679.355
658.287
610.827
557.882
637.443
648.935
738.811
600.391
623.954
710.922
711.008
692.335
565.303
588.95
630.386
766.972
711.606
640.016
633.128
668.717
713.223
815.174
583.641
672.547
710.495
692.789
706.007
706.276
1098.83
634.522
590.723
713.154
937.402
1944.44
546.21
801.148
702.988
694.85
599.995
741.605
652.216
599.719
571.988
667.144
670.497
757.801
761.313
735.277
672.104
613.013
688.201
574.998
798.036
702.977
806.231
680.303
692.119
626.913
671.194
696.914
640.24
680.54
716.047
774.888
604.305
769.078
800.175
662.876
589.94
770.437
611.997
671.888
605.123
836.457
1049.92
936.328
664.344
819.388
709.053
776.217
692.642
646.959
1294.08
595.6
556.071
581.921
668.316
711.769
705.378
705.303
669.926
632.454
550.29
759.627
608.974
786.361
669.33
601.616
728.154
575.303
647.828
613.375
647.86
861.077
1067.33
583.902
610.141
513.907
646.789
662.995
682.587
634.65
639.832
1499.1
557.447
567.754
821.107
569.04
791.951
715.171
547.782
571.026
858.362
750.494
739.501
701.784
613.668
716.69
548.485
699.994
640.601
647.051
712.574
770.843
664.734
860.282
626.335
701.548
629.844
692.496
590.881
662.502
731.273
573.069
701.152
711.548
763.706
643.948
651.936
1006.71
715.587
770.878
866.577
785.331
723.904
800.747
677.88
773.231
802.609
528.783
701.423
641.436
631.934
641.249
660.046
724.101
679.041
738.386
768.481
734.78
862.13
644.5
997.407
639.205
796.023
727.5
558.08
668.61
689.5
655.158
665.111
709.051
713.253
707.617
745.696
648.052
881.67
713.297
613.906
570.655
688.245
744.416
542.712
569
640.848
789.206
824.399
651.285
633.884
681.448
537.278
911.535
659.244
739.874
592.858
619.019
763.028
670.472
657
704.578
689.168
631.361
632.729
527.162
585.989
694.35
673.592
543.587
680.48
826.784
522.783
867.25
602.231
647.147
690.452
598.351
773.903
650.639
576.108
675.16
759.61
650.775
592.091
640.217
682.217
716.951
646.252
668.206
836.232
704.735
676.01
652.094
747.056
767.67
622.917
671.96
685.157
766.153
711.177
701.041
561.849
625.63
747.902
693.59
688.382
847.937
646.61
709.469
594.137
581.772
820.576
709.542
640.109
625.885
735.287
719.595
748.105
814.88
696.167
718.994
569.857
653.652
624.691
910.149
828.209
687.686
758.513
594.609
652.861
632.486
667.716
746.792
718.584
689.215
743.974
937.602
705.983
642.989
693.963
725.812
528.838
741.258
692.283
673.368
739.89
955.913
674.989
694.948
545.698
534.208
789.261
539.689
518.832
624.123
763.846
770.629
759.012
745.418
755.84
679.426
615.792
623.975
745.315
654.78
582.968
767.979
690.825
703.516
922.012
694.993
531.009
693.061
612.875
680.051
735.397
626.913
634.859
740.864
802.419
624.05
605.859
646.299
855.425
670.586
854.793
738.245
656.882
660.367
608.714
632.991
613.852
902.506
752.151
720.778
775.35
738.081
790.088
601.253
594.402
635.76
680.757
785.083
638.22
656.917
562.462
635.857
826.426
696.421
838.753
786.495
726.174
533.481
678.257
829.431
734.186
670.228
599.111
635.512
697.372
608.375
679.701
861.951
682.814
660.561
679.983
793.309
785.671
579.311
719.754
781.948
671.493
771.801
791.239
625.773
654.158
749.198
599.35
809.987
681.194
805.415
684.302
725.77
675.241
737.784
844.792
633.46
659.414
729.319
624.124
722.824
632.763
548.732
696.329
655.527
660.396
693.635
695.523
655.389
684.578
722.758
599.981
678.461
681.462
574.885
634.498
742.306
585.574
691.169
729.929
666.051
596.786
742.108
651.154
666.692
648.878
659.593
737.635
772.953
639.067
610.634
665.865
787.202
739.411
909.92
829.237
785.463
738.542
752.125
833.519
711.266
1119.87
614.295
547.502
862.001
814.945
575.237
559.428
567.483
670.463
574.66
631.321
600.863
629.58
621.939
525.933
617.757
565.976
701.317
587.376
784.656
734.679
647.367
660.083
609.225
612.296
638.01
550.874
546.91
537.49
594.908
559.329
769.785
1008.27
626.927
758.011
594.439
667.405
670.807
846.574
803.614
708.552
623.278
617.632
568.45
515.922
627.299
676.188
723.742
635.162
691.471
649.117
726.209
696.551
688.592
755.401
693.538
552.18
630.185
525.981
663.551
721.859
763.121
661.659
673.351
529.057
694.358
720.121
682.072
1857.43
758.016
702.25
692.404
643.265
699.47
733.14
659.051
665.138
799.159
714.626
726.983
575.489
706.124
581.302
685.878
687.701
703.77
781.977
661.261
578.523
722.528
673.557
731.173
635.414
636.464
690.297
629.942
556.274
590.568
724.236
585.919
795.213
1537.69
720.585
677.982
747.209
778.13
674.416
680.537
588.525
587.49
595.3
571.434
620.037
944.219
656.201
689.811
609.919
661.406
681.598
723.036
799.778
715.356
685.361
667.805
608.33
790.288
784.763
448.525
653.436
654.96
626.95
778.721
542.407
622.633
671.628
697.916
693.617
691.419
548.595
661.334
589.604
758.358
820.137
671.682
689.616
768.38
778.711
699.933
586.368
813.291
641.008
677.154
686.339
840.212
818.381
642.391
595.04
624.888
714.216
631.024
813.626
747.975
677.545
714.975
551.661
589.958
643.551
631.888
615.663
662.638
762.121
583.216
646.399
640.431
670.081
708.873
832.737
546.924
640.372
641.458
636.088
571.382
722.924
750.981
628.897
775.367
694.097
713.988
710.391
760.852
743.512
596.016
836.45
680.269
568.466
613.146
729.99
680.555
637.148
552.884
722.235
663.044
722.185
648.469
631.345
666.328
515.22
676.392
662.8
917.816
700.077
586.37
692.731
816.687
691.123
676.001
658.649
686.016
662.769
853.375
608.911
586.32
700.991
896.737
737.505
724.113
687.967
688.946
618.56
843.603
650.261
742.208
584.069
653.299
691.345
1155.44
591.373
763.213
666.788
638.036
586.363
763.076
665.056
633.841
797.052
647.774
630.552
719.469
585.116
659.877
628.375
759.185
613.518
805.427
665.78
606.529
789.033
831.869
640.445
725.857
607.259
730.608
707.653
664.327
614.7
783.88
721.719
783.628
1130.15
710.795
612.531
626.985
619.079
722.65
750.563
642.888
657.41
736.742
624.892
745.608
656.854
646.589
723.73
710.488
740.954
861.582
596.641
790.981
690.161
689.828
842.012
526.285
575.986
500.546
681.592
653.634
713.884
660.622
662.885
904.273
741.171
568.079
648.522
725.59
709.396
614.159
664.747
724.821
679.716
557.094
662.214
656.342
749.467
661.737
687.558
804.488
736.001
671.362
645.196
694.51
815.437
500.492
665.508
748.669
839.571
868.607
714.22
598.199
843.037
634.41
675.6
749.153
640.604
519.446
636.213
720.152
650.182
1520.81
740.625
1215.75
682.036
730.386
747.773
600.551
669.856
544.752
631.237
591.598
704.331
599.655
668.723
577.429
676.1
609.554
718.638
865.374
626.585
717.364
597.508
609.162
618.089
635.768
645.532
697.543
585.344
670.506
760.534
663.538
798.567
712.13
698.164
801.073
679.029
678.603
617.883
777.525
709.962
705.591
560.616
583.977
582.424
606.012
590.12
679.308
655.134
769.89
567.079
649.369
605.128
543.945
642.512
609.407
626.382
794.806
638.664
629.049
774.101
700.512
642.995
668.953
653.778
569.216
683.846
726.818
700.066
672.055
683.975
774.269
729.123
693.043
737.962
784.896
737.457
531.042
796.271
598.448
786.266
589.268
736.889
691.365
690.748
581.797
704.653
625.182
640.755
587.009
740.123
746.184
665.095
758.92
647.658
685.899
761.604
641.847
698.67
683.768
702.316
693.362
632.01
656.195
701.961
661.696
731.876
604.773
638.116
600.374
720.45
603.56
615.125
735.062
725.081
746.72
590.796
696.248
673.483
657.226
687.802
619.316
755.947
673.98
801.059
654.235
609.52
556.852
568.401
623.806
747.701
723.378
639.715
796.564
619.766
700.884
677.149
673.932
642.784
726.235
610.664
743.822
638.834
734.005
688.359
635.014
713.807
822.771
723.118
738.475
854.571
804.296
604.786
841.85
641.031
651.467
592.665
647.384
657.146
693.821
674.712
743.336
593.968
731.442
515.104
647.193
590.39
784.066
720.942
849.231
661.338
662.098
645.813
617.036
755.371
838.857
778.223
588.904
704.791
660.562
866.699
634.463
671.13
622.605
565.119
535.453
709.973
807.071
713.7
786.593
753.511
659.321
786.268
526.958
650.404
607.032
646.574
859.117
678.513
677.511
726.42
587.802
662.933
569.982
710.91
634.039
637.162
695.3
651.459
726.353
561.417
583.615
641.065
606.785
659.755
597.576
682.265
654.727
690.689
727.023
701.913
777.917
607.334
690.388
613.483
556.61
690.364
767.09
612.918
601.807
881.769
669.92
720.256
656.719
753.832
758.684
635.121
812.791
562.12
720.611
666.281
766.613
684.801
840.973
578.837
737.547
775.199
731.94
742.607
703.349
720.031
707.664
600.235
691.955
795.253
668.678
614.228
635.604
600.912
667.179
753.108
600.479
677.846
597.526
603.361
689.147
725.083
626.566
603.633
709.738
595.774
699.936
670.03
785.509
596.251
773.752
775.735
582.096
611.926
562.103
618.613
648.787
702
751.108
545.908
564.145
743.989
641.004
700.277
603.981
712.095
610.117
773.6
654.739
665.926
719.471
649.309
1088.19
908.523
544.517
680.649
848.371
783.636
579.87
681.969
667.976
630.137
728.855
702.688
697.572
833.846
663.927
805.345
599.316
733.875
728.203
699.843
844.489
733.092
778.807
639.493
812.41
643.943
635.99
694.642
673.849
1194.68
607.135
611.01
613.654
633.208
704.1
743.641
703.669
631.751
734.899
611.032
833.216
622.832
754.653
620.009
786.553
714.723
723.408
695.138
540.889
630.199
713.152
640.724
971.502
618.563
608.432
702.934
726.282
684.557
642.202
594.819
596.743
755.824
616.717
724.512
905.912
646.463
647.544
517.735
849.023
631.427
690.816
703.253
667.552
628.817
676.869
637.81
706.562
656.773
671.215
649.16
720.408
573.629
655.042
667.385
659.863
727.776
673.024
578.442
615.771
691.381
628.235
776.949
916.654
658.916
611.09
728.414
653.742
683.152
641.967
543.217
727.504
523.415
734.303
1286.73
739.954
654.911
771.344
647.645
675.383
696.656
660.674
557.015
805.014
830.821
680.486
650.411
660.028
1635.01
2976.69
662.992
646.008
720.513
642.825
650.108
640.787
682.711
679.529
757.304
670.304
838.534
685.051
1380.08
674.075
546.766
747.25
681.613
771.779
574.696
632.842
784.941
684.958
617.493
617.645
862.687
1070.73
636.852
724.376
730.146
687.222
595.084
703.127
805.051
758.549
613.679
710.002
767.015
576.034
797.629
603.391
742.997
807.741
708.989
665.868
746.943
643.72
918.989
643.345
574.697
582.887
574.771
679.524
644.375
849.15
534.752
625.213
637.094
771.773
683.339
682.736
702.907
623.556
652.559
679.831
970.787
782.712
757.837
687.389
735.849
774.735
684.642
789.816
619.472
613.076
557.577
780.108
717.988
566.699
604.997
611.593
766.88
713.712
696.045
650.288
646.797
620.699
731.09
644.849
741.532
535.119
686.54
708.071
590.034
728.386
641.087
669.626
741.331
605.658
790.761
656.46
878.003
759.891
673.215
723.105
710.433
637.978
925.664
709.521
661.075
792.538
692.039
673.499
680.327
582.902
655.704
629.139
568.188
593.905
553.156
629.17
600.927
665.29
678.149
815.385
682.612
592.649
828.876
548.732
605.91
560.465
570.535
704.409
674.8
636.402
674.65
644.468
650.313
588.01
685.638
756.989
797.593
731.856
873.656
632.285
731.43
634.58
703.019
597.993
720.145
655.841
690.232
657.145
758.11
747.836
747.973
799.299
725.889
795.159
758.512
542.135
754.487
650.031
750.825
732.794
602.256
606.179
661.145
546.286
719.001
605.262
787.94
836.977
753.645
740.728
659.703
702.611
584.997
744.27
701.041
758.093
637.907
613.718
542.893
746.954
684.354
727.535
675.564
1055.36
609.262
642.732
635.793
799.916
605.995
754.15
805.884
766.268
688.382
669.211
686.813
601.265
602.916
705.136
620.827
547.982
591.085
788.653
629.141
467.661
659.174
541.651
695.023
724.209
681.214
587.158
732.148
770.522
565.157
703.276
631.273
642.495
653.981
714.439
575.034
658.078
740.882
584.5
687.842
822.954
582.266
760.493
622.445
676.396
776.644
621.256
637.129
829.333
594.175
650.358
645.325
744.532
694.002
780.53
667.646
913.634
621.209
645.482
706.536
651.452
750.529
644.836
734.801
686.607
1500.07
701.002
800.543
510.872
685.518
718.934
687.168
620.556
790.898
618.503
669.896
598.573
819.12
798.028
804.628
638.766
604.304
822.987
565.684
744.407
738.491
749.634
606.444
669.236
551.1
560.901
764.983
729.211
730.22
574.59
780.714
649.612
704.949
748.661
752.67
733.691
594.604
617.336
666.313
689.083
596.864
636.726
722.708
783.199
951.527
543.297
886.239
795.413
613.032
691.08
586.409
613.069
616.779
753.86
640.259
679.021
615.505
596.039
741.577
683.89
569.666
700.451
611.081
659.616
719.353
844.869
702.557
557.982
629.603
634.187
750.957
581.413
586.619
641.251
671.097
685.262
604.252
674.379
650.411
796.199
728.755
983.839
761.775
668.276
685.056
782.456
690.083
641.239
575.681
703.731
522.823
609.92
638.269
612.975
742.03
822.625
645.662
714.916
750.162
644.974
725.08
591.265
728.243
791.346
778.091
744.87
561.896
629.981
573.521
847.706
714.469
678.499
628.253
674.158
1131.13
651.603
725.25
685.528
711.97
788.881
740.037
633.193
825.584
750.947
599.339
627.024
687.43
622.797
764.584
610.38
662.883
766.908
684.547
637.466
626.491
778.018
707.619
635.634
814.676
712.821
536.494
603.058
633.355
659.81
608.239
832.144
672.531
773.025
843.09
586.945
1192.57
703.966
694.467
655.656
719.403
1658.48
831.395
697.84
551.33
610.5
700.438
577.979
616.368
570.485
764.124
743.611
676.205
544.27
832.802
665.344
592.473
677.331
843.163
654.677
633.917
678.489
871.847
835.514
679.398
586.011
768.198
693.396
593.965
548.581
619.71
530.761
759.622
638.443
816.005
840.003
690.864
721.217
555.941
677.203
715.491
609.532
660.991
764.409
722.959
749.85
780.311
696.582
704.323
567.782
668.344
628.797
575.877
595.243
753.376
782.997
599.382
642.867
692.826
595.798
622.673
673.561
888.151
632.226
774.447
727.758
658.872
627.244
720.032
716.55
650.038
629.301
596.159
736.439
751.822
655.096
818.661
615.659
753.382
681.85
721.862
634.945
678.709
570.938
708.295
734.676
600.612
861.878
570.694
805.125
758.242
790.589
840.031
671.971
728.204
576.535
699.732
784.367
647.019
687.992
733.166
674.941
654.833
827.023
604.129
589.091
633.871
1062.79
574.066
559.182
595.778
655.734
716.426
650.224
721.3
705.109
777.032
713.711
622.921
620.987
605.595
670.614
633.392
666.816
682.36
670.92
601.582
610.409
894.045
657.72
729.728
655.058
1171.01
676.693
622.853
620.479
577.767
737.583
683.623
814.172
659.132
608.15
784.696
560.222
717.293
698.696
640.219
675.55
490.331
773.313
607.152
732.138
687.082
585.949
613.824
766.909
555.728
640.364
645.692
545.647
700.298
770.793
603.839
881.998
741.45
589.019
594.162
707.015
536.205
1207.82
683.719
694.719
622.027
781.121
710.027
756.753
596.917
624.919
603.167
614.04
692.592
636.163
617.269
616.449
645.34
757.372
617.174
946.111
757.384
676.488
699.895
738.866
537.745
831.096
643.968
612.682
754.97
832.946
610.512
748.853
633.309
604.002
676.843
689.834
667.352
645.703
654.476
733.287
837.896
666.459
808.115
691.518
742.085
626.47
899.646
547.758
637.185
610.75
721.432
638.622
635.412
639.459
559.696
665.602
791.824
579.711
514.86
656.248
739.29
722.944
493.019
634.349
694.566
736.956
648.058
621.004
630.095
608.759
826.03
572.94
691.432
605.154
644.062
725.529
606.027
696.512
706.666
663.808
692.371
750.873
673.182
678.186
610.611
654.64
740.999
796.187
670.662
685.571
654.025
639.762
757.919
888.17
776.862
592.499
616.437
642.475
741.936
993.604
649.233
612.876
696.703
680.824
635.358
1627.47
584.633
616.352
691.898
729.497
673.158
555.71
612.731
854.72
557.181
730.24
726.417
592.33
621.094
623.135
639.22
666.253
814.732
791.096
669.592
638.06
796.089
663.336
692.047
590.03
552.656
780.416
780.524
812.86
591.371
656.012
634.632
673.155
619.622
703.476
735.338
696.398
762.204
671.693
698.854
664.345
656.591
745.149
788.263
605.458
579.603
699.394
1400.98
629.384
633.695
612.355
761.191
615.068
746.112
692.004
879.57
617.526
613.525
734.385
652.034
538.079
690.161
753.743
835.663
589.884
746.205
579.941
856.615
635.294
824.933
637.37
612.962
704.111
694.551
596.875
767.009
938.967
594.933
621.486
891.106
839.376
704.87
702.306
686.983
729.183
653.393
697.274
783.211
712.222
737.716
610.529
632.276
716.107
631.628
678.94
822.484
706.761
757.644
651.499
680.681
1007.92
609.643
1364.08
578.547
611.419
568.302
841.363
613.372
624.946
756.686
781.439
640.228
669.219
618.123
663.079
664.963
639.62
698.67
655.415
662.479
665.409
677.006
793.857
758.319
817.694
743.506
716.635
635.813
605.859
651.096
655.897
554.484
708.861
678.801
626.338
622.658
623.229
766.633
717.054
672.802
660.69
637.604
619.616
810.39
615.246
681.245
698.269
587.793
629.535
838.638
1414.96
730.052
871.831
886.052
649.776
697.832
646.71
595.956
649.553
681.174
620.286
686.297
638.324
663.714
643.075
663.316
799.145
1142.03
609.875
797.067
698.275
637.58
666.49
656.334
748.198
692.443
720.496
680.106
731.108
647.203
592.203
688.382
927.582
691.923
581.851
633.327
614.495
619.332
775.336
592.102
627.867
652.411
684.144
606.63
589.365
739.955
668.937
829.898
680.02
647.045
668.228
675.535
735.456
685.909
711.93
687.08
729.172
594.73
799.841
677.924
588.432
707.432
698.468
658.196
559.45
617.826
698.322
559.78
681.789
724.189
646.632
616.112
600.21
880.187
743.606
542.96
685.875
680.198
617.765
776.03
1382.53
721.928
781.07
594.706
654.393
691.535
628.913
643.169
687.702
761.272
676.523
772.321
620.887
906.423
704.634
680.921
839.978
752.947
606.6
812.856
756.064
700.466
608.013
612.652
755.274
656.804
777.649
606.938
558.304
724.739
620.85
776.903
672.179
614.499
818.208
757.342
636.356
733.971
658.582
596.785
915.849
551.192
691.471
658.974
556.202
634.279
619.274
737.008
602.282
566.824
673.139
670.596
571.211
548.245
654.594
494.908
814.16
599.582
627.658
690.852
708.412
632.11
667.466
604.629
677.687
734.686
723.361
727.427
720.078
653.182
804.728
837.768
682.519
747.944
764.637
660.241
807.961
674.523
839.116
564.015
720.067
646.819
696.83
725.53
724.292
685.245
665.606
684.72
678.445
583.779
553.619
712.826
658.835
548.819
670.511
929.206
688.735
535.44
830.719
772.35
711.064
733.343
793.78
717.205
650.951
582.729
710.952
805.519
826.709
634.292
623.945
743.887
736.656
879.58
678.466
734.502
648.986
695.972
831.516
1220.9
558.319
675.998
551.853
692.829
766.779
648.586
682.438
724.085
828.672
782.371
766.102
565.636
652.734
815.684
709.486
615.45
983.678
1248.69
617.179
551.252
615.847
697.132
866.308
689.86
685.86
688.692
698.122
740.255
692.691
766.548
644.751
660.132
670.86
661.885
780.605
618.516
660.7
682.399
791.458
982.886
726.112
634.152
735.773
635.895
756.01
603.838
710.898
589.868
926.156
683.435
851.277
532.781
751.916
608.355
667.232
595.077
567.795
691.451
662.496
700.992
703.992
906.953
689.333
659.11
815.41
903.385
735.915
559.762
800.234
602.874
762.305
607.738
696.909
714.14
776.228
578.8
626.727
661.127
734.84
601.872
592.014
821.596
589.053
556.108
659.348
638.667
635.589
518.266
720.394
805.729
719.417
555.391
668.331
734.132
777.811
617.591
900.641
695.591
598.513
629.933
698.501
678.528
814.39
600.315
629.134
663.148
776.071
612.454
632.368
640.993
697
663.669
954.133
664.678
750.098
688.799
1036.11
835.833
742.512
720.273
741.909
686.907
765.295
828.613
684.565
778.395
717.779
625.405
658.182
631.018
648.932
838.762
625.826
670.747
630.413
579.843
733.92
691.673
686.29
588.603
694.236
654.886
690.426
653.843
645.906
637.567
711.686
651.875
760.529
727.985
590.238
778.918
609.26
622.336
522.42
667.717
687.965
768.764
659.441
708.953
706.117
611.795
576.57
700.143
632.828
624.256
683.317
636.091
611.756
671.519
786.844
1156.43
734.753
570.287
852.633
717.039
651.824
633.262
1681.57
532.196
668.413
618.552
542.112
838.895
625.106
754.107
642.604
626.174
688.995
815.077
634.813
774.931
739.206
798.702
644.203
827.971
692.018
590.985
684.267
535.257
653.521
571.757
582.517
772.926
639.23
711.514
638.336
753.55
644.689
764.593
603.868
596.186
689.708
698.996
670.201
665.333
607.962
853.43
688.925
734.427
693.979
720.527
783.757
728.048
723.788
684.192
540.479
750.779
731.209
854.227
625.9
646.206
778.652
705.873
2263.84
726.105
627.314
679.939
575.154
666.904
781.233
711.613
636.348
751.017
752.08
616.261
891.82
729.409
576.555
738.157
600.589
605.248
616.793
812.465
590.516
653.042
804.064
779.89
592.747
641.694
635.881
700.885
599.588
723.029
646.175
621.053
774.916
537.075
889.61
684.889
583.249
624.24
724.204
714.479
699.114
756.63
704.541
668.027
510.398
658.67
703.441
696.86
647.021
755.134
894.778
596.522
854.751
772.71
725.704
624.379
727.335
670.192
706.717
658.519
741.003
724.972
785.383
671.137
603.206
806.337
770.761
640.813
624.72
605.204
602.009
658.54
633.546
664.652
750.743
617.329
684.583
744.629
492.488
700.344
783.573
1062.09
496.721
653.037
672.396
719.352
780.569
689.605
723.524
706.469
592.749
764.314
780.903
679.025
691.127
722.204
652.157
611.372
669.183
645.51
749.369
653.594
579.332
714.319
603.218
642.001
821.785
622.244
574.985
674.321
648.538
713.048
673.279
573.463
725.743
614.094
717.346
586.462
767.714
624.14
722.193
717.696
687.709
655.062
675.545
715.996
737.966
708.464
737.463
695.055
594.906
735.494
713.315
789.808
711.496
604.274
669.086
1592.61
773.106
718.144
807.391
832.945
621.609
667.102
679.588
657.326
715.321
652.93
648.998
616.217
728.629
631.449
774.841
597.137
771.828
810.8
809.085
615.835
709.489
671.263
663.703
568.473
693.521
568.555
715.899
727.839
627.377
675.041
681.678
824.022
644.958
591.507
705.646
713.477
649.334
691.639
696.256
629.334
599.414
759.581
669.915
682.178
651.254
620.894
737.703
770.278
681.929
645.243
649.379
629.826
741.144
624.103
842.192
780.323
730.036
738.188
681.91
795.744
745.799
699.339
768.189
605.163
732.601
600.575
969.955
733.932
652.042
779.49
665.222
782.408
774.682
749.14
579.954
644.836
733.599
581.327
675.107
787.009
653.66
681.772
619.759
609.754
751.523
758.738
755.607
585.475
566.546
745.605
606.872
616.981
712.494
712.198
723.587
614.445
618.359
626.367
622.667
711.739
881.254
672.701
733.934
623.634
768.362
681.885
623.503
656.317
717.478
561.883
614.327
593.552
615.283
617.382
585.058
729.228
634.757
809.108
737.846
654.13
553.48
738.266
615.945
814.728
670.884
598.884
715.479
678.923
607.321
849.92
565.917
646.778
639.888
714.665
772.375
717.955
737.721
701.911
699.17
706.078
683.633
640.669
589.767
576.602
704.217
645.05
812.461
677.062
610.716
702.434
744.417
782.278
571.316
606.551
593.264
743.768
837.769
573.857
695.922
643.855
752.783
656.554
723.556
717.58
660.637
671.772
655.177
792.264
638.804
692.082
1562.21
780.869
689.558
678.089
642.342
726.976
660.779
682.117
648.757
594.349
642.002
685.929
613.587
686.429
608.82
993.143
650.231
741.758
650.884
548.439
636.317
615.307
717.135
667.964
682.938
652.401
844.691
657.105
728.49
605.833
687.185
625.389
658.626
687.405
656.879
623.324
600.814
795.82
605.342
623.883
735.592
563.446
1852.61
570.497
580.721
668.716
628.332
777.568
653.6
507.573
616.284
659.382
565.57
630.68
604.286
726.106
721.689
694.306
820.405
608.733
722.117
641.522
742.803
592.14
810.291
557.793
570.84
662.932
681.225
648.436
606.053
725.144
777.2
601.551
737.441
580.113
702.651
805.128
682.394
615.575
656.867
654.062
666.586
693.569
623.076
779.729
685.177
689.973
650.251
833.427
798.56
795.134
673.336
664.221
749.815
731.208
639.335
769.892
709.519
670.476
658.698
712.719
681.634
714.059
645.537
810.54
683.29
631.315
796.651
645.187
769.481
692.299
660.477
736.771
741.534
719.276
740.981
617.007
661.565
736.725
902.424
630.693
662.126
636.726
637.452
662.342
595.311
745.796
671.078
771.661
666.09
690.817
597.263
687.722
655.746
670.061
636.305
573.187
696.285
698.327
793.195
594.99
731.463
584.357
737.223
617.515
824.725
705.621
738.331
726.35
663.793
682.114
592.153
735.708
554.086
701.237
701.318
693.687
681.7
760.505
764.325
593.372
604.085
832.873
623.05
1346.68
571.171
813.679
693.423
701.926
667.95
658.576
840.621
770.615
797.358
590.349
826.837
752.352
595.315
565.31
622.183
733.783
637.191
666.667
675.471
952.677
702.159
650.99
672.817
795.809
879.241
738.91
862.703
773.457
596.664
612.475
655.828
860.335
518.384
480.777
753.693
666.743
629.64
663.323
571.522
760.903
691.375
705.83
690.143
679.884
597.824
698.777
750.498
836.357
723.254
764.189
637.61
652.182
763.816
745.091
1050.76
630.186
682.982
714.421
719.84
687.602
857.306
569.929
592.802
567.047
671.043
623.059
1028.18
706.193
695.443
616.068
745.926
657.948
638.69
643.299
701.284
595.139
716.754
808.604
584.971
727.176
562.2
798.266
645.787
710.794
834.071
664.264
586.41
750.937
596.952
749.244
682.816
668.506
877.899
690.473
641.629
713.869
606.544
775.004
1186.45
836.414
725.22
783.06
727.412
690.556
915.425
655.93
669.293
633.659
662.231
996.667
622.66
694.219
622.291
655.259
666.59
639.12
637.283
714.031
595.06
623.359
678.055
611.936
777.433
735.105
760.562
620.451
780.175
632.187
643.421
625.329
670.627
674.534
842.995
666.285
650.762
763.703
641.43
488.526
717.897
765.791
822.58
648.308
804.316
607.98
765.149
605.622
587.574
621.794
710.536
696.858
700.127
669.451
725.77
839.378
615.488
773.642
584.14
671.998
682.386
683.753
752.814
768.82
677.624
585.419
583.159
701.155
803.832
737.245
703.472
650.981
675.133
756.009
710.926
666.45
684.371
691.927
670.354
613.924
648.865
543.528
666.942
603.999
704.04
884.681
574.583
541.989
616.37
634.539
720.776
688.585
668.26
561.097
694.96
629.106
857.936
775.105
556.755
841.882
668.258
657.457
526.525
654.584
696.45
648.89
679.517
824.692
700.115
618.674
663.464
675.28
745.102
604.149
729.559
700.556
657.611
608.759
737.691
717.826
699.975
721.817
533.467
679.141
706.256
605.994
687.86
807.838
683.461
629.675
805.086
608.585
1174.91
763.784
750.103
732.052
730.245
633.277
624.968
670.852
536.994
689.22
787.384
669.355
677.453
619.462
744.276
663.123
659.379
585.503
601.763
691.64
636.704
709.268
692.15
828.911
725.529
556.637
728.953
791.948
661.28
667.657
605.515
812.719
591.196
592.009
597.083
699.737
845.386
639.824
697.838
743.313
670.712
639.706
627.833
636.362
776.619
694.713
620.572
959.233
713.402
543.471
814.25
651.577
823.222
674.564
726.485
470.93
747.681
659.212
576.188
700.346
665.014
635.98
817.513
612.517
647.9
612.825
569.626
605.137
722.71
666.59
700.367
685.009
683.5
654.296
665.761
665.358
701.44
773.756
736.271
661.52
560.571
706.074
624.942
575.337
669.817
679.829
709.818
626.629
619.016
662.044
692.018
621.66
557.949
720.211
675.337
811.745
583.813
573.204
684.646
715.537
660.806
695.766
685.736
705.69
721.398
654.801
705.739
766.344
542.867
746.079
552.168
562.236
712.413
717.146
1747.44
666.861
702.795
597.334
697.831
631.724
672.103
665.736
673.669
543.997
700.082
704.657
735.337
630.641
801.643
704.626
592.29
580.386
700.154
719.701
613.067
663.826
701
617.971
674.624
660.029
655.407
645.546
872.814
719.445
608.922
763.708
1081.63
686.776
690.94
629.51
746.72
645.799
631.377
747.414
762.597
648.499
697.303
658.458
727.039
693.621
616.826
811.406
678.904
623.328
700.262
710.595
670.105
764.919
621.101
585.493
605.8
1505.62
695.049
818.961
634.156
686.591
781.448
716.795
631.118
659.124
817.937
649.133
696.028
715.924
741.357
707.345
765.097
677.431
731.476
650.805
766.415
658.404
757.668
627.924
648.481
673.503
752.148
766.518
671.403
560.337
706.843
785.18
647.892
713.746
774.962
892.567
702.341
680.124
621.583
543.488
717.02
693.015
652.598
729.452
792.337
661.123
656.74
627.099
686.905
774.993
815.496
641.192
688.879
726.032
721.349
573.44
592.72
561.947
1277.52
651.131
708.676
679.458
609.929
707.807
629.558
698.771
771.141
657.095
616.738
802.054
706.007
793.451
563.505
688.105
718.19
615.92
637.685
744.573
709.607
694.791
676.376
622.497
511.854
642.664
563.744
641.401
735.986
841.233
670.854
644.08
760.07
567.538
661.591
759.061
586.465
705.463
801.607
853.026
698.909
685.425
633.742
833.871
647.643
780.132
619.859
635.221
671.429
654.039
632.087
800.673
640.29
717.55
763.516
651.364
659.449
730.782
669.008
732.36
718.783
601.96
658.135
660.676
649.403
679.68
693.111
627.472
1258.81
652.239
652.013
598.924
689.614
733.777
653.565
611.37
744.206
700.42
683.21
643.377
716.671
564.909
626.808
737.747
609.045
1209.39
608.443
691.498
647.862
870.825
559.247
733.129
730.269
730.406
621.038
635.666
615.841
803.834
719.847
672.381
680.288
736.232
630.403
622.696
649.013
781.13
769.846
744.814
758.022
548.402
686.48
613.963
617.928
710.272
624.753
732.776
709.686
710.248
759.341
629.145
1007.52
638.819
668.288
615.865
605.157
648.549
672.129
589.765
749.027
721.283
592.048
769.57
664.108
594.964
508.341
765.136
858.086
550.568
706.276
787.72
654.9
583.089
619.343
582.815
640.335
690.999
607.825
752.722
613.29
518.81
546.343
649.013
671.27
684.22
662.398
760.346
750.204
563.896
736.256
612.862
789.415
705.557
680.947
644.438
727.836
618.493
733.638
663.871
615.965
922.609
793.375
881.488
691.626
689.169
705.037
671.616
753.97
740.13
762.9
874.787
632.03
563.288
629.255
618.983
661.234
681.676
731.353
631.462
640.446
643.007
586.772
799.201
739.952
665.282
657.85
640.453
568.264
607.011
684.343
624.47
630.886
723.049
657.755
730.749
765.716
695.832
683.841
627.116
673.059
683.433
588.93
626.674
643.443
887.682
638.706
772.456
682.801
605.29
626.078
727.851
707.701
759.057
601.132
639.309
625.492
620.66
869.538
530.232
580.955
660.655
753.517
691.522
669.196
847.386
609.198
630.382
538.003
899.853
1141.01
731.179
667.839
656.729
705.279
618.511
582.468
676.336
826.317
802.767
797.706
583.028
594.385
764.707
529.882
768.096
785.179
572.901
644.594
700.775
670.642
701
666.926
838.634
619.428
559.038
648.511
629.334
856.757
704.131
597.486
803.161
659.349
646.236
685.583
688.404
683.123
624.007
567.684
670.409
666.652
590.715
635.281
640.408
555.351
682.884
847.581
723.166
720.388
777.921
896.8
735.764
743.63
663.462
1045.56
677.088
492.024
638.944
867.003
686.468
543.589
755.51
545.243
681.416
717.869
562.746
607.664
754.252
665.039
829.198
698.365
653.423
773.387
592.613
773.041
674.172
767.429
685.057
669.551
731.482
628.597
683.424
678.803
636.704
608.681
756.091
738.283
674.779
723.763
617.547
717.671
643.805
753.138
636.56
818.96
691.36
751.307
651.378
776.981
628.17
845.521
654.356
749.89
759.73
664.833
690.227
880.766
608.715
699.816
698.178
717.925
732.987
742.015
678.708
791.997
577.423
821.771
647.155
784.531
692.202
587.421
717.483
582.993
590.626
806.795
694.832
639.98
818.934
877.544
813.541
681.291
622.323
752.219
729.051
609.732
694.937
665.583
889.518
737.742
791.79
600.419
655.25
844.912
659.096
676.868
1096.06
629.893
585.842
809.042
555.794
812.441
680.696
647.76
893.53
649.562
766.128
605.279
685.735
627.83
1347.29
613.507
654.102
634.266
733.432
938.894
3057.94
705.374
603.665
627.851
752.549
651.58
609.385
800.346
644.341
612.882
665.972
739.632
699.606
835.189
660.841
679.015
596.344
706.525
732.342
651.388
631.509
610.641
1007.21
564.114
851.637
636.605
713.456
566.704
798.096
554.291
671.213
739.384
796.266
776.429
637.879
622.175
671.525
817.32
690.362
585.468
689.253
731.535
664.261
575.398
543.937
710.665
830.692
618.229
626.014
683.414
634.568
692
751.968
761.083
671.672
1461.26
1150.11
699.242
651.662
783.438
746.335
709.222
515.229
573.459
545.339
678.014
717.126
658.127
1600.19
680.054
675.686
596.289
720.829
710.819
557.724
721.992
1051.07
707.931
591.028
602.769
627.245
666.15
692.2
690.707
658.286
583.143
618.084
619.069
714.095
710.96
727.305
709.711
688.989
647.174
809.53
701.737
588.672
707.356
650.913
663.513
607.274
575.373
739.614
688.687
576.628
618.445
693.759
740.06
662.397
853.926
578.376
805.823
679.045
623.681
637.191
715.515
639.208
690.82
784.219
731.628
724.058
794.701
659.266
591.003
629.274
841.592
672.884
715.444
791.313
716.512
636.91
549.209
754.177
615.09
652.268
706.58
591.62
694.988
536.249
718.573
637.615
688.119
874.926
640.185
685.951
687.182
619.647
615.01
1543.82
622.738
696.966
688.776
680.167
1007.58
683.932
667.54
613.224
749.794
589.046
788.997
730.071
678.1
725.371
630.551
653.129
653.68
748.564
665.392
600.366
651.039
617.607
737.226
731.945
663.791
685.191
726.877
645.248
738.386
770.792
770.287
600.947
614.288
618.232
560.428
562.929
661.074
591.984
609.963
751.814
642.873
758.116
600.217
771.459
761.724
827.4
668.565
537.117
759.549
669.186
772.624
847.156
624.645
642.989
666.32
688.033
622.823
854.053
776.69
634.779
657.673
663.624
677.285
821.466
708.604
667.346
625.979
758.457
710.383
909.875
699.679
604.794
750.77
610.169
624.21
607.7
723.531
853.433
724.792
658.876
594.078
909.757
567.121
700.317
735.853
668.583
637.729
728.015
774.302
615.528
657.186
589.528
698.986
674.381
720.005
542.061
685.575
613.417
755.697
694.267
695.491
651.631
596.008
863.547
782.23
603.246
584.655
612.541
665.718
618.229
633.862
678.607
713.135
617.296
642.359
661.527
552.056
670.216
719.371
750.422
635.489
632.049
1685.24
744.489
642.683
715.311
634.397
640.611
602.732
791.297
685.379
689.032
803.27
795.326
556.66
611.797
643.137
630.529
761.841
776.097
768.99
762.031
695.886
824.065
672.043
644.319
828.033
636.03
693.971
773.507
723.183
483.81
632.12
538.832
688.572
594.924
744.233
675.159
647.532
651.087
683.55
687.029
794.632
620.467
673.321
679.772
706.233
630.343
650.168
773.091
855.41
789.454
612.211
677.349
837.012
760.191
762.413
791.515
649.198
590.21
613.772
676.748
892.917
737.033
600.475
750.003
584.163
700.845
821.015
661.194
614.514
604.157
627.204
667.101
564.056
634.65
581.445
691.629
692.829
636.567
583.462
603.847
668.017
730.719
647.426
760.531
654.176
721.343
627.172
649.026
1221.55
679.366
607.492
664.911
695.317
714.327
706.703
564.955
1035.71
674.77
569.791
545.336
716.831
696.532
680.137
631.34
937.445
982.41
698.667
570.762
795.672
685.4
683.517
667.634
747.232
845.081
641.278
696.999
788.856
765.621
531.634
1174.2
584.997
729.368
603.278
688.262
853.058
747.211
676.352
639.244
872.455
627.557
684.302
726.712
749.328
623.543
643.436
673.009
604.318
657.545
798.268
757.928
761.48
524.939
786.837
675.39
698.404
822.635
632.027
604.96
722.908
591.003
745.293
708.422
573.413
677.894
576.048
614.95
939.587
801.907
541.387
598.67
781.474
616.343
614.209
675.732
726.838
646.213
647.658
906.503
706.322
665.034
578.261
687.842
635.383
836.872
642.43
761.864
637.163
647.648
682.589
738.149
602.414
545.269
625.232
746.799
648.914
720.277
786.341
576.048
669.954
553.026
736.526
699.584
758.008
702.714
645.273
833.208
900.553
704.286
642.05
723.301
621.99
701.377
654.935
647.865
937.718
627.98
600.926
766.334
633.253
629.427
605.725
752.885
583.45
539.911
754.768
655.921
683.853
661.678
604.07
603.289
707.644
573.194
598.355
653.213
683.376
729.787
867.738
701.666
603.104
1675.81
621.372
613.18
670.445
586.747
714.736
848.925
659.162
691.819
611.6
888.803
573.887
759.805
646.482
714.416
684.445
694.951
682.139
652.034
561.64
683.74
741.28
642.722
901.842
619.914
641.934
697.378
744.828
637.13
886.85
727.782
678.149
712.46
725.05
835.591
592.294
636.159
716.21
696.694
734.629
639.755
653.152
576.54
702.529
735.25
711.122
583.161
752.781
825.352
581.88
601.577
668.662
611.071
765.366
678.026
643.786
595.879
656.381
703.87
774.965
666.71
774.003
756.196
662.574
735.929
688.195
565.211
597.653
659.923
630.865
846.455
589.278
516.515
672.638
806.554
782.103
762.469
694.673
747.34
784.9
808.952
715.385
672.483
692.465
568.217
702.717
815.442
812.695
690.067
1074.7
614.023
640.321
613.663
671.157
794.515
763.882
682.823
939.237
709.989
664.872
719.524
732.225
742.369
723.104
837.056
691.877
795.614
740.4
599.671
715.762
678.582
728.766
800.272
682.703
664.642
636.41
711.581
840.351
664.111
643.105
645.252
699.76
686.888
619.31
793.577
570.712
593.441
683.897
641.565
636.843
720.232
678.7
603.854
641.587
663.139
770.752
705.1
788.328
623.578
746.699
643.696
606.248
581.444
690.988
835.123
572.967
613.92
653.591
551.168
685.631
753.922
620.558
830.018
649.264
652.959
882.795
642.487
589.83
660.744
742.573
741.192
673.374
672.079
582.007
666.479
717.946
709.225
688.075
643.389
609.279
613.561
677.192
666.001
644.978
582.73
588.171
657.581
663.365
1024.65
697.858
855.374
563.692
598.462
586.544
677.542
625.606
678.124
635.399
597.874
584.105
784.822
695.64
651.438
700.051
590.468
635.197
589.6
641.964
718.971
605.45
599.292
588.826
765.717
1825.48
658.196
606.532
694.277
683.4
594.004
682.61
623.559
626.982
737.598
739.416
1018.7
770.123
686.646
584.709
605.69
631.744
664.614
703.961
706.132
589.37
708.987
824.754
657.923
801.312
661.256
704.807
688.368
771.765
704.339
655.645
717.091
629.665
744.136
739.968
710.737
748.044
1293.86
870.736
783.921
794.234
736.403
732.484
621.105
613.003
657.738
616.08
609.772
830.256
652.543
653.07
834.557
637.026
595.711
636.496
714.703
657.045
746.091
629.247
741.154
756.225
641.69
710.422
673.554
658.073
643.192
650.865
767.188
823.255
562.217
668.963
709.513
585.084
652.87
513.08
778.044
766.982
678.133
825.393
543.837
637.225
696.561
717.355
663.443
637.52
623.774
687.058
711.376
633.871
809.223
702.617
604.239
761.862
873.904
675.897
725.91
811.192
625.198
779.9
798.733
653.056
645.605
605.654
672.749
641.588
647.655
656.8
564.893
697.759
764.795
631.124
1035.39
581.788
788.816
728.296
669.054
596.206
561.86
611.275
669.351
608.108
789.136
732.208
674.326
723.923
748.583
534.326
728.288
597.708
679.659
618.325
842.232
729.184
716.437
686.948
664.87
638.599
666.445
698.223
941
648.802
821.528
820.519
785.498
652.983
642.829
726.867
698.204
705.048
621.06
700.847
599.399
628.748
700.608
677.28
593.067
597.04
821.625
668.049
814.557
539.147
664.322
588.094
787.52
644.816
1863.79
582.92
672.146
571.649
806.934
629.636
674.122
630.423
717.107
655.393
707.043
658.057
706.276
723.157
737.368
865.872
593.473
666.973
621.562
751.848
604.5
624.267
605.838
714.537
721.576
690.542
629.42
794.568
1158.76
742.287
807.914
613.441
645.571
596.032
886.933
493.848
591.49
630.436
771.145
610.245
766.106
644.671
576.794
812.173
678.21
608.072
624.136
602.096
603.372
703.341
635.621
1774.2
845.489
670.687
675.918
687.343
691.068
772.278
592.113
552.817
593.32
530.302
727.124
611.326
710.393
662.452
648.91
663.102
626.491
648.554
777.264
776.755
589.541
645.839
696.939
705.276
728.29
590.072
623.464
639.964
695.637
562.323
747.093
818.703
623.854
635.542
645.18
495.672
802.327
767.129
594.74
630.517
562.092
629.595
659.404
610.841
612.86
717.235
648.501
634.444
656.464
755.954
665.187
1308.38
670.124
639.251
714.631
764.304
1036.92
820.72
615.753
758.387
685.279
679.193
648.904
636.505
760.097
699.843
739.905
665.513
729.927
714.401
558.673
598.971
695.965
606.36
637.081
769.879
704.485
736.177
678.576
593.478
658.717
610.42
727.538
781.597
622.048
614.975
577.93
664.452
668.631
628.743
772.396
459.194
656.789
640.63
826.113
691.771
570.68
643.021
672.207
609.547
694.524
591.725
683.267
679.964
718.938
774.746
752.76
621.286
659.866
648.893
631.695
658.561
613.766
631.12
768.789
652.721
790.091
676.638
867.685
773.402
675.684
708.795
582.742
771.35
677.59
537.977
601.541
637.576
728.219
644.524
645.617
652.582
731.505
616.631
742.215
579.879
705.975
588.648
658.71
630.337
666.801
859.649
686.557
548.548
661.634
554.472
654.072
532.594
580.641
658.825
708.55
649.444
597.738
775.663
749.446
624.388
662.737
698.286
722.596
734.47
665.086
653.108
869.361
708.933
755.69
734.44
613.295
644.006
686.698
649.622
728.849
650.67
618.502
592.683
793.256
696.88
724.757
588.365
718.285
723.531
772.56
707.421
637.273
711.366
760.566
712.909
620.176
688.284
676.195
796.008
623.039
635.535
593.193
870.178
660.536
544.584
608.126
671.605
804.167
584.692
818.729
634.43
611.607
603.207
759.932
656.81
681.971
629.393
893.564
517.218
601.189
651.259
695.113
532.215
767.293
515.017
844.185
628.754
720.459
672.946
754.202
857.437
602.341
575.834
639.838
645.68
590.757
615.454
980.277
584.506
710.751
704.752
670.533
612.608
669.521
668.883
675.811
721.205
1219.65
649.552
813.929
756.773
790.91
597.447
612.265
607.455
655.496
616.28
696.273
748.014
570.063
636.712
671.716
598.783
599.614
801.318
653.671
522.71
779.68
729.329
728.431
902.485
711.232
611.405
1462.36
659.643
766.542
726.641
736.428
737.551
755.969
725.013
637.3
741.324
668.493
792.452
668.155
879.628
756.288
658.041
695.305
614.863
564.848
508.334
721.851
664.022
814.144
642.207
665.204
599.638
649.747
572.985
702.903
668.333
719.848
762.666
619.159
790.468
813.946
596.404
649.54
639.45
778.726
626.296
596.869
672.377
583.803
524.263
598.235
770.896
740.54
761.092
830.341
693.822
767.937
816.413
631.099
604.603
754.501
718.021
631.055
727.72
720.029
546.08
730.805
724.566
748.436
719.769
670.142
634.76
822.626
682.379
733.58
559.798
716.35
901.05
557.861
814.226
632.727
660.383
679.44
640.99
764.2
634.327
730.683
664.121
742.584
588.306
721.902
789.409
646.271
647.772
565.169
653.786
848.491
564.867
743.37
644.025
938.868
644.94
729.662
566.711
687.995
625.999
744.883
801.156
717.557
656.011
573.376
532.051
638.174
845.284
753.325
812.846
728.598
629.611
555.612
687.567
673.838
732.542
561.625
590.97
760.074
691.829
814.141
738.581
670.333
779.912
674.576
633.664
691.241
530.092
600.248
676.777
596.081
582.209
558.787
694.13
589.682
698.385
704.397
760.42
912.904
692.628
764.64
599.05
605.635
619.682
803.196
663.008
639.085
621.624
665.381
636.455
669.508
703.36
661.232
636.373
796.707
755.694
642.705
653.652
905.169
633.636
708.702
602.214
809.007
554.718
627.996
647.065
783.098
738.289
735.649
657.345
881.369
724.759
580.116
738.284
774.702
682.583
735.699
857.403
573.092
626.597
551.289
703.387
637.162
796.134
710.675
648.142
637.931
644.52
728.957
1355.87
1098.85
712.38
600.075
757.838
574.396
614.78
658.524
619.809
649.193
705.288
735.541
718.755
888.926
625.61
656.011
611.849
823.323
897.841
699.146
812.12
689.657
637.947
741.739
607.238
677.563
686.861
643.175
695.202
1166.88
697.537
555.397
720.347
606.223
602.333
628.109
1078.06
687.854
612.413
799.793
895.935
706.646
751.55
730.238
765.091
553.516
707.547
731.219
681.366
1666.59
682.044
679.347
549.022
807.214
743.977
656.839
576.402
698.754
593.341
744.816
746.851
631.262
725.329
601.253
673.98
609.33
725.631
705.638
759.011
709.993
680.529
744.688
677.701
751.981
636.721
722.109
588.506
613.672
712.173
773.562
870.939
1815.81
626.327
729.102
737.548
720.408
599.681
787.055
606.172
675.394
572.224
663.771
880.635
887.733
680.598
728.44
633.066
596.206
707.756
628.405
631.281
577.926
643.513
533.398
627.023
859.655
693.063
704.939
675.297
766.998
776.835
818.88
635.735
710.769
675.908
596.927
707.836
679.712
904.783
587.966
646.292
734.957
581.209
612.419
638.013
688.038
976.034
690.805
626.857
582.029
787.708
747.76
739.96
680.235
597.142
635.537
615.024
539.214
638.058
642.35
715.625
616.587
574.873
624.362
615.978
703.918
689.633
743.44
700.904
590.449
647.625
656.381
622.42
687.052
819.253
818.254
699.713
768.242
819.287
968.296
747.8
740.625
647.389
691.105
771.631
611.577
842.831
645.281
726.149
535.689
565.753
712.845
553.004
762.319
747.156
634.183
591.113
720.633
668.463
714.544
622.192
705.889
577.294
680.223
647.536
675.472
635.236
686.63
601.217
679.629
651.102
613.061
609.018
677.436
638.418
721.796
731.311
719.034
773.039
657.233
780.861
677.762
750.948
817.608
684.944
648.065
698.033
673.899
597.757
659.854
665.235
639.54
712.921
647.794
1191.79
667.574
698.83
711.507
697.216
613.475
618.878
580.903
824.021
579.379
641.903
653.152
886.996
626.454
752.744
763.982
667.675
535.829
687.844
640.626
722.941
704.592
647.705
688.443
733.641
710
723.857
682.304
606.555
703.044
671.898
641.524
745.877
674.703
688.27
665.433
640.48
767.779
721.213
646.136
1036.77
649.053
687.694
689.294
599.211
645.943
673.56
656.648
800.129
667.104
729.365
632.938
623.541
661.811
635.06
668.863
760.419
691.601
620.156
683.958
678.371
630.522
589.811
769.788
774.367
639.453
633.253
635.367
707.184
711.544
770.186
768.236
657.422
730.239
620.372
768.092
666.592
1034.54
625.74
629.791
661.215
613.529
768.784
661.908
628.321
785.208
602.443
803.237
786.011
628.909
695.7
723.059
652.282
676.24
533.683
734.826
598.599
692.917
566.495
740.962
724.86
743.828
728.14
761.567
690.26
658.5
587.679
809.506
583.296
777.386
1427.55
645.112
702.537
643.417
682.675
679.978
693.613
649.038
691.839
765.104
764.057
842.796
690.284
681.198
810.871
715.137
730.365
681.306
602.133
646.724
848.404
640.906
1357.26
548.538
803.933
689.945
604.135
779.649
584.712
582.389
616.439
548.763
800.736
747.597
598.305
775.741
548.013
724.399
766.867
888.524
832.295
590.113
677.622
635.786
719.827
958.61
743.993
645.863
629.061
691.494
653.806
649.063
598.534
630.063
723.932
798.271
684.256
729.858
700.615
770.264
707.207
679.018
632.919
619.505
928.575
592.876
501.377
659.81
826.87
734.084
652.887
586.676
707.504
711.156
694.295
770.245
693.8
618.818
612.422
757.452
608.748
572.192
759.913
747.09
743.608
597.191
852.651
769.067
716.816
650.804
765.183
718.813
760.112
537.13
765.79
633.775
725.993
654.415
668.439
805.628
707.032
749.422
1093.48
834.981
600.896
650.189
757.733
657.25
762.473
691.779
585.241
857.515
791.643
688.726
647.67
734.567
652.705
719.891
589.281
789.733
652.417
643.702
835.818
636.485
745.232
733.912
534.511
667.643
793.392
728.006
654.806
787.122
664.38
599.161
1231.08
821.835
631.113
683.051
700.121
788.489
717.507
529.584
654.419
624.651
789
606.83
574.162
757.758
693.86
698.304
613.648
632.015
623.838
753.032
574.527
686.964
746.644
1306.84
780.403
667.108
725.878
837.587
584.422
624.939
626.907
566.782
633.476
793.197
541.043
623.519
743.052
791.615
642.799
665.199
785.677
623.842
660.952
645.462
604.825
646.106
791.684
592.595
653.526
722.59
697.157
625.24
649.092
589.461
694.984
950.003
645.663
620.226
695.142
733.211
678.412
765.13
708.991
611.067
702.111
694.422
656.44
724.247
647.186
846.544
711.938
779.205
628.213
864.83
630.491
617.239
681.412
741.998
724.139
631.561
708.373
755.266
767.91
