845.948
817.425
706.629
917
929.945
857.194
1049.06
874.431
788.859
756.378
963.244
790.069
792.845
844.506
844.988
881.897
699.847
918.228
887.999
853.779
1001.69
814.683
928.267
818.902
954.032
901.275
1055.38
821.617
854.662
901.214
919.511
935.871
747.849
944.075
935.782
947.334
961.857
803.103
806.848
903.69
865.979
782.888
723.09
827.042
864.618
608.397
734.94
1943.51
830.209
865.781
806.914
2003.06
771.221
814.818
821.06
907.139
943.89
858.686
842.28
1024.13
921.672
785.112
813.056
764.414
938.125
774.293
733.155
789.049
871.329
860.608
794.679
947.09
800.16
927.912
911.701
949.227
988.256
680.391
979.682
1001.76
934.066
903.987
761.691
907.704
757.943
869.813
987.035
842.833
801.714
802.434
975.329
880.208
967.945
913.278
825.651
858.723
814.241
882.887
818.558
768.128
805.176
831.902
928.57
969.878
829.928
886.996
802.148
916.347
1183.03
843.541
968.469
880.839
955.834
871.452
943.114
778.129
1081.08
834.16
938.347
852.129
753.453
730.439
935.216
991.528
834.346
677.684
899.871
1117.38
903.55
892.65
856.548
770.569
915.696
865.73
872.999
808.684
857.218
1026.25
997.334
873.654
760.361
757.548
891.042
691.505
1044.21
868.708
844.233
913.241
715.449
1032.89
943.598
913.046
726.223
785.555
912.708
673.182
882.859
886.183
865.788
854.867
874.005
880.763
826.081
752.648
836.512
824.663
805.345
1030.41
1073.74
941.781
852.799
878.072
945.524
895.615
845.267
902.485
867.664
811.715
858.672
658.174
799.827
789.979
1038.89
735.423
807.211
1004.26
854.405
710.169
880.07
904.709
923.312
755.533
721.125
937.539
927.483
949.158
793.736
838.623
1026.48
791.561
1094.95
786.311
793.968
889.359
964.3
818.569
907.371
777.503
810.894
812.194
832.55
738.952
988.529
916.098
867.315
817.747
1096.75
840.188
832.973
847.118
1035.3
919.186
782.573
996.214
829.578
844.511
841.984
1338.42
817.057
804.199
853.084
1055.6
885.062
763.739
931.881
914.209
797.346
764.472
974.921
967.643
928.97
802.289
652.474
850.143
800.168
756.27
824.923
874.17
865.402
840.151
873.904
761.421
813.759
727.934
980.957
758.825
703.503
766.051
820.427
762.872
1865.25
785.348
759.751
753.057
879.567
928.364
719.901
918.946
985.931
790.844
1070.95
941.05
993.773
772.256
815.632
856.382
780.979
847.611
950.74
900.7
840.685
988.163
702.261
964.948
1020.69
922.057
817.186
988.564
845.932
832.304
974.235
811.527
835.474
820.931
1006.56
715.494
956.321
794.39
710.449
773.818
783.752
925.196
922.612
803.549
852.347
870.46
854.506
875.988
774.973
889.111
1135.38
871.252
865.813
795.039
843.565
905.266
862.296
761.919
920.766
720.231
893.071
758.917
797.255
751.965
762.037
963.148
900.853
912.342
829.961
858.011
824.732
938.39
964.33
960.363
856.374
908.218
768.356
860.307
753.167
905.653
1071.84
870.521
1385.02
817.727
786.263
782.456
811.55
904.156
823.316
1064.17
823.752
901.892
961.904
748.24
827.092
818.853
770.433
860.763
893.858
916.721
1054.53
836.81
759.481
923.85
838.544
805.17
967.166
904.909
916.615
781.954
725.58
832.695
985.816
597.766
1308.31
865.592
892.297
953.371
820.432
846.573
883.252
889.646
857.436
743.775
1089.45
938.409
924.478
1000.55
914.487
3536.41
1051.76
867.11
833.654
944.591
843.979
695.228
1146.74
993.812
754.631
748.112
946.681
952.815
895.409
704.265
1018.38
854.798
802.804
744.212
997.585
689.679
1057.27
876.52
962.574
797.068
1025.96
990.366
790.852
882.445
877.763
796.499
908.87
937.26
704.707
971.183
861.237
735.179
966.545
878.361
740.711
1100.9
1028.28
806.791
745.38
805.211
820.691
983.955
872.671
819.735
957.109
994.317
874.318
648.101
939.351
871.941
886.3
982.009
762.471
868.817
739.423
1179.75
923.315
805.341
799.277
708.259
744.384
958.889
822.836
840.113
985.439
760.279
1006.56
857.364
815.659
835.702
821.28
778.226
815.347
836.342
879.544
716.926
908.34
788.882
817.384
917.354
751.863
812.068
841.211
868.768
894.259
816.251
840.928
901.302
798.089
1090.88
928.007
871.332
928.925
840.236
782.543
837.806
652.224
886.914
908.041
960.986
804.051
885.117
701.822
1009.95
710.843
844.893
989.478
909.99
756.487
1099.9
1486.42
737.054
898.105
919.376
816.436
761.108
1140.66
801.809
893.356
1816.02
852.398
809.498
1007.25
974.729
743.137
884.109
829.63
829.792
879.403
971.96
959.419
766.161
1098.8
974.519
838.577
672.669
739.083
1022.14
781.865
777.87
876.9
724.528
972.79
793.24
938.112
851.72
924.424
912.428
792.869
1124.85
792.985
857.191
1015.63
809.187
611.197
897.126
821.721
902.829
879.709
718.523
1062.34
931.067
834.879
834.99
776.109
821.521
723.325
788.736
987.016
1012.09
836.695
1017.7
822.145
857.718
845.392
936.6
752.908
804.295
742.891
913.839
891.615
883.365
836.65
820.684
984.799
993.701
710.159
846.438
981.967
852.821
847.372
787.253
919.54
801.513
1001.2
972.949
834.665
941.376
827.665
830.179
1037.83
792.272
869.438
963.93
772.544
979.13
755.689
913.618
809.197
859.994
870.301
764.772
1010.63
747.631
845.084
862.063
772.879
873.425
892.228
770.972
811.901
1403.99
952.972
705.523
961.16
894.699
941.105
995.975
955.802
847.598
877.866
937.292
965.777
771.575
833.43
973.356
863.698
1081.12
789.227
1149.03
722.532
908.233
884.498
776.713
1092.46
1094.2
753.412
929.574
814.892
903.841
776.256
828.987
1029.53
962.157
886.765
988.519
1048.66
946.267
923.793
890.596
896.192
882.04
812.344
867.54
821.418
917.314
859.245
839.167
759.989
790.809
985.797
864.113
806.533
812.5
824.346
902.302
850.857
987.914
756.768
652.297
754.523
2004.1
752.473
904.483
792.924
799.204
823.914
803.105
1128.96
981.92
1064.18
757.816
1025.78
947.811
875.459
773.857
915.563
884.96
748.685
774.396
813.88
922.469
944.137
1032.73
963.762
856.636
818.292
840.609
790.295
783.699
881.146
755.565
737.84
884.61
920.696
771.612
631.256
779.682
955.955
852.949
1147.14
849.171
764.536
995.603
820.694
869.989
867.933
810.215
868.239
1071.01
788.437
954.688
818.268
917.589
689.914
806.641
741.924
990.548
885.137
856.07
761.652
899.252
937.927
912.331
708.58
797.133
1075.51
760.266
856.736
846.7
915.404
995.765
810.836
1078.02
857.026
554.939
2085.79
852.973
1574.26
832.739
853.376
950.352
1009.88
793.825
956.965
960.401
858.234
1046.28
1039.92
831.73
994.465
864.601
944.133
934.563
808.29
810.093
764.812
789.219
865.436
736.991
689.809
861.634
742.088
950.829
830.141
701.854
776.886
803.468
780.789
781.421
860.516
800.626
753.137
871.466
781.954
1145.01
780.575
909.06
744.318
1003.72
849.005
815.831
943.809
1026.1
862.116
715.332
993.539
928.534
747.122
835.471
863.89
837.033
802.885
896.922
713.19
763.249
976.296
803.987
967.767
903.577
830.45
1049.52
987.096
814.067
941.961
779.645
777.079
829.579
995.285
993.231
888.579
913.235
999.317
801.507
2790.66
968.551
792.821
896.354
1001.81
991.228
811.309
846.365
888.648
806.253
882.344
716.372
869.407
879.923
752.795
872.316
936.158
971.125
1027.41
768.329
858.864
788.832
892.594
919.415
873.613
928.394
946.312
729.312
866.701
759.231
914.045
952.542
994.346
1147.64
1068.37
886.82
947.314
999.986
941.819
819.909
710.487
793.932
784.474
972.249
870.434
670.805
821.777
942.495
752.63
988.142
798.755
726.246
1001.48
1056.36
804.334
1111.06
866.343
868.722
697.902
956.23
855.182
848.093
989.921
911.019
965.83
947.131
1074.58
1003.7
938.76
846.503
850.962
811.69
806.459
901.318
1308.89
833.78
1004.68
781.603
675.745
710.471
754.722
905.636
881.915
891.495
877.596
879.244
894.281
848.072
854.818
914.499
901.192
813.052
773.863
949.862
910.4
892.255
863.156
1106.88
925.207
830.252
954.845
800.134
893.085
821.08
794.083
1048.7
1009.22
925.643
921.325
950.008
707.742
875.169
867.833
840.967
940.418
984.633
819.748
852.057
762.798
786.086
976.029
999.19
728.411
1157.75
1102.09
731.142
1073.2
823.58
843.103
854.278
1032.84
2702.09
792.366
851.583
775.606
872.985
1141.46
1066.94
792.927
727.682
902.586
722.877
1963.39
896.74
1003.08
922.453
722.946
930.198
1063.56
796.634
1096.66
926.339
1055.66
899.694
787.004
915.792
950.065
835.201
734.219
871.244
839.272
685.774
1051.48
851.377
825.004
762.774
999.97
1126.01
881.067
875.011
833.446
858.511
745.693
746.871
819.311
652.104
780.636
1067.14
856.092
838.499
1052.76
982.262
1064.52
782.967
871.655
868.114
1172.36
749.628
774.518
784.846
797.137
710.556
762.335
1299.23
855.052
808.295
1028.5
1158.2
920.125
924.201
770.284
869.684
825.041
979.685
792.384
922.192
944.966
985.065
902.445
851.033
950.103
834.07
877.921
864.92
990.808
951.965
811.408
788.57
916.487
803.167
967.63
831.404
799.758
819.336
951.706
845.666
809.03
771.444
932.535
890.897
780.418
1016.89
806.98
786.375
935.401
797.371
985.187
857.564
1220.3
830.605
797.661
925.621
923.558
898.051
803.255
779.058
829.568
800.24
859.227
940.851
835.067
792.009
962.623
934.783
1124.64
811.844
838.642
826.871
748.625
1156.46
838.177
987.691
854.701
814.312
718.32
1289.29
849.01
966.83
768.135
970.376
702.452
927.777
1117.29
832.361
867.132
917.213
907.226
832.117
925.024
770.246
892.004
883.242
717.225
1149.41
799.327
945.113
848.149
812.137
875.294
904.167
1039.86
708.655
734.38
735.831
841.432
923.391
1414.23
1269.42
808.075
1224.44
877.876
948.965
850.927
1806.66
836.434
828.3
776.173
855.917
1006.52
708.487
908.89
887.571
812.451
854.055
755.353
1090.32
810.867
792.756
1072.43
901.066
984.148
971.027
938.347
752.255
859.071
698.61
796.005
851.888
836.839
762.379
815.551
821.715
973.172
900.83
898.483
889.199
858.566
891.424
708.129
841.394
898.114
823.888
919.579
748.817
840.183
1327.86
933.334
829.536
919.169
851.67
724.299
1079.36
857.396
771.522
810.039
836.102
1037.99
827.247
753.734
865.519
894.984
826.714
676.137
1033.64
848.118
984.286
729.049
899.585
759.728
909.336
790.955
1082.85
765.282
778.534
812.722
842.078
918.461
770.563
789.121
809.531
899.368
820.679
838.363
867.06
812.5
837.899
903.148
797.134
785.858
961.649
772.426
933.219
794.477
735.801
853.628
694.92
781.549
876.282
1150.47
865.396
1032.29
921.764
800.713
785.97
900.685
1174.99
1039.53
760.552
863.787
891.831
771.405
828.908
1184.55
891.599
779.707
783.259
767.09
845.278
868.218
985.134
907.057
871.169
1213.55
838.622
1009.79
982.549
1690.58
1613.62
1103.89
771.02
765.846
762.084
918.063
925.735
1047.37
927.092
904.852
911.639
1104.87
773.878
839.306
835.408
713.099
1066.84
837.734
1058.06
893.038
842.339
1003.77
797.668
792.395
972.936
912.382
785.989
750.848
901.615
990.329
913.748
857.851
692.974
777.613
805.48
809.885
868.152
843.945
1056.77
798.495
860.44
744.793
842.719
703.262
945.524
683.135
910.177
786.999
958.301
734.124
933.028
1197.91
956.064
789.151
940.044
775.776
958.837
835.402
778.275
819.725
794.712
823.853
708.204
1039.17
910.405
928.69
912.682
861.794
933.217
816.577
826.035
892.779
960.669
851.752
955.539
805.501
907.696
812.478
902.186
928.794
854.087
821.752
835.548
762.141
756.38
883.568
790.646
729.064
833.117
798.587
864.386
741.885
849.119
728.867
697.682
844.017
878.179
855.065
714.982
892.82
709.845
874.138
831.325
1053.8
1237.27
887.783
776.349
891.335
782.532
748.204
781.897
865.873
714.092
853.199
910.991
867.531
981.227
828.086
855.216
896.712
833.226
1048.49
1056.94
810.515
729.54
1097.72
826.724
1032.12
835.715
1215.98
878.01
728.719
1012.42
921.766
751.05
900.309
937.435
917.614
815.885
942.842
1098.54
887.459
779.185
1004.9
644.297
773.247
743.881
1129.83
1032.63
887.957
836.219
828.055
843.006
827.771
863.442
801.088
773.194
895.568
892.087
942.262
950.836
864.797
724.57
894.087
755.488
843.504
880.087
902.56
985.466
862.053
810.003
815.229
779.983
917.738
928.661
1003.12
827.071
1262.87
744.961
805.944
861.693
948.436
835.442
966.518
786.237
753.549
944.883
916.109
854.681
801.363
844.814
759.884
770.537
812.737
899.43
817.446
890.943
969.14
953.691
776.333
814.576
1089.36
790.839
839.161
721.164
845.327
802.549
921.373
858.003
853.809
873.436
869.973
821.776
981.421
984.24
783.778
848.204
856.297
834.788
941.383
797.621
850.644
856.804
890.491
815.905
784.575
815.731
771.386
1056.82
856.541
854.548
796.501
867.095
720.718
949.652
790.615
817.198
705.529
706.007
733.951
987.862
1049.43
845.352
929.091
727.513
679.311
1168.3
799.89
789.763
719.077
926.526
727.765
881.333
995.896
656.632
809.289
983.844
1018.8
730.808
870.112
833.899
807.821
680.234
734.099
1590.1
878.573
789.635
953.84
778.337
910.057
1505.69
731.43
920.476
1040.83
866.661
880.935
739.446
931.07
825.181
780.976
966.383
988.511
880.962
791.844
770.881
942.768
1263.33
916.584
686.389
862.914
758.121
1003.97
804.898
803.497
753.941
805.676
921.622
859.699
767.212
921.752
685.763
770.935
882.121
869.599
767.512
777.259
789.392
830.425
804.46
786.938
855.664
833.127
1033.51
980.968
1802.04
1016.02
880.159
648.017
773.776
790.108
755.369
2151.39
977.984
1042.31
866.175
1024.68
951.872
889.729
887.308
940.951
838.416
817.714
738.84
845.129
1005.96
811.848
887.298
892.504
884.846
904.738
839.108
991.142
804.017
842.472
850.15
776.66
819.345
1027.16
824.933
866.825
929.128
796.227
885.548
778.374
995.101
729.306
730.538
905.925
861.878
1066.6
859.485
842.856
732.026
1106.02
904.255
938.085
874.401
798.766
868.303
973.718
894.094
870.317
2076.75
749.041
932.182
929.531
824.551
791.982
786.736
874.377
911.106
860.131
1014.93
854.08
1049.95
718.891
822.234
842.915
773.906
989.191
805.888
1227.45
821.232
757.016
946.371
839.5
1548.6
860.483
908.936
1185.39
831.437
873.899
824.393
1353.04
766.574
872.659
871.861
793.28
908.268
815.472
853.563
788.995
920.011
817.43
845.966
864.706
1173.51
809.694
933.057
770.665
798.687
878.398
829.999
800.14
751.089
1169.54
785.65
849.206
880.909
999.272
947.616
830.523
980.644
915.253
892.953
761.075
822.415
1003.67
989.59
862.542
848.812
1229.97
880.104
807.155
851.527
811.318
1158.06
938.242
875.589
854.193
801.416
776.952
728.589
942.478
739.251
941.942
728.739
800.062
1136.36
1600.11
820.051
921.734
975.154
716.742
829.404
893.841
886.171
907.11
801.873
955.667
917.723
792.143
897.245
723.866
698.051
962.891
862.961
801.334
1072.93
835.342
978.561
813.371
848.433
880.766
763.929
833.855
846.127
797.014
896.097
923.631
751.908
780.826
773.404
880.194
750.367
2714.66
819.985
847.639
957.089
782.578
904.386
991.297
841.926
857.8
821.372
912.176
797.165
748.649
815.411
798.453
681.78
1026.8
715.087
1493.32
722.06
1060.12
850.642
842.813
878.33
820.405
955.928
908.745
1364.27
742.869
750.119
1474.91
883.764
924.483
772.238
893.514
858.311
947.766
826.239
940.091
750.823
826.613
1265.37
934.441
789.677
852.917
915.043
985.314
836.083
618.931
1547.45
902.725
809.952
806.217
811.354
834.907
892.747
1262.38
949.964
938.328
817.99
900.048
858.461
703.002
861.681
1007.96
975.43
739.27
778.962
1034.49
790.35
733.239
711.244
794.327
837.029
813.712
1245.76
879.562
964.442
925.309
825.711
1755.95
983.678
849.681
738.684
844.963
851.266
728.479
970.958
799.22
863.22
1100.85
875.157
794.86
871.112
962.627
904.071
777.743
772.078
1004.72
806.179
857.741
866.025
701.782
961.813
1112.57
969.561
870.488
945.389
746.503
1277.18
902.391
958.953
891.258
734.401
829.698
877.015
869.743
831.513
762.107
1069.02
933.621
855.682
786.813
930.352
1021.95
850.185
804.277
864.774
1105.99
742.014
947.321
824.848
882.801
939.213
903.455
1041.06
929.936
1029.18
653.473
1160.35
897.766
808.662
920.777
727.483
886.031
751.777
879.1
804.697
879.536
846.045
765.264
845.16
803.637
791.999
757.795
924.401
973.183
946.654
875.743
827.592
920.522
884.271
828.499
624.605
827.916
968.843
970.658
907.487
961.338
702.209
1019.81
850.495
848.196
926.409
989.089
947.214
892.497
895.81
842.97
909.677
1349.71
895.297
772.049
730.934
821.471
807.2
747.452
735.872
782.481
968.593
820.913
772.634
924.289
1026.66
1036.62
836.38
820.283
900.853
880.629
941.366
807.039
876.103
909.741
723.471
972.175
946.057
751.861
1069.51
915.733
947.837
802.308
828.075
846.806
824.572
930.76
891.032
757.686
870.461
859.635
747.389
931.117
957.718
871.561
804.556
922.001
946.885
932.547
857.616
822.898
812.916
738.579
705.228
909.654
920.552
939.147
937.407
939.746
772.352
938.502
858.215
985.586
1057.38
870.432
827.571
935.991
1047.09
854.549
771.658
882.685
767.043
776.375
971.34
849.287
663.235
900.675
959.617
850.374
823.415
832.077
726.296
893.175
861.671
1666.03
810.429
781.857
793.218
740.803
828.367
998.318
861.263
927.525
849.285
1021.22
899.757
679.881
902.391
739.314
843.037
817.151
932.676
740.016
817.637
915.029
961.417
749.484
1021.76
1020.86
746.047
788.134
864.221
652.506
917.134
1020.35
828.989
899.617
753.798
778.819
724.444
951.028
802.375
686.619
1048.76
755.423
811.86
922.731
963.941
861.083
886.86
831.433
928.283
1069.43
1026.21
969.42
819.103
856.934
814.667
764.539
770.089
1005.98
861.655
842.952
814.443
829.091
1034.28
970.898
945.338
1199.12
904.166
756.337
774.476
856.715
1009.26
891.416
1033.17
794.305
827.057
917.216
843.068
872.742
1045.45
814.149
741.136
1166.86
893.001
760.749
830.329
968.148
901.376
842.828
1245.54
891.681
777.223
937.339
738.747
878.418
1027.25
822.549
908.41
862.618
851.554
779.572
684.72
1097.44
945.058
812.465
894.653
792.698
1006.99
877.831
803.319
918.089
1041.09
820.72
879.332
1100.77
722.691
787.721
863.97
903.649
1020.35
734.246
998.534
805.87
899.308
1026.08
957.727
851.588
949.799
819.541
657.831
743.05
772.128
900.573
815.718
717.583
767.787
787.35
915.476
882.471
890.59
867.944
860.108
924.308
931.506
668.602
877.723
831.916
1049.62
823.058
1034.84
929.531
1122.08
847.398
800.378
799.482
837.099
952.684
802.174
697.88
836.679
927.883
856.054
834.119
863.013
877.836
809.35
896.73
894.364
902.843
771.288
822.383
867.105
1003.17
829.186
758.661
963.032
829.719
951.996
873.17
1138.61
685.861
815.122
926.194
922.306
1069.39
767.312
1454.05
829.389
781.628
912.175
797.351
954.769
874.997
1039.55
885.398
958.269
815.103
723.529
761.968
743.428
1034.05
1680.25
825.262
838.997
879.36
800.776
936.463
773.256
761.386
848.192
948.307
937.367
824.99
790.214
791.386
838.063
1143.03
887.842
811.448
807.775
723.151
847.976
822.01
998.366
947.423
739.949
1043.3
800.421
753.854
852.938
1737.95
858.814
857.868
833.311
792.138
923.773
886.619
811.692
811.872
880.966
987.373
1094.53
897.642
739.621
861.378
758.841
666.677
687.342
722.845
949.477
895.474
826.002
835.918
853.985
798.455
952.836
815.472
844.423
741.274
1351.68
981.398
1054.87
973.013
779.616
1215.55
811.864
858.855
761.01
1027.63
1025.03
814.079
781.998
879.63
838.379
782.25
805.331
918.921
899.381
829.634
933.557
821.24
844.935
743.624
829.022
809.328
895.553
1030.98
840.387
837.755
871.959
844.453
856.968
896.207
928.057
998.258
1026.47
795.51
920.773
1010.82
923.949
1047.32
926.757
817.428
829.611
904.121
846.426
647.036
2175.03
783.089
795.535
816.497
852.107
824.546
844.408
983.987
811.447
1034.72
907.708
857.022
916.236
918.325
857.728
1014.34
752.564
644.768
1057.17
926.085
874.153
815.359
861.183
760.799
818.941
964.233
813.988
904.287
752.456
1023.77
809.862
740.739
834.18
873.865
1969.03
908.42
842.544
1097.97
811.987
1005.48
1186.56
820.191
709.266
839.872
1079.22
918.266
893.673
862.485
854.942
817.503
971.553
927.448
700.684
885.518
732.726
812.538
910.659
824.91
881.065
824.128
787.807
1004.59
876.095
1032.29
968.683
1170.81
984.393
776.116
821.403
1109.72
865.682
852.357
833.92
868.289
910.615
913.621
839.841
705.888
707.659
839.83
879.557
1180.58
828.867
1073.46
923.571
916.056
875.27
706.252
796.329
782.016
926.614
773.927
904.267
959.513
925.258
760.845
851.07
844.616
815.62
932.623
959.297
821.639
797.595
782.754
1042.04
798.935
878.206
779.478
891.504
705.694
966.297
906.076
757.188
881.087
891.353
824.925
910.549
926.203
906.498
1113.88
872.258
1019.66
1046.68
842.658
905.209
1199.05
834.726
742.122
781.558
926.669
710.524
771.684
908.254
910.276
976.424
1027.94
840.728
799.402
993.645
830.378
891.302
898.137
845.873
740.59
829.418
829.555
942.611
883.01
896.423
709.396
889.292
948.706
933.34
926.508
824.693
758.375
792.239
714.039
917.062
811.624
938.526
821.734
897.197
829.23
915.244
850.418
1452.52
842.315
821.917
891.811
830.577
815.204
895.708
1485.07
916.666
977.445
812.114
953.468
671.464
793.65
789.539
755.503
910.572
951.366
735.101
927.333
946.923
867.081
957.117
791.495
833.196
841.442
874.505
889.207
850.961
897.318
752.026
896.78
837.088
874.549
966.102
914.918
1089.07
924.747
742.786
1495.11
835.146
660.864
721.138
913.115
901.609
896.745
884.693
1040.21
802.277
850.93
857.856
787.18
741.346
771.672
983.529
789.617
830.274
781.018
826.688
749.75
951.105
1007.56
940.294
851.48
949.365
985.402
976.675
867.594
685.702
889.655
947.91
847.826
876.615
985.834
675.907
879.059
914.683
831.114
918.521
1122.9
728.383
801.919
1676.72
918.71
752.437
881.386
875.402
897.203
857.028
1033.28
748.17
774.803
782.176
1697.87
1027.07
1010.61
690.724
922.935
929.226
758.48
737.548
876.965
752.451
1040.2
1136.09
801.351
895.311
809.709
902.444
951.298
692.079
853.308
955.426
854.873
949.294
772.576
990.927
811.566
791.915
855.492
791.518
932.667
773.832
931.804
942.471
876.495
743.527
841.937
935.753
876.859
780.636
895.536
666.35
848.636
763.417
824.254
901.291
920.846
821.818
806.027
1018.02
846.243
932.992
1007.98
745.739
762.752
1087.54
776.233
633.094
987.574
870.852
1010.06
778.107
1629.63
934.389
716.225
751.049
949.639
786.251
873.428
829.454
858.533
1164.79
921.898
1047.89
771.611
966.383
974.43
823.016
857.034
879.919
648.175
951.498
924.892
912.765
881.063
783.253
1051.88
1182.83
918.153
845.97
928.62
784.359
1043.77
1030.69
761.802
1196.12
1006.94
730.514
853.927
863.145
808.189
853.842
1030.67
898.471
959.416
793.472
887.796
848.831
884.636
838.406
938.44
902.249
857.363
859.331
876.623
861.626
914.404
935.672
999.794
782.694
724.707
808.864
769.806
858.772
894.132
800.31
982.659
951.504
787.446
858.539
755.629
871.933
960.315
682.314
1376.05
916.209
1076.48
1100.84
902.453
1016.88
896.715
754.951
727.241
824.084
902.88
749.322
969.701
880.465
729.637
791.32
745.124
684.411
793.668
930.415
899.93
971.311
901.402
886.689
909.535
942.679
692.725
817.38
716.6
759.55
861.518
828.863
874.402
862.452
805.006
910.263
952.132
846.647
863.431
960.003
883.444
815.416
950.168
918.629
720.983
848.79
863.346
672.767
1043.61
804.568
896.772
789.799
852.214
914.15
707.165
933.702
888.243
896.299
903.61
816.644
1042.54
801.713
2368.18
1195.3
880.078
872.87
1042.25
1119.24
802.839
675.689
787.69
898.228
876.271
893.69
944.092
923.638
1386.54
925.234
831.274
893.781
859.802
946.726
951.093
814.756
937.331
672.134
766.896
925.41
953.261
813.273
740.084
882.872
916.768
943.416
853.418
759.629
904.454
1062.43
889.702
840.427
1039.66
973.797
979.837
734.624
693.337
721.38
1057.18
863.836
954.798
1077.84
788.597
1092.54
849.011
893.088
1053.62
771.209
983.235
808.905
779.16
816.086
870.567
805.212
789.223
644.341
860.68
902.632
949.828
807.054
1015.21
1014.57
796.924
1176.44
840.115
890.099
1164.32
795.413
800.488
2325.19
978.006
873.491
790.17
768.194
1155.6
816.6
850.625
861.629
828.354
929.899
928.438
755.033
903.191
754.524
1297.04
867.559
870.179
881.554
815.762
853.74
849.051
918.564
962.952
925.699
893.681
780.027
814.71
854.563
933.663
838.979
876.79
1694.85
825.928
681.276
847.826
963.614
619.148
849.368
863.526
918.28
787.071
983.386
674.138
895.275
999.531
774.886
875.296
663.045
924.441
841.922
754.717
802.375
765.932
986.172
875.599
1055.23
853.369
887.55
709.116
843.235
799.074
806.014
1008.21
968.565
743.578
800.294
964.099
1451.7
1166.54
954.432
781.565
932.137
898.155
862.055
878.459
1073.75
977.241
801.185
823.751
923.109
852.767
884.193
749.855
863.821
953.687
875.688
922.393
824.978
969.665
1030.62
851.454
853.64
908.469
857.293
843.652
911.068
944.216
1187.47
1191.06
791.716
1811.69
877.777
949.813
848.569
695.262
1238.92
818.553
883.929
868.034
744.731
831.681
980.546
1533.43
857.549
890.244
853.283
997.424
980.378
874.331
818.861
959.964
913.514
881.978
727.651
737.299
836.19
1057.31
874.447
828.296
978.341
832.979
829.639
840.01
744.872
1050.99
1286.83
787.634
968.203
960.356
877.764
916.081
744.391
986.81
746.059
785.888
722.699
843.011
828.891
943.813
890.426
902.635
890.164
995.472
1084.56
883.917
958.807
732.076
766.132
930.182
969.722
907.389
1073.49
861.005
984.332
936.981
926.085
894.728
912.514
921.495
930.548
951.571
802.139
885.573
843.126
965.426
847.347
778.168
992.611
852.01
783.964
778.56
881.697
771.892
865.63
909.794
817.285
891.601
790.732
881.541
688.792
969.446
768.662
1021.17
797.418
822.688
1237.82
860.979
726.625
728.433
1113.7
770.942
863.283
837.72
983.121
817.112
917.59
750.607
952.824
894.197
855.719
839.125
884.967
816.023
1250.05
920.3
795.551
792.766
841.507
986.106
764.262
806.003
848.091
948.086
1996.26
925.04
903.647
804.413
890.545
798.145
978.023
885.419
954.465
912.599
769.912
754.359
952.836
878.177
846.996
723.469
1124.24
866.757
785.013
844.084
954.645
953.226
792.246
816.661
886.69
929.301
981.008
969.714
879.393
801.738
790.444
1090.8
904.692
734.633
698.718
823.549
727.079
960.155
858.429
896.546
842.016
911.586
1124.7
879.732
1004.32
853.208
780.023
917.462
818.889
951.757
768.405
947.986
788.423
822.993
934.908
799.759
767.374
775.626
867.064
912.945
885.075
802.043
859.295
840.107
678.695
780.343
1095.65
715.54
817.386
860.196
851
932.36
968.467
844.783
1038.97
929.36
801.434
866.632
860.786
1047.56
828.224
855.21
792.505
959.247
880.599
718.566
917.497
759.229
876.648
849.012
736.781
796.169
991.176
927.561
958.036
942.593
799.263
848.827
798.128
826.264
867.276
1072.51
725.101
1049.94
1009.28
770.454
806.461
883.638
819.216
864.01
747.402
976.259
1069.35
917.831
745.686
809.472
839.934
798.631
837.437
930.485
670.648
853.092
983.772
765.902
773.421
1000.99
1009.27
1503.95
881.309
855.564
775.191
923.371
980.844
899.372
1043.68
838.932
896.992
909.745
911.615
950.687
902.008
1149.34
939.238
807.348
999.754
948.499
841.282
713.494
926.164
756.588
807.353
798.024
1067.54
926.444
930.673
976.037
664.245
782.751
817.905
826.882
697.455
830.457
835.008
670.285
924.568
768.771
1161.73
782.336
828.025
812.511
789.841
786.399
793.775
885.165
839.843
867.107
818.745
826.224
810.203
720.142
962.019
1033.82
824.544
855.282
783.143
790.677
789.401
958.723
882.068
953.93
782.196
993.629
788.046
898.053
897.015
835.77
830.763
856.314
743.039
1083.4
872.334
1032.33
944.344
875.083
861.871
908.092
1112.96
838.676
918.148
839.986
799.384
812.961
779.668
961.729
859.332
809.74
969.56
843.772
934.772
1019.72
1083.03
822.709
1098.06
916.771
942.467
967.679
993.32
799.977
901.485
908.062
819.959
886.766
740.569
970.801
1074.23
838.231
802.6
1133.8
802.196
920.348
813.337
773.678
880.369
827.12
714.918
1090.19
1852.49
882.372
719.747
941.56
987.763
892.729
672.746
870.195
903.138
926.417
869.062
975.056
870.565
946.816
806.327
870.315
808.88
807.197
829.977
787.435
878.609
918.02
1079.53
740.224
775.433
1048.44
1114.2
768.846
1047.35
1012.52
857.319
799.902
809.904
882.884
820.64
769.504
873.01
924.248
733.987
827.232
831.138
1108.06
881.502
859.242
751.923
789.421
931.777
785.268
844.241
1160.02
770.572
770.665
847.641
873.959
783.084
917.175
935.87
890.602
847.463
842.705
1041.15
904.522
757.103
798.277
859.031
784.705
943.306
832.217
930.451
717.083
789.171
1090.81
817.382
852.052
750.968
926.859
882.473
897.799
844.374
793.985
769.01
804.142
826.464
889.633
993.477
968.738
795.871
833.781
1033.21
902.537
1154.49
817.765
870.23
791.149
920.037
831.34
885.9
989.754
896.771
994.896
886.137
864.329
751.621
900.778
877.183
812.585
893.783
901.614
854.511
960.879
865.571
877.516
1585.7
776.15
920.69
863.434
1173.54
1051.58
811.623
791.362
914.823
795.759
721.865
779.907
926.318
771.825
912.88
954.434
848.814
902.543
748.183
766.136
755.472
699.132
786.945
799.678
817.756
833.813
782.121
812.791
764.793
744.236
1193.05
976.295
949.925
764.041
846.861
781.226
871.012
1072.09
980.638
839.594
689.955
821
867.389
879.982
676.564
935.273
874.265
784.531
935.526
760.796
996.13
773.843
867.152
904.191
832.169
802.214
972.971
859.969
805.848
930.417
886.042
943.374
892.932
862.056
842.111
677.808
857.956
1033.46
1762.47
851.821
860.124
809.606
740.75
833.014
800.963
809.995
2306.95
863.08
892.554
980.256
769.212
847.167
831.334
1505.63
695.574
835.026
1059.91
1195.12
845.452
800.898
944.595
956.019
1216.57
856.218
922.695
782.972
980.81
877.597
962.844
903.759
959.519
822.05
823.723
965.033
738.729
789.677
876.352
1027.62
841.869
887.038
763.555
880.828
899.615
878.929
858.237
751.258
789.458
759.298
790.985
812.707
992.115
970.423
945.863
793.535
783.799
760.957
816.575
1353.51
721.216
782.368
742.311
713.477
923.329
860.037
869.111
795.812
917.061
853.954
776.315
773.066
894.189
898.451
791.053
875.185
1004.63
818.584
864.474
809.434
1727.49
848.619
931.164
746.279
886.067
950.021
866.367
811.995
986.494
786.644
735.684
806.651
764.715
964.224
863.176
736.757
984.495
896.291
944.624
768.757
937.503
757.817
844.353
846.183
954.937
1010.15
1039.29
837.771
833.622
812.357
886.595
764.441
789.839
753.176
820.481
941.886
958.389
833.288
726.898
983.363
851.252
884.672
824.478
1084.76
873.348
989.96
914.689
731.284
792.646
959.069
861.974
1044.35
965.945
787.655
818.801
1041.21
767.17
848.558
759.394
877.155
862.331
886.614
867.319
872.106
784.639
892.12
782.595
805.72
910.855
813.898
832.796
895.209
824.106
934.145
835.832
975.026
708.383
964.908
1022.77
795.114
1017.49
747.164
906.94
909.711
953.493
1100.17
1764.15
877.986
931.676
911.42
784.614
724.318
833.966
825.506
1122.69
921.519
980.945
877.333
1096
796.87
873.971
848.802
846.647
1026.03
681.749
949.868
1097.6
868.034
837.843
786.275
1066.3
847.145
735.276
778.258
909.856
756.088
943.239
810.5
876.764
750.418
836.696
765.222
1957.02
812.858
859.03
959.811
835.04
818.916
893.353
865.96
1014.25
831.428
834.409
1000.88
876.294
879.245
829.643
1874.99
942.595
825.645
1117.43
1001.25
953.628
748.14
802.62
910.29
893.732
989.389
831.811
879.284
757.245
802.729
840.549
818.833
998.033
738.155
835.188
833.42
839.688
988.462
795.37
848.433
733.311
743.408
884.638
801.291
1015.42
746.976
956.332
835.51
916.054
1011.81
747.815
1130.88
842.598
779.355
760.742
984.85
821.108
746.676
753.781
687.885
886.211
745.359
799.908
801.521
839.3
880.28
1072.31
894.5
756.164
795.976
1109.54
1021.89
815.498
762.474
984.655
937.33
839.123
864.058
824.239
1035.76
919.042
793.209
853.36
929.323
740.411
829.713
757.682
854.631
964.648
934.236
733.648
902.668
1136.19
799.047
839.866
860.016
889.851
724.962
980.021
803.986
884.539
837.572
934.082
747.693
849.798
892.703
813.675
1044.63
768.751
738.995
704.178
1055.03
957.931
744.333
875.123
901.938
957.554
792.538
723.278
826.464
867.145
889.774
860.818
810.992
885.28
875.847
716.82
839.445
1003.13
1156.69
882.631
853.048
869.42
784.59
918.938
679.437
934.457
742.731
852.861
713.408
869.049
832.595
842.623
895.869
917.298
1070.23
771.554
834.431
856.56
1159.41
775.129
698.694
813.709
912.238
832.19
798.504
825.071
762.362
973.188
1019.02
811.754
800.084
758.832
895.59
1076.68
1006.08
841.956
898.161
750.68
1026.06
985.165
764.565
1094.73
1643.06
833.437
750.64
868.514
897.754
894.887
1029.99
749.573
897.463
831.062
952.073
740.944
784.819
796.063
798.359
986.373
1058.97
835.123
814.804
774.155
995.521
873.299
882.866
807.728
781.534
806.862
1033.24
765.113
746.401
720.099
804.747
888.458
851.537
745.509
1172
914.203
999.384
852.211
1050.45
997.338
827.565
704.508
788.217
975.995
864.877
836.188
998.043
821.837
793.837
783.334
901.094
873.85
781.669
782.073
787.926
853.291
2229.62
791.045
1019.32
812.549
826.459
885.878
862.9
815.021
1331.37
840.984
880.127
753.349
809.42
830.218
774.336
862.051
878.564
983.138
800.254
823.274
909.17
1131.22
729.452
925.384
1011.26
1189.16
686.115
858.612
792.514
838.087
1038.91
961.603
1017.16
854.608
916.222
763.931
838.07
689.041
1103.39
863.238
777.242
865.027
905.765
793.603
899.478
860.767
880.312
1013.04
790.978
925.534
1222.33
838.132
763.225
1010.57
763.006
677.297
920.342
855.263
936.372
884.871
968.506
842.552
779.084
870.652
770.213
850.715
909.494
951.889
829.481
758.99
812.665
977.725
764.826
808.968
919.666
921.338
806.817
781.365
905.254
992.194
1106.93
960.039
904.997
862.755
714.257
855.758
859.322
1109.6
895.859
777.784
924.789
989.85
752.168
810.239
847.857
803.132
864.598
1065.17
947.183
804.855
894.837
954.538
904.851
931.091
750.19
839.852
884.077
990.366
737.466
891.324
879.925
708.193
812.749
770.744
1062.04
824.076
1013.09
989.464
776.48
817.974
888.587
767.814
723.091
863.832
829.067
963.494
915.314
938.717
1170.1
805.488
789.015
933.794
711.911
822.286
1032.71
771.495
852.548
819.464
1012.94
820.982
1089.28
915.698
870.912
1069.12
749.501
740.408
766.014
787.647
970.628
878.211
855.701
804.055
1002.39
828.087
858.558
887.3
975.881
785.123
778.468
789.095
967.327
780.696
774.361
845.471
827.783
949.817
819.528
933.985
961.871
872.439
932.495
823.218
776.975
829.447
763.025
897.532
723.417
1119.65
643.979
915.768
816.552
763.165
879.198
891.005
784.945
830.384
771.427
1151.23
1002.24
784.905
841.206
885.684
801.284
700.409
921.159
965.657
804.979
752.551
988.257
981.259
786.838
662.452
965.602
842.843
914.559
910.425
741.172
915.939
821.423
1185.99
771.426
868.019
763.739
948.008
865.886
686.987
974.803
712.202
720.348
826.646
1160.73
888.361
948.214
918.661
846.785
913.09
928.472
854.319
2281.32
822.968
881.49
967.092
877.405
927.726
965.915
969.607
966.007
776.473
824.441
1016.91
650.124
745.952
1018.68
828.575
765.388
776.691
692.4
966
829.763
1104.99
798.459
845.61
1092.92
690.694
841.283
809.477
715.092
830.533
771.411
842.365
1125.21
1039.88
891.113
1059.84
815.743
845.723
827.623
881.197
1043.87
961.637
798.018
942.003
732.561
949.908
678.777
823.775
973.805
833.354
1042.43
1037.2
927.104
934.344
901.934
853.452
669.845
786.568
777.173
1862.85
945.348
792.821
951.423
747.107
794.399
940.046
1053.56
2275.98
822.523
907.375
1063.37
946.002
860.4
797.824
841.248
951.666
803.457
850.013
733.569
741.36
716.143
946.902
972.614
928.257
1014.47
957.981
885.932
1727.29
908.155
894.24
985.445
1147.92
736.608
917.398
933.024
763.287
763.876
942.21
979.777
931.384
1009.49
934.006
883.874
797.19
801.673
852.736
737.447
1008.1
751.361
865.167
929.76
823.762
1006.78
906.439
970.553
836.989
902.192
838.632
717.484
921.652
1010.77
1000.11
906.141
935.452
903.835
970.674
909.602
1010.85
805.131
910.675
922.701
1000.89
970.459
1196.18
656.159
765.479
713.701
962.065
980.366
770.268
911.758
803.339
939.114
805.272
877.811
1070.92
785.674
874.03
1002.38
874.119
772.193
865.654
902.616
770.694
829.154
780.864
925.926
871.777
940.916
910.455
871.773
941.567
867.406
856.675
693.49
807.108
732.955
883.374
1013.87
898.314
1188.61
911.6
825.978
759.468
917.279
1760.11
916.191
1085.54
878.34
1004.97
923.719
1053.11
856.104
988.436
814.604
809.045
733.517
998.897
1057.76
882.054
702.526
919.403
1069.76
785.627
781.158
871.87
807.383
906.821
779.281
846.059
817.342
898.753
881.688
915.104
916.832
930.538
982.504
807.511
854.673
986.317
790.032
720.221
773.012
902.368
726.066
847.847
1036.31
876.954
876.389
850.512
825.896
950.595
778.878
792.936
1699.09
818.878
871.795
796.472
1108.22
814.969
1106.5
1074.07
782.328
763.151
936.346
956.253
1019.13
863.632
928.402
915.176
740.248
755.001
1032.18
848.334
863.544
866.484
1191.75
1007.15
1178.4
819.41
890.629
734.094
1137.77
783.048
814.018
2331.07
871.143
986.264
860.643
866.627
867.797
1024
1027.47
859.204
1104.58
844.444
812.688
809.276
821.497
752.471
833.8
834.952
849.434
802.556
899.984
633.737
783.513
864.513
980.871
772
931.706
932.765
771.731
867.666
821.503
919.982
913.733
709.349
1120.42
919.94
1087.88
1490.07
1006.63
935.736
902.566
957.037
859.958
676.138
889.365
1010.03
832.7
688.295
877.198
814.729
690.373
799.421
798.516
1044.82
764.023
839.782
1003.98
878.237
903.604
790.321
805.028
993.468
854.395
990.311
830.507
885.64
807.967
819.831
872.614
859.582
800.121
853.195
945.061
818
1062.93
1030.05
1227.71
901.217
834.045
823.27
818.821
723.881
710.947
1074.88
798.778
811.456
806.912
938.13
822.893
966.846
837.331
948.205
878.281
823.542
884.407
1049.46
849.592
777.19
715.861
845.513
802.331
889.983
850.007
763.663
805.89
800.241
994.029
758.205
768.009
889.406
798.017
805.604
886.167
968.67
982.922
850.442
764.087
848.727
913.274
835.672
943.934
835.715
767.158
826.505
976.917
917.563
1138.5
710.205
878.106
780.232
825.125
827.837
964.212
929.734
821.107
724.481
922.682
892.278
823.343
881.466
989.508
672.675
1148.04
857.173
876.079
1050.65
978.662
1037.14
913.474
921.967
842.312
820.076
848.35
759.641
943.475
905.573
752.49
1021.28
895.049
814.291
1168.34
1000.03
1043.52
834.873
921.544
1059.42
787.633
943.348
782.172
810.779
960.209
1032.84
929.216
891.184
878.917
800.907
897.655
1050.91
826.679
915.632
1166.89
777.022
739.285
966.63
838.155
866.835
1036.29
897.748
841.159
747.49
874.087
986.815
785.887
772.485
931.267
833.625
719.15
1028.54
824.017
863.895
954.35
828.335
837.182
977.101
773.707
979.607
893.991
686.819
922.932
885.437
778.629
1003.23
824.688
779.377
885.639
1096.59
944.169
940.978
811.919
947.226
944.663
981.137
901.341
886.548
740.665
903.039
697.666
1176.01
885.779
858.314
830.083
795.333
942.33
815.66
878.358
801.231
825.708
1023.57
887.402
1044.21
925.014
789.045
707.875
954.596
874.649
892.181
956.348
871.767
780.402
684.889
1000.41
1008.82
970.577
793.44
796.867
910.924
864.318
902.685
786.81
831.664
903.813
897.227
889.727
732.637
931.469
793.036
913.188
885.774
718.833
984.056
1037
734.236
862.67
939.951
697.164
975.595
800.267
976.641
779.268
748.104
763.597
885.396
873.283
867.372
885.533
878.064
888.517
824.229
987.291
859.043
917.684
737.03
866.081
964.939
921.206
833.662
782.274
872.72
954.497
832.162
1088.13
795.922
798.21
743.646
878.666
820.189
878.461
914.926
804.885
928.089
768.663
744.785
856.227
832.591
784.161
858.556
918.397
726.567
1049.81
822.904
893.915
977.567
867.396
1038.21
1009.04
844.935
923.414
783.347
2472.8
856.758
853.574
917.709
811.796
931.339
830.597
924.355
811.552
781.532
732.578
811.32
836.638
855.915
811.951
848.456
755.091
855.178
1026.01
861.385
1091.32
825.731
920.074
776.655
793.423
753.722
750.097
731.305
807.253
800.624
765.484
868.2
1123.61
930.034
822.333
708.337
931.08
872.065
1066.47
904.17
859.255
850.052
823.933
702.601
788.855
782.749
816.581
940.005
829.486
892.649
886.11
717.308
819.092
740.268
841.952
820.707
794.626
1003.96
767.007
944.162
912.143
936.358
787.264
848.119
761.984
809.605
858.962
862.817
2419.12
1060.56
868.751
1053.17
911.289
846.583
844.861
1012.57
692.419
979.867
805.909
756.217
829.805
783.698
686.35
714.779
740.581
884.623
970.185
961.744
890.403
831.096
858.774
859.055
971.981
825.248
908.166
846.237
768.627
826.832
787.484
946.45
983.588
1948.38
742.716
821.152
985.672
1023.99
838.993
742.951
791.145
732.832
1005.61
999.598
805.392
942.093
946.564
821.318
808.454
970.955
762.281
886.659
1008.24
884.982
1060.35
693.757
775.979
1144.12
1010.5
756.107
668.226
910.063
1282.68
802.242
911.57
699.489
994.448
811.946
906.866
820.284
796.967
776.496
801.908
824.301
849.902
767.076
912.133
916.767
1068.41
708.265
719.029
799.591
753.225
858.549
723.283
1172.62
938.945
738.131
812.907
1009.84
753.624
897.583
959.406
999.729
823.783
964.3
880.465
952.615
886.748
969.597
879.713
834.129
940.074
847.517
778.834
825.953
866.697
978.604
736.79
885.323
752.436
929.313
794.589
934.722
1006.16
963.164
785.295
1001.68
901.02
941.607
1135.57
1032.55
1063.57
773.437
942.487
746.718
885.722
844.603
1191.93
876.275
940.084
779.861
934.094
821.735
749.124
931.305
829.435
841.295
748.91
1071.77
907.948
1171.25
870.073
1018.05
983.353
783.03
1028.75
830.325
979.678
840.483
791.812
897.183
835.772
882.115
982.008
771.537
816.733
985.494
1117.57
971.237
799.099
729.61
1194.3
858.968
782.589
828.936
952.635
1967.11
1146.01
962.148
776.105
954.067
803.091
812.625
839.95
925.265
826.25
959.066
751.219
762.066
919.019
832.618
881.856
1005.48
778.889
977.637
1105.58
1002.49
879.935
939.893
913.695
852.213
834.911
756.103
861.612
1008.9
934.551
986.837
753.415
868.84
1522.35
1009.98
841.256
983.324
802.815
1100.52
969.32
918.948
793.644
920.837
880.073
972.86
888.754
1043.37
940.451
845.89
932.814
734.235
896.354
861.432
749.246
842.535
978.828
887.087
877.954
704.87
811.39
854.477
1072.5
986.695
750.619
904.974
902.477
841.902
958.916
858.259
885.282
743.901
698.304
776.708
969.564
783.814
805.009
784.783
845.137
733.786
1016.09
966.001
773.026
830.779
1022.77
910.615
867.847
854.302
963.71
752.725
896.235
920.319
991.012
945.245
948.073
902.358
795.259
1292.81
934.262
815.642
787.325
1159.7
899.775
2505.56
791.323
1800.97
911.376
718.25
822.474
881.845
878.579
708.738
924.384
812.822
907.883
856.093
632.287
774.29
986.588
1095.77
791.045
834.171
817.613
942.482
845.25
711.385
978.97
882.32
708.269
1022.67
937.241
852.815
828.867
845.004
893.227
1053.61
776.642
784.026
776.148
912.723
788.581
1029.49
817.057
899.334
759.976
846.988
802.045
812.862
931.826
912.893
1128.2
1087.71
849.547
845.62
944.82
769.878
698.967
848.889
759.961
903.941
857.29
911.715
854.715
1061.73
756.741
807.292
833.888
813.255
833.524
927.067
934.606
932.556
833.949
896.5
879.693
832.699
772.171
784.926
834.565
787.805
960.793
894.268
1011.84
761.892
841.385
1015.69
1039.55
799.701
930.546
718.778
683.945
993.434
800.688
799.005
748.918
793.869
1021.45
967.103
926.272
841.481
933.749
937.047
846.892
851.568
818.612
878.573
920.908
887.841
957.028
720.448
842.41
791.274
1038.52
870.179
835.012
1004.37
1157.75
779.655
760.639
981.719
780.166
1186.45
746.303
789.668
680.312
976.868
690.473
903.124
756.327
1101.23
753.739
921.344
1157.16
934.596
1029.35
920.81
635.753
812.445
734.025
945.342
851.866
858.836
784.502
803.341
762.422
868.095
1066.26
891.162
844.644
935.844
1015.37
828.214
1043.1
840.353
769.115
935.788
917.864
920.739
811.636
923.836
773.939
738.675
909.938
1093.05
722.976
917.418
743.793
882.567
800.421
782.141
955.385
892.417
915.779
830.319
1049.34
921.244
1019
867.655
898.187
749.971
779.113
772.813
911.511
856.018
749.782
1046.73
759.269
679.665
861.647
925.474
928.098
756.809
910.633
911.119
1063.19
783.707
965.144
922.171
872.22
911.982
937.607
894.862
775.39
849.26
786.455
1011.55
791.699
858.04
819.098
773.65
715.635
842.383
825.464
865.132
858.444
938.103
689.373
781.939
1033.37
789.883
820.013
957.444
766.772
716.407
867.643
969.937
846.192
724.776
744.428
724.307
763.475
693.859
983.493
1016.95
991.64
835.802
932.479
920.497
899.893
983.589
878.383
820.939
838.04
939.068
823.091
800.9
941.512
980.687
1000.4
844.61
786.99
1072.99
844.904
889.084
768.794
738.569
762.983
1010.52
792.41
854.868
942.027
899.338
999.13
851.337
836.278
890.513
896.85
858.107
950.956
935.012
827.935
852.142
800.768
891.13
775.599
978.181
822.567
854.252
813.381
766.84
943.936
805.52
739.146
995.823
878.376
916.794
863.435
726.347
1061.42
850.549
1008.75
831.037
967.588
996.994
995.55
966.682
809.228
979.85
903.978
1421.07
976.732
748.259
933.736
935.528
918.586
1179.76
928.369
793.897
846.88
890.321
889.786
829.813
921.064
827.842
884.987
789.657
787.207
975.927
1042.8
759.549
899.631
917.922
896.99
744.004
781.966
907.426
900.298
847.471
1730.56
863.543
797.787
786.905
914.141
734.284
820.954
857.11
827.136
961.255
815.077
921.452
775.572
780.437
927.092
889.083
969.309
923.957
944.702
759.894
988.705
891.257
951.415
1051.98
793.261
895.458
856.784
903.822
1090.93
831.013
799.932
761.03
1017.8
861.21
856.789
1134.5
920.2
1056.4
817.245
948.627
816.702
815.642
932.886
878.356
867.322
679.867
1040.24
846.395
1017.47
1113.76
784.51
949.036
835.679
795.836
819.871
918.816
827.726
931.809
844.229
1095.11
741.196
802.457
1130.14
1079.98
916.233
1168.95
995.97
854.224
968.628
803.444
937.664
943.935
815.88
865.16
1908.3
922.194
1152.22
849.423
895.081
854.526
907.169
768.867
789.737
1146.69
902.828
792.898
844.4
916.876
1841.17
2540.63
946.174
821.234
916.597
816.033
860.076
961.863
975.988
1016.02
743.974
905.534
751.808
856.138
1885.34
906.156
860.424
870.758
684.244
811.477
830.625
998.271
1142.31
1027.27
890.626
784.028
836.56
1145.41
813.45
954.657
1004.75
785.859
810.687
886.379
911.65
925.183
810.071
830.172
972.913
832.76
848.064
735.483
1024.86
882.925
1002.21
893.099
976.25
908.124
1024.53
907.929
922.006
792.734
712.38
727.087
770.838
1050.45
751.343
717.61
708.593
960.558
915.672
980.545
1159.74
861.375
824.863
822.493
812.671
833.574
814.927
892.85
697.611
1065.03
833.763
970.168
978.846
823.493
734.028
774.825
768.173
865.409
845.155
860.027
1136.27
849.002
880.031
920.889
935.654
885.133
940.85
942.407
1076.24
856.612
856.857
772.492
791.503
862.61
857.316
920.964
875.222
739.413
964.409
911.803
1035.24
909.807
756.787
1002.16
1027.63
777.469
1038.2
738.916
974.469
769.228
841.812
688.188
887.922
682.911
793.159
923.134
1078.58
906.012
982.275
1003.19
791.848
863.43
800.285
1088.29
998.26
856.701
742.256
939.852
730.634
831.212
736.357
839.453
825.783
751.4
967.531
815.393
851.796
828.706
829.55
1048.73
746.328
936.481
992.462
1063.63
885.321
1049.73
748.702
792.477
875.602
953.27
842.352
820.015
878.263
859.548
887.056
891.63
809.371
875.913
923.808
842.411
841.367
865.111
818.2
897.316
798.115
739.066
685.501
744.844
951.564
814.525
952.83
951.873
753.912
771.566
1126.15
736.34
722.404
1018.17
861.907
865.516
925.127
914.878
779.779
811.711
1017.91
951.551
854.77
1129.84
969.454
813.72
871.27
1582.83
797.954
847.746
1009.33
823.342
890.934
820.889
863.519
925.887
761.825
825.237
866.387
892.055
812.177
800.216
955.187
770.351
820.783
741.951
881.997
962.364
913.208
868.96
765.921
934.235
788.129
1063.63
794.756
988.627
829.285
869.63
844.245
827.145
912.472
794.443
853.17
1016.86
766.977
1067.6
965.064
761.14
813.097
776.55
912.277
890.274
867.983
996.672
744.086
829.7
717.199
755.894
769.855
1028.85
913.368
788.827
996.982
897.607
925.516
865.894
877.941
892.467
1765.95
796.993
946.351
834.724
972.539
843.135
921.318
742.83
759.912
903.695
897.428
872.572
995.674
707.386
958.798
862.576
784.766
897.761
925.816
797.053
796.495
882.496
941.035
853.804
921.898
756.945
753.298
915.111
844.623
889.55
816.531
714.7
908.153
815.818
897.971
1000.28
805.621
897.245
743.201
925.484
952.331
727.05
951.677
1036.98
973.81
754.711
966.434
1116.81
894.696
900.451
708.891
869.28
896.844
891.639
969.577
903.258
931.303
773.979
911.504
810.967
1085.12
948.989
842.119
772.249
905.574
1026.72
885.224
918.51
945.407
910.07
755.337
958.578
1003.6
814.661
1092.26
781.785
792.001
946.329
841.443
735.648
965.322
1288.67
798.339
669.374
839.544
878.849
803.078
912.911
857.592
959.133
750.312
965.785
1042.19
970.884
916.382
848.269
950.55
882.184
881.63
824.189
806.329
862.586
878.361
880.95
804.918
1065.38
829.474
775.491
895.921
771.773
883.59
915.692
746.195
723.452
1898.21
1003.23
829.474
916.057
896.496
809.878
725.938
854.861
871.863
758.356
879.616
840.732
860.98
809.877
1017.68
753.238
754.691
919.308
971.887
849.762
875.608
862.461
927.624
734.079
800.462
743.635
768.066
913.154
622.899
949.935
741.593
959.593
881.422
1004.61
990.67
790.236
1983.22
1134.24
828.733
1081.59
898.123
1863.99
878.669
926.898
737.319
814.549
896.584
854.514
856.58
944.196
749.122
812.334
1004.68
795.663
1133.58
848.803
737.445
848.133
809.198
872.377
907.817
780.754
1149.05
820.174
856.795
772.302
1027.29
1029.44
860.855
902.328
1004.11
800.569
1034.02
979.982
1005.14
949.371
998.798
883.628
803.496
836.938
783.592
802.359
808.265
1073.06
821.919
690.481
850.293
1073.77
1004.37
914.086
868.339
924.338
923.53
890.225
848.291
817.68
942.057
832.302
857.473
943.73
743.805
678.316
1008.48
823.364
853.204
925.35
971.243
922.53
906.147
853.378
885.033
1060.14
889.12
964.862
873.856
910.791
844.576
755.777
1157.18
880.865
768.736
904.025
861.351
637.77
780.404
731.32
680.54
1022.95
895.461
950.291
768.99
950.821
948.04
817.8
759.482
786.721
1016.77
1147.46
764.564
979.124
1078.8
854.418
869.884
955.169
807.696
946.08
836.468
2090.36
818.477
886.15
841.73
723.565
1031.47
900.357
852.897
816.904
831.969
1053.39
778.571
1018.87
908.542
898.717
818.624
909.842
868.828
1004.17
802.464
770.125
880.084
950.891
786.568
862.946
2624.77
834.906
910.158
1044.14
797.117
689.044
731.228
928.204
1043
759.69
1008.46
1011.7
938.475
818.656
693.244
858.607
735.075
960.565
775.87
856.305
820.766
863.656
798.391
889.115
820.63
948.264
822.65
924.743
969.476
756.515
863.324
1284.61
746.168
789.42
742.189
883.159
766.96
1312.97
1120.44
815.383
958.606
972.397
837.129
805.436
1003.14
1050.84
791.637
777.631
1085.22
785.817
966.265
835.174
744.909
1016.87
821.985
813.774
937.269
773.168
832.592
870.572
683.588
1170.28
864.78
775.05
1068.69
931.02
918.185
841.828
956.974
857.169
836.727
839.307
791.925
912.603
848.203
819.401
1024.27
860.846
729.857
902.339
950.764
904.971
861.961
879.516
799.406
750.942
802.465
812.202
919.08
706.188
954.968
797.061
833.498
744.662
770.768
739.032
820.649
746.384
1077.7
832.962
1124.83
980.989
867.24
753.765
828.279
798.992
718.398
744.195
752.167
734.782
842.834
996.182
965.205
727.109
1077.19
743.037
772.686
788.322
985.866
951.295
833.197
852.909
852.563
963.239
767.042
916.185
755.864
785.683
833.974
974.239
937.005
722.758
890.029
762.937
905.731
938.531
833.292
1011.08
990.752
1046.6
774.928
1739.26
1151.93
886.911
958.365
815.788
934.452
808.946
922.541
982.706
709.183
864.846
844.751
775.681
829.685
954.673
853.12
980.122
1036.02
862.617
900.593
879.258
907.97
986.702
894.301
726.94
880.154
933.752
1019.99
1054.76
834.747
835.343
970.392
866.319
807.453
866.085
737.031
890.951
897.38
813.93
825.701
771.887
798.19
852.674
899.04
760.321
781.019
1030.88
1785.34
1046.67
735.833
846.714
870.686
830.338
808.53
916.755
816.092
874.497
989.574
782.09
942.786
799.232
839.507
940.031
882.005
815.942
848.606
811.651
765.895
813.601
967.978
712.436
926.336
962.209
706.375
944.243
812.419
1209
883.627
699.801
1508.73
831.193
990.021
801.939
870.686
782.039
732.047
989.324
901.334
885.434
758.422
731.844
1013.8
743.459
775.449
885.977
1005.05
745.668
916.664
789.763
768.793
1136.71
631.123
1584.95
885.147
908.77
834.607
965.416
724.812
781.439
1056.87
904.627
874.561
959.706
895.89
794.93
962.038
840.017
781.727
919.949
735.162
954.75
825.798
859.828
773.065
889.979
835.881
947.333
822.303
927.353
842.748
791.035
801.936
851.756
857.179
876.39
829.511
821.214
891.355
828.03
969.275
801.725
817.979
930.367
905.895
843.338
911.988
845.44
968.971
860.972
886.028
2160.78
930.561
801.732
882.916
952.395
931.61
1096.59
775.658
826.581
1084.82
847.831
881.247
800.466
764.942
889.096
812.816
832.094
1764.08
895.111
767.659
837.067
912.228
690.565
870.904
934.633
839.892
825.771
846.81
715.093
828.279
800.217
969.274
999.978
830.102
1022.32
794.328
864.157
748.027
1005.28
897.648
616.352
904.339
996.656
1095.3
752.45
958.157
868.27
839.84
842.833
915.872
863.327
1182.42
876.982
790.989
1034.58
947.829
771.003
878.64
920.056
1022.34
836.307
708.667
880.03
945.614
653.917
893.313
860.002
782.28
953.143
819.47
975.419
762.71
764.739
1003.05
951.383
885.85
787.712
916.062
891.613
1029.59
1793.42
825.236
799.266
930.202
928.999
808.386
782.911
723.847
784.133
997.657
759.025
843.78
649.601
874.873
774.124
910.047
897.777
864.278
829.19
726.859
780.643
916.906
873.57
748.462
956.1
1060.11
804.584
713.84
930.369
862.103
890.088
804.735
929.717
949.517
973.788
842.461
863.543
961.909
873.038
855.011
956.923
957.74
1054.03
865.518
722.627
888.666
854.922
902.137
947.348
808.287
744.676
825.312
832.446
920.753
926.985
751.335
854.938
808.465
751.32
789.232
914.362
929.907
825.927
788.02
905.644
757.812
817.574
841.178
973.658
771.644
946.501
787.748
789.176
950.379
856.951
860.375
1012.26
940.552
891.478
944.092
836.002
865.694
709.346
834.269
1072.4
1064.66
806.075
791.021
658.418
761.946
781.609
852.516
632.886
688.065
835.975
958.605
915.775
887.932
884.062
1149.15
932.176
928.801
731.493
912.264
784.748
862.867
1064.75
887.226
1022.57
938.666
805.985
765.809
833.287
871.077
876.002
808.324
782.634
892.658
799.139
1237.32
880.842
987.4
770.909
951.905
944.831
775.1
844.523
769.346
888.804
1067.41
1239.08
766.082
816.84
1065.61
1110.63
887.479
1062.92
1544.39
844.438
860.292
822.193
1126.7
946.962
808.914
936.256
875.432
796.093
825.138
779.303
827.296
693.283
849.169
873.205
721.307
890.996
725.878
979.87
904.607
862.68
1168.01
957.319
781.001
934.987
851.41
1039.04
767.814
842.238
737.44
828.033
945.815
1014.15
753.121
792.603
959.747
1082.35
719.735
732.955
735.694
835.699
739.407
818.691
1168.34
1041.57
856.819
917.442
1107.69
794.067
757.543
952.443
705.553
965.867
908.031
720.887
929.738
881.671
817.524
814.233
915.245
881.07
723.704
766.782
772.88
731.67
763.105
963.746
752.751
902.052
752.811
835.202
977.777
770.047
819.873
925.085
733.265
1010.35
1116.35
1022.33
914.865
821.646
863.47
851.385
837.5
823.649
939.387
888.021
690.552
872.565
933.319
716.745
763.109
747.755
818.844
1025.22
924.332
1038.13
881.908
1276.9
830.919
936.536
845.486
917.028
908.106
984.924
954.984
649.222
816.248
1030.97
878.549
844.813
862.773
826.149
908.437
819.253
888.251
807.89
720.613
880.377
851.155
766.161
807.41
889.733
954.468
752.831
996.822
784.251
755.504
931.163
816.943
941.67
886.59
722.981
997.703
756.982
718.15
743.822
938.35
794.55
880.539
821.13
860.933
870.076
744.05
959.195
788.425
831.73
934.227
833.855
813.996
858.971
863.992
880.201
1142.77
798.081
760.246
1334.03
829.564
971.034
741.334
2523.51
996.969
883.352
885.359
853.978
876.621
797.745
774.285
838.238
808.637
918.121
948.602
1006.05
871.762
923.735
1086.83
880.886
933.477
762.855
895.297
905.597
908.68
787.061
865.571
728.046
792.129
693.557
849.505
854.492
782.02
771.273
976.526
1218.17
928.562
830.62
793.538
880.65
816.925
854.933
1067.71
890.841
931.165
906.207
839.866
728.744
1002.19
934.718
913.338
824.453
909.91
808.44
1023.6
934.602
749.221
919.944
846.654
1814.72
888.614
795.149
883.115
1072.55
953.688
1060.42
950.783
876.271
797.271
783.821
770.246
1019.06
812.91
837.571
862.229
896.235
723.538
931.694
870.008
746.305
750.243
855.982
736.487
838.319
848.789
800.217
914.388
814.305
755.846
851.128
802.297
876.335
806.166
918.511
839.989
743.831
1050.11
751.687
948.634
775.796
919.564
745.507
974.513
625.427
671.595
759.699
866.96
890.965
904.256
922.754
760.678
825.252
785.271
935.866
868.907
822.718
801.289
841.485
959.272
927.467
943.585
899.786
1156.51
758.244
907.31
852.522
839.33
937.897
877.526
856.21
843.369
783.094
848.601
873.513
853.748
967.565
906.373
850.069
792.721
847.777
1081.22
774.38
1023.52
977.198
894.981
1027.07
798.364
867.751
781.479
853.164
801.008
881.759
818.764
697.916
817.297
730.909
823.695
969.365
918.713
899.437
772.871
815.287
998.03
927.504
814.745
1051.76
793.5
756.235
841.389
744.649
925.682
870.205
741.821
860.479
924.409
829.645
697.187
924.562
929.519
750.892
972.467
811.562
972.691
971.135
799.086
940.649
850.543
1012.41
771.064
906.674
999.15
952.626
826.749
923.52
895.52
762.923
2021.24
912.648
1023.43
812.289
828.817
941.602
954.203
1004.32
826.799
1002.42
849.065
940.377
785.152
858.926
1041.17
881.969
962.411
853.433
988.583
977.464
740.446
849.78
819.923
869.695
726.614
668.228
755.803
713.606
932.437
851.194
880.791
790.545
973.7
847.406
1266.11
817.503
955.282
793.472
835.036
749.083
946.911
761.124
934.764
706.213
773.686
841.331
821.662
1007.39
766.997
882.02
850.309
785.451
912.259
790.04
1010.72
836.438
797.427
910.496
696.882
908.726
706.734
928.865
963.782
774.904
890.042
1020.98
816.883
759.685
737.2
944.574
838.84
891.323
998.305
1003.94
826.918
747.111
950.587
907.647
732.832
901.629
921.145
937.719
844.357
726.84
840.419
735.616
885.642
869.374
919.616
884.582
978.262
783.52
869.363
979.538
891.921
710.564
1134.27
767.453
877.603
797.45
905.574
1065.46
917.02
998.806
857.143
828.836
813.274
849.491
875.906
1252.06
709.153
871.416
810.489
863.765
838.678
850.927
942.624
839.917
848.928
875.282
960.629
722.578
839.95
875.39
1065.57
908.425
825.262
830.606
962.139
826.71
984.51
789.22
899.186
862.216
735.247
757.183
841.183
807.081
848.711
881.02
854.181
773.018
904.556
881.322
921.227
918.957
866.402
965.497
852.024
718.513
1044.58
905.623
1022.34
753.859
849.635
973.578
1031.79
1075.63
854.85
776.807
891.918
787.615
749.164
840.431
981.744
883.597
789.947
845.327
866.223
786.454
846.941
1438.06
945.618
872.049
854.058
750.391
820.656
745.752
697.135
674.536
792.169
818.68
941.783
899.189
738.19
735.953
1014.75
975.033
735.759
843.255
889.56
908.038
838.085
785.96
979.598
752.941
939.371
1268.87
916.562
836.814
790.537
876.188
952.391
1166.14
905.053
962.907
902.502
664.073
791.151
738.849
782.573
806.3
882.542
1783.79
691.016
867.984
708.702
911.783
852.389
835.635
812.198
831.527
797.652
748.72
800.54
867.091
993.885
804.118
944.132
1245.68
762.278
951.187
915.392
898.915
732.918
1064.35
720.038
786.43
869.185
921.038
769.117
935.316
871.981
790.134
888.918
933.84
757.041
900.322
717.997
886.763
894.681
897.434
841.421
1056.67
790.173
780.496
882.512
897.283
803.129
829.592
887.929
1012.02
981.08
827.2
843.288
869.896
738.669
966.763
1012.58
871.923
835.46
778.245
842.31
804.112
964.546
781.022
872.834
997.189
831.393
745.672
900.393
841.302
877.712
1110.43
843.156
812.597
782.439
898.228
894.815
870.437
808.946
1154.07
728.447
842.918
790.721
733.099
845.976
802.593
959.495
858.079
985.235
892.15
910.291
904.262
798.015
798.632
820.634
915.214
809.797
842.898
1015.4
947.41
819.176
993.442
911.416
877.151
764.877
792.386
831.287
815.352
898.094
914.475
918.261
765.059
803.684
834.634
875.033
931.915
788.804
727.493
842.073
888.164
933.235
880.038
802.03
736.019
1663.27
735.186
957.128
719.322
869.441
819.005
767.882
939.908
900.701
1016.67
819
865.88
889.595
824.264
785.131
842.15
678.635
777.553
930.815
798.326
1136.46
802.746
772.155
979.56
1015.45
750.775
906.782
1058.21
929.847
815.883
772.477
864.875
1025.65
843.427
1001.28
1040.96
810.272
841.093
819.485
912.671
853.72
788.648
972.059
720.182
1059.44
683.729
827.164
694.527
902.86
825.778
905.542
879.289
835.716
829.874
1162.36
1128.02
812.423
880.409
875.061
804
973.466
1008.83
896.95
850.66
828.483
830.427
780.017
1365.32
779.111
1017.37
801.519
963.626
815.759
975.365
875.857
774.342
812.266
895.008
1172.41
806.17
963.749
890.853
789.487
739.723
871.441
975.84
773.499
948.171
841.022
812.438
826.624
980.177
871.39
865.532
942.061
845.175
811.853
774.419
787.479
1453.53
994.227
955.9
854.282
864.66
795.122
888.885
864.301
956.257
747.809
788.576
1384.85
921
1186.4
828.48
839.101
799.794
924.89
927.024
875.651
897.476
777.446
723.4
775.854
823.324
829.01
897.37
788.05
729.64
742.138
868.281
1152.63
1145.55
745.8
998.937
663.321
958.841
841.194
834.51
808.542
1010.03
828.057
782.207
828.177
888.959
850.809
798.369
817.373
838.7
722.923
832.527
941.464
860.327
740.568
868.495
948.273
1014.78
756.271
892.26
885.117
864.485
798.251
779.31
909.182
891.36
899.571
905.43
794.262
811.775
933.37
792.58
808.564
955.781
762.728
791.241
710.424
803.015
849.397
713.16
854.993
1088.96
859.839
751.739
852.681
784.556
1103.45
838.716
980.913
686.51
992.305
841.333
875.368
899.701
746.668
797.382
756.263
854.93
699.273
807.991
916.586
939.957
756.219
842.665
825.071
949.954
760.862
1060.9
850.867
755.574
833.855
874.397
938.693
889.902
907.028
870.038
844.056
866.649
844.099
853.043
865.33
987.789
1027.81
852.415
968.048
728.1
784.193
899.763
861.2
1091.68
932.29
845.732
921.941
2269.01
812.907
1000.69
913.15
774.897
849.915
760.009
815.859
842.067
971.784
938.347
966.89
954.756
961.277
1022.47
784.297
1023.06
671.416
899.235
1041.73
889.615
923.509
864.803
1060
849.753
779.653
842.67
777.879
937.019
907.39
1039.31
920.335
917.949
935.296
830.633
870.802
1135.33
1106.59
1013.35
899.079
838.257
814.406
877.447
879.168
1078.28
881.62
740.202
1040.19
851.393
949.502
841.252
781.769
949.023
1077.3
916.437
657.667
865.486
804.762
842.034
895.598
960.798
837.7
846.046
788.903
768.274
1028.99
920.579
1021.44
894.892
850.418
874.945
792.026
912.705
850.27
817.462
964.171
945.596
938.715
746.685
719.654
861.609
981.877
691.647
868.245
743.195
816.129
884.197
790.885
795.822
915.7
767.489
815.167
885.997
845.203
1065.82
882.828
873.441
849.342
899.764
946.652
820.623
1123.39
868.042
1111.13
902.614
940.64
1054.85
982.538
870.901
1184.05
646.894
845.835
903.326
866.729
2098.7
983.647
1056.63
620.684
906.104
972.824
945.953
923.943
702.311
834.903
835.607
670.675
782.989
757.124
1065.49
752.252
845.638
799.023
1034.83
756.346
899.207
1033.35
1023.71
759.23
838.215
834.142
795.677
973.696
1330.62
869.779
876.637
831.957
1275.48
884.951
977.899
806.87
930.994
825.801
1006.74
740.966
874.634
899.407
1056.03
739.459
930.429
1049.39
887.659
837.884
809.568
848.57
697.588
879.027
823.829
826.444
859.63
810.786
888.298
1674.88
874.165
942.634
731.469
950.886
927.226
842.09
842.926
697.796
914.746
901.081
896.226
854.012
738.25
955.472
811.34
890.664
1006.24
673.854
752.233
776.987
848.159
735.169
802.415
1073.6
822.305
887.835
726.474
922.148
930.203
854.889
971.368
810.295
947.132
810.744
840.373
876.293
836.552
835.079
900.57
922.684
750.477
670.49
829.4
750.621
775.754
1040.6
807.257
745.183
824.076
935.784
927.196
814.127
896.95
987.392
869.666
868.831
1631.04
912.61
802.708
685.691
727.789
944.241
837.992
1055.1
1059.66
888.617
771.079
919.425
743.536
972.637
841.515
852.876
911.918
997.37
674.02
827.885
857.085
859.611
850.615
836.145
806.345
1038.27
704.237
969.682
933.884
820.151
820.653
865.413
978.196
753.71
787.362
810.73
810.082
933.255
930.839
933.809
914.765
920.279
818.161
936.886
803.709
939.43
848.549
915.985
804.714
768.239
723.996
1024.91
945.483
935.175
1003.25
851.134
798.907
1115.36
1051.6
1084.55
869.682
834.088
905.534
848.561
694.27
735.701
879.062
727.979
2019.92
729.206
864.624
933.204
934.54
795.54
820.7
931.923
897.257
763.453
871.21
770.116
877.756
900.514
883.316
683.532
779.154
1044.91
837.078
923.797
741.897
1113.83
825.771
787.324
1017.93
867.942
912.947
726.582
924.755
934.116
850.812
847.486
702.627
975.438
1009.37
1046.26
929.266
792.283
785.38
868.056
782.913
842.88
961.416
699.154
910.636
1068.53
796.096
898.016
923.622
943.072
896.456
939.805
2274.47
781.636
931.306
1000.21
736.464
1067.61
926.779
767.375
876.368
999.345
669.616
1002.98
913.147
718.646
825.953
754.954
797.663
786.085
875.808
951.09
768.057
747.249
941.844
898.233
800.589
809.371
875.854
966.009
883.683
898.321
1041.99
796.672
785.594
951.089
903.42
868.488
966.776
934.068
901.628
762.126
910.413
834.893
844.686
1075.47
1049.71
781.117
904.657
869.544
930.464
991.03
993.502
913.049
1000.1
731.217
1068.47
841.624
779.805
823.05
820.882
724.721
981.4
786.413
748.894
845.589
879.23
809.379
976.268
850.829
958.084
878.888
674.085
799.708
910.013
902.082
1019.79
865.487
900.129
800.297
1044.27
734.861
678.946
867.888
797.044
906.465
949.035
984.71
863.752
735.748
811.343
1019.79
833.962
891.499
797.024
945.439
787.548
733.447
1024.26
802.196
746.451
831.466
918.416
938.185
826.327
903.805
821.916
802.248
784.011
944.748
728.747
855.508
861.146
795.394
917.873
978.377
891.337
774.674
942.589
788.89
1595.66
959.676
758.297
954.716
912.858
858.991
655.522
908.365
982.623
823.842
799.085
987.715
691.293
796.305
903.644
777.581
909.042
924.085
765.429
948.924
806.784
974.978
985.739
846.765
891.648
837.572
943.52
890.605
868.789
843.283
839.274
975.917
718.673
776.2
812.683
786.067
960.33
915.671
777.788
769.846
879.383
763.882
790.234
875.903
945.124
850.291
785.533
955.441
1023.44
805.355
1249.49
907.034
902.025
929.646
853.94
832.438
704.538
892.591
839.236
899.415
753.258
872.043
866.226
883.758
936.488
868.655
808.85
764.04
885.624
751.721
934.822
807.934
2089.78
813.059
913.948
961.174
1003.93
1020.67
824.027
917.855
868.026
960.728
1107.53
872.72
819.957
895.535
717.311
824.159
929.459
946.871
736.232
889.408
839.243
752.741
1076.88
862.298
873.515
922.589
777.849
936.957
945.211
848.866
721.501
955.611
896.348
871.109
864.936
783.081
935.004
693.105
860.532
863.287
994.957
1092.53
906.46
792.826
856.605
763.027
984.479
923.926
880.053
820.959
617.06
850.437
989.717
802.218
745.437
923.676
879.945
978.484
783.435
855.493
866.621
766.334
878.036
931.706
823.465
898.338
794.301
988.665
923.178
802.023
815.332
832.489
846.858
1056.45
845.661
931.933
949.186
794.775
842.465
913.257
900.477
1347.18
804.858
1016.7
727.266
791.591
738.753
1552.53
846.033
920.056
855.765
847.212
985.417
1683.36
888.88
800.582
894.559
877.898
904.545
821.409
894.167
786.098
845.5
847.771
983.506
992.659
1037.84
1013.83
771.776
1028.42
760.075
891.218
871.004
820.518
771.557
1826.75
770.489
997.585
894.119
938.889
910.675
832.628
721.882
842.305
815.989
1006.25
765.228
1026.55
810.572
839.595
845.841
889.181
814.333
905.05
913.074
809.723
920.755
744.943
821.582
1124.12
814.737
783.686
1032.41
799.903
950.552
730.684
825.952
995.75
1795.01
1249.08
815.781
898.109
904.039
836.088
912.798
740.869
1022.28
822.254
853.72
854.23
784.212
2258.31
895.158
716.238
980.458
849.214
825.134
794.344
852.993
868.252
769.55
729.84
902.021
855.383
935.243
708.496
813.146
791.302
920.208
955.594
855.279
1133.77
908.194
999.869
923.688
827.272
872.92
828.046
1135.17
901.937
830.484
920.452
918.635
760.324
804.002
954.318
781.886
840.355
943.227
1097.07
781.359
775.17
771.459
750.045
830.815
1008.12
904.364
701.906
824.935
819.125
885.086
821.132
976.813
892.648
1001.16
1017.5
873.669
645.915
1217.78
773.554
795.012
839.705
828.591
760.456
782.281
930.428
814.682
805.146
847.236
919.792
1024.07
849.902
921.539
776.485
808.801
876.863
927.744
809.898
870.839
772.392
1011.47
2177.69
934.816
967.155
745.748
932.543
1020.39
979.14
934.556
865.095
937.772
755.821
776.732
1106.28
910.565
915.134
851.413
814.783
853.315
1078.85
780.047
857.739
1079.66
847.976
818.096
973.722
933.814
967.408
716.245
824.621
821.836
953.08
1041.7
1057.72
780.588
924.22
855.858
790.792
795.79
923.481
942.727
1035.34
846.367
941.121
805.893
980.313
1033.96
1059.46
813.47
706.402
1209.49
953.492
799.506
1046.73
901.124
917.284
841.083
831.703
858.144
943.086
904.997
825.259
827.594
912.093
973.01
903.985
826.975
960.756
875.548
922.648
1115.38
1222.08
761.964
977.8
811.639
799.97
1062.29
879.88
947.927
892.513
984.577
798.564
705.695
1015.79
754.061
956.366
872.306
845.805
859.452
933.486
735.666
747.68
776.592
830.049
938.37
862.878
798.762
653.612
798.663
902.153
1203.22
969.68
958.623
1096.5
951.751
999.039
897.326
856.967
786.968
856.42
993.734
866.556
900.469
810.272
829.123
865.854
874.825
971.363
928.33
834.392
982.018
712.508
845.307
914.916
1461.67
881.69
880.23
864.614
820.185
763.166
697.684
834.551
974.991
936.643
929.355
813.102
845.523
764.647
741.725
640.266
875.929
1066.7
846.371
856.067
1019.18
984.617
1033.19
724.203
848.559
716.593
817.487
927.908
787.737
733.823
789.798
679.611
893.096
918.629
877.779
887.329
959.67
777.128
822.16
1011.67
1003.52
905.38
773.772
769.25
1113.48
842.051
923.509
943.815
789.398
964.663
854.361
990
1153.79
913.13
960.683
789.498
860.983
812.978
830.446
1060.51
871.253
919.336
828.304
995.272
789.351
788.606
1001.45
761.251
993.957
885.444
747.161
959.09
767.643
705.728
1002.17
866.936
894.702
954.589
797.631
763.213
936.454
866.709
827.664
949.359
792.421
817.27
884.929
891.027
1533.2
969.318
748.042
917.184
849.511
1001.47
892.857
844.368
1706.16
913.076
887.336
892.306
706.246
904.879
817.837
804.911
1027.05
823.336
854.795
999.411
953.55
948.895
786.627
926.397
875.039
814.059
920.368
895.414
723.881
1182.92
878.267
1847.21
848.112
903.644
810.079
925.065
1011.36
678.603
789.496
736.703
989.282
899.693
1013.81
716.183
870.527
759.548
868.234
812.306
870.951
874.437
1010.08
1029.32
949.651
780.786
886.816
854.07
794.812
1009.85
839.568
942.019
1144.83
806.699
947.801
738.367
932.149
729.967
788.347
832.745
927.053
987.071
1026.2
807.692
833.766
891.148
825.91
981.355
928.973
738.711
819.658
826.323
984.622
894.148
935.067
999.35
889.007
1008.7
1180.01
828.753
892.721
758.676
897.957
813.009
824.744
854.745
840.352
722.13
811.876
871.735
833.234
880.656
876.35
757.007
829.439
899.965
798.084
969.943
712.215
888.669
833.694
752.987
803.307
914.425
872.346
911.934
733.251
774.663
984.233
742.697
943.857
871.054
810.575
1129.25
704.679
937.062
853.056
879.992
1104.87
873.562
869.121
717.86
881.577
851.622
951.096
765.383
768.11
924.327
826.003
905.318
1262.15
916.239
735.679
1727.04
846.786
780.092
1100.55
875.746
785.313
996.733
773.524
1070.18
781.41
1144.37
713.506
851.998
867.416
757.892
908.472
853.691
721.189
896.414
989.896
884.944
795.667
760.419
891.029
698.316
770.151
851.056
830.926
817.603
985.873
811.324
896.257
924.611
1027.12
932.684
1005.36
823.761
937.468
929.106
896.554
739.075
777.989
735.938
862.976
794.84
948.831
886.264
939.88
944.415
804.543
800.916
862.29
784.4
991.317
983.586
832.267
860.323
800.376
787.078
874.68
930.072
1218.87
1063.41
886.445
872.768
727.307
906.176
834.218
786.92
731.693
765.981
894.102
798.266
1008.58
955.585
1017.11
837.864
917.389
769.989
917.446
865.441
881.6
664.612
978.985
893.494
772.076
1008.76
924.255
780.654
1344.73
712.855
699.192
1026.44
762.062
864.127
856.278
682.244
786.221
919.505
983.505
855.859
920.965
879.813
877.689
861.811
906.481
923.882
865.738
811.212
995.83
792.68
706.664
805.217
696.344
995.705
743.913
903.23
1185.05
794.231
1018.68
978.873
828.231
730.873
760.29
866.533
851.006
720.189
898.338
721.416
890.911
735.89
737.453
780.543
895.45
742.138
907.125
849.741
858.342
887.136
926.687
1062.4
815.318
841.777
876.39
949.804
893.392
837.459
895.107
925.704
895.507
1029.77
769.029
814.614
720.292
791.559
822.851
802.376
884.854
804.219
1033.25
857.351
912.012
896.186
816.947
700.154
802.958
891.72
973.592
642.708
1047.47
794.302
850.971
909.231
946.936
1029.83
913.6
777.001
783.133
1356.02
926.296
801.969
1063.96
756.25
935.098
698.287
839.182
673.958
853.078
788.263
932.002
820.327
873.334
807.543
883.932
841.395
909.273
751.445
1038.68
909.088
918.47
886.635
728.702
854.304
2512.43
802.269
857.309
941.062
919.35
877.845
896.756
687.263
951.909
789.358
984.546
1351.27
843.568
1013.45
851.628
857.867
1002.93
1038.97
884.993
853.733
831.236
791.031
1452.3
822.958
873.789
879.052
860.2
1023.12
774.398
806.199
908.783
841.397
810.51
1032.79
1029.39
759.637
1004.25
1789.19
719.047
1139.25
1106.44
794.947
836.642
1018.38
760.315
853.382
787.225
895.651
929.109
873.263
779.592
787.846
706.982
897.351
886.371
843.028
926.844
780.236
867.484
765.948
1083.07
719.681
1075.4
885.82
825.894
785.423
1041.45
957.459
889.956
808.996
1089.76
892.97
761.041
711.018
844.778
1009.27
919.465
1089.69
833.411
719.482
882.208
715.258
914.814
799.001
769.603
737.616
776.796
976.43
1139.07
1051.32
851.431
855.221
775.481
881.246
783.376
766.504
813.465
853.822
886.087
884.419
826.927
1005.72
724.617
765.527
713.447
922.226
691.153
966.383
901.309
882.797
968.318
883.301
843.212
954.556
881.168
917.272
1056.16
820.17
777.606
886.949
979.274
786.316
864.65
925.647
843.211
918.537
762.688
1035.45
796.281
660.871
770.586
1068.14
793.671
831.771
782.733
808.872
1080.79
879.564
714.053
1309.38
753.773
1272.85
927.289
805.009
874.426
888.149
1007.58
837.854
894.374
764.017
807.236
864.527
905.667
877.674
948.475
797.816
775.801
928.139
1015.33
1040.4
900.292
674.56
889.363
853.289
794.849
1549.28
749.225
893.16
902.861
945.726
869.686
964.535
808.39
787.152
955.49
924.057
958.147
805.492
781.021
1128.22
977.674
881.273
1013.94
884.478
754.091
758.716
1064.42
710.998
1139.33
996.142
877.47
931.328
765.928
1380.19
856.699
794.599
927.563
834.006
911.503
829.358
692.666
689.287
867.937
894.111
700.879
979.667
781.854
877.527
949.289
948.168
767.923
907.413
958.217
853.349
926.619
839.829
1735.42
917.513
912.503
816.93
787.116
897.463
839.256
1018.56
742.077
848.033
893.509
838.147
831.961
803.717
861.107
904.885
831.934
1118.73
967.491
852.064
890
793.821
906.13
685.025
917.09
790.11
1027.71
861.141
1041.85
864.668
753.47
782.978
924.145
788.557
858.015
953.46
842.488
849.208
806.271
777.364
744.051
880.334
795.332
875.31
832.229
891.384
803.941
806.319
877.261
889.413
878.787
699.056
2514.62
735.893
895.38
723.692
791.725
939.955
764.108
912.656
686.21
994.758
804.596
926.33
853.479
981.379
748.291
1168.21
780.299
975.538
849.686
888.689
846.241
747.053
817.056
908.377
885.804
879.851
873.876
890.234
1002.07
926.403
822.264
873.089
971.274
841.529
985.251
757.203
899.321
847.992
867.114
996.801
648.402
694.899
889.536
993.359
1102.14
730.826
826.232
994.628
830.174
757.107
836.072
645.671
689.656
1206.64
964.348
860.327
802.238
828.982
767.445
953.554
904.526
781.797
1022.44
877.636
918.689
863.808
911.727
781.137
921.199
900.196
771.535
765.123
1084.09
703.963
892.937
974.764
781.181
904.988
798.119
814.307
868.117
966.638
886.733
866.173
813.817
749.823
806.965
919.161
837.137
771.141
813.234
887.8
875.828
769.744
871.714
927.137
949.467
961.947
883.508
1084.98
934.476
826.005
1055.26
861.02
768.193
843.086
783.642
981.928
975.814
888.496
847.548
1050.47
878.828
879.902
1006.82
761.596
873.237
797.694
727.298
758.402
742.967
1080.93
780.827
977.842
988.394
832.91
888.034
800.156
852.883
939.504
927.366
757.135
934.754
952.898
742.688
1000.54
832.095
815.806
964.441
832.09
897.635
794.931
983.334
874.371
790.563
852.421
838.665
1201.8
807.894
755.302
828.774
879.284
724.844
1000.4
709.985
661.214
876.459
1162.05
850.779
848.46
801.256
983.509
908.265
838.403
724.655
1077.17
888.838
895.847
893.408
807.742
941.873
760.112
802.255
832.398
977.341
906.837
839.729
994.832
863.356
772.04
820.854
784.117
725.206
816.877
1025.6
813.779
784.102
1456.54
860.468
994.89
839.151
904.019
824.046
686.259
948.635
959.275
828.969
926.336
822.633
800.099
886.509
783.131
803.782
911.78
898.126
764.654
1015.32
850.943
905.287
883.007
942.174
939.338
925.113
2032.83
844.382
995.995
1008.01
847.824
725.798
939.471
876.746
1114.32
845.919
845.198
994.45
898.863
889.654
830.022
854.399
842.099
745.487
853.2
847.439
771.082
867.472
922.412
942.885
812.568
752.524
778.837
947.081
764.717
992.225
1001.8
1173.22
868.068
929.597
918.945
1004.32
979.832
724.774
910.533
901.123
856.548
923.783
847.715
838.548
734.722
1052.68
889.506
875.473
941.848
877.166
882.941
1129.21
736.014
861.006
811.728
928.29
874.616
759.67
802.001
844.717
740.975
745.407
763.678
957.358
775.577
760.235
812.282
920.069
834.971
1041.82
842.309
826.369
874.412
897.968
800.537
767.735
934.818
821.161
1043.77
775.513
784.532
834.2
818.56
807.136
764.762
1035.2
918.686
916.9
836.697
867.234
813.866
747.504
976.584
735.546
885.517
686.844
1198.77
871.762
836.636
650.753
827.241
1116.72
917.318
804.367
927.643
927.553
994.406
872.333
832.17
926.591
908.235
907.176
972.001
743.235
813.343
809.212
692.245
712.427
919.628
886.736
1030.51
866.998
944.506
1021.21
777.219
784.642
1118.24
931.513
798.988
898.813
756.433
761.145
858.582
749.887
821.914
849.36
865.545
917.91
1053.38
845.033
1226.98
679.024
907.849
968.091
861.34
967.241
865.526
922.461
895.071
857.162
918.85
905.442
900.204
862.09
847.182
861.491
718.281
883.08
798.731
779.229
842.7
813.355
960.898
789.842
835.808
998.665
913.116
912.226
901.985
843.37
918.105
855.335
1022.37
811.044
907.176
675.243
947.726
950.644
808.973
811.348
826.563
749.46
955.632
989.689
819.298
781.478
829.954
856.05
865.23
2466.54
1308.22
867.265
797.766
878.015
972.456
769.898
895.724
743.283
748.663
844.769
790.336
775.137
973.016
846.175
798.022
608.284
853.9
1548.82
868.546
853.217
716.494
850.828
1149.38
846.839
779.331
948.296
902.529
844.667
1664.67
748.515
819.137
702.317
894.208
919.972
715.683
1254.57
859.998
776.031
895.103
1113.04
850.589
870.407
909.843
1030.73
1079.97
956.52
1063.32
1148.71
2040
874.927
1249.72
831.499
1278.85
933.381
801.921
687.529
848.744
704.821
1277.71
1059.9
846.986
1124.82
758.033
877.119
869.794
944.567
1029.98
943.116
931.138
708.906
704.012
808.577
922.289
850.644
1062.36
947.592
711.064
805.292
1050.22
887.999
2097.81
854.73
933.311
951.844
1016.95
818.4
1201.15
989.358
878.719
853.954
726.312
1408.75
671.671
924.583
883.646
935.823
839.948
799.104
846.892
850.798
839.291
745.811
800.602
720.275
928.056
1026.37
1028.37
872.61
886.532
684.478
975.615
856.436
768.32
834.179
813.19
833.049
826.698
1333.44
763.699
906.301
1009.78
821.476
836.016
810.615
1033.98
974.468
768.756
848.072
777.278
734.747
1074.92
775.731
1118.9
808.24
779.412
740.786
831.419
1052.71
815.843
1155.09
901.144
682.149
764.666
982.163
897.085
848.972
1003.8
710.475
821.543
1048.05
785.022
748.947
806.833
1043.77
787.626
995.648
1059.39
953.218
1466.82
1039.95
929.725
750.311
1042.86
891.278
774.477
969.969
746.205
676.784
963.632
794.736
1087.08
946.216
740.84
890.495
796.234
809.489
721.047
861.456
1261.06
774.322
878.135
787.216
894.674
949.517
859.509
946.231
779.942
990.765
808.04
883.441
758.89
683.872
985.964
824.457
918.186
839.187
789.455
816.167
961.894
843.675
1159.63
886.601
980.705
698.637
922.736
877.819
856.536
987.368
928.169
814.926
962.719
938.865
802.131
1686.34
936.454
845.375
699.744
705.401
845.7
981.181
890.225
1056.84
739.482
797.37
806.725
890.221
765.954
837.66
784.914
796.68
770.948
937.719
882.655
1165.94
916.408
766.211
900.494
1011.6
766.386
818.59
873.765
1035.88
891.043
863.214
758.913
784.92
808.3
868.49
896.413
841.401
823.435
934.453
846.204
1324.93
856.665
890.476
900.581
880.311
736.744
761.111
846.716
968.801
676.324
963.071
707.186
811.84
876.116
1194.05
1123.36
842.973
782.257
854.276
889.485
980.708
957.425
801.786
841.118
830.731
832.62
763.672
800.123
895.812
751.674
894.365
899.159
969.935
943.314
869.809
808.651
960.15
1070.17
865.446
770.732
731.83
824.27
629.653
714.855
675.464
850.626
804.609
992.64
935.858
923.182
701.288
907.164
935.561
906.757
775.794
957.304
839.804
837.096
1080.31
677.037
769.711
863.82
867.677
907.671
754.817
756.508
698.287
1055.71
773.426
934.552
1810.8
901.012
837.795
902.669
907.127
997.389
1046.51
878.69
808.721
1000.6
769.822
848.287
913.982
1005.87
972.863
766.821
1056.19
932.477
860.117
856.467
855.419
751.738
1903.73
951.292
1009.38
775.217
976.658
872.439
975.542
756.372
983.887
783.058
958.16
912.4
743.161
1038.62
678.227
919.56
1034.1
1005.18
1102.98
844.783
941.428
784.813
860.31
1127.08
793.847
870.764
974.885
976.969
815.459
830.294
870.225
841.722
981.595
975.856
884.498
812.44
871.092
937.689
841.864
1043.99
878.774
761.313
799.041
772.157
856.219
827.396
835.043
857.018
730.084
1012.73
713.396
961.934
863.057
904.772
781.066
614.596
956.921
805.459
835.006
819.057
804.344
847.907
947.224
833.44
948.408
814.682
816.656
780.15
897.392
844.066
899.859
771.147
884.478
855.11
709.202
828.004
972.911
1075.27
1090.34
944.957
1060.54
967.63
817.001
924.248
992.052
928.901
944.241
763.407
934.405
1431.05
818.96
849.252
907.496
851.048
761.702
880.493
869.302
944.319
785.651
935.409
975.057
652.746
882.203
834.445
839.42
757.118
993.935
910.393
688.871
940.783
942.623
823.19
1988.27
1125.25
854.406
952.588
932.54
811.979
816.204
705.149
821.962
883.061
759.085
1020.36
768.28
799.584
897.049
797.435
951.635
909.73
866.348
799.782
720.216
724.715
1010.32
1584.85
835.962
734.864
971.422
1000.23
783.081
949.754
737.688
1005.77
847.127
1020.45
782.713
711.788
795.955
988.607
729.479
903.151
1037.81
811.473
846.756
796.887
861.254
724.089
779.459
833.986
1020.06
957.602
854.301
981.698
820.676
1058.53
793.361
1114.33
893.152
865.721
903.331
789.007
819.5
658.669
894.828
718.083
897.883
938.665
861.125
827.591
875.479
721.282
786.185
865.952
736.584
893.538
779.547
836.459
741.899
960.909
837.337
914.378
838.859
875.776
920.462
