746.599
839.256
536.52
637.425
598.072
839.637
817.755
376.657
512.221
809.458
469.954
595.901
730.8
663.041
692.741
522.033
347.109
732.666
674.176
639.648
496.04
377.737
591.535
612.505
517.052
382.065
512.617
508.422
490.143
495.141
610.061
664.562
578.108
631.189
448.004
1154.66
535.23
467.925
1067.84
445.147
410.69
593.6
439.066
558.101
481.574
458.298
405
920.643
433.096
485.092
613.968
766.971
601.605
457.231
894.521
716.289
503.954
443.274
458.652
715.528
437.471
848.945
447.523
363.239
953.442
455.699
359.287
572.23
530.003
647.326
491.564
420.047
395.24
722.614
754.491
654.679
674.944
505.205
597.045
840.535
689.239
505.486
477.41
630.048
560.211
455.112
663.091
599.531
582.446
492.251
462.58
655.978
1072.87
734.462
576.993
716.406
369.971
726.53
421.519
432.232
538.267
572.229
472.667
582.188
575.74
921.111
490.542
613.159
506.962
398.092
747.949
445.638
651.691
379.303
414.255
460.338
709.07
582.702
1012.6
464.213
469.207
565.647
649.924
482.612
483.242
419.386
681.346
781.79
404.374
669.488
584.959
357.997
627.51
586.269
658.458
483.808
533.486
711.138
597.51
529.577
648.767
415.868
539.981
367.412
583.211
454.432
476.676
468.247
299.61
508.346
638.998
725.319
583.956
674.754
484.63
521.77
447.655
623.353
1004.42
688.708
466.3
665.9
638.242
600.384
442.286
618.723
804.752
691.562
484.421
579.157
434.222
440.472
756.038
573.841
549.303
668.44
451.072
374.038
1011.06
517.563
583.475
635.313
437.24
352.113
591.843
697.114
532.976
383.311
613.835
478.671
644.315
629.078
551.708
650.221
392.98
618.85
724.088
441.346
603.297
397.255
612.652
445.263
566.348
647.564
532.602
468.178
512.066
422.067
501.307
437.606
474.079
409.161
457.371
712.71
364.51
372.711
598.062
575.876
537.9
640.571
680.961
800.344
413.586
549.294
714.286
424.972
487.334
690.162
424.062
461.903
633.006
493.266
716.353
814.514
659.97
499.635
432.359
472.79
544.393
549.462
707.902
597.09
765.925
649.272
619.58
532.079
483.085
593.525
425.929
552.451
443.121
580.517
426.529
565.247
415.621
399.782
570.722
673.478
626.684
593.221
443.364
571.369
544.538
588.675
411.407
610.104
570.969
490.938
496.701
553.974
383.364
501.519
662.125
624.556
588.992
428.476
445.723
480.937
632.599
733.417
628.44
700.239
332.952
692.832
536.589
642.9
586.98
539.221
402.738
539.97
694.268
366.807
451.727
740.263
520.313
532.876
453.449
502.742
285.559
653.985
590.798
603.272
427.486
469.578
502.49
604.72
469.512
604.579
469.563
529.723
910.389
773.363
662.77
331.324
478.266
725.232
670.6
415.544
471.079
634.315
600.761
616.22
430.338
545.459
780.588
438.461
614.727
583.432
478.162
496.988
662.254
537.051
522.207
849.608
533.617
575.723
843.911
473.474
801.35
479.786
567.469
458.216
423.426
607.021
615.843
612.02
554.386
621.323
662.732
542.503
434.948
684.056
766.377
617.187
612.335
468.788
559.254
566.503
449.22
462.383
644.785
470.442
393.762
659.689
577.464
445.226
464.74
467.63
531.885
425.563
410.23
1000.21
848.88
502.352
562.183
557.977
468.749
701.359
445.444
451.397
499.768
667.846
589.582
401.491
806.047
656.494
670.493
460.847
492.493
537.425
690.937
703.464
394.248
673.491
458.218
430.317
535.4
472.93
439.758
583.165
673.421
432.054
405.774
517.942
641.198
630.157
422.405
589.66
478.941
458.777
684.696
497.056
436.003
443.218
600.995
538.823
713.265
500.076
633.994
418.968
645.463
647.141
482.471
653.111
448.831
405.169
671.648
717.979
429.474
632.801
811.85
452.778
436.45
558.421
589.668
720.584
660.724
693.486
464.826
483.051
510.115
600.386
490.216
453.794
563.67
421.425
403.182
450.87
512.66
536.515
711.166
387.846
485.282
407.471
372.379
645.199
559.118
458.018
635.983
682.187
491.735
488.094
439.271
483.265
590.133
467.957
545.356
748.437
749.318
614.299
511.761
563.28
432.153
653.466
578.207
450.372
446.893
606.071
394.409
416.403
621.811
579.545
381.551
735.293
689.317
932.514
679.554
981.546
403.82
518.155
514.771
665.351
529.999
530.268
471.067
478.797
565.514
786.766
440.65
406.481
748.61
808.323
532.762
548.406
530.967
554.622
591.642
482.883
423.15
578.138
511.17
467.573
498.516
503.31
650.955
596.424
350.478
632.951
650.901
774.912
651.737
414.617
625.816
536.727
539.532
614.368
464.521
724.578
671.587
385.273
600.215
497.703
531.114
633.271
610.296
618.739
730.33
547.812
471.704
437.111
663.358
410.426
679.278
526.125
609.866
466.558
743
611.245
396.941
491.774
420.016
960.518
841.274
550.772
676.855
665.224
531.743
628.559
586.355
410.893
555.403
522.689
711.685
630.006
620.384
548.372
651.097
583.297
375.372
731.077
446.792
459.721
628.01
655.23
643.634
403.985
471.39
442.063
627.175
626.615
355.745
459.471
586.155
626.279
445.806
469.393
976.625
572.002
647.45
483.23
581.887
635.197
612.79
585.529
743.203
593.723
567.255
668.459
458.159
631.758
295.611
627.58
613.974
755.253
481.264
497.98
316.456
580.093
488.528
386.733
467.772
516.672
487.126
598.293
366.782
487.537
738.962
402.228
702.701
659.87
487.215
505.962
760.739
460.978
486.229
494.462
628.812
444.017
538.709
461.722
573.66
675.598
480.485
503.513
370.569
708.831
673.363
551.459
836.238
581.847
510.664
591.848
661.783
719.349
523.531
490.309
675.05
555.007
483.223
497.265
491.69
766.135
506.247
399.461
630.787
485.834
580.174
459.297
452.549
463.738
386.351
491.052
436.095
467.17
726.658
659.151
461.643
392.352
351.713
449.69
401.925
651.258
462.001
325.695
469.126
641.62
455.159
564.901
407.719
640.132
649.116
552.287
800.335
445.555
523.467
601.275
1055.37
702.855
666.803
354.153
699.96
435.242
442.987
532.244
427.544
452.071
561.545
513.744
725.956
488.787
633.146
447.871
593.174
624.954
675.633
597.738
596.683
658.9
772.944
407.582
369.377
345.986
522.729
701.816
1007.94
625.835
413.814
473.411
824.761
434.238
642.227
430.577
647.455
561.882
550.724
783.195
394.751
608.194
374.314
557.067
583.584
462.896
598.752
579.436
563.945
654.966
469.057
1085.81
564.479
632.704
721.307
562.472
724.659
472.648
1015.71
639.168
640.006
462.782
670.701
370.271
509.512
428.077
601.509
427.169
397.48
440.553
468.343
577.807
430.619
730.892
566.555
476.925
499.385
484.599
485.225
678.391
505.308
778.373
416.737
525.707
581.135
569.658
440.791
487.215
324.342
842.027
500.433
807.636
387.548
563.553
505.66
618.423
678.65
424.69
668.351
617.563
473.658
529.101
543.03
655.773
647.16
607.619
406.039
448.535
639.465
380.403
409.269
1002.14
412.24
487.498
497.276
838.897
736.62
609.89
588.566
457.863
458.094
443.948
360.275
516.956
646.51
441.451
650.918
535.686
521.616
474.055
606.852
463.096
490.595
878.405
554.499
627.339
464.766
463.332
500.612
417.403
459.318
980.164
564.934
646.647
571.324
522.096
525.003
646.017
610.306
573.819
499.359
582.213
425.048
503.062
629.085
623.661
467.006
405.178
576.71
680.958
649.245
556.25
438.203
601.453
923.812
597.21
650.44
638.165
420.509
326.476
461.749
696.709
466.536
625.378
579.879
361.503
848.683
523.273
566.131
510.992
417.77
571.474
522.427
583.969
632.493
513.334
678.182
412.551
570.751
458.361
349.645
774.95
389.891
409.475
1047.35
821.421
415.107
776.241
442.79
570.456
408.444
719.592
435.487
650.96
645.62
671.946
650.977
712.541
744.055
472.972
493.301
582.274
459.933
633.708
607.43
740.794
724.934
569.063
727.847
864.975
407.417
450.746
570.426
544.47
641.859
751.365
405.733
479.893
703.378
441.816
398.437
549.536
501.081
493.766
400.431
497.709
658.745
716.852
414.856
503.235
576.103
390.044
638.071
455.318
641.859
683.105
569.809
482.827
483.508
734.974
498.668
714.564
521.696
350.605
466.818
779.887
586.276
698.619
742.636
654.324
460.158
638.92
560.187
681.598
413.498
727.57
471.956
373.458
729.289
474.317
548.684
638.885
903.156
465.675
582.65
756.975
392.341
722.97
475.967
738.51
570.799
399.271
372.666
461.952
523.973
709.486
414.293
539.091
436.977
448.847
458.823
691.809
620.694
484.816
506.233
601.974
365.264
702.517
820.64
571.889
410.471
664.658
430.36
371.714
554.586
468.453
654.499
627.323
785.358
478.165
636.294
459.865
524.538
598.349
563.544
390.966
391.837
416.005
470.781
704.732
629.961
446.302
448.391
505.451
731.025
627.217
611.067
602.199
500.63
561.721
607.38
523.42
339.232
575.002
605.503
577.811
718.794
468.083
449.234
500.364
696.008
529.495
493.195
577.345
696.136
422.334
673.802
467.4
685.691
545.958
644.758
459.35
640.587
666.381
893.186
449.452
853.872
682.255
466.417
632.194
458.363
649.465
524.101
633.166
585.803
691.874
494.811
584.305
489.45
356.422
622.107
473.306
633.587
475.792
594.363
466.238
671.662
590.56
618.162
472.188
480.45
512.75
396.286
559.465
505.849
596.344
474.965
437.393
451.018
543.122
641.262
578.227
430.087
419.039
522.789
1083.44
874.931
605.013
638.616
518.067
626.885
654.315
440.55
378.148
703.716
668.075
464.183
725.582
491.301
514.421
525.969
456.458
590.331
735.077
469.453
680.248
647.336
448.512
471.183
948.036
650.934
527.944
708.302
588.775
510.493
724.516
587.649
482.429
497.557
410.973
537.981
607.726
929.81
393.827
543.67
501.839
641.207
712.71
714.239
844.967
656.384
775.965
602.614
480.186
453.185
402.565
445.312
551.472
817.922
542.774
509.784
340.981
479.714
655.67
489.862
664.566
415.427
601.408
495.785
407.097
661.888
961.7
535.115
675.105
641.91
557.767
446.993
631.636
434.312
431.129
466.15
619.79
456.022
620.119
687.989
388.009
840.621
588.063
757.521
563.263
557.301
875.021
510.581
621.836
689.371
573.246
448.647
955.452
671.399
624.314
401.585
636.076
505.014
783.316
480.738
593.362
573.118
387.753
586.182
438.609
430.694
458.79
574.896
451.514
509.244
720.473
663.063
537.12
423.096
487.018
614.575
574.664
401.052
466.553
457.422
623.563
778.203
489.876
581.641
551.573
625.272
445.57
507.068
628.461
660.185
586.891
454.238
557.441
735.148
460.906
595.03
520.679
514.9
489.657
432.666
388.691
566.307
547.492
443.918
603.949
434.154
444.198
636.275
934.206
534.735
552.534
525.171
345.736
751.958
641.745
584.38
658.138
412.303
622.806
563.106
740.943
438.382
670.395
476.243
539.407
451.109
500.611
681.918
421.186
1221.22
861.91
554.617
756.256
336.18
416.769
522.757
320.282
455.015
450.785
580.487
377.992
469.708
614.053
617.612
508.234
751.202
460.942
461.755
921.341
444.931
535.339
573.858
630.529
461.066
489.735
616.567
664.45
476.341
604.815
716.307
440.514
448.309
661.438
426.415
772.394
512.936
504.069
419.057
621.71
457.87
371.691
579.776
604.611
428.452
610.294
592.117
615.705
502.208
686.739
527.795
681.708
728.076
698.882
477.539
355.935
410.985
588.846
604.318
672.585
452.281
460.478
601.689
670.346
617.359
458.68
651.843
408.931
464.895
501.289
536.631
666.458
645.252
373.687
468.99
450.64
798.184
573.944
444.422
639.001
663.853
659.167
414.218
297.154
610.533
475.118
705.155
411.163
592.033
448.818
597.313
418.257
564.025
450.002
563.321
375.777
850.543
646.13
384.574
571.498
495.895
425.058
578.936
560.883
669.743
592.297
578.026
461.252
507.782
468.618
606.015
421.68
662.528
642.874
372.955
576.639
375.697
586.085
650.011
461.704
478.427
1014.38
622.297
683.895
423.531
623.787
664.485
686.834
484.502
844.907
698.514
636.787
628.471
663.301
946.629
397.382
580.618
461.114
634.593
616.741
659.584
490.401
590.76
412.543
474.489
588.682
698.651
571.315
465.353
592.711
353.43
563.792
807.926
501.548
662.22
615.521
655.447
466.09
393.242
594.733
414.646
767.299
604.042
469.039
701.134
682.075
497.842
576.062
637.895
473.158
447.437
619.724
503.052
669.49
450.154
651.854
597.423
397.465
497.752
679.559
478.502
460.392
498.424
403.143
499.794
691.625
697.146
572.355
579.274
382.381
397.329
410.781
453.301
490.632
536.718
453.681
524.301
426.986
524.77
613.203
444.44
640.981
689.576
691.633
408.131
416.788
510.613
574.182
470.26
403.742
450.246
507.579
528.276
683.021
555.741
464.262
498.133
668.48
732.567
970.664
532.152
399.601
634.08
382.592
505.943
387.458
639.7
462.562
647.321
692.493
560.282
607.39
563.615
682.365
637.784
632.886
624.441
484.9
380.518
419.005
663.11
460.247
483.844
895.823
550.306
659.783
718.064
486.042
1045.4
562.67
533.53
544.76
586.69
400.173
344.129
767.412
605.148
435.222
625.956
745.321
422.587
1121.61
506.521
388.383
658.318
436.739
376.584
444.6
571.625
488.463
854.942
578.869
681.216
419.912
422.392
564.007
431.627
701.354
476.054
417.852
708.723
596.413
413.074
597.835
651.7
679.149
612.665
578.888
561.226
445.913
473.08
920.505
486.796
718.826
641.939
442.383
765.057
563.055
443.48
433.075
653.593
665.547
649.647
645.753
486.242
433.941
424.928
684.79
569.547
342.639
600.684
795.313
606.78
1018.62
433.59
693.972
619.618
706.222
603.828
748.559
444.128
524.715
533.173
632.387
592.771
373.113
662.368
501.467
752.252
669.836
532.832
442.65
706.658
424.863
437.768
843.221
623.509
544.79
668.554
730.238
578.781
488.789
564.316
600.058
329.291
627.759
663.602
556.347
479.078
666.248
641.755
571.936
629.028
423.044
477.04
721.145
533.217
451.533
370.214
439.019
577.832
481.023
465.253
745.519
355.179
715.297
469.429
355.107
483.488
639.317
513.056
680.095
549.216
570.081
688.004
483.259
488.944
629.701
765.338
478.581
776.169
671.341
597.645
599.814
465.345
552.622
973.524
798.678
411.533
704.911
556.743
481.373
490.878
579.193
730.125
382.977
662.839
667.872
447.419
768.378
674.904
514.768
712.958
498.522
833.37
817.977
644.825
631.853
859.318
599.169
469.665
624.994
450.78
465.926
473.398
424.452
365.076
632.874
614.394
396.963
648.337
680.069
673.551
600.432
584.938
557.284
787.282
680.748
598.156
569.615
689.557
451.963
632.296
517.141
548.632
478
460.04
470.45
654.415
752.475
633.313
672.35
592.027
487.417
658.038
433.724
824.309
673.518
500.688
652.544
769.902
1372.59
382.836
549.671
478.42
539.082
375.734
413.486
613.791
625.022
661.558
395.049
441.461
527.903
510.59
599.605
679.876
597.298
414.338
491.019
565.09
418.109
654.184
439.376
767.196
507.808
611.038
470.729
437.811
370.439
703.484
486.322
556.044
651.529
452.612
513.137
468.551
559.316
597.294
514.658
608.021
569.431
453.482
477.747
704.495
403.049
610.967
381.572
575.274
599.729
482.874
457.332
650.388
547.115
554.704
528.753
669.953
420.684
730.222
571.275
479.585
360.339
560.516
548.482
446.111
620.024
524.543
701.834
463.886
385.895
516.396
875.586
624.273
752.095
603.028
747.608
673.229
689.811
573.914
613.017
474.767
623.361
425.715
551.625
654.694
593.205
690.617
684.546
611.258
572.166
891.284
505.457
454.867
453.049
675.171
494.709
778.219
437.208
465.998
526.392
415.262
603.842
370.198
470.979
618.577
465.823
1484.91
640.43
525.326
470.736
481.425
498.284
759.603
468.369
673.988
743.963
456.523
613.503
559.704
649.256
454.433
455.158
437.472
466.412
394.795
720.986
442.528
566.029
503.129
578.771
565.829
647.632
686.829
411.695
609.625
495.031
614.316
772.279
622.696
672.473
734.949
546.752
528.881
650.012
708.288
694.563
492.107
378.046
629.6
541.959
538.147
597.278
452.302
424.282
1130.46
616.195
483.127
586.264
603.68
772.311
718.967
471.061
554.118
626.84
405.067
643.277
473.758
457.855
360.094
719.909
379.955
675.927
431.034
577.97
566.208
652.908
500.196
607.649
827.532
540.468
444.586
556.975
524.764
650.292
394.588
555.481
488.436
766.7
545.794
461.219
673.999
438.306
650.184
526.465
531.493
441.341
574.365
596.507
449.399
514.203
636.186
637.667
485.522
389.275
668.135
431.787
491.722
529.549
408.23
618.088
689.058
493.232
435.584
335.925
562.285
460.105
472.264
508.508
641.044
576.589
499.684
616.399
586.887
982.204
453.046
636.368
478.641
437.636
466.572
762.385
452.429
489.278
368.862
844.091
472.623
759.045
467.016
596.135
524.266
649.354
567.71
606.788
453.251
666.345
1125.49
561.855
471.569
795.736
489.393
438.156
442.92
546.433
455.578
391.101
521.712
414.185
443.303
720.859
485.776
646.716
498.239
459.887
508.433
441.727
450.646
507.038
503.905
424.552
544.46
574.538
590.523
599.025
681.279
851.777
994.995
428.305
917.088
424.921
557.41
610.398
397.69
401.4
567.982
593.566
728.198
450.483
533.211
594.755
471.946
613.237
674.623
679.423
470.425
623.38
472.871
513.468
588.603
394.919
693.237
632.209
481.036
438.851
469.284
579.606
447.407
770.568
618.641
359.613
548.104
556.683
501.939
676.85
644.308
418.024
669.82
631.782
451.402
455.073
562.298
391.362
759.298
593.5
462.503
445.613
402.594
471.351
406.194
477.548
858.539
465.592
848.638
418.236
729.126
643.049
525.756
511.188
432.113
574.02
575.669
590.177
410.005
934.695
522.984
575.152
702.262
792.464
513.529
455.84
622.322
447.862
581.719
707.523
560.764
609.327
492.29
439.595
588.685
641.571
587.094
704.439
744.668
695.607
389.052
555.287
706.047
471.392
632.048
551.768
656.643
525.7
464.507
432.592
384.992
411.72
363.572
664.335
477.008
506.685
559.671
576.338
528.831
425.122
567.18
731.159
567.294
431.853
450.746
670.058
619.496
656.424
441.076
622.975
450.535
699.564
608.34
365.787
468.749
707.525
610.166
478.292
692.327
667.512
804.222
535.779
420.558
644.236
643.922
480.517
673.045
715.236
545.695
509.693
489.97
701.667
377.671
460.983
396.272
509.344
666.806
517.019
558.413
567.707
645.377
638.48
476.528
440.551
443.352
652.421
406.117
504.611
601.757
492.762
578.651
522.066
754.732
501.538
447.346
502.431
600.023
402.555
419.352
427.752
757.378
379.931
662.324
446.701
487.075
991.746
732.092
450.311
668.764
492.916
550.075
661.75
486.738
617.975
495.645
536.843
464.536
505.938
656.756
724.178
557.77
609.247
455.838
627.152
452.478
480.551
522.972
740.195
426.757
617.988
422.876
581.333
862.873
576.752
707.438
475.076
417.858
506.049
443.856
572.528
619.152
642.271
627.136
517.285
473.388
462.359
618.596
966.095
502.205
446.616
493.29
851.979
562.299
550.979
578.463
558.15
433.855
529.049
422.035
473.498
407.586
654.934
551.623
628.476
649.892
447.378
421.603
570.493
613.743
470.389
606.835
618.508
738.311
508.762
699.985
416.697
457.966
667.587
663.574
642.343
468.322
613.468
481.887
558.899
814.954
726.127
411.423
456.256
383.803
436.785
641.748
474.487
739.282
397.211
979.283
416.28
921.85
496.452
640.577
627.438
604.435
423.981
416.467
660.066
513.833
487.617
1008.84
621.959
664.349
552.843
586.411
435.286
570.788
542.506
427.222
584.354
565.186
447.111
597.445
432.011
435.092
626.255
408.562
494.253
604.303
441.299
631.098
726.72
708.139
394.299
679.356
422.82
547.413
414.217
619.405
354.641
663.908
717.123
539.182
577.574
614.452
593.084
852.023
557.372
461.287
451.467
642.039
500.561
493.971
510.286
455.009
512.288
471.216
590.381
657.171
736.899
453.134
669.812
443.107
611.126
492.464
496.162
715.65
744.007
772.332
419.776
894.565
480.244
729.213
705.32
604.964
621.088
962.94
455.707
702.149
705.86
555.807
561.757
664.208
626.441
479.689
639.279
525.086
597.309
543.253
661.953
663.492
497.808
416.625
638.3
519.559
444.366
491.378
551.562
440.752
510.403
618.614
485.364
457.433
651.684
528.667
527.737
599.807
606.498
460.762
872.105
385.206
483.787
369.769
489.723
450.447
624.149
486.087
469.064
666.47
694.117
396.147
543.295
473.296
669.739
670.886
495.94
432.037
649.368
591.605
473.856
494.904
588.528
489.879
442.402
464.285
585.668
633.933
456.19
456.77
565.073
426.575
659.313
607.531
740.623
574.226
766.589
595.76
577.709
470.643
503.563
514.554
588.908
529.723
485.152
675.208
692.128
392.075
482.296
492.271
480.639
735.85
496.957
543.919
509.67
526.463
449.147
536.831
616.4
607.532
407.391
410.489
754.143
509.653
457.776
574.364
508.882
430.027
599.226
458.577
439.198
496.515
668.359
663.141
720.246
641.698
694.69
603.571
725.13
498.644
641.491
655.01
631.109
404.016
627.689
622.623
687.512
451.077
460.217
542.752
483.644
625.077
672.127
376.211
714.18
427.299
622.048
578.929
612.378
705.628
570.069
568.734
568.51
691.023
541.168
690.223
626.994
594.567
644.716
398.507
503.63
727.232
470
437.243
631.071
475.022
688.566
493.906
687.001
591.553
451.151
725.09
527.501
478.189
402.814
374.25
396.207
386.602
633.256
559.819
554.357
623.782
503.299
493.299
541.529
560.851
440.286
417.985
481.723
395.744
807.448
592.94
509.814
343.15
735.568
628.662
667.351
647.483
494.084
589.487
692.076
383.948
433.3
515.388
602.019
423.029
440.269
431.639
589.208
464.868
633.442
475.746
435.459
465.698
609.084
488.524
451.446
638.505
574.216
597.817
437.671
406.34
876.798
407.951
417.218
602.779
518.471
335.763
560.495
475.803
473.511
538.286
595.6
705.539
565.884
612.57
558.117
446.178
406.61
420.48
513.508
439.394
661.669
911.062
462.371
452.259
575.628
493.452
525.088
459.954
675.844
393.405
616.164
717.552
406.975
409.227
742.881
467.603
450.633
662.696
513.071
523.152
629.599
617.017
684.132
467.683
394.867
600.498
385.971
502.013
432.201
717.667
406.102
613.745
653.182
531.57
429.382
846.404
597.958
657.526
766.047
549.903
575.607
615.557
648.56
455.304
524.093
358.387
452.159
643.408
481.465
594.27
761.395
628.801
665.316
610.974
447.977
468.264
750.044
703.502
707.386
413.858
488.125
537.512
490.662
544.986
667.862
648.288
550.823
422.314
626.771
426.996
361.059
733.72
665.431
527.724
401.166
432.995
523.874
496.266
428.271
642.212
467.231
510.682
493.905
572.7
692.156
657.189
331.637
444.606
467.447
394.71
514.656
431.653
402.908
450.284
698.048
721.302
632.168
600.125
763.27
478.214
443.194
660.523
437.18
632.017
617.121
685.662
609.598
624.762
380.491
406.157
465.185
495.13
428.301
643.471
757.718
325.173
646.182
751.511
487.922
589.652
364.178
504.567
465.873
478.795
648.202
465.574
431.223
733.285
772.801
645.823
561.517
1004.66
562.389
426.185
460.088
477.659
588.614
410.387
306.881
642.518
451.519
463.572
496.671
458.014
609.468
621.897
605.165
560.229
648.376
495.523
418.486
461.365
568.004
470.117
443.734
388.507
407.35
944.098
448.687
501.152
601.442
458.312
488.217
555.695
468.816
577.825
515.137
679.504
507.166
464.25
704.709
543.038
853.134
427.231
657.784
721.475
574.967
549.552
443.642
675.477
644.483
427.759
494.1
563.049
639.954
391.969
358.465
410.755
728.322
664.055
513.071
601.114
438.923
488.664
592.093
407.537
640.846
389.588
570.746
514.935
810.649
618.111
565.893
435.329
539.455
466.942
347.998
703.952
778.232
487.384
412.28
1233.49
455.105
538.368
491.871
614.061
421.194
726.028
607.99
572.687
427.497
487.138
502.322
586.57
453.996
516.908
678.876
413.678
472.542
587.618
602.842
831.595
860.566
495.58
705.783
632.93
535.805
433.09
491.556
594.036
642.043
725.363
596.16
640.627
699.846
601.49
647.782
464.135
442.931
669.086
741.499
496.495
445.63
762.023
539.929
429.238
636.469
486.001
486.172
774.988
439.315
406.14
463.25
658.154
636.543
392.65
540.158
615.916
668.817
417.535
614.76
460.961
517.048
414.244
430.224
534.011
429.441
593.332
450.059
591.261
497.204
655.962
779.192
659.036
584.84
660.173
580.575
562.414
448.58
556.347
618.453
582.754
394.99
420.451
664.997
502.021
477.129
695.091
487.502
639.14
753.192
609.499
643.247
1280.47
449.643
485.881
616.073
544.168
494.12
595.768
463.477
1249.8
601.736
451.912
709.733
482.899
470.097
652.604
396.635
745.771
552.73
562.511
513.939
581.471
713.661
708.205
707.757
370.496
492.282
997.469
462.685
670.891
641.3
660.062
623.723
497.291
938.649
650.467
575.11
503.89
547.534
479.286
577.079
405.84
475.977
426.258
674.268
555.886
521.118
727.914
653.374
743.402
399.069
436.856
350.799
671.647
667.405
746.222
549.139
616.721
915.959
721.059
481.388
485.212
497.716
459.073
584.473
426.189
678.495
663.545
703.12
419.197
634.984
637.53
521.282
1093.69
646.267
525.435
392.397
595.075
477.644
936.324
483.876
784.509
410.559
586.145
630.674
500.776
432.537
608.662
661.498
495.016
634.299
417.756
656.275
509.658
541.309
441.722
717.404
434.954
667.215
743.864
767.402
677.361
579.803
414.031
419.137
446.761
752.271
661.346
721.283
403.153
440.364
703.618
686.311
621.786
632.115
638.792
528.127
470.384
678.593
453.95
469.234
509.644
709.027
521.046
504.466
530.058
554.866
592.034
478.199
580.239
377.026
496.176
419.121
481.114
543.49
434.404
632.017
471.808
465.623
528.355
589.93
687.572
622.327
446.46
494.103
420.984
392.254
720.362
572.718
473.986
556.512
533.559
615.688
421.377
494.405
1043.4
463.501
581.475
554.14
418.417
635.136
470.729
459.259
531.286
650.368
409.026
371.48
640.465
434.232
1073.09
720.294
446.653
362.681
688.996
689.144
536.352
541.73
470.668
497.767
500.988
479.495
416.456
344.938
667.922
431.895
481.076
521.014
406.713
523.601
633.079
566.353
613.503
394.687
487.184
577.103
422.492
596.719
545.053
458.796
670.168
554.824
530.06
622.957
593.914
460.349
504.446
729.151
611.15
750.822
440.368
494.182
636.583
475.827
626.764
432.246
486.375
682.727
579.093
951.116
556.346
446.634
558.727
508.759
470.135
561.422
538.099
655.131
386.272
616.194
472.833
711.174
590.361
480.251
595.695
449.953
661.623
705.506
458.975
589.914
549.816
1019.01
728.608
593.426
437.066
553.498
659.452
414.994
433.461
703.321
719.448
631.376
438.458
477.942
1037.75
468.937
674.738
557.418
469.336
636.516
511.08
535.464
588.99
400.148
617.376
436.979
726.771
651.244
380.951
687.608
446.648
743.272
391.272
538.926
470.737
923.844
571.885
591.215
480.459
563.171
459.594
462.472
460.935
472.319
637.639
380.945
426.191
649.132
580.353
512.659
380.778
456.901
562.306
559.519
576.365
548.489
603.121
659.747
386.027
626.992
712.349
552.307
609.114
688.278
458.635
549.32
468.149
510.552
661.792
465.335
858.174
664.053
991.555
509.939
411.607
615.164
410.178
469.468
617.738
452.7
543.218
706.748
1061.27
576.901
445.845
392.206
438.029
621.358
448.619
493.216
482.25
576.283
511.174
521.679
624.287
627.089
729.205
637.479
494.782
409.796
743.265
550.766
613.766
411.508
409.068
485.348
633.722
624.309
502.061
497.496
355.37
415.842
420.555
654.513
605.754
496.168
368.353
983.071
534.052
367.909
479.148
513.896
433.836
669.184
545.567
582
393.8
482.883
639.253
693.394
603.62
478.426
429.027
637.283
665.858
955.754
606.241
338.748
532.575
421.665
480.943
657.334
627.704
407.342
489.051
402.629
505.586
448.466
540.855
523.437
447.063
671.943
508.941
575.242
582.289
544.658
511.83
444.08
444.916
584.068
586.596
673.643
603.88
466.753
397.42
427.513
402.844
571.761
547.024
493.13
700.586
615.63
579.424
604.152
572.419
699.82
637.324
578.735
536.87
469.905
553.446
639.228
728.738
682.57
382.768
419.573
458.986
549.178
393.786
678.747
479.797
639.885
696.497
634.235
499.493
441.167
321.67
627.284
627.503
393.681
698.665
375.054
519.901
650.744
576.431
616.868
469.323
485.573
782.398
670.267
562.699
680.161
732.893
803.556
405.763
650.699
435.426
1007.58
366.327
354.382
621.351
503.787
596.519
683.127
418.845
598.822
378.059
566.602
976.722
455.769
405.265
1088.89
702.097
525.552
798.212
511.298
523.944
371.261
419.222
706.049
560.497
530.541
449.839
577.009
532.802
406.61
679.769
498.266
525.686
494.314
480.194
576.7
399.398
567.104
415.622
472.651
589.303
644.081
567.917
405.707
549.6
640.336
506.588
697.558
518.016
529.171
599.995
469.416
773.523
459.071
555.533
666.858
922.692
615.044
641.267
912.05
436.091
605.155
424.505
602.074
549.56
650.186
648.983
439.493
506.921
614.078
575.114
452.987
599.129
616.268
943.179
602.061
615.307
448.567
453.447
766.305
480.427
575.775
810.293
471.121
542.618
469.601
467.721
462.451
778.081
566.335
708.762
625.097
730.149
378.797
475.329
466.957
561.908
465.177
448.96
453.244
705.103
510.42
638.24
460.252
751.359
502.921
437.008
484.959
637.633
726.074
453.792
591.068
619.702
630.682
588.519
516.069
641.883
524.476
421.66
661.113
641.105
551.921
689.446
592.898
582.042
593.116
934.759
698.362
719.554
517.044
432.804
496.123
507.534
358.995
499.88
437.632
483.333
601.573
578.327
648.567
426.645
352.539
467.143
726.685
464.03
496.635
582.909
558.332
690.588
506.221
834.471
344.026
443.351
590.5
634.539
408.297
682.234
440.463
775.651
644.042
414.946
504.274
476.621
523.01
484.908
625.184
515.865
676.178
539.606
643.293
490.84
438.821
476.778
488.709
736.85
406.704
456.534
630.745
618.123
703.377
632.709
728.609
381.932
949.567
492.181
536.951
405.94
714.754
596.983
569.738
451.486
445.305
427.259
660.493
489.798
589.36
454.161
561.184
590.552
685.251
630.514
475.515
554.335
476.751
846.042
583.659
416.962
655.415
706.393
403.549
679.555
477.746
408.754
574.036
496.705
379.425
527.743
511.363
695.928
673.49
435.564
459.877
415.518
616.828
686.371
532.034
660.506
699.448
415.02
447.928
488.092
658.435
632.005
406.217
734.389
525.133
542.585
532.367
502.036
633.826
692.26
532.968
426.998
708.846
702.065
585.731
566.68
617.211
385.715
581.83
452.959
724.761
500.824
517.011
577.031
537.023
539.529
559.796
688.317
519.043
597.481
598.569
430.312
646.572
604.939
486.179
468.348
674.779
493.555
547.265
374.107
739.17
473.145
583.023
600.925
693.271
426.98
449.533
506.736
646.068
586.879
755.556
563.265
631.853
763.919
423.998
401.395
479.009
368.949
408.253
581.972
498.492
392.29
425.919
358.995
525.819
477.008
697.489
369.218
619.099
408.446
591.254
484.088
1316.41
726.788
552.738
612.727
438.155
687.248
626.851
364.48
663.874
367.236
460.208
721.151
447.356
962.484
433.549
723.687
490.808
562.061
515.608
698.848
502.753
529.934
433.567
554.646
390.089
442.633
639.988
437.861
481.49
456.362
414.951
399.271
568.803
416.101
599.244
417.146
357.987
487.531
614.569
572.005
563.845
505.342
684.64
394.681
491.95
397.311
320.685
669.239
404.166
588.497
407.183
502.695
569.295
633.833
784.531
461.349
448.71
554.562
603.412
381.865
513.807
1159.38
594.195
635.159
700.266
969.293
721.692
527.445
463.034
506.032
675.199
655.66
683.135
491.431
584.655
554.555
579.666
496.041
619.03
774.43
377.139
467.225
638.89
625.439
578.187
855.299
677.494
436.425
497.964
411.067
440.588
622.404
651.983
369.043
444.469
536.212
679.552
482.65
696.229
467.301
517.235
517.36
625.138
1014.48
492.252
466.9
718.396
693.339
291.596
433.285
424.185
471.734
558.338
620.156
653.237
404.472
909.97
698.755
675.898
430.533
666.6
685.042
459.621
733.403
589.628
611.258
618.446
456.357
626.511
482.6
636.99
560.531
620.805
467.296
944.673
340.078
627.147
463.982
342.655
410.313
1019.01
558.098
537.875
383.045
501.608
365.377
695.514
1090.7
620.489
823.442
446.264
409.335
425.672
1073.25
603.345
362.846
427.594
351.091
453.498
315.216
450.369
516.052
989.037
646.926
542.49
404.484
560.717
464.044
572.74
629.288
399.665
443.141
584.557
422.224
611.93
632.172
644.788
512.583
454.265
425.267
648.448
520.98
476.119
467.289
444.85
654.355
452.231
652.364
619.75
672.492
450.126
644.205
414.95
382.607
670.531
517.505
538.024
579.663
663.186
474.278
403.696
542.751
639.342
615.647
647.135
510.411
378.396
595.201
596.517
1378.9
589.08
515.84
450.466
676.596
640.535
473.346
370.531
553.657
499.548
459.398
646.272
632.755
567.7
707.235
457.786
667.444
789.332
629.542
649.906
466.415
691.403
819.261
548.677
369.05
555.484
393.268
862.137
446.022
607.415
618.005
428.635
484.48
490.641
446.74
392.738
407.699
668.279
814.068
420.913
492.234
999.932
634.491
430.466
636.743
641.351
473.172
679.48
544.807
832.38
650.653
682.008
679.199
442.513
704.011
514.753
476.234
550.637
499.425
664.525
419.875
533.208
575.642
672.738
550.894
620.66
1014.52
497.034
783.58
439.427
436.122
668.278
442.713
512.44
431.14
407.789
552.292
723.355
623.808
443.405
430.217
877.511
501.267
710.707
476.189
415.147
395.394
468.351
820.93
604.264
553.634
403.249
435.439
573.835
726.292
411.601
827.964
637.159
718.264
508.482
812.571
772.801
437.735
390.895
709.328
529.161
658.269
578.259
640.158
373.473
497.339
435.04
666.312
674.904
621.527
617.76
494.646
389.083
469.853
322.918
1024.4
436.331
457.827
561.773
440.08
444.055
618.011
553.544
466.279
861.149
496.457
528.233
400.455
602.848
430.455
411.075
481.065
477.15
597.191
548.168
392.707
514.96
429.75
916.347
600.626
425.225
401.227
694.376
761.574
509.438
830.202
456.15
744.041
643.393
599.965
457.514
726.19
394.833
449.171
554.503
617.614
646.084
623.507
958.173
645.019
714.351
603.702
736.077
483.165
561.493
431.825
444.463
424.118
379.459
424.719
638.17
670.111
472.58
646.838
487.575
845.535
642.596
544.127
552.763
539.151
623.069
645.258
549.223
466.68
471.481
587.508
444.739
461.877
466.754
465.437
511.026
602.071
471.83
592.535
521.506
598.029
611.684
589.997
673.78
534.499
465.308
613.243
482.028
660.468
484.098
437.673
414.251
612.016
589.808
706.388
1114.71
421.254
455.892
755.034
719.474
642.476
685.521
562.643
490.729
510.096
570.398
437.396
394.286
500.196
380.878
534
465.532
684.716
600.481
979.3
486.192
612
440.953
606.488
451.057
450.721
486.309
835.867
432.537
661.864
385.541
652.338
400.514
506.653
693.289
425.632
655.76
519.656
366.352
435.657
603.13
535.179
369.109
516.325
476.182
525.832
699.675
456.091
549.876
579.277
435.384
640.29
649.415
434.63
459.793
468.312
440.251
435.875
668.696
530.859
575.485
568.926
543.084
535.2
564.481
833.692
455.931
419.242
681.017
482.706
635.893
494.888
443.803
723.41
623.497
416.748
560.108
545.123
564.069
498.149
799.549
520.016
637.623
673.669
578.738
917.197
416.088
451.492
495.452
595.029
573.828
622.321
383.694
600.588
748.979
605.864
543.048
599.074
534.062
670.351
375.044
524.243
566.311
418.184
569.302
782.459
688.415
674.739
654.826
564.244
564.909
574.646
810.997
635.776
503.201
386.407
456.525
868.222
418.35
593.06
374.984
430.845
805.924
632.326
475.165
736.046
409.817
624.069
700.932
652.9
501.559
484.446
606.671
696.176
674.855
346.229
661.967
502.381
441.873
742.334
562.948
435.344
784.807
409.595
349.515
1183.34
606.638
547.791
544.855
528.817
468.976
425.249
795.208
557.073
457.143
656.57
391.688
682.63
618.787
408.566
416.679
352.578
445.295
657.445
455.664
869.061
478.243
502.818
445.541
468.358
529.464
808.775
482.011
572.283
641.17
401.844
639.993
602.335
699.762
586.44
692.907
511.312
471.797
448.034
775.461
436.85
492.397
554.499
460.376
634.562
660.219
704.49
777.651
579.151
870.963
498.549
675.687
464.461
416.975
488.908
717.091
558.302
614.694
604.744
615.061
484.051
673.297
637.138
454.355
433.666
554.996
576.431
446.232
565.876
1086.2
614.012
639.076
921.176
587.043
508.696
452.795
659.657
725.823
489.334
590.325
634.192
569.954
481.93
469.493
479.604
404.656
464.815
438.4
710.054
1088.01
581.638
618.798
549.076
551.581
455.172
657.616
697.956
749.298
476.705
436.498
658.761
478.869
722.826
623.393
535.9
606.799
637.671
848.582
677.094
563.328
825.216
469.852
456.693
377.219
648.6
418.008
598.479
603.321
690.037
645.162
405.985
460.673
374.715
685.609
442.464
358.932
579.508
619.897
540.631
445.26
695.446
493.913
586.3
515.589
920.94
897.527
407.696
511.245
515.95
405.872
645.912
382.008
729.91
445.959
1058.87
727.408
670.636
644.449
670.609
590.393
434.26
1027.35
556.088
651.262
593.822
431.392
561.563
494.006
557.019
581.36
434.35
656.791
540.869
717.934
404.981
464.009
684.53
598.87
384.69
538.887
560.102
511.465
446.217
592.899
705.42
747.912
595.505
684.57
1056.19
388.359
451.205
917.062
512
580.099
582.146
639.021
374.93
683.276
732.351
874.044
407.674
619.678
1206.98
425.157
477.369
345.762
616.127
424.441
404.601
885.371
619.292
632.628
754.037
397.073
437.243
714.885
525.127
391.984
560.076
500.007
546.92
684.677
672.612
589.52
471.395
594.632
502.604
896.934
424.013
443.109
607.23
415.031
794.051
657.353
659.411
524.437
412.38
423.752
795.704
457.812
663.231
625.804
483.272
486.13
572.99
830.158
536.731
537.201
613.872
623.184
417.776
483.004
652.276
719.559
674.489
308.668
604.482
490.749
510.575
414.173
451.838
471.215
461.407
610.189
556.499
365.267
629.215
963.587
446.916
525.71
475.709
375.697
454.677
464.186
653.032
537.97
659.32
495.292
531.043
524.231
652.726
630.581
482.177
419.99
543.905
488.797
541.462
484.708
710.406
664.347
438.498
667.937
532.161
388.464
674.498
765.515
666.357
597.392
499.909
829.21
515.789
452.709
425.936
704.597
440.268
402.356
462.925
512.323
503.36
330.373
370.462
482.531
849.025
461.172
396.164
463.192
458.093
446.645
666.871
470.125
418.02
641.012
501.006
274.158
595.763
459.656
614.519
631.793
412.448
472.575
587.187
348.33
647.767
448.759
668.871
389.877
362.447
600.776
543.739
427.507
669.614
660.685
481.15
607.512
634.551
662.806
414.11
471.833
423.961
565.068
552.882
695.978
420.085
689.586
433.85
454.533
1026.4
538.721
633.459
482.517
472.192
448.853
867.412
767.013
475.548
668.358
645.801
475.932
426.505
649.467
713.104
650.967
623.2
680.037
454.51
472.886
829.476
554.08
499.139
450.702
520.136
636.562
621.047
700.781
530.35
573.903
572.033
421.571
658.836
645.189
494.872
553.73
591.619
681.266
499.211
497.299
862.684
527.349
520.29
474.664
573.668
572.275
407.092
581.159
440.908
473.859
550.077
647.225
676.061
436.945
806.102
495.62
766.735
369.539
466.473
621.428
619.613
472.598
757.434
448.576
661.696
729.743
642.157
683.055
416.3
411.153
418.658
401.015
631.959
726.234
966.132
437.981
514.298
507.273
589.176
596.629
504.561
454.783
439.625
447.282
502.216
690.781
385.601
485.305
719.969
389.64
566.88
1003.97
435.92
440.959
488.966
657.836
484.367
387.952
648.135
1310.24
509.104
579.261
750.15
513.534
541.061
672.748
786.609
469.116
473.104
655.323
678.714
477.158
438.814
498.075
669.16
447.943
492.791
461.403
444.272
680.583
747.387
809.646
455.775
608.216
456.374
415.948
472.114
566.1
640.835
565.769
661.259
674.167
565.244
788.699
475.78
645.29
516.083
803.73
466.17
546.534
693.883
509.441
369.728
442.745
531.856
693.399
1187.87
434.51
420.108
924.706
1036.79
494.247
473.032
556.192
672.176
581.052
695.887
416.285
496.673
473.041
466.836
573.054
434.213
712.803
732.227
584.181
374.836
447.279
436.382
749.554
655.319
769.091
417.264
472.529
478.156
705.023
571.57
758.765
571.169
409.285
479.734
460.23
411.576
435.535
640.196
401.611
703.005
640.899
691.642
608.334
440.138
498.836
509.12
645.107
834.395
425.687
572.694
476.213
701.014
654.013
624.579
397.424
849.751
750.505
422.465
413.235
643.288
491.948
528.723
392.494
526.962
620.305
537.743
553.41
443.168
432.729
460.045
480.466
722.904
440.262
566.492
362.155
402.137
665.057
418.77
623.057
422.225
565.825
439.996
655.332
496.503
686.632
489.434
673.56
912.125
714.581
512.371
432.531
409.868
367.347
420.618
451.919
588.94
480.57
471.228
597.666
665.125
457.166
795.295
593.391
497.801
460.52
430.46
459.017
453.508
706.519
629.01
420.637
428.953
613.501
783.762
754.631
608.567
484.403
576.772
516.498
613.524
528.92
580.148
714.113
616.711
498.922
501.063
544.051
599.393
535.654
635.996
510.573
531.926
684.688
448.169
653.631
606.536
443.539
719.171
614.642
610.769
654.192
544.826
495.528
697.268
760.732
431.709
573.592
582.573
690.302
479.819
486.353
349.525
456.058
608.859
424.942
499.611
567.595
380.104
416.265
567.842
442.296
460.374
426.109
465.985
449.594
619.295
473.949
724.334
448.399
366.692
362.532
619.332
656.445
605.086
668.391
448.056
486.167
559.505
514.082
671.394
637.68
493.68
588.514
509.296
651.674
462.272
478.336
645.781
470.144
698.545
367.632
605.264
631.919
422.511
638.157
665.532
659.672
725.658
514.408
410.547
718.688
751.14
575.44
602.377
512.345
866.646
601.196
648.463
786.439
479.814
488.571
745.395
618.05
646.082
451.041
627.689
380.189
562.008
449.352
786.387
386.773
536.398
486.073
544.811
548.934
432.108
552.042
619.169
455.359
496.09
619.128
416.36
510.304
453.724
522.156
498.88
515.35
376.181
783.789
648.665
654.718
558.711
485.463
651.38
480.85
688.768
650.466
675.718
426.913
683.357
431.82
396.66
580.713
584.785
671.88
540.034
660.594
435.178
480.478
432.178
514.187
469.871
626.449
470.441
513.499
499.51
538.608
593.596
449.504
919.025
457.53
728.418
615.373
601.202
555.652
527.833
633.302
554.61
659.029
551.505
461.317
396.364
816.006
810.041
484.979
506.794
485.535
508.953
396.916
659.258
369.248
602.73
478.369
436.001
566.498
665.145
1179.64
644.341
443.965
521.783
628.467
537.839
542.986
443.882
417.329
896.362
456.076
631.769
508.055
496.139
485.806
721.347
618.962
476.049
473.514
550.619
541.429
519.178
499.425
468.923
392.699
470.553
531.224
522.008
362.55
698.432
620.557
457.57
793.413
712.032
415.453
622.744
716.775
773.917
420.924
665.218
525.545
415.824
530.498
822.723
464.898
785.44
626.384
361.898
689.834
609.088
483.64
533.32
645.63
644.539
450.421
397.78
446.775
681.716
637.192
450.848
475.016
526.996
529.645
630.274
450.916
668.607
654.894
440.695
686.559
422.106
442.269
408.668
394.218
404.994
414.006
626.268
712.385
420.486
927.441
469.426
653.603
608.345
584.005
539.503
534.728
507.589
456.009
775.373
584.904
646.162
371.804
598.065
497.24
859.77
462.772
889.809
448.828
505.846
616.385
442.898
670.843
484.108
370.446
617.671
629.156
601.976
578.553
900.035
471.585
709.159
655.558
668.887
566.047
659.082
599.756
608.24
576.233
594.803
461.321
698.477
475.434
380.955
781.291
654.423
419.844
700.265
702.115
486.667
434.852
498.08
581.507
514.143
574.199
409.606
675.097
668.664
464.345
466.314
596.58
511.197
452.304
496.615
656.132
642.1
647.609
621.429
436.34
607.702
840.999
418.061
403.814
570.042
460.535
650.457
749.982
495.86
715.465
464.429
450.334
832.99
646.295
511.188
485.152
562.848
379.563
622.685
472.152
503.787
447.096
532.226
428.744
576.028
323.494
412.666
497.009
623.992
495.303
613.219
653.067
562.846
446.642
547.836
899.123
570.634
522.993
461.613
474.841
408.543
619.555
583.969
613.935
346.621
928.574
609.957
725.434
652.89
444.861
656.431
488.338
818.086
675.905
561.346
405.287
527.083
705.904
586.77
548.202
474.138
507.607
466.79
683.218
453.567
478.324
602.45
638.385
678.502
751.679
365.827
636.906
487.325
494.458
605.902
575.434
468.433
637.639
496.176
489.249
382.41
706.021
804.96
560.124
569.442
1031.52
573.544
817.569
438.225
450.292
380.741
1015.63
468.446
605.513
406.215
550.694
522.388
470.76
462.357
646.712
756.966
619.298
556.576
598.531
479.56
501.226
945.797
487.923
589.965
427.664
441.476
442.393
550.61
640.841
479.536
875.144
441.109
625.246
1068.21
426.86
441.479
622.162
558.951
1173.95
589.465
664.888
615.9
602.041
722.745
508.401
507.436
517.849
644.412
579.885
619.041
410.503
700.401
441.362
655.626
505.64
660.512
1140.22
519.165
451.246
406.346
511.357
504.909
699.013
652.953
482.198
535.834
773.509
412.657
554.414
479.951
658.361
661.035
405.168
659.355
739.17
767.539
587.595
730.787
445.862
704.265
408.945
437.115
497.449
442.352
607.949
430.469
526.578
380.025
632.454
399.748
456.592
571.226
648.392
415.861
620.002
565.019
401.396
418.861
841.108
667.491
427.832
473.774
534.651
468.201
563.671
672.011
442.304
578.326
354.947
415.303
530.764
556.042
517.559
369.811
457.324
523.338
629.777
599.457
939.561
500.705
498.088
653.125
449.293
679.397
527.061
628.512
507.672
610.864
1023.19
551.533
603.026
527.343
765.831
410.281
474.923
560.533
565.512
573.926
695.71
805.225
472.924
628.713
489.13
513.184
693.786
570.08
682.345
519.757
703.768
497.148
479.852
688.184
416.912
577.031
463.719
387.858
698.585
638.09
635.02
599.56
391.496
541.674
452.64
589.405
733.143
730.666
591.043
627.651
511.419
464.287
845.051
831.695
607.53
574.692
360.363
1276.6
681.889
433.467
714.957
684.68
547.011
460.449
584.889
1053.85
485.851
879.13
731.903
551.035
596.294
662.343
576.863
416.777
702.36
410.508
443.1
574.41
655.471
600.817
490.736
664.021
599.622
451.105
351.423
605.612
412.704
678.353
418.235
607.906
410.812
646.553
419.107
453.497
442.991
428.527
482.88
605.265
498.285
379.141
740.111
439.523
535.057
459.636
423.027
695.233
597.214
745.847
416.346
746.134
548.825
544.112
455.609
493.957
423.986
476.276
498.062
485.792
642.031
465.686
501.323
646.79
365.946
549.247
671.995
575.545
748.613
457.446
1352.24
580.986
404.941
519.09
670.265
537.309
471.298
560.609
340.951
568.629
579.508
382.071
455.214
447.958
709.233
602.558
504.51
609.078
675.861
610.901
690.166
387.412
758.794
391.269
448.447
513.23
685.922
607.37
474.827
662.619
463.674
701.188
697.919
649.051
429.714
720.928
545.4
476.27
444.797
716.65
469.927
502.997
456.464
453.732
569.583
560.784
543.764
654.493
388.947
659.819
508.085
606.003
539.73
437.771
460.884
569.523
432.756
471.794
463.698
609.303
443.914
290.155
535.315
432.949
557.884
436.02
922.656
621.08
429.408
500.018
925.755
417.595
561.119
422.268
505.871
735.786
466.946
603.167
615.134
467.793
685.595
681.372
642.603
429.041
494.212
513.917
677.709
621.274
491.393
709.177
630.762
566.203
611.428
497.464
631.444
622.606
704.438
601.15
950.203
570.327
488.866
685.404
459.404
554.212
419.225
552.568
757.784
591.087
557.388
589.148
685.321
661.287
699.572
451.057
654.855
486.589
421.102
569.987
679.069
647.113
522.708
436.196
644.82
492.782
458.149
537.351
592.537
637.186
422.225
428.54
498.331
573.531
531.431
543.305
599.813
621.6
502.953
420.238
488.195
626.119
639.049
761.012
458.608
607.036
530.068
441.247
600.71
503.781
419.95
666.107
451.17
665.37
449.786
406.57
881.832
414.651
487.03
662.193
550.636
732.931
460.378
753.808
613.548
471.929
535.14
413.284
343.717
419.863
611.249
638.696
728.204
1084.58
579.63
598.329
647.822
471.214
502.831
1001.83
958.545
416.668
625.298
425.093
636.755
380.251
577.372
693.206
624.758
649.725
925.634
442.758
544.785
469.251
690.789
577.14
449.872
668.938
1052.63
476.971
474.828
536.642
454.408
456.711
473.458
377.295
631.128
487.566
888.921
646.394
628.317
488.027
592.473
642.061
516.746
406.954
393.809
638.419
484.702
392.069
550.776
544.098
359.229
393.573
446.462
942.383
925.148
462.029
513.164
1286.2
421.636
577.168
627.966
696.025
464.843
699.812
451.716
483.726
579.903
621.775
401.31
615.151
532.764
686.722
437.775
425.727
530.859
454.721
958.414
449.465
789.524
673.101
517.594
953.66
481.978
571.275
439.785
660.543
1078.67
431.588
432.765
608.308
405.975
402.812
617.965
504.696
702.65
451.212
459
460.712
532.738
594.488
1181.64
414.084
747.797
400.305
590.15
500.606
598.061
473.836
785.875
362.874
1092.37
506.364
531.883
623.507
604.001
613.589
571.126
654.23
654.11
637.7
869.865
564.23
539.994
379.622
562.442
555.182
736.262
459.093
413.044
734.961
618.287
455.766
468.671
500.515
838.698
553.944
571.452
635.768
476.228
656.229
467.048
595.55
378.243
537.874
660.467
722.057
673.393
604.44
499.614
695.367
648.855
541.311
530.252
442.272
535.212
413.021
519.382
472.5
673.724
513.663
431.295
597.833
502.347
559.957
649.214
409.329
421.982
602.675
402.042
422.304
584.481
458.677
688.093
514.056
530.703
523.739
547.257
517.935
820.81
430.536
596.553
593.961
779.435
676.567
507.897
466.869
612.375
644.722
1053.49
702.64
666.161
414.133
447.023
487.113
473.956
578.542
455.851
458.566
631.818
387.448
531.564
589.8
500.576
743.959
413.933
592.053
585.159
612.766
598.534
647.437
590.916
689.107
482.918
427.265
593.366
683.331
442.946
540.405
556.474
677.61
455.315
449.974
672.522
483.597
487.806
466.391
567.16
767.58
819.891
665.5
413.701
497.013
416.594
370.201
434.358
664.064
604.332
527.967
706.785
537.519
843.705
393.311
609.819
663.969
450.005
676.691
547.852
456.815
455.293
517.381
507.523
687.049
404.433
721.353
422.981
414.152
517.835
439.113
471.999
614.586
444.428
391.998
449.636
767.672
614.225
445.579
597.944
664.222
593.641
630.409
422.881
508.319
349.221
454.196
457.609
438.545
574.146
471.724
445.385
453.192
1111.48
627.525
650.483
578.914
428.126
757.061
560.785
883.663
485.369
427.362
675.886
668.391
491.89
384.718
608.363
447.703
618.539
470.981
442.052
584.043
598.823
479.468
472.695
561.118
603.829
407.475
643.761
639.729
430.099
660.177
447.46
519.827
518.726
502.786
552.447
692.385
691.08
644.106
487.584
717.784
608.787
777.157
675.347
664.221
613.823
656.986
457.195
395.966
609.394
583.524
643.873
628.943
504.155
464.432
387.035
430.303
800.255
635.905
471.852
584.403
684.226
627.957
517.37
437.48
477.077
752.411
636.609
418.55
749.532
394.78
560.818
1074.53
665.321
401.177
443.623
733.299
665.159
442.02
530.851
493.572
453.515
635.152
477.912
569.061
629.296
664.345
663.508
469.678
493.177
449.009
372.388
623.405
558.493
440.413
584.857
424.716
595.4
986.327
627.746
575.309
667.383
405.718
605.69
387.02
617.722
805.827
459.735
812.246
444.193
482.071
668.128
494.793
502.883
596.675
429.777
496.547
460.335
612.749
480.607
692.25
551.615
822.055
640.478
658.557
408.191
656.734
595.736
603.526
806.787
508.508
506.717
976.751
566.705
401.286
619.829
454.665
665.672
536.646
1036.19
483.29
601.874
369.564
430.965
501.577
818.477
583.233
495.3
505.566
686.009
702.244
346.415
577.419
461.227
457.831
345.352
560.193
766.863
515.06
590.644
632.467
439.715
490.85
600.169
593.845
719.717
711.068
597.763
438.344
611.315
712.065
442.26
629.956
707.798
594.106
579.329
434.023
621.213
381.6
403.897
607.568
622.879
766.145
459.196
968.343
576.517
618.464
700.077
415.364
393.123
486.046
642.724
579.575
419.302
525.595
788.34
490.206
658.56
742.544
638.261
448.24
472.47
604.072
711.087
409.129
632.233
580.021
755.882
776.532
497.158
627.417
812.496
646.293
626.945
452.927
607.264
458.072
484.924
528.682
587.42
520.325
468.994
753.463
523.774
958.085
695.758
420.912
664.722
398.954
579.49
519.304
422.958
479.615
560.88
411.232
625.589
460.509
418.716
619.607
530.264
566.822
593.738
501.283
439.041
599.108
579.436
676.596
582.829
549.469
436.434
386.254
536.457
624.958
467.874
856.174
747.928
519.458
781.562
548.199
516.728
717.867
415.058
927.213
536.922
626.348
785.273
429.76
420.65
327.258
389.066
636.889
1134.12
552.708
640.862
476.793
470.342
446.117
586.269
587.98
787.153
1064.35
666.44
613.018
610.273
1361.26
389.716
520.254
569.744
654.761
535.964
458.614
645.095
724.272
640.581
632.266
470.063
602.634
659.489
870.875
613.103
544.573
528.661
639.197
635.318
595.982
668.543
538.745
456.346
426.238
647.578
670.181
649.654
641.375
579.847
486.159
488.25
922.608
416.2
407.153
424.007
410.039
444.211
638.583
502.443
451.506
441.943
737.979
398.51
469.051
428.505
616.11
946.942
427.376
490.818
523.801
628.025
660.712
404.039
446.432
726.529
426.282
465.73
756.271
405.953
633.555
1052.76
524.843
468.769
662.479
476.367
426.492
634.253
624.993
443.972
443.46
502.644
465.886
648.056
614.002
770.978
584.134
458.434
1341.68
474.475
681.254
592.998
604.819
615.715
420.682
631.537
621.582
601.644
389.317
366.73
463.388
513.969
580.83
478.214
464.742
419.652
478.064
611.663
566.478
480.112
346.903
511.457
656.009
1116.33
595.103
495.623
523.152
664.382
490.188
439.332
613.822
424.836
444.775
654.511
521.828
631.126
410.297
474.355
411.162
434.112
350.789
340.553
449.599
569.838
360.588
943.122
918.904
729.979
433.858
587.657
597.287
497.831
1117.81
614.44
626.688
657.757
607.726
409.351
648.34
745.372
472.277
475.435
561.911
383.692
456.947
584.716
402.423
446.18
1090.15
655.561
654.11
308.089
474.06
497.941
480.556
838.161
426
472.937
508.412
671.952
502.836
627.19
624.688
668.021
440.798
606.247
685.907
466.043
337.907
469.959
474.929
565.542
522.689
446.739
629.542
433.794
444.463
547.526
572.159
452.323
517.278
629.083
687.598
755.726
450.481
710.859
560.879
635.363
776.118
487.412
651.846
724.214
563.63
373.71
451.398
513.009
474.448
548.696
479.892
677.422
789.238
362.944
458.656
901.933
640.034
606.978
455.314
401.086
500.917
561.888
420.086
468.363
691.386
402.51
583.091
474.215
493.355
750.202
567.502
693.826
601.835
432.893
773.975
686.901
678.465
645.219
618.89
606.299
614.291
663.445
454.258
575.102
513.369
623.424
416.54
462.491
401.564
432.426
516.165
455.529
671.995
554.373
482.011
381.679
491.397
480.887
620.818
437.33
563.51
581.673
1058.16
481.772
398.462
517.473
483.846
591.447
509.353
665.248
502.558
672.694
568.241
939.712
651.703
496.604
455.82
688.313
567.872
472.177
658.59
557.114
729.251
744.412
418.023
546.781
624.049
598.393
426.343
541.796
575.727
653.626
578.384
651.519
488.205
465.734
556.918
471.017
495.329
424.632
574.793
467.018
425.545
570.364
466.008
702.851
379.823
432.443
728.732
609.778
564.487
453.629
599.478
470.138
465.043
454.098
567.131
413.538
610.662
497.983
746.87
521.83
700.532
418.864
791.565
650.467
487.209
596.274
445.912
471.785
582.916
454.44
392.912
404.868
617.596
397.414
716.424
376.839
522.781
486.272
563.703
461.971
535.652
540.415
362.849
494.461
747.817
764.829
548.628
385.57
781.879
615.979
548.426
626.885
437.36
631.925
614.999
645.997
627.2
558.365
681.454
697.842
529.89
379.117
495.806
466.052
471.929
508.384
521.244
679.613
524.579
479.171
467.766
485.731
633.912
557.761
501.431
555.939
792.144
926.299
649.285
444.584
436.528
596.829
431.531
442.298
612.34
478.063
676.046
438.211
637.161
439.766
513.954
512.95
601.736
1081.72
824.872
763.462
527.762
454.523
634.027
734.04
409.25
549.442
569.522
805.236
640.474
656.94
605.344
426.489
729.518
1266.25
418.622
397.207
465.404
595.327
463.176
429.895
349.962
589.259
442.729
430.572
727.732
549.266
646.489
659.424
442.891
612.947
626.421
499.917
407.083
422.124
430.788
348.195
943.198
480.226
564.927
660.884
462.108
510.015
412.093
386.471
581.764
568.84
515.547
398.368
614.101
456.337
637.605
561.058
529.078
572.285
535.187
685.549
378.537
511.843
556.983
611.64
402.504
437.814
508.68
431.91
936.436
452.072
485.794
460.918
510.494
625.601
489.065
525.324
449.155
370.676
560.888
1130.03
461.031
641.368
699.58
393.692
632.619
647.683
593.644
393.624
473.186
457.073
576.962
425.835
443.85
463.611
431.754
424.633
473.97
619.177
444.279
435.777
749.995
421.733
407.405
571.338
397.231
590.764
391.31
509.55
509.117
651.749
801.367
633.755
552.232
452.096
546.126
589.614
656.044
573.033
488.217
441.03
407.273
426.026
699.025
692.282
459.635
671.653
615.261
617.997
594.693
724.605
934.194
554.012
1111.73
651.513
437.161
480.517
522.948
611.869
647.935
476.946
462.956
416.753
428.423
645.683
476.684
972.215
570.297
507.289
439.534
475.85
469.912
581.196
414.888
430.548
492.483
499.491
792.212
616.482
588.622
618.403
694.076
460.631
643.797
402.114
481.508
464.116
658.456
442.265
497.162
739.721
626.501
409.733
627.753
479.427
358.241
546.183
428.95
723.478
708.636
536.805
569.742
586.39
588.698
468.332
793.383
498.021
432.805
440.148
522.018
684.792
1158.61
468.081
426.691
487.42
497.087
480.219
499.725
641.863
645.586
607.219
645.743
480.939
660.463
495.986
509.3
626.25
890.08
390.069
462.189
624.159
331.822
534.886
436.621
471.624
451.538
491.338
625.245
656.68
542.448
680.109
564.948
434.583
637.956
586
545.101
604.106
582.955
454.669
667.241
472.14
557.387
518.173
457.924
650.191
370.345
538.704
489.313
612.956
472.055
412.342
500.596
477.723
641.106
448.182
717.277
482.707
418.745
431.28
687.984
510.401
493.273
621.955
658.679
583.166
594.703
508.091
614.872
400.003
439.077
294.08
432.81
467.522
488.297
614.952
696.664
531.654
450.21
615.81
586.345
446.896
545.149
645.783
678.182
482.461
569.96
826.3
607.376
643.658
564
485.488
402.662
689.802
480.971
660.551
718.24
485.512
628.416
1140.24
794.162
512.17
458.774
499.759
491.188
626.344
660.685
597.46
616.059
432.377
471.432
623.081
499.425
602.011
531.084
643.718
965.488
661.443
508.107
564.462
569.068
581.349
465.712
618.369
728.461
442.896
811.417
556.531
439.785
453.366
592.033
549.172
439.203
459.037
636.997
605.077
514.599
539.81
596.026
986.266
538.495
543.363
646.963
547.868
634.7
591.517
531.538
649.35
443.669
642.98
733.516
538.356
491.276
515.112
463.51
743.37
380.686
539.301
426.745
373.553
625.275
440.799
567.655
678.848
1059.22
470.729
745.013
546.546
560.905
748.415
430.261
481.27
513.471
480.46
645.075
569.302
398.586
575.999
617.928
664.139
360.688
608.306
875.25
499.859
1122.73
881.587
579.297
603.772
453.605
462.281
376.764
595.009
653.112
509.694
388.122
504.215
705.677
671.861
419.884
898.669
494.4
584.092
510.748
393.089
587.923
646.745
615.77
667.302
414.632
637.53
597.31
629.997
686.892
610.413
421.589
529.111
577.977
626.085
457.147
634.602
612.921
623.54
384.843
492.825
604.322
435.777
437.434
458.301
476.563
498.412
556.681
435.988
488.812
391.782
437.204
431.436
338.622
432.054
793.757
427.062
680.066
572.781
605.107
643.692
491.655
511.754
728.129
449.925
699.303
872.456
601.055
432.807
333.372
702.696
506.452
413.427
392.365
642.82
444.883
559.783
421.757
714.017
635.777
464.483
408.766
597.938
484.61
455.075
395.669
500.29
663.689
538.527
539.516
528.011
684.735
650.577
984.723
358.676
646.608
641.471
659.499
384.859
634.874
564.391
615.169
430.477
917.176
646.716
750.162
530.932
624.863
556.444
490.337
509.582
486.466
422.479
487.29
415.96
583.013
433.021
696.044
480.313
710.451
455.111
673.262
714.604
757.676
651.994
644.686
454.672
454.144
446.844
607.679
403.848
718.621
429.944
419.352
610.554
410.604
347.186
730.322
437.247
699.699
485.198
426.859
494.466
472.626
577.472
475.729
588.908
530.186
637.832
422.251
454.475
377.998
420.622
579.045
656.375
542.178
578.359
565.664
388.231
525.084
483.659
635.892
445.77
460.306
706.241
461.564
618.468
606.834
445.794
964.004
616.833
643.907
733.954
393.435
565.129
542.226
428.259
998.842
648.949
642.001
495.987
606.345
711.38
591.831
476.825
421.352
599.336
601.901
378.134
322.751
389.563
651.54
461.995
648.749
621.027
711.214
502.297
582.079
418.373
594.754
658.53
525.115
601.826
362.362
557.524
707.657
598.748
420.586
458.898
441.828
630.778
410.052
685.337
619.192
481.345
432.409
592.437
426.953
523.37
541.095
681.321
607.651
409.603
460.111
674.428
634.294
419.607
512.233
357.995
467.137
416.817
592.027
687.544
425.361
1225.54
728.528
594.895
900.451
440.207
571.85
551.904
729.639
517.318
435.624
489.455
455.325
589.53
662.239
499.285
457.745
877.193
472.76
646.284
490.723
630.564
475.792
429.88
612.007
874.359
573.685
431.604
644.936
604.745
536.201
481.835
721.778
495.084
770.794
486.52
613.664
944.356
605.475
422.064
556.97
496.33
925.733
539.281
437.032
624.189
539.784
627.268
480.178
611.477
471.44
647.619
421.67
436.611
682.638
453.064
462.825
639.011
431.791
549.234
671.773
715.442
621.28
423.605
660.956
486.406
575.684
463.838
829.131
465.341
590.544
606.304
396.45
470.992
536.609
595.464
345.884
429.409
579.412
465.009
448.332
601.985
479.317
501.349
430.46
485.19
401.751
620.071
643.571
402.21
835.17
456.027
589.25
790.931
734.307
608.919
500.806
610.421
644.065
613.544
437.701
568.298
678.879
377.572
748.306
1098.56
511.623
642.018
658.715
923.427
642.435
625.282
693.978
604.36
645.713
529.727
620.604
415.653
353.595
655.896
421.475
879.851
590.818
445.718
879.751
547.674
951.112
468.038
654.133
471.766
706.9
532.83
368.085
369.941
497.64
506.526
601.364
501.456
460.87
652.38
449.342
640.836
443.508
486.368
638.982
572.157
415.294
638.538
514.224
452.57
600.506
548.271
485.328
394.551
666.926
714.128
521.344
738.599
616.744
465.543
476.332
528.678
588.56
473.741
626.788
598.983
561.561
446.516
625.914
524.917
660.287
1344.9
445.629
446.699
621.998
471.545
455.701
516.126
582.477
615.756
515.99
501.811
790.686
593.934
559.278
635.443
680.544
436.44
632.153
697.575
530.037
354.869
448.411
451.706
416.675
621.305
442.335
537.495
542.543
472.487
1297.33
815.6
377.201
403.823
507.428
476.673
572.324
459.839
651.569
818.787
379.029
569.027
446.662
565.331
490.396
414.128
429.107
484.59
796.588
642.669
468.735
416.264
747.654
646.997
547.732
722.678
520.112
650.26
444.747
458.75
459.93
599.199
644.294
471.075
685.487
701.921
401.086
409.615
653.678
617.137
575.192
405.936
358.737
594.541
365.492
455.408
462.198
385.97
705.016
636.293
480.767
579.562
654.558
402.187
708.554
427.613
424.829
332.779
608.352
710.961
406.374
745.319
634.111
412.84
414.167
606.613
576.014
479.503
707.954
449.555
442.552
561.175
446.69
768.838
386.352
787.372
680.074
584.704
472.712
600.5
983.549
662.526
620.6
473.57
396.814
483.768
564.432
684.962
730.612
616.525
435.624
435.663
607.933
463.214
562.144
397.424
495.245
1627.9
636.204
651.757
507.563
741.387
680.792
631.97
622.468
563.334
618.255
532.905
435.688
406.929
405.703
517.309
748.024
578.438
729.769
530.228
447.706
652.902
375.061
706.12
612.206
636.421
498.079
498.75
414.21
696.555
613.37
590.578
524.243
783.206
530.8
755.203
624.823
737.85
715.857
583.735
492.001
500.614
887.717
815.612
397.317
612.889
556.162
477.275
473.27
549.059
577.696
483.227
588.101
530.926
434.329
441.477
375.636
773.329
773.045
746.736
467.967
453.422
489.77
597.467
516.733
689.338
603.758
930.278
758.903
382.987
535.362
545.345
524.903
580.601
625.845
644.043
474.106
687.609
442.157
803.233
487.479
684.397
471.713
399.076
389.779
461.262
498.153
392.066
629.571
498.606
420.573
452.14
547.921
396.196
522.815
621.412
420.185
747.904
460.962
461.556
765.841
448.938
437.1
503.616
490.024
447.856
1081.02
903.092
741.691
477.22
677.255
1027.77
677.177
641.238
811.484
400.885
613.206
596.733
427.415
462.965
385.919
492.648
611.653
696.121
473.301
443.583
468.259
590.562
421.963
612.341
428.499
662.434
396.779
636.599
379.527
475.199
653.112
330.907
616.374
359.731
613.45
504.321
583.561
478.09
468.111
892.232
733.787
597.873
631.186
468.788
543.208
702.208
427.333
753.523
478.53
700.746
1009.66
721.656
404.994
624.959
435.648
1193.03
476.473
678.83
344.906
603.258
452.617
402.624
624.203
429.768
469.996
911.089
662.336
630.5
422.634
585.617
705.891
482.157
682.76
398.957
486.028
433.907
392.613
408.919
531.072
612.615
513.32
408.461
453.216
566.869
617.362
700.945
1002.9
387.76
594.635
529.059
570.982
525.335
554.586
488.22
615.222
931.707
402.671
559.868
676.768
553.672
491.699
456.918
420.093
907.382
653.648
485.72
702.554
640.938
623.039
620.735
454.029
515.108
468.306
563.157
584.66
525.719
542.54
390.33
676.534
398.71
953.387
436.668
502.484
545.858
524.559
700.016
610.807
840.489
699.347
381.151
425.529
597.74
369.115
565.816
400.014
749.497
446.275
413.094
662.175
522.099
571.421
601.659
461.104
503.099
439.909
560.907
676.408
518.658
667.689
952.368
657.95
490.498
465.666
548.299
720.838
502.112
461.767
632.85
698.701
510.635
566.589
634.232
611.001
445.762
591.828
516.16
479.257
721.184
473.571
388.69
703.715
453.024
402.498
329.016
458.453
606.841
532.4
365.513
939.572
672.629
678.582
610.831
643.842
427.256
594.917
522.072
600.23
649.516
672.429
622.915
540.65
481.55
397.205
694.103
354.334
469.759
492.095
456.459
762.857
507.91
496.425
543.245
491.133
507.344
591.36
509.289
733.57
670.829
652.202
578.09
437.495
658.48
390.524
736.655
537.99
671.41
570.677
629.145
542.503
484.721
491.205
612.293
400.41
608.204
482.573
712.098
581.34
424.382
419.893
552.652
435.463
463.54
443.715
437.447
437.831
629.193
573.058
489.08
573.797
638.119
702.265
614.943
578.671
759.576
563.256
685.307
458.4
682.06
648.148
367.877
564.162
442.974
443.493
691.782
599.333
602.142
784.587
570.822
471.627
701.412
393.114
624.298
557.582
622.892
360.573
681.783
671.972
406.346
423.34
740.01
410.448
457.009
424.118
696.6
581.867
517.768
630.378
457.031
625.903
553.457
481.253
505.249
423.709
996.525
617.831
565.702
608.197
624.815
635.533
641.49
423.327
502.58
443.563
465.876
433.038
444.666
617.085
650.504
1093.03
699.48
387.616
510.679
682.053
979.157
481.837
471.255
402.32
373.96
365.996
512.27
499.371
660.288
460.59
732.848
490.099
605.041
475.282
395.114
588.639
721.686
943.772
505.275
670.671
862.968
392.945
533.195
603.465
387.267
599.17
567.576
613.107
504.627
536.375
497.921
528.374
562.089
635.37
590.911
768.654
673.062
526.89
435.149
439.482
519.851
581.304
388.338
474.381
681.915
616.955
515.325
546.915
645.315
925.839
441.401
671.774
553.273
622.098
515.569
444.533
549.999
624.374
631.086
487.059
932.881
668.809
616.386
484.947
868.74
724.633
490.776
874.342
414.598
468.784
448.198
612.616
459.573
752.906
393.771
445.622
417.762
504.88
442.247
526.772
436.918
641.463
414.44
657.278
674.454
462.552
667.84
399.475
687.958
1273.85
446.924
558.968
472.769
731.816
531.448
482.763
680.12
595.128
675.505
416.16
521.774
442.631
521.545
560.471
535.298
668.131
757.903
611.248
590.923
474.064
1096.77
585.238
715.903
624.63
626.533
509.909
607.621
572.347
633.274
441.21
432.239
438.525
416.268
569.972
608.278
622.277
472.398
478.261
579.972
601.984
575.056
528.596
492.655
423.818
1086
545.247
539.052
671.809
705.906
719.809
644.599
435.255
487.026
678.187
668.094
459.659
422.127
621.029
588.559
423.823
483.496
765.893
417.95
440.181
1044.94
334.915
495.733
505.516
612.83
494.72
631.472
715.466
686.089
932.628
560.328
419.494
498.33
616.072
448.653
417.693
703.606
536.824
457.673
459.078
705.148
496.14
626.809
441.649
411.869
458.548
619.386
664.964
595.46
353.833
373.075
453.481
712.395
591.307
392.377
645.474
452.379
628.086
405.686
580.564
695.622
434.72
684.013
497.062
637.172
644.775
598.446
660.132
467.897
542.31
636.93
505.22
413.232
423.375
486.258
1018.85
645.523
421.716
634.509
691.928
570.542
670.623
461.139
468.224
425.934
612.409
415.113
453.988
438.469
625.326
721.213
610.839
360.393
651.491
495.822
601.507
637.963
635.964
707.478
414.441
408.313
456.029
585.859
349.312
656.558
740.591
736.459
1155.28
612.741
747.458
562.352
629.485
732.648
419.111
626.503
368.045
586.813
1085.37
445.521
512.163
696.498
456.822
598.877
856.323
843.152
689.711
577.255
1059.27
619.332
404.901
366.768
680.847
1003.38
721.725
570.463
674.148
559.215
579.1
648.374
554.441
460.055
486.017
801.846
510.998
558.317
459.517
487.012
494.016
707.467
455.654
536.744
472.557
466.857
549.431
494.911
420.14
767.957
620.43
659.432
505.471
524.247
509.785
497.74
535.403
511.706
460.127
492.163
466.253
605.934
409.559
602.117
409.838
541.747
370.763
479.231
609.768
412.047
423.429
676.39
743.567
428.264
529.864
589.083
532.483
676.941
618.848
478.127
408.615
675.904
710.025
574.548
515.053
453.876
431.344
407.392
678.603
612.685
507.421
429.485
511.252
534.228
607.823
443.539
581.557
587.08
586.004
528.476
532.76
555.264
369.097
703.887
431.051
519.326
485.662
484.943
403.64
593.543
388.038
734.305
602.361
572.13
529.13
596.231
384.132
595.841
444.593
625.231
384.967
408.77
504.814
497.594
670.671
754.503
636.349
606.124
523.058
673.365
477.232
626.074
477.361
733.831
713.917
500.323
516.562
360.237
983.694
516.772
463.266
425.074
472.665
584.864
610.755
429.998
573.393
445.253
464.812
702.969
425.726
504.488
885.848
587.805
449.111
1098.23
454.567
390.377
665.897
536.385
566.933
408.182
1061.93
426.113
1089.69
443.053
864.63
601.453
477.237
616.669
581.233
408.496
527.652
695.497
463.323
510.866
623.742
702.812
1084.3
1001.92
646.792
549.568
460.71
808.526
505.509
458.942
384.785
643.398
563.982
480.402
796.975
918.941
297.815
663.965
483.148
396.364
623.165
665.207
410.355
441.629
765.78
542.823
442.305
487.45
750.167
590.84
553.617
454.861
614.302
635.897
743.146
552.015
445.532
508.056
598.454
515.065
698.668
486.567
632.808
675.123
562.044
707.56
690.816
631.222
421.951
606.398
317.481
430.976
653.578
608.954
422.258
609.582
456.11
457.87
488.685
441.358
393.387
608.479
679.539
578.039
999.498
597.126
584.923
706.106
667.926
442.973
625.591
605.57
499.419
486.328
533.015
625.055
424.38
642.887
383.944
595.935
698.881
443.083
659.504
700.205
470.469
507.324
612.027
411.618
455.744
439.566
561.084
507.595
592.481
707.293
607.139
590.445
554.392
611.521
580.718
394.536
694.667
774.555
543.222
668.492
448.013
701.804
571.582
649.388
453.92
500.241
581.314
899.862
443.436
494.349
682.085
661.231
450.475
504.774
588.578
627.568
701.688
483.13
480.682
464.061
419.781
693.009
474.305
520.887
602.589
595.221
563.003
577.81
566.847
743.684
458.763
532.026
861.579
424.154
605.724
624.437
634.091
542.968
672.446
662.411
602.036
476.19
374.543
397.564
552.919
692.073
751.792
597.976
481.396
426.254
529.136
706.192
460.36
447.832
508.138
414.528
532.711
873.096
606.875
377.923
649.535
463.916
456.854
518.267
609.911
531.87
663.386
470.207
590.718
420.86
649.966
636.666
596.738
751.836
524.967
684.73
614.861
599.36
548.368
639.439
469.355
570.419
727.559
736.281
681.49
642.682
797.934
417.586
589.263
458.949
687.659
450.261
575.161
406.274
1304.65
491.835
646.463
716.628
495.962
507.73
610.438
718.747
567.255
623.593
606.531
635.328
693.721
720.302
515.847
591.679
448.371
578.46
484.516
454.143
463.23
580.833
496.459
496.807
656.335
589.48
650.639
582.068
737.634
635.321
1117.71
455.282
417.907
623.695
626.008
524.279
593.078
484.336
423.449
710.862
672.088
430.693
570.307
486.003
480.419
704.96
424.712
461.493
420.029
416.344
445.944
513.974
609.851
698.85
584.436
458.476
525.235
838.182
620.17
468.08
534.449
649.368
636.476
435.695
495.092
690.923
422.823
594.728
546.882
380.716
568.328
711.319
641.944
483.051
450.209
630.356
505.1
479.048
416.098
610.828
448.015
613.326
1020.75
942.082
546.879
588.661
577.89
600.637
427.396
517.994
452.239
445.27
555.454
424.681
686.838
482.584
452.62
709.266
570.709
727.004
556.843
441.679
426.916
527.578
588.424
539.46
657.535
646.649
480.81
534.596
460.36
594.55
589.565
479.282
805.934
704.401
621.99
461.626
721.259
571.891
673.516
593.353
512.88
610.774
473.853
696.741
492.839
718.392
496.661
506.408
944.88
744.717
485.02
444.461
430.441
413.167
382.648
407.769
466.201
576.2
323.629
698.385
446.897
667.496
621.159
412.028
458.989
498.3
464.482
636.244
533.052
533.288
535.689
463.487
440.961
696.328
393.439
711.775
530.704
587.208
509.728
458.702
740.697
643.504
432.736
606.417
628.878
939.224
441.806
601.431
467.872
679.786
502.289
437.618
610.11
654.43
752.548
394.185
686.494
436.571
506.45
615.156
516.812
707.868
392.435
477.136
785.553
467.19
515.862
591.175
714.662
582.092
726.575
566.322
498.565
429.122
467.484
592.406
758.938
434.3
542.131
513.153
380.091
540.401
742.107
527.07
694.396
603.631
394.055
406.924
455.966
693.592
596.312
635.618
605.053
465.371
713.987
698.191
536.339
605.67
463.876
707.84
633.239
395.991
448.062
526.051
578.531
607.672
770.633
705.364
425.947
595.736
496.937
438.011
445.538
415.387
537.108
468.632
584.643
598.617
617.711
896.354
588.427
435.057
494.767
530.471
432.486
537.441
691.52
612.467
620.694
1192.01
753.806
564.585
511.632
855.735
770.127
727.082
429.862
737.388
634.098
468.156
547.199
579.884
617.704
598.706
1078.88
573.623
615.649
429.382
392.77
706.915
647.51
516.384
443.553
597.428
670.65
480.93
404.352
805.559
442.558
692.586
461.837
561.387
741.911
522.16
776.406
439.924
428.527
640.026
535.084
631.164
654.323
765.51
833.639
590.66
567.428
639.64
415.151
409.936
609.7
1434.08
787.506
444.739
435.311
814.824
861.961
505.934
392.345
525.123
512.786
721.592
458.465
615.886
481.597
570.722
387.347
566.844
436.941
739.461
521.439
394.616
392.035
575.404
616.611
378.726
507.617
384.361
458.898
697.807
626.732
528.577
689.757
499.344
456.944
471.578
606.524
657.888
481.729
660.467
506.292
434.55
768.135
608.592
801.713
668.452
464.773
615.388
470.967
562.949
424.122
715.55
554.101
613.477
514.892
517.777
628.644
463.492
757.985
532.902
618.327
514.142
506.475
450.555
642.843
436.936
458.66
394.988
462.702
676.195
666.13
595.837
568.462
726.7
614.47
521.113
448.771
521.58
683.147
642.838
505.023
547.975
737.26
510.576
487.362
989.046
667.623
649.689
529.912
705.355
681.416
488.136
618.734
404.716
553.485
432.904
492.411
688.222
398.638
471.398
495.236
460.92
402.953
817.713
726.513
596.321
623.976
461.744
472.288
573.667
419.438
434.903
698.529
409.945
485.03
464.54
830.753
593.43
428.044
560.787
592.739
414.099
605.764
501.597
681.06
746.964
637.279
650.343
456.372
477.763
463.556
722.064
461.942
471.046
713.712
670.725
607.231
639.831
706.329
557.116
500.558
523.426
722.132
554.836
534.09
397.663
488.552
654.528
552.25
427.732
452.581
1176.09
405.164
399.386
653.012
409.176
499.769
509.857
358.795
761.477
437.933
506.518
452.636
485.521
423.811
644.559
494.402
511.573
721.906
642.788
444.406
478.864
428.799
357.377
497.635
547.987
395.463
729.553
587.681
555.254
547.426
572.077
460.755
1213.18
432.595
910.344
442.951
401.355
636.52
720.008
424.145
552.413
613.341
460.036
712.999
603.497
725.399
566.937
577.511
394.877
585.615
753.494
422.895
559.516
1025.23
682.918
596.571
462.463
602.697
483.902
530.021
983.464
429.641
583.502
560.509
401.575
549.336
880.348
662.819
423.622
432.463
416.493
440.837
436.222
638.372
518.094
711.716
626.38
667.807
544.401
445.915
907.926
464.629
518.931
445.815
671.979
614.235
850.208
501.501
500.736
631.186
536.451
592.046
456.907
488.262
674.643
527.833
572.107
475.509
686.467
646.395
563.073
563.294
573.356
815.306
298.406
384.518
716.859
445.163
525.811
444.979
454.515
606.561
692.551
527.15
482.119
468.726
667.553
594.07
643.321
604.141
508.594
456.473
612.928
675.414
659.16
503.527
608.414
441.761
642.028
555.235
473.291
393.55
437.184
452.459
595.97
380.258
477.915
519.434
391.155
690.934
352.54
482.544
589.4
654.325
566.249
748.539
415.151
570.272
598.784
666.224
694.786
577.951
491.17
567.516
580.998
436.479
531.093
690.371
652.25
422.368
477.964
473.184
432.943
442.269
639.863
447.862
451.286
586.888
658.036
526.895
435.88
675.829
491.938
576.391
696.741
489.368
475.147
450.277
532.356
506.994
621.385
650.789
455.638
509.033
410.831
560.844
435.201
442.751
469.651
590.557
395.875
632.054
860.322
425.526
1036.71
422.588
432.49
465.086
487.235
373.274
632.46
457.634
677.692
637.701
722.303
552.625
582.281
403.099
585.526
505.765
449.319
445.354
358.662
598.315
713.546
553.802
622.104
446.426
490.871
481.466
412.727
409.324
398.324
719.89
442.439
525.388
613.306
446.887
560.381
806.641
736.816
718.671
478.33
712.21
746.849
398.845
563.571
412.999
379.593
796.472
457.002
694.793
447.635
1080.25
539.646
564.802
523.713
434.122
684.409
430.297
510.24
807.027
455.973
587.664
620.002
700.963
626.981
442.406
636.419
466.604
682.56
468.285
545.176
508.378
493.759
693.92
374.461
665.894
391.146
549.762
1474.9
517.423
451.405
430.062
532.384
626.942
370.99
564.134
440.537
800.074
432.286
587.591
439.487
519.025
573.42
526.983
591.938
445.977
615.309
467.36
500.661
520.443
669.996
648.255
520.841
392.646
496.337
477.007
464.65
470.328
636.227
450.948
491.015
568.734
643.538
491.748
976.27
509.394
402.351
615.044
650.705
389.697
411.495
624.772
505.167
466.151
744.06
466.259
385.238
416.332
741.549
456.693
456.395
728.663
389.442
362.103
432.109
551.904
593.502
610.294
472.534
589.988
483.918
571.668
570.632
523.754
536.571
613.88
466.038
515.256
646.943
608.563
389.513
477.18
753.322
561.886
759.338
567.567
518.234
630.195
413.979
630.085
647.687
748.393
420.842
618.383
513.791
526.921
593.79
506.856
410.298
472.703
576.879
606.709
661.18
571.987
458.115
508.221
564.422
442.103
512.004
408.06
674.853
601.11
601.059
770.237
762.787
436.277
735.999
1060.72
744.191
744.032
419.488
955.005
880.897
426.871
837.47
628.088
574.634
428.326
512.009
654.155
481.338
591.252
678.475
574.862
679.495
454.718
907.565
617.461
479.921
414.226
575.248
566.94
654.163
499.835
445.422
585.901
632.87
531.496
420.212
660.271
668.223
699.12
722.889
465.302
416.735
559.275
596.14
699.469
610.378
516.377
357.516
550.866
637.194
444.54
474.694
446.65
486.334
619.918
448.174
718.298
611.89
592.528
479.829
463.618
570.024
1084.55
549.349
634.099
467.305
663.083
484.742
475.837
521.49
608.251
679.673
709.879
411.341
646.906
616.49
720.126
487.708
443.317
496.619
475.969
587.999
443.627
523.467
339.288
569.159
530.528
458.67
493.198
734.686
685.694
576.382
683.25
488.059
604.315
572.421
585.531
285.959
364.534
633.524
453.189
420.981
467.999
554.445
461.171
614.566
514.303
350.239
703.803
603.939
464.294
557.924
717.01
1068.47
613.17
502.382
638.255
772.318
892.474
423.463
478.044
622.618
695.043
477.14
566.421
401.326
433.696
501.051
609.876
553.284
437.961
462.102
726.884
580.37
484.085
546.982
661.061
515.67
480.722
657.147
597.718
562.985
772.629
492.022
457.065
544.288
654.453
634.685
442.981
503.7
930.302
405.455
616.081
545.808
611.907
433.09
901.467
764.555
553.94
617.134
594.832
552.129
441.279
630.72
738.858
643.152
382.817
626.979
520.299
469.391
520.596
438.394
642.07
696.27
476.063
490.091
592.007
753.965
476.168
595.776
517.858
683.27
816.361
583.92
435.865
622.649
457.335
463.33
562.38
437.897
613.646
453.151
636.836
536.942
339.474
440.798
461.267
471.569
455.117
627.533
448.372
372.731
437.053
712.61
659.583
638.361
558.006
716.616
633.62
716.564
725.389
440.534
431.655
609.862
467.553
379.309
627.917
409.066
558.862
677.509
570.576
433.368
413.645
650.18
857.2
733.576
457.592
569.452
627.557
429.936
403.123
447.138
648.992
426.554
487.097
502.71
524.502
460.25
520.002
458.416
650.561
579.434
526.503
567.936
741.518
592.55
708.774
520.024
444.371
429.59
537.137
631.178
401.794
499.902
430.542
543.193
416.052
406.37
393.864
478.885
584.253
353.655
446.215
522.434
464.833
600.351
806.883
590.929
903.582
575.425
496.81
524.388
386.331
469.992
528.661
647.621
579.727
517.3
587.679
688.845
386.879
440.604
480.888
470.084
397.019
420.731
471.13
593.968
460.983
499.927
738.789
625.55
459.669
505.39
432.233
616.912
597.62
562.284
908.8
508.966
667.129
491.016
622.569
623.035
669.118
501.057
519.727
558.778
672.158
495.188
598.29
572.135
551.831
790.77
557.175
498.559
464.909
420.574
736.53
632.088
502.925
870.768
477.973
470.441
435.187
561.202
427.684
541.327
488.024
456.012
525.409
496.926
402.46
500.806
569.946
457.962
388.417
489.914
542.283
776.863
583.06
451.29
413.442
461.324
410.11
716.341
920.253
806.715
591.05
581.74
835.36
526.205
526.56
464.739
669.838
606.049
473.066
638.413
456.651
618.769
425.751
661.638
649.212
530.573
1096.91
1126.74
665.132
1184.92
651.732
575.674
548.301
713.521
592.571
783.998
702.8
795.159
533.555
369.585
479.249
475.647
433.371
497.604
548.027
575.241
387.308
560.215
467.397
436.746
442.03
619.974
603.624
646.549
477.92
444.128
471.342
532.505
604.632
498.823
511.294
662
635.926
624.99
387.076
661.398
348.112
401.649
408.962
947.866
489.637
686.704
446.633
386.898
942.375
499.069
494.819
480.827
397.023
663.438
884.843
558.826
686.571
444.659
622.597
531.631
438.848
636.599
615.358
686.66
452.749
649.663
450.71
629.101
496.105
759.011
393.24
619.947
575.126
467.299
469.961
675.776
495.474
711.147
466.867
670.894
423.014
497.625
427.288
665
870.008
424.878
501.656
602.862
482.008
372.766
589.434
369.068
600.081
531.99
578.08
612.382
483.167
715.271
630.207
424.644
392.404
561.133
750.063
559.739
795.635
497.026
692.45
528.19
496.69
423.198
890.238
503.408
600.786
598.125
436.595
472.67
535.195
601.887
502.47
435.972
485.343
430.257
611.803
584.736
636.921
656.553
704.086
630.989
727.777
448.742
674.343
325.04
483.892
563.469
405.54
677.608
463.914
959.388
601.694
455.966
491.526
606.275
544.172
698.622
404.144
749.362
415.921
699.297
463.636
666.308
509.317
690.567
575.133
634.942
479.418
325.766
487.675
637.719
517.851
764.212
681.494
592.77
538.59
628.675
586.203
472.245
491.804
444.992
477.482
456.917
565.894
646.376
605.353
556.141
736.976
471.305
574.621
572.864
674.927
580.967
442.621
389.66
632.814
838.307
647.709
503.689
446.56
399.18
413.492
435.487
787.874
402.428
747.245
451.965
645.656
419.28
375.745
614.082
815.204
417.76
814.097
620.613
445.377
687.586
591.748
476.299
640.776
669.007
347.332
667.066
449.634
492.373
425.758
423.596
589.724
405.103
513.777
469.399
480.129
740.751
432.292
860.097
644.56
595.008
620.858
689.173
411.867
518.984
427.737
490.604
427.592
431.421
933.509
416.422
752.541
490.087
449.36
611.829
738.364
463.271
651.483
612.944
402.611
417.006
665.602
615.597
597.87
466.981
530.011
503.274
673.124
439.649
363.034
543.475
1099.7
582.005
577.013
605.013
417.553
415.319
736.854
523.727
360.902
432.672
477.86
672.152
456.354
469.761
364.533
458.233
518.966
448.291
664.955
536.035
564.088
538.868
606.005
492.869
444.213
532.38
1022.58
867.608
707.497
750.147
374.114
483.7
739.658
373.979
402.483
402.412
693.3
609.674
470.87
678.9
498.007
488.589
405.812
720.006
589.113
563.33
478.693
544.982
482.706
586.563
562.646
504.525
491.171
420.692
521.623
488.421
465.991
437.036
439.723
649.201
686.417
615.739
436.526
473.312
779.834
392.929
614.505
532.135
582.807
403.132
642.702
390.648
425.559
711.245
602.033
405.172
611.639
426.766
631.152
630.676
703.06
470.103
