1589.77
2076.97
1592.27
1986.95
1590.04
1854.51
1728.03
1845.21
1609.51
2146.81
2100.59
1683.16
1818.71
1789.09
2140.1
1931.6
1718.94
1943.77
1924.34
1556.07
2217.11
2025.37
2046.87
1924.06
2365.59
2547.37
1731.51
1972.84
1833.32
1979.44
2237.77
2326.71
1733.24
1866.19
1858.76
1909.06
1866.24
1836.94
1739.25
2041.32
1913.05
1769.8
1797.74
1922.93
1825.28
1619.65
2024.04
6769.44
2130.56
2037.12
1646.62
3806.45
1889.17
1404.86
2014.02
2017.51
1982.42
1922.71
1791
2050.57
2341.4
1742.34
1947.75
2067.03
1919.82
1667.22
1937.25
1684.03
1805.21
1907.74
1703.6
1790.5
2114.29
2040.93
2037.87
2010.29
2069.55
1970.17
1986.63
2093.55
2020.38
2017.15
1864.03
1823.11
1655.94
1999.98
1750.84
2432.7
1719.92
1996.39
1711.43
1639.43
1994.89
1863.91
1686.82
1801.74
1795.66
1835.27
1629.83
2048.81
1725.78
2021.88
2476.3
2004.33
1798.95
1885.41
1688.34
2080.85
2118.57
1916.06
2207.44
1822.71
1956.3
1886.37
2781
1714.52
2142.24
2020.9
2081.17
1878.77
2247.38
1878.2
1829.75
1650.07
2189.79
1669.63
2017.89
2287.66
2051.91
1847.74
2263.72
2224.92
2060.07
2038.55
2007.97
2058.99
1956.93
2034.98
2257.04
2273.76
1873.94
1621.17
1863.58
1804.5
1762.62
2100.17
1602.96
1805.64
2582.98
1761.3
2233.62
2739.8
1904.37
1709.43
1798.19
1734.44
2449.89
2311.2
1855.5
2044.05
2573.89
2060.43
1845.85
1825.93
1958.61
2315.08
1737.16
1928.44
2395.2
2083.48
1771.42
1810.47
2102.5
1814.02
1932.64
2009.91
1964.48
2037.75
1612.59
1683.27
1844.09
2108.6
1995.02
2063.35
1950.43
1918.69
1967.19
1725.77
1989.39
1798.28
1907.17
1815.03
2056.03
1927.78
2191.4
1920.49
1536.59
2116.52
1891.72
1494.55
3647.39
2216.89
1892.69
1824.97
1960.19
2152.48
1806.41
2118.57
1865.12
2293.09
1740.58
2678.81
2179.47
1751.72
1976.87
1798.07
2789.91
2034.07
2163.69
2057.16
1833.01
2069.51
1753.32
2142.15
1924.16
2035.82
1714.7
3238.35
2204.66
1708.97
2153.44
2094.33
2044.2
1833.02
1802.77
2213.5
1818.77
1962.85
1943.77
1868.42
1940.33
1754.86
1519.68
2436.31
1744.74
1860.69
1788.24
1838.62
2194.3
2382.03
1958.17
1836.34
1995.63
1652.69
2122.35
1933.31
2241.55
1969.14
1770.82
2373.82
5174.18
2170.39
1843.34
1695.38
1742.35
1988.1
1915.66
2178.36
1617.19
2087.54
3168.86
2020.74
2648.6
1731.51
1860.89
2265.1
1939.84
2047.53
1961.82
1731.43
1541.36
1710.72
2167.39
2066.91
1824.11
2103.09
1959.85
1980.22
1697.67
1816.68
1993.03
1953.93
1883.97
1971.3
1866.89
1818.47
2192.28
1936.09
1762.93
2002.47
2016.82
1921.72
1842.84
1647.72
2329.33
2169.68
1652.96
2217.57
1746.31
1958.45
2398.71
1644.94
1716.81
1983.72
1803.84
1656.8
2379.61
2088.7
1885.32
1908.08
2055.72
1991.15
2243.86
1770.69
1692.2
2138.35
1716.46
1903.75
1940.15
2031.14
1736.75
1971.54
2041.2
1955.46
1910.06
2151.15
2005.94
1901.56
1910.54
1860.94
1979.52
1873.96
2788.63
1688.78
1481.4
2013.43
1702.74
1946.35
1980.89
1946.81
1781.57
2921.46
2004.21
1956.19
2480.14
1649.07
1748.87
1884.84
1921.96
1936.89
2336.43
2002.88
1807.77
2346.62
1964.03
2086.54
1821.11
1910.78
1982.4
2112.68
1578.63
1815.15
1748.52
1763.47
2368.28
2097.97
1805.97
2218.34
2272.14
1779.05
1968.07
1979.52
1883.14
1606.76
1896.53
2223.16
1658.45
1832.75
2294.43
3868.65
2038.68
1803.11
1967.4
1925.7
1876.16
1780.61
1832.29
2340.24
1860.19
2131.18
2216.25
1786.62
1984.02
1943.16
2074.35
1764.12
1948.97
1515.86
2117.78
1748.55
2149.71
1938.65
1958.03
1624.92
2165.23
1706.55
2011.56
1880.32
2055.64
1742.59
2165.36
2235.02
2131.56
2032.42
1661.49
1698.68
2282.54
2025.54
1692.83
2337.79
2389.02
1820.72
1964.18
1468.05
2050.8
1820.88
2271.78
2145.99
2148.97
1870.21
1982.83
1786.87
1911.28
1681.82
2150.4
1749.35
1850.65
2185.16
1776.54
2215.65
1827.83
1653.17
1936
1688.95
1701.47
1797.07
1659.07
1568.57
1990.34
1780.95
2154.86
1349.34
1648.69
1950.55
1979.89
1767.19
1689.18
1718.14
2061.8
1815.58
2165.43
1892.7
1857.29
2631.46
2265.78
1800.08
1794.48
2092.61
2339.5
1985.24
1807.12
1993.71
2069.93
2104.02
1928.84
2105.72
1716.99
1692.93
1960.07
1886.1
1979.81
2023.39
1915.41
2085.67
1566.53
1853.01
1641
2060.11
1849.8
1940.46
1931.38
1904.67
1763.96
2000.79
4499.36
1688.77
2233.94
1608.49
1906.3
1990.67
1920.49
1604.41
2621.29
4455.65
2211.74
1954.9
2290.76
1827.09
1900.05
1914.82
1933.49
2471.23
1713.5
2406.23
1612.48
2112.19
2420.34
1884.51
1743.34
2014.36
1577.28
1923.14
1528.9
2536.74
2342.11
1649.44
2121.43
1990.89
1838.47
2360.42
1943.4
1814.77
1723.37
2221.67
1910.63
2093.79
1880.89
1856.23
1671.41
2139.3
1935.35
2378.05
1922.95
2287.47
1596.11
1897
2002.37
1809.99
1817.38
2070.48
2011.15
1924.82
2095.06
2250.38
1609.6
1756.85
1817.62
1801.5
2227.95
1757.92
1925.71
1865.46
1977.34
1889.56
1500.94
1988.19
2031.01
2073.47
1664.12
2062.93
1757.27
1927.61
1783.15
1661.83
1862.44
1925.38
1920.68
1926.3
1924.8
1971.41
2019.18
1931.73
1894.73
2164.67
1914.22
1978.53
2061.31
1866.18
1705.75
1645.18
2196.15
1871.22
1829.55
1800.79
2030.76
1880.7
1950.37
1709.13
1774.52
1930.65
1757.47
2044.3
2435.71
2050.98
1895.5
4367.9
2225.35
2221.96
1885.89
1852.46
1884.68
2299.18
2443.8
1854.29
1790.94
1704.23
1930.69
1544.85
1992.27
1693.47
2007.81
2301.03
1712.2
2260.33
1835.4
2151.82
1940.38
1963.33
1870.88
1645.46
2131.03
2064.09
1616.1
1693.57
1752.48
1825.25
1883.72
2000.37
1673.56
1922.85
2182.93
1517.76
2142.79
1715.82
1971.27
1976.4
1663.34
1959.18
2007.79
2419.74
1672.2
1828.41
1825.26
1950.73
1991.82
1635.33
2077.08
1642.9
1770.7
2124.96
2087.58
2066.66
1995.13
2059.78
1672.45
2924.17
1998.45
1722.44
2204.14
1656.14
1690.21
2485.63
1969.08
1728.24
2043.8
1584.48
2006.53
1747.37
1795.31
1658.12
1965.12
1866.94
1871.82
1744.34
1986.2
1972.03
2068.65
2068.34
2021.31
2408.92
2150.03
1663.8
1987
1709.47
2018.44
1479.03
1641.46
2122.4
2023.23
2136.46
1480.05
1773.22
1973.22
1824.45
2636.25
2066.34
2444.93
1890.87
2273.33
1776.4
2170.29
2092.13
1847.94
2002.31
1823.18
1958.47
1752.52
2258.54
2419.52
1817.94
1930.84
2507.38
1931.04
2072.89
1894.81
2022.17
1961.5
1772.61
1610.67
1775.68
2354.21
2110.36
1836.81
1958.81
1937.43
1886.05
1596.85
2436.96
1981.51
2248.86
5859.16
1797.78
3707.2
1701.36
1992.88
1794.09
2234.7
1881.3
1733.45
1659.85
1958.83
1736.3
1613.28
1878.27
2398.78
1687.62
1926.87
1694.99
2230.07
1646.75
1976.51
2174.04
2346.96
1631.35
2168.32
1834.63
1940.52
2085.87
2293.09
1979.09
1804.66
1977.18
1851.35
1819.23
2232.61
1684.36
1727.54
1866
1904.39
2338.71
2001.11
1668.87
2066.71
1687.53
1838.37
1790.16
2139.91
2423.81
2091.19
1588.09
1959.09
1952.79
2262.71
2088.9
2002.09
2001.04
1667.43
1519.08
2044.94
2297.17
1971.5
2028.18
2146.48
1639.86
2045.51
1912.17
2218.93
1838.18
2144.78
1657.77
2045.97
1994.05
1966.91
2470.57
1844.68
1837.32
2022.27
2009.83
3147.86
1998.03
1701.23
2206.94
1648.61
2539.02
1872.89
1776.14
1712.43
1912.26
1998.55
2093.94
2128.13
1948.98
1822.21
1677.68
2167.17
1873.97
1851.93
1583.34
2008.91
1684.29
1938.31
1948.29
1994.18
1912.03
2238.76
1684.12
1891.38
1675.62
1938.51
2013.52
2199.61
3025.64
2071.81
1635.59
2215.12
2766.58
1818.73
1870.49
2088.37
1745.89
1729.88
1939.08
2072.32
1639.87
1733.82
2239.64
1746.4
2256.03
1943.41
1821.73
2281.37
2227.97
1626.69
2295.09
1941.86
1835.83
1920.67
2339.24
2045.32
2170.52
2180.39
1858.14
1756.13
1878.19
1997.86
2225.16
1880.63
1858.83
1872.7
1834.04
1755.28
1753.88
1964.99
2073.18
2033.8
1805.24
1671.21
1918.23
1862.52
1691.13
1509.6
1746.59
1938.99
2566.93
1864.1
2161.16
1597.41
2078.06
1870.48
1930.45
1937.9
1919.94
2103.55
1873.61
2141.56
1739
1925.22
1921.56
2078.53
2116.06
1942.42
2012.31
2111.49
1825.23
2197.53
2132.82
2280.32
1818.56
1955.57
1882.42
2711.48
1759.06
2164.47
1876.36
2450.15
1780.48
1895.48
1881.41
1980.08
1659.97
1946.67
2150.17
2001.12
1806.2
2130.24
1880.12
1747.63
1813.14
2147.21
4174.9
2310.87
1877.42
2166.97
1915.3
2467.22
2138.23
1992.99
2255.56
2036.22
1763.01
4022.09
2107.14
2055.11
2082.84
1994.2
1743.38
2005.46
1912.01
2185.05
2128.59
2034.28
1941.5
1976.23
1652.19
1866.72
1734.68
1837.94
2081.89
2041.86
2094.95
1676.2
2079.58
1947.82
1989.07
2152.72
1910.4
1745.99
1729.19
1781.86
1814.28
1813.52
1833.68
1878.86
1379.11
2044.26
2095.1
1845.42
1880.27
1854.43
1690.5
2183.18
1651.11
1513.68
1924.95
1811.41
2144.94
2019.34
1748.76
1712.48
2156.67
1784.84
3002.41
2089.34
1639.78
1625.66
1831.15
1873.03
1806.12
1708.4
1910.47
1878.69
2214.69
2263.92
1903.71
1649.86
2073.26
1961.93
1640.23
1966.23
2192.09
1846.29
2048.68
1680.96
1992.54
1793.07
1608.66
1972.21
2167.92
2020.1
2287.83
1580.77
1873.91
1888.28
1751.26
1510.12
2184.14
1920.66
1735.79
1771.95
1805.76
2067.06
1922.97
1957.22
1695.62
1718.1
1937.97
2933.94
2047.35
1947.52
1860.03
1773.55
2454.2
1667.19
1653.1
1887.56
1664.53
2000.99
1858.71
1910.75
2091.23
1867.87
2048
1913.05
1959.61
1776.59
2099.88
1742.87
2790.56
1597.41
2621.75
1543.27
1770.57
2054.98
2108.55
2091.18
1786.53
2089.71
2065.92
1694.86
1637.37
1993.92
1506.37
1436.39
1913.94
1639.01
1841.27
1928.73
2030.51
2228.62
1999.63
1750.4
2038.46
1846.05
1913.23
1930.93
1935.61
1814.49
1814.05
2059.18
1677.57
1720.36
1726.24
1596.52
1999.23
2371.32
1821.63
1650.99
2328.39
1936.27
2219.84
1934.94
5956.96
1775.06
1765.73
2144.94
2261.34
2061.29
1984.74
1747.68
1818.63
1669.22
1728.39
1941.57
2112.53
1774.54
1844.6
2311.93
1962.55
1983.72
1500.92
1906.96
2049.18
1840.77
1706.33
1676.29
1874.12
1685.27
1950.73
2211.49
1689.54
1798.68
2031.58
1970.33
1966.86
1987.5
2248.83
2076.61
1752.21
2506.03
1801.33
1912.13
1671.1
1892.38
2378.8
1711.77
2124.76
1710.85
1776.72
1656.43
1871.13
1759.39
1633.66
1915.51
2018.81
1943.3
1703.35
1918.06
2179.33
2103.15
1944.09
1582.78
1629.88
1986.46
2151.63
1806.44
1962.6
2186.16
2066.07
1643.98
2430.92
1928.68
1787.33
2236.19
1865.76
1947.08
1912.07
1775.84
2029.18
1621.56
1913.04
2027.5
1986.55
1637.08
2312.94
1891.3
1747.62
1830.95
1720.39
1821.48
1966.29
2096.53
1767.19
1826.31
1558.37
2136.72
2000.61
1751.81
2168.92
2076.68
1805.22
2168.51
2039.05
1529.7
2315.26
2519.52
1682.14
1886.05
2017.67
1841.69
1860.88
2025.47
1985.23
2090.48
1981.31
1971.17
2172.81
2329.11
1797.55
2059.09
1692.06
2102.9
2202.25
2131.3
1938.74
4318.5
3391.28
2332.83
1849.65
1905.81
2075.22
2536.58
2185
1781.96
1767.18
1832.81
1722.83
1857.99
1920.15
2076.72
1750.53
2161.22
2208.4
2109.93
2166.48
2074.41
1949.68
1876.05
1758.83
2022.58
2008.68
1867.35
1851.52
1640.65
1679.47
1908.24
1673.54
1659.59
1877.37
1754.27
1970.09
2131.15
2243.94
1963.7
1817.44
1840.53
1862.34
1909.45
2193.72
2111.71
1907.52
1711.4
1765.56
1977.75
1717.28
1778.3
1936.64
2251.05
1875.07
2046.84
1954.63
1892.3
2074.48
2340.19
1760.02
1810.23
1705.71
1958.09
1940.06
2065.04
2435.66
1859.74
1875.11
1978.35
2091.59
2109
1868.49
1792.67
1901.19
2030.73
2024.65
1715.59
1690.74
1826.02
2171.23
2533.27
1840.72
1987.7
2244.97
1745.8
2173.72
1669.95
2176.9
2190.32
2026.04
1616.79
1765.03
1543.28
1625.6
1820.37
1811.15
1765.69
1746.88
1896.21
1562
2388.74
1790.17
1763.42
1771.93
2594.21
2700.15
2166.63
1849.78
1911.97
1868.79
2066.31
2003.07
1991.32
1713.77
2144.64
1857.66
1742.78
2202.96
1655.5
2064.16
2234.82
1784.04
1971.78
2205.39
2057.02
1923.87
1832.79
2124.63
1986.7
1687.67
1593.1
1932.16
1581.4
1948.14
1993.44
1872.01
1818.37
1974.09
1820.58
1935.22
1746.31
2154.37
2088.18
2581.02
2179.97
1505.78
2228.85
1864.09
2433.91
2228.77
1828.19
2175.43
1668.9
2276.83
1905.27
1814.78
1823.17
1544.89
1999.6
1830.51
2597.69
1771
1967.69
1662.43
1724.53
1968.96
1727.01
2053.89
1786.85
1821.61
2312.14
1731.12
1779.8
1859.93
1713.56
1497.41
2167.07
2080.67
2383.91
1914.33
1945.75
1827.31
1788.56
1983.78
1807.79
1917.16
1783.58
1935.24
1994.72
1854.43
1642.43
2153.65
1700.46
1666.07
2012.24
1782.42
2015.46
2212.59
2288.42
1659.7
1727.76
2077.33
1996.53
2218.44
1875.84
2215.05
1922.53
1766.3
1604.24
1885.88
2252.11
1617.77
1966.07
2142.95
2009.28
1930.09
2048.26
2188.5
2239.83
2031.75
2013.52
1933.06
2127.18
1963.52
2223.48
1932.83
2271.51
1666.32
1869.85
1747.69
1819.3
1982.44
2109.12
1898.94
1714.71
1634.56
2163.52
1677.55
2062.45
1864.79
1919.45
2264.37
2023.32
1900.84
1604.9
1851.41
1758.84
1899.48
1892.68
1769.31
2070.95
1930.67
1849.44
1807.01
1986.35
1546.96
1792.59
1961.38
1773.29
2030.73
1958.16
2221.92
2121.57
1647.06
1777.6
7055.88
1890.32
2100.88
2075.9
1928.36
1966.17
5300.79
2152.03
1846.64
2008.04
1733.28
1849.17
1965.71
2342.61
1668.96
1935.01
2028.17
2405.91
1665.52
1497.37
1886.06
2197.58
2185.82
1911.5
1903.84
2213.46
1801.84
1827.22
1764.27
1904.54
1851.4
2098.44
1942.65
1838.31
1946.33
1727.18
1558.38
1963.19
1555.39
2063.72
1965.14
2131.29
2232.87
2281.31
1917.21
1817.58
2025.8
1947.38
1975.97
1828.73
2073.38
2071.8
1877.72
1824.23
1744.22
1820.54
1859.16
3360.66
2033.97
1835.42
1826.88
1781.41
1915.44
2030.47
2021.16
2228.72
1517.36
2002.83
1884.95
1591.76
1805.83
1896.59
2041.37
1949.9
1805.73
1727.03
2129.73
2127.17
2526.68
2160.82
2042.52
2132.38
1904.33
2021.13
1899.21
1880.63
1879.2
1928.2
1793.35
1900.62
2202.14
1798.74
2098.78
1907.16
2483.49
2209.21
1919.91
1952.76
1741.8
1775.74
1883.52
1562.83
1976.95
1929.79
2359.08
2050.07
1693.55
2165.66
5204.47
1771.34
1949.87
2033.95
1672
2280.94
2038.85
1762.52
2087.97
1616.69
1814.26
2339.77
2053.96
1906.57
1568.92
1576.34
1891.75
1694.8
2037.6
2352.28
2212.71
1832.77
2177.91
1837.66
4646.75
1646.99
1657.35
2290
1932.23
2444.89
1922.51
2102.63
1444.3
2119.97
1891.87
1846.66
1781.34
1766.79
2088.01
1883.16
2287.6
1998.35
2166.54
2064.15
2160.81
1765.93
1512.46
1926.93
1683.62
1726.19
1766.14
1841.36
2088.32
1972.67
2187.45
1966.56
2088.97
1973.76
2002.26
1962.91
1974.93
1688.33
1843.47
1808.45
2036.81
2195.22
2083.27
1622.21
2584.36
2212.08
1806.53
1850.05
1846.58
2117.68
1847.68
2102.3
2133.39
1735.97
1646.58
2005.74
2124.54
2218.86
1563.46
2083.72
2201.49
1700.48
1804.49
5248.41
1386.01
2226.97
2226.63
1943.25
1922.5
1727
1843.26
2201.73
1883.59
2015.08
1828.87
1870.75
1784.16
1674.68
1746.59
1831.37
2137.55
2154.33
2762.59
2000.08
1920.7
1804.11
2550.19
1925.95
1945.86
1842.51
1949.09
1888.58
1961.09
2006.38
1649.62
1752.97
1849.44
2169.17
1557.28
6129.78
1879.64
1876.95
1810.59
1634.84
1893.16
1883.24
1880.73
1593.57
1851.83
2102.03
1697.58
2133.72
1599.03
2021.57
2035.5
1945.35
1922.57
3677.77
1727.18
2021.57
1893.5
2465.16
2104.52
2219.41
2008.27
1587.18
2898.07
1849.49
1763.7
4110.2
1808.13
1903.53
2087.63
1837.8
2081.82
1992
1992.1
1795.96
2260.66
1959.42
2654.51
2060.71
1687.78
1747.37
1980.26
2021
1919.28
2119.99
3567.52
2068.06
1872.47
1900.36
1920.99
1819.15
1749.97
1810.19
2376.93
1793.13
2074.42
1754.91
2037.3
2240.97
2217.75
2087.8
1955.02
1991.44
2063.22
1952.77
1732.11
1703.19
1601.39
1603.01
2016.24
1960.64
1948.6
2180.79
1903.28
1905.03
1821.47
4051.94
2515.01
1902.06
2155.64
1794.37
1810.51
1657.05
1705.68
1783.07
1904.29
2282.69
2292.3
2071.5
2175.06
2567.87
1856.58
1961.91
2232.54
2420.37
1907.22
2212.59
2203.9
1675.66
2078.52
2352.83
1917.07
1939.51
2037.93
1838.67
1981.91
1846.26
2049.5
1894.05
1566.83
2126.02
1835.88
2210.64
1796.56
2139.59
1791.35
2067.43
1901.03
1738.04
1873.79
1779.73
1732.05
1844.85
2198.94
1905.55
1689.65
2084.54
1778.68
1643.05
2091.79
2012.22
1728.21
1875.83
2299.77
1867.03
1825.38
2115.65
1685.37
2098.32
1871.83
1854.52
1605.38
2174.27
1696.73
1935.91
2687.3
1747.49
2066.24
1673.8
1754.31
1617.24
1695.57
2011.34
1646.89
2048.23
2154.37
1876.86
1852.72
2034.82
1619.02
1946.36
1812.96
2129.23
2011.81
2098.95
1795.02
2240.44
1993.84
2034.88
2081.8
2088.04
1750.99
2030.39
1817.51
1772.3
1717.66
2694.32
1759.43
1752.27
2193.28
2336.37
1851.26
2007.55
2231.06
1884.45
2339.64
1952.25
1704.64
1773.56
1949.67
1838.04
1748.47
1805.44
1597.69
1588.07
2399.32
2140.22
1793.51
1817.74
1884.03
1818.15
1916.09
2212.25
1984.03
1812.03
2274.86
2204.76
2174.44
1665.74
2023.54
2114.71
2149.15
2033.66
1870.54
2185.81
1887.99
1729
1795.93
1970.37
1732.2
2099.55
1907.75
1904.56
2077.71
1966.46
1844.98
1981.66
1914.24
2101.04
1847.13
2012.27
1865.39
1859.46
1812.65
2121.4
1863.09
1693.33
1991.72
1944.48
1997.69
2129.31
2049.77
1885.07
1708.6
1834.55
1824.48
1865.13
2201.11
1924.22
1863.06
1709.31
1771.37
2315.68
2244.93
1753.19
1621.55
1874.8
2013.87
4067.21
1889
1840.97
1827.58
1757.12
1879.32
2261.25
1577.6
1861.35
1693.81
1834.52
1991.19
1750.56
1844.84
1994.1
1898.83
1777.37
1980.25
1672.17
2461.67
2221.65
1950.96
2031.92
1807.49
2299.08
1933.86
2163.15
1829.68
1951.49
1864.46
2202.62
1771.89
1892.3
2020.63
1717.47
1566.99
1752.52
1731.79
1576.86
2038.26
1712.35
2414.43
2045.43
1875.91
1852.65
2153.61
1765.87
2074.74
1906.19
2105.37
1739.37
1653.17
1719.51
2395.45
1633.79
1955.44
1925.69
1858.01
1959.76
1756.92
1807.79
2028.15
2561.97
2005.87
2887.35
1808.18
1814.75
2123.53
1898.9
2192.52
1627.31
2056.85
1797.06
1878.63
1809.75
1956.99
2024.29
2196.47
1600.8
1686.02
2637.86
2004.02
1730.48
1963.4
2162.46
2040.74
1971.78
2050.06
2078.68
2016.18
2264.81
2267.95
2029.05
1477.44
1998.59
2056.85
1695.61
1914.58
1851.93
1808.66
1970.55
1947.52
1774.66
1644.18
1836.3
2054.75
2090.58
2056.6
1832.22
2172.21
2127.31
1838.47
2013.64
1986.81
1911.71
1696.06
1995.57
1799.35
1709.19
2099.66
1883.11
1953
2491.42
3107.49
2100.58
1715.1
2223.47
1820.32
1788.73
1999
2198.98
2236.26
1639.64
1985.55
1717.67
1857.26
1951.52
1911.33
1551.62
1698.91
2108.82
2088.99
1909.53
1808.31
1839.93
1976.27
1587.51
2006.9
2125.49
2128.29
2019.18
2234.57
2095.55
1913.15
2217.03
1981.71
1731.78
1886.94
1865.01
2026.2
1710.08
2387.67
2105.15
1772.21
2146.99
1688.78
2151.51
1980.42
1830.27
1880.33
1977.14
2170.37
2202.56
2070.08
1657.89
2068.06
2014.77
1962.23
1966.91
1303.82
2097.4
2177.3
1927.34
1616.15
4178.83
1989.38
1788.56
1971.06
1725.3
1734.27
1813.43
1792.74
1769.33
2123.77
1980.92
2072.91
1777.33
1937.52
2022.76
6001.99
2120.46
1904.27
2000.99
2681.21
2161.83
2032.15
1872.62
1975.8
1832.99
2109.58
1821.43
1698.8
1845.48
2251.13
2324
1917.82
1740.33
1812.54
1833.48
1861.23
1669.55
2886.67
1732.14
1636.76
2257.45
1848.61
1924.34
1977.45
3790.03
2136.39
2069.29
1950.33
2114.09
1909.67
2061.12
1979.05
1728.82
2022.24
1725.88
2166.9
2551.75
1841.62
1948.39
1547.44
2061.1
1948.68
1741.03
2452.73
2102.4
2151.24
1633.16
1863.79
1957.97
2288.42
1869.39
2125.01
1902.31
2493.85
1886.95
1869.39
2013.14
2211.88
2149.61
1834
1627.67
2250.95
2277.01
1916.91
2131.41
1815.3
1842.84
1823.12
1888.74
2009.08
1757.18
1473.8
1729.54
2101.68
2144.24
1854.11
1827.34
2211.47
1671.41
1906.9
1679.22
1981.13
1553.23
2001.48
1474.97
1763.63
2312.11
2196.85
2015.5
1857.9
1701.73
2310.35
2253.35
1718.49
2415.61
1928.6
1736.75
1811.33
2232.86
1722.11
2175.6
4928.01
1917.03
2035.72
1934.38
1637.18
2195.39
1971.2
2362.41
1995.73
1968.23
1875.03
2082.99
1886.18
2207.58
1729.02
1775.43
1879.62
1899.65
1952.1
2113.11
2025.18
1774.9
2032.45
2452.65
2102.33
1837.78
2276.71
1950.62
2209.2
1775.55
1933.14
1846.06
1769.93
1711.09
4803.69
1814.16
1942.62
1896.86
1842.4
1822.98
1942.58
1728.23
1602.8
1798.34
1916.7
2006.01
2514.47
2008.64
1921.99
2054.72
1742.56
1949.19
1641.23
2133.79
1844.55
2575.16
1908.43
1537.4
2080.08
2288.15
2418.03
1701.55
1804.92
2070.59
2161.26
2287.37
1791.58
1845.26
1945.96
2077.61
2674.42
2059.49
2296.26
2167.23
1864.58
1843.89
1950.46
1639.65
1989.4
1765.68
1597.93
2483.95
1749.71
1772.68
1849.74
1946.57
2307.55
1602.71
1813.73
1917.05
1975.07
1970.19
1631.85
1790.05
2243.64
2070.04
1913.53
1995.61
2245.4
2316.34
2084.71
1895.99
1907.74
1603.88
2121.25
2073.99
2050.42
1737.85
2074.44
1994.17
1867.52
1910.91
1913.89
1876.54
1936.37
2221.28
1938.96
1874.44
1865.79
2344.95
2078.73
1688.74
1789.05
1848.31
1788.69
2774.56
1763.72
1652.4
2071.51
1815.14
1589.01
1758.25
2058.44
1953.01
1895.71
1845.79
1943.26
1846.51
1968.72
1818.65
2150.57
1805.47
2036.67
1708.82
2079.1
2048.67
1686.21
1757.61
1741.51
1643.94
1942.53
2121.96
1834.71
1928.85
1812.26
2031.6
2012.27
2030.28
2064.77
1710.55
1619.2
1828.18
2095.41
1738.1
1782.54
1993.14
3839.2
1654.66
1877.4
1488.77
2126.33
2227.48
1967.93
4904.86
1913.64
1723.05
2098.82
2188.63
1571.62
1685.21
1861.65
1872.3
2159.56
2061.7
1702.07
1832.38
1831.8
1725.87
1691.29
1734.44
1920.82
1735.39
2267.79
1847.99
1873.93
1902.25
2241.21
1853.74
2246.61
1887.98
1774.98
1979.33
1878.45
1870.69
2322.39
3854.27
1919.05
1887.77
1940.26
1848.33
1626.45
2123.56
1944.39
1914.44
2099.49
1976.63
1757.99
1658.86
1775.77
2132.49
1633.83
1861.65
1877.35
1948.6
1561.19
2046.71
1789.59
2093.2
1764.44
1852.3
2180.96
1767.49
2182.64
1889.69
2101.38
1526.45
1830.05
2293.71
1997.86
1642.89
1544.95
2012.33
1849.81
1802.72
2135.84
2746.58
2000.69
2096.43
4476.93
1571.67
2080.5
1754.14
1970.29
1627.35
2218.08
2181.17
1658.44
2166.85
2168.12
2901.05
2010.11
1831.6
1846.83
2329.91
1743.37
1753.15
1863.3
1851.33
1699.88
2006.52
2367.09
1893.72
1780.91
1758.14
1918.98
2126.75
1809.36
2105.64
1814.5
1662.27
2106.39
2277.11
1956.49
2042.01
1683.47
2050.08
1866.76
2201.14
1969.95
2193.98
1848.78
1978.46
1864.41
1883.23
1709.93
2078.97
1758.37
1820.09
1928.77
1809.79
1917.99
2112.38
1706.15
1759.85
2316.11
1794.02
2205.7
2035.91
1881.82
1844.89
1847.94
2198.42
2198.2
1632.98
1528.08
1793.27
1775.63
2025.49
2042.96
5211.97
1946.28
2001.47
1883.23
2307.96
2404.17
1635.43
1845.63
1678.1
2102.9
1756.01
1877.15
1730.41
1820.24
2143.78
1685.06
1683.13
1629.4
2254.01
2038.71
1703.4
1830.61
1881.63
2032.76
2063.41
2108.45
1726.99
1564.25
1664.35
2143.64
2872.54
1955.31
1842.74
1871.24
2173.56
1663.15
1969.2
2070.82
1644.39
1859.35
1861.05
1849.32
2072.27
1807.73
1913.92
1867.84
2339.6
1596.46
2179.08
2162.8
2013
1678.53
1685
1733.75
1726.46
1806.03
1597.03
1729.54
1702.11
2036.98
1880.42
2007.81
1588.19
1791.1
2088.89
1529.05
1762.29
1822.67
2249.52
2389.95
1784.98
1672.2
2638.12
1840.77
2266.59
2538.59
1749.12
1921.97
1740.05
1798.75
1721.23
2279.41
1559.12
1837.05
2260.61
1857.15
2090.13
1919.11
2113.25
1844.96
1626.22
1897.81
2013.86
2065.08
2212.4
1574.71
2367.47
1793.81
1694.12
1984.64
1731.37
1918.78
2123.81
1815.54
1787.51
1878.88
1717.11
1866.22
2161.21
1849.84
1877.32
1816.99
1788.14
1801.64
1940.82
2088.92
1553.58
1919.68
2158.08
2055.48
1695.86
1662.51
1804.17
1975.49
2027.61
2039.44
1626.96
2660.51
1809.95
1849.75
2238.37
1968.84
2329.67
1713.29
4099.67
2250.91
1929.6
2110.96
2131.08
1823.64
1856.69
1879.83
2315.57
1535.32
2185.24
2132.88
2348.17
1713.7
2834.21
1842.79
2014.31
1897.89
2004.66
1751.17
1875.11
1856.65
2165.11
1715.69
1951.65
1874.43
2068.87
1964.27
1833.79
1871.41
2227.58
1908.73
1920.54
1957.59
1838.55
1989.05
1891.71
2154.08
2010.61
2029.57
2132.02
1980.66
2035.51
1749.5
2108.52
2042.68
1887.43
2236.86
2010.71
2060.23
2125.76
1873.28
1945.49
1714.54
2191.86
2311.12
1979.89
2009.53
1872.99
2180.8
1997.87
1682.32
1847.84
1859.82
2116.45
1668.08
1871.5
1787.17
2102.87
1664.28
2111.44
2305.72
1903.87
1862.68
1744.99
3365.06
2311.51
1529.36
1853.63
1863.64
2072.36
2125.03
1813.76
1736.94
1923.31
1846.6
2039.17
1682.5
1767.07
2244.42
2274.86
1790.72
1920.31
2150.92
1745.64
1826.83
1649.96
1780.71
2055.44
1744.97
1634.42
2223.14
1837.45
2252.61
1799.32
2280.86
2038.27
6387.69
1907.9
1734.54
1599.42
2023.07
1467.28
2107.01
1901.98
1802.64
1503.57
1987.49
1971.94
1972.97
2505.99
1794.13
1855.13
1779.97
1565.66
2051.77
2088.7
1820.61
1810.82
2224.24
2542.41
2457.5
2076.6
2153.33
2078.02
2196.27
1796.05
2249.38
2082.85
2019.86
1931.58
1759.67
2207.08
2589.22
1970.55
2129.34
1859.52
1990.17
2188.24
2071.28
1738.92
2287.81
1802.38
1987.16
1824.67
1669.09
1701.55
2137.55
1887.04
2031.42
1857.73
2124.63
1853.42
1642.59
1800.08
2011.68
2280.64
2080.21
1987.27
1749.02
1812.17
1918.81
1919.14
2164.32
2131.49
1895.08
4443.38
2217.93
1912.29
1668.72
1644.29
2333.73
1711.07
1708.58
1804.71
1913.22
1739.73
1804.67
3456.48
1855.15
2202.45
2198.67
1901.18
2313.58
2139.1
1970.45
2023.01
1776.29
1940.45
1749.09
1739.13
1947.29
1974.61
1892.04
1745.14
2206.6
1723.18
1607.08
2298.96
1861.78
2101.15
1844.37
2742.56
2091.44
1610.84
2098.96
1816.93
2436.79
1884.16
1976.16
1586.06
1541.97
2035.62
1630.26
1763.4
2490.12
1853.49
2050.28
2058.97
1754.76
1845.97
2457.62
1791.89
1665.27
1929.69
2473.44
2253.53
2013.93
1708.37
1976.73
2547.51
2213.72
2065.56
2465.38
2559.12
1858.97
1699.64
1752.27
2183.08
1478.81
2452.35
2012.6
2355.57
2417.15
2070.45
2383.35
1958.35
1584.78
1703.8
1663.28
2088.06
1985.97
1928.11
1981.12
1755.29
1765.6
2060.54
1738.07
2277.11
1839.82
1677.29
1908.67
1795.89
1925.35
2062.59
2497.44
1786.88
1926.22
1908.59
2086.68
2097.09
1688.04
2142.05
2406.91
1860.84
1886.17
1929.33
1985.2
2150.73
1843.53
1934.22
1780.59
1556.21
2001.85
1911.78
2158.6
1788.87
1768.39
1763.46
3637.95
2351.78
2314.11
1768.59
2335.44
1748.94
1910.63
1855.36
2213.55
2461.34
1949.88
2200.31
1982.04
1537.99
2054.4
2057.37
2179.52
1893.23
1760.31
1981.28
1848.84
2139.21
1629.04
1886.4
1947.7
1648.43
2443.12
1872.36
1636.64
1851.28
1534
2226.02
2041.08
1517.1
1594.89
1664.35
1746.95
2195.88
2089.78
2414.27
1898.82
1845.42
2299.23
2042.6
1940.45
1749.5
2019.34
2072.5
2137.45
2184.96
1746.16
2486.34
1720.02
1950.36
1897.23
2094.25
1824.24
2126.53
1771.67
2304.15
1954.82
2290.16
1611.24
1878.43
1770.98
1994.33
1817.63
1680.62
1489.23
2408.13
2221.63
1833.7
2169.49
2312.62
2310.81
1992.66
2239.97
2150.97
2082.36
2339.38
2314.97
2134.03
2114.66
2030.59
1751.57
2094.68
2124.81
2197.54
2406.84
1884.94
1895.98
1773.39
1838.25
2014.06
2096.84
2294.01
1541.28
2040.31
1944.08
1716.82
1835.67
2228.73
1701.36
2194.54
2025.41
1709.04
1568.73
1838.13
1666.79
1850.3
1744.13
1832.52
1718.44
1959.59
2266.67
2056.67
2103.07
1953.06
2013.35
1993.4
1452.66
1975.5
1798.71
1838.24
1751.63
2019.43
1990.25
4884.11
1550.09
2323.26
1809.98
1852.28
1411.55
1623
2213.95
2338.9
2131.92
2213.07
1813.97
1603.62
1818.78
1744.53
1740.04
1672.93
2022.29
2019.32
2075.09
1650.38
2064.01
1621.51
1539.87
1824.2
2193.5
1864.2
1937.1
1803.07
1646.35
1800.94
1889.28
1931.1
1766.38
2326.04
2166.01
1819.24
2176.82
1659.77
2316.59
2199.13
1776.3
1997.86
1960.46
1726.08
1836.96
1764.5
2189.48
2189.29
1593.34
2171.33
1816.95
2495.67
1936.09
2338.95
1785.16
2080.92
1652.18
1739.04
1705.63
1771.91
1923.69
2141.84
2474.26
2699.89
1891.92
1536.04
1799.86
1777.39
1907.93
1977.01
1989.93
2255.93
1681.48
2066.56
2213.87
1769.66
1699.66
1595.5
1752.15
1912.29
2351.6
1948.17
1541.61
1936.57
2233.05
1779.25
1639.19
2260.95
1547.61
2351.58
1869.41
1600.71
2292.83
1942.35
2070.43
2163.68
1614.5
1704.81
1717.84
2062.42
1736.39
1709.77
2139.44
2144.88
2124.99
2013.42
2606.51
2060.04
1919.42
2237.32
1766.66
1539.74
2354.99
1798.43
2064.29
1654.69
2201.61
1811.34
3404.74
1899.42
2083.31
1804.27
1992.47
2091.61
1953.32
1954.77
1886.12
2218.51
2251.35
2045.35
1951.25
1891.45
2189.98
2072.36
1810.68
1843.28
2275.27
2217.29
1990.28
2058.28
2850.59
2054.4
2002.12
1707.98
3397.18
1368.23
2255.4
2074.93
1990.44
1609.1
1783.44
2092.54
2231.35
1824.56
2053.08
2866.16
1773.23
2070.75
1969.6
1831.7
1918.36
1902.96
1584.36
2110
1736.76
1982.94
1895.88
1875.2
2106.99
1742.2
2061.52
2115.36
1678.27
1986.35
1751.89
1671.03
2145.04
2220.78
2656.72
2161.94
1848.34
1836.26
2039.94
1932.73
2014.12
1770.32
2214
2145.03
2127.14
1743.91
2096.05
1888.82
2712.39
1526.36
2081.83
1750.71
2329.88
1656.1
2324.76
1818.05
1886.75
1787.76
1874.21
2088.3
2300.61
2088.83
2224.64
1709.17
2134.6
1766.05
1670.63
1847.38
2126.72
1941.15
1883.27
2012.68
1746.18
2018.87
1967.99
2001.11
1995.31
2330.08
2265.22
2002.03
1785.6
1880.87
1867.55
2147.49
1958.5
2347.66
4598.92
1814.21
2023.1
1939.97
2055.83
1500.41
1888.22
2228.53
1910.74
1746.78
1688.11
1678.45
1991.48
1824.89
1993.61
2175.62
1749.75
2381.14
2312.42
1767.14
1795.06
1994.65
1936.77
1945.93
2104.57
2262.94
1762.97
2316.36
2015.05
1826.52
2036.3
2018.44
1863.44
1800.62
2040.74
1868.51
1721.75
1781.44
1999.2
1990.69
1659.02
1916.4
1634.31
1634.04
1684.01
1898.7
2162.9
1713.58
2303.16
1698.98
1599.65
2276.89
1685.63
1789.58
2035.07
1883.7
1966.85
2018.74
1976.46
1894.62
2068.35
2163.93
1535.01
1912.49
2038.67
1766.49
2065.9
2327.58
3393.59
2122.24
2743.12
1641.3
1938.26
1928.25
1957.53
1994.12
5144.22
1738.85
1820.98
1881.46
1998.18
1798.32
1515.56
2921.97
2465.28
1955.03
2210.62
3340.93
1537.44
1837.66
1640.76
1911.27
2297.68
1839.99
2377.87
1908.06
1623.25
1781.71
2497.54
1946.21
2174.78
1854.41
2151.56
2076.38
1976.66
2162.49
1732.41
1727.23
1903.46
1684.22
1836.44
1728.75
1879.03
2220.9
2183.44
1690.72
1880.79
1828.84
1938.18
1719.76
1921.69
2342.41
2389.61
2146.16
1731.04
2455.45
1835.77
2230.77
1666.4
1981
2015.12
1714.51
1669.05
2336.69
1772.72
2209.05
2066.11
2023.53
1953.46
1741.61
1794.55
1966.5
1708.44
2326.56
2068.64
2180.73
1931.83
1761.06
3623.88
1899.18
1671.71
1521.16
1891.76
1723.75
2109.94
1433.05
1968.11
1994.88
2128.32
1700.09
1921.36
2022.51
1869.49
2103.99
2060.12
1930.26
1628.05
1645.01
1869.05
1824.54
2055.24
1714.84
1979.42
1798.15
2307.51
1702.89
2343.61
1622.72
2286.49
1958.19
1650.29
2106.31
2069.21
1689.92
2072.01
2263.09
2005.11
1836.74
2094.86
1787.12
1820.53
2163.04
2174.41
1859.79
1997.96
1616.57
2109.54
1907.99
2049.23
2179.11
2293.15
1463.03
1885.56
1953.16
1963.6
2176.13
1848.37
1887.06
1980.89
1678.7
2042.07
1980.87
2077.48
2109.8
1977.7
1927.08
1951.9
1840.8
1853.3
1724.56
1603.41
1959.69
2339.21
1746.65
2204.71
2020.86
1882.54
1659.81
2128.65
2398.68
1482.75
1754.58
1939.54
2013.85
3943.21
2012.26
2309.49
2374.05
1749.76
1677.43
1894.2
1710.49
2172.58
2119.73
2266.49
2142.91
1666.26
1775.16
1902.68
2349.46
2218.81
2603.47
2002.97
1941.25
2034.97
1678.4
1799.3
1833.63
2059.57
1884
2149.26
2059.65
1653.16
1786.43
1767.42
1742.59
1756.87
1881.43
2137.93
1912.02
3123.17
1926.19
2030.6
1939.59
2110.76
1934.56
2231.32
1548.71
1694.59
1505.02
2149.83
2188.53
2191.08
1627.99
2084.4
3016.05
2162.1
1980.92
2021.9
1826.35
1735.97
2189.87
2279.1
1788.41
2036.84
1904.41
1698.72
1778.49
1963.94
1929.91
1955.97
1787.58
2239.31
1906.55
2053.59
2130.17
1838.24
1738.24
1911.97
1845.72
2270.4
1819.74
1816.01
2059.92
1659.14
2061.11
2046.46
1789.96
2137.38
1726.85
1775.72
1828.64
1890.97
2138.26
1767.43
2386.45
1923.3
2368.77
1539.55
1934.16
1736.04
2348.01
1955.65
1697.62
2373.91
1880.7
2429.33
2117.76
2134.76
1782.52
1931.26
2147.27
2527.78
1864.97
2096.26
1852.78
1855.16
1963.65
1882.13
1609.37
1899.97
2410.3
2555.5
1493.87
2125.94
1767.42
1663.38
1699.45
2091.23
2001.65
2060.79
2169.67
1823.1
1769.71
2157.75
2029.67
1668.21
1601.59
1953.38
1956.35
2113.53
2077.28
1928.9
1759.06
1951.64
2032.26
1720.48
1843.27
1791.96
2012.57
1733.24
1923.26
1687.1
1861.36
1981.13
1946.5
2044.63
1777.56
1780.24
1703.38
2232.34
2281.03
2117.42
1985.47
1773.61
2076.93
2217.45
1999.14
1820.3
2137.76
2165.61
2101.52
1758.24
2184.9
1752
1636.79
2427.21
1743.27
1853.23
1942.04
1678.72
1824.31
1731.5
2020.91
1911.61
2320.38
1684.58
2219.29
1920.31
2243.56
1881.33
1811.42
1957.46
2103.31
1901.29
1686.06
1928.09
1946.55
2230.99
2199.34
1744.23
1844.63
1964.7
1921.65
2088.87
1960.34
1808.97
1707.91
1992.09
2034.06
1814.62
1538.8
2526.3
5507.35
1648.44
1961.86
2094.55
1973.3
1647.13
1966.65
1986.18
2148.2
1682.28
1819.71
1867.51
1571.72
1903.94
2222.28
1770.73
2362.86
1832.49
2122.79
1866.18
2252.27
2104.92
1916.64
1957.84
1777.51
1768.39
1943.29
2090.61
1902.07
1971.42
1565.41
1709.99
1864.06
1823.14
1818.8
1809.81
2106.17
1999.16
1810.11
1754.72
1692.41
1928.3
2271.05
1722.5
1898.26
1942.18
2690.02
1795.62
1617.69
1908.93
1705.51
1808
1719.9
1973.32
1721.49
2015.53
5869.92
1840.91
2182.77
1811.3
1886.24
2175.25
1949.99
1893.87
2171.51
1985.76
2217.7
1834.73
1724.43
1929.39
2097.3
2089.76
1841.04
2506.24
1685.51
1961.38
1750.47
2103.71
1816.68
1797.97
2096.48
2449.6
1753.55
1861.92
1989.92
1959.03
1861.08
1762.53
2327.5
1788.34
1757.65
1626.86
1749.74
1796.75
2023.4
1703.99
2193.44
1604.84
1890.1
2067.55
1718.35
1830.03
2209.3
1652.04
1880
2127.86
3159.07
1918.2
1889.45
1666.48
1782.94
1663.52
1860.56
2100.86
1710.71
2110.63
2125.11
2219.17
2225.14
2166.82
2072.9
2116.69
1868.03
1933
1868.6
1948.87
1750.49
2010.49
2042.9
1929.46
1685.24
1925.93
2069.38
2383.89
2161.76
2181.27
3115.52
1937.79
1854.54
2124.63
2021.78
1979.74
1945.61
2125.47
2442.96
1732.51
1887.92
1715.34
1810.48
2152.86
1877.6
2060.37
1681.3
1797.46
2126.35
2098.32
1914.94
1920.45
1776.36
1914.6
1961.83
2075.64
1732.67
1555.2
2120.34
1969.49
2248.71
1733.78
1850.45
2272.04
1616.63
1944.06
2031.24
2044.72
1719.6
2021.5
2239.65
1761.46
1800.71
1481.73
2258.75
1804.48
1965.83
2038.96
2619.71
1864.32
1813.82
2265.41
1565.78
2024.34
2194.93
2225.48
1778.31
1913.5
1977.09
1880.56
2356.9
1812.44
2145.07
1977.9
1476.09
1777.65
1920.99
1703
2150.28
1828.21
1930.98
1797.87
1518.21
1736.09
2445.76
2188.72
2170.46
1939.96
1935.19
2015.24
1643.81
2101.95
1955.38
2092.28
2096.09
1918.4
2215.67
1933.17
2162.69
2091.67
2097.96
1986.6
2179.08
1831.61
1927.68
1856.76
1844.52
2255
1766.74
1698.34
1950.45
1836.23
2142.45
1842.17
1925.96
1694.85
1647.26
2487.63
1719.17
2128.89
1554.33
1797.02
1718.6
1810.04
2169.57
2265.66
1890.25
1938.4
2404.01
2077.82
1813.83
1737.21
1673.78
1706.77
1864.62
1976.55
1669.54
2131.12
2299.29
1977.96
1627.06
1650.37
2100.27
1758.23
2319.1
1454.68
1760.12
1544.71
1858
2320.14
2678.71
1848
2173.45
2698.49
1885.42
2072.17
2470.08
1905.27
3900.33
1885.3
1948.41
1825.11
1635.55
1897.99
1699.16
1814.95
1831.22
1600.06
2063.32
2177.6
2211.44
1779.7
1916.65
1692.41
2071.81
1844.5
1951.54
2492.19
1937.02
1990.28
1875.39
1826.46
2744.86
2199.84
2176.53
1896.27
1725.42
2245.37
1578.14
1781.36
2020.86
2003.34
1759.19
2041.69
1866.28
1831.01
1819.98
1853.24
2080.59
1922.41
2028.52
1860.88
1896.35
1990.65
1609.21
1760.94
1703.73
1654.89
2228.37
2230.22
2258.32
2266.45
2131.15
1966.77
1783.01
1985.19
1964.89
3389.53
2040.92
2009.66
1765.43
1771.76
1903.64
2595.38
2298.32
3809.22
1763.62
1842.5
1720.58
1877.25
1861.36
1792.2
1823.53
1821.57
1566.41
2085.05
1708.93
1608.34
1722.84
1949.75
1924.09
2077.96
1709.11
2248.3
1897.43
2845.73
1931.92
2104.37
2398.71
1649.34
1914.46
2351.78
2130.06
1770.4
1766.92
2017.75
2231.04
1846.97
2052.96
2076.29
1923.38
1831.07
2105.57
1974.67
1723.95
1939.82
2039.35
1615.61
2099.43
1572.45
2289.33
1800.01
1764.9
1584.58
2028.8
2165.56
2018.8
2511.76
2036.29
2334.92
1568.8
1723.3
1661.63
1817.79
2207.6
2055.84
1558.22
2244.42
1995.74
2134.33
2122.08
3120.22
1535.39
2026.98
1983.98
1943.9
1691.52
1666.96
1896.58
1980.36
2153.81
1839.92
1970.23
1787.48
1831.95
1709.39
1856.82
1761.64
1864.97
1739.12
2299.5
1887.98
1711.15
2033.61
1979.27
1570.86
2433.84
1819.5
1960.38
1610.24
1773.17
1973.83
1790.56
1733.03
1711.77
2046.67
2233.78
1991.82
3382.47
2463.88
1700.12
1900.12
2482.99
5725.13
1715.06
1856.98
1882.05
2308.82
2455.35
2078.65
1797.91
1594.57
1882.47
2150.01
1921.88
1970.62
2156.37
2081.18
1782.32
2009.73
1963.99
1839.87
2141.72
1821.2
2195.32
1975.32
2113.8
1941.6
2103.7
2565.36
1579.78
1717.81
2085.55
1899.06
2003.37
2010.29
2174.67
1878.82
1687.47
2004.17
1928.46
1902.79
1711.56
1882.44
2653.36
2066.41
1695.43
1710.26
2071.25
1894
2055.89
1745.42
3401.32
1989.64
1463.18
1840.1
1742.46
1969.36
2719.97
1956.02
1916.52
2075.79
1975.67
1917.12
1770.3
1663.3
1959.82
2164.7
1686.82
1877.76
2340.44
1936.98
2136.48
2039.74
2556.59
2114.08
2041.56
1458.76
1610.17
1880.53
1783.76
1551.61
1819.54
4456.3
1897.04
2912.85
1882.64
1786.35
1811.59
2107.1
2247.1
1856.34
2077.69
2243.82
1701.81
1845.06
2072.07
1544.55
1688.63
1830.76
1787.23
1781.67
1887.65
1694.56
2015.77
1841.35
1875.39
2067.6
2122.48
2093.33
1885.4
2557.01
1863.06
2080.08
2002.77
2163.94
2216.21
1759.37
1905.74
2702.42
2688.83
2056.21
2069.26
1913.5
1804.49
2133.9
1768.45
1743.76
1931.99
2034.12
2526.12
1824.87
2002.29
2062.51
1863.16
1996.29
1899.29
2728.34
2208.25
2124.85
2255.1
1802.77
1936.12
1665.84
1923.95
1781.65
1600.89
2154.82
2173.15
2037.6
1887.54
1902.81
2082.12
1770.04
1670.47
1777.56
2946.9
1741.78
1790.64
1914.11
1703.57
2106.15
1886.55
1586.19
1641.94
2291.66
2022.73
1631.2
1646.11
2226.78
1850.69
2089.12
1817.35
1866.78
1630.74
1646.05
2290.38
2141.21
1886.83
2027.83
1751.23
1843.58
1814.33
2169.76
2118.4
1465.03
2128.59
1684.15
1633.28
2256.09
1882.3
1680.84
1922.43
1942.51
2046.05
1918.56
2234.07
1975.01
1777.14
2127.37
2157.55
1729.54
1690.89
2273.73
2276.42
1983.55
1837.13
1912.95
2006.31
1849.74
1631.97
1685.85
1931.37
1707.64
1980.38
1728.89
2315.82
1697.27
2243.4
1898.7
1792.15
2314.1
1882.08
1569.5
1644.57
1930.97
1655.84
1922.68
1898.32
1540.8
1909.19
1817.72
1826.64
1819.21
2155.55
2128.86
2233.38
1928.77
2071.98
2233.49
1564.74
1637.5
1713.56
2085.93
2341.91
2152.03
1796
2099.89
2176.89
1934.96
1909.21
1848.17
2286.43
1945.52
1795.74
2166.93
1696.56
2013.24
2066.17
1738.47
2285.1
1946.61
2232.54
1662.85
1998.04
2095.93
1736.16
1752.91
1621.41
1657.43
1927.35
1803.82
2167.51
2061.97
2201.68
1599.88
2192.7
2124.78
1780.59
1946.31
1937.12
1778.65
1820.17
1712.87
1992.33
2480.28
1926.83
2144.13
2630.39
2009.6
1694.3
2067.36
1856.32
2119.97
1946.33
1651.33
2196.55
2046.75
1954.89
1696.42
1900.97
2005.34
1962.56
1964.67
1739.32
2201.46
1869.1
1736.1
1742.27
2188.08
2570.27
2292.93
1926
2318.1
1981.91
2030.34
1958.3
2303.26
1587.83
2114.88
1810.65
2205.52
2004.05
2236.46
1672.87
1690.87
2033.91
2047.9
1728.93
1929.09
1890.6
1723.47
1688.99
1721.93
1722.67
1819.48
1859.31
2011.1
1894.34
1996.66
2025.27
1805.79
1883.47
2426.99
2236.39
1695.2
2222.27
1807.33
2320.88
1881.39
1921.66
1684.62
2292.23
1709.68
1835.5
1879.14
1745.74
2646.13
1748.26
1946.59
2154.43
1769.06
1669.68
2057.93
1772.78
1778.24
1803.24
2053.83
2118.2
2048.14
2239.31
2166.05
2002.49
1933.12
2311.23
2137.22
1629.34
1937.1
1746.08
1945.99
2372.69
1857.6
1678.6
1702.01
2156.26
2071.65
1846.83
1814.19
1698.63
2253.31
1839.46
1687.24
2250.38
1761.18
2275.28
2008.52
2167.65
1759.19
2068.56
1896.97
1961.92
2277.39
2113.87
2076.18
1936.37
1719.21
2024.53
2147.79
2408.74
1869.27
3680.91
2024.96
1747.52
1799.68
1921.72
1798.75
1895.61
1812.38
2035.23
1543.15
1559.09
1611.94
1819.92
1829.04
1951.71
2269.7
1736.68
2078.42
1846.2
2111.86
2635.25
1845.08
2167.65
1868.21
2056.03
1556.79
1976.3
1675.65
1964.09
1615.48
2309.56
1525.72
2850.98
1983.03
2149.27
2058.08
1875.23
2168.43
2231.69
2218.39
2166.23
1625.17
2293.08
2124.23
1893.28
1654.81
2308.39
1629.79
1941.63
1866.53
1552.92
2015.93
2087.46
1755.78
1776.4
1899.38
1994.32
1971.68
1808.03
1847.35
1732.63
2081.95
1968.4
2181.14
1736.17
2114.07
2093
1791.92
5513.51
1798.12
1631.38
1956.52
2104.05
1543.41
1951.97
2090.44
2020.32
1648.18
1915.79
1791.76
1855.48
2380.49
1699.09
1634.43
1969.53
1944.21
2066.9
2040.82
1663.36
1854.87
1745.44
2200.1
2238.88
1805.33
2073.52
2198.62
1686.36
1701.32
2197.36
1983.13
2059.2
4102.38
2138.2
2607.8
2301.11
1725.74
2029.72
1932.49
1924.99
1696.8
1984.12
1815.77
1945.18
2041.8
2024.44
2266.04
1632.39
1769.02
1705.1
2138.04
2134.92
1821.75
2200.15
1462.91
1951.59
2185.91
2452.4
1807.96
1780.13
1686.12
1982.68
1860.46
1450.18
1989.86
2022.65
2304.11
1592.11
2298.68
1615.9
2285.54
1816.72
2184.77
1968.5
1808.72
2488.62
2126.36
1988.23
1717.17
1734.74
1768.61
1575.69
1952.21
1974.98
3178.49
1902.13
1886.23
1842.41
1864.93
2028.17
2187.62
2130.16
2060.3
1969.73
1833.12
1951.96
1522.84
2078.16
2479.46
1583.1
2039.17
1930.75
2183.17
1783.65
1872.78
2114.12
2269.35
2137.98
1626.34
1543.09
2276.05
2294.18
2151.03
2381.87
2324.54
2305.51
2111.99
1795.07
2076.17
2082.51
1846.12
2110.19
2059.75
2039.87
1903.71
1810.31
1826.65
2143.89
2254.31
1987.48
1919.31
2035.72
1676.65
2104.84
1620.39
1882.04
1640.2
1902.03
2310.87
2149.22
2330.06
1833.44
1591.95
1836.35
1920.8
2031.65
1820.2
2150.14
2135.27
1772.75
1908.38
1845.99
2134.34
1816
2025.35
1650.33
2060.54
1837.4
2006.09
1720.47
2249.65
1570.72
2069.26
1875.18
2281.5
1988.18
4576.81
1852.06
2082.86
1919.6
2126.44
1714.3
2387.73
2057.33
1619.81
1632.26
1902.04
2108.77
1556.65
1908.89
2063.45
2053.38
2159.25
1782.65
1748.4
2089.21
2024.61
2300.7
2163.59
1844.41
1820.8
2036.33
2310.74
2063.84
2072.35
2086.82
1924.13
1767.36
1971.63
2878
2421.73
1898.1
2132.82
1785.51
2155.85
3103.93
2234.49
1858.17
2146.35
2094.16
1814.04
2129.7
2275.9
1863.94
1810.55
1978.23
2020.89
1875.98
2298.45
1830.59
2149.87
2236.12
1830.71
1818.81
1641.88
2452.59
2046.49
1941.7
2162.83
2382.34
1997.61
2610.44
1604.06
1887.09
1986.37
1878.39
1751.47
1734.49
1620.62
2371.28
1998.35
1779.86
1707.23
1682.11
1565.52
1650.94
1985.45
2455.45
1894.48
2088.39
1618.62
2240
1781.41
1773.09
1867.51
1879.21
2957.66
1946.81
1648.21
2550.37
1739.28
1797.06
2761.2
1765.61
1866.47
1718.65
2113.74
1871.61
4002.8
1901.79
3458.44
1975.96
2251.26
2025.58
2021.08
1700.19
1982.93
2131.37
1811.93
1877.17
1804.85
1853.04
1760.66
1869
1605.33
2261.83
1857.73
1823.85
2024.87
1746.6
1878.15
1820.81
1936.42
1804.8
2326.48
1823.22
1819.72
1896.28
1807.66
1919.03
1808.92
1900.17
2170.73
1770.16
1865.36
1627.07
2224.93
1906.12
2211.28
1526.95
2029.86
1697.27
1797.57
1914.83
2254.21
2358.92
1962.06
1835.63
2105.88
1851.53
1693.7
2159.68
2167.26
1798.78
1841.81
1623.14
1745.41
1941.99
2027.26
1487.67
1577.29
1708.9
2210.3
2209.48
1923.91
1965.99
2016.85
2028.33
2589.42
1822.36
1911.51
1708.29
2037.87
1867.21
1843.95
1796.67
2011.4
2470.53
1648.66
1764.2
1816.85
2428.23
1779.82
1641.96
1967.88
1542.34
1544.78
1754.04
1789
2414.72
2148.68
2213.37
2042.56
2254.17
1663.34
1985.45
1690.56
2100.62
1899.32
1828.26
2084.68
2275.48
2189.15
1734.33
2077.66
1974.05
2317.11
1903.61
2233.62
1897.16
1896.24
2389.26
1862.47
2217.91
1880.05
1805.08
1836.47
1918.11
1695.84
1798.68
2040.34
1705.97
2097.11
1674.77
1860.72
1837.95
1819.85
2194.88
2527.12
2478.82
1993.35
1724.81
1737.15
1894.93
1973.64
1616.43
1764.23
2177.73
1806.39
2485.19
1938.63
2055.64
1685.05
2161.39
1917.73
1747.27
1982.67
2178.07
2518.56
1577.17
1944.39
2149.36
1781.54
1821.94
1985.46
1747.72
2294.5
2080.05
2085.26
1875.53
1947.72
1871.66
1998.85
1666.79
2667.34
2302.54
1835.64
2030.01
1795.68
2145.41
2022.8
2075.1
2672.12
2121.59
1511.27
2037.61
1951.55
1960.75
1744.78
2100.38
1940.19
1820.8
1393.09
1999.15
1914.97
2283.83
2041.28
2484.71
1795.33
2101.96
2188.39
2531.94
1853.84
2059.09
2187.91
2126.52
1668.38
1587.63
1834.55
1794.03
1763.97
1605.27
1910.69
1798.91
1717.88
2025.05
1973.69
1763.17
2109.91
2131.41
2400.74
1727.25
1771.45
2113.48
2063.45
2015.26
2012.14
1897.51
1830.55
1959.24
1950.06
1851.35
1832.83
2166.91
1995.78
1941.49
1640.09
2067.21
2170.9
2017.43
1891.93
2091.05
2107.52
1880.22
2120.71
1930.44
2025.6
1616.2
2124.12
1849.57
2078.13
1861.39
2141.03
2240.7
2282.44
2002.81
1923.12
1754.91
2043.21
1678.19
1728.65
2268.8
1871.94
1913.69
1860.1
1931.1
1835.68
2050.8
1771.38
2343.09
1913.8
1890.73
2012.23
1706.8
2036.97
1880.65
2044.25
2074.48
2054.54
1789.53
1833.68
2478.82
2118.56
1887.95
1988.7
1914.23
1747.45
1654.26
1807.65
1899.97
1843.77
1654.36
1803.87
2197.46
1761.26
2105.02
2204.16
1866.27
1989.84
1963.78
2133.57
2210.7
2024.87
2285.66
2448.25
2007.22
1602.47
1767.93
2425.55
1942.44
1843.39
1927.03
1739.19
1723.63
2083.42
1945.33
1748.88
2140.7
2098.06
1847.24
2037.99
1908.46
1913.96
2109.56
1870.32
1948.1
2123.92
2054.87
1703.01
1561.5
1944.03
2099.28
2070.57
4387.37
2048.71
1925.94
1960.25
2195.57
2679.86
1897.92
1914.93
2265.1
1878.27
1879.25
2290.7
1761.81
1775.41
2036
1851.68
1798.66
2024.84
2073.9
1804.52
1870.91
2344.54
2214.62
2721.65
1978.36
2077.37
1708.66
1947.17
2012.93
1809.88
1930.51
1820.95
1906.66
1851.68
1919.67
2110.52
2419.96
1980.52
1731.49
1962.8
1679.27
1873.1
2034.62
1836.57
1761.68
1880.16
2163.97
2012.51
2072.97
2040.77
2107.64
1907.12
1860.82
2105.17
1831.3
1812.61
2131.67
1866.54
2081.14
1874.22
1940.94
1703.88
2761.63
2438.16
2239.64
2195.95
2082.7
1873.03
1677.85
1750.94
2031.83
1898.38
1857.9
1868.62
3764.19
1771.15
2064.3
1966.68
1891.27
1831.18
2683.05
1445.53
2448.61
2572.67
2166.75
1804.15
1952.03
2149.32
3469.46
3536.99
2715.99
1805
1770.87
1814.72
2164.28
1988.81
2041.34
1719.46
1747.28
2200.81
2042.21
2088.9
3843.07
1786.04
2359.05
2184.59
1830.85
1985.69
2116.44
1898.27
2191.79
2476.61
1844.3
1854.25
1949.18
2851.58
1812.78
1715.12
2086.93
2043.43
2000.52
2035.72
2001.6
2104.89
1876.05
1634.88
2112.5
1798.11
1714.47
1597.61
2067.16
1802.97
1986.27
1903.48
1919.6
2148.07
2093.37
1797.27
2041.61
1843.69
1815.22
2499.1
1847.38
2504.92
1760.11
2154.04
1758.06
2049.01
2299.43
1851.35
2305.64
2027.31
1747.57
1955.78
1595.93
1999.87
1821.84
2144.84
1860.4
2552.93
1888.38
2011.25
1690.61
1731.46
2066.06
1945.86
1772.43
2130.89
1999.1
2105.93
2155.88
2074.24
1757.94
2105.93
2189.23
1594.01
2077.75
2120.43
1963.58
1779.4
1769.89
1864.49
2085.83
2250.91
1806.98
2396.23
1734.53
1752.61
1833.18
1759.01
2639.64
2197.24
1952.96
1836.59
2098.36
2014.39
1965.08
1805.76
1825.25
1889.15
1801.28
2011.35
1710.56
1717.91
1726.71
2029.95
2211.46
1900.49
1703.28
2760.41
2087.45
1884.88
1745.7
2552.8
2033.19
2162.58
2083.18
2010.03
1871.95
2153.76
1936.63
1970.74
1875.62
1979.49
1761.84
1655.91
1786.89
1842.48
1693.84
2216.37
1837.25
2037.17
2192.4
2086.66
1604.79
1954.93
1805.98
1875.49
1931.44
1802.12
2120.71
2058.65
1727.22
2274.09
1716.82
1999.62
1844.85
2022.26
2272.17
1908.62
1949.47
2108.04
1735.8
1996.96
1738.21
1797.07
1660.41
1639.66
2433.93
1794.14
2287.14
2127.14
1592.59
1758.65
2449.02
1727.3
1697.04
2327.75
1577.55
1793.86
2191.83
1598.49
1541.98
2063.78
1924.76
1949.92
1719.76
2029.55
1831.9
1738.52
1822.13
3077.57
1682.38
2157.9
2094.77
1819.66
1799.1
1755.65
2053.48
1770.58
1704.92
2245.76
1715.57
2218.01
2131.97
2279.7
1890.78
1764.65
1722.42
2068.52
2048.62
2411.84
2182.85
1688.98
1940.27
1935
1495.94
1634.53
1721.76
2096.37
2161.9
1676.85
2009.68
1641.8
1672.78
1483.18
2074.8
1910.6
1744.26
1786.61
1760.7
1769.37
2086.06
1693.8
1557.59
2331.44
1954.78
1883.38
1717.4
2358.61
1988.51
1781.65
1733.79
2477.06
1770.38
1910.64
2394.65
1773.38
1528.82
1737.55
2165.46
2415.42
4937.73
1896.81
2120.15
1550.42
2256.68
1833.73
1936.26
1986.27
2070.79
1715.89
1724.63
2177.49
1782.42
2204.56
2036.18
1970.28
2100.53
2362.62
1762.34
2141.78
1772.04
2099.56
2235.96
1669.9
2232.47
1954.39
1811.95
1904.94
1716.05
1916.91
2140.59
1814.2
1710.65
2174.2
2416.4
1778.34
2069.24
1763.35
1992.83
2060.89
1951.53
1623.81
2196.18
2215.94
2914.15
1827.04
2667.31
2333.26
1733.66
1703.19
1772.16
1814.82
1651.15
1858.2
1756.33
2052.46
1928.16
1866.35
2255.97
2015.55
1860.61
2240.95
2074.31
1834.69
2114.17
1798.46
2205.73
2138.09
1755.7
2207
2118.25
1876.35
2091.57
2000.42
2193.11
2031.51
1569.61
1663.22
1838.37
1798.98
2054.53
2711.91
1586.09
2112.26
2008.79
2111.93
2113.16
2440.82
1770.04
2203.59
1752.06
2056.37
2164.97
1968.53
2580.25
1861.82
2308.52
1815.43
1917.09
1987.41
2056.26
1978.86
2109.6
2072.79
1850.94
1922.78
1835.7
1773.28
1781.62
1837.67
1902.85
1857.08
1758.28
1710.05
2909.41
1728.8
1966.94
1995.31
1783.28
1414.69
1998.36
1984.71
1965.64
1662.36
2040.96
2179.42
1879.82
1966.02
1635.07
1873.34
1645.57
1928.24
1733.02
2083.83
1660.9
1980.88
1884.79
1540.73
1916.98
1450.11
1766.53
2007.81
1673.04
1876.02
2070.55
1934.09
2084.54
2148.33
2727.83
1809.69
4792.83
1835.19
1823.58
2230.96
2001.93
5027.34
1806.46
1773.88
1934.64
1684.02
2152.88
2020.15
2380.07
1898.2
2465.54
2203.93
2119.5
1753.92
2565.3
2010.57
1791.6
1760.64
1815.08
2160.21
2006.85
2073.61
1843.85
1786.3
1619.67
1731.02
2020.42
2324.55
2142.49
1673.34
2297.2
1957.19
1748.73
2123.32
1962.34
1841.37
2170.07
2315.95
1462.33
1888.25
1775.41
1843
2163.45
2060.55
1882.88
1764.02
1932.37
1866.89
2219.17
1813.7
2107.46
1874.46
1836.87
1610.31
1798.81
1651.61
1933.24
1888.9
1884.88
1975.35
1785.48
1929.66
2152.15
2309.17
2156.54
1848.86
1899.13
1925.99
1917.04
2039.19
2166.38
1722.08
1906.38
1961.48
2081.57
2423.77
1682.65
1705.42
1929.97
1740.58
2037.09
2194.86
1790.81
2051.56
1678.08
1737.49
1939.96
2831.13
1867.27
2166.12
1963.74
1825.62
2086.89
2056.92
1897.44
1689.64
2435.58
1914.22
2061.61
2216.96
2219.24
1548.45
1984.04
2427.54
2071.73
1937.09
2168.14
5521.18
1849.76
1658.47
1993.4
1994.92
2393.76
2240.46
2028.87
1786.84
2225.15
2008.33
1627.92
1884.97
1780.15
1902.31
2023.32
1674.03
1917.88
1852.96
1840.98
1813.86
1868.61
2222.45
2340.19
1907.18
3911.9
2106.09
1783.96
1855.19
1530.47
1896.81
1783.09
1718.88
2031.85
1858.28
2161.66
1840.9
2026.08
1966.97
1739.26
1924.46
2030.13
2167.95
2061.36
1908.89
1791.53
1766.19
1641.03
1874.83
2029.03
1995.17
1977.15
1569.08
1791.58
1966.29
1827.95
2046.75
2565.15
1861.64
1721.4
1940.41
1792.65
3481.83
2034.56
1792.39
1628.19
1823.4
1601.28
1810.9
2131.14
1840.75
2008.58
2019.44
2241.22
1981.8
1976.29
1763.72
1694.98
2164.1
1526.22
2331.55
2275.51
2218.44
1970.77
1966.45
1711.61
1932.86
2162.63
1729.43
2178.57
1444.29
1803.02
2222.63
2324.29
2044.14
2136.63
1759.78
1969.79
2007.89
2441.26
2083.44
2022.88
2107.4
2338.16
1783.44
2355.5
2004.61
1570.15
1762.75
1591.87
1949.22
1847.34
1939.88
1859.43
1913.81
2296.91
1896.41
2785.24
1786.92
1908.81
2161.96
1860.91
2318.17
1531.81
1907.67
2022.68
2177.41
1723.55
1725.14
1677.8
1906.18
2105.62
1767.56
1896.17
1912.74
2391.35
2568.74
1837.78
1587.01
2218.28
2072.5
1845.72
2299.14
1643.43
1780.79
1809.09
1969.67
1973.17
2052.02
1888.66
1928.85
1840.56
1540.07
1687.31
2167.51
1816.45
1780.59
2211.62
1915.05
1836.34
1866.04
1806.96
1906.08
1977.99
2152.63
2158.6
3669.8
1899.39
2129.21
2283.15
2420.91
2098.54
1723.39
2045.08
2224.75
1781.97
1934.59
1727.37
2069
1889.69
1504.35
1785.61
1887.06
2072.6
2261.53
2252.66
1756.87
2015.95
1734.73
1751.13
1666.96
1690.02
1829.98
2150.57
1947.12
2110.53
1966.81
1634.54
2135.6
1924.86
2166.97
1971.33
2454.03
1872.78
1664.99
2136.08
2088.4
1798.63
1880.72
1635.73
1734.15
1732.95
1833.05
3499.29
1988.58
2079.78
1869.09
1623.44
2092.28
2125.12
1802.4
2243.86
1838
1959.32
2019.15
1799.78
2156.44
1901.57
2384.05
1899.83
1978.49
2069.28
1964.89
2100.77
1788.49
2212.92
1831
1705.14
1930.5
1731.84
1973.38
1913.9
2126.02
1807.65
2180.99
2369.93
2302.44
2196.74
1628.28
2006.99
1640.82
1847.03
2222.77
2354.27
1899.34
2135
1801.45
1958.06
1842.09
1911.3
1728.78
2312.22
1699.86
1616.24
1766.66
2099.12
2318.2
1902.17
4295.87
1782.58
1789
1606.78
1774.12
1556.7
1672.59
2126.14
2562.94
1755.33
1963.53
2271.6
1778.08
1745.4
1712.05
1490.64
1977.33
1568.58
2076.78
2182.24
1814.15
2078.48
2132.05
1924.06
1788.16
1648.62
1942.23
1921.67
1708.99
1817.34
1863.04
1780.02
1906.57
1906.6
1642.8
2100.53
2056.06
2079.79
2200.92
1914.32
2094.09
1992.14
2238.66
2575.2
2357.07
1746.07
1701.77
2144.41
4441.66
1959.45
2043.05
1856.37
1892.3
1729.46
1855.24
1754.99
1864.52
2042.21
1707.98
1952.35
2232.92
1864.14
1914.2
2179.71
1685.84
3880.68
1805.62
2209.3
1541.7
2372.5
1856.36
1953.14
2177.17
1939.65
2196.04
2160.06
1728.77
1988.65
1700.49
1862.17
2018.29
2233.12
1717.33
1815.45
1796.93
1832.26
2353.1
1603.7
1849.05
1965.49
1779.49
2365.05
1956.38
2403.64
1830.64
1959.33
1767.96
2180.9
2058.75
2117.91
2059.2
1717.1
2088.67
2180.08
1497.43
1728.41
2032.37
1950.06
1607.94
1881.82
2084.9
2014.4
1423.46
1699.34
1956.51
1984.47
1630.3
1905.98
2052.51
2011.4
1812.81
2158.06
1846.64
1936.73
1405.17
1896.66
1786.29
2140.13
3860.02
2553.3
1652.65
1661.67
1900.7
1659.5
1915.12
1828.56
1890.04
2298.18
1558.7
1959
1746.16
1793.55
2088.84
1956.85
1875.68
1868.78
2200.41
1859.46
2551.49
1775.07
2372.68
1913.89
2185.14
2452.86
2115.62
1979.94
1870.38
2028.71
1870.89
2077.02
2053.42
2156.43
1779.14
1887.99
1748.7
2040.7
1936.1
1946.57
2071.95
2090.55
2317.28
2025.83
1652.19
1931.26
1901.78
2108.62
2084.47
1832.69
2004.91
1644.35
1832.36
2039.83
1860.37
1740
2143.19
1347.22
2054.88
1956.3
2228.09
1735.15
1893.06
1465.85
1926.81
1546.36
1986.83
1941.69
2044.14
1955.1
2207.46
1787.45
2079.49
1666.02
2403.27
2064.9
1831.43
2333.83
2027
1614.94
1505.59
1572.02
1721.55
2140.28
2049.61
2348.37
1949.65
2364.64
1750.69
2038.71
1921.68
1811.3
1703.6
1668.37
2062.69
2029.03
2002.5
1799.52
1980.92
1804.74
2010.89
1661.83
1669.97
2068.77
1978.03
1832.96
1679.78
1983.87
2466.04
2135.58
1692.14
2072.8
1917.36
2359.41
2000.93
1660.85
1975.74
2415.34
1932.86
2263.29
2242.25
1860.68
2137.94
1604.97
1970.39
1987.18
2162.4
2039.77
2063.46
2206.06
2008.85
2006.65
1790.13
2114.37
1971.43
1787.57
1966.66
2928.22
1699.83
1926.54
1855.26
2636.98
1847.29
2165.61
2455.35
1975.61
2044.46
1704.46
2039.97
1881.73
1584.29
1897.65
2119.1
1636.66
1722.27
1892.17
2376.35
2063.49
1795.87
2897.79
1765.45
1786.47
1620.9
1947.12
2023.88
1629.43
1830.48
1900.86
1721.6
1823.99
2255.47
1562.54
1863.29
2152.28
2350.43
1822.98
1784.89
2039.31
1753.72
2025.22
2009.13
2085.38
1608.07
2321.49
1716.13
3278.9
2067.65
1707.35
1713.5
2014.27
1956.01
1680.45
2355.97
1818.73
1711.27
1894.92
2040.38
1738.89
1777.16
1694.86
1761.68
2156.45
1795.87
1682.63
2256.3
1861.27
1820.09
1989.74
1737.09
2057.64
2360.21
2229.28
2135.97
2394.49
2035.2
1909.27
2755.24
2259.52
1789.94
1988.28
1783.11
1918.28
2486.15
1820.15
1949.08
1892.04
2030.28
1900.11
1920.65
1860.09
1818.12
1762.75
2068.36
2492.6
2488.65
2107.6
3020.48
1873.4
1626.35
1629.48
2334.44
2094.09
2178.42
1949.71
1825.17
1859.42
2330.36
1817.96
1868.88
1846.88
1677.96
2035.8
1926.47
1802.24
1666.43
1876.11
1865.35
2371.32
1660.49
1877.09
1591.56
1689.56
1926.73
1737.92
1830.16
1789.85
1714.56
1676.9
1939.02
2045.41
2014.79
1854.05
2166.76
1740.69
1781.97
1721.86
1661.03
2079.01
1938.23
1633.3
1818
2205.97
1758.73
1688.29
1585.42
1605.47
1751.37
1628.09
1731.69
1827.98
1833.48
2667.78
2260.7
1887.65
2424.29
2021.04
1735.26
2112.05
3633.62
1840.29
1785.82
2383.01
2158.85
2320.75
1993.63
1749.86
1967.96
1773.13
1937.62
1905.1
1994.87
1727.28
1927.17
1751.25
1629.81
2032.01
1755.28
1819.36
1736.43
1598.4
2097.72
2278.52
1982.42
2605.84
1848.74
2018.8
1901.94
1543.05
2143.68
2152.57
1965.3
1985.03
1898.64
1915.8
1872.99
2429.38
2169.68
2216.76
1854.88
2270.82
2092.29
1878.34
1711.09
2090.01
1998.2
1858.2
1893.46
2297.69
1858.83
2082.26
1800.19
1775.89
2340.32
1917.44
5609.78
1683.07
1913.64
2069.39
1970.57
2095.76
2034.3
2076.65
2191.13
1726.9
1646.06
1922.1
2063.04
1797.3
1821.43
2051.97
2262.19
1870.99
1748.93
1942.96
1684.49
1734.74
2222.07
1908.01
1706.68
2121.71
2055.88
1938.66
2129.93
2034.49
2728.96
2028.76
1625.1
2027.12
1885.84
2055.96
1865.88
2480.56
1937.81
2076.97
1814.07
1957.21
1846.2
1789
1665.43
1993.54
1818.91
1724.4
1570.21
1964.37
2088.95
1750.99
2626.64
1680.81
1998.02
1760.17
2017.23
2039.64
2068.35
1760.67
2085.13
1906.36
2106.64
1996
1716.02
1853.52
1903.89
1937.07
2038.12
1988.13
2262.68
1677.82
1664.47
2021.19
2156.43
1694.14
2131.59
1902.07
2072.58
1957.69
2327.72
2568.81
1748.72
1775.58
1968.84
1889.73
2019.07
1921.35
1974.77
1869.24
1817.84
2612.53
2041.24
1833.91
1807.09
1704.48
2008.38
1849.7
2007.19
1797.4
1915.04
2210.24
1851.16
2521.84
2087.23
1691.04
2388.69
1742.11
1845.65
1688.51
2127.41
1724.19
1758.26
1823.45
1804.92
2259.06
2110.35
1842.79
2326.13
2028.87
2009.98
2171.73
2243.75
1741.83
1959.66
1797.75
1849.07
1624.45
1948.55
1542.86
1848.74
2199.88
1932.77
2650.6
1805.55
2177.82
1847.52
3737.72
2142.14
1894.79
1806.83
2030.13
2020.79
1661.46
1978.23
1774.71
2043.88
1846.71
1818.84
1787.84
1665.25
1633.65
2013.85
1790.41
2437.29
1714.17
2280.09
1566.91
2113.5
2036.37
1723.49
1617.65
1557.72
1740.31
1832.86
1818.29
2063.33
2205.14
2084.83
1591.52
1536.52
1678.84
1839.8
2205.32
1776.14
2036.54
1968.73
1909.64
2083.1
1974.9
1617.77
2145.16
1630.05
1823.65
2011.64
1891.76
1838.11
1763.46
2070.95
1969.03
2184.64
2084.75
2155.57
1638.2
1769.69
1691.74
1874.55
1960.45
1894.32
2277.94
2096.03
2212.29
2252.86
1797.07
2565.9
1933.25
1686.35
1923.41
1913.55
2102.33
1809.28
1681.85
2009.09
2245.59
1984.85
1662.77
2064.81
2058.04
1881.73
1916.23
2188.54
2076.43
1806.28
1784.76
1853.12
1953.44
1930.4
2054.78
1899.32
1588.16
2076.97
1604.75
2268.73
2242.04
1697.92
1923.01
1756.14
1850.9
2295.04
2492.25
1916.46
1868.7
1774.59
1961.95
1901.96
1863.59
2422.24
1915.33
1799.57
1600.58
2071.06
1762.44
1858.14
2315.46
1674.52
2133.1
1434.56
1817.73
1961.63
1603.95
1972.69
2298.7
2556.96
1602.93
2087.15
1953.95
1830.09
2148.68
2063.32
1680.09
1979.18
1696.08
1790.23
2133.49
1708.62
2018.04
1888.28
1766.32
2111.39
1816.48
1955.18
2106.31
1739.56
1754.41
2223.78
2455.19
1754.36
2035.61
1876.58
2078.79
1966.68
2299.89
1790.04
2363.42
1906.71
1753.56
2048.58
2308.18
1796.91
1888.13
1729.73
2172.53
1758.98
2676.23
1968.21
1901
1974.66
1772.97
4099.09
1479.76
2172.62
2016.92
1713.06
1628.78
1825.86
1968.02
1601.35
1782.22
2037.04
2038.68
1914.17
2025.28
1891.03
2325.58
1973.89
2048.35
1538.03
1899.02
2192.68
1734.27
2123.8
1718.89
1695.62
2196.24
3399.87
2125.9
1858.51
1996.87
2103.51
1928.83
2742.57
2093.28
1924.8
2132.17
1795.56
1549.98
1790.24
1895.49
1619.15
1757.89
3402.06
1484.64
1656.96
1843.67
1889.34
1929.89
1624.24
1991.34
1967.04
2271.75
2151.79
1805.21
1839.92
1884.02
1816.76
2100.61
2768.85
1777.51
2268.91
1946.81
1827.64
1979.24
2126.58
1874.71
1532.42
1922.77
1794.85
1798.98
2041.08
1816.76
1708.74
2092.26
2048.41
1639.28
1911.92
1993.84
1646.74
1710.45
1674.29
1908.45
2172.11
1858.76
1945.66
1745.29
1746.8
1921.1
1795.31
1754.57
1971.01
2124.1
1722.89
2184.64
1722.67
2166.97
1694.09
1903.23
2196.81
2059.81
2139.08
2135.79
2071.68
1856.57
1829.37
2278.93
1779.72
2141.49
1881.86
2335.24
1849.33
1748.58
1867.94
1915.28
1935.51
2562.13
1707.48
1842.98
2218.42
2078.1
1921.06
1748.24
1895.85
1863.66
1560.66
1977.39
1882.88
1871.32
1801.94
1741.11
1766.48
2402.76
1690.77
1712.29
1855.12
1854.59
1995.54
1652.71
2291.82
1744.78
2339.75
1995.47
1979.43
1966.64
2171.48
2142.89
2278.95
1916.2
1978.1
1871.13
2116.97
2026.35
1911.26
1458.26
2300.91
1806.76
2286.57
1805.09
2114.78
1739.62
1736.41
1818.49
2104.17
1821.16
1916.37
3194.51
1813.86
2239.09
1659.76
2169.6
1657.25
1798.2
2412.35
1821.61
2340.45
1976.45
2007.28
2724.33
1692.19
1763.57
1887.24
2129.69
2126.78
2410.31
2081.62
2287.35
1942.59
1846.23
2004.34
2287.92
2234.49
2222.91
2451.13
2591.63
1810.52
2142.6
2081.12
2171.09
1996.44
1522.58
1767.31
2018.95
2291.28
1926.13
1800.69
1691.73
1892.12
1993.99
2107.97
2254.29
1664.84
2010.46
1986.89
1659.5
2154.99
2045.32
2097.67
2184.51
1919.42
1950.94
2257.69
1679.62
1799.85
1886.57
1808.67
2361.52
2007.92
1423.44
2116.87
1825.46
1929.15
1704.24
2385.49
1917.53
1846.45
1813.64
2653.78
2298.49
2165.94
2151.17
2219.52
1667.19
1518.93
2304.65
1764.7
2105.49
1980.31
1975.84
1892.29
1740.82
2056.48
1576.61
1690.1
1673.14
1792.73
2166.48
2073.34
2237.79
2097.14
2201.22
2116.18
1996.51
1702.22
1650.14
3606.96
2052.12
2264.65
1803.75
1707.46
1626.03
2003
2074.61
1804.09
1741.51
1980.66
2175.86
2087.27
1881.32
2221.59
2258.42
1985.54
1683.23
2221.61
1900.19
1718.79
1555.65
1798.3
2063.61
2033.62
1753.76
2270.36
1793.13
2076.47
1645.03
2012.4
2156.32
1466.39
1991
1981.36
1825.79
1773.34
2257.38
2083.84
1824.79
1987.73
2017.04
1906.64
1793.83
1828.78
1756.98
2039.75
1838.04
1613.77
1969.7
2241.47
1625.18
1743.97
1421.35
1934.42
1957.39
2006.22
2064.1
2154.44
1759.96
1949.72
2010.09
2061.44
1911.41
2141.34
1685.53
1911.29
1780.99
1661.7
2057.02
1826.56
1636.71
1911.2
1872.05
1766.01
1638.99
2416.33
1784.05
2180.02
1673.2
2022.43
1612.96
2192.49
1908.28
2109.56
2406.02
1558.21
1848.69
2054.6
2032.52
1604.43
2021.84
1996.79
2014.68
1833.27
2044.95
1917.23
1577.03
1816.41
1817.52
1870.03
2081.44
1791.16
1814.07
2095.03
1792.12
2576.44
1914.28
1581.29
1789.27
1839.01
2518.12
1643.76
2041.17
2013.83
1626.74
1883.3
1978.03
1914.63
1802.68
2041.91
2068.33
1962.05
1807.17
1736.85
2059.4
2012.09
1875.12
2128.71
2073.98
1863.16
1939.9
3042.73
2359.97
1812.24
2115.69
1884.33
2064.26
2289.11
1804.03
1803.42
2199.85
1738.04
2320.02
1600.78
2105.5
2084.23
1842.2
1923.44
1626.03
2236.33
1773.31
1897.65
1742.39
1819.39
2215.79
1818.01
1751.76
1915.23
1873.61
1463.15
1863.49
2323.52
1703.09
1733.94
1712.02
1925.59
1782.1
2249.18
1709.04
1498.06
1961.75
2210.68
2078.92
2075.81
1855.69
1841.42
1955
1526.86
2335.12
1766.78
1849.62
1697
1788.3
1952.95
2146.39
2128.37
1920.94
2207.46
2250.14
1830.02
1893.43
1923.53
1937.33
1870
1858.98
1658.28
1690.61
1663.37
2248.5
2230.15
2004.54
2108.09
2251.99
1860.65
2009.84
1673.34
2255.06
1741.05
2193.35
1924.24
1640.99
2122.55
1791.05
1950.89
1832.65
2023.01
1913.28
2013.57
1996.77
2167.51
1837.33
1779.48
1726.33
1980.22
2090.13
1751.31
1973.7
1845.02
1953.48
1896.27
2520.91
2284.29
1942.82
1645.53
2110.06
1772.9
1763.94
2167.79
1774.66
1945.79
2304.38
1970.57
1755.7
2061.83
1721.87
3845.51
2014.11
1552.87
1901.5
1950.63
2065.11
1821.66
1750.49
1595.03
1662.44
1975.96
1559.99
1764.42
2149.66
1938.81
1771.75
2030.99
1676.08
1806.25
2201.39
1820.86
1766.21
1901.53
1821.1
1883.43
2282.48
1888.32
1831.75
4437.72
1926.32
2111.29
2147.84
2798.93
1784.71
1809.78
1562.55
1855.38
2139.54
1770.96
2164.22
1932.36
1664
1815.38
2024.64
1873.36
2192.69
2007.4
2803.2
2028.1
1968.14
2026.99
1944.53
1763.38
1827.85
1987.21
1812.01
2052.06
2864.54
2555.14
2435.94
1744.37
2083.36
2142.79
2081.74
2035.33
1937.09
2016.16
2176.86
1646.71
2419.7
1991.72
1785.22
1792.61
1947.84
2443.1
1640.09
2064.91
1862.8
1866.93
1745.82
2172.83
2071.06
2031.84
1809.26
1916.75
1766.33
1955.93
1832.19
1832.34
1985.27
2489.71
2286.32
1950.92
1942.29
2052.68
1651.83
1972.37
1951.94
1631.35
2006.27
1886.59
1530.98
1689.78
2434.14
2015.22
1891.41
1829.05
1833.12
1881.77
1824.98
1565.66
1801.77
1744.24
2073.72
3640.46
1972.08
1873.67
2205.56
1733.7
2302.08
2211.81
1812.1
2090.23
1992.66
1897.62
1826.65
1828.15
2017.79
2022.93
2096.5
1677.09
1763.22
1628.38
1931.9
1871.31
1948.36
2066.97
1629.31
1816.19
2277.5
1969.73
1900.6
2232.3
2065.4
1974.51
2101.7
1912.58
1743.35
1848.68
2498.39
1972.1
1726.86
2472.92
1809.28
2323.64
2563
1677.2
1971.58
2189.34
2393.25
1707.78
2262.33
2142.92
1896.54
1642.59
2419.86
1460.82
2080.89
1926.55
1763.74
2119.1
2282.22
2104.79
2019.36
1900.43
1748.03
1501.62
2227.67
2122.9
1686.9
1714.95
1858.45
5275.13
1791.1
2537.81
1685.87
1911.13
1645.92
1867.73
1754.23
2215.88
2013.48
1403
1796.69
2051.22
1612.34
1868.66
2155.71
1515.91
2643.5
1796.63
1804.85
2117.38
2377.29
1754.33
2173.02
2241.79
1538.64
1512.32
1717.81
1733.88
2010.43
1910.92
1915.28
1586.02
2183.15
1789.83
2015.08
2283.67
1964.52
1873.77
2456.57
2038.37
2163.97
1703.64
1993.11
1961.74
2148.2
1609.69
1968.32
2194.05
2054.9
1853.27
2311.8
3189.54
1759.84
2324.17
2082.96
1763.7
2117.28
1927.34
1556.85
1554.06
1645.46
1750.11
2365.92
1756.38
1758.83
1646.05
2004.58
2515.07
1514.19
2057.19
2046.04
2199.03
1914.29
1876.1
2064.73
1899.2
2274.21
1849.57
1835.97
2032.9
1901.89
2485.46
2055.39
1933.39
1832.6
1659.54
1912.16
2038.91
1631.52
1923.83
1905.96
2696.46
1757.12
1977.46
2351.7
1533.08
1839.1
1905.62
1733.74
1841.33
2440.88
1743.77
1894.67
1663.16
1698.05
1985.14
1833.21
1895.39
2061.69
1978.74
1948.81
1802.17
1821.88
1756.14
1691.76
2182.38
1929.47
1738.36
1808.89
2143.24
1945.77
2017.83
2513.92
1882.21
1777.96
2126.81
1780.97
1594.04
1548.45
2773.22
1994.04
1659.83
2009.82
1906.34
1651.38
2724.76
1819.29
1597.15
2117.75
1730.52
1901.18
1788.07
1996.48
2076.95
1603.83
2350.49
1802.2
2080.34
1676.04
2212.81
1738.13
2111.19
2005.91
1874.67
1816.46
1874.88
1564.17
2023.75
1754.28
2107.13
1630.42
1570.08
2067.73
2265.72
1903.55
2024.46
2224.39
1898.34
2119.1
3365.32
2089
1827.34
1975.03
1727.2
2198.58
1556.98
1993.85
1907.01
2069.56
2329.32
1944.4
2106.59
1974.96
1754.13
2084.98
1883.11
1863.62
1790.94
1763.39
1854.61
1958.17
1994.5
1839.87
1728.17
2287.04
2006.52
1944.84
1970.35
1935.72
1935.2
2040.35
1620.22
1900.69
1940.62
1790.75
2208.4
2385.47
1802.19
2227.92
1922.92
1586.31
1999.4
2029.9
2053.29
2115.53
1974.25
2134.06
1984.23
2116.7
2411.88
2227
2297.48
2050.31
1941.32
2074.96
1574.66
1839.8
2069.51
1664.79
1737.65
2496.31
2206.7
1975.91
2035.14
1919.33
2363.54
1678.73
1665.06
1814.85
1531.97
2073.62
2588.25
1932.79
2247.12
2299.21
2052.95
2443.6
1708.38
1679.24
1685.32
2016.33
1889.05
2216.76
1647.3
2035.16
1998.14
1909.9
1874.77
1845.69
2066.86
1851.81
2118.29
1726.74
2285.49
1755.98
2331.31
1727
2202.8
1784.51
2975.54
2323
1841.24
2128.72
1874.5
1536.46
2233.71
1833.87
2043.62
1833.48
1846.75
1949.11
1835.01
1692.57
1758.68
1862.1
2212.74
1928.01
2296.85
2149.09
2013.01
2025.98
1633.2
1914.57
2247.66
2053.04
1667.37
1822.17
2111.57
2373.61
1970.89
1768.53
1870.42
1692.39
2104.1
2025.51
2120.47
2024.39
1995.33
1945.28
1640.29
1448.4
2026.29
2316.89
2127.77
2544.79
1837.7
2006.3
2561.52
1797.12
1566.21
1558.94
2252.64
2430.04
1712.7
1715.14
1703.86
1596.83
1855.24
3131.8
1864.23
1964.33
1738.94
2124.57
2473.04
4933.01
2075.3
1955.76
2240.1
2298.62
1783.5
1800.69
1983.16
2134.1
2018.7
1901.25
1750.31
1696.84
1823.03
1799.45
1727.73
1769.39
1785.95
1957.44
2095.3
1806.45
1526.7
4304.86
1837.59
2138.86
1971.26
1725.89
1818.09
1964.65
1937.51
1937.3
2143.13
2316.28
1962.85
1876.11
1777.74
2147.18
1808.03
2224.98
1695.66
1875.67
1968.68
1699.98
1568.16
1700.69
1950.05
2021.92
2208.99
2106.42
2203.44
1962.88
2285.9
2135.77
1829.71
2105.35
4035.83
3569.96
1631.58
2013.91
2214.1
1651.33
1717.32
1735.01
1929.46
1711.3
1902.94
1882.72
2014.99
4521.86
1828.1
1932.21
1554.47
2368.37
1754.33
1498.23
2105.14
2205.18
1895.4
1975.09
2072.11
1676.53
2003.72
1806.1
1832.38
1649.03
1629.15
2014.34
1939.78
2638.24
1873.86
1935.23
1784.29
1923.88
1901.55
2204.47
2158.53
1483.77
2023.49
2077.97
2178.24
1550.08
1709.25
2186.51
1948.78
1962.52
2218.57
2006.52
1974.63
1776.06
1956.27
1459.72
1821.05
2403.03
2114.27
1671.25
1712.74
1706.39
2056.52
1906.08
1984.3
1790.44
2146.07
1856.74
2007.21
1765.49
2144.5
1941.71
2075.14
1846.54
1980.77
2090.48
1506.39
1950.1
1992.78
2275.94
2552.19
2199.18
1723.66
1603
1575
2174.43
1658.38
1755.98
1735.72
1738.03
2229.7
1689.59
1808.53
4278.39
1787.56
2033.52
1902.02
1955.8
2038.75
2109.31
2299.6
2136.44
2085.28
1718.98
1987.03
2194.65
2033.67
2364.87
1789.35
1923.29
1717.06
2540.61
2054.28
1921.28
2152.89
1762.32
1727
1640.27
2151.44
2097.01
1675.85
1693.05
2086.63
1597.12
2154.8
1820.05
1777.32
1802.59
1797.03
1840.03
1663.12
1815.96
2068.42
1917.31
1908.51
2015.31
1691.13
2217.06
1516.11
2264.7
1861.35
1827.15
2318.62
1912.61
1893.85
2442.32
2135.06
1911.37
2018.58
2148.18
1736.89
2216.66
2058.76
1870.51
2001.98
2286.52
1974.6
2051.21
1588.66
2486.95
1559.52
2041.52
1723.6
2231.65
2241.58
1956.54
1828.57
2212.43
1933.36
1784.98
1963.57
1918.63
2064.61
1833.59
1907.98
1975.95
1636.04
1963.76
1771.56
1899.73
1570.84
1752.53
2102.34
1719.94
1947.61
1800.6
1936.56
1709.32
2001.57
1564.98
1988.08
2147.59
2852.12
1900.54
2177.06
1912.74
1857.46
2086.76
2113.82
1662.51
2122.27
1877.54
1704.69
2070.69
1849.56
1534.42
1628.97
1832.62
1725.76
1741.19
1779.01
2129.01
2695.24
1896.46
2506.8
1903.72
3802.14
1981.9
2160.19
2043.07
1679.23
1639.27
1728.6
2026.87
2219.8
2063.18
1983.49
2103.37
1831.68
1740.38
1891.89
1762.56
2293.54
2070.45
1820.29
2093.11
1920.62
2050.31
2022.13
1875.52
1718.55
1623.82
1995.86
1777.54
1818.12
1675.85
2163.56
1704.75
1729.81
1917.26
1597.93
2104.6
1969.71
1988.53
1871.02
2239.29
2827.83
1727.04
1745.24
1868.67
2553.3
2205.23
1880.04
2252.89
1979.82
2200.79
1946.22
2407.48
1882.57
1753.46
2043.44
1601.57
1671.34
1815.39
1905.2
2367.25
2449.25
2163.86
1897.64
1732.48
1748.16
1956.96
2073.11
1819.53
2017.71
2110.36
1954.31
1925.65
1848.16
1925.69
1618.82
2101.57
2126.5
1709.79
1688.36
1869.94
2487.98
2426.92
2149.61
2078
1822.33
2005.88
1939.2
2168.39
3298.98
1898.84
1751.8
1700.8
1802.25
2071.48
1812.49
1730.22
3144.21
1643.18
1980.86
1655.54
1933.12
1812.29
2144.23
1860.66
2341.04
1789.93
1875.79
1722.16
1759.92
2131.18
2185.45
2004.58
1670.06
2156.63
2219.62
1831.57
2584.23
1882.55
1668.96
4532.01
2035.79
1889.53
2210.39
1876.67
1967.13
1946.3
1703.25
1751.67
2399.77
1958.99
2273.39
1606.71
1996.84
1866.01
2197.21
2114.67
1837.01
1772.64
1820.88
1976.22
2032.79
1891.8
1841.82
1791.65
1627.23
2433.09
1870.95
1812.07
2440.94
2058.32
1689.27
1652.9
2384.92
1559.23
1925.12
1798.45
2478.59
1934.49
1721.84
2104.68
1731.51
1861.1
1976.84
2265.39
1993.7
1846.45
1535.84
2551.47
1983.21
1845.82
2009.35
1978.25
1814.91
2193.13
1960.13
1932.72
1925.21
1601.55
1750.77
2000.17
1857.92
1702.1
1804.32
1836.4
1739.22
1827.79
1716.78
1871.08
1934.73
1744.1
1913.78
1977.46
1710.48
2065.79
1659.18
2632.86
2115.73
2231.24
1581.44
1919.48
1840.43
2281.95
1978
1646.19
2353.12
1849.95
1892.22
2146.55
1875.95
1951.77
1944.01
2259.05
1711.68
1745.86
2092.16
1948.74
2199.42
1744.75
1990.44
1919.72
1831.03
1659.45
1886.66
1670.03
2549.25
1905.83
1767.29
2225.11
1915.56
4547.8
1630.64
1753.57
1884.37
2060.37
1781.1
1906.71
1901.3
2166.06
1687.21
1986.16
1769.08
1782.43
2084.31
1881.95
1977.05
1808.45
1880.05
2046.79
1977.9
1892.83
2216.14
1830.34
1880.26
1627.79
2274.59
1756.12
2139.57
1766.98
2115.89
1914.51
1680.76
1810.88
1883.81
2028.3
1817.13
1803.96
1625.64
1915.47
1953.72
1750.64
1673.14
1524.95
1906.13
1872.41
2126.74
1678.63
2248.76
1670.52
1595.04
1793.61
1785.91
1683.55
1961.81
1871.47
1887.48
2027.18
2160.88
2154.46
1665.25
1842.28
2318.54
1989.3
2091.78
2315.68
1848.64
2042.32
1832.02
2218.29
1944.86
2468.48
2126.44
1948.87
1732.42
1788.95
2176.24
1888.29
2048.38
1699.06
2342.73
2035.95
2345.07
1521.5
2078.89
1964.75
2279.12
1934.57
1856.62
1993.67
3226.79
1647.38
1923.38
2352.06
1559.82
2367.11
1721.84
1960
1988.13
2097.4
2087.44
1928.64
1765.93
2011.3
2089.18
1949.8
1913.53
1928.48
2260.37
1820.64
1860.31
2014.02
1869.08
2478.12
1818.75
1870.75
1853.44
1775.82
3157.95
1751.95
1701.22
1829.92
1862.84
1864.46
1688.24
1732.75
1728.48
2086.57
1907.09
2205.46
1682.54
1726.15
1820.96
1863.86
2154.8
1730.92
1768.19
1869.95
1880.92
2081.65
1573.99
2021.59
1564.09
1914.68
1981.49
1966.92
1959.12
1752.74
2078.75
1757.48
1682.9
1927.39
1647.17
1723.07
1640.08
1582.75
2048.19
1867.8
1820.14
2070.78
1888.49
2127.52
1847.14
1520.93
1671.14
1754.37
2049.84
1836.81
2644.52
2113.87
1846.77
2036.36
1753.21
1830.61
1853.57
2129.4
2133.11
2025.76
1684.81
2583.2
1713.45
1852.74
1582.24
1651.46
1865.4
1649.53
1742
1735.98
1861.76
1759.05
1619.25
1903.03
1848.47
1976.73
1638.76
2032.19
1604.46
1817.92
1721.16
2149.84
1783.4
2105.42
1858.88
2188.79
3695.45
1810.24
2072.32
2136.68
2158.84
2139.54
2092.81
1803.92
1978.37
2927.75
2404.68
3438.53
2001.98
1708.02
2057.25
1858.85
1836.06
2292.13
1996.04
2088.79
1444.16
2107.75
2333.94
1814.63
2245.72
1933.69
1796.08
1941.39
2166.24
1735.22
2090.29
1991.66
1663.38
2083.41
2236.7
1849.62
1989.7
4257.53
1740.04
1998.45
2187.96
1766.68
1867.96
1823.17
2241.02
1854.6
1562.74
1751.56
1765.35
1885.02
2298.63
2038.76
1573.32
1825.62
1747.76
1579.02
1671.47
2080.32
1839.33
2229.09
2033.83
1897.4
2022.64
1857.54
1859.97
1591.52
2335.15
2049.96
1792.07
1900.68
2262.24
1796.46
1948.65
1674.73
1807.88
1792.11
2271.45
2242.84
1846.18
1676.85
2684.65
1844.42
1633.81
2052.76
1876.14
1766.18
1876.62
1634.02
2128.2
2481.19
1934.04
1712.87
1998.68
2147.96
1820.49
1627.45
1833.97
1751.68
1860.22
1944.99
1643.8
2338.2
1732.15
1866.43
1960.13
1880.14
1802.71
1884.27
2501.33
2611.24
2286.75
1924.43
1881.74
1736.69
2325.06
2416.46
1963.89
1651.91
1855.52
1679.9
1744.12
1981.22
1871.95
1697.22
1860.77
1919.75
1829.76
1916.13
1850.59
1719.23
2017.69
2150.84
1895.36
1969.79
1908.91
1759.25
1711.09
2398.01
2081.87
2894.25
1866.75
2639.3
1786.91
2082.98
1885.85
1844.87
2171.28
1618.1
1662.29
1770.19
1803.74
1720.47
1678.64
1899.48
1975.54
1889.62
1597.52
2295.99
2348.15
1919.3
2055.52
2042.56
1643.99
2032.55
1937.33
4007.59
1671.67
1823.26
1753.55
1911.23
1997.52
1868.32
1890.9
1632.76
1799.88
2505.13
2007.62
2024.22
1685.95
2364.91
2001.11
1803.78
2310.31
1895.19
1726.24
1738.57
1870.15
2131.29
2570.78
2793.69
1707.9
1780.4
1967.52
4527.63
2375.5
2114.91
2058.69
1799.76
2055.14
1844.98
1695.05
1661.62
2082.94
1546.57
1974.69
1912.72
1697
1976.55
2134.42
2046.34
1764.75
1724.95
2034.12
2259.77
2403.06
1572.97
4013.17
2119.04
1721.3
2018.7
1922.32
1928.75
1654.28
1853.34
1514.6
1888.42
1672.39
2228.02
1673.72
2032.78
1722.78
2024.89
2080.84
1948.66
1902.61
1684.48
2038.83
1902.78
1866.6
1843.58
1797.67
1913.02
1767.74
2036.33
1961.51
1882.98
1613.04
1781.97
2017.62
1938.53
1741.53
2295.77
2027.89
1731.55
2194.36
1689.02
2103.05
1836.29
2155.89
1746.24
2094.2
1895.64
2090.7
1864.87
1787.6
1885.52
2082.84
1885.31
5309.95
1707.08
1883.03
2279.35
2039.59
2654.03
1965.85
1843.25
1488.79
1713.19
1990.58
1830.06
1744.46
2532.48
1832.95
2067.82
1959.05
2225.16
2205.66
1725.99
2077.29
1882.24
1628.41
1678.63
1885.06
1856.95
2031.39
2004.33
1710.72
1738.49
1820.19
1865.67
2442.24
1966.06
1971.58
1981.84
1440.83
1791.33
2266.83
1975.85
2022.57
2088.04
2223.98
1719.02
1964.02
1830.65
1868.59
2125.07
1476.29
1659.96
2050.07
1665.11
2064.13
2130.23
2377.49
2019.91
1678.47
1822.42
2090.75
1907.02
2061.66
2039.74
2140.33
2160.81
2164.06
2217.64
1979.4
2383.84
2321.34
1765.97
1766.25
1779.74
1971.17
1604.82
1676.87
2093.53
1781.42
1752.24
2113.86
1995.67
1940.54
2025.88
1573.45
2090.62
1919.38
1675.44
1775.48
1908.22
1966.35
2067.44
2093.25
1715.4
2405.18
2079.71
1929.71
1976.18
1771.03
2099.62
1846.82
2223.28
1617.52
2119
1703.73
1673.21
1835.36
2108.56
1673.3
1652.72
2130.61
1990.6
2056.47
1751.77
1946.21
1876.06
2365.78
1699.83
2002.1
2024.56
1670.51
1676.08
1765.42
2257.4
1839.3
2022.94
1893.97
2126.61
2213.08
2293.64
2074.43
1854.51
2251.18
1955.43
2180.45
3023.05
2011.15
2290.31
1900.04
2177.7
2224.07
2083.73
1933.24
1803.74
2248.92
1965.53
2081
2090.35
2031.72
1937.07
2192.48
1947.34
2361.06
1865.62
1754.44
1655.84
1810.02
1531.19
2279.02
2479.13
2023.99
1863.58
1743.09
1951.84
1787.83
1773.64
1794.59
1909.94
2062.82
1615.3
2108.85
1877.6
2263.56
2049.35
1671.27
2271.46
1864.83
1909.6
1900.42
3121.9
1831.51
1997.09
1643.05
1735.04
1900.7
1792.54
1874.11
1789.04
1838.47
3409.41
1561.58
1783.97
1713.89
1937.99
1895.76
1864.79
1833.22
1555.61
1925.02
2239.94
1974.57
1900.49
2093.49
1838.67
1900.43
1762.54
1898.29
1790.85
1852.47
2160.12
1982.12
1848.46
1658.6
2680.2
2093.75
4257.69
1947.72
2621.85
1878.61
1884.82
1928.9
2362.31
1903.61
2097.22
2066.49
1710.2
2124.37
1843
2088.85
1991.59
1906.34
2020.56
1695.8
1838.52
1616.34
1965.7
1838.75
1890.29
1764.98
2468.46
2412.8
1927.74
1717.35
1643.64
2168.51
1669.38
1609.4
2110.15
1685.12
2454.33
1544.97
1726.72
1945.84
1641.75
1818.33
1765.1
2249.21
2123.28
1679.04
1821.69
1914.64
1959.75
2132.7
1913.59
1616.53
1949.76
1956.11
1894.17
2245.92
1749.48
2242.33
1749.26
1671.08
1862.96
2030.84
2287.44
2254.6
1991.34
2063.69
2058.51
2072.22
1859.21
2331.73
1888.12
2010.87
1938.43
1932.79
1904.77
1839.12
1985.82
1823.32
1794.1
1761.2
2217.49
1763.53
2070.65
1773.91
2031.31
1774.9
1569.37
2115.9
1699.9
1760.45
2127.69
1989.52
2048.22
1775.63
1815.74
1529.5
1975.93
1495.6
2091.05
1592.36
1586.72
1743.16
1876.92
2065.34
1726.83
1776.61
1581.83
2053.23
2015.68
2190.34
1985.11
2333.21
2158.37
1977.24
1778.63
1699.09
2221.97
2058.12
1873.66
1682.01
2175.75
1976.37
1850.48
1866.52
1812.58
2029.44
1734.1
1910.22
1962.8
1791.45
2094.74
1735.28
1742.33
1700.33
1679
2097.88
1804.8
2114.24
1859.83
1669.36
2201.67
1617.22
2614.47
1805.9
1889.62
2549.71
1850.4
1898.2
1913.64
1958.54
2353.41
1955.28
1775.99
1719.95
1862.69
1923.63
1747.33
2397.82
1892.51
2028.28
1973.24
1926.16
2288.8
1739.23
1756.49
1983.24
1898.19
2091.25
1775.22
2040.84
1882.75
2295.03
2447.4
1898.89
1934.09
1653.76
2036.82
1765.27
2015.92
1996.44
2716.82
1723.76
1764.5
1971.86
1791.85
1896.74
1821.19
1997.56
2279.73
1674.36
1853.43
2690.54
3489.93
2013.07
1607.55
2138.75
2345.27
1678.33
2296.37
1977.15
1842.45
1784.81
1901.42
1892.03
2004.09
1730.21
1872.39
1736.3
1619.09
1920.74
1813.57
1804.53
1777.08
1939.76
2189.71
2207.81
2054.9
1797.32
2062.63
1742.56
3133.84
1711.92
2150.62
2198.13
1658.77
1782.87
1839.63
2238.84
1775.71
2138.34
2121.61
2226.82
1825.3
1944.48
2186.95
2110.74
2041.8
1871.04
2110.58
2474.05
5682.2
2029.35
2830.81
1773.31
2842.64
2024.78
1853.6
1636.61
1691.98
1817.42
2019.87
1720.87
1952.99
1950.46
1916.9
1673.31
2097.91
1836.99
2145.86
3070.14
1821.64
2037.97
1809.17
2044.05
1752.29
1932.41
2414.36
1898.62
1687.51
2043.07
1732.88
1960.59
4588.06
2001.65
1966.14
1867.92
2276.15
1921.76
2111.68
2023.58
2202.84
2015.85
2029.22
3113.28
1855.72
2012.67
1670.11
2848.02
1954.94
2176.84
2196.77
1796.69
1781.64
1902.41
1734.13
2169.52
1832.66
1747.38
1931.4
1643.48
2474.76
1810.34
2481.8
2506.4
1587.44
1705.78
1710.99
1764.48
1853.93
2666.81
1910.09
2102.49
1998.75
1949.6
1592.98
2068.41
1785.3
2477.34
2009.45
2086.43
1767.92
2300.5
1974.09
1675.29
1913.48
1979.85
1633.54
1960.25
1920.02
1962.74
1619.71
2250.72
2032.53
1971.29
1765.55
1875.23
1625.42
1675.56
2292.03
2209.62
1496.36
2145.46
2116.43
2001.12
1847.92
2346.36
1910.49
2080.15
2314.54
2102.23
2284.89
2198.65
1835.47
1677.92
1986.95
2000.95
1539.82
3127.21
1490.5
1898.94
1778.48
1947.95
2085.05
2081.1
1816.87
2052.95
1629.3
1831.81
1866.51
2373.66
2265.8
2052.38
1998.21
1874.52
2086.16
1851.34
1869.31
1688.71
1807.31
1774.74
1605.36
2133.12
1999.68
1622.49
2286.57
2014.85
1874.16
2360.55
1796.02
2223.54
2636.3
1746.18
2328.38
1905.75
2343.9
1724.37
2201.48
2279.31
1762.69
2136.2
2323.53
1620.14
1942.28
1772.54
1967.9
3942.68
1718.08
1841.96
1876.71
1919.05
2370.01
1455.46
1750.29
2776.67
1931.84
1876.17
2066.69
2453.6
1658.3
1998.27
2121.63
1624.27
1863.22
2356.12
1483.83
1876.31
1614.02
1806.29
1710.91
1773.63
2403.44
2192.9
1674.16
2245.88
2250.77
2264.64
2101.32
1979.93
1717.94
2038.95
1946.52
1803.28
2142.51
2216.26
2105.23
3193.34
2226.9
2312.89
1957.34
1896.88
1446.12
1748.25
1592.6
2236.87
1787.52
1933.57
2337.14
1632.31
1777.73
1971.07
2866.37
2330.63
1668.44
1969.31
1910.74
2222.48
1797.67
1437.93
2134.88
1748.93
1975.35
1625.14
1943.96
1699.77
1745.26
2010.93
2402.22
1708.53
2277.93
2014.33
1818.09
2166.57
2452.44
1937.82
1870.33
2208.48
1771.23
1933.72
1789.95
1664.77
2055.99
2108.41
2019.54
1976.44
2431.25
1790.68
2154.36
1910.6
2188.27
1855.26
1886.84
2086.75
1904.49
1806.89
1943.7
1952.11
1717.46
2217.65
2292.51
1860.81
1786.3
1919.51
2109.81
1704.58
2031.27
3368.76
2031.89
2084.05
1869.04
1672.63
1759.89
1775.78
1941.23
1906.14
1767.96
2068.43
2190.26
2004.02
2327.78
2129.84
1968.9
1951.14
2254.71
1928.62
1730.59
2312.47
2237.62
2854.66
1989.2
2056.67
1982.79
2007.57
2049.24
2205.76
1934.54
1760.16
1723.42
1980.63
2134.92
1681.1
2455.17
1641.56
1808.69
1973.29
1925.25
2759.36
1830
1782.53
2240.42
1592.49
3273.12
1863.44
1829.35
1950.12
1917.28
1809.31
1640.6
1634.02
1900.6
1638.52
1761.9
1653.12
1819.17
1717.64
1803.86
2053.79
2209.53
2137.66
1933.04
2188.17
1732.21
1929.32
1879.92
1918.35
1796.2
2034.87
2044.63
1936.86
2480.57
1772.63
2186.66
1989.19
1687.71
1479.07
2119.66
2195.48
1667.86
1762.77
1930.84
2190.59
2128.69
2198.21
1548.9
1835.21
2071.36
2347.12
2578.59
1835.53
1732.19
1678.21
2030.33
1763.97
2497.22
2175.58
2448.52
1844.65
1709.18
3003.63
1908.01
2187.69
1920.18
2175.2
1971.43
1952.25
1607.16
2039.63
2183.01
2011.17
1881.98
2169.15
1609.98
2160.08
1928.03
2257.26
2033.55
1865.04
1714.62
1862.57
1875.51
1685.56
2088.08
1939.09
1873.29
1745.21
1699.13
2047.99
1820.1
2012.75
1975.78
4806.54
1857.25
1871.35
1758.86
1826.54
1747.11
2034.76
1651.24
2079.16
1925.35
2054.08
1934.41
1441.74
1742.52
2031.9
2177.69
1912.39
1772.45
1844.44
1801.5
1903.43
1914.61
1899.21
2993.92
2002.38
2048.6
1866.41
1925.66
1683.57
2263.19
2363.81
1811.2
1922.8
1983.63
2281.34
1595.34
1996.68
1876.81
1844.21
1974.44
2395.18
2409.27
1552.08
2331.31
1831.11
1541.95
1826.78
1802.17
2069.71
2111.01
1786.88
2159.92
1971.63
1985.15
1706.44
1736.76
2032.11
1907.82
1929.88
1878.2
1730.98
1717.55
2032.65
1618.17
1940.71
1630.14
2091.72
2046.41
1651.34
2272.95
1851.06
2088.44
1863.28
2228.46
1797.66
1884.1
1901.63
2304.91
1652.52
1546.41
1817.66
1604.35
1723.59
