543.173
664.047
422.862
479.807
453.08
754.547
489.232
264.487
396.273
797.745
405.41
402.049
592.461
474.368
496.599
392.321
284.147
597.133
460.471
459.824
361.572
289.744
398.601
489.673
442.533
278.723
375.706
362.624
413.178
424.448
522.396
467.586
452.407
439.349
331.924
597.782
374.37
328.16
1065.41
340.655
318.444
474.569
353.568
456.885
372.509
447.304
331.988
815.308
333.88
393.505
498.362
606.596
445.685
402.434
774.41
562.769
318.035
340.964
380.105
496.034
348.729
710.557
400.883
311.83
623.877
382.354
341.602
479.366
402.029
466.394
372.979
349.553
338.381
612.092
593.502
472.342
423.39
369.96
482.288
580.527
526.031
371.391
388.481
463.543
525.44
287.88
452.695
499.969
459.352
427.266
345.54
464.26
644.088
543.303
392.062
539.48
295.942
568.238
319.694
454.809
475.625
487.31
361.504
430.394
403.792
623.908
396.811
514.4
359.015
329.418
526.582
309.639
442.528
374.274
357.002
395.565
473.382
484.748
663.99
328.569
373.45
423.811
451.805
339.688
432.298
424.855
482.871
537.223
311.3
526.764
570.015
311.263
468.521
445.637
586.33
346.73
471.869
500.238
451.962
390.773
446.759
368.097
382.266
306.203
417.89
373.215
315.271
315.886
272.456
366.218
464.89
495.919
523.649
536.309
396.44
422.529
381.799
468.234
1011.09
551.677
351.185
548.366
462.473
579.351
337.344
453.315
644.258
458.787
299.959
414.688
394.669
324.689
541.546
386.109
382.173
491.689
353.282
301.306
653.559
451.622
521.084
484.604
335.549
291.44
549.408
494.662
387.229
389.671
410.459
315.919
488.101
528.935
492.832
502.631
295.841
434.807
552.987
354.193
446.637
333.553
519.79
388.259
462.502
545.968
356.194
369.234
374.076
331.987
353.426
353.461
396.63
354.669
354.774
528.907
293.879
333.558
511.171
475.563
408.629
510.154
438.979
723.033
331.208
390.3
459.052
347.756
388.181
543.52
378.649
409.645
557.871
412.299
568.009
683.19
540.562
392.069
390.801
390.877
418.825
390.519
504.728
457.415
797.396
494.366
484.41
446.554
412.342
425.168
337.232
401.656
347.958
433.967
321.357
413.53
333.923
370.317
515.308
516.688
512.007
520.243
332.297
408.338
462.065
439.839
313.54
470.281
522.64
362.804
354.841
505.952
335.102
386.177
470.787
616.519
419.465
349.357
357.644
358.513
468.872
569.118
453.526
524.88
282.173
597.225
374.368
528.59
477.645
361.561
307.605
433.775
538.015
301.909
370.344
631.868
378.117
428.617
364.571
448.488
245.547
596.006
545.935
376.725
311.944
360.012
339.606
445.59
352.52
481.393
372.288
434.163
692.601
609.039
489.406
313.24
346.969
555.006
561.672
350.218
370.518
528.748
405.6
541.477
373.65
544.199
706.428
331.768
399.943
394.871
389.649
416.512
548.02
436.348
410.077
670.934
398.162
418.001
781.364
347.66
820.146
406.357
403.594
352.43
361.142
417.181
447.45
578.709
448.914
534.584
530.442
397.929
378.228
617.531
562.231
520.843
452.574
367.638
430.828
497.059
352.874
321.253
442.061
302.372
400.828
504.053
476.881
318.875
341.981
388.46
516.384
331.539
375.416
631.935
612.169
594.345
345.993
419.748
342.441
601.551
364.724
359.365
384.798
527.015
440.993
298.131
516.031
564.27
458.941
338.181
355.71
420.869
453.636
558.128
313.606
514.75
338.576
360.526
419.203
362.966
366.206
585.586
492.685
338.107
312.391
417.064
519.212
485.64
344.606
477.401
367.53
447.908
468.251
361.672
343.071
332.201
453.954
379.23
648.804
415.214
473.957
304.546
501.336
512.323
446.547
464.383
347.159
346.058
472.552
495.951
372.97
446.829
544.194
384.63
354.752
444.204
466.969
573.826
500.329
508.262
331.313
365.87
341.773
575.645
361.91
363.387
465.748
343.067
348.633
361.363
379.626
362.317
513.004
316.076
401.63
319.312
283.684
450.19
439.116
380.838
450.776
452.987
356.544
364.717
375.604
347.959
425.239
403.605
413.037
484.281
575.809
522.052
414.972
520.503
338.801
504.456
477.233
341.686
339.196
526.574
323.745
335.87
447.765
467.138
333.553
482.343
512.531
839.977
504.641
806.934
340.742
356.407
398.859
468.882
385.238
364.13
379.233
355.693
468.799
596.999
354.126
361.472
483.432
573.913
487.086
396.117
485.703
445.2
457.83
367.747
324.113
511.133
354.033
339.01
400.113
435.741
574.685
454.654
262.81
433.011
524.146
692.541
556.782
372.385
522.122
386.887
392.734
549.943
366.975
465.459
512.741
385.776
509.816
353.911
417.751
543.79
416.119
625.885
731.735
541.779
340.267
332.686
564.196
303.211
479.629
367.234
445.654
394.779
490.476
512.321
384.005
372.133
302.994
821.444
690.099
506.012
553.644
563.771
400.624
558.93
461.418
356.575
490.22
458.559
514.351
451.344
537.837
391.442
522.608
517.334
317.346
621.498
397.584
369.332
492.005
576.915
467.052
316.133
380.355
383.237
477.639
466.318
274.405
358.799
414.873
456.879
379.05
349.776
721.489
559.315
433.822
378.836
495.445
458.741
474.027
500.542
511.764
577.475
454.339
515.461
350.51
481.876
217.853
472.328
469.27
561.54
414.039
453.96
236.838
434.407
342.379
293.846
352.677
405.3
393.042
464.064
322.627
397.87
556.91
351.076
456.248
502.12
330.306
360.794
624.57
379.348
349.535
359.8
502.719
386.449
421.702
349.467
414.843
523.702
372.575
362.19
330.447
571.317
557.127
436.526
477.837
434.869
410.355
493.085
539.141
667.207
436.366
334.322
445.693
428.53
353.145
352.187
318.022
542.172
373.725
295.608
505.539
315.505
406.494
360.395
392.732
345.54
281.814
354.351
411.602
344.164
614.249
509.399
451.762
285.615
312.308
353.197
291.225
473.771
369.45
312.193
482.385
466.743
385.673
438.091
316.002
507.717
489.858
464.96
522.519
283.16
394.281
468.727
747.745
514.082
486.912
314.097
547.594
301.217
353.512
413.125
356.719
339.087
433.491
395.166
529.117
411.517
485.245
361.312
547.961
494.041
571.711
537.17
472.378
568.598
611.205
379.247
303.691
326.438
357.862
492.372
788.964
447.914
329.826
325.085
619.282
303.683
493.375
352.816
528.414
469.935
381.3
480.781
302.055
431.4
392.735
472.714
524.297
338.057
427.477
508.843
438.241
499.175
360.534
833.262
554.491
470.194
564.06
490.165
559.156
365.976
733.043
416.257
471.029
344.452
502.503
401.107
370.653
314.025
482.669
343.501
307.138
292.23
364.149
492.194
298.68
471.653
414.985
332.155
337.487
368.21
372.822
569.802
363.706
571.436
334.113
424.884
514.055
535.529
349.222
395.574
328.042
597.573
476.43
633.984
281.032
467.587
401.308
543.703
480.387
333.021
550.909
595.44
347.88
381.546
493.677
513.655
468.579
458.822
347.822
362.501
499.422
312.654
344.065
621.803
364.838
418.219
354.685
658.808
657.493
482.073
399.978
399.241
386.761
346.326
321.165
413.012
466.993
295.882
532.108
348.294
432.172
350.59
476.086
355.984
376.011
720.132
411.277
468.867
360.812
370.07
380.898
375.901
363.297
954.409
408.217
437.34
481.724
432.956
384.913
512.144
472.165
470.276
360.291
485.585
327.736
453.401
491.132
479.396
381.775
253.341
466.878
477.33
497.647
457.14
317.983
460.54
743.325
483.177
522.72
493.996
318.896
274.655
351.183
560.886
345.566
461.048
429.572
273.25
662.706
392.888
478.537
453.39
312.42
507.414
384.752
447.935
522.724
369.191
464.669
391.289
439.293
375.704
317.536
577.041
342.8
358.477
710.23
674.702
328.812
476.31
332.105
517.304
369.771
519.725
329.728
558.166
447.355
537.052
456.792
588.729
567.988
351.004
378.402
559.419
372.071
517.923
624.914
604.854
531.028
477.795
458.548
668.555
309.544
360.65
478.382
369.528
426.563
508.981
280.419
299.268
499.705
369.186
304.091
480.941
380.784
370.181
331.629
394.364
569.771
503.475
353.811
355.964
441.589
329.06
419.153
391.17
571.847
550.915
590.574
343.167
361.044
542.816
352.357
534.497
424.833
290.421
372.245
519.641
464.829
516.221
662.361
451.247
375.201
582.798
397.147
442.041
379.771
525.04
331.959
341.172
557.042
365.636
472.364
459.295
602.637
357.63
444.806
619.954
353.829
635.894
351.239
508.418
480.599
302.663
249.449
421.559
446.756
564.23
285.619
383.797
390.498
351.719
350.003
507.923
419.346
381.988
331.824
473.837
356.555
604.303
514.152
449.946
317.028
548.609
314.643
344.464
333.554
417.383
614.882
522.235
535.413
348.122
475.828
350.336
439.352
466.048
454.128
291.67
350.825
374.996
392.499
481.157
554.058
426.185
316.696
372.91
553.433
500.522
438.67
466.278
366.426
474.337
469.213
335.87
296.386
438.887
480.849
494.215
580.274
326.892
328.255
361.982
494.472
372.711
405.464
432.569
707.341
296.731
484.646
357.389
427.622
449.892
481.881
332.534
465.362
521.305
652.42
348.759
491.86
496.326
375.187
441.876
389.539
514.309
408.303
591.645
533.259
537.042
413.292
457.103
406.781
259.043
534.228
331.663
584.459
296.878
488.346
377.249
507.92
382.2
411.825
354.955
374.789
460.148
326.174
436.774
353.97
452.415
384.911
360.902
300.107
459.763
499.696
432.684
302.205
330.743
432.665
973.669
517.234
549.748
533.833
456.504
521.868
580.489
330.409
344.816
451.084
488.615
384.905
416.47
406.985
373.484
420.765
365.69
561.248
461.07
304.044
560.351
483.134
290.505
386.422
662.884
514.978
404.548
522.96
477.142
525.884
472.729
547.961
350.017
393.907
332.729
377.949
531.066
687.214
378.047
429.95
439.225
453.821
552.882
514.111
556.695
471.658
603.791
454.458
344.57
363.427
332.426
386.478
444.708
631.873
490.039
402.992
307.858
335.285
527.883
406.859
559.342
305.967
456.692
399.298
308.203
550.51
876.982
374.372
476.201
451.045
475.822
355.632
638.331
338.087
382.2
349.08
487.043
396.177
462.182
555.632
294.494
655.969
484.868
609.25
413.95
497.688
830.914
375.06
422.559
538.762
417.706
364.539
706.255
401.861
511.295
343.066
502.094
461.326
562.215
367.055
499.87
506.645
318.76
430.042
330.111
413.408
369.06
433.085
353.237
479.243
516.551
532.988
383.703
404.873
390.661
561.973
482.561
317.308
349.011
336.465
459.166
717.386
389.854
412.736
488.147
559.105
337.832
362.728
459.931
595.01
457.24
391.137
438.105
521.328
374.172
481.365
361.505
426.072
365.586
379.43
356.338
437.378
554.151
373.694
433.829
276.348
264.007
443.874
773.009
434.857
426.631
403.257
262.472
502.871
504.094
481.508
418.588
331.221
567.275
532.279
524.962
410.153
473.286
421.477
411.326
326.48
337.599
449.424
325.453
904.008
747.89
397.965
602.103
318.614
293.957
331.165
260.079
407.304
371.591
447.22
304.363
334.88
536.311
454.307
421.087
487.88
413.976
363.607
603.94
361.994
430.193
522.178
471.744
355.061
388.989
481.572
489.058
376.499
489.63
525.181
385.083
362.303
454.993
338.69
704.283
397.403
455.808
351.438
497.933
330.332
293.1
573.009
390.559
375.193
383.537
495.281
557.01
499.913
458.6
474.348
537.98
541.203
533.75
405.387
280.765
321.292
422.735
507.698
490.26
418.842
303.533
482.08
548.653
533.838
376.032
481.111
361.105
398.628
405.255
362.188
462.216
580.185
270.776
375.075
353.344
606.222
473.297
344.764
488.049
534.281
503.98
355.122
233.765
456.173
330.761
569.829
346.268
527.898
411.52
469.464
341.927
509.109
331.894
400.733
282.388
933.994
496.845
339.751
519.758
375.687
290.308
465.014
413.808
479.118
460.055
463.566
350.238
408.706
349.158
430.36
311.14
500.984
518.113
323.809
496.869
274.624
535.46
607.284
331.602
404.407
776.14
508.385
491.381
336.892
512.08
473.69
479.022
381.591
676.347
472.707
539.567
473.225
487.649
563.106
282.71
514.336
332.17
509.532
400.368
506.99
392.009
463.373
371.051
332.726
388.658
519.918
478.365
318.876
581.073
282.941
445.094
545.634
369.245
597.006
557.007
499.96
367.512
313.788
461.605
301.474
639.279
395.891
340.213
526.868
498.85
386.252
532.539
423.397
418.863
355.739
442.672
395.585
446.684
367.892
510.592
480.558
373.157
384.725
484.979
327.816
341.884
374.135
336.135
398.281
516.088
435.442
468.85
369.792
300.215
332.559
309.447
333.403
335.533
391.765
344.204
402.641
335.045
406.998
449.181
372.187
431.104
475.967
493.213
358.111
367.449
366.538
476.345
352.383
339.193
359.737
372.967
340.223
504.113
476.386
381.948
335.672
434.338
561.62
811.215
559.927
287.842
511.171
329.785
405.243
304.055
458.717
404.28
517.439
487.296
474.154
493.633
513.183
400.985
520.837
572.437
449.635
359.574
346.931
326.232
601.815
394.87
409.358
1065.2
459.338
452.4
571.118
335.919
739.847
536.004
461.684
350.074
511.646
284.755
312.914
519.057
526.745
338.872
378.262
586.923
348.637
829.327
395.935
358.059
451.42
321.366
297.051
342.281
500.904
414.404
612.983
455.556
456.861
320.698
322.072
487.915
331.176
488.283
338.834
350.153
501.671
555.782
314.996
492.736
504.718
457.77
488.161
447.896
536.242
417.948
377.413
518.169
406.413
664.08
554.44
404.321
566.494
452.299
378.486
389.36
554.844
468.906
472.804
461.287
316.659
361.608
401.211
552.103
456.49
323.209
625.564
685.688
558.459
796.219
366.988
597.683
445.84
506.601
437.042
485.655
317.329
380.714
449.652
498.217
537.387
320.07
461.643
399.509
476.892
507.275
447.148
265.724
510.361
380.125
385.444
640.547
545.037
438.732
524.225
555.776
429.719
386.531
470.118
467.962
238.684
534.074
456.63
466.368
369.726
464.02
510.133
482.166
410.436
304.415
440.494
601.05
419.357
299.999
298.804
331.758
518.596
421.296
330.935
603.977
264.515
614.511
383.152
330.237
327.379
522.534
320.122
565.921
491.037
394.244
518.632
366.357
352.623
535.723
690.073
364.16
588.62
527.267
522.201
489.349
352.661
435.48
626.359
495.303
311.984
421.179
561.52
380.583
348.46
449.751
564.074
322.671
467.63
518.208
331.048
580.119
516.514
417.613
525.646
443.119
537.32
673.057
479.822
519.002
532.531
506.441
417.278
492.59
362.219
361.578
395.574
341.423
292.361
478.98
461.479
336.994
543.051
437.499
502.772
399.761
477.487
511.29
510.71
535.9
512.37
493.901
460.102
327.28
502.065
408.363
386.907
339.787
351.057
306.121
471.188
538.271
479.726
529.35
502.464
368.809
461.119
383.791
526.127
476.373
426.526
462.07
596.863
1011.98
303.179
418.577
432.693
464.284
354.792
362.703
508.811
542.309
498.661
331.801
341.926
408.107
456.332
460.507
492.86
442.89
341.004
363.326
494.641
319.737
510.496
356.139
623.403
342.499
490.216
377.591
342.298
312.598
500.431
368.479
488.785
447.287
346.244
433.289
339.514
465.593
450.271
442.218
445.18
462.555
409.64
346.315
528.078
343.386
505.132
353.388
489.739
523.454
360.995
393.139
523.464
406.674
457.76
371.113
440.777
322.56
554.752
460.504
371.903
306.761
447.655
472.622
358.827
531.194
393.897
745.603
365.085
332.195
350.736
674.028
539.103
551.627
424.614
523.811
501.474
476.176
491.258
492.639
381.939
454.492
302.109
537.69
511.943
480.726
490.759
640.935
506.932
485.728
774.199
320.704
336.845
342.155
510.65
372.012
539.039
354.103
534.954
411.941
286.552
482.648
292.31
377.18
504.478
347.415
866.873
535.162
398.785
309.518
397.891
382.01
689.334
366.083
472.446
529.019
388.763
475.32
383.809
487.55
373.186
405.592
360.367
345.864
336.456
494.543
370.936
462.996
366.277
461.77
469.105
490.294
501.01
374.934
541.315
377.335
529.681
653.448
424.22
472.697
588.064
480.338
493.822
510.053
500.087
514.406
407.349
326.464
514.683
498.75
447.998
494.039
371.486
322.15
816.897
462.678
347.235
483.131
456.515
476.382
576.961
350.086
433.806
550.558
308.511
533.927
396.318
387.302
328.08
490.141
314.799
457.036
348.071
463.09
375.326
531.027
405.077
515.549
534.651
443.19
392.621
518.846
407.783
421.17
290.381
370.024
368.056
516.749
475.845
313.295
560.3
397.064
501.582
419.216
355.612
337.974
421.682
381.628
391.981
492.593
528.034
536.932
402.224
325.035
567.133
297.282
386.686
389.768
329.777
474.287
548.908
393.521
399.835
330.313
407.943
347.388
333.846
407.92
497.455
491.613
417.167
465.314
520.742
712.91
331.662
456.964
366.354
340.774
366.515
507.893
388.906
397.925
303.422
755.951
450.578
522.002
390.815
569.038
430.375
469.48
488.719
428.742
369.906
504.414
927.214
459.43
369.586
510.036
379.279
375.842
390.011
438.297
370.011
317.925
422.315
348.043
353.149
423.985
362.296
527.961
392.356
364.044
414.877
334.59
310.06
403.658
372.211
334.877
420.276
429.338
459.801
448.35
543.011
660.889
899.401
294.187
716.556
342.969
457.511
545.782
297.164
354.407
415.622
494.048
465.707
328.565
414.243
452.704
373.223
515.238
456.724
447.93
400.5
497.348
332.865
384.15
496.158
318.476
664.711
546.789
401.005
336.367
357.097
469.156
357.621
543.226
507.223
318.122
463.572
554.343
399.248
536.937
506.659
343.418
582.751
559.221
375.102
384.848
480.617
285.363
594.42
467.571
344.959
344.078
374.218
392.089
330.234
377.626
550.631
331.332
846.7
336.576
584.013
522.1
438.126
371.354
296.672
457.868
444.043
491.169
353.168
794.749
363.139
435.697
503.078
914.203
485.367
375.373
469.717
369.597
557.04
496.003
451.074
577.743
419.922
283.364
409.859
490.348
483.353
468.007
528.199
513.588
317.184
457.127
643.818
374.224
574.497
461.852
554.316
460.12
358.634
378.5
356.027
304.143
308.811
535.887
359.51
384.27
383.522
503.714
394.338
311.305
421.793
530.899
454.883
365.028
336.982
571.213
483.347
438.083
360.361
512.386
337.467
544.095
483.51
279.691
351.075
602.143
523.857
308.39
609.837
513.311
823.09
514.496
362.28
444.269
398.353
337.852
628.651
460.973
373.917
449.976
380.952
558.639
306.331
343.15
348.097
360.814
528.693
463.33
468.737
409.228
531.069
494.784
348.899
388.893
370.864
500.557
327.661
382.12
531.843
365.572
491.116
405.598
600.963
471.163
359.152
371.922
479.55
376.731
387.111
298.976
634.091
343.675
589.944
366.984
353.138
623.425
631.187
335.507
542.82
408.033
446.402
501.714
393.15
453.868
349.062
349.585
327.934
360.689
520.289
479.984
416.221
531.394
395.138
557.028
348.91
317.923
490.192
654.583
355.345
594.192
370.083
453.955
718.753
511.233
501.945
417.87
340.938
420.117
381.792
428.091
487.543
515.026
611.348
384.005
388.58
334.54
487.625
500.358
427.102
357.597
378.593
662.19
351.564
378.857
481.799
473.922
372.465
347.126
371.611
332.795
331.607
431.226
421.378
496.077
519.776
340.033
349.73
468.986
438.027
315.677
518.874
516.191
601.629
420.991
522.181
344.352
420.502
516.59
520.477
455.536
394.197
416.812
380.68
459.855
573.104
533.312
368.459
343.457
323.78
391.468
473.421
405.076
490.671
368.902
708.194
303.309
727.74
383.246
518.915
452.245
541.981
392.495
282.38
442.974
397.515
494.354
814.586
488.547
459.89
382.708
449.195
397.348
451.369
473.372
445.95
650.802
612.935
339.881
480.12
359.055
347.385
447.088
365.701
356.532
487.464
320.741
567.947
525.914
461.317
287.999
478.241
375.253
363.659
353.965
492.044
323.868
498.108
514.196
428.236
522.406
444.873
492.008
815.087
479.999
347.536
349.901
456.852
369.405
389.068
352.709
342.916
367.72
392.767
439.991
443.139
614.523
386.072
572.311
360.921
545.164
414.322
390.905
471.091
517.838
609.738
336.426
541.961
376.312
468.378
500.227
458.034
494.561
869.166
306.489
636.963
473.256
460.562
477.539
467.316
541.91
385.701
467.544
381.253
485.095
433.107
500.855
479.318
395.466
325.023
509.03
385.874
383.292
508.159
392.162
332.015
335.978
635.045
408.281
359.684
522.991
356.43
418.912
471.158
551.948
321.806
685.837
322.796
348.517
296.767
351.041
353.856
481.036
348.238
343.667
457.063
522.959
353.673
478.997
374.732
444.695
457.342
419.841
327.959
524.625
515.764
407.088
375.798
507.777
397.906
372.966
428.636
433.023
515.743
403.489
408.274
466.669
299.633
517.611
459.33
499.837
461.159
498.544
496.464
421.503
324.359
425.489
447.031
467.322
447.647
417.464
467.216
500.801
321.28
423.293
327.775
375.218
439.86
368.054
359.412
393.213
396.19
413.027
388.356
473.806
485.717
302.468
314.57
506.321
393.445
356.776
471.474
373.704
328.42
461.522
361.723
352.543
366.293
588.681
504.767
518.059
719.565
616.426
448.593
564.726
419.848
502.737
462.75
542.288
320.168
518.067
476.508
506.255
347.635
417.957
389.313
363.191
401.448
457.743
288.556
513.33
337.717
462.183
490.574
512.374
509.137
586.451
442.413
496.646
470.268
413.644
410.886
621.799
468.102
403.891
320.029
415.658
508.205
357.799
404.624
518.044
391.142
475.005
350.838
521.55
549.507
394.181
594.508
389.141
353.445
314.547
316.09
326.739
362.378
509.824
462.317
409.217
522.392
368.616
387.217
411.405
444.967
301.063
314.774
373.193
280.577
691.228
495.311
341.344
261.007
535.866
455.5
476.464
459.46
405.807
478.641
589.595
303.175
325.207
352.378
498.518
368.184
302.03
313.26
436.59
401.599
496.52
358.444
409.973
374.747
464.024
376.263
379.064
481.006
440.761
457.693
319.297
375.887
544.091
378.811
349.689
524.435
346.11
306.98
557.828
419.805
388.171
336.157
420.326
479.588
494.598
502.777
421.172
386.141
305.621
378.386
392.697
345.869
528.466
868.533
358.495
370.629
438.613
371.237
368.416
366.148
566.298
287.185
444.89
461.856
338.834
296.945
549.338
393.645
346.158
484.227
490.478
427.407
458.163
528.653
548.885
365.612
321.301
498.679
304.232
382.394
417.224
547.856
278.436
530.071
574.016
393.905
314.709
720.862
466.62
488.784
582.183
426.836
520.925
460.635
493.544
368.731
507.513
306.633
395.771
448.225
358.859
473.961
563.95
500.586
521.61
509.11
327.082
370.558
520.238
548.874
511.99
343.18
341.435
512.442
378.679
487.278
498.454
519.487
522.147
337.367
581.954
334.646
309.899
549.463
477.924
419.47
306.99
306.645
472.676
360.596
350.108
473.175
328.833
407.681
366.078
406.439
478.323
506.978
219.213
340.249
395.423
365.454
382.784
339.939
345.083
308.597
670.269
446.858
487.98
401.464
542
458.118
362.484
546.952
398.322
491.754
549.258
574.703
418.603
513.367
300.574
379.835
348.779
393.16
368.15
567.103
566.86
315.621
442.142
481.944
417.558
464.703
299.025
377.252
387.565
330.099
477.197
368.986
369.328
516.622
571.743
490.189
335.035
639.51
448.862
328.927
394.176
383.142
455.157
317.771
231.501
479.101
365.153
347.096
419.965
370.025
467.582
499.862
405.574
472.322
477.863
377.925
293.275
347.15
396.101
405.762
350.989
319.638
334.92
810.256
386.957
356.359
454.928
358.532
364.764
387.597
373.771
524.706
443.448
495.098
417.654
353.792
468.321
372.267
584.391
351.326
515.427
548.946
576.355
406.619
388.852
525.027
508.982
345.823
369.174
497.613
529.056
345.449
327.996
323.687
514.941
527.305
353.665
450.666
375.374
404.747
503.199
307.522
491.432
331.018
517.792
352.583
686.58
450.924
458.628
358.628
413.399
339.412
265.405
486.012
656.018
396.04
338.896
895.46
360.074
422.39
374.231
467.179
386.606
486.324
455.923
414.511
372.326
426.925
395.624
563.636
350.885
393.356
475.588
292.306
376.201
416.3
519.283
617.853
610.677
388.899
677.32
485.888
404.94
376.456
418.886
445.61
490.984
488.916
455.286
445.414
584.279
438.4
507.678
414.463
344.268
554.627
531.227
430.955
351.898
454.5
500.315
360.377
467.316
348.746
367.853
585.097
338.004
319.519
354.888
570.644
577.026
336.711
381.394
430.605
521.97
269.959
438.249
362.685
422.307
379.311
381.044
367.087
342.9
383.735
362.316
470.09
331.715
580.311
617.582
495.876
458.249
464.96
469.699
508.587
322.269
387.887
451.582
483.646
419.585
302.033
487.726
355.305
339.5
550.191
420.412
544.237
480.908
522.103
533.98
730.901
355.245
380.791
430.843
408.998
354.115
494.487
397.9
808.646
514.156
390.324
514.785
364.918
365.611
539.608
315.039
627.699
464.491
422.214
407.94
424.902
598.703
559.922
513.639
307.327
347.658
754.5
371.348
414.134
521.321
530.729
467.049
362.266
654.475
500.015
471.422
413.733
516.816
334.003
387.028
396.994
406.486
349.53
448.272
487.833
374.66
757.769
450.844
615.074
323.527
350.205
325.138
496.409
605.58
603.713
429.467
546.047
617.252
560.636
312.581
342.427
393.951
376.999
500.593
316.893
538
429.532
592.394
379.815
522.931
433.585
401.571
629.495
453.029
381.394
270.519
463.87
400.226
619.067
344.057
422.635
380.067
472.268
470.214
459.786
331.866
436.696
538.078
348.364
494.669
268.73
497.733
358.502
406.576
396.834
645.196
364.607
508.973
571.339
560.611
460.682
353.414
270.064
351.506
400.834
589.975
426.643
638.725
354.528
345.253
588.007
470.339
468.105
621.606
450.741
409.713
338.619
609.232
352.142
357.732
353.841
470.417
378.576
366.476
359.428
357.604
492.012
366.041
466.006
326.747
372.003
323.237
345.42
383.108
329.475
511.887
348.256
406.31
441.658
409.327
590.471
517.637
393.549
395.898
296.344
348.499
494.053
549.301
341.926
486.489
499.772
563.073
298.709
419.814
935.423
389.558
395.648
395.218
300.975
497.287
453.342
357.283
404.684
489.177
328.978
237.248
468.304
336.635
679.02
626.222
323.174
265.845
534.412
547.017
436.144
489
360.944
412.687
356.11
432.31
345.771
286.502
556.238
338.738
346.186
398.347
309.662
380.676
503.688
507.303
418.33
319.402
380.372
572.006
359.703
419.758
439.125
385.07
562.951
394.33
366.771
473.685
477.993
308.221
377.107
533.588
473.348
627.944
353.892
361.806
527.104
350.152
429.823
304.089
394.767
546.727
491.57
602.199
416.005
376.14
454.872
444.568
361.965
448.038
479.589
536.64
314.942
415.698
361.762
493.408
477.821
416.775
508.821
319.488
567.777
550.27
343.34
605.541
500.581
716.203
533.885
480.434
372.409
377.407
443.946
291.965
402.678
452.497
494.933
487.565
362.307
337.169
870.623
333.456
447.353
403.638
340.948
535.451
348.644
395.174
461.407
355.023
529.383
370.122
492.045
474.89
305.342
607.712
341.333
492.262
301.001
381.408
310.927
711.402
418.684
398.596
356.509
411.623
345.417
370.277
386.877
335.802
486.981
343.893
376.27
491.781
469.951
310.772
327.999
407.087
462.41
558.62
417.171
433.25
513.119
500.334
317.378
524.041
534.088
446.469
510.762
440.633
369.696
435.309
367.335
397.729
430.778
388.086
609.863
645.242
780.402
348.345
355.948
489.231
312.408
427.786
511.729
398.025
449.394
486.02
848.582
399.097
362.688
323.17
315.996
519.463
351.361
345.466
359.316
502.585
355.311
340.129
485.517
634.509
524.818
527.501
413.779
372.566
585.508
362.628
431.856
359.61
305.084
369.968
581.68
426.968
377.272
413.763
291.567
320.687
334.564
576.855
415.901
390.823
328.77
639.38
410.71
319.772
375.192
343.799
327.82
492.453
458.19
440.783
288.957
332.741
437.171
535.748
435.662
357.254
356.149
417.148
452.862
746.681
520.021
290.706
442.628
378.861
399.789
475.782
490.724
302.055
368.023
328.467
332.574
343.071
411.221
480.832
382.104
488.628
485.877
428.172
486.297
404.598
451.46
311.349
362.958
473.385
479.125
657.199
392.014
392.184
256.161
339.951
344.229
479.361
505.791
360.493
544.294
491.528
507.754
508.804
404.431
530.346
525.434
392.657
380.27
332.134
431.362
543.45
477.013
494.903
325.058
372.338
375.389
460.059
276.928
505.497
326.92
534.87
546.402
445.06
403.384
295.668
292.171
482.889
480.299
296.117
551.082
323.448
428.234
501.328
493.915
568.908
363.833
330.915
502.552
440.347
391.29
516.27
594.255
502.459
303.5
506.373
346.689
588.262
260.715
299.163
498.693
437.718
460.048
495.745
272.108
543.188
274.614
545.824
531.113
356.254
303.356
828.276
505.518
472.582
475.699
386.476
363.224
332.654
318.585
505.435
425.916
532.874
395.965
376.077
431.728
336.936
458.882
384.825
377.373
356.295
348.887
530.162
357.722
501.254
347.419
339.886
492.578
610.069
508.56
331.106
378.124
541.104
411.37
490.221
340.658
449.09
418.7
401.242
605.763
347.3
463.308
529.571
1035.71
502.359
522.457
844.781
330.89
485.049
350.304
502.26
481.812
539.075
485.761
340.494
352.267
513.936
395.063
344.849
506.059
547.219
603.365
439.12
517.724
388.223
360.465
561.976
373.547
474.751
650.313
325.594
499.706
349.682
356.209
347.346
580.96
438.096
380.763
508.611
515.826
290.411
329.862
332.553
427.064
385.625
315.854
373.338
554.804
417.71
414.798
349.195
559.129
388.281
367.633
375.611
457.282
552.556
344.637
441.042
567.206
486.634
478.265
397.156
390.867
392.485
324.436
606.295
507.001
558.437
556.694
438.732
531.819
537.876
768.673
495.503
533.049
388.669
368.48
405.16
385.997
300.26
409.175
313.928
346.014
487.297
491.681
488.307
370.991
288.286
385.374
540.387
398.358
378.182
447.791
413.584
512.564
406.3
649.849
326.919
371.303
492.913
577.798
298.752
682.375
347.024
674.102
653.358
294.601
340.171
324.426
379.7
392.866
439.89
375.384
551.421
437.286
489.314
377.986
408.642
343.623
386.51
535.15
353.126
363.847
402.283
486.004
516.57
492.21
478.707
316.125
721.418
403.068
435.505
332.862
525.722
440.246
484.175
338.383
333.655
335.732
462.02
363.716
532.059
377.512
530.154
418.173
585.968
485.263
393.215
462.211
407.158
630.628
393.305
303.232
488.146
508.783
314.289
503.904
409.873
375.884
415.713
400.368
356.283
413.221
381.09
502.174
492.465
396.171
336.749
348.539
447.681
533.949
411.688
532.616
456.174
310.748
327.469
369.613
456.56
462.461
349.896
558.828
540.607
459.957
412.596
364.124
473.884
544.96
459.321
315.43
515.159
563.918
523.624
444.151
491.764
336.741
471.942
351.486
475.709
354.026
395.753
481.665
466.204
480.871
467.014
453.281
538.545
523.639
440.871
356.18
568.675
491.187
353.092
375.333
544.063
385.725
404.051
328.714
494.423
354.649
490.513
509.525
421.909
361.926
350.665
470.252
489.284
470.472
553.893
491.901
482.507
508.709
393.238
365.173
365.054
291.195
368.032
479.485
414.451
284.387
355.312
328.811
451.562
359.518
498.056
320.412
426.404
360.164
479.088
329.799
936.39
481.505
393.477
466.836
366.875
475.949
437.668
303.232
526.474
334.359
408.534
533.768
328.526
1049.48
358.771
472.807
363.067
430.987
391.838
451.569
360.457
351.482
374.36
497.771
324.986
343.681
526.062
315.149
353.294
312.104
315.444
294.149
465.407
326.336
554.84
322.574
249.606
370.276
440.86
469.978
424.722
419.873
571.788
312.464
361.529
330.968
272.928
508.891
300.43
537.682
336.32
356.493
529.423
399.156
481.24
386.046
347.644
479.235
471.847
312.68
388.714
923.868
472.235
463.145
501.04
636.844
596.213
477.885
387.356
414.402
474.687
522.879
502.653
360.164
419.52
433.326
381.921
423.994
486.276
663.693
299.919
313.411
388.98
541.088
510.497
604.004
411.924
325.687
482.044
322.128
347.603
481.808
443.27
312.138
339.514
459
574.44
379.203
436.73
383.898
389.902
414.84
478.792
772.148
359.76
398.947
473.041
539.771
250.363
349.086
320.68
346.949
479.271
535.336
540.545
311.757
651.608
475.585
424.931
373.611
575.11
552.807
357.708
611.664
472.869
517.892
534.476
313.554
551.183
396.944
436.569
444.604
498.544
342.328
643.611
255.685
500.203
347.952
291.397
372.863
772.265
477.774
395.727
336.026
338.769
318.78
505.505
662.661
547.193
562.87
339.621
329.512
357.505
818.509
529.481
326.368
369.521
311.078
355.024
262.17
331.246
366.903
694.599
434.841
405.391
343.483
530.822
349.165
381.256
436.989
333.104
368.628
430.567
270.946
464.59
511.785
479.185
377.606
350.293
330.096
510.847
373.872
496.413
375.373
382.14
531.85
375.903
478.897
528.645
551.816
334.456
564.818
311.602
325.201
569.963
463.244
381.744
500.067
520.698
425.775
309.295
493.511
483.513
488.341
548.557
346.778
278.249
609.133
518.829
851.313
470.63
440.56
356.89
501.069
454.618
379.467
306.754
446.072
356.139
366.252
568.595
521.611
431.032
594.889
420.918
519.812
508.435
509.7
494.322
358.188
616.834
672.134
429.069
321.701
403.39
341.995
607.382
398.034
484.68
544.194
323.079
352.967
305.954
355.303
332.936
302.685
535.777
538.55
362.042
451.257
890.41
466.958
395.926
546.408
489.258
355.733
468.098
370.799
588.417
509.193
607.049
539.849
320.44
458.402
363.864
316.12
462.387
336.848
468.81
351.92
424.486
494.797
528.503
529.108
569.212
688.961
423.418
607.149
369.588
321.801
471.223
359.808
481.153
348.678
310.799
555.53
511.807
514.639
362.507
315.835
692.311
402.224
618.821
341.612
383.94
326.533
344.059
463.439
522.284
485.973
336.156
341.914
415.598
650.329
297.686
457.06
419.604
511.977
367.256
491.426
484.621
319.074
320.066
633.776
336.029
544.86
404.422
469.293
275.748
379.142
324.154
562.53
511.605
504.855
501.02
388.468
319.36
352.692
256.267
846.143
349.945
392.228
396.455
334.105
326.375
431.97
384.455
366.21
777.866
407.858
402.557
300.211
515.15
326.655
300.087
374.458
427.513
512.075
390.234
343.974
403.356
307.441
612.701
454.389
387.178
350.169
560.888
590.123
371.901
477.052
359.778
496.935
495.472
491.683
413.039
488.498
339.583
350.106
403.254
428.192
544.802
513.373
795.523
487.157
547.445
464.531
578.725
353.172
428.699
392.168
289.689
284.968
326.823
393.95
458.329
512.777
352.656
436.184
415.243
796.309
542.544
443.628
464.531
411.647
445.443
543.353
467.671
352.631
343.461
507.682
345.781
334.831
390.867
358.632
391.372
450.255
384.604
501.12
407.931
475.165
464.7
515.797
549.651
455.791
313.927
534.803
417.747
535.257
338.649
343.397
355.986
474.883
492.766
575.373
741.919
337.255
376.246
562.894
508.965
471.032
453.291
453.152
429.446
400.758
367.086
399.648
318.008
429.261
305.258
512.624
392.272
476.233
455.517
661.248
356.756
552.067
328.881
447.599
334.757
357.072
382.574
606.978
285.965
572.132
308.076
437.646
338.011
469.903
540.955
348.652
544.926
375.948
318.982
329.502
433.963
385.883
350.632
385.479
340.763
403.877
510.81
392.641
483.182
478.035
356.094
462.126
515.41
348.195
347.533
322.958
352.746
334.452
479.215
367.478
472.298
485.34
422.39
401.371
525.457
655.608
405.082
364.632
452.3
409.935
447.112
356.235
372.627
506.986
436.14
397.122
413.245
389.009
489.744
470.299
539.608
520.317
442.922
500.664
504.351
634.189
344.973
398.603
406.288
468.655
380.083
446.854
291.184
467.551
607.963
477.659
373.523
416.764
422.83
493.206
331.023
388.414
425.263
303.89
553.217
557.554
496.88
492.833
527.703
498.108
470.644
458.131
495.107
566.868
368.151
339.217
303.876
698.543
327.293
476.051
300.851
366.605
791.494
462.1
339.991
626.822
363.227
537.138
601.968
478.436
429.884
376.896
498.366
513.639
456.754
269.446
518.499
324.802
320.92
550.606
429.643
318.543
573.412
354.217
314.591
852.673
500.926
424.308
412.86
460.206
357.221
336.503
482.686
483.718
320.608
589.116
400.366
513.26
543.461
345.176
339.68
267.667
403.968
455.158
328.599
685.244
328.962
433.479
405.893
338.745
449.049
502.802
345.202
416.34
496.377
309.325
513.667
577.246
583.008
431.756
543.935
371.737
319.37
318.36
651.397
343.772
401.093
518.658
328.547
460.681
565.895
466.224
679.987
491.938
585.852
399.165
520.891
364.625
344.256
409.304
506.38
362.853
489.795
505.853
479.552
369.783
497.055
467.716
353.251
379.732
421.97
447.831
320.283
441.388
884.378
429.485
464.869
697.281
381.806
392.681
337.292
415.424
474.749
375.926
421.154
419.574
454.089
392.718
297.836
377.942
295.903
368.784
334.308
546.633
951.003
480.426
562.276
471.186
401.606
340.354
499.12
544.289
507.25
411.033
351.727
427.271
376.56
634.48
431.887
468.362
478.863
481.979
617.366
494.261
422.464
674.314
346.276
334.348
318.201
479.733
316.18
446.723
327.378
631.856
516.216
372.976
383.084
313.908
501.956
341.012
294.584
430.951
534.852
381.592
369.416
477.454
290.059
463.748
384.732
677.996
610.704
314.365
402.513
421.311
334.575
444.777
296.74
511.228
353.322
788.123
517.487
484.926
452.299
550.352
530.827
346.684
857.605
494.457
506.011
444.913
357.502
472.393
355.003
403.379
519.881
382.902
582.493
338.207
526.927
314.091
338.276
477.108
423.626
296.229
333.189
401.331
411.025
369.572
470.244
538.207
622.16
545.747
454.137
679.422
284.291
414.76
737.784
459.226
454.633
496.66
485.253
313.334
536.789
543.866
648.644
293.286
491.688
737.613
387.795
407.207
221.934
467.273
432.967
322.259
656.538
513.846
610.407
709.545
367.506
336.633
665.33
435.117
315.829
473.275
387.322
385.386
500.487
446.492
420.3
354.113
504.357
356.42
595.995
352.006
376.421
406.365
327.912
492.163
570.897
485.81
373.532
347.282
332.62
504.44
328.849
498.966
549.009
356.536
303.074
365.154
519.695
401.199
447.04
399.458
494.834
334.049
348.255
441.611
433.347
617.789
240.24
540.784
380.725
302.676
302.052
356.231
407.982
403.705
520.212
411.38
363.142
432.316
813.021
341.07
427.014
379.778
411.188
405.241
402.435
441.248
476.627
458.113
368.357
385.705
414.723
565.353
404.747
389.707
399.523
372.501
359.003
366.804
360.926
502.473
556.92
393.388
507.987
407.289
411.283
507.54
597.967
621.417
462.725
412.74
652.376
452.415
355.476
352.509
503.353
378.685
325.817
350.619
401.769
434.954
255.942
380.321
325.617
789.123
342.2
278.101
377.539
367.57
329.419
508.582
386.223
333.269
532.425
385.751
234.057
487.382
347.586
391.33
408.115
352.263
406.659
413.165
275.841
575.45
292.323
661.635
305.097
290.541
438.272
385.497
375.199
541.854
508.772
324.048
456.443
523.828
453.192
327.382
384.809
379.804
407.997
419.685
435.939
323.333
623.778
362.567
289.668
698.674
517.826
438.072
407.724
357.149
351.271
674.962
495.25
386.731
499.846
503.112
371.654
348.513
515.129
460.813
476.684
559.435
584.637
328.657
350.753
629.646
536.434
377.593
368.149
441.069
587.308
406.591
512.389
441.388
577.003
430.116
314.802
461.397
463.697
373.874
543.052
396.842
621.528
376.455
329.872
534.389
333.929
431.716
339.865
442.455
445.254
348.072
538.359
354.13
411.7
486.304
457.599
453.561
335.98
475.592
426.14
607.744
297.613
343.066
399.718
506.785
336.955
648.988
370.763
521.003
493.887
508.971
695.294
333.453
337.959
322.441
291.312
417.192
600.576
594.363
378.143
467.255
404.689
473.281
461.111
314.869
294.86
354.565
325.93
307.89
462.455
344.881
443.724
576.896
317.928
559.595
665.027
338.68
330.812
380.193
512.077
336.463
300.968
559.508
924.221
470.473
555.869
448.667
412.392
419.881
477.87
697.033
384.46
348.869
461.924
579.4
328.516
337.867
358.507
572.695
322.526
464.805
388.109
385.977
494.174
657.405
483.005
327.925
597.894
386.333
358.668
399.048
516.963
579.961
428.027
487.383
431.461
429.105
587.529
353.208
548.108
408.107
539.666
398.491
420.079
565.864
444.227
319.751
342.451
381.349
564.072
876.75
367.241
330.013
643.546
845.156
329.461
396.998
511.261
515.417
427.743
545.313
383.011
402.247
358.909
364.268
492.592
382.782
557.368
555.249
496.783
303.125
355.512
358.193
618.313
530.07
625.623
327.148
423.819
413.878
573.69
525.231
567.405
442.918
345.994
364.58
357.07
292.198
302.146
480.229
360.619
545.792
485.697
548.361
490.226
361.428
417.838
332.719
515.261
533.33
325.446
442.073
433.834
462.7
531.958
488.879
296.137
628.204
609.446
351.145
366.32
500.029
382.923
453.743
306.492
369.162
518.054
379.41
472.879
341.853
391.557
408.619
369.01
526.606
372.462
488.837
313.892
266.368
466.829
306.036
570.657
374.746
373.934
335.277
419.477
391.618
502.695
410.422
511.605
685.841
524.984
350.976
309.455
326.002
290.199
306.005
388.762
424.741
382.524
350.742
481.107
511.201
371.763
589.12
438.297
337.321
347.113
323.732
385.133
388.118
485.929
552.159
344.604
296.806
483.929
614.753
640.723
502.025
365.172
454.167
422.262
402.191
424.198
470.888
540.39
485.058
380.053
401.143
516.765
493.232
486.503
544.164
433.196
380.863
455.401
323.676
472.18
465.451
372.707
601.655
481.012
422.372
547.967
440.379
385.687
548.377
555.426
334.454
396.146
410.138
563.806
385.242
371.535
347.593
357.317
511.944
353.008
369.28
489.688
310.156
354.327
508.977
359.529
392.655
300.703
320.106
397.196
496.014
382.845
486.772
341.837
305.79
280.011
466.054
483.496
534.695
438.025
356.385
348.024
522.399
410.729
540.379
487.81
393.83
534.073
389.748
521.627
328.061
306.069
494.586
435.717
494.844
296.101
456.018
431.588
369.842
525.902
527.993
501.603
503.063
484.619
314.236
498.44
564.268
357.809
568.445
376.655
476.628
564.451
398.654
713.242
354.922
383.779
568.544
523.902
444.854
383.88
467.274
304.42
513.645
373.557
592.691
335.508
397.861
469.222
435.656
516.22
341.282
447.404
565.011
359.555
410.954
513.658
336.759
340.049
396.507
383.683
409.392
389.815
310.372
592.12
424.035
441.446
408.008
363.463
460.441
365.499
563.33
458.061
548.183
339.447
526.964
320.383
360.745
380.614
483.641
487.962
437.756
423.976
312.095
377.999
379.664
395.407
359.792
488.022
338.347
380.625
369.486
413.873
510.913
392.63
587.266
349.541
494.421
470.636
426.914
404.766
430.753
503.331
518.571
464.692
404.213
373.578
282.45
526.223
583.793
391.789
403.555
322.311
376.542
345.679
480.538
297.433
419.835
386.195
359.921
493.84
488.78
742.323
455.872
423.405
434.613
472.454
387.236
397.283
336.436
404.454
523.758
389.721
480.08
418.589
375.111
364.05
418.036
498.861
389.273
338.975
422.674
480.656
385.019
365.321
393.381
295.642
385.955
489.034
361.845
295.562
490.912
469.518
351.331
645.564
453.707
289.107
534.939
628.214
549.537
350.917
484.011
486.089
317.377
369.174
541.433
345.554
755.498
541.275
310.346
513.439
443.529
349.144
423.774
450.967
493.628
330.242
314.985
359.013
509.294
500.592
329.213
344.679
384.323
432.83
500.061
485.426
461.113
573.952
406.454
547.283
343.902
283.143
289.073
301.344
332.033
317.189
449.187
483.564
346.588
933.61
342.775
452.421
442.155
500.838
428.593
418.704
466.302
357.677
541.143
428.19
529.285
312.253
505.084
419.183
589.518
345.382
887.115
372.99
360.163
459.539
359.203
407.063
336.97
322.617
540.335
541.888
438.768
389.351
799.18
367.262
598.103
435.61
478.981
373.23
535.51
413.773
443.905
415.952
544.737
334.408
524.569
451.593
332.149
537.936
483.27
341.141
502.452
512.22
377.581
317.267
518.317
443.051
377.693
353.207
343.607
661.565
517.985
361.792
352.779
512.232
372.644
323.063
448.906
469.619
421.009
512.316
545.163
334.529
514.339
581.101
368.265
357.15
464.479
350.625
508.495
551.876
402.433
552.515
342.562
310.609
601.095
479.592
320.885
370.779
373.258
305.883
415.126
381.176
363.415
320.722
463.762
305.734
471.292
263.707
298.439
360.689
562.182
340.058
526.028
543.438
441.83
336.569
456.054
708.393
444.359
381.924
390.26
394.011
344.078
505.124
532.427
575.008
276.277
626.889
498.25
502.462
486.295
344.219
553.379
349.429
547.982
489.787
431.584
351.151
461.331
452.066
506.71
476.698
379.259
466.07
316.786
488.352
354.503
372.012
463.089
487.856
554.401
608.149
319.154
496.916
411.299
387.226
480.759
478.832
367.79
485.492
393.411
360.685
263.762
540.845
517.982
511.582
457.275
728.661
494.583
501.857
381.843
360.451
405.072
699.46
501.366
416.425
344.051
332.603
403.009
338.739
333.776
497.757
491.434
531.016
533.654
512.037
441.446
384.255
708.797
390.919
465.311
365.067
338.229
362.943
368.711
452.876
395.874
764.943
337.874
556.481
874.365
385.363
331.703
546.04
410.001
822.716
448.667
495.607
502.708
538.563
553.472
376.363
409.701
414.697
444.131
437.305
470.495
355.5
523.382
391.426
474.92
383.786
431.801
773.568
370.058
401.774
320.526
414.334
409.893
587.678
571.33
341.508
456.88
474.562
305.481
428.337
383.083
545.357
515.225
377.881
532.674
535.336
559.597
417.482
509.447
307.001
533.541
371.59
312.061
377.052
352.31
444.398
361.106
341.544
326.813
460.733
316.26
392.108
512.623
552.074
285.256
421.164
450.065
274.921
362.747
645.818
450.556
367.422
408.165
422.826
386.27
573.323
477.672
363.281
430.344
251.598
372.199
507.409
431.869
459.795
311.377
318.168
424.301
501.948
484.326
776.186
376.59
392.213
438.633
382.697
539.836
433.597
517.461
496.367
416.444
765.78
433.999
523.122
484.607
522.224
333.138
390.756
433.628
512.823
521.432
478.41
622.711
367.025
418.01
364.511
401.68
502.15
451.214
474.869
351.969
557.136
390.4
323.456
490.802
343.166
436.717
356.073
328.418
555.529
462.09
537.959
535.452
307.136
372.584
325.676
472.462
515.801
591.537
485.838
413.771
387.746
324.089
636.13
587.695
421.084
436.531
251.822
1027.88
473.95
342.719
539.908
494.175
432.644
411.032
421.291
758.96
396.88
749.052
410.272
415.907
484.544
501.601
477.344
324.221
589.398
335.281
337.811
498.131
500.9
538.03
374.603
468.211
615.319
353.768
281.121
436.278
397.346
550.976
321.647
473.628
333.117
473.635
301.922
345.409
322.987
324.884
437.234
526.836
379.838
312.334
587.287
328.747
442.167
373.407
351.885
469.597
505.769
547.53
333.165
539.54
400.78
366.409
354.037
361.322
365.874
363.009
349.89
391.137
538.364
328.901
378.397
479.944
284.539
406.385
501.996
483.963
601.225
325.605
766.119
392.044
318.811
404.068
547.631
405.3
378.028
428.331
312.479
370.367
494.822
278.998
297.67
362.697
534.229
420.655
395.043
501.997
501.802
542.844
513.152
275.203
462.205
333.797
371.845
371.112
549
464.993
307.824
492.124
335.102
501.859
560.86
399.301
332.648
472.405
432.702
339.351
336.185
445.876
410.904
376.917
349.179
334.465
463.719
403.628
412.837
575.5
313.066
507.245
355.131
468.016
455.796
317.645
364.562
440.614
363.048
380.021
324.041
430.613
339.394
270.315
404.682
396.28
453.557
306.9
685.761
407.901
358.654
469.467
892.05
303.53
362.547
292.503
338.944
519.255
370.885
577.782
493.96
338.663
530.441
488.423
551.043
318.41
357.875
446.817
552.377
466.591
411.865
562.615
434.102
483.465
513.914
392.228
546.439
445.119
523.556
463.238
670.64
485.185
359.257
452.994
356.534
439.102
373.883
461.494
583.757
439.463
485.619
534.748
540.085
496.496
484.387
326.392
489.979
414.573
346.918
567.664
623.37
582.137
409.3
413.598
465.899
386.798
363.72
366.503
445.632
480.665
401.058
364.336
343.092
423.631
381.742
395.224
485.081
494.195
366.429
315.891
366.11
449.836
437.822
540.441
333.537
492.026
448.137
324.362
501.131
397.23
323.575
542.505
346.702
560.037
331.65
343.644
735.182
366.559
368.662
471.031
446.998
639.798
433.138
530.629
599.934
391.878
520.979
309.968
308.573
332.797
433.084
383.731
481.063
596.148
376.512
445.061
504.973
378.155
395.266
684.022
651.781
420.519
394.386
334.028
441.536
293.134
473.057
562.382
514.561
497.924
733.133
349.206
398.581
376.69
505.71
584.258
361.548
564.843
625.85
408.274
347.553
483.196
354.009
368.865
358.479
282.62
506.613
402.534
773.617
516.263
532.052
390.909
485.973
527.143
348.098
342.406
296.97
568.772
371.812
294.411
446.555
513.749
259.391
290.799
339.149
778.513
807.551
428.992
455.329
728.187
370.538
456.599
459.209
584.575
365.96
491.113
318.448
344.456
527.33
435.99
330.76
491.507
458.18
467.745
362.149
319.007
332.651
349.255
872.087
358.304
731.426
505.77
388.849
765.059
330.406
447.074
357.627
479.305
638.946
318.915
377.064
419.187
257.711
319.727
448.956
379.374
538.439
330.918
328.522
405.403
427.036
436.799
768.913
321.432
502.814
317.958
476.386
364.446
482.548
396.496
577.932
302.444
885.542
378.825
394.145
427.63
532.47
570.345
467.068
455.046
564.334
457.029
579.067
481.012
445.886
362.055
540.279
478.231
606.354
324.894
359.462
535.097
449.617
367.307
356.623
382.894
643.557
451.557
494.841
522.687
304.36
494.686
370.146
459.311
294.158
534.665
453.761
539.078
465.967
482.097
521.443
553.219
483.467
399.241
452.036
299.009
500.651
356.144
410.322
338.478
528.89
335.432
318.062
555.178
399.321
475.721
433.23
357.408
386.516
469.528
345.137
352.794
469.279
345.14
493.324
437.916
396.822
363.183
469.279
399.471
641.253
384.507
438.177
480.292
571.064
474.922
388.87
405.843
453.995
457.431
889.128
458.491
493.08
284.64
343.659
406.932
373.117
365.416
349.199
350.786
544.017
301.231
438.869
474.544
327.691
505.924
314.41
553.736
389.424
383.984
479.727
434.713
519.633
529.965
332.233
336.386
600.566
516.574
355.661
488.513
527.39
544.587
374.9
377.13
491.501
320.13
391.359
352.163
359.381
500.611
524.114
520.449
401.027
378.498
331.468
312.404
339.491
589.795
443.911
432.419
619.751
484.509
587.709
269.244
489.21
430.682
451.775
545.621
433.421
378.487
434.946
369.327
341.45
591.117
332.032
571.77
379.844
383.804
399.569
389.96
445.833
442.538
332.032
293.154
355.348
580.303
488.097
364.091
489.353
494.427
456.419
443.76
350.776
391.197
293.676
430.22
408.846
322.7
400.642
455.098
342.359
359.156
966.298
477.255
521.746
494.565
321.829
511.22
375.757
746.157
329.401
330.907
570.427
594.554
396.012
285.806
442.108
358.141
416.207
358.325
304.463
563.552
536.477
354.662
319.012
441.78
480.961
332.495
507.708
608.706
309.332
468.481
355.963
401.253
499.251
405.932
433.007
526.498
471.97
461.202
319.449
467.789
423.109
575.363
448.224
550.484
536.572
501.509
366.109
294.363
487.227
515.56
495.954
520.404
356.891
370.586
373.946
355.522
535.06
456.033
342.821
477.438
481.021
409.622
374.591
364.127
430.511
505.802
491.694
339.085
469.261
329.829
536.846
949.453
510.032
310.627
358.598
509.623
463.794
354.92
429.204
382.933
317.476
437.971
351.568
488.512
460.323
605.708
534.68
346.058
381.765
402.967
262.262
492.744
497.291
368.887
560.941
356.585
513.577
619.406
522.202
539.273
538.282
329.091
497.481
322.904
460.04
567.241
329.474
690.715
339.896
346.595
499.174
368.628
394.258
450.128
289.23
380.365
348.032
441.139
307.535
494.878
471.72
572.894
477.497
538.648
335.692
587.593
453.854
469.99
517.3
315.135
388.273
761.807
425.388
323.576
443.65
345.87
534.734
517.53
713.144
433.302
468.31
273.259
341.208
366.807
505.989
426.08
496.936
446.074
572.42
466.932
287.659
469.591
309.949
375.295
272.109
492.195
603.983
362.14
468.689
499.814
368.058
389.03
413.46
464.701
603.301
491.169
422.059
330.711
390.819
519.945
392.959
444.98
541.538
578.767
441.985
338.469
493.891
276.806
349.716
429.429
508.203
519.985
368.06
850.826
523.601
408.921
451.97
324.899
332.076
347.216
525.464
393.437
318.244
449.951
584.707
374.334
687.675
582.058
541.011
347.67
375.579
467.61
520.155
308.406
496.196
437.553
669.969
519.438
427.35
439.943
577.16
514.646
505.383
376.234
435.512
340.145
399.556
425.003
444.118
535.697
355.281
577.904
377.384
1033.45
456.318
363.987
534.056
326.458
444.305
364.554
358.117
314.985
462.95
351.821
494.053
314.37
349.863
527.923
464.258
317.693
458.898
344.418
347.022
455.271
461.217
520.409
437.478
560.431
343.508
338.788
426.68
494.935
335.853
551.226
724.774
378.586
704.452
481.499
474.113
494.754
338.844
687.617
399.9
529.165
635.578
369.953
321.577
258.678
287.444
574.731
1042.67
425.693
528.563
341.001
387.544
356.278
571.728
457.749
498.335
743.415
475.577
498.794
432.659
647.853
280.137
384.175
495.62
480.671
377.345
345.69
552.89
568.251
515.245
534.297
358.033
459.315
446.652
652.522
447.437
419.359
453.694
473.43
472.356
480.499
454.237
380.44
370.404
296.748
528.973
519.793
511.359
457.599
440.478
356.268
378.549
714.483
346.962
391.642
342.748
345.646
352.164
547.326
426.261
380.753
380.495
642.784
302.46
377.466
323.987
454.817
579.366
339.761
361.861
430.505
458.384
577.187
309.531
418.671
510.887
277.435
425.049
539.033
284.766
498.61
854.785
480.432
331.96
568.614
346.083
429.7
488.118
527.842
376.151
336.934
370.796
424.992
427.932
537.841
620.095
406.786
388.112
825.82
435.36
501.896
502.506
486.205
570.32
352.056
481.474
507.251
507.299
345.348
299.787
314.993
481.521
481.131
355.246
388.813
375.231
406.004
502.795
487.835
402.429
331.137
402.247
448.811
718.913
435.998
407.487
432.648
526.343
357.587
358.398
466.073
330.495
331.906
541.506
380.565
486.145
340.471
345.364
355.689
330.796
286.386
264.607
421.419
504.618
331.549
712.935
705.556
501.894
310.374
481.15
425.161
413.764
928.588
453.093
473.036
510.29
507.176
355.291
463.427
609.534
371.66
336.508
478.81
294.768
324.466
464.797
288.112
321.205
1066.28
491.044
527.129
268.254
415.023
359.352
356.026
519.065
329.86
374.024
333.771
496.815
384.451
495.165
537.318
505.733
367.212
568.574
503.94
341.619
316.14
379.399
354.44
519.743
395.898
362.591
506.011
368.214
350.114
522.85
458.563
345.884
385.011
545.293
571.929
473.674
356.344
500.665
470.78
498.834
516.641
474.518
476.814
510.887
370.656
281.398
348.64
401.014
398.01
448.133
357.75
523.473
495.82
309.673
374.74
622.675
471.354
537.889
321.703
327.515
341.863
406.755
389.086
359.124
482.07
325.182
427.4
398.247
380.051
558.442
492.343
469.564
486.729
317.038
677.043
538.877
439.82
530.588
468.005
427.413
486.729
498.066
370.358
526.843
360.603
461.501
332.435
373.621
337.589
354.659
409.535
391.918
603.685
512.081
441.674
355.09
374.633
404.481
552.958
333.443
601.352
538.475
815.883
343.062
338.072
422.397
348.957
524.407
434.483
428.727
406.735
470.196
493.959
678.323
459.693
395.064
389.798
502.537
452.385
366.765
463.248
443.972
445.748
491.37
318.733
423.601
449.847
430.404
316.407
372.357
410.066
594.677
465.555
453.499
312.737
350.34
367.722
393.263
376.622
339.738
499.85
353.049
310.355
458.501
360.161
538.905
331.046
370.407
623.985
452.494
477.281
388.163
587.413
392.087
365.009
379.915
431.633
344.524
455.906
442.812
468.11
431.483
529.701
391.093
690.008
478.138
357.473
493.34
372.903
472.13
446.972
334.153
322.131
382.645
491.208
338.277
664.829
286.106
337.724
438.634
403.638
359.01
400.952
524.791
287.827
399.845
513.117
527.066
471.749
326.825
550.688
479.936
521.704
555.149
369.106
483.983
551.145
526.299
493.01
519.333
588.95
462.266
391.913
278.334
371.493
379.739
376.64
417.619
436.996
594.261
410.679
343.825
347.461
386.353
494.056
382.694
378.295
490.657
673.042
667.051
426.205
320.881
323.535
514.761
347.638
322.573
489.452
397.265
584.756
370.284
549.845
368.775
410.377
371.345
537.978
944.955
710.127
536.556
410.632
405.889
510.769
577.023
331.225
419.265
432.226
601.603
502.937
544.865
475.156
434.303
532.094
1047.31
312.949
349.488
309.043
414.969
363.198
334.172
307.886
464.988
397.138
372.188
547.913
365.098
509.657
554.547
330.592
532.259
452.427
375.899
344.301
339.222
306.786
307.867
723.281
402.088
402.68
518.556
347.291
420.194
336.694
324.342
600.607
460.148
383.558
286.149
514.678
344.264
445.191
460.675
404.18
508.488
377.857
493.113
364.19
380.867
355.577
480.486
315.474
341.791
370.796
360.321
764.313
420.02
346.682
324.896
458.538
529.178
359.446
444.455
371.679
330.138
459.275
1065.8
339.165
491.046
532.239
305.165
612.39
525.702
493.442
287.995
381.288
353.302
473.896
415.34
390.02
347.192
316.034
351.662
344.987
482.781
371.376
339.842
564.772
332.173
334.644
484.954
330.783
518.546
292.475
401.834
381.605
582.496
538.721
510.136
464.614
325.479
441.912
483.276
530.798
481.464
379.533
339.562
345.331
303.42
505.175
590.765
386.724
537.027
491.272
477.301
477.509
468.776
836.287
428.125
716.41
514.654
355.774
360.136
407.94
524.371
578.914
402.118
335.567
338.916
345.059
439.289
398.204
746.118
346.607
383.302
317.385
323.794
439.929
477.653
374.036
338.769
382.668
382.916
660.987
429.911
509.316
478.933
487.49
378.809
553.77
347.809
338.495
354.919
419.478
366.764
334.199
591.746
591.274
382.153
525.304
364.024
317.971
444.336
323.724
414.497
465.504
443.652
497.425
457.873
476.471
327.154
641.064
388.462
335.738
345.751
427.932
723.243
820.147
387.022
338.327
338.143
390.825
413.656
385.371
437.555
547.77
487.585
513.187
421.331
541.267
388.253
403.928
385.942
625.338
293.009
352.846
461.116
297.478
475.954
340.655
441.062
388.684
352.432
522.866
457.739
454.862
465.42
503.081
351.271
536.776
526.805
537.317
451.639
459.661
355.508
506.138
353.573
511.558
415.861
353.017
572.475
251.691
451.173
403.543
482.637
344.5
385.06
395.446
411.252
506.965
390.533
501.022
390.905
393.377
388.902
568.44
401.79
407.133
579.914
519.984
554.325
558.734
384.013
443.636
314.124
359.893
240.295
336.211
383.59
376.591
522.056
428.261
418.552
373.487
540.008
443.626
326.194
374.899
459.672
520.69
373.151
448.632
706.603
446.821
442.183
458.124
313.461
338.601
628.202
400.91
427.449
500.753
382.993
499.173
865.238
685.996
380.434
374.458
352.874
450.305
531.307
531.472
566.696
510.806
385.021
359.005
423.522
383.644
519.7
449.195
451.596
693.804
439.709
402.888
437.34
428.875
440.538
373.037
539.438
566.897
329.038
621.298
440.524
298.108
382.398
492.3
425.797
305.043
399.992
483.968
508.32
358.12
398.994
511.853
775.184
455.162
378.457
576.611
381.08
493.554
454.71
463.508
491.311
316.675
557.283
540.632
448.158
369.996
467.515
412.265
510.822
269.746
376.459
350.663
280.266
478.249
332.993
446.081
584.012
639.101
386.124
480.23
460.863
448.1
608.234
379.036
390.834
420.895
360.649
492.508
549.022
301.919
535.67
483.088
503.684
278.004
531.078
738.331
383.904
544.359
779.916
451.026
476.568
380.373
431.562
267.947
474.678
538.871
475.954
339.437
401.615
544.697
482.986
374.585
695.031
380.029
470.456
353.478
311.572
400.272
614.827
563.624
531.315
418.953
498.356
626.962
497.684
497.183
575.23
291.175
393.801
427.342
716.928
433.782
439.056
520.63
489
287.488
378.661
522.778
355.796
326.746
361.265
382.757
380.666
464.832
327.606
390.39
355.253
319.354
386.645
314.511
378.869
516.578
292.038
522.777
424.692
440.187
459.788
361.021
509.389
436.791
375.701
509.72
685.887
468.3
318.627
278.214
518.584
383.595
368.574
319.297
479.056
351.334
374.005
323.345
511.705
469.833
346.964
312.042
401.805
384.271
355.338
329.557
402.939
470.474
423.001
491.055
369.05
540.26
474.113
709.86
323.711
463.794
483.215
567.136
282.909
480.623
425.856
582.795
386.336
784.015
552.391
615.623
425.748
489.464
465.583
368.774
350.705
305.861
334.951
352.418
355.177
470.098
358.295
486.433
418.605
542.701
354.999
484.034
453.268
569.282
532.081
449.925
379.059
336.413
384.281
516.233
342.493
523.221
337.552
336.09
478.04
322.125
274.786
601.962
374.606
552.024
356.458
330.179
410.463
403.797
498.958
449.13
563.068
419.037
505.59
323.019
328.84
319.514
338.254
535.937
435.084
509.723
452.338
365.606
280.75
389.146
405.457
440.936
392.001
323.374
505.822
330.846
520.261
457.958
352.265
631.983
401.765
479.849
515.702
300.234
499.555
522.558
329.99
810.359
583.346
426.754
400.272
497.858
479.329
543.144
353.604
372.366
464.941
392.944
308.097
294.444
301.961
511.899
338.978
484.9
541.56
534.261
345.714
467.592
319.532
429.484
544.427
423.397
483.591
278.794
429.408
545.588
456.917
338.831
320.509
357.94
578.116
294.578
541.844
472.159
390.375
434.231
480.929
307.476
395.742
439.168
453.837
518.907
330.36
378.857
512.111
537.402
344.227
428.495
312.989
393.224
335.881
457.723
577.677
356.566
782.337
556.087
455.167
729.809
361.306
464.329
455.224
543.678
432.665
366.36
355.52
355.841
598.242
497.276
441.89
358.32
543.136
408.141
574.944
421.681
499.548
364.983
339.532
527.763
665.781
506.028
349.715
524.431
518.73
408.261
339.743
562.965
384.472
610.101
351.774
473.498
622.349
501.394
343.928
454.957
362.625
643.48
433.534
326.775
503.739
408.748
481.104
338.339
496.67
386.869
640.639
357.557
361.136
556.948
331.595
382.294
499.282
361.505
380.183
516.045
532.429
531.279
374.324
576.054
412.187
406.894
331.441
864.083
390.151
469.224
481.677
339.59
411.715
395.472
492.87
286.024
347.709
478.447
376.735
353.89
556.308
374.537
373.302
316.991
375.067
402.639
503.509
452.222
350.09
668.986
389.559
493.087
548.149
570.819
643.407
399.831
498.645
497.001
457.878
353.67
440.975
517.675
255.304
394.712
791.125
434.017
476.101
527.387
577.372
567.542
531.125
520.455
557.862
445.373
452.579
525.962
391.657
299.423
575.186
332.796
637.279
471.783
399.934
605.653
455.272
730.267
353.841
518.886
388.093
509.788
430.5
255.942
274.048
364.525
431.19
471.657
377.09
392.013
462.161
345.272
520.632
349.832
334.435
455.807
491.742
321.117
501.151
385.899
351.09
423.896
387.138
459.168
326.016
532.015
590.831
447.998
470.147
520.279
362.578
429.62
366.919
449.857
443.319
479.534
448.535
471.524
369.233
612.147
416.042
540.113
975.278
373.354
361.149
520.117
440.374
351.258
373.979
472.65
513.08
380.402
358.883
490.258
454.76
448.702
525.676
477.584
332.766
517.18
476.496
415.253
319.011
356.313
385.242
335.26
498.191
355.549
564.776
457.367
348.722
681.779
498.817
328.391
340.966
465.484
363.664
489.397
365.025
404.119
591.03
303.979
562.824
351.521
516.869
365.133
366.201
341.882
359.73
693.795
525.713
360.761
338.892
676.541
525.372
468.524
474.287
493.479
452.453
329.529
368.611
367.372
551.312
540.045
389.035
461.203
474.812
334.551
387.587
528.903
535.737
462.011
307.907
332.183
507.161
315.13
386.052
372.807
350.184
506.839
431.534
320.216
496.401
467.115
341.422
557.825
315.82
273.885
290.579
412.631
610.789
323.446
558.119
474.394
342.529
337.646
545.397
585.343
358.436
628.437
374.927
363.657
370.602
369.72
573.634
311.695
511.326
623.14
523.466
369.419
468.444
703.838
563.606
415.157
384.946
306.797
390.451
424.303
564.919
596.786
471.827
313.825
282.4
413.929
412.114
431.07
324.485
427.724
962.053
453.934
597.975
355.015
499.827
629.555
489.402
480.321
515.095
467.148
424.286
345.745
278.347
321.412
425.817
536.607
401.528
476.09
372.947
371.001
448.857
318.992
481.947
408.949
463.113
389.175
405.134
353.198
579.89
441.714
501.623
485.869
551.089
375.154
473.017
554.399
486.286
465.975
416.967
374.603
357.326
548.846
571.934
317.503
476.673
447.18
348.198
349.283
416.551
447.998
387.061
543.678
431.081
275.752
391.524
303.588
662.531
500.14
575.077
349.695
370.86
400.439
417.931
403.042
489.006
457.689
903.961
589.069
302.358
368.866
340.772
363.851
452.97
504.396
496.399
408.497
520.218
351.764
654.234
318.717
514.56
379.843
359.624
342.219
316.911
356.869
354.106
423.376
448.203
318.23
370.433
445.54
307.069
381.403
546.778
324.932
481.685
360.639
334.27
679.87
306.869
303.957
374.129
379.299
350.727
674.848
712.492
520.422
398.689
487.01
690.232
503.135
425.973
536.799
319.836
415.14
465.855
355.253
367.283
270.118
351.264
587.979
545.879
338.378
319.254
355.748
559.228
294.977
516.798
420.574
590.326
329.767
486.929
329.496
345.015
477.316
245.235
564.576
287.518
421.944
341.93
486.931
402.724
364.744
747.357
494.683
412.979
511.597
347.745
455.966
584.744
335.086
553.207
371.937
571.265
813.401
492.145
375.945
531.054
345.465
779.02
400.543
525.232
248.737
427.677
414.515
320.614
479.824
381.839
379.999
744.195
616.023
468.567
335.626
427.674
579.21
358.349
574.168
314.101
367.238
356.392
348.437
319.618
471.776
497.075
410.602
340.247
346.83
548.263
467.605
653.962
762.026
315.07
567.627
514.303
462.151
426.237
448.683
388.246
423.392
847.955
348.337
497.758
434.602
435.895
412.442
331.156
346.592
741.158
674.239
386.78
557.434
476.82
413.938
482.361
337.966
443.175
457.626
508.936
505.498
444.977
364.663
316.941
682.911
317.561
652.637
323.22
425.298
407.457
336.981
482.922
412.895
687.894
515.008
307.136
398.145
495.227
299.086
432.767
307.974
564.016
356.923
330.322
549.129
486.261
444.733
430.762
373.554
405.085
288.783
505.991
590.781
413.911
536.359
757.156
498.937
327.509
312.081
432.519
485.19
386.075
427.662
500.025
524.494
358.614
412.183
521.779
569.803
328.465
470.243
404.936
409.901
555.429
369.846
306.828
596.237
363.311
305.171
251.091
337.079
499.271
439.775
294.458
740.243
474.474
531.619
475.422
476.463
346.343
440.649
339.422
458.508
531.787
478.459
479.359
426.804
406.257
329.576
548.642
300.88
330.161
427.791
342.098
504.91
375.46
420.849
432.765
356.591
409.689
526.983
398.062
608.538
545.501
438.338
431.079
417.161
513.553
349.559
534.941
412.25
575.332
474.922
424.408
491.203
365.821
413.054
439.518
338.015
429.418
418.109
594.997
473.292
383.349
336.772
351.616
284.3
344.561
414.223
395.203
360.71
587.446
380.975
364.619
497.404
439.914
497.967
485.321
461.778
586.515
443.472
574.294
327.261
441.216
519.547
302.776
387.261
382.58
297.867
502.649
455.571
511.129
570.338
494.291
346.942
504.728
317.536
398.95
533.678
613.746
264.777
556.56
549.693
324.592
336.019
510.732
303.382
366.187
334.279
499.593
469.021
372.466
393.21
309.668
493.768
457.069
374.045
395.549
355.567
769.867
387.496
463.445
477.15
496.642
526.525
508.32
303.698
342.849
348.697
378.376
338.63
314.791
544.177
508.472
1117.8
479.078
367.673
372.858
541.104
966.8
411.905
428.243
423.043
298.261
278.878
410.546
370.99
487.375
387.557
555.489
359.187
424.812
360.669
314.374
544.327
579.556
700.002
360.013
483.316
547.53
304.081
368.686
509.445
325.868
491.786
457.719
499.769
386.331
367.382
379.19
450.627
464.109
445.804
429.206
545.141
534.91
462.865
337.74
407.957
376.259
442.583
316.003
412.847
524.017
486.376
390.251
386.153
487.102
721.053
445.778
407.17
432.169
497.364
419.212
363.891
395
555.194
448.935
407.91
533.726
725.186
472.291
394.906
771.43
517.822
405.26
627.962
347.721
367.571
352.971
559.015
409.927
464.816
302.112
393.8
267.845
466.468
392.769
353.018
361.711
489.715
346.986
490.902
469.734
397.285
474.209
289.197
488.621
874.694
407.645
450.054
356.28
585.372
470.04
364.68
563.413
516.249
492.161
296.432
393.368
386.084
411.421
433.236
430.979
492.946
465.824
485.576
593.984
362.959
763.414
525.54
503.368
496.971
494.958
397.463
635.303
454.768
447.272
334.849
380.767
342.693
297.559
489.813
399.49
473.447
383.064
347.782
428.536
563.66
447.349
549.635
370.625
351.769
547.178
410.148
402.614
478.667
533.999
496.632
530.925
338.053
354.544
484.181
465.429
330.02
299.982
515.355
585.526
356.92
362.756
512.16
371.501
331.788
967.549
275.573
370.2
393.979
510.408
374.565
589.109
493.629
596.129
714.047
537.767
345.124
385.215
505.215
394.065
331.129
525.395
519.691
365.212
357.9
524.482
329.709
498.192
337.994
372.321
363.322
489.119
507.231
422.993
318.624
325.343
347.249
567.847
487.799
325.497
545.49
400.314
502.374
318.756
427.398
589.476
371.632
496.365
362.482
505.135
566.21
526.28
550.528
320.526
441.074
612.736
418.872
333.169
369.782
371.057
632.538
532.199
322.665
596.329
515.908
439.983
470.06
383.745
376.157
371.835
506.188
345.893
353.725
300.428
444.853
539.084
532.432
305.085
690.313
356.751
460.035
465.192
544.601
518.833
306.134
339.062
360.464
431.963
279.289
497.933
532.783
566.52
739.753
525.515
460.527
486.646
513.072
552.648
314.763
499.224
264.229
441.191
927.347
315.596
391.183
455.706
409.714
452.605
682.428
767.019
532.307
546.821
653.845
475.639
317
339.974
531.806
717.145
552.368
457.053
533.335
362.088
415.574
531.571
404.191
365.57
384.269
542.855
412.203
403.569
418.772
406.426
353.13
530.359
367.598
462.648
335.405
396.903
470.049
402.451
304.935
457.53
436.904
524.207
395.589
408.007
388.347
374.034
489.5
360.464
370.972
408.923
324.646
505.641
419.537
526.223
339.348
369.696
283.602
354.23
579.131
314.983
335.152
441.984
493.71
340.73
378.226
485.743
403.702
528.469
509.084
357.057
345.935
428.429
475.445
484.217
390.753
338.392
326.36
319.011
543.662
529.689
355.345
285.581
369.335
480.617
519.129
431.862
457.518
534.337
420.504
366.69
478.72
453.486
291.671
545.238
359.416
383.679
385.342
378.264
296.568
413.639
359.928
533.423
533.089
499.799
484.29
492.185
311.025
415.829
343.987
465.058
327.342
320.42
339.377
364.695
443.875
581.42
525.73
509.178
476.18
471.941
398.379
487.225
357.613
467.523
491.646
350.449
403.073
316.976
714.71
426.498
355.917
321.109
359.405
458.607
470.492
383.837
395.769
347.122
370.031
520.598
337.284
388.612
623.201
490.337
321.833
659.265
348.164
319.135
513.238
390.997
434.606
366.319
910.525
322.374
879.156
329.982
513.332
479.629
334.108
423.761
423.536
345.789
357.121
481.589
361.318
378.265
511.834
522.799
844.897
738.008
481.357
451.438
335.702
522.834
373.073
430.455
298.826
485.032
415.06
379.827
655.768
666.627
236.784
557.866
366.793
315.81
473.366
473.237
356.882
349.275
537.82
400.501
356.429
362.368
571.731
528.073
377.66
410.915
476.136
400.954
511.309
431.251
374.454
376.526
485.028
437.304
588.091
352.475
472.674
547.251
439.6
525.708
534.635
639.378
351.859
480.831
234.555
328.271
502.303
544.627
349.739
528.821
345.575
328.504
367.013
330.265
250.273
402.622
543.952
510.463
683.699
442.36
436.278
478.451
482
339.576
515.321
502.668
362.262
358.121
384.04
410.198
333.536
489.897
355.573
429.812
488.521
385.463
545.713
500.968
412.232
387.928
489.218
348.815
390.408
340.672
437.628
399.36
523.241
472.393
493.467
504.086
525.42
526.051
434.63
361.944
590.075
543.987
423.862
470.158
398.376
661.655
500.064
545.138
360.735
426.285
384.147
721.034
352.095
370.624
452.817
551.782
353.611
344.803
486.919
528.603
496.538
357.669
339.333
437.417
345.055
469.54
356.733
393.712
503.645
596.634
458.307
416.427
392.822
575.523
366.934
417.978
884.783
336.744
447.587
460.496
424.332
514.243
541.761
493.516
463.397
372.471
330.658
325.716
468.511
459.05
519.309
502.526
354.399
332.299
447.43
449.652
374.663
344.763
364.065
306.215
419.297
626.902
509.798
299.215
527.914
373.913
407.905
407.399
457.351
400.703
466.024
367.956
446.79
332.588
490.588
496.588
408.319
544.534
404.138
444.824
390.398
597.15
428.143
541.246
372.215
502.484
839.432
588.057
425.161
553.84
564.047
357.865
432.342
384.479
692.358
333.407
444.421
403.366
824.465
320.767
423.705
498.522
395.263
380.992
467.015
583.875
586.546
531.606
520.416
548.655
499.226
503.827
479.48
482.256
356.819
422.231
395.205
316.429
327.991
459.674
388.298
371.823
445.648
468.053
510.708
517.039
584.524
478.902
694.536
322.291
327.995
499.346
576.686
350.788
509.07
344.581
304.597
690.417
539.369
262.19
443.832
441.597
349.204
529.979
321.618
354.443
353.021
338.846
448.479
400.576
451.371
451.336
387.043
333.569
393.743
489.327
525.512
347.445
451.229
514.619
547.89
340.155
341.997
512.74
389.95
455.325
471.734
342.673
400.848
551.629
476.191
414.006
321.657
569.082
365.795
403.063
353.58
574.765
395.214
490.695
813.022
665.911
436.965
513.842
468.575
532.735
356.785
342.544
360.924
353.292
347.08
341.53
561.582
346.718
292.609
495.989
450.826
555.35
485.68
322.769
319.995
394.71
454.812
415.089
479.968
546.249
412.725
400.938
345.405
474.258
424.245
363.586
633.169
459.768
438.045
377.119
629.809
464.455
452.02
447.266
416.36
485.496
392.785
522.439
443.016
537.822
415.302
460.663
685.71
449.158
370.077
396.35
355.674
368.359
334.684
331.184
385.156
487.539
244.305
593.55
379.258
505.925
481.832
338.349
401.846
318.645
356.494
476.618
407.522
417.965
452.097
393.982
345.387
555.686
324.131
532.153
372.513
455.14
400.987
356.034
560.199
512.666
339.847
495.898
446.062
723.412
324.116
503.709
389.8
577.862
353.505
304.62
439.436
499.393
622.178
347.235
448.046
328.37
415.858
526.487
495.298
471.457
258.731
329.246
654.703
375.812
419.131
455.937
687.842
473.423
662.652
446.393
486.271
320.363
327.28
522.433
595.892
379.724
441.032
399.522
320.137
465.17
470.824
424.108
606.468
523.278
369.483
390.235
363.288
489.56
484.527
494.87
507.867
370.548
666.654
514.415
434.976
518.556
370.714
501.887
526.305
379.973
402.439
491.856
409.647
492.825
599.425
514.235
328.439
423.541
367.339
363.239
393.442
316.125
477.501
337.468
475.993
440.92
552.485
640.078
541.646
369.345
365.595
385.613
362.753
444.255
566.513
535.864
429.94
968.764
493.78
420.509
372.525
673.344
662.85
478.946
334.557
540.651
400.695
359.281
413.726
467.591
592.377
531.022
947.619
552.615
490.975
314.689
310.239
517.46
556.79
382.883
347.726
430.042
632.517
395.23
333.405
567.612
430.035
430.028
356.937
443.547
542.604
371.495
465.056
300.293
349.866
539.777
437.719
485.092
651.374
434.768
662.478
388.551
515.771
473.655
384.443
289.881
459.608
825.818
743.142
358.15
329.152
645.266
601.614
378.264
307.111
371.903
381.968
505.648
314.597
490.802
416.525
433.484
317.464
426.609
347.38
555.331
362.197
324.42
340.485
406.835
541.447
280.35
397.72
362.471
352.199
498.755
450.608
381.902
479.658
386.421
384.842
331.714
547.603
443.718
383.294
588.199
392.846
328.664
543.136
563.559
700.146
491.04
395.462
482.511
362.526
382.856
357.765
520.537
409.633
691.471
376.262
363.299
587.785
378.888
480.712
400.766
473.193
416.157
359.751
380.696
483.817
351.738
423.175
316.324
340.313
492.308
545.469
439.115
535.797
540.29
585.143
391.666
367.575
367.864
518.561
504.893
402.941
360.487
594.752
423.071
356.31
618.346
539.544
491.076
466.027
442.071
517.251
408.44
435.61
345.835
413.38
323.587
450.879
542.375
322.98
383.622
428.541
392.077
312.638
505.473
565.922
493.844
460.823
396.679
427.317
493.021
352.82
394.935
524.072
357.134
417.267
359.76
533.111
482.537
367.36
492.139
429.955
372.435
365.401
385.386
576.283
512.808
662.453
453.669
363.839
392.043
356.368
452.019
347.663
377.975
521.945
439.276
582.31
502.718
526.872
484.279
408.619
373.515
497.894
405.39
529.573
310.456
389.838
591.084
452.138
358.664
353.913
679.063
334.95
358.234
505.01
364.429
355.227
453.194
327.821
571.08
346
404.098
374.804
385.799
337.571
548.887
345.983
355.909
566.043
490.557
323.732
365.043
324.357
308.515
409.283
358.163
348.917
496.199
516.894
446.225
487.924
440.221
352.942
737.665
329.491
655.045
320.834
303.364
578.627
513.533
336.282
398.865
506.391
403.251
470.637
505.738
489.527
391.406
418.074
355.159
470.048
465.078
357.095
396.073
741.541
532.851
419.634
453.89
470.553
394.97
489.848
649.204
345.406
394.887
537.658
289.792
462.707
638.563
551.34
332.494
325.068
329.796
322.269
356.716
455.918
385.078
502.542
427.431
465.868
429.88
370.751
828.834
396.902
379.665
377.395
565.884
471.041
784.914
324.974
375.887
449.226
344.444
521.779
351.716
421.426
515.08
376.752
439.348
337.032
483.403
558.019
480.453
424.871
430.216
854.726
246.449
315.517
451.368
327.2
340.147
361.2
336.601
573.957
612.843
429.645
367.139
332.086
409.998
515.647
593.492
469.966
407.721
333.084
492.201
513.195
495.245
345.802
514.637
360.672
477.066
424.956
381.305
340.94
305.506
389.857
432.584
358.108
417.685
495.895
363.672
478.496
336.692
379.848
491.446
468.524
429.73
584.439
371.763
421.109
505.18
508.308
580.381
380.575
363.965
516.588
440.303
295.719
447.814
552.134
526.73
307.363
316.118
358.412
334.661
365.436
518.863
334.479
313.727
428.388
469.757
402.481
316.395
523.137
353.185
534.035
508.775
415.193
337.341
341.571
413.91
376.437
472.963
584.715
339.063
499.275
397.896
386.603
334.21
379.861
355.024
467.606
333.247
432.009
629.906
328.395
636.872
350.076
328.359
381.656
372.78
372.639
508.456
370.936
610.349
491.185
534.731
501.185
379.101
279.786
494.444
399.713
378.297
361.614
277.41
455.735
511.378
472.386
457.337
386.071
364.9
336.555
318.602
342.426
363.896
558.162
289.006
439.868
403.162
331.368
356.39
499.82
548.878
503.575
335.189
528.271
561.194
338.762
461.401
335.046
325.605
583.103
354.067
512.344
334.567
892.211
436.855
486.047
378.096
343.415
504.104
352.178
425.465
790.757
403.464
373.358
462.927
560.004
467.857
376.816
432.775
410.777
567.905
377.606
429.272
399.344
356.146
536.993
345.152
430.306
299.629
435.378
1216.13
404.791
349.212
329.609
439.529
454.41
263.947
418.568
369.006
557.298
308.582
604.664
345.816
365.529
462.609
403.518
549.28
433.318
436.701
388.81
307.82
362.947
543.396
461.337
315.57
327.46
374.059
392.525
367.209
354.517
491.856
384.707
425.145
447.815
466.848
385.9
644.119
356.569
288.883
515.576
463.909
348.497
347.448
528.96
416.537
396.626
505.645
402.412
300.411
316.249
567.261
372.349
381.367
618.165
292.544
326.344
299.684
400.72
442.209
457.191
401.855
426.401
358.194
481.484
426.155
376.075
447.69
519.327
291.299
422.339
513.55
496.743
350.267
344.82
512.513
432.127
591.616
421.523
391.828
532.576
397.941
504.183
535.028
477.042
370.676
500.211
397.543
397.555
563.97
430.645
337.459
378.1
465.856
412.66
409.46
517.881
362.554
414.224
415.167
359.47
411.118
338.496
443.082
531.036
435.121
560.132
529.627
304.729
614.74
954.152
465.951
507.736
343.507
820.248
612.896
333.563
617.531
443.362
382.137
359.71
395.804
542.282
394.237
498.798
551.801
479.818
521.911
364.949
636.566
546.046
361.042
309.384
511.101
463.965
426.455
469.534
404.174
533.992
492.297
458.548
336.691
635.483
512.592
609.573
431.193
381.21
402.83
376.469
515.684
550.162
493.63
353.469
261.365
400.282
516.724
406.496
386.115
360.257
353.695
566.955
343.129
503.454
435.523
422.265
346.046
414.672
438.044
819.981
463.035
609.474
414.153
460.599
342.268
389.604
476.989
525.549
502.933
562.597
343.417
421.295
392.77
483.298
432.189
374.14
402.137
402.707
422.846
296.134
472.695
281.38
504.915
423.643
369.084
399.839
569.613
541.3
482.46
493.858
352.134
526.208
465.642
386.361
188.307
292.334
498.07
342.166
333.721
336.43
467.57
340.173
489.915
395.435
284.993
599.136
476.962
313.763
492.826
482.253
672.85
555.024
348.638
472.456
534.518
663.087
331.359
340.436
492.632
514.84
360.18
487.834
332.064
359.626
399.645
645.576
444.278
354.155
343.15
589.581
411.262
371.715
385.628
552.752
391.6
400.033
501.959
548.214
469.622
458.064
415.036
375.742
535.499
508.58
540.293
323.887
384.209
610.558
376.15
430.966
436.041
521.316
347.186
692.591
583.343
461.521
438.29
449.422
438.704
340.622
536.909
468.657
517.32
318.721
521.895
458.45
364.214
453.314
361.905
546.088
520.035
381.606
471.231
544.762
504.712
371.747
522.797
473.402
520.797
551.897
431.701
341.913
462.423
319.982
386.771
439.504
394.05
437.33
418.12
461.076
356.435
298.535
368.066
374.06
365.298
395.81
488.044
383.096
310.525
368.855
535.67
388.522
488.363
418.395
461.15
464.446
560.842
456.921
314.174
323.104
482.826
378.026
305.136
520.642
338.128
367.437
486.47
437.711
326.983
339.454
508.199
600.405
545.929
328.067
453.096
465.492
394.847
384.712
369.599
523.144
341.134
352.502
352.771
447.449
386.833
410.249
404.126
535.836
431.497
397.225
457.443
559.73
434.092
455.571
363.619
341.291
307.229
483.745
445.424
444.677
378.341
391.738
378.374
325.779
352.522
311.843
366.67
426.355
299.094
312.189
435.616
408.936
439.577
570.057
460.722
782.322
618.834
403.213
394.86
340.049
374.188
379.927
546.211
465.753
375.255
449.109
487.255
302.493
312.836
338.365
352.042
285.779
390.55
428.986
450.502
340.47
499.392
547.918
569.128
324.625
380.318
356.936
518.613
391.899
365.967
716.875
361.251
468.406
407.869
505.813
413.572
522.829
391.859
387.95
519.512
475.802
353.531
488.564
460.871
453.506
624.423
531.835
370.402
355.187
344.289
526.701
445.28
405.211
757.424
354.594
388.721
345.698
471.129
342.708
570.417
300.956
346.002
371.822
320.847
365.853
386.389
452.878
348.977
343.012
373.414
358.741
624.074
465.039
334.895
300.89
328.364
319.279
484.037
839.258
517.406
498.029
427.136
677.125
448.193
396.72
371.197
506.202
507.694
413.876
568.284
336.829
554.194
281.354
552.933
566.207
497.115
754.275
865.099
531.548
673.956
458.485
464.747
365.212
545.715
464.591
583.015
516.175
652.272
514.633
330.733
361.799
321.867
278.613
380.001
430.353
467.339
306.779
537.623
361.232
385.356
384.982
502.159
427.331
466.076
351.249
311.398
382.825
439.936
458.639
406.799
442.093
572.258
474.467
410.238
329.267
483.058
306.513
339.345
338.35
743.519
354.75
516.163
382.591
313.056
720.376
375.061
383.464
385.063
323.885
465.888
778.266
472.321
519.31
348.294
611.659
405.293
388.64
484.831
456.137
399.792
302.464
561.864
382.591
464.927
390.251
540.899
281.866
453.3
496.901
387.084
376.114
549.355
391.746
566.108
427.312
557.311
337.292
349.495
313.44
490.588
835.915
317.701
448.126
447.504
400.454
326.805
435.755
385.655
541.035
484.643
490.914
462.347
374.793
604.601
445.822
405.123
299.65
412.636
563.01
387.225
590.893
361.363
550.202
337.217
498.365
370.083
769.208
403.414
484.805
538.628
360.045
392.363
397.584
441.601
397.666
313.368
373.244
361.203
474.771
451.258
462.045
458.145
514.124
525.314
554.35
392.679
628.434
256.042
375.389
451.801
373.4
468.7
352.781
667.457
460.852
410.243
401.582
447.053
347.74
541.691
329.364
496.068
352.138
436.321
337.048
427.869
359.509
572.356
445.688
513.71
364.804
278.208
379.022
482.029
389.748
574.92
483.469
450.115
434.211
544.467
479.537
419.422
370.579
310.992
327.28
353.821
434.348
457.106
451.536
407.333
606.081
342.679
496.552
451.028
544.836
476.898
335.815
297.553
501.326
995.411
499.98
312.139
343.47
393.749
359.987
357.374
482.864
380.426
554.727
386.48
550.124
342.232
356.972
417.421
769.533
318.508
568.406
585.689
372.231
521.7
431.479
405.093
581.08
578.294
278.59
572.314
366.828
386.6
306.506
360.603
457.687
398.419
385.199
330.214
382.605
509.618
340.224
817.436
521.252
443.442
459.935
569.806
314.547
435.43
353.348
331.826
288.987
382.746
750.176
308.549
644.251
392.664
376.239
447.105
609.316
367.335
469.802
526.443
390.848
328.875
591.742
405.625
491.54
380.406
402.038
439.124
539.235
308.291
252.572
426.179
804.436
437.467
427.719
461.776
384.962
368.933
551.609
404.043
283.093
420.589
293.834
505.172
381.512
364.985
302.158
326.318
375.346
357.454
602.202
408.466
534.873
403.971
466.111
417.91
370.072
418.972
856.383
645.949
488.554
637.402
247.928
335.783
588.641
258.678
345.831
342.981
576.162
529.609
347.266
492.616
419.658
390.933
342.322
516.538
524.473
523.802
342.639
380.735
382.522
471.428
382.744
408.821
326.068
349.324
407.917
364.438
320.365
347.383
395.275
537.502
802.844
480.573
374.81
373.838
576.122
301.294
514.341
392.05
619.153
346.575
543.473
336.035
369.696
576.146
449.186
355.635
487.906
370.518
436.994
523.882
591.415
371.563
