1414.27
2147.68
1182.74
1403.42
1094.17
1819.95
1423.93
823.075
1085.38
2320.38
1087.11
1299.42
1687.43
1416.29
1714.27
1135.8
811.537
1557.93
1457.92
1199.19
1090.53
917.201
1260.94
1387.21
1142.65
958.856
925.307
1153.96
1047.03
1062.41
1503.47
1603.16
1365.63
1357.96
934.634
2276.85
1107.8
1051.46
2254.97
1044.5
900.11
1368.03
977.981
1273.55
1054.41
1203.97
1034.49
2728.8
1061.56
1133.82
1283.9
1637.53
1428.75
883.752
2223.71
1616.38
1108.22
1025.82
1024.36
1497.11
1072.11
1904.16
1059.09
874.553
1954.44
1001.55
941.203
1279.5
1072.08
1411.71
1066.07
897.49
967.127
1638.41
1709.49
1363.06
1437.11
1388.55
1276.27
1801.12
1512.81
1087.28
1142.69
1303.69
1208.76
986.27
1230.87
1560.16
1297.54
1185.97
937.453
1269.67
2179.02
1537.95
1168.34
1507.67
845.814
1530.79
903.768
1170.05
1145.17
1330.28
1119.09
1250.49
1267.19
1965.59
1048.37
1430.58
1008.24
871.511
1656.9
993.889
1349.7
888.37
1020.98
1025.76
1472.38
1431.33
2227.26
1020.02
1289.32
1428.96
1313.22
937.359
1224.93
1018.98
1486.26
1658.53
887.327
1382.88
1498.98
915.959
1374.31
1347.95
1477.68
1119.29
1289.66
1442.02
1373.88
1262.28
1572.13
908.268
1144.34
890.005
1056.66
1048.66
945.006
964.963
824.014
963.999
1504.14
1970.37
1501.5
1475.7
1002.26
1286.68
1162.67
1557.13
2164.09
1595.05
1140.73
1585.93
1436.33
1430.68
974.814
1644.59
1735.89
1310.22
1010.49
1301.23
1003.97
891.374
1676.06
1140.98
1265.6
1502.47
1009.11
799.934
1888.34
1286.38
1330.92
1660.96
926.148
942.53
1396.44
1404.53
1143.82
865.494
1414.83
957.176
1338.57
1515.4
1461.09
1369.37
908.902
1285.53
1422.35
1016.41
1254.16
847.596
1807.88
1143.69
1357.7
1348.94
1054.09
1214.57
1087.45
1085.77
1136.09
1143.78
1013.97
1175.26
984.739
1396.62
861.175
904.284
1495.57
1397.93
1373.84
1580.74
1233.8
1784.99
899.276
1258.75
1676.61
942.516
997.394
1625.19
1071.01
988.971
1524.76
1010.83
1644.24
1956.96
1388.93
1149.62
1010.03
1163.64
1170.05
1077.2
1500.64
1307.53
1812.24
1765.16
1375.37
1251.3
1105.57
1249.39
1068.87
1429.46
1041.67
1359.96
1085.94
1240.13
921.657
970.21
1689.53
1693.23
1334.66
1650.19
1136.95
1466.43
1256.1
1315.8
868.577
1369.05
1490.68
1073.55
924.614
1420.09
987.984
1083.93
1681.4
1408.56
1340.08
1074.01
1075.57
1179.49
1315.27
1440.38
1206.56
1302.4
881.301
1561.13
1079.82
1464.11
1411.15
1172.62
898.217
1242.44
1411.42
913.188
992.954
1770.78
1010.65
1321.01
1033.29
1190.1
680.158
1694.4
1492.16
1317.52
880.983
1004.7
1246.03
1453.93
917.373
1467.54
1076.07
1183.32
1926.75
1497.28
1339.51
837.107
1006.65
1346.88
1792.97
1068.43
935.264
1621.47
1354.27
1637.47
1185.43
1268.52
1737.66
934.327
1267.25
1198.05
1096.14
1121.57
1405.29
1175.2
1121.87
1724.7
1251.28
1372.1
2217.26
1014.65
2050.67
1034.62
1142.51
977.397
961.216
1254.21
1196.03
1601.92
1131.18
1377.33
1577.96
1115.54
917.918
1995.99
1597.06
1559.38
1706.76
981.552
1306.83
1288.25
942.195
1006.42
1467.44
997.93
876.84
1683.36
1332.74
1101.84
986.937
1074.83
1202.87
1053.18
906.873
2209.93
1544.82
1436.27
1175.12
1356.38
953.068
1629.53
1159.02
983.113
1119.21
1460.68
1335.96
891.793
1468.55
1566.83
1206.62
863.331
1208.72
992.698
1372.75
1485.85
932.182
1430.65
1001.31
1068.51
1030.22
1068.84
1069.55
1597.65
1566.28
878.193
916.085
1377.03
1351.04
1314.19
958.464
1209.01
975.216
1114.17
1346.25
1059.52
958.238
862.667
1263.4
1028.01
1782.45
1080.35
1458.98
928.529
1590.22
1567.25
1414.09
1438.97
883.897
972.28
1517.4
1620.99
1010.22
1333.66
1849.93
1009.95
1111.96
1054.18
1429.51
1409.34
1664.82
1751.82
1005.59
979.772
1119.12
1633.29
1012.25
921.427
1314.5
844.518
966.87
1056.13
1225.18
1062.88
1442.66
858.164
1223.38
877.101
813.266
1270.58
1089.6
865.259
1336.86
1564.24
1044.35
876.862
956.985
1092.63
1352.18
1054.83
1191.62
1540.81
1786.94
1544.44
1197.02
1349.97
1016.6
1815.59
1654.7
1059.4
922.236
1380.69
933.026
966.273
1316.74
1226.91
939.928
1488.96
1491.96
2274.39
1331.96
1980.75
986.221
1195.05
1488.41
1486.96
1107.27
1188.65
947.394
1024.8
1290.18
1631.25
1057.71
952.477
1462.66
1731.91
1287.91
1068.93
1422.1
1281.56
1371.77
911.293
997.95
1474.74
959.05
979.785
1339.22
1117.82
1643.37
1387.62
815.574
1270.06
1645.73
1706.71
1544.22
1095.57
1280.04
1313.56
1000.55
1613.33
1130.51
1449.41
1422.62
1097.34
1288.28
994.443
1050.51
1893.29
1557.08
1408.36
1599.01
1312.64
1014.86
1156.62
1497.78
861.523
1484.5
1033.9
1434.59
1152.37
1432.92
1389.16
1050.32
1079.12
963.02
2581.19
1845.02
1670.93
1141.23
1374.26
1222.67
1405.61
1371.7
1006.19
1519.97
1271.18
1535.61
1363.55
1251.91
1055.85
1466.62
1225.27
959.247
1454.88
1101.51
1095.87
1659.66
1366.32
1128.49
891.191
1093.55
1058.63
1150.22
1373.22
880.675
1019.1
1126.62
1232.07
1010.07
1114.53
2027.06
1365.71
1341.42
1032.26
1343.82
1293.81
1339.04
1422.27
1410.23
1425.11
1281.22
1384.54
1003.14
1177.82
739.161
1345.11
1373.61
1591.57
1062.22
1169.01
704.091
1333.16
1043.51
889.589
1004.84
1184.83
1174.03
1546.62
857.947
1101.89
1670.8
1074.13
1403.35
1419.8
1049.19
1111.4
1894.69
977.712
983.851
962.666
1265.55
912.291
1243.92
826.414
1307.9
1542.06
1022.26
1103.5
892.45
1657.1
1479.62
1360.84
1508.43
988.989
1391.61
1337.34
1332.15
1412.8
1180.17
1095.36
1332.77
1167.33
917.852
1060.89
1066.84
1268.96
1145.5
813.41
1339.53
1039.76
1170.03
1080.25
1095.08
1177.58
726.649
1074.73
1038.73
1125.15
1535.18
1257.84
1142.68
803.275
800.087
1032.48
913.427
1418.2
1169.16
935.444
1086.03
1088.7
1153.92
1098.18
1030.36
1338.23
1345.16
1507.97
1490.03
933.142
1099.38
1280.7
2064.48
1344.97
1366.93
735.023
1537.61
940.769
1043.81
1147.8
1022.24
1031.33
1175.06
1103.89
1595.26
1273.43
1629.93
923.02
1487.13
1380.83
1552.8
1193.99
1315.19
1517.5
1705.56
1042.89
889.094
800.577
1046.31
1474.57
2281.72
1473.37
1134.96
937.054
2292.28
901.735
1610.37
983.691
1362.65
1127.6
1231.1
1637.88
813.034
1474.2
1136.42
1180.93
1441.12
1160.41
1317.52
1400.86
1357.59
1443.37
1077.3
2045.86
1264.21
1419.5
1602.8
1484.64
1559.69
1062.55
2178.2
1243.49
1279.19
1015.66
1593.23
1252.03
1227.78
917.663
1376.23
925.902
846.625
887.8
1020.98
1333.86
855.48
1334.45
1297.95
891.514
901.718
1099.26
1086.96
1386.62
1035.78
1470.51
1044.75
1082.15
1455.54
1534.22
1151.5
1112.23
999.013
1799.17
1317.49
1772.17
943.762
1514.18
1197.51
1473.59
1599.9
947.907
1695.32
1305.72
1085.87
1146.63
1299.14
1363.74
1610.6
1195.52
1065.37
861.477
1354.61
854.602
927.031
2373.45
1013.71
1087.78
1020.82
1771.02
2227.68
1464.06
1320.88
1071.17
978.269
835.385
975.988
1377.26
1373.94
1044.33
1419.95
1022.01
1241.63
1032.06
1428.5
1082.68
1201.2
1850.89
1415.03
1487.76
1049.12
1131.29
1108.9
916.191
1045.01
2505.36
1105.17
1390.93
1200.57
1238.37
971.23
1549.26
1380.02
1227.18
976.822
1339.38
974.01
1373.22
1525.29
1395.2
1042.67
769.729
1397.53
1363.94
1282.56
1156.52
1006.5
1303.53
2002.1
1224.11
1473.87
1322.14
906.221
729.853
1014.51
1550.71
1029.24
1365.47
1236.34
840.551
1629.88
1041.49
1335.12
1147.96
875.868
1297.07
1416.53
1248.3
1389.01
1075.32
1620.34
965.868
1209.39
1067.69
855.647
1764.73
889.526
956.591
2397.17
1772.85
868.024
1652.57
928.267
1218.69
1036.15
1738.06
1016.66
1628.05
1498.66
1389.39
1248.88
1431.88
1486.18
1071.7
1007.19
1304.46
1003.65
1386.22
1354.81
1453.52
1276.94
1350.2
1521.03
2024.34
961.01
1124.85
1343.75
1041.19
1136.98
1520.04
927.407
1172.59
1515.73
1028.94
779.229
1257.64
1115.9
1092.65
971.235
1037.36
1490.45
1515.23
1014.37
896.346
1270.33
937.205
1375.32
1137.85
1458.59
1661.88
1437.14
938.855
1054
1658.57
1123.91
1407.45
1339.34
819.702
1305.23
1647.92
1376.67
1388.9
2181.86
1336.59
1138.63
1490.74
1139.73
1185.92
981.339
1449.85
994.468
915.995
1508.83
1089.41
1154.77
1378.39
1904.82
932.577
1566.08
1665.92
1061.84
1577.74
1049.48
1548.37
1473.49
1072.36
752.032
1166.68
1153.31
1639.13
896.179
1237.6
1100.9
922.225
924.93
1628.84
1241.3
1078.05
985.197
1340.47
913.597
1323.26
1625.36
1181.67
1014.83
1585.91
1032.91
1069.41
974.372
1120.48
1537.66
1628.39
1714.32
927.664
1261.28
919.456
1116.87
1254.84
1344.23
908.801
933.066
892.66
1186.19
1456.56
1394.75
1038.23
902.731
984.77
1570.78
1311.17
1134.52
1329.05
952.859
1483.87
1520.03
1213.06
759.576
1661.72
1431.41
1345.85
1748.73
925.192
829.645
959.604
1444.59
1116.36
1052.96
1280.81
1575.83
978.18
1853.53
1047.54
1254.44
1130.42
1394.82
930.494
1386.85
1733.62
1877.09
1039.09
1518.77
1475.49
1028.12
1338.71
985.331
1661.87
1145.46
1631.93
1196.27
1617.99
1026.79
1237.98
961.564
874.197
1335.17
964.615
1430.45
1012.39
1493.14
1099.18
1445.86
1248.9
1148.29
1060.27
1118.57
1264.13
952.151
1165.32
1053.06
1554.59
1053.9
951.328
1029.53
1172.82
1488.37
1206.57
933.029
1022.65
1111.64
2371.85
1553.53
1476.82
1384.7
1265.19
1433.79
1576.1
868.388
957.515
1288.94
1453.78
1198.65
1318.98
1154.9
1024.62
1335.52
1061.07
1409.7
1359.39
926.582
1272.14
1114.49
1008.13
954.265
2078.39
1392.76
1299.31
1690.03
1247.88
1257.26
1415.29
1312.45
1056.53
1089.78
992.362
1124.25
1233.54
1868.37
939.935
1267.99
1246.7
1239.74
1525.24
1358.11
1366.81
1361.14
1569.01
1321.02
1059.49
999.727
991.13
1029.69
1201.12
2312.12
1384.87
1143.11
884.813
967.69
1386.51
976.161
1376.16
978.95
1151.93
1104.71
924.418
1485.05
2104.85
1110.11
1132.85
1314.93
1494.6
1013.94
1523.46
929.677
945.602
906.948
1508.39
1116.77
1291.49
1332.03
892.58
1852.22
1309.97
1741.55
1320.66
1568.53
1824.47
1246.76
1405.96
1468.07
1276.2
1018.64
1843.4
1220.94
1583.68
843.981
1348.58
1146.06
1452.79
974.758
1235.75
1323.53
881.035
1197.13
959.458
1038.24
1127.79
1340.4
1062.14
1210.04
1195.38
1513.32
1241.37
971.53
1144.31
1667.58
1275.23
832.304
1014.5
1068.43
1398.62
2130.9
1086.2
1219.1
1369.94
1367.14
970.346
991.482
1484.92
1577.22
1377.46
911.152
1435.14
1567.05
1017.36
1363.49
994.441
1193.62
1041.3
1035.4
913.244
1271.92
1192.46
1096.61
1335.8
779.478
1055.24
1370.77
1831.63
1450.66
1396.94
969.158
794.63
1770.92
1405.24
1268.99
1522.84
923.266
1428.75
1071.4
1680.68
1141.87
1660.08
1215.14
1341.23
993.132
1004.86
1564.65
887.653
2116.89
2278.86
1207.41
1561.95
803.856
866.504
1145.65
768.855
1109.94
1193.38
1424.55
834.318
853.121
1187.98
1292.34
1043.3
1297.33
1154.92
1118.67
1935.51
1248.33
1170.1
1397.07
1315.51
1046.74
1141.02
1244.02
1481.85
1173.21
1323.4
1509.03
1050.65
984.748
1259.09
873.179
1458.49
1029.05
1312.54
939.441
1499.2
1060.2
900.244
1338.77
1172.14
964.43
1316.02
1470.17
1627.79
1435.47
1436.13
1290.99
1371.17
1817.15
1288.76
1087.42
788.388
879.447
1283.65
1489.17
1422.28
1121.62
1048.94
1580.35
1516.8
1371.05
1032.04
1502.48
1061.3
1056.1
1271.02
1105.44
1354.84
1488.75
925.807
1082.12
1039.47
1607.05
1189.52
995.614
1380.61
1422.75
1286.04
973.74
732.673
1586.6
1020.47
1713.08
987.401
1338.17
1106.06
1145.56
1036.91
1638.18
1031.99
1155.16
816.996
1756.36
1277.87
958.899
1472.93
1115.96
872.451
1291.92
1247.54
1733.61
1495.5
1213.2
1074.94
1179.95
1002.15
1414.9
910.825
1390.91
1515.29
974.188
1392.74
763.541
1400.95
1601.07
980.49
1013.92
2279.51
1295.09
1639.17
995.442
1374.8
1327.02
1431.25
1269.8
2288.93
1246.53
1603.56
1295.29
1360.05
1341.72
914.59
1258.16
971.639
1330.3
1515.67
1348.32
1040.03
1252.82
970.537
993.668
1181.42
1671.36
1722.99
899.653
1383.95
878.544
1348.28
1754.62
1033.19
1364.46
1489.84
1337.12
1212.35
902.345
1298.4
1003.37
1534.47
1316
973.886
1802.82
1303.8
1109.59
1327.83
1268.14
1171.31
920.762
1488.23
1076.41
1305.05
1115.6
1408.99
1242.63
999.603
973.966
1158.96
1041.1
1084.57
1045.52
1012.03
1176.66
1476.31
1325
1353.78
1171.31
882.171
943.533
826.174
1019.6
1074.8
1090.61
1099.59
1192.08
954.879
1259.34
1249.76
1041.7
1467.49
1605.7
1281.8
887
1026.69
1003.75
1526.1
1055.3
1115.8
1014.01
1126.95
972.566
1529.16
1357.77
958.747
1076.07
1697.39
1543.54
1909.99
1318.52
903.875
1581.23
874.608
1124.22
883.641
1498.28
1047.74
1480.03
1634.95
1498.66
1270.87
1294.2
1279.82
1382.56
1467.61
1588.18
1015.29
905.665
815.074
1743.7
992.886
1260.43
2575.53
1415.64
1441.43
1509.13
1110.22
1793.09
1374.32
1361.05
1054.52
1374.37
891.247
911.285
1631.24
1528.25
950.871
1281.3
1751.68
965.394
2231.47
995.432
1003.5
1490.61
1041.57
928.922
1048.96
1384.15
1297.67
1846.36
1475.75
1519.86
1037.11
937.674
1322.06
1182.22
1397.74
944.144
894.441
1489.28
1517.44
920.524
1258.24
1558.8
1479.31
1530.13
1199.04
1092.97
1152.19
1069.76
1699.67
1070.96
2007.98
1623.77
1075.87
1490.81
1240.68
1086.78
1085.73
1666.18
1401.56
1394.48
1570.03
919.058
969.838
1027.52
1275.96
1318.13
894.128
1597.25
2261.69
1531.61
2508.67
993.181
1636.95
1403.19
1462.69
1198.76
1219.89
884.147
1126.91
1464.97
1426.21
1357.26
918.16
1280.2
1089.63
1389.39
1423.17
1059.95
897.521
1615.64
986.205
1067.87
1527.43
1532.74
1337.67
1283.57
1365.47
1338.52
1049.95
1292.07
1303.8
666.675
1599.68
1422.81
1702.86
1120.68
1568.96
1722.52
1311.66
1252.96
914.828
1077
1501.58
1303.58
941.373
833.997
1009.32
1412.84
1352.77
924.001
2056.17
705.418
1616.97
1142.85
855.73
881.477
1351.86
916.119
1537.83
1356.08
1453.63
1503.12
875.43
1108.84
1436.1
1809.13
1053.32
1705.43
1374.27
1590.5
1515.19
1007.77
1323.31
1789.32
1476.24
1056.09
1446.42
1425.51
945.813
975.614
1419.93
1316.26
920.805
1291.53
1730.8
1051.34
1807.27
1455.47
1291.8
1381.52
954.929
1646.59
1907.14
1794.24
1483.31
1530.33
1153.99
1099.99
1360.08
966.962
947.823
948.897
1004.06
842.487
1548.18
1453
994.313
1508.62
1393.95
1491.64
1048.54
1451.83
1225.14
1568.22
1456.31
1376.6
1523.26
1263.43
1184.38
1408.11
1242.45
1100.1
1065.34
1070.5
935.475
1272.41
1547.35
1495.13
1644.61
1413.89
1081.84
1262.75
1211.91
1600.09
1373.09
1081.52
1429.43
1991.99
2124.95
855.965
1239.44
975.2
1144.12
899.357
1087.12
1419.44
1321.06
1409.21
1106.3
916.509
975.839
1334.31
1098.81
1637.72
1328.04
1025
1084.78
1172.69
989.55
1531.9
1011.41
1635.33
1051.39
1439.99
957.727
982.546
860.927
1373.59
1137.28
1408.59
1602.47
1074.19
1064.86
1075.55
1572.69
1273.67
1301.68
1295.94
1247.25
1026.19
1022.91
1541.57
904.853
1329.26
886.506
1347.39
1240.3
1145.53
1023.52
1421.18
1101.01
1187.72
1053.78
1364.9
969.291
1399.73
1316.31
1094.05
777.718
1525.48
1121.77
1071.2
1797.35
1110.38
1882.99
1066.68
933.561
1039.14
1948.65
1687.66
1791.35
1538.2
1626.53
1250.82
1440.76
1446.84
1433.83
1133.59
1253.55
873.767
1482.5
1381.69
1435.37
1396.87
1664.78
1205.56
1635.75
2145.65
1057.3
1013.19
977.652
1434.15
1115.99
1610.99
1030.66
1485.25
1046.62
895.829
1377.76
903.195
1115.14
1300.77
938.176
2023.28
1522.47
1111.19
1142.12
1030.64
1085.29
2477.92
1131
1429.8
1518.48
1189.38
1541.13
1081.5
1440.54
973.193
1057.49
923.539
1057.15
955.32
1274.64
1063.51
1213.2
1016.22
1320.95
1343.59
1500.77
1520.02
1067.82
1274.89
1001.79
1389.37
1391.02
1387.33
1460.24
1534.88
1434.22
1305.27
1595.11
1742.59
1470.21
1191.28
931.217
1502.21
1234.48
1308.55
1501.73
1013.67
966.295
2393.83
1312.6
1049.96
1262.24
1481.97
1345
1462.12
1033.87
1163.13
1356.18
989.235
1372.47
1157.08
1070.62
919.206
1290.46
916.726
1475.07
949.208
1182.21
1109.82
1353.68
1206.8
1494.96
1455.05
1210.4
998.916
1197.2
1045.39
1398.76
924.798
1063.75
1026.97
1753.4
1499.8
868.586
1605.68
1002.42
1465.75
1316.6
1087.32
947.833
1414.8
1249.16
960.303
1466.42
1428.76
1585.32
1046.91
844.451
1456.84
843.122
999.338
995.214
919.4
1533.24
1414.52
1061.79
1026.43
832.114
1272.09
938.543
1034.04
1158.2
1345.08
1456.53
1172.7
1443.71
1410.11
2202.69
981.678
1227.34
1080.26
958.857
954.444
1462.91
988.55
1014.04
826.17
2629.56
1250.58
1738.07
1170.26
1676.63
1211.72
1508.39
1274.22
1342.36
942.596
1309.94
1962.5
1206.18
1036.48
1442.58
914.762
1022.75
1096.19
1186.25
971.958
890.756
1106.15
899.549
1160.48
1343.59
1000.26
1557.13
1269.29
1104.52
1028.93
1049.79
991.245
1131.07
1268.5
962.344
1364.49
1430.08
1211.31
1176.05
1555.93
1837.43
2267.79
943.332
1880.68
1048.56
1317.93
1361.03
987.227
1047.84
1271.68
1274.62
1582.76
985.309
1080.57
1408.04
1022.09
1368.15
1233.55
1341.27
1084.82
1523.62
1110.31
1053.68
1331.75
862.418
1483.95
1482.69
1156.4
1057.9
1067.95
1609.2
931.359
1446.83
1570.77
903.953
1136.64
1259.07
1134.87
1563.61
1373.34
951.328
1551.49
1441.7
1096.38
998.806
1301.97
738.197
1536.63
1236.51
974.735
1001.06
989.763
1087.07
984.872
1060.13
1879.63
1028.73
1914.02
1126.31
1754.62
1301.62
1385.98
969.424
943.476
1453.59
1483.07
1257.11
1140.34
1896.51
1123.61
1239.31
1504.64
2130.95
1144.81
976.497
1223.45
991.463
1326.48
1472.76
1308.67
1606.43
1158.32
897.372
1197.53
1493.86
1231.87
1559.58
1433.13
1424.88
867.186
1213.75
1454.68
1242.08
1369.46
1341.99
1335.11
1123.68
1034.75
944.999
944.936
863.08
885.334
1382.04
1012.83
974.365
1326.92
1534.54
1123.85
871.817
1092.24
1419.75
1275.63
1021.94
960.466
1552.06
1421.73
1415.31
905.231
1378.33
1085.47
1515.16
1393.27
859.075
984.636
1600.26
1407.11
944.392
1579.1
1724.34
1897.36
1544.48
973.024
1056.06
1554.55
1081.74
1354.36
1608.33
1270.38
1278.88
1015.88
1498.01
809.735
874.608
967.888
1093.93
1567.22
1252.57
1212.44
1256.16
1574.35
1367.49
865.701
1122.09
1054.66
1333.85
863.431
956.725
1402.12
1069.44
1346.31
1179.18
1842.79
1390.84
1108.53
990.966
1555.58
1037.55
1000.16
1045.15
1863.54
943.162
1506.73
1116.49
1084.85
1988.69
1650.54
998.779
1219.94
1000.84
1266.8
1471.98
1347.92
1256.72
1098
1067.09
941.404
1073.04
1524.83
1424.73
1281.62
1653.32
1058.72
1352.73
1026.25
1181.25
1291.02
1687.32
895.141
1419.07
892.575
1489.08
2077.39
1317.66
1665.15
1021.46
962.273
1260
985.706
1190.26
1333.92
1655.21
1745.61
1150.7
1006.37
1009.69
1432.54
1741.09
1344.89
768.828
1110.43
1970.61
1077.57
1193.84
1424.08
1322.45
970.866
1158.6
985.619
930.457
852.028
1217.83
1179
1392.95
1528.01
1141.27
1006.19
1451.48
1260.24
1156.17
1485.32
1400.33
1626.35
1499.58
1600.12
1070.15
1053.02
1543.39
1364.53
1470
969.454
1296.61
1143.68
1402.17
1760.56
1574.34
961.994
1035.43
986.667
1009.65
1312.88
1295.84
1441.87
896.251
2134.99
931.484
2409.53
1127.35
1265.76
1494.31
1429.61
1065.58
1016.08
1368.02
1188.41
1172.78
2102.69
1409.11
1241.7
1194.06
1601.09
1021.77
1299.42
1137.76
1205.41
1580.53
1363.87
1046.79
1401.2
1026.76
920.287
1363.9
954.896
1181.07
1386.88
1051.38
1571.42
1372.69
1426.95
800.953
1415.71
1120.75
1101.09
915.408
1240.13
921.087
1480.25
1427.42
1274.87
1348.27
1327.19
1274.79
2082.03
1349.83
937.413
829.626
1334.95
1037.49
1313.84
1076.89
1062.38
1225.71
1008.77
1181.57
1162.07
1737.72
893.088
1507.62
845.671
1246.94
1228.57
1137.94
1514.72
1436.41
1653.94
951.331
2007.54
952.379
1644.88
1497.01
1265.27
1366.75
2398.47
1003.57
2439.92
1620.2
1349.85
1370.21
1572.28
1230.74
1152
1468.36
1211.84
1504.32
1167.62
1365.6
1572.99
1112.94
923.99
1302.36
1001.89
1041.64
1354.96
1088.96
998.411
1103.07
1363.18
1117.42
1348.16
1574.47
1118.99
1330.38
1334.04
1653.89
914.59
2115.77
935.031
1033.32
796.233
1147.81
929.941
1404.55
990.041
1060.04
1254.27
1295.67
832.568
1250.18
1031.95
1219.59
1480.51
1191.86
956.823
1466.89
1467.95
932.534
1045.14
1349.79
1238.4
1082.82
1249.24
1298.91
1229.74
1035.97
1186.44
1579.05
818.913
1385.19
1296.89
1682.71
1115.8
1467.79
1403.92
1323.9
936.442
1274.25
1247.46
1492.31
1200.07
1013.05
1421.32
1584.55
867.514
1245.53
1048.29
878.059
1558.67
1089.93
1021.89
1088.8
1131.01
1154.47
1197.76
1384.33
1511.48
905.135
1029.41
1377.29
1030.91
1046.51
1425.33
1105.61
1017.06
1540.2
1093.17
983.774
1147.24
1599.49
1381.09
1521.46
1628.57
1548.86
1346.42
1652.01
1322.1
1264.79
1385.97
1577.33
883.765
1385.78
1671.15
1472.98
913.117
1015.16
1199.81
1105.2
1105.08
1293.18
916.47
1411.83
1009.25
1363.23
1247.1
1551.48
1433.02
1273.27
1284.94
1322.42
1496.72
1094.01
1290.51
1417.95
1335.79
1283.67
821.473
1216.66
1515.43
1040.2
960.976
1557.43
1136.99
1282.92
1048.01
1383.11
1370.36
998.662
1577.35
1050.15
1036.09
862.382
921.116
882.413
969.858
1390.96
1153.84
1017.7
1423
1131.43
1130.19
1110.25
1274.65
1107.51
914.723
1016.91
772.23
2064.12
1536.21
1067.46
822.722
1566.94
1200.36
1713.82
1471.52
1120.85
1247.14
1603.31
977.842
1017.47
1122.06
1380.55
969.902
887.657
901.048
1114.56
1036.31
1457.33
997.678
1093.53
1039.78
1348.19
1120.38
1287.18
1399.17
1479.53
1309.08
930.06
960.685
1588.61
884.169
1117.83
1526.41
1140.89
917.63
1469.19
995.247
967.799
1285.81
1279.61
1385.75
1403.94
1412.43
1176.83
953.39
960.869
1054.06
1004.97
962.077
1486.37
2325.1
950.794
1169.64
1134.88
1110.86
1018.62
1042.59
1622.31
770.719
1385.04
1524.19
1117.21
779.274
1502.47
1230.22
1012.47
1150.52
1181.67
1131.88
1293.33
1341.86
1534.26
1117.52
1016.6
1550.4
871.634
957.889
1121.99
1462.75
916.809
1208.78
1632.39
1169.77
949.357
2400.13
1528.22
1303.07
1548.55
1091.62
1503.97
1428.83
1272.43
1070.18
1281.65
825.047
984.969
1336.18
1109.03
1412.23
1561.49
1405.78
1424.41
1398
1111.48
1085.14
1459.82
1387.79
1604.87
1055.39
1019.08
1361.96
1057.67
1390.31
1569.03
1461.47
1427.45
971.167
1340.02
1018.69
852.002
1641.64
1274.98
1250.75
896.136
930.088
1494.43
1041.6
1019.11
1586.3
940.956
1015.08
1246.13
1273.31
1476.07
1557.22
672.787
933.453
1060.82
1133.47
1030.57
903.917
933.952
888.987
1459.27
1494.91
1671.71
1527.39
1607.14
1272.11
1075.6
1639.24
1183.01
1184.93
1421.38
1328.23
1225.38
1288.84
800.994
909.076
974.228
1113.01
881.868
1329.55
1437.21
976.007
1361.75
1447.41
997.039
1263.47
961.956
1114.27
987.282
897.379
1243.78
913.691
1053.78
1868.1
1573.94
1559.22
1015.82
2173.69
1284.77
1011
1081.91
1032.16
1337.03
849.903
649.968
1404.55
983.375
1005.24
1151.95
1153.3
1200.72
1448.38
1436.95
1274.86
1288.86
982.164
895.989
932.099
1146.08
843.845
992.356
955.44
991.89
2326.01
1085.09
940.954
1306.93
1019.32
915.903
1232.17
1002.34
1655.42
1241.08
1306.82
1232.08
1002.67
1468.82
1271.17
1901.89
942.78
1348.06
1448.32
1325.14
1228.03
1148.89
1217.72
1599.07
956.762
1008.59
1532.74
1540.81
947.878
861.66
896.912
1507.93
1484.62
1074.38
1493.61
866.022
1240.31
1194.82
918.629
1534.99
904.455
1381.66
1239.19
1780.21
1262.47
1225.08
875.226
1187.68
1119.86
781.723
1547.02
1506.8
1012.26
930.596
2389.95
983.654
1174.95
1046.2
1480.1
1101.01
1224.88
1297.28
1244.41
1011.45
1165.93
1188.64
1341.55
1097.02
1024.1
1417.28
1025.39
1051.84
1288.1
1283.67
1753.38
1712.32
1051.65
1651.57
1338.31
1015.56
1033.05
1297.91
1586.83
1144.02
1765.51
1452.27
1491.67
1349.3
1232.36
1346.29
1098.64
911.811
1557.72
1466.99
1017.42
999.685
1746.68
1365.08
1035.71
1294.42
1077.44
1087.18
1930.06
949.014
919.349
982.091
1491.39
1632.03
864.18
1083.09
1329.15
1641.15
815.724
1327.35
1017.74
1342.33
1110.88
1037.73
1150.88
942.004
1210.97
994.022
1453.48
993.261
1619.02
1635.96
1331.78
1254.12
1472.34
1590.96
1465.56
1061.61
1213.79
1586.41
1450.88
1013.42
901.835
1398.37
1090.68
1007.81
1357.41
932.427
1588.01
1245.09
1475.58
1568.65
2053.75
1016.4
1075.31
1197.58
1229.11
923.747
1342.8
1037.24
2216.58
1524.27
1013.45
1453.38
1125.71
1057.88
1443.71
866.22
1462.6
1491.92
1169.83
1064.76
1324.49
1696.92
1496.96
1521.8
781.811
953.89
2128.75
949.867
1251.94
1762.65
1463.01
1548.97
1001.34
2642.56
1548.92
1557.76
1140.86
1394.06
960.668
1209.42
972.158
1128.29
916.18
1356.61
1092.69
992.814
2173.68
1391.07
1898.81
926.74
915.377
891.009
1209.06
1574.38
2066.56
1249.73
1407.99
2073.52
2001.02
1120.6
1224.57
1169.86
1284.56
1460.43
983.369
1861.71
1420.43
1467.27
1069.6
1428.97
1469.84
1040.97
1891.26
1495.86
1195.22
831.047
1394.28
1188.29
1830.53
1080.65
1494.36
1003.03
1275.97
1209.08
1032.31
1038.14
1498.17
1514.28
1022.44
1449.81
832.761
1309.13
1051.77
1139.8
1179.71
1747.78
1021.26
1381.95
1593.82
1627.91
1394.35
1173.61
846.131
974.479
1080.67
1884.25
1359.8
1429.07
928.532
903.814
1483.79
1392.27
1353.96
1605.8
1345.63
1066.59
1021.49
1457.17
1015.9
1080.61
1113.55
1615.26
1162.76
1189.84
1131.8
1107.38
1322.02
1110.09
1363.37
859.533
1072.2
921.652
1015.35
1203.18
985.159
1216.31
1173.03
1103.48
1102.4
1094.83
2261.1
1390.96
869.497
1131.18
866.66
1125.99
1418.13
1442.03
995.711
1227.42
1259.05
1261.12
854.789
1302.53
2116.7
1063.14
1192.77
1008.48
920.426
1481.41
1108.9
966.652
1110.25
1550.18
974.449
758.695
1276.94
950.905
3077.08
1682.33
1013.29
790.649
1805.25
1438.02
1027.35
1207.07
1116.43
914.653
1201.24
1127.45
1106.76
832.873
1615.25
1170.28
1148.72
1003.34
929.023
1040.75
1440.44
1364.04
1328.72
921.852
972.182
1462.08
1028.28
1279.04
1236.9
1058.96
1407.42
1073.83
1127.42
1615.64
1614.19
1077.28
1132.48
1629.25
1350.85
1630.84
1067.01
1020.77
1779.21
1186.69
1284.69
965.906
1106.7
1551.19
1449.48
1505.38
1296.65
1040.72
1135.93
1233.08
1001.43
1510.68
1231.41
1353.57
772.353
1199.33
1037.06
1799.63
1312.77
1130.18
1289.34
926.277
1438.5
1598.34
1154.1
1408.54
1481.45
2106.39
1330.44
1410.5
1076.95
1138.47
1473.46
907.429
1075.05
1407.93
1626.81
1360.84
1025.93
1046.46
1826.14
1120.23
1315.28
1071.37
1063.35
1267.77
1095.82
1202.19
1235.32
943.132
1261.57
974.679
1631.34
1535.22
969.935
1521.48
920.78
1612.64
915.102
1057.4
986.574
2428.3
1315.01
1525.96
1041.87
1311.97
1153.92
967.015
1102.24
1033.47
1659.56
898.339
1123.83
1394.81
1400.92
1112.92
1024.53
914.804
1279.73
1423.18
1462.67
1038.37
1354.1
1186.32
1012.61
1519.92
1426.98
1213.77
1636.68
1562.39
960.869
1462.82
1086.29
1242.96
1499.59
1180.14
2146.5
1717.74
2098.82
1032.16
1126.26
1352.7
1151.83
1178.55
1400.06
1057.92
1250.06
1348.3
2304.32
1284.51
1000.69
806.757
973.48
1483.5
1017.67
1030.98
1077.94
1327.67
1068.3
1070.87
1358.16
1220.6
1523.96
1333.97
1059.02
948.63
1480.03
940.378
1357.98
1128.61
1011.78
1116.22
1491.98
1437.04
1026.73
1110.36
795.045
828.322
989.824
1454.19
1291.71
958.085
904.865
1702.63
1408.23
883.627
979.228
875.268
823.756
1461.39
1429.01
1268.99
929.808
1052.83
1185.64
1443.74
1106.56
929.934
914.435
1322.66
1384.3
2384.35
1404.57
758.548
1178.79
916.722
1065.66
1372.33
1290.78
853.453
999.824
917.009
1114.57
937.044
1264.94
1313.5
1101.45
1729.45
1341.42
1307.09
1268.5
1134.43
1318.69
914.141
1070.33
1397.2
1315.77
1574.81
1240.9
1189.14
941.289
793.477
968.295
1270.62
1695.07
1069.17
1585.86
1331.68
1345.99
1245.32
1289.56
1543.43
1282.42
1273.13
1141.64
1295.55
1393.77
1511.78
1292.03
1410.7
805.272
946.46
1050.72
1415.38
859.432
1347.11
1010.25
1488.31
1430.98
1252.48
942.259
896.006
757.792
1560.7
1458.64
791.62
1666.7
974.503
982.087
1255.72
1522.16
1012.09
1188.65
966.719
1308.05
1416.99
1319.49
1383.45
1692.66
1430.99
844.484
1215.28
1112.8
1935.56
715.874
799.829
1503.91
1370.38
1340.69
1634.38
1016.48
1424.29
779.121
1274.95
1621.89
1151.27
918.188
2567.79
1424.59
1451.9
1439.6
1112.05
1147.34
1029.23
861.728
1464.3
1311.59
1479.8
1004.62
1240.87
1291.32
1030.32
1485.02
1096.79
1074.07
1197.18
1191.02
1289.92
990.984
1497.93
983.611
1035.77
1322.61
1551.16
1511.25
1005.72
1082.49
1642.57
924.586
1567.28
1164
1207.16
1278.32
1066.48
1834.61
1164.1
1330.81
1539.16
2869.86
1452.33
1647.47
2175.44
863.945
1323.36
993.318
1278.09
1452.25
1274.09
1628.43
1035.56
955.239
1643.88
1279.74
1061.73
1372.98
1356.2
2045.6
1193.78
1149.98
1081.15
1139.15
1872.41
1130.64
1381.68
1869.57
1072.12
1247.92
1079.44
1034.78
1069.33
2378.98
1495.75
1218
1550.58
1629.64
1041.67
835.381
1108.1
1186.77
1267.81
932.69
1213.3
1595.99
1208.56
1278.96
930.011
1663.49
1261.02
1030.99
1066.41
1243.86
1382.49
980.325
1139.5
1435.24
1420.18
1367.78
1095.51
1361.95
1039.98
958.523
1463.22
1423.86
1429.32
1733.71
1458.56
1425.93
1243.44
1955.59
1505.25
1611.18
1160.06
1037.12
1203.55
1142.76
857.67
1094.29
901.323
802.784
1382.03
1527.91
1351.5
940.429
819.339
1018.67
1557.37
1082.91
1162.18
1281.72
1184.52
1752.28
1411.56
1933.29
870.542
1150.83
1456.72
1530.19
951.719
1832.97
1039.63
2203.72
1669.97
968.86
958.666
1019.24
1056.85
1156.58
1535.71
1195.96
1306.18
991.625
1317.55
1084.31
1074.83
1064.67
991.671
1415.83
1007.1
987.609
1523
1348.04
1632.4
1436.77
1236.63
1062.24
1836.81
1045.11
1284.68
878.444
1479.27
1356.94
1354.13
932.229
982.268
964.371
1235.2
1085.73
1354.57
1152.36
1346.33
1318.96
1454.43
1521.97
1304.46
1147.84
1223.53
1963.89
1387.87
938.041
1419
1436.9
908.462
1357.46
1115.63
885.392
1121.54
1061.29
1213.99
1202.86
954.697
1698.72
1240.3
1051.54
864.23
854.622
1229.09
1479.66
1340.96
1586.28
1230.77
898.762
1062.18
1043.76
1468.99
1405.38
985.648
1598.21
1365.82
1426.27
1095.33
977.737
1450.53
1331.45
1284.59
848.192
1518.79
1680.97
1412.08
1285.16
1465.55
914.766
1426.19
951.143
1483.49
1062.4
1217.93
1492.91
1194.45
1589.47
1254.89
1359.33
1255.8
1478
1593.49
1055.42
1238.46
1544
1018.91
1258.54
1542.86
1098.48
1330.53
832.463
1518.88
1020.14
1286.81
1570.96
1460.07
1001.54
975.222
1122.58
1503.19
1314.14
1400.18
1152.99
1387.59
1456.77
974.331
746.376
979.817
839.11
1106.98
1219.67
1211.08
848.38
1000.14
924.324
1121.65
985.773
1267.59
780.717
1261.62
913.58
1369.64
1037.84
2781.44
1358.55
1250.78
1237.06
1181.87
1395.66
1538.15
832.354
1417.72
943.318
1056.74
1348.55
1044.54
2747.53
1143.03
1383.2
1139.99
1222.34
1110.04
1476.2
1165.56
1063.51
1021.87
1212.41
1023.85
943.187
1569.02
932.169
1101.23
870.71
955.703
838.104
1421.28
985.98
1446.72
979.687
858.093
1004.34
1381.67
1311.04
1407.72
1123.48
1716.12
899.211
1109.23
902.668
700.462
1335.31
818.551
1323.3
1086.93
997.474
1669.02
1315.67
1484.54
990.545
988.181
1663.19
1090.62
823.483
1153.76
2112.26
1360.99
1441.91
1709
2580.2
1601.27
1230.61
1042.74
1057.82
1398.1
1474.39
1588.78
1163.13
1023.01
1241.57
1250.81
1271.94
1546.58
1892.27
1032.05
974.955
1176.76
1254.65
1242.9
1996.42
1378.6
959.698
1394.45
1018
868.283
1471.25
1288.13
813.567
935.411
1343.87
1691.11
1129.73
1254.76
1138.95
1214.91
1035.52
1528.94
2435.78
1116.26
927.754
1287.35
1277.84
717.753
985.643
976.653
907.013
1329.75
1204.01
1509.33
948.792
1697.88
1307.85
1259.61
1182.63
1842.31
1397.22
1017.37
1487.16
1187.55
1286.42
1530.18
1058.63
1452.97
1031.38
1423.88
1422.66
1507.53
1115.98
2087.72
670.681
1490.78
1035.98
928.881
997.998
2080.02
1335.55
1009.18
948.602
1074.08
819.821
1610.16
1817.32
1454.17
1412.02
1009.69
933.615
1022.27
2617.37
1352.18
974.23
902.191
911.99
892.93
856.774
1023.2
1083.81
2918.42
1339.94
1155.51
966.967
1531.6
1033.61
1063.92
1362.96
1088.88
1108.85
1323.86
860.317
1348.5
1456.95
1452.26
936.162
1022.61
1093.43
1896.69
903.586
1252.44
986.919
978.122
1352.73
951.518
1443.44
1640.45
1594.37
857.912
1437.13
984.458
892.659
1297.73
1140.79
1103.72
1379.41
1552.31
1139.62
823.333
1244.35
1473.6
1442.31
1394.27
1073.24
855.18
1623.47
1471.34
2423.38
1141.59
1273.09
982.345
1503.28
1384.14
1055.63
835.429
1149.88
1200.14
1127.8
1565.15
1529.52
1193.41
1660.88
1258.91
1576.1
1502.75
1282.37
1554.24
1155.5
1381.56
2295.83
1145.94
843.411
1320.02
897.584
1875.85
1121.34
1219.27
1365.97
816.513
1140.23
1066.85
1017.68
865.566
1018.68
1469.26
1648.37
955.624
1237.88
2498.9
1501.51
996.181
1349.93
1461.82
1117.55
1448.96
1239.06
1791.87
1488.58
1726.25
1498.98
950.9
1447.72
1108.38
949.824
1414.22
1017.57
1288.94
867.54
1250.34
1402.76
1350.53
1453.51
1465.07
2228.73
977.328
1519.13
1108.99
952.62
1399.86
1005.76
1263.16
929.583
957.458
1502.84
1373.74
1446.52
929.252
1043.79
2158.15
1158.84
1731.75
1077.78
992.186
944.836
989.957
1562.72
1599.57
1349.65
1054.15
893.019
1191.45
1600.18
976.922
1396.83
1345.49
1536.92
1126.32
1465.31
1416.57
886.967
1040.7
1997.93
1017.93
1430.96
1326.79
1557.67
857.661
1051.98
1083.2
1253.48
1389.4
1360.79
1510.42
1037.54
962.584
1127.33
794.688
2197.84
933.004
1051.81
1324.55
1045.2
1025.17
1149.47
1319.57
1154.21
2107.76
1047.55
1255.36
1030.36
1490.82
998.852
1003.2
981.105
1095.07
1214.03
1074.87
989.738
1072.46
910.528
1897.13
1509.84
996.415
1002.34
1630.58
1403.59
956.164
1867.37
986.231
1458.18
1348.21
1278.73
1143.96
1473.54
864.236
1139.76
1095.46
1333.84
1624.67
1198.14
1991.75
1585.46
1257.28
1347.37
1658.84
1193.54
1260.14
1037.61
868.375
948.828
953.318
917.196
1512.53
1295.51
1103.11
1410.93
1212.02
2466.19
1584.07
1394.66
1362.52
1110.74
1286.11
1474.18
1380.05
1066.48
1004.44
1446.68
1046.57
880.044
956.236
1187.24
1421.49
1343.4
1100.94
1530.46
1095.27
1281.46
1413.59
1555.5
1497.15
1266.53
968
1593.72
1151.35
1381.69
923.89
988.252
997.03
1338.36
1521.39
1417.03
1858.42
952.61
1132.69
1645.17
1504.75
1303.55
1393.86
1388.97
1176.6
1009.92
996.164
1139.06
900.092
1167.18
939.726
1203.36
1259.57
1182.59
1436.13
1970.2
1034.27
1373.38
1083.19
1454.27
1055.81
1047.1
874.386
2284.7
868.47
1464.69
892.629
1468.43
880.728
1137.38
1673.29
939.137
1566.25
1111.14
910.62
940.411
1387.63
1043.91
888.852
1109.7
1011.93
1241.13
1346.7
920.474
1321.64
1433.58
1004.97
1435.23
1331.03
977.333
995.144
830.866
983.798
1119.18
1623.8
1111.86
1398.03
1374.08
1325.6
1008.38
1459.9
2134.47
1130.37
1071.2
1458.62
1247.64
1389.9
1069.04
981.554
1631.03
1420.58
1115.65
1267.81
1413.85
1207.45
1242.21
1625.86
1386.8
1264.28
1580.51
1421.09
2245.19
934.134
1074.37
1009.64
1277.87
1219.54
1176.83
969.457
1174.2
1534.55
1329.5
1351.11
1328.85
1276.47
1551.96
900.815
1215.94
1277.68
982.897
1476.63
1434.29
1434.81
1409.12
1389.06
1263.56
1313.71
1517.22
1505.2
1327.59
994.814
918.061
893.777
2331.5
892.467
1181.06
801.214
1022.27
2250.26
1350.9
1020.57
1666.96
1006.07
1394.49
1578.29
1695.45
1221.56
1037.74
1412.73
1594.95
1364.83
717.225
1426.74
969.409
916.979
1433.36
1161.65
1071.01
1689.96
1261.54
812.857
2196.18
1265.39
1414.35
1237.18
1449.16
1193.56
1058.55
1498.5
1288.96
1030.09
1510.41
1087.25
1708.91
1471.58
931.062
1041.43
763.643
941.073
1291.56
958.997
1723.82
960.253
1130.86
974.403
1097.53
1120.91
1697.99
1017.42
1412.79
1372.87
1011.24
1363.09
1405.59
1465.46
1086.98
1424.41
1077.69
1020.97
1009.22
1867.8
1019.53
1086.14
1454.83
1093.88
1570.87
1468.01
1512.39
1968.13
1164.27
2128.72
1111.67
1682.58
1060.11
911.267
1079.62
1502.07
1026.4
1304.06
1369.82
1415.63
1058.93
1361.33
1235.95
1097.42
985.75
1212.11
1356.22
909.742
1209.32
2457.02
1142.71
1478.09
1978.93
1030.02
1083.19
1048.53
1542.54
1180.49
1226.58
1455.1
1453.52
1301.23
1101.25
1013.01
1064.52
838.332
1001.54
962.968
1585.33
2581.97
1488.01
1443.79
1250.77
1129.85
1146.86
1291.07
1588.45
1444.22
1092.5
870.236
1264.99
951.23
1624.62
1535.5
1488.05
1544.31
1305.56
1939.15
1219.88
1121.25
1549.61
939.336
1042.39
806.767
1269.36
1080.65
1355.82
1279.53
1545.99
1562.19
938.019
1110.57
894.841
1406
784.075
798.826
1215.4
1541.66
1240.43
1027.83
1561.47
913.419
1366.09
1057.36
1719.2
1801.18
944.402
998.391
1238.86
955.869
1355.31
913.648
1575.39
873.229
2815.69
1494.49
1465.86
1143.87
1385.22
1375.78
1035.5
2210.09
1285.93
1526.45
1321.17
973.744
1353.52
1206.48
1177.51
1384.62
1039.79
1699.97
1042.54
1300.29
843.043
1057.6
1793.16
1254
840.662
923.592
1287.49
1237.64
1107.81
1262.5
1516.79
1750.38
1478.92
1475.61
1947.61
860.629
1146.91
1908.3
1288.16
1327.61
1454.87
1466.18
963.05
1841.72
1340.05
1652.84
877.832
1234.31
2476.29
976.882
1138.36
683.765
1339.66
1127.81
962.291
1871.66
1425.68
1444.73
1882.32
937.536
912.305
1454.53
1257.03
817.52
1410.16
1067.43
1230.1
1645.26
1184.87
1264.2
918.697
1383.67
1217.47
1686.1
1062.45
1128.99
1344.96
899.688
1449.49
1277.67
1454.22
1291.24
881.042
981.42
1814.56
1009.83
1573.75
1445.57
988.336
968.703
1145.76
1477.17
1017.82
1313.38
1064.3
1236.9
938.037
970.242
1380.2
1987.11
1500.01
716.075
1304.51
1133.37
1172.21
929.285
986.118
1173.19
974.766
1396.87
1292.36
773.15
1282.13
2072.32
945.041
1225.49
986.868
943.156
1141.34
990.793
1308.46
1411.82
1496.82
1132.77
1206.35
1353.83
1458.5
1419.87
1146.78
1221.21
1147.58
1025.42
1103.11
981.252
1727.7
1491.2
960.576
1379.61
1063.65
1172.05
1399.91
1383.22
1527.1
1721.91
1347.7
1862.95
1441.86
1117.78
927.371
1398.6
1109.37
1131.28
1055.17
1178.32
1209.45
727.653
880.311
879.012
1914.86
931.662
773.634
1109.51
1138.01
1037.75
1442.3
1028.54
968.191
1369.79
952.562
635.387
1483.24
854.03
1100.86
1343.4
928.355
1175.58
1345.37
748.148
1501.15
850.754
1674.29
804.569
719.723
1392.41
1252.51
997.176
1476.69
1365.84
905.106
1230.45
1571.19
1429.5
877.248
1133.81
967.345
1200.01
1212.32
1683.83
1058.72
1337.11
1081.2
909.893
1673.49
1520.53
1505.93
935.806
1094.03
1056.5
2004.73
1591.96
1120.66
1531.95
1481.59
1118.39
973.666
1391.83
1335.91
1642.3
1777.1
1642.43
953.548
1007.65
1585.39
1438.32
976.755
994.691
1190.01
1400.41
1253
1331.6
1419.33
1331.05
1377.65
939.464
1465.46
1550.94
1055.26
1295.8
1007.77
1505.69
1045.12
941.213
1707.11
893.64
1081.96
985.862
1216.51
1305.75
1069.05
1561.31
1051.01
1009.27
1425.8
1364.29
1258.04
891.846
1335.98
1049.38
1759.86
910.114
923.612
1376.72
1649.1
963.705
1857.23
1039.75
1597.04
1427.07
1284.53
1662.9
869.705
997.342
924.236
734.083
1663.35
1574.95
1887.72
967.327
1310.19
1062.62
1210.64
1264.99
898.276
907.074
913.112
992.137
1230.02
1435.34
964.158
1042.18
1710.44
960.176
1354.38
1916.01
1030.29
939.532
975.104
1367.36
1086.53
951.175
1580.83
2735.48
1292.36
1620.25
1413.44
1145.68
1288.06
1427.7
1864
1072.51
1042.72
1309.75
1436.11
897.635
1033.42
1093.32
1419
913.111
1061.29
1074.81
1108.99
1339.91
1886.64
1617.26
1138.21
1558.13
1028.11
1118.12
1050.8
1429.32
1469.3
1499.53
1350.94
1410.03
1150.36
1669.74
1100.83
1826.65
1186.86
1457.85
1035.19
1163.19
1281.56
1133.59
852.328
1065.87
1004.83
1260.87
2031.11
1002.12
957.51
2042.91
2285.99
1051.03
1154.76
1192.44
1398.57
1449.49
1738.91
946.794
1211.17
1092.48
1086.18
1256.79
1118.29
1301.26
1612.8
1362.98
875.353
910.12
1042.86
1941.21
1424.43
1563.95
977.271
1109.32
1102.62
1640.84
1195.09
1597.8
1248.77
926.693
1176.21
1031.11
949.156
1052.54
1371.47
1019.62
1785
1489.19
1306.28
1455.64
983.668
1154.5
1123.96
1481.52
1354.55
979.337
1418.31
1291.72
1487.54
1449.99
1258.48
923.064
1943.7
1419.49
1195.69
971.882
1712.07
1125.14
1279.79
753.022
1161.6
1597.63
1169.21
1376.89
1032.59
993.66
984.414
956.725
1405.57
1045.42
1363.46
880.5
887.829
1516.24
981.792
1267.45
979.249
1141
1033.35
1340.83
1185.34
1361.08
1066.01
1380.51
1958.97
1498.05
1220.23
1082.1
923.883
815.716
868.948
1043.93
1378.49
1090.47
1121.66
1430.08
1682.94
977.272
2124.48
1361.46
1152.08
962.298
1171.42
894.303
1043.41
1480.73
1605.67
1146.48
860.532
1516.52
1683.75
1807.9
1507.52
967.288
1510.9
1428.07
1410.38
1126.6
1590.01
1287.19
1438.4
1074.38
1000.83
1441.69
1449.41
1238.42
1356.93
1162.6
1303.48
1375.69
991.05
1320.18
1242.99
1018.16
1776.39
1507.62
1370.54
1606.42
1258.68
1092.71
1708.26
1340.87
839.917
1140
1319.33
1296.69
1101.18
1144.29
996.033
862.585
1443.26
965.944
1079.18
1579.33
879.629
901.748
1432.45
1024.11
1011.26
903.861
933.668
1067.52
1325.03
1107.21
1635.57
985.389
846.57
860.46
1376.24
1400.16
1641.58
1433.97
938.471
1035.34
1526.17
1338.31
1605.44
1211.38
1145.49
1484.23
1267.27
1489.85
986.612
908.609
1553.65
1057.67
1528.25
934.319
1222.81
1195.02
957.493
1574.78
1461.53
1365.49
1585.9
1112.64
1013.17
1407.96
1797.53
1369.32
1557.28
1009.44
1487.23
1370.48
1094.76
2328.05
1047.7
1170.65
1348.14
1703.31
1332.74
1210.21
1419.05
956.544
1272.38
1052.69
2077.46
892.731
1073.25
1189.36
1296.22
1193.94
848.233
1293.21
1646.46
1085.44
1026.34
1495.15
931.865
1011.15
1120.59
1256.84
1105.62
1137.21
876.181
1533.22
1483.99
1149.46
1332.97
1251.89
1186.05
1139.03
1444.6
1610.91
1516.37
976.734
1663.98
1041.77
981.322
1110.9
1244.5
1640.94
1477.24
1521.41
963.595
1107.97
1220.19
1109.8
931.712
1406.6
955.77
997.252
1022.58
1377.49
1327.1
1071.16
1882.82
1000.6
1406.53
1578.41
1334.01
1367.48
1087.1
1317.95
1514.66
1164.68
1229.83
984.03
941.102
1724.1
1892.84
1126.05
1061.72
888.346
1023.78
946.197
1373.36
866.84
1301.34
1148.32
956.775
1244.38
1493.11
2904.14
1257.01
1073.51
1104.95
1308.07
1047.01
1186.94
899.377
1133.09
1315.68
1090.43
1527.05
1309.88
1106.25
1052.2
1315.01
1396.85
1122.68
1015.9
1205.78
1444.3
1201.88
940.41
936.726
892.534
1184.69
1158.88
1154.28
844.536
1619.39
1322.44
1081.39
1463.83
1400.97
951.7
1560.48
1656.6
1575.39
952.836
1621.41
1468.02
981.322
1096.08
1840.51
911.721
1848.2
1433.55
816.251
1627.77
1340.8
1053.06
1221.79
1353.32
1831.77
1027.69
915.714
1051.95
1635.05
1243.13
1076.73
1046.46
1063.38
1196.12
1364.47
1217.59
1399.93
1673
1061.72
1683.73
936.234
903.191
907.753
960.788
1036.91
992.831
1182.85
1603.56
1142.74
2057.43
1141.94
1307.58
1267.33
1327.03
1176.72
1224.84
1233
956.532
1796.67
1503.07
1446.37
820.758
1221.7
1079.83
1426.32
966.472
2938.51
1059.47
1020.27
1163.79
1005.09
1441.87
941.079
882.9
1331.59
1739.77
1249.69
1087.17
2414.96
1019.54
1599.8
1483.62
1329.56
1308.18
1435.74
1212.14
1292.04
1137.07
1447.13
1018.07
1486.45
1273.26
871.264
1783.16
1294.5
1162.42
1650.05
1563.64
1014.28
951.153
1426.4
1339.88
1033.96
979.673
1035.04
1500.54
1495.85
1066.96
1025.11
1554.53
1052.11
1035.19
1249.78
1520.31
1294.96
1386.68
1426.25
896.423
1281.32
1494.68
1000.56
998.609
1233.51
1019.79
1352.86
1583.12
1071.27
1719.43
973.555
1054.99
1766.86
1422.23
1032.8
1134.76
1226.54
821.902
1320.42
1171.63
1076.22
957.342
1515.5
1003.98
1324.12
724.401
764.639
1019.53
1440.99
963.438
1219.67
1306.8
1136.94
1099.4
1335.98
1874.45
1226.94
1138.9
1187.07
1281.59
896.548
1397.81
1262.88
1539.34
768.913
2231.13
1196.69
1630.85
1440.31
957.985
1371.17
988.85
1886.72
1516.96
1087.45
1040.03
1186.28
1234.22
1286.5
1183.78
1347.34
1271.31
1044.64
1501.43
1084.76
998.761
1323.74
1262.91
1666.17
1671.21
897.923
1553.98
1267
1234.1
1153.37
1598.41
1054.64
1777.1
1042.03
1189.46
843.261
1426.69
1708.15
1281.17
1607.17
1964.83
1327.24
1403.79
1043.42
979.009
963.668
2121.61
1167.62
1331.56
937.066
1065.28
1279.91
917.174
1017.31
1684.31
1808.91
1378.11
1488.58
1298.75
1258.96
1048.31
1769.77
1029.42
1607.08
999.039
1223.76
976.261
1108.33
1257.94
1161.04
1809.12
833.141
1499.04
2233.03
1184.15
929.037
1312.8
1276.04
2206.57
1360.07
1482.89
1359.87
1769.4
1672.48
1054.79
1307.48
1067.56
1590.46
1307.71
1323.34
1216.9
1644.55
969.161
1456.5
1055.79
1368.14
2519.07
1058.55
1174.31
863.687
1091.97
1210.03
1737.06
1463.13
984.677
1455.78
1488.39
928.142
1140.21
1110.51
1434.7
1537.7
1008.44
1724.77
1480.87
1564.26
1636.01
1918.8
904.382
1687.23
1015.97
990.907
978.548
885.84
1313.05
1008.7
996.083
835.52
1356.81
896.842
1037.83
1596.75
1497.51
885.833
1483.89
1402.78
945.423
1001.95
1921.13
1368.66
1072.48
1157.78
1170.7
1094.91
1411.76
1481.85
995.709
1286.77
853.233
1094.92
1348.55
1338.85
1225.38
800.789
995.794
1152.96
1449.51
1356.21
2154.47
1085.84
1113.15
1439.12
1132.91
1349.78
1204.12
1420.31
1245.04
1280.64
2238.95
1234.31
1615.95
1308.32
1448.27
866.145
1056.32
1216.27
1307.25
1598.78
1282.82
1950.4
1041.48
1273.51
1074.03
1104.96
1445.67
1488.44
1481.41
1080.88
1621.84
934.156
1082.64
1567.53
967.46
1431.09
1065.44
914.344
1380.46
1696.99
1483.78
1408.6
1013.25
1146.31
960.765
1321.48
1410.26
1592.37
1209.07
1236.52
1243.16
990.179
1752.4
1768.7
1524.34
1183.26
756.662
2495.53
1503.2
1040.95
1517.36
1663.19
1087
1036.73
1242.34
1946.51
1165.16
1864.67
1263.86
1203.9
1316.89
1377.22
1395.14
943.739
1509.14
933.293
1113.26
1225.16
1653.72
1393.29
1057.53
1374.67
1433.57
1018.76
834.018
1399.52
957.938
1372.64
946.746
1481.7
963.325
1490.75
964.757
1015.37
1056.11
1047.45
1508.18
1415.37
1159.69
999.028
1506.17
1024.32
1340.73
1049.01
943.213
1505.01
1267
1427.21
913.987
1635.61
1283.63
1034.62
1116.48
1162.57
1002.57
1119.25
1145.33
1035.27
1463.73
955.808
1103.02
1518.25
857.428
1082.34
1450.73
1350.08
1487.38
1080.89
2391.45
1248.7
878.33
1098.72
1487.27
1169.7
1043.41
1138.19
891.569
1207.07
1304.06
895.785
851.003
1111.25
1469.17
1355.82
1172.41
1381.81
1321.16
1549.72
1426.74
911.43
1434.7
1013.44
995.225
1152.28
1498.14
1466.15
1037.27
1418.47
980.151
1297.31
1529
1416.77
872.176
1639.12
1175.09
1038.24
943.375
1386.84
1068.58
1061.49
958.027
1136.94
1078.83
1586.13
1211.24
1571.22
840.299
1539.77
1104.61
1281.59
1163.57
1075.88
1059.19
1221.96
1003.83
1149.08
1009.5
1306.27
863.593
647.036
1245.87
1074.98
1320.74
921.736
1823.37
1609.08
987.582
1273.57
2277.1
978.436
1094.68
894.021
1153.78
1528.55
1102.44
1359.45
1382.05
1000.15
1332.66
1435.18
1645.46
971.081
1074.32
1094.12
1497.8
1416.26
1003.46
1557.11
1364.8
1155.93
1350.67
1097.41
1314.66
1280.4
1527.55
1224.79
2257.48
1247.14
984.961
1495.22
1120.98
1385.04
1199.42
1304.97
1696.54
1419.35
1625.82
1492.8
1448.51
1592.33
1356.1
1014.61
1563.11
1100.4
1028.06
1118.87
1631.63
1433.6
1201.59
1081.11
1471.59
1133.52
985.421
1042.18
1281.68
1719.71
1017.88
940.594
1138.88
1307.64
1290.89
1076.53
1418.08
1257.4
1177.51
1030.2
986.794
1363.78
1416.2
1469.86
1051.97
1255.87
1216.93
983.188
1515.04
1112.06
1045.01
1349.55
1036.25
1362.96
942.816
930.514
2133.66
1050.91
1022.16
1379.93
1423.69
1452.45
1118.38
1450.3
1497.04
1028.61
1484.84
852.239
914.799
858.478
1321.56
1306.85
1562.8
1829.75
1408.48
1507.83
1443.5
1005.58
1174.27
2046.81
2469.08
1098.98
1333.65
1043.86
1635.7
932.863
1335.73
1554.08
1627.45
1288.28
1864.38
921.274
1227.77
980.565
1557
1418.54
991.051
1518.15
2071.25
938.953
991.318
1267.09
1070.18
1042.26
1008.84
926.877
1542.46
1038.21
2361.25
1233.32
1382.91
1125.81
1299.35
1571.05
1129.06
950.568
949.56
1385.36
1039.66
813.993
1302.15
1312.9
765.032
1011.54
1000.82
2268.6
2068.15
1007.32
1100.61
2838.17
1012.79
1318.47
1316.63
1342.18
952.004
1612.12
872.27
998.35
1398.61
1237.12
924.62
1267.46
1101.82
1381.19
945.569
937.07
1124.36
982.958
2479.27
930.175
1751.13
1386.7
1049.55
2313.71
968.634
1303.16
1088.8
1333.07
2675.91
1071.48
1120.39
1221.85
920.823
867.275
1657.47
1147.38
1740.18
1043
940.006
1120.32
1198.16
1183.2
1767.07
902.55
1567.54
956.41
1191.61
1164.39
1260.87
979.324
1470.32
834.43
2021.56
1132.97
922.772
1247.84
1430.18
1575.01
1264.46
1176.26
1569.47
1439.07
1665.48
1317.98
1412.74
993.512
1309.96
1255.75
1654.32
904.66
1049.52
1742.83
1319.27
796.336
1004.84
1122.35
2256.43
1309.15
1292.38
1460.84
977.966
1509.7
1032.71
1325.19
845.979
1426.12
1270.52
1391.65
1694.95
1140.95
1453.28
1436.22
1479.94
1401.96
1277.91
934.166
1396.01
949.5
1325.61
1130.43
1360.05
1209.29
1000.91
1397.83
1129.31
1141.15
1391.25
1006.64
1006.64
1210.77
986.307
1007.86
1158.68
1105.3
1413.09
1327.16
1162.7
1076.98
1220.83
1237.62
1772.91
1151.01
1407.58
1455.96
1666.5
1317.17
979.644
1172.57
1327.15
1239.94
2135.98
1309.48
1448.71
867.618
990.622
1165.65
1128.9
1062.42
1080.41
1111.06
1502.95
837.515
1018.35
1361.21
1203.23
1426.01
1032.51
1616.43
1213.22
1333.86
1417.14
1420.56
1499.38
1392.53
904.674
956.228
1463.89
1494.12
969.563
1157.24
1696.29
1589.43
998.684
1095.94
1719.94
974.289
1098.01
1057.51
1179.95
1650.75
1658.13
1738.25
924.544
1225.3
865.446
790.191
1036.49
1656.34
1337.13
1188.92
1653.88
1226.54
1594.04
824.412
1426.49
1378.19
1066.86
1481.8
1159.48
1030.54
1111.44
1011.81
990.122
1607.73
969.427
1483.16
798.741
1129.49
1180.48
980.89
1099.19
1426.06
1038.95
833.118
1033.45
1315.76
1490.46
944.954
1298.79
1231.53
1409.38
1219.63
981.143
988.787
779.028
1071.35
938.78
984.272
1290.87
1242.39
959.394
1165.84
2203.96
1465.06
1455.17
1511.31
969.398
1735.26
1004.8
1944.93
1032.82
917.101
1623.21
1416.21
987.159
938.261
1262.57
1044.16
1430.66
1193.82
946.222
1779.07
1626.69
995.573
987.019
1311.65
1405.61
987.719
1325.62
1364.88
1070.88
1444.14
1113.69
996.51
1162.84
966.359
1280.21
1385.45
1530.21
1593.82
955.912
1665.23
1488.03
1386.33
1439.09
1370.71
1253.93
1468.78
1159.24
792.858
1355.51
1293.06
1462
1669.28
1014.26
1098.41
955.406
934.261
1437.58
1382.33
999.302
1471.76
1404.42
1261.79
997.69
962.899
981.772
1597.68
1433.64
960.204
1560.54
906.348
1559.18
2279.46
1776.98
894.288
994.404
1479.52
1366.89
941.529
1235.16
1169.21
854.815
1354.21
1001.39
1306.18
1557.31
1334.24
1500.64
947.646
1017.16
1137.23
880.515
1324.25
1740.42
933.661
1361.05
1098.45
1562
2043.79
1419.71
1354.41
1342.88
974.071
1496.86
961.184
1368.44
1890.87
909.877
2228.84
1105.77
1051.57
1202.34
1050.41
1124.15
1455.45
886.949
1206.44
1099.68
1422.55
943.31
1646.32
1392.02
1824.6
1538.7
1511.61
886.223
1652.66
1212.61
1245.12
1573.77
1007.11
1108.09
2474.36
1087.17
928.053
1275.53
1054.54
1576.55
1210.92
2466.64
1340.11
1319.32
906.511
1032.34
1031.99
1511.82
1181.66
1346.36
1205.58
1315.6
1428.89
792.907
1307.05
954.411
1020.37
780.284
1404.98
1714.5
1343.21
1320.92
1628.77
1020.07
1073.75
1253.05
1249.24
1517.91
1720.02
1225.42
995.27
1077.56
1378.72
1053.22
1322.68
1330.92
1885.92
1380.24
1016.52
1380.91
924.189
937.903
1273.61
1330.24
1384.69
934.85
1841
1316.21
1352.32
1327.7
1020.98
1075.63
1011.58
1623.65
1278.18
936.682
1216.56
1660.67
975.196
1793.17
1753.68
1740.91
1016.47
1090.68
1487.73
1299.63
977.964
1385.43
1246.02
1231.54
1532.6
1243.94
1475.16
1937.58
1532.16
1331.38
1145.84
1300.26
1129.19
1137.37
1068.54
1383.44
1528.89
932.794
1808.87
1179.74
1711.45
1441.29
963.735
1708.67
892.623
1312.76
1099.41
1011.67
1108.57
1313.62
1058.28
1521.2
1114.42
1129.67
1367.68
1406.27
975.935
1338.45
993.007
968.808
1206.82
1285.52
1393.16
1285.12
1521.71
1051.71
953.856
1323.41
1713.59
1080.3
1667.56
1637.03
1069.75
2208.76
1276.47
1417.03
1245.11
925.578
2097.3
1163.05
1446.93
1698.78
1051.63
894.917
795.444
725.416
1327
2492.9
1111.83
1559.92
1154.77
1103.28
924.408
1200.32
1302.6
1554.44
2107.76
1434.5
1631.36
1260.74
2166.71
903.505
1241.85
1467.84
1476.26
1177.5
1051.75
1426.57
1828.99
1445.75
1312.87
1215.43
1394.13
1129.7
1827.54
1201.73
1161.21
1249.18
1540.32
1310.03
1324.57
1237.78
1075.96
1035.91
785.401
1306.53
1440.51
1324.27
1577.35
1334.16
974.773
1132.08
2231.1
1068.05
1039.59
1039.15
884.626
938.842
1637.35
1322.58
1060.74
1022.27
1392.3
839.986
1118.69
847.559
1204.55
1819.32
1119.12
1110.19
1046.18
1532.24
1692.34
877.002
1178.72
1512.42
837.695
1177.31
1492.29
1009.95
1418.28
2742.01
1142.75
1123.96
1587.49
1104.68
1090.75
1396.88
1448.7
1074.64
881.211
1054.1
1144.12
1364.18
1446.26
1524.99
1284.97
1333.04
2192.93
1190.49
1470.7
1188.28
1413.91
1308.6
1022.92
1424.51
1551.98
1310.56
1009.23
879.272
991.387
1299.22
1399.3
942.16
1076.4
960.703
888.651
1388.81
1472.3
949.649
926.557
1144.18
1369.62
2145.31
1227.46
935.664
1132.99
1424.78
991.187
1014.32
1262.19
933.482
1040.97
1458.44
1084.96
1365.88
809.292
1037.44
897.761
1002.82
881.364
687.951
1085.12
1330.98
864.553
1783.5
1817.51
1571.01
959.023
1293.57
1361.67
1130.82
2307.95
1380.55
1414.5
1338.77
1430
984.56
1399.58
2024.92
1082.14
1101.67
1191.4
993.258
1027.86
1469.24
828.711
940.342
2639.47
1512.1
1393
682.808
951.246
1044.48
968.965
1496.01
904.479
1114.24
1004.49
1371.65
1069.29
1685.99
1507.94
1461.77
1126.48
1238.94
1565.89
952.348
901.203
940.017
1103.55
1469.35
1169.19
1048.33
1432.88
1041.01
1074.66
1284.61
1353.56
976.537
1028.45
1280.94
1785.43
1377.01
1011.8
1482.64
1376.06
1509.49
1411.18
1408.62
1398.46
1357.32
1220.48
856.256
1079.2
1061.12
992.894
1189.91
1129.19
1589.13
1504.6
820.326
970.043
1843.19
1459.34
1198.7
993.223
872.428
972.061
1149.19
1073.32
1082.69
1463.24
882.18
1160.66
1107.87
1202.99
1343.03
1375.18
1499.48
1552.62
947.172
1690.82
1412.14
1511.19
1156.94
1312.26
1217.26
1321.98
1420.8
1160.99
1190.58
1014.14
1309.42
824.566
1146.09
1012.28
1054.75
1195.95
975.506
1560.24
1449.45
1035.06
990.455
1068.37
1064.48
1436.88
1078.72
1437.35
1717.93
2028.02
1248.29
1029.04
1209.32
1055.17
1483.5
1350.9
1385.25
1117.72
1452.98
1397.76
2079.03
1495.98
941.832
1007.06
1397.92
1247.77
1059.89
1472.87
1111.17
1605.78
1632.85
978.143
1253.66
1382.53
1358.47
995.612
1165.64
1316.1
1728.21
1201
1413.44
1060.62
1014.13
1223.5
1088.52
890.677
1105.96
1388.38
1073.29
871.084
1327.38
871.892
1540.39
801.964
979.007
1640.32
1290.98
1393.39
1056.75
1326.81
1170.33
911.632
1061.07
1322.25
839.475
1455.34
1108.18
1344.85
983.015
1321.46
961.318
2023.94
1331.12
1170.4
1420.41
1112.67
1262.57
1514.41
1111.68
893.188
1089.16
1497.56
971.249
1586.81
853.581
1079.55
1112.12
1018.44
988.992
964.588
1224.46
872.938
1190.54
1589.74
1269.81
1230.86
935.429
1806.44
1278.74
1444.82
1448.71
1081.51
1463.9
1287.02
1594.09
1649.11
1262.87
1302.36
1703.75
1116.3
954.658
892.964
980.509
1138
1250.4
1343.55
1591.73
1154.5
993.894
1152.71
1045.26
1304.33
1077.98
1044.62
1158.41
1647.13
1840.38
1482.2
1003.21
1061.81
1240.22
1091.57
1149.1
1378.04
1175.18
1382.67
1077.88
1384.07
976.845
1158.41
1103.2
1338.82
2031.24
2183.59
1822.06
1170.91
1023.37
1465.05
1416.88
882.652
1031.92
1330.95
1617.31
1369.39
1439.53
1498.06
949.778
1439.49
2781.91
890.827
896.417
1008.38
1327.69
1137.74
1033.95
961.31
1238.7
1119.52
982.171
1329.54
934.83
1753.67
1284.21
1068.84
1511.95
1396.78
927.642
1096.85
889.523
873.924
929.158
1847.81
1007.11
1274.86
1608.74
945.625
1050.11
956.855
908.972
1549.26
1366.48
1168.73
945.014
1499.75
948.458
1691.09
1148.23
1082.15
1606.76
1372.58
1525.2
1040.76
1075.28
1056.93
1431.9
1038.86
950.867
1163
922.302
2172.25
1202.82
1015.89
937.055
1267.74
1480.26
1049.58
1387.57
1024.17
873.061
1251.49
2281.09
1118.13
1558.55
1609.95
918.264
1457.27
1235.73
1149.66
837.379
1084.94
1011.74
1212.28
1186.22
1029.59
1090.09
867.065
1008.03
1000.54
1296.07
1030.57
1003.98
1544.6
828.44
1026.38
1266.49
1080.69
1287.63
893.276
936.078
1030.56
1634.32
1438.01
1463.24
1291.05
915.272
1143.71
1274.17
1491.95
1595.68
976
1200.76
980.489
987.719
1319.04
1440.6
1063.59
1580.16
1185.26
1330.6
1662.05
1362.83
1958.08
1146.16
1813.74
1360.75
945.739
1004.98
1100.44
1277.45
1332.78
1233.05
1084.09
965.467
1035.67
1242.33
1245.71
1847.48
1127.54
1033.92
1138.76
1121.95
1158.75
1464.03
934.687
1049.16
1064.58
1062.55
1599.26
1264.32
1245.51
1265.82
1224.13
972.646
1413.98
866.309
979.663
999.176
1231.68
1090.96
1210.89
2022
1956.25
1084.27
1447.81
1067.26
718.232
1419.08
896.808
1314.94
1483.21
1254.8
1349.51
1268.22
1622.66
1109.05
1699.75
1060.25
1034.01
989.585
1177.06
1620.83
2364.39
1087.96
874.226
1112.56
1193.39
1032.26
1061.91
1293.13
1525.41
1492.84
1424.22
1186.04
1304.09
1162.4
1106.76
1252.27
1971.55
881.091
1073.01
1511.34
704.423
1142.65
1063.03
1062.7
1019.89
1013.6
1513.2
1600.93
1354.23
1322.94
1267.82
1011.54
1474.36
1499.85
1394.91
1267.42
1435.07
1114.7
1440.27
1256.95
1427.88
1514.83
1092.01
1280.69
877.69
1134.43
1186.23
1534.82
1105.86
1046.72
1138.84
1105.41
1404.57
1079.77
1381.01
1245.47
1148.44
1062.76
1405.62
974.643
1102.29
1419.3
1487.94
1683.93
1306.86
1103.47
1247.51
947.344
1073.83
688.429
942.04
1031.61
978.242
1415.55
1314.44
1209.44
932.169
1358.64
1348.9
939.488
1169.78
1621.09
1372.48
981.204
1308.23
2041.87
1208.28
1438.88
1184.15
1146.59
944.632
1839.73
1116.13
1497.61
1337.28
1024.49
1374.7
2217.84
1916.12
1094.99
1094.16
1120.91
1347.27
1392.99
1457.36
1480.78
1269.08
1149.39
1070.33
1244.24
1052.41
1338.04
1412.85
1431.92
2438.86
1473.82
1075.07
1278.87
1238.51
1458.2
989.351
1740.89
1401.63
893.007
2001.72
1187.35
1016.8
1106.61
1563.92
1267.53
934.996
1145.94
1406.8
1613.03
1025.66
1074.77
1327.2
1938.16
1068.16
1077.91
1318.34
1160.59
1407.33
1232.26
1498.57
1298.21
999.957
1558.47
1428.42
1300.2
1002.78
1219.45
1121.6
1628.8
739.547
1110.73
993.743
833.857
1367.54
927.526
1277.07
1358.1
1654.09
1051.02
1448.45
1479.18
1060
1769.26
947.95
1204.77
1226.14
1012.45
1419.57
1310.61
934.329
1428.62
1224.74
1599.57
883.967
1580.91
1483
983.266
1554.8
2017.37
1367.5
1359
1069.8
1193.34
803.273
1563.97
1498.53
1192.82
975.263
1029.48
1596.57
1381.75
965.12
1874.08
1006.26
1443.85
1125.44
958.751
1286.64
1615.49
1260.11
1363
1003.97
1336.98
1605.19
1371.89
1578.9
1570.03
960.352
1110.45
1304.54
1909.5
1146.14
1171
1413.25
1380.43
781.58
902.046
1245.6
1133.28
1030.33
987.272
1071.15
1192.02
1250.43
901.363
1072.14
1096.28
998.641
970.848
742.442
1017.95
1696.97
954.377
1465.06
1349.93
1161.65
1313.49
906.317
1499.46
1480.56
1020.62
1526.51
1941.62
1280.81
958.543
837.951
1402.92
1100.55
871.612
944.551
1400.35
1044.51
1230.63
1046.41
1470.58
1273.87
1070.24
919.296
1304.86
1151.92
926.538
930.659
904.523
1282.48
1441.82
1127.23
1194.49
1513.61
1713.62
1868.51
908
1321.74
1453.32
1483.33
920.91
1266
1295.26
1386.44
992.814
2374.78
1356.92
1764.94
1122.11
1269.3
1428.41
1030.21
1136.64
1010.99
902.337
1007.25
929.09
1644.75
1034.2
1363.45
1050.04
1423.34
1082.06
1683.27
1354.87
1781.79
1302.56
1370.69
1157.3
1085.87
1021.45
1462.08
793.837
1625.3
889.13
1097.25
1398.78
912.925
862.721
1550.17
914.322
1173.72
1141.55
939.684
1087.75
992.423
1406.8
1256.63
1403.15
1230.72
1534.35
902.753
939.993
944.693
1011.91
1269.39
1366.54
1425.23
1063.99
1238.71
900.022
1144.49
1202.46
1177.96
1048.27
1035.39
1719.5
1026.21
1371
1504.43
1100.06
1955.01
1336.11
1487.48
1508.67
896.124
1465.91
1135.36
984.925
2553.68
1361.6
1339.78
988.914
1307.61
1371.31
1496.93
1022.41
985.893
1189.22
1483.09
868.62
864.028
1001.75
1448.78
1006.27
1285.88
1398
1586.82
1125.87
1345.87
981.37
1289.4
1389.94
1420.06
1298.06
830.034
1136.4
1547.64
1255.51
950.924
1054.7
912.049
1367.77
956.226
1482.68
1355.67
1065.63
1170.62
1212.96
897.254
1035.57
1254.08
1439.46
1428.65
974.35
945.604
1359.71
1512.18
891.346
1056.56
709.136
1066.96
881.423
1484.67
1389.85
1059.09
2020.79
1410.42
1422.24
2241.29
1089.87
1352.92
1341.97
1466.64
1248.78
1112.5
979.41
1143.04
1475.07
1715.64
1104.45
956.274
1548.12
1061.57
1536.55
1411.11
1283.21
980.916
1055.61
1507
1552.38
1408.66
949.189
1529.35
1274.89
1218.21
1101.6
1438.75
1060.27
1411.27
975.573
1474.86
1758.49
1271.42
1008.19
1213.92
1055.76
1868.43
1400.73
860.994
1478.8
1285.46
1327.06
1070.79
1483.14
1233.34
1763.12
1026.17
1003.53
1465.52
998.714
1035.97
1532.59
895.009
1390.59
1340.42
1695.28
1431.45
1099.85
1399.32
1009.33
1216.9
1058.04
1878.55
1172.43
1212.53
1511.79
854.404
1009.89
1256.72
1254.54
832.199
1047.08
1228.29
1079.82
1164.86
1398.98
1181.83
1039.94
978.191
1119.13
1111.41
1631.69
1550.17
1002.57
1701
1086.2
1385.23
1603.64
1635.29
1738.21
1102.29
1393.23
1657.52
1379.7
1165.41
1341.47
1458.62
857.593
1237.97
1847.92
1275.86
1652
1553.98
1822.28
1330.92
1439.06
1455.36
1707.51
1372.34
1258.56
1513.97
1113.02
696.461
1702.47
921.057
2105.42
1532.61
1099.76
1550.13
1109.51
1944.15
985.165
1378.84
994.008
1713.83
1097.18
679.548
855.275
1072.81
1145.45
1328.37
1002.12
1105.77
1280.74
1045.27
1657.6
1116.88
1045.05
1500.13
1568.33
859.241
1135.99
1162.26
1042.28
1268.52
1269.37
1191.89
964.645
1307.29
1489.66
1099.61
1360.01
1223.85
1070.43
1177.95
1146.18
1423.79
1124.61
1469.6
1433.34
1335.05
1023.65
1357.97
1172.42
1387.24
3232.86
967.958
888.305
1247.43
1046.81
1048.51
1020.86
1326.94
1518.16
991.406
1119.76
1332.05
1558.33
1372.7
1510.06
1306.41
1002.84
1354.4
1363.63
1104.65
872.812
1040.96
1057.93
874.64
1480.72
1048.4
1525.49
1218.55
1068.12
2394.36
1192
961.847
907.323
1374.52
999.864
1461.66
1127.58
1479.92
1635.16
900.421
1413.68
983.681
1227.55
1061.69
1041.4
990.278
955.382
2264.21
1630.55
867.267
880.297
1433.92
1477.94
1210.9
1474.06
1319.28
1585.29
914.24
1089.64
1044.81
1535.53
1385.6
1145.89
1319.3
1525.83
911.204
867.019
1477.91
1423.96
1204.99
854.998
844.889
1315.28
838.787
1269.95
990.882
1030.96
1411.75
1277.64
922.934
1685.1
1426.66
996.415
1540.58
812.174
884.084
840.523
1310.92
1371.8
942.023
1649.79
1649.01
951.001
1077.96
1309.46
1291.18
1087.79
1464.12
969.881
1115.57
1215.78
1031.05
1713.8
869.227
1885.79
1516.04
1219.23
1076.48
1265.63
2684.83
1268.94
1431.98
1056.93
822.856
1101.12
1364.75
1528.09
1537.45
1304.29
921.474
984.865
1125.39
1075.98
1420.31
907.327
1116.96
3147.32
1434.47
1412.97
1107.57
1380.02
1907.49
1283.54
1416.61
1302.67
1468.77
1498.07
961.056
861.863
980.325
977.003
1772.38
977.225
1645.49
1112.82
1075.46
1330.27
853.403
1715.21
1125.18
1383.91
1014.18
1042.55
1025.8
1460.18
1358.69
1385.84
1237.76
1271.73
1071.66
1681.15
1234.91
1440.33
1390.36
1304.26
1024.03
979.145
1479.26
1290.72
888.924
1523.03
1373.89
1033.37
1010.31
944.14
1243.24
995.08
1365.15
1043.35
872.79
996
873.618
1625.02
1516.1
1716.66
1357.89
1089.29
1295.31
1309.11
1038.92
1430.78
1386
2038.07
1788.13
840.786
1003.26
1037.98
1220.26
1403.67
1474.23
1458.35
1225.89
1478.59
1015.05
1648.63
1106.49
1327.72
1062.9
941.904
884.139
1127.69
982.454
1051.21
1332.67
1348.83
935.297
1049.82
1379.29
1012.67
1125.66
1390.21
873.899
1678.29
1050.16
877.637
1708.79
909.672
997.606
1104.42
1212.92
1089.38
1886.85
1699.19
1521.01
1065.44
1354.02
2114.13
1274.9
1440.14
1638.55
1106.51
1251.49
1315.11
841.962
1042.71
899.622
818.482
1872.93
1528.38
1000.72
922.378
971.062
1360.19
890.496
1458.49
1013.41
1479.22
1091.81
1226.6
860.725
1085.66
1386.66
704.824
1683.99
789.639
1132.39
968.271
1445.52
1162.5
1149.5
2130.96
1414.77
1561.43
1401.91
1107.4
1312.75
1484
925.213
1462.82
955.824
1466.21
2784.1
1372.28
1056.07
1368.76
914.645
2014.6
1165.65
1391.76
669.059
1334.31
1166.2
928.784
1494.93
1140.18
1076.8
1961.5
1519.19
1448
991.387
1381.01
1365.09
1247.4
1706.5
908.77
973.361
1008.91
1014.14
974.28
1366.53
1352.94
1266.14
838.639
1090.12
1512.6
1240.33
1561.41
2209.48
941.817
1444.13
1401.05
1342.82
1116.73
1267.88
1204.08
1270.27
2298.06
833.225
1479.28
1329.98
1228.32
997.369
901.317
993.399
2373.26
1764.68
1102.06
1602.29
1577.67
1260.51
1358.42
967.299
1160.72
1266.53
1282.5
1198.39
1178.83
1266.42
923.211
1687.05
855.883
1873.52
916.043
1111.67
995.365
1071.94
1415.31
1444.83
2017.66
1520
833.968
1161.15
1410.46
917.179
1444.89
781.097
1552.43
1041.28
995.325
1320.21
1258.91
1187.66
1426.26
1129.46
976.17
839.065
1313.91
1560.06
1118.05
1515.55
2318.99
1300.99
1068.11
1039.53
1484.88
1444.1
1176.33
1135.87
1480.83
1681.24
986.877
1273.34
1468.41
1829.56
1050.31
1183.04
1234.59
961.381
1796.72
1119.98
854.374
1451.45
1131.58
953.851
668.118
1013.18
1581.42
1280.16
838.009
2221.5
1139.43
1551.97
1223.92
1310.79
1062.85
1295.9
1061.07
1225.33
1439.56
1393.56
1110
1402.36
1243.25
838.686
1379.37
869.368
1026.94
1201.14
1217.47
1396.82
1070.64
1034.82
1283.58
1000.99
1236.36
1454.45
944.207
1704.97
1587.18
1242.98
1263.67
1224.5
1326.53
867.132
1582.05
1115.38
1835.06
1245.59
1317.89
1402.19
1127.58
963.959
1117.76
957.775
1226.22
1000.95
1565.77
1357.7
921.075
942.706
990.083
927.367
1119.76
1031.4
1036.57
1170.09
1586.44
1385.08
935.956
1574.18
1328.41
1494.35
1269.05
1234.64
1782.91
1254.97
1434.18
1140.08
1314.11
1446.11
903.817
1246.86
1045.62
901.233
1487.53
1190.01
1115.1
1368.63
1436
1091.25
1388.41
971.299
1283.31
1404.64
1750.1
736.265
1617.11
1445.91
1008.69
990.264
1544.42
974.848
1104.62
1015.22
1486.37
1185.2
1155.49
1353.39
1090.18
1557.27
1333.72
965.618
991.317
957.596
2102.48
1122.63
1234.51
1454.28
1584.9
1329
1485.57
945.582
861.977
1026.18
1024.29
888.574
931.24
1527.07
1222.76
2296.2
1245.21
899.903
1057.84
1516.86
2437.97
1208.55
1117.75
1054.52
830.523
865.65
1186.01
973.401
1599.28
1133.93
1380.7
1025.72
1382.58
1076.76
1067.68
1674.2
1498
1862.61
1091.67
1386.78
1539.59
842.118
1268.41
1571.01
869.142
1397.98
1345.42
1157.86
1289.41
1049.25
931.991
1451.02
1218.2
1250.99
1331.01
1727.13
1682.68
963.523
1149.38
1028.61
1130.37
1212.96
1070.71
999.767
1544.03
1368.65
1134.59
1080.28
1460.86
1790.74
1062.79
1331.72
1483.24
1232.91
936.294
1118.32
1195.42
1340.59
1455.28
1356.85
1883.29
1775.23
1445.61
1115.62
2124.24
1560.21
1015.17
2247.48
971.769
1021.75
953.734
1484.87
1206.26
1504.3
1064.46
1050.05
871.976
1298.94
1015.21
1090.43
1034.74
1305.91
938.013
1340.3
1368.46
991.096
1333.85
947.421
1487.86
2829.56
1057.74
1278.18
1069.48
1532.57
1171.12
1135.77
1574.09
1346.78
1489.84
985.891
1189.64
1099.69
1145.24
1166.66
1316.52
1550.8
1660.55
1437.65
1430.92
1024.81
2112.08
1505.26
1413.72
1546.89
1496.1
1087.99
1394.51
1398.36
1412.95
942.88
944.534
925.657
932.677
1513.48
1497.17
1394.72
1059.68
1114.91
1579.46
1298.13
1119.13
1265.75
880.955
1016.33
1724.91
1307.42
1228.63
1613.93
1485.63
1654.93
1375.05
818.309
996.964
1423.19
1319.53
1123.15
830.629
1409.13
1615.53
989.375
1000.29
1525.14
1076.3
915.645
2742.44
807.527
1128.35
1089.61
1530.98
950.199
1653.65
1425.76
2065.07
2604.82
1386.18
940.352
1044.47
1182.74
1004.06
941.583
1542.58
1423.16
960.632
1017.05
1335.52
886.11
1203.96
1057.27
990.277
1150.57
1400.57
1524.23
1377.91
822.787
954.234
1064.04
1565.04
1417.7
878.289
1294.71
1068.62
1414.31
962.933
1250.32
1480.57
964.128
1662.63
1040.61
1581.56
1401.19
1474.4
1394.24
923.285
1012.72
1541.5
1347.52
982.353
1007.76
1047.82
2225.04
1667.15
1005.76
1213.56
1184.67
1402.28
1343.28
967.461
942.967
986.098
1211.75
967.762
993.158
891.94
1359.48
1495.85
1518.58
908.235
1610.97
1117.66
1438.91
1619.02
1595
1407.29
895.636
898.913
1121.7
1337.5
826.024
1231.53
1312.21
1355.82
2045.3
1361.61
1352.6
1371.88
1399.28
1733.43
892.174
1284.02
793.851
1402.29
2311.27
959.543
988.9
1413.56
1079.55
1541.12
1973.89
2234.6
1564.49
1414.23
1932.93
1335.06
1012.14
859.965
1617.52
2084.79
1518.68
1262.68
1416.53
1045.62
1313.94
1504.11
1064.59
1199.63
1219.4
1680.11
1252.72
1265.9
1134.7
1094.44
1094.88
1483.38
1051.61
1129.33
1045.49
1143.95
1110.34
1041.02
988.564
1496.67
1331.67
1471.44
1046.62
1289.66
1141.65
1038.81
1319.05
969.207
1110.86
1043.57
892.087
1475.11
1042.58
1482.5
1048.6
1192.63
806.876
1021.3
1532.57
915.411
941.739
1297.25
1591.63
968.716
1281.81
1286.49
1155.1
1334.78
1415.08
1071.34
968.599
1386.99
1227.39
1398.3
1252.67
1043.11
886.552
947.159
1546.77
1515.97
1199.91
1016.01
1081.18
1317.69
1390.83
1032.94
1132.68
1314.04
1314.77
1165.02
1241.62
1182.02
825.219
1657.15
1025.05
954.826
1024.34
1093.54
824.504
1377.19
1021.75
1420.79
1489.66
1450.79
1189.57
1435.16
935.211
1180.88
934.465
1464.24
1055.46
999.694
1112.85
906.062
1305.39
1335.31
1716.96
1264.25
1113.92
1313.29
1016.26
1528.11
1032.95
1376.51
1343.72
967.771
1178.97
900.618
2055.56
1078.89
1057.37
1041.98
1160.17
1271.23
1368.34
1054.49
1168.89
1025.55
1141.8
1498.15
986.23
1031.16
2048.76
1466.99
984.289
2190.94
981.476
826.292
1207.02
1129.5
1202.68
947.544
2114.1
959.995
1796.16
942.516
1531.97
1367.66
1018.47
1339.14
1348.88
883.774
1095.1
1491.87
967.12
1150.24
1414.94
1479.3
2441.53
1487.52
1389.94
1246.29
1116.53
1629.95
1054.93
1071.33
932.77
1546.81
1166.35
1183.34
2048.62
1856.37
640.445
1522.07
1071.74
953.586
1483.33
1386.15
900.278
895.429
1914.68
1011.06
1032.63
968.359
1455.82
1673.76
1176.79
1028.88
1613.24
1228.84
1501.39
1233.82
890.363
1078.68
1325.53
1344.35
1446.95
1049.22
1347.54
1388.58
1231.04
1316.23
1296.36
1719.48
987.646
1452.87
643.613
885.358
1314.54
1543.61
1023.06
1522.75
1102.32
1112.74
1069.12
1007.31
750.815
1269.85
1420.53
1412.19
1901.27
1559.16
1348.04
1311.03
1564.5
967.04
1209.84
1217.35
1062.47
1035.49
1032.6
1268.95
1039.58
1719.77
996.678
1588.98
1478.76
1104.18
1450.41
1650.65
1104.69
1056.51
1284.61
945.159
1064.89
1049.87
1277.16
1083.11
1446.04
1537.93
1419
1468.48
1495.28
1533.29
1230.17
888.327
1661.92
1530.23
1144.87
1459.95
1094.23
1442.67
1281.9
1575.3
865.134
1167.24
1347.12
2543.41
1070.7
994.014
1421.44
1250.45
1094.41
1090.16
1437.24
1445.79
1525.45
1036.45
959.416
1081.11
1035.49
1560.78
1166.82
1125.97
1403.15
1473.52
1268.15
1297.95
1308.91
1353.86
943.512
1118.3
1746.18
881.99
1342.98
1448.7
1427.62
1442.78
1586.18
1491.89
1092.86
1085.5
959.162
937.141
1315.05
1448.06
1787.93
1527.46
1016.38
1018.43
1356.82
1220.71
1070.17
1032.57
973.262
905.649
1272.01
2318.43
1628.99
872.713
1435.96
1068.68
1087.77
1204.78
1487.85
1161.83
1361.96
1026.52
1180.56
865.558
1379.7
1301.78
1237.44
1547.41
969.899
1511.41
1185.45
1607.89
1119.01
1665.49
1118.89
1373.86
1604.6
1623.01
1300.18
1295.8
1772.09
1059.78
1255.24
943.097
1820.21
1057.13
1198.13
1213.08
2024.36
972.74
1306.1
1709.59
1077.81
1223.37
1288.35
1400.21
1549.08
1370.62
1407.48
1563.64
1536.96
1586.49
1118.57
1293.91
1061.61
1379.17
1203.4
958.998
970.817
1144.98
1027.76
1023.12
1573.67
1232.51
1373.02
1216.54
1757.03
1431.76
2136.56
1079.56
1058.68
1176.16
1382.83
1251.51
1253.3
1139.27
915.212
1838.6
1358.05
820.554
1517.4
1035.54
1021.85
1667.08
987.926
1017.93
972.091
825.995
1203.84
1124.3
1253.11
1542.53
1153.24
1019.89
1148.27
1465.72
1430.55
1035.73
1112.56
1371.61
1524.94
977.667
1017.09
1497.32
1041.45
1234.08
1241.69
790.974
1265.96
1606.23
1499.12
1092.1
1014.41
1350.98
1098.95
1092.57
1019.57
1513.93
1198.33
1253.91
2118.8
1973.51
1335.17
1543.04
1222.93
1405.39
1013.23
1077.9
1042.53
968.336
1066.01
1128.9
1698.9
1016.61
952.391
1386.64
1295.87
1810.43
1332.35
1054.65
989.909
1095.12
1314.99
1281.14
1238.17
1950.55
1075.83
917.518
1101.93
1497.12
1183.16
997.824
1807.13
1282.64
1414.22
1046.54
1460.93
1400.15
1382.93
1295.45
1127.79
1476.8
1036.89
1641.97
1183.93
1560.5
1093.23
1287.36
2163.63
1554.86
1079.04
1171.99
976.762
875.036
902.292
1099.12
990.06
1433.21
688.444
1501.78
1052.35
1267.84
1267.93
892.353
1046.75
980.056
1040.28
1114.98
1163.25
1160.15
1242.29
1026.81
956.346
1550.63
888.395
1619.36
1009.96
1322.79
963.997
963.747
1675.35
1372.94
932.018
1276.95
1289.81
2141.63
1057.9
1572.69
1136.63
1293.84
986.667
942.959
1197.09
1523.17
1961.4
968.708
1514.74
962.269
1303.81
1602.59
1505.12
1627.49
879.545
943.681
1514.73
1007.47
1154.12
1306.87
1571.19
1463.36
1695.69
1385.69
1125.59
930.576
1058.74
1633.99
1432.07
965.162
1337.6
1035.25
911.448
1413.18
1636.96
1091.16
1812.45
1262.73
1050.33
1015.26
1019.6
1444.07
1349.97
1234.23
1395.6
997.168
1651.05
1474.98
1160.61
1574.79
1073.54
1349.36
1562.18
964.761
1157.17
1354.66
1129.14
1426.24
1538.63
1901.07
896.762
1077.26
989.258
1008.66
1166.13
929.69
1165.26
953.898
1628.41
1220.98
1838.07
1694.8
1366.3
1005.89
1137.23
1312.61
1011.81
1122.16
1534.47
1371.23
1391.09
1876.65
1481.32
1092.4
1208.15
1938.97
1649.5
1621.93
942.809
1674.69
1234.18
902.29
1063.51
1253.45
1329.33
1371.85
2064.46
1400.15
1408.68
959.635
928.473
1363.53
1552.01
1102.73
862.405
1264.89
1680.37
1116.57
911.224
2124.63
1309.93
1270.84
1147.47
1216.34
1512.08
1074.99
1598.07
988.148
1031.54
1387.29
1123.51
1260.96
1500.13
1255.7
1837.85
1220.53
1302.16
1360.49
1009.02
891.931
1307.69
2260.4
1833.49
933.759
996.44
1524.13
2085.24
954.47
895.045
979.712
1159.54
1452.4
1043.27
1509
1169.43
1081.35
863.346
1349.82
1006.24
1704.82
1180.42
955.867
1060.4
1230.09
1982
834.606
1215.49
953.846
923.402
1664.58
1385.87
1034.29
1556.48
1099.31
1140.41
860.809
1543.04
1251.75
1039.68
1703.19
1127.74
890.389
1565.22
1594.96
1728.14
1533.08
1113.36
1287.25
1021.06
1213.39
1041.07
1424.73
1254.58
1463.68
989.607
1109.06
1426.64
1087.54
1425.73
1459.72
1371.71
1082.6
995.188
933.113
1410.2
1164.19
1134.3
825.291
1009.85
1386.04
1268.66
1140.55
1503.54
1574.21
1712.32
1004.24
1140.2
1116.26
1456.47
1486.05
1047.86
1197.43
1616.32
1039.16
1107.67
2079.82
1414.69
1636.54
1238.74
1521.66
1219.56
1181.95
1381.16
906.609
1299.44
1107.52
1242.11
1295.74
974.436
1145.67
1147.82
1098
759.61
1659.34
1759.12
1389.66
1296.82
1149
1140.82
1342.38
834.531
961.675
1459.51
949.076
1019.92
974.186
1911.11
1384.79
998.845
1491.29
1268.85
1004.09
1157.55
1259.72
1927.19
1771.37
1382.81
1424.62
927.292
1158.47
1072.51
1431.74
1010.46
1130.77
1375.59
1252.89
1511.77
1364.82
1375.6
1280.85
1111.19
1243.06
1375.63
1239.19
1339.7
972.882
975.519
1569.78
1319.18
1003.11
986.533
1817.05
1076.02
1055.42
1502
1042.84
1034.68
1064.99
872.96
1658.03
1015.75
1199.51
939.465
977.98
941.844
1447.36
1025.18
1000.36
1542.7
1393.13
956.871
991.612
960.565
929.737
1050.16
1254.34
967.548
1365.84
1394.83
1333.31
1252.07
1319.24
981.35
2262.73
869.076
2091.89
888.217
857.112
1313.29
1425.65
1118.32
1197
1519.16
966.319
1462.85
1233.01
1535.25
1256.89
1219.14
899.349
1353.38
1372.48
1163.21
1221.71
2903.81
1402.19
1151.26
1161.38
1465.86
1171.84
1304.25
2183.89
949.865
1269.75
1279.5
999.781
1304.06
2117.66
1173.64
1055.23
888.078
923.094
1084.59
991.777
1366.56
1129.92
1391.84
1371.41
1733.06
1312.19
945.015
2067.95
1026.67
1002.32
1070.7
1625.26
1338.43
1675.26
1013.53
1017.05
1427.74
1045.11
1570.41
961.319
1234.78
1352.39
1111.22
1407.59
927.832
1373.7
1313.41
1316.42
1378.59
1219.25
2257.24
633.747
864.434
1299.92
1027.88
1050.2
961.227
948.124
1393.39
1570.41
1265.38
1009.82
1098.63
1587.01
1231.14
1737.72
1343.49
1328.9
1056.52
1618.16
1390.68
1645.63
1088.79
1532.97
1026.58
1288.72
1183
1055.47
960.156
941.083
1037.76
1304.77
1139.12
1151.13
1335.45
938.97
1401.88
818.42
976.453
1410.51
1329.51
1214.04
1854.53
981.765
1189.94
1431
1481.05
1764.96
1171.01
1193.17
1454.17
1233.94
827.537
1198.81
1484.7
1512.95
871.78
956.227
964.175
929.862
998.452
1574.21
1036.27
933.802
1443.65
1111.41
1129.48
1108.46
1403.45
1419.87
1688.84
1744.45
966.974
907.341
1127.48
1254.66
1123.81
1145.58
1449.77
1081.02
1292.83
1189.51
1163.31
958.154
986.18
1008.63
1267.77
944.152
1286.55
1967.25
1041.79
2169.12
948.461
1102.42
1043.47
1115.68
1028.48
1534.92
979.303
1540.69
1474.29
1364.48
1243.37
1223.82
876.074
1359.05
1008.89
1093.2
1069.86
768.018
1291.65
1304.93
1331.91
1413.06
1021.82
1064.09
1024.33
949.51
1041.88
971.833
1413.85
1108.83
1349.88
1358.34
987.891
1136.52
1745.06
1552.5
1520.92
878.445
1831.22
1300.34
812.204
1355.18
970.609
870.98
1401.01
1066
1542.91
1079.12
1787.28
1212.14
1280.04
1132.37
980.059
1563.15
1056.75
1189.64
1784.27
1135.98
1258.7
1429.77
1451.33
1286.3
1059.59
1513.61
1150.98
1638.02
936.58
1276.89
1226.9
1109.54
1994.77
916.407
1451.23
900.921
1307.02
3436.79
1269.45
956.41
974.653
1183.31
1399.43
872.026
1404.26
1119.76
1401.37
1034.01
1539.62
1112.24
1123.27
1345.82
1012.68
1532.39
1055.3
1495.12
977.415
1175.12
1137.39
1466.88
1302.36
1071.05
864.748
1212.88
958.942
1077.88
865.047
1487.2
1030.8
1169.01
1504.1
1319.19
1301.79
1866.72
1114.23
814.886
1639.32
1422.63
987.717
884.726
1398.22
1277.45
1040.57
1448.8
1084.19
867.316
804.473
1408.36
943.434
924.433
1557.76
887.214
911.718
894.858
1003.54
1397.88
1367.8
1147.72
1377.33
1166.58
1317.08
1341.47
1053.52
1120.19
1443.16
931.157
1210.86
1416.39
1319.13
768.261
1152.85
1700.95
1218.99
1760.7
1381.18
1029.21
1431.02
1051.24
1573.88
1414.79
1491.56
1013.81
1275.38
1034.75
1119.1
1414
1156.71
939.878
1119.4
1271.32
1325.21
1317.3
1408.36
1024.73
1064.29
1114.91
1157.42
1485.1
974.642
1311
1292.4
1378.06
1346.08
1178.22
1009.9
1385.76
2918.41
1247.58
1363.04
988.832
1703.2
1782.75
928.962
2049.41
1542.51
1214.16
1090.6
1040.98
1432.11
1085.37
1262.44
1346.71
1230.44
1328.55
1127.17
2371.77
1341.66
1082.43
878.538
1282.93
1342.9
1505.84
1387.75
1166.36
1500.69
1413.1
1406.72
1011.71
1479.25
1665.94
1607.67
1417.26
1106.4
1012.87
1245.24
1261.37
1727.78
1414.87
996.089
691.623
1217.19
1446.59
1107.88
1030.77
991.337
1045.2
1301.14
979.943
1353.49
1213.04
1461.78
1053.41
1107.71
1359.5
1978.03
1162.42
1426.15
1001.65
1321.25
957.707
946.73
1336.35
1359.79
1384.26
1399.96
897.377
1158.9
1392.57
1484.76
1237.59
1019.18
1164.14
1088.84
1270.3
951.496
1210.83
871.255
1452.2
1414.2
1024.95
1195.42
1661.63
1292.15
1259.5
1351.41
989.446
1355.64
1371.5
1132.84
647.956
928.575
1299.29
999.47
961.706
941.672
1432.35
968.471
1490.6
1090.96
694.241
1456.98
1203.44
976.185
1469.29
1485.51
2863.03
1362.14
1029.63
1401.23
1673.92
2352.63
1028.76
963.488
1266.85
1478.51
1031.87
1225.08
997.198
1032.59
1158.41
1460.58
1337.57
1101.32
1008.27
1369.44
1436.15
1106.28
1217.82
1288.09
1165.02
1063.48
1688.11
1502.01
1253.31
1464.29
1017.42
1029.97
1399.33
1389.05
1311.62
1183.32
1066.57
1974.23
1039.67
1183.01
1104.45
1343.54
1041.94
2529.35
1520.81
1222.45
1021.63
1366.57
1300.89
941.414
1566.9
1748.57
1446.37
994.913
1632.58
1240.79
989.169
1225.84
993.132
1330.07
1427.01
1065.64
1325.34
1198.74
1202.24
1047.23
1275.88
1206.31
1553.76
1648.9
1445.43
1093.16
1227.69
976.154
989.004
1229.31
995.742
1558.83
1279.02
1216.33
1100.27
856.95
889.449
995.146
1226.5
1055.71
1275.17
991.752
831.913
1009.35
1470.79
1348.32
1300.78
1183.97
1537.96
1383.9
1673.69
1708.35
981.501
1026.5
1353.18
1038.77
899.697
1301.4
1002.72
1068.29
1182.72
1357.68
864.391
1031.75
1276.45
2072.47
1456
919.982
1573.28
1242.34
1170.08
947.713
1094.06
1245.26
974.259
1064.76
1072.09
1262.43
1110.03
1017.14
980.518
1269.05
1374.79
1138.96
1176.31
1649.85
1417.26
1368.37
1131.31
1105.25
1012.5
1470.46
1383.8
1089.17
1069.67
982.774
1343.75
978.689
1036.36
1008.85
1020.14
1297.85
868.439
963.235
1436.9
999.5
1117.66
1543.59
1160.91
2534.24
1521.08
1216.3
1324.2
820.407
994.529
1117.78
1362.5
1286.54
1032.23
1412.64
1587.77
831.808
1020.69
910.272
1107.92
778.11
1038.81
1243.51
1451.38
1015.61
1476.44
1413.77
1330.17
954.917
1235.4
940.365
1604.94
1322.07
1107
1779.8
1149.58
1482.79
1339.59
1433.73
1242.3
1254.3
1050.76
1156.19
1635.04
1246.55
1114.67
1524.59
1443.03
1232.48
1739.9
1339.72
1078.01
1082.55
946.528
1281.39
1256.95
1003.76
1943.69
976.393
1035.39
912.5
1560.2
884.307
1480.2
964.707
1111.82
1069.9
1101.38
950.985
1077.03
1176.55
986.458
933.621
1232.85
1099.72
2066.35
1345.85
1052.93
928.578
963.703
858.85
1356.7
2205.65
1504.35
1207.17
1316.01
2253.35
1212.16
1283.9
1069.84
1379.34
1623.88
1022.36
1676.55
1164.54
1321.9
915.868
1451.58
1583.84
1276.82
2652.81
3028.03
1356.71
2505.9
1565.4
1177.41
1107.61
1410.21
1421.15
1751.07
1328.93
1723.47
1350.3
943.902
1229.65
815.265
851.263
1250.66
1407.83
1320.82
923.571
1450.03
1020.29
969.443
1116.55
1291.71
1435.38
1613.21
868.069
860.625
945.367
1205.86
1184.31
1036.39
1414.04
1730.18
1214.34
1433.91
1029.34
1598.15
922.389
961.093
891.392
2249.12
1042.84
1482.97
1112.44
883.327
2402.7
1088.71
1154.55
1173.13
879.895
1458.94
1667.78
1294.76
1325.98
977.677
1643.92
1128.27
1271.04
1304.44
1279.98
1225.93
1026.49
1678.79
991.318
1431.81
1092.96
1758.84
823.683
1129.73
1426.56
995.386
1059.79
1444.01
1185.75
1375.9
1050.99
1490.96
1040.13
960.274
983.586
1568.63
1956.46
949.8
1225.6
1326.15
1182.46
1003.41
1253.97
1046.41
1497.38
1281.57
1371.44
1541.53
1016.27
1573.75
1547.2
1092.39
891.312
1221.93
1767.61
1333.57
1573.61
1177.52
1547.25
978.232
1361.91
990.65
1768.29
1170.64
1457.45
1446.57
1014.95
1205.89
1062.41
1288.5
1082.6
919.533
1073.69
1053.93
1314.28
1193.81
1215.44
1209.35
1518.63
1477.85
1373.12
1092.45
1656.33
727.751
1078.2
1163.38
993.4
1274.82
1077.44
2158.91
1249.72
1137.41
1360.07
1077.12
1188.12
1476.3
980.76
1599.75
978.706
1539.82
1110.54
1256.67
1110.32
1505.06
1274.74
1441.93
1114.31
775.317
1011.26
1326.43
1014.47
1874.97
1483.25
1165.67
1511.17
1254.55
1482.06
1050.42
1079.97
987.979
950.097
993.047
1122.65
1256.99
1366.46
1004.54
1396.39
931.184
1274.08
1143.46
1340.37
1308.7
976.094
888.954
1544.4
2321.27
1448.61
1090.67
980.209
937.358
897.537
1093.21
1607.38
1077.2
1878.07
1030.77
1544.34
1012.48
946.734
1069.94
2156.15
1069.31
1660.15
1393.99
926.904
1576.77
1477.77
1080.27
1263.2
1491.89
870.677
1750.12
1119.44
1039.07
946.115
898.59
1428.11
1005.79
1299.57
1029.34
1123.77
1376.81
825.936
2289.13
1334.13
1451.35
1306.54
1558.02
916.673
1062.47
899.043
1067.22
815.829
1031.53
2044.19
940.439
1444.8
1268.46
1016.93
1555.02
1630.6
1048.72
1252.71
1227.9
1077.22
840.028
1661.89
1452.77
1420.5
928.431
1037.29
1349.54
1329.79
920.312
814.782
1324.23
1823.86
1275.85
1139.74
1201.2
940.688
1010.08
1727.05
1319.46
853.732
1102.28
922.468
1282.88
996.192
1043.08
875.773
990.981
1051.87
1007.63
1457.72
1368.93
1437.41
1022.34
1219.97
1169.51
1058.69
1128.59
1964.18
1854.55
1690.53
2421.69
803.07
1051.2
1452.81
977.965
914.517
962.809
1389.75
1508.69
1076.18
1518.85
1462.62
993.053
1097.85
1551.69
1281.92
1250.72
1052.38
1175.73
1100.85
1218.79
1254.87
1216.44
988.811
950.638
932.104
1081.89
1006.01
956.423
1054.79
1364.54
1804.88
1447.26
1002.26
1019.62
1414.95
884.503
1472.49
1062.38
1704.18
978.603
1528.64
989.218
1027.81
1646.07
1332.69
1024.52
1514.42
923.201
1123.16
1381.56
1312.04
957.568
