11603.5
7342.72
10388.3
5820.4
6606.63
11064.7
5867.66
8896.78
5361.13
43668.9
6542.98
14431.7
6519.38
7655.95
6985.51
27284.1
5717.5
10788
6301.94
21784.1
7598.94
8496.31
9476.47
9026.66
6381.44
29266.3
8663.44
13094
10113.1
10321.5
10087.3
13298.3
8294.96
10403.6
23801.3
9299.58
7740.99
10681.9
15010.6
35339.4
6046.87
3620
12043.8
4116.52
10858.6
15243.4
5835.73
12252.1
7144.44
8382.26
12784.8
15276.3
10052.7
12683.3
5583.36
9889.84
5781.52
5086.94
12216.8
7287.24
24435.4
17711.1
8273.17
7173.87
3887.41
12972.9
13187
8751.56
28274.3
11129.3
17276.2
5565.55
11316.6
16071.7
8359.83
3575.3
4766.47
15156.9
11750.3
16861.1
14893.6
7408.44
7830.17
16528.8
13648.6
16478.6
21136.3
8896.05
11991
8574.34
6230.78
6653.73
6783.62
9006.39
14943.3
9233.37
14293.8
9823.36
15651.5
13064.7
8064.54
11603.2
9472.99
12519.8
10333.8
9891.09
4610.1
12935.5
15245
16229.9
6336.81
4513.77
8568.2
14120.3
10681
4640.12
2843.97
11324.9
5150.24
16441.4
7754.19
14248.9
9046.25
18378.7
14860.1
12636.6
6672.95
12078.2
6499.91
4579.72
6441.23
9930.68
4014.08
17914.6
36300.4
8770.38
17846.4
7704.27
13000.8
7281.53
14944.1
7309.85
5735.36
9871.44
4595.52
10103.9
8177.27
8385.52
5101.65
6057.12
3429.15
19305.1
7253.57
10109.8
13299.5
6982.89
7094.1
9230.3
14621.5
7423.52
14869.7
7658.71
10464
6905.78
8809.2
9022.7
16884.7
12460.1
14357.3
6837.6
7145.42
8400.17
21231.5
9272.4
8721.66
6483.56
12303.3
2919.15
9270.6
8870.92
18708.5
29338.8
17958.3
4093.52
13949.8
4914.74
9510.09
8015.63
6809.87
11555.3
16465.8
9838.91
13818.7
16717.8
10395.6
9957.12
6917.27
9843.31
19134.8
10707.3
10359.2
12920.3
4223.01
6995.38
6286.67
6287.92
10649.8
7056.1
9476.77
5329.77
4942.64
18217.6
13575.2
8537.26
18963.9
9725.38
7851.37
8221.08
15761.2
12910.4
27776.6
9222.97
5769.94
16251.5
9496.84
6371.88
18294.2
13323.8
15691.3
16362.8
17443.1
10807.3
16059.6
3620.52
9246.95
7137.46
9949.6
12803.5
6433.83
15619.7
4350.73
16102.6
6412.96
16989.9
12181.4
13421.4
14818.2
21605.8
13071.4
5493.99
3968.14
16003.8
7229.25
13762.9
6259.21
11374.4
9558.43
5424.77
4434.87
6680.02
14414
4939.37
8587.48
8891.11
8584.35
5848.93
7390.65
7827.96
18371
7280.97
6301.21
5533.26
10681.5
9956.11
6541.62
5724.1
19681.1
10332.5
5668.45
18772.5
9453.15
17140.6
3936.88
8793.95
6591.24
12339.7
15984.5
5173.19
6475.57
3737.63
6326.44
6263.44
15880.5
6479.74
11775
14104.1
6279
10896.4
7746.84
16132.5
59767.5
4234.79
33174.5
8166.08
12650.8
9925.06
6727.27
8984.34
3909.81
9151.96
6550.61
7884.41
8477.05
13641.5
7712.63
7059.53
22002.6
7437.82
8867.92
4481.56
8923.28
6704.48
17538.8
6391.8
7068.54
4818.59
11837.8
9851.43
12494.1
20073.1
10462
10048.9
6297.85
12946.8
10960.1
14012.9
8896.92
9874.64
8950.67
7283.52
5334.24
9844.81
5527.22
14559.1
5904.93
7321.55
18238.9
15288.5
10022
15126.8
6070.26
9367.47
18811.9
16788.7
20941.1
9974.24
11281.1
11918.2
7689.89
13253.8
9371.35
8742.15
5641.9
8202.6
49745.9
9713.52
9284.09
11980.9
15111.6
7524.75
7901.4
5314.81
6730.15
6239.62
4527.6
8581.85
15948.3
10445.7
9592.37
8478.98
24477.1
14048.3
5917.96
6329.69
8279.09
6433.95
5045.25
5931.37
16091.9
11329.6
6760.04
18083.1
16727.3
20738
8003.11
18071
5634.49
23643.6
3993.42
11809.8
8655.28
10148.7
8612.52
7049.27
12064.1
11754.2
14618.3
20443.5
6722.75
7458.05
11072.2
12707.2
6307.47
9699.1
8148.27
12823.2
22280.9
13720
10291.6
4745.26
9811.56
24512.9
3266.93
11111.1
6908.27
26704.3
13847.2
4443.13
4986.28
11677.2
5854.29
9795.17
9497.14
13393.7
15747.3
6401.94
10902.2
14436.4
13176.6
9775.23
8858.59
18597.3
8344
5888.06
12504.7
6095.26
9118.88
8106.8
13411.4
6864.9
5440.56
5551.87
9023.86
6491.77
13328
6739.04
12190.5
6803.34
15013.2
7227.56
15815.9
4870.2
8441.19
15759.3
13968.9
12996.8
35176
6058.41
12968.6
10803.1
5620.62
12306.9
11966.2
4927.88
11220.6
10435.2
4255.89
15311.9
12081.3
6267.01
10590.1
6350.97
10764.6
17520.9
17478.2
20800.6
8823.41
8004.93
14987.6
14891.1
12327.2
17183.2
15736.5
11193.8
15269.4
11248.4
4138.69
10401.3
7195.16
11158
6836.46
17399.6
6994.2
3733.69
5730.53
10991.5
33523.4
15566.1
6363.59
11425.7
20192.9
9117.41
12618.7
15575.8
12046.3
6093.94
16592.8
9804.88
13769.3
27366.4
6045.24
25788.6
13897.7
18804.2
13164
4823.1
4797.4
9720.66
9458.75
10072
8062.1
12912.6
10819.1
10356.2
3947.95
8735.65
25162.4
21101.1
11158.3
14141.9
11500.1
12197.1
19730.2
6651.51
11275.3
5457.42
16035.1
7527.79
7555.14
14492.1
7407.44
12895
7361.51
12095.8
7235
10172.2
6530.38
14653
16495.9
8855.27
3944.21
8580.55
11928.4
7828.48
8374.55
9544.98
8848.36
33037
10560.6
8063.95
12285.8
7650.25
12834.5
5506.3
6968.35
6878.62
11712.5
4910.61
17931.6
8992.07
22916.1
10939.7
11381.8
8977.39
16078.2
9121.35
23441.5
13987.2
7398.45
3856.76
14120.3
24535.5
8989.63
8868.03
4648.84
8173.22
9492.55
21368.6
14934.3
5974.16
19707.6
8444.58
11602.8
5237.94
5126.1
22805.9
6606.28
9220.2
6839.53
6211.41
11043.6
8145.15
11847
7560.18
19323.6
9611.88
7602.88
7482.08
13224.4
12879.2
14963.3
12297.3
8345.84
10634.6
5873.56
14196
10548.5
8050.74
8888.24
13059
17188.4
10820.2
8038.72
21831.8
9290.18
13824
7730.89
6705.99
4984.86
7305.85
18862.1
9944.02
6266.14
4666.65
15481.3
5124.09
21371
14109.1
13313.5
6772.88
7750.18
18927
10486.2
12764
14638
7968.75
15294.5
20230.7
4087.35
20955.3
26158.1
3639.97
6439.81
6305.53
9596.25
12555.9
5382.91
24271.9
6767.48
5513.5
38802.5
5905.86
11086.1
7646.29
13220.6
9433.44
22504.5
14376.4
5374.08
12444.9
9792.63
8252.1
9935.82
10292.3
14347.4
17668.5
13694.6
12076.4
5627.53
12883.6
19244.9
13266.1
5816.05
12614.4
15131.1
13549.2
12862.4
15510.1
16353.9
10260
11014.6
8914.85
5675.92
8964.36
2740.31
14242.7
36815.4
6116.52
9916.7
18642
29310.6
11062.2
9567.26
22984.2
3742.06
4290.19
8473.96
16273.4
9954.46
11828.1
12292.9
9594.97
14809
5187.09
18978.2
11926.5
11371.2
8429.74
24063.4
20630.9
10197.6
20367.2
8255.68
5746.6
3847.62
25620
13116
9979.26
13278.2
16940.7
9047.46
16939.8
14924.8
11076.6
12121.9
6858
9535.2
11550.2
14793.9
10102.5
14187.6
10079.3
11409.8
7553.91
9271.28
9269.21
7702.72
7548.01
6568.65
10350.7
5639.47
15144.4
17203.7
9446.5
9563.35
14524.6
18258.8
4162.04
9709.09
8232.03
7507.97
20090.9
7828.28
29240.8
11173.6
7633.57
9975.62
5821.99
6294.97
8633.89
8646.81
3715.87
8611.05
6407.6
16228.2
9052.98
19917.4
7640.52
12099.7
8737.2
7026.33
21139
14309.3
6975.76
11693.9
17009.5
10014.2
5225.57
8721.83
12975.7
16380.1
7015.27
21668.1
10262.3
15128.5
12549
11376
9026.81
5103.01
6527.86
19576.2
5590.55
8203.05
8945.87
8712.75
3716.82
9706.92
8336.58
2913.49
8603.32
10333.2
3516.78
23025.3
21298.9
14653.5
10964.8
12755.3
15778.8
9519.67
9384.49
20111.2
12153.4
7141.48
11389.6
11003.4
6587.87
12694.7
10698.7
20212.5
6466.75
4907.37
11553.5
15387.1
24895.8
4718.61
13424.7
19419.3
17027.5
5877.09
13056.8
8728.96
8329.71
7938.97
8844.72
7908.7
11632
13243.8
12502.8
11788.7
7430.44
13415.3
7275.4
11111.7
10250.1
9057.63
10469.7
3857.6
13590.6
16380.5
5618.29
10609.1
12914.8
13782.2
11642.9
10278
10885.4
12891.9
15777.1
27052.7
6562.77
11755.3
10832.2
8394.93
5100.76
11036.7
5615.06
19488
8636.55
11260.3
4991.36
12235.9
5143.43
16170.2
6369.31
13924.1
6618.47
12103.4
5153.99
10266.7
7577.5
10608.2
7347.26
5457.31
10430.9
13088.7
28445.5
11217.9
18092.3
4144.74
5018.13
30670.5
6118.2
3579.33
21727.2
9703.99
6669.46
28352.2
21868.3
13784.6
11519.8
8976.32
6979.41
7471.05
22664
13607.7
7449.75
10830.6
7076.93
8973.42
23497.4
7236.33
8612.05
10855.5
10984
10126
21623.7
9849.36
14302.1
6830.63
22973.8
5776.95
15329.4
14708.5
13441.4
6538.5
13062.3
6800.61
7590.69
5002.94
10353
19059.1
13276.2
14282.6
8420.89
9161.77
9192.88
11231.4
7137.13
9777.39
13780
19076.7
6057.92
11453.1
5035.45
19475.5
6911.48
7923.95
8626.26
11811.6
7714.41
4111.96
15619.3
4037.23
14010.3
6635.93
12199.7
5412.48
5336.46
4053.61
10849.6
12772.3
9300.78
6204.65
3696.17
4356.07
5796.79
20233
5656.89
14533.9
7086.62
11816.9
18347.8
21265.6
12786.8
12027.7
12505.1
9606.88
13529.1
11682.7
8431.66
4392.62
4361.81
7901.4
9358
19065.4
4494.56
12061
22033.8
3973.6
7249.1
14489.8
6422.52
30159.1
9266.88
12770.1
13306.3
8312.67
12237.6
9478.49
10954.9
7263.47
12554.4
7503.97
7693.93
20928.9
5145.97
10856.9
8694.1
5874.88
4416.9
8454.82
6065.21
10024.4
7650.58
5430.16
11090.6
21998.2
4530.59
13405.2
24056.1
37981.6
11891.8
13136.3
7594.7
12635.5
11338.3
7815.46
8478.46
18908.6
10308.6
9674.76
28942
5260.31
14915.7
4237.4
5762.6
3389.66
7353.32
5855.42
6220.15
6377.31
4003.96
5063.2
4584.74
3040.6
8629
8866.42
13909.9
23528.9
32590.6
17468.1
7805.4
16121.4
9703.96
7513.2
6003.32
11753.2
3791.04
10530
7349.17
16040.5
6877.76
4912.94
6270.11
3214.7
7746.58
5162.68
21808.4
25821.3
4207.87
9798.82
6434.77
9367.38
11154.4
12395.5
7288.74
11874.6
6964.42
8570.49
4823.11
13486.8
5482.25
14567.2
22347.7
13219.6
8844.73
7364.31
20073.7
20032.4
17629.6
14830.7
17660.3
10730.2
19514
9940.01
16714.5
21734.8
14768.3
10446.6
2841.59
4803.24
8528.82
5341.74
11080.8
15279.8
5945.74
9698.11
15907.3
10984.5
6361.62
8399.17
11706.4
21980.6
8092.12
4987.82
5562.24
12453.3
12833.9
6357.66
5137.99
10689.5
11598.2
8846.22
6990.44
4752.88
13681.7
5699.24
6257.48
9847.3
6690.31
7637.72
18066.9
31765.1
17700.5
3600.53
27323.2
13886.4
12279.8
10088.8
5042.24
13489.6
9871.78
3671.16
5369.8
6757.27
6977.5
11568.8
2820.57
2779.03
9341.11
17217.8
7963.98
8029.2
21672.8
11853.9
8114.04
14800.4
7303.65
7795.87
5397.97
21017.6
9428.54
10789.7
21202.5
9957.05
7306.99
13379.1
20658.5
21893.1
7416.81
7003.6
15474.9
5160.4
4342.8
5989.22
14644.8
14265.9
16650.7
22278
11608.9
19133.5
10808.1
12026.3
8313.42
23564.6
13502.5
9306.07
10921.9
18030.6
12392.2
8394.18
6920
13290.8
13206.4
7248.82
2982.8
6559.95
10508.4
13695.4
12791.9
8997.39
9500.22
5878.33
12114.3
21062
10201.1
19801.9
19997.7
18147.1
6572.09
10555.4
5649.21
20737.5
10406
6719.46
5422.77
15956.7
9441.07
32753.9
10293.1
7220.02
13438.3
10512.7
7368.16
7811.33
5230.07
12063.5
6615.5
3806.12
11409.4
9068.17
11143
8629.65
7873.51
11233.4
8290.24
11105.9
12780.6
5651.44
10204.3
4137.14
12288.6
9765.57
4017.83
7418.12
24236.6
9540.31
5306.83
14185.3
12122.7
11220.4
12679.2
13168.5
5994.58
5151.48
10768.2
4324.55
10691.4
20793
11256.2
12559.8
10680.4
11036.2
17161.8
9472.75
9059.2
6301.03
5504.55
15643.7
26773.1
4434.57
5233.4
14833.9
5399.58
10548.3
11155.4
11329.3
38863.2
4397.14
8272.43
6402.22
7196.95
18957.9
9389.66
8910.85
7999.76
5241.74
4748.41
10806.1
16607.1
4816.84
5492.48
8797.18
7191.35
6508.39
8819.57
17274.6
8916.45
18660.7
10896.8
34269.4
12071.2
4422.21
12511.1
14356.1
6727.46
8632.92
17438.3
18226.1
5770.82
17404.7
13887.1
17560.8
7867.65
8638.42
4798.12
19911.5
8132.97
5509.88
14031.9
9028.75
4239.52
18421.2
2445.2
15606.1
12574.4
15804.3
6251.38
8966.21
18023.2
6072.11
15234.9
25033.3
16353.9
26355.2
13298.1
6351.88
10536.1
35291.3
11301.7
19912.8
6063.53
11538.1
8892.14
9684.03
10740.8
3332.03
7379.35
6353.78
13702.8
19932.8
19593.6
5655.42
9878.07
12488.7
5349.78
13391
6059.71
13477.6
11527.9
4645.36
8976.29
13833.8
8743.47
7499.33
4333.95
10388.6
6629.5
18887.4
13053.5
13120.3
15955.9
28829.6
13402.1
6829.54
8349.92
11019.2
9157.56
14022.3
18109.9
17748.5
12102.7
7436.55
20972.6
7611.15
6029.18
11499.9
4485.1
11000.3
15440.9
7432.51
8353.09
9539.23
14561.2
5197.03
9535.07
7088.7
8864.25
4850.36
5351.78
11401.5
6812.21
9814.11
10440.7
5861.14
11511.2
15207.1
9999.91
8222.3
8611.99
8984.13
7445.54
17834.1
15048.6
9875.89
10086.5
18834.7
13263.4
5479.95
11797.3
11330.9
9802.78
5709.15
16006.1
11575
4650.91
8926.1
5756.25
8462.86
7821.04
7138.67
6632.1
12419.1
12675.1
10693
3855.45
10610
5731.14
8898.06
8090.74
13390.2
10118.9
5490.48
11128.2
6975.98
15707
11176.8
11464.2
14175.3
10360.7
13786.8
6937.42
19649.1
45468.4
13554.4
15337.3
10181.6
24005.4
6645.9
5701.16
9601.57
6433.13
24359.3
12557.6
5274.55
12269
11363.9
15320.2
6524.87
14722.2
11467.4
20973.6
6886.59
3895.28
27331.9
4749.54
28844.5
6218.19
19844.1
4629.01
11574.8
9646.18
16726.6
12548
10415.6
20852.7
11521.5
5743.05
13953.8
9570.76
12952.7
13202.9
10788.5
15194.3
13161.8
13843.6
13851.7
5121.83
9553.18
8997.95
10298.9
13221.2
11990
5350.27
8931.76
7800.26
5864.75
21959.9
17498.1
18039.7
10836.1
14926.1
5874.92
4648.99
5239.86
9517.22
3060.27
7631.84
20228.5
4288.73
13419.2
9370.39
9859.77
12326.8
17413.1
15796.9
7753.73
9229.49
5872.94
26577.9
4901.91
9487.81
8570.56
13463.8
8342.2
5720.34
8162.97
11738
3860.16
12367.2
9842.85
9405.31
8843.38
6946.41
8518.98
17009.7
10045.3
7847.31
8749.42
11669.1
5408.7
5852.73
9241.11
6378.32
9768.65
16225.8
6481.29
9567.81
8718.9
8322.82
7948.71
13656.7
9930.06
20431.8
9488.6
7467.31
4771.63
5269.16
7368.13
15696
8879.95
9204.13
16267.1
6632.5
9243.49
7806.39
39655.1
19865.4
10227
18231.7
16259.6
13276.2
10461.4
4499.07
21725.3
18400.5
15557.6
9388.77
14499.7
6419.23
8758.15
7009.07
26857.1
29325.2
15033.6
12176.4
4490.61
7289.09
8819.81
14522.1
4876.23
8658.16
17609
4623.59
12334.9
5600.29
5139.96
8411.42
16721.1
9935.96
12249.8
21442
9147.8
13751.3
3623.28
9816.77
4705.42
17280.8
5928.2
6262.09
13344
8945.22
14485.9
6644.06
8086.06
40629.4
8786.34
21107.5
5118.92
7865.66
10706.4
11761.8
3500.17
8517.69
7956.46
7176.52
7855.17
14845.4
4582.16
4453.44
10456.2
7080.92
22025.7
34180.4
10683.1
15025.1
7573.19
7917.63
13440.7
11468
18494.5
7826.27
11186.2
8891.71
13481.1
17625.6
9060.72
6074.66
6919.68
21165.6
10175.9
7027.49
3917.42
8089.39
9263.27
9092.48
8242.11
8649.9
6720.93
8970.84
17911.8
11873
5757.31
3561.69
23944
22484.9
12347.2
11936.3
15403.1
10135.3
9359.85
8111.85
13708.5
8963.81
4832.72
9052.27
6915.63
12988.8
12754.7
10593.2
12222.7
8833.44
11771.6
7694.59
19242.5
3674.24
5883.07
8518.47
9023.67
5321.07
6986.07
30266
24691.8
7231.15
5756.15
15407.9
17391.5
21081
13249.1
7000.74
21727
17287.8
6918.81
14264.8
6670.42
4169.17
13854
7362.47
12139.6
7138.04
18721.6
9814.37
9493.99
5989.14
9230.88
14577
10396.9
12188.6
8018.58
4546.94
6029.6
12841.4
7556.98
17347
7093.85
3147.96
14240.5
18178.4
9472.82
6687.73
10483.1
13669.8
6851.76
5275.3
37280.8
17629.1
4717.09
19110.3
7340.7
16993.9
3486.19
5891.99
17441.1
12402.5
9844.9
6214.82
12350.5
15990.4
18998.3
15531.5
8458.48
16662.6
11894.8
18434.4
18673
5991.3
7999.55
12813.2
4345.56
4261.04
9108.96
19967.1
5710.08
15429.7
4571.87
7835.21
28428
7162.31
12883.9
10530.3
7875.77
8680.26
12185.2
14093.6
8034.99
22826.3
4436.34
15719
8141.35
7356.24
5182.59
6342.61
16160.3
18598.5
6160.04
21436.3
26252.5
6284.09
10186.2
15190.5
7437.8
6163.71
8251.87
8085.05
22872.3
11618.1
14553.2
16199.3
7028.14
10926.4
7337.96
11826.8
5568.93
4245.01
8459.88
8222.37
16325.9
6923.82
6174.64
8754.96
11968.3
11757.5
12011.1
30640.3
11258.6
6494.07
14911.7
13134.2
8450.79
12389.8
8925.1
7182.51
3646.12
12374.4
19811.2
14035.1
5975.74
4097.64
4673.35
8540.39
19116
7177.93
12927.6
11180.1
8209.31
6420.84
7735.93
18168.7
8105.08
5658.4
10095.5
6765.74
8980.49
21450
9657.97
10044.9
4837.76
17193.2
16067
5039.72
13419.4
9293.44
4960.53
5641.31
8601.5
7527.41
7578.59
9001.3
15082.7
14647
8105.93
19668.2
13542.5
43527
11920.6
17200.5
5158.83
7004.83
8071.16
5284.73
7560.5
4684.75
10598
11013.1
20409
3162.01
18761.6
14963.9
3751.33
20653.1
9858.73
6635.24
10093.5
9646.23
12531.6
7535.74
7335.82
6367.21
3385.96
19565.1
13429.1
4589.45
7193.98
6461.49
7318.69
30644.9
15392
9258.51
4239.02
5339.6
9273.4
8245.65
4875.31
5443.93
6198.54
11762.1
27424.7
6461.17
6475.33
10490.8
4818.66
5135.46
8522.6
13089.4
13887.2
12444
19709.9
5955.67
5951.99
14839.8
13209.6
17286.2
8723.99
5692
25840.3
10745.4
7323.16
4628.8
8984.64
11542
13738.1
8917.41
19511.8
13733.9
31101.7
9040
9682.32
12896.6
18809.2
5906.02
4929.81
4320.37
9229.4
7771.6
19759.8
7445.75
3725.09
10320.9
8859.59
6305.55
9857.47
6370.91
13309.6
8963.12
16814.9
10274.2
6195.81
10144.4
14232.8
4856.87
10635.3
12622.5
16172.6
3778.16
6727.9
10235.5
10137.4
12803.6
16251.4
10183.8
7482.25
11738.1
18728
10549
18116.7
6253.86
9390.37
10378
12665.7
7589.74
4659.55
36864.5
22174.1
5408.04
12837.4
12259.1
9905.83
4955
25663.6
12333.8
7453.14
11643.4
9940.25
13101.9
9892.75
11743.9
9539.03
9230.37
6769.25
19926.9
8180.22
9324.79
7407.92
3464.09
10689.5
4869.62
13335.8
8601.99
11070.1
3774.87
29614.4
5088.4
8693.58
20418.6
9937.63
13658.8
6188.73
14517.3
6404.48
11850.5
7783.31
15751.6
5545.25
4658.18
6447.45
7805.92
10428.9
5887.04
17305.5
8718.3
9534.4
16849.7
25945.8
17757.5
8702.33
18808.5
9495.75
7569.41
11331.6
11869.4
9303.41
5828.1
8178.43
8395.39
11051.1
6852.95
9347.11
7158.8
16118.6
3996.92
2577.6
7882.41
7422.78
11341.3
11645.7
7720.12
10608.2
3994.97
15092.9
13723.9
8727.26
12548.1
5450.2
3680.25
14529
6791.12
10520
3573.32
5353.76
5477.12
6346.72
11832.6
20952.3
15925.3
12885.1
8927.14
14711
25396.6
17217
11533.8
12351.9
24420.9
14565.3
6972.49
7250.43
13174.1
17490.1
6410.29
3898.32
8203.02
21875.7
9551.16
6885.43
9712.86
23544.5
12908.3
7818.37
10420.9
10294.8
10998.3
12793.3
4540.01
2553.71
7849.71
9792.84
11335.4
4601.65
11587.7
14672.9
12129.9
18292.8
19071.7
24338.7
8454.66
32521
8503.56
7287.89
11300.9
8100.99
4682.53
9648.31
5751.75
13777.3
16223.1
11341.9
8554.18
8231.79
3785.02
18191.8
12307.7
6928.7
5664.18
5320.55
7769.65
8319.49
5033.98
7851.4
13477.8
11899.9
8859.95
19468
6302.01
6755.11
7495.6
10607.9
3210.15
15767.7
21059.8
15426.1
5345.28
14580
8631.73
9103.09
6067.72
20278.9
9013.36
6492.62
6993.23
17357.3
4101.81
18075.1
18095.8
9008.61
19724.7
21031
5526.08
6429.41
6197.58
10214.3
28538.1
8948.66
12035.8
10272.4
12188.5
6013.12
6284.19
17900.2
8458.5
17352.6
17795
12947
5515.85
9059.47
13910.9
3929.3
7908.18
19554.4
8790.91
10049.6
7427.89
4228.07
15639.1
18081.1
10691.8
6230.98
5288.55
7323.87
8995.92
7627.03
10580.3
6640.94
8875.16
16852.7
6364.21
23896.8
16680
14205.9
13390.8
11663.8
6389.66
10822.8
13906.8
10108.1
5390.34
17250.6
12687.2
12175.7
4124.92
10154.6
12178.8
12522.2
19657.4
9180.94
3073.61
3631.9
15878.6
20261.2
12549.1
6601.78
6570.27
24090
9181.47
23091.9
8016.77
19876.2
7855.1
12283.7
3890.8
11040.1
11734.1
7432.4
7442.2
26498.9
7818.71
12589.4
15141.5
5483.48
18759.5
10713.6
9740.19
4089.45
6761.79
5702.02
9639.36
8456.88
22214.2
13058.4
5767.64
10891.9
9485.21
11996.2
14179.5
5789.52
7435.48
15861.7
7600.22
9653.63
13305.1
11128.6
7397.08
7717.89
11596.6
13371.4
15537.4
7554.88
10754.2
8872.99
15450.7
4402.61
13561.3
5667.69
12601.3
4126.8
13563.1
9119.74
21012.5
16735.4
30237.2
13693.4
12033.6
7833.38
7405.53
4029.52
7333.04
8009.29
3699.24
12486.2
8948.67
18262.5
9495.55
8690.25
6043.3
4613.1
4689.74
11527.7
7273.94
12636.6
22900.5
8584.87
9537.15
3886.12
27234.1
7866.38
14993.6
8903.68
17892.3
13092.4
12165.5
10769
8872.01
17219.1
32840.6
9867.94
14666.7
12186.3
13379
7356.33
9641.39
12410.2
24478.9
13592.1
12027.6
11979.5
32447.8
7294.79
11366.5
18214.8
6060.73
9179.99
7358.4
8911.85
13240.9
12082.7
16460.2
3826.01
12730.4
4750.97
11424.5
12005.1
19236
13007.6
6116.39
8641.61
10722.7
8631.75
3802.24
8864.01
8416.09
12343
6724.88
4340.07
8674.78
12159.5
12237.8
6917.38
10596.6
4121.87
10498.2
4235.17
6950.42
15027.9
7003.92
16551.6
10078.8
3214.32
15478.8
5779.66
4105.48
4224.62
17204.7
17537.2
7587.21
9620.17
16422.7
6058.63
13057.1
8308.23
6016.9
7215.41
13670.7
9984.87
8893.72
4241.51
11640.1
5552.18
5860.19
8976.33
10059.6
8075.49
12792.6
5011.01
39318.5
6114.91
11233.6
10580.1
17641.1
10806.6
4435.91
17488.2
9753.94
18780.7
21579.5
27165.3
5987.2
7046.15
10559.1
4527.47
5015.87
7016.28
8963.92
8531.56
11767.1
7654.46
21559
3485.77
8207.48
10239.3
10084.9
4194.01
12760.6
8529.67
10623.1
10856.9
4463.27
23571.5
8918.98
14997.3
18639.3
15785.9
15467.5
4835.68
11320.4
8799.66
8913.69
5161.7
4436.15
4512.22
19320.9
19017.8
13020.3
4912.63
16274.3
16941.1
13727.5
10130.4
14925.3
7047.29
10178.7
3887.82
10043.9
3979.5
7729.92
9695.59
18032.5
9476.79
9330.95
5111.16
9919.08
10773.7
6169.83
13210.1
5388.43
10870.1
6829.14
14759.9
7966.98
11913.8
10910.1
12492.9
13283.1
7974.61
7047.86
7128.33
9874.24
12091.1
6395.48
25343.2
7395.29
5094.15
7923.49
10476
10652.2
8612.78
4320.76
17574.6
4094.79
10990
7177.05
3379.8
18162.1
7382.03
13652
16179.2
8636.1
13621.3
19379.8
18820.5
14612.5
10352.4
31473.8
12482.2
6299.54
5219.66
11194.6
7700.84
16327.9
9375.69
2383.13
5445.75
6449.49
8594.05
23658.6
5957.48
12892.3
8938.31
7304.97
3841.24
8783.36
4353.25
8152.25
6672.6
7188.29
7954.74
9403.41
17372.7
7773.72
18446.9
7683.7
11062.6
21382.7
8862.46
13848.7
7949.09
4789.99
14817.1
11450.1
11686.9
3920.47
8288.63
5021.91
6567.55
5143.67
16803.7
11795.5
4019.4
10679.8
4225.17
23176.2
3382
11808.3
15756.6
26799.3
4440.4
10407.8
19933.5
7414.94
14517.2
11258.8
5831.44
6069.73
26130.5
17809.2
3748.4
4947.68
3432.62
5796.96
10733.7
8797.54
8890.25
9725.11
4339.31
17809.9
3962.7
14230.5
7062.21
12289.8
9049.31
6706.6
22298
6598.46
10508.6
32082.7
20347.8
8430.59
11103
12727.3
16968.7
6525.59
5410.77
22908.3
8710.16
10979.5
14606.2
44484.3
18429.4
7755.65
14478.8
5197.45
9499.08
10419.7
5551.15
10669.5
12194
6957.98
4328
15698.8
17941
4529.27
12651.3
11719.5
5429.13
9571.09
6470.65
12431.7
13615.3
5158.84
6185.25
18005.9
24042
8636.78
7948.71
4022.34
12025
24858.4
6789.36
9755.52
8677.57
7243.81
24355.2
3589.56
29241.3
7507.71
4788.45
8298.71
6615.93
9854.38
11798.6
8686.56
35915.6
12181
13000.8
4570.05
3846.44
4595.82
11417
7554.85
9950.73
5567.69
10034.4
8123.16
9318.62
12647.4
27277.4
6805.64
3846.17
16171.4
10805.8
5764.72
14620.5
9873.37
7821.57
5219.66
12303.5
18270
8575.46
20578.6
20687.1
7946.47
8506.36
6642.04
14916
4294.59
10047.6
16047.3
8739.79
26423.5
7555.7
9515.3
9700.31
4661.17
5243.71
8859.52
7081.77
5090.26
7321.99
6773.47
5040.3
10346.7
6664.6
5939.36
5588.27
7927.69
6460.05
9290.42
5598.14
10633
9443.58
9135.77
9350.95
10982
13031.1
12198.5
8233.41
11761.7
5502.76
6306.15
10097.8
8622.35
9525.8
13548.1
17907.6
18466.6
3725.78
10464.2
8953.9
12636.4
10037.4
5850.08
6912.47
15129.7
16108.4
16487.7
8472.9
15714.4
6308.17
5749.23
6648.63
9253.87
10627.5
8763.21
13136.1
8429.91
6776.47
13203.7
8470.42
13193.1
15377.1
8399.74
7688.88
19017.8
12997.3
6606.44
32831
7207.93
12549.4
11077.6
28249.7
8865.56
26729.6
9776.99
6604.7
14393.2
15613.1
2704.3
6828.37
26854.2
18308
12374.9
11687
6592.21
7077.83
4592.99
8181.96
10005
3858.91
17966.8
12854.3
6650.82
11260
3875.9
5599.9
7735.87
8374.19
10744.8
6915.21
19188.6
21544.7
12587.7
9457.47
7330.38
7908.44
7769.6
8604.82
4099.98
29611.1
11384.4
10664.2
14392.7
6711.53
6411.11
8622.15
30629.9
10698.2
14500.4
5196.2
6235.73
3579.91
10621
9936.98
7243.5
12555.4
6455.3
5956.57
13722.4
6591.15
18636.4
12396.5
12786.2
5041.48
12939.2
6950.42
10670.5
9948.63
7365.93
8522.1
30715.8
5040.9
21090.1
22832.5
14196.9
34283.7
15145.8
12023.6
4166.38
13372.5
24302.2
7342.67
11832.9
10433.5
8323.68
13536.7
8633.26
5769.36
20171.7
20002.5
6686.37
12554.2
8467.44
47032.6
8656.64
11646.4
11530.3
7976.42
8635.9
5549.39
7943.4
5966.05
26761.7
25679.2
5441.75
9989.52
12792.4
5040.9
5456.27
14786.7
17234
25648.4
8939.12
14757
7636.23
6576.63
5645.64
11091.9
14988.3
13198.6
18730
20294.1
10614
9922.4
16499.4
7731.22
4679.83
7086.08
9253.42
6630.85
12976.9
5677.54
12097.1
6014.12
14753.3
6041.02
13822.3
7772.57
45637.7
7512.8
13171.7
6444.85
13188.1
17663.3
10793.1
12068.5
9037.47
10029.6
10519
15592.6
10164.4
8043.25
6366.31
3494.45
9570.96
6963.44
5188.35
5234.95
13492.8
8319.32
17914.2
5517.75
6276.45
9997.43
8835.79
4632.03
22687.5
15709.9
8529.11
6930.09
6049.46
10940.7
2389.98
6405.02
2738.88
15004.5
30033.3
8465.38
17519.9
6759.07
13624
12672.6
10554
12583.5
15804.6
13085.6
7992.92
7140.14
10794.5
6955.46
26119.4
13440.4
13330.1
5934.7
5197.47
6771.4
10599.1
7796.52
6166.59
6060.2
8372.16
9605.52
12245.2
32259.4
9974.92
6610.93
16429.1
7749.04
22418.3
7553.27
22932.8
19649.7
22121.6
4691.23
11099.8
7956.35
6412.09
11258.2
6038.57
5715.23
7458.8
16979.3
3987.05
9010.2
7890.4
3754.66
3599.04
14254.7
10697.7
14474.3
5589.99
8210.44
14495.9
13902.5
13496.3
10918.6
6037.74
13624.5
15718.8
23106
9214.5
4340.4
5239.48
9952.21
6112.29
7050.46
5124.9
9810.17
9834.96
7296.09
9547.92
5075.94
8454.66
15382.7
16694
9246.83
10527.9
7969.85
3804.27
8555.59
12401.8
7903.47
11136.4
11765.4
6093.58
14182
14208.3
4055.06
5147.46
3363.19
13346.9
6050.19
16775.4
6617.17
37393.4
9802.71
7759.35
6060.71
6608.83
6251.3
37344.4
39331
15575
16331.9
7291.86
8360.89
12391.3
8388.2
20607.5
3481.86
49858.2
15609.3
9497.57
3650.36
6816.83
14573
21481.4
12132.4
9773.81
17651.5
7345.36
8440.88
28268.7
6826.62
6369.11
6412.66
11835.7
7078.26
6059.25
20900.6
15901.9
5399.08
23449.1
8540.85
8358.47
24348.6
6475.53
6712.66
27437
14792.4
15559
5786.79
3828.76
8541.77
12897.8
5900.29
16339.1
5246.82
7941
22688
11437.9
13615.2
3544.11
5637.31
14607.5
17313.1
3657.1
8999.22
4777.91
4869.05
17807.8
15687.7
5163.28
7556.69
10525.5
46224.1
8937.04
15273.9
17088.3
5981.67
19419.2
23452.6
10246.6
7966.92
14998.7
6159.59
7017.89
43107.3
13943.3
4768.89
16412.9
20680.8
16179.8
21075.6
6744.5
12567.4
20774.8
7350.99
8347.53
21781.2
9605.64
7678.53
23843.7
18117.8
3828.27
9610.37
9453.66
7646.54
7423.22
4995.02
10382.3
5317.38
9519.09
21542.2
8169.38
7400.54
3929.88
28308.4
7415.83
8400.91
13733.9
15975.7
5325.17
17193.7
24934.8
5650.02
4658.01
8568.92
30105.2
6190.09
10925.7
7031.78
14956.3
5123.68
4815.15
12582.6
13763.9
10286.7
8894.97
7934.56
6221.8
5872.58
5910.21
11234.6
14548.5
8107.24
7391.89
11797.1
13082.2
9033.37
6384.4
7000.13
6686.41
12839.4
10264.7
7574.97
9007.11
5647.97
26531.6
9712.65
8698.81
11792.3
7800.36
8676.62
7965.62
13382.8
12351.9
16706.4
10831.6
15973.9
4856.06
14082.1
7760.03
15097.1
16236
5976.81
9517.65
20032.1
12439.1
4519.33
15632.7
15008.6
17103.1
18260.9
7801.14
50373.9
17398
7185.63
6594.34
13329.4
13916
8471.54
13607
7391.12
12379.8
7429.53
12048.8
14234.7
9915.6
9315.55
6931.98
12630.5
11353.1
11635.7
11581.8
24210.7
4347.74
13023.2
8011.63
9171.42
12998.5
6118.16
5412.11
25298.3
5114.08
10093.1
5303.15
3903.57
8717.06
13018
5785.57
7244.33
6510.06
13419.1
4860.06
7613.9
11131.7
10495.5
6065.02
9601.46
20397.5
15283.1
7344.3
6657.44
11252
8494.49
10979.9
16719.8
8670.44
20661.5
12576.9
7282.84
3938.78
5639.7
5063.5
5748.16
10446.6
5047.55
11575.4
9244.79
10898.9
10621.8
7565.86
7499.32
11299.9
10804.8
5762.18
3285.44
5911.32
10081
6625.62
7926.39
15438.4
23236
15822.5
11275.6
15286.7
5591.7
15760.8
4732.78
15159.7
7297.49
10610.4
10382.5
21183.5
5698.48
13123.6
6569.93
4253.48
13332.4
4664.54
6810.72
17551.6
6345.61
3382.4
3508.43
12846.8
8765.7
15417.2
3892.98
11938.1
4617.69
7356.92
10926.1
6398.82
8924.11
5529.02
5228.93
4881.21
11914.3
13145.1
12178.4
13580.6
6711.62
4461.51
10075.2
9879.28
9301.04
15762.4
9434.54
12057.1
8422.6
7650.65
21890.8
11453.3
18411.5
9600.27
10585.4
7417.02
7832.87
11780.9
13807.6
2396.8
13805.7
10260.2
6535.96
8995.5
12223
7274.93
11330.9
3165.74
4901.28
23409.4
4568.04
7787.18
12288.6
27275.4
15237.4
14971
15512.3
15318.8
14133.5
8625.59
26988.9
4897.51
3973.83
13891.5
8975.63
3517.7
7567.36
9016.47
10042.9
6581.98
12844.2
30168.6
12907.4
10789.1
20978.3
9047
6210.43
9619.33
7850.17
4688.01
7142.21
7289.79
9813.5
14418.9
7264.61
6494.43
12196.7
25582.2
12241.2
15000.2
4268.4
10244
13153.9
5923.8
7409.66
7977.2
14475.6
8677.42
5756.74
14252.5
9374.77
11170.6
5658.71
12638.4
7540.09
28924.9
5968.29
8484.25
8414.85
9158.83
11297.4
18193.2
8793.82
16564.3
16826.6
6200.83
16974.3
11342.6
21149.7
7200.23
11655.4
16866.1
5901.83
20235.7
7525.9
6016.15
14978.1
11243.1
11913.5
9802.2
13279.7
11237.8
8467.29
11452.6
12750.5
5482.37
11460
20923.2
14292.8
4234.86
4786.25
10708
5991.99
20722.7
7840.39
11151.1
9907.87
10871.7
15485.1
5461.73
16095.7
14234.1
22338.9
8488.15
4537.64
19887.8
9177.14
5644.59
7892.58
41434.8
9448.01
22696.3
21020.2
5468.64
6060.35
6800.41
12273.4
9332.25
4524.62
13058
17025.5
14416.7
18808.6
6372.52
10895.9
5757.86
17946.1
4769.9
7215.99
8436.25
13151.8
7934.03
9550.55
11591.7
5348.35
11719.4
11391.9
29426.6
15517
15887.9
5005.36
17391
18645.6
3675.07
15234.5
18418.8
5238.07
6899.46
13498.4
11513
6327.18
15034.8
5553.16
9568.71
11187.8
24388
8672.48
5437.05
13501.9
6424.39
20621.2
13467.7
5878.86
14863.3
25519.9
10456.3
12319.5
11863
7899.25
6285.81
8526
11565.7
5194.59
7200.41
33975.5
10410.9
5403.34
9071.95
7713.7
10577.2
10336.9
4353.51
5469.16
10010.2
13519.6
8121.75
12418.3
9957.04
8902.66
15009.5
3732.78
7945.11
11156.8
8979.38
7077.23
22930.2
14164.6
12168.6
11689.1
5536.11
24406.8
6089.4
4908.86
12457.8
10351
4792.78
6352.86
8007.43
13276.4
5101.55
4212.62
5998.59
9503.6
7502.86
5330.75
8947.2
5607.81
12796.8
31307.2
18175
18195.9
2477.8
33383.4
13576.2
17342.3
5520.63
5375.4
6274.18
6970.64
4235.7
16684.9
4417.79
9673.24
19451.7
16570.6
8691.42
8322.5
8660.84
9202.93
13024.9
10226
13351.3
2935.35
23327.9
7196.92
14987.7
8893.09
10238.1
6775.47
7369.14
11582.4
5779.07
20162
6372.02
8737.9
7162.07
33802
14574
10056.4
14345.9
15674.3
7455.22
10781.2
10697.1
11219.8
3276.14
3843.73
6843.07
11603.5
20809.3
16601.2
3858.34
16487.9
10213.2
8180.75
13182.8
8054.77
12229.8
17129.4
6004.63
8061.86
8595.77
9546.26
4419.72
10196.1
9911.32
28885.2
8121.63
25329.2
30987.6
12117.5
4515.54
5335.76
21626.8
29093.9
16015
18072.2
18217.5
6210.55
10741.5
22810.9
9311.19
23807.3
8057.51
24034.3
5631.05
10228.6
7951.32
15068
7067.13
6931.44
4773.01
4426.1
10802.9
20094.8
21274.9
13576.7
15109.8
7364.61
7877.44
11830.3
3657.55
10010.9
15362.6
5820.3
6686.66
12284
7104.15
22128.5
7974.56
5237.68
9639.63
10932.2
22915.2
4063.18
21269.9
5862.44
8150.28
7118.09
9718.59
12791.5
13922.7
8165.1
12481.4
11214.3
19005.8
20814.3
7180.75
7072.71
10980.3
5243.07
12342.6
4035.51
10930
10373.4
12572.6
19808.1
9006.41
16291.3
12719.7
21029.9
11290.2
17414.4
21399
8624.99
6853.31
9917.74
7471.95
10530.4
6065.06
11940.4
8535.71
8802.52
12231.7
5526.75
6746.83
4584.12
8288.43
16058.3
7200.82
10480.4
13962.6
5760.21
14343.5
4083.79
4057.33
9497.88
10550
6506.94
16530.4
12935.5
9261.42
9244.44
6388.45
15586
13488.3
11173.2
6689.15
17380.3
6752.51
8278.03
7372.76
16303.5
7207.02
9949.84
17128.4
25110.3
4888.56
9842.36
8827.74
10532.2
23222.4
21294.7
10829.1
5057.32
9470.69
8850.97
1865.28
12406.2
15923.6
7298.25
5205.17
4593.48
6940.24
5346.13
11496.8
26144.1
6213.42
18364.9
13237.2
20902.5
6586.44
32244.5
18734.2
17798.1
11041.1
7559.13
12186.8
9098.5
5956.05
2697.52
6805.98
5404.85
10818.7
5507.79
7506.05
5458.41
18745.9
25356.1
28634.9
6150.69
7310.22
10983.1
12649.8
13233.6
13707.2
8821.47
12923.9
22952.9
8881.19
7116.31
7240.92
8654.19
7383.71
17057.7
11045.2
14150.3
10004
8946.64
6101.43
17468.8
8030.77
11846.4
17099
17030.4
10507.4
30247.1
10658.4
22677.3
6009.32
8947.76
8158.75
8077.46
10277.9
46766.9
16599.9
4973.08
14031.7
26034.5
8477.6
7553.6
19530.9
4409.66
11919.4
5939.94
28898.1
10449.4
11533.8
11235.7
11420.5
12517.1
9635.81
18518.9
8862.75
11491.4
7144.2
3830.14
4817.61
24712.2
16543.6
17146
9239.35
7384.17
13822.3
10339.9
7637.18
12403.3
9467.54
12219.8
17160.5
11520.9
9631.03
9423.04
7445.61
20696
5857.02
10108.3
22193
7646.86
6118.7
15381.3
12117.9
5821.46
13547.8
14121.4
5932.15
10693.9
6704.41
9569.47
23842.9
19021.1
14883.8
16179.4
10819.3
9394.86
5463.75
3835.65
7744.27
13691.4
7669.39
6885.65
11930.8
11398.5
6651.02
12844.4
12913.6
16961.8
9285.38
9371.25
5406.45
6442.78
11245.8
36790
7073.56
11595.2
4649.35
6329.7
4390.49
7198.51
15535.2
11350.9
7409.3
10973.2
8014.93
7345.26
6877.49
20649.7
8279.15
6426.42
6795.31
3222.49
4263.01
8897.42
9119.35
28294.4
6091.54
5411.34
4027.12
19552
17081.8
15522.8
19828.5
7530.7
12971.4
13056.9
11833
23797.7
23843.2
10366.1
11172.4
5015.1
6301.76
4137.01
15704
20345.8
6182.3
6534.27
5680.82
19872.7
4586.3
6819.79
6542.96
9052.44
5016.2
3667.4
4998.91
8732.82
5654.61
7896.61
14245.5
23870.8
15004.2
4244.21
15851.8
16594.3
8796.24
15469
4354.7
4873.06
19042.3
11326.4
12606.2
7120.57
12481.8
6161.51
12719.2
17130.5
36416.2
12264.3
37520.7
6057.36
5366.54
9881.89
18843.3
9480.33
12808
7970.04
11157.8
7873.83
8163.65
14075.6
3428.82
17468
6641.08
14574.8
8447.57
4803.42
12174.7
12092.3
21048.2
6333.4
13865.6
12311.9
20279.6
15754.3
13792
9932.54
19023.1
8683.19
8713.76
10119.5
4826.23
16891.6
5632.96
12614.3
9429.87
10217.9
19354.9
4167.42
13963.7
8271.18
12599.8
13714
17090.7
7657.99
4506.83
16810
6609.75
18050.8
11910.8
15292.3
6134.37
7916.43
5153.36
11731.7
7821.68
12857
6498.41
9916.39
4773.2
15903.1
19866.5
11976.3
9674.39
16996.6
4160.75
8029.28
4222.1
8926.83
19391.1
7865.53
10292
9256.67
28096.6
10954
10715.1
8757.48
8485.14
3451.04
17495.6
8178.65
9110.73
12368.8
7770.31
15960.5
5284.75
11432.6
18963.9
10742.8
8819.02
12122.1
3632.14
14217.3
17329.7
19839
4461.16
18811.2
11700.7
14148.4
7555.74
10642.1
10197.2
14876.9
9375.18
9297.49
4870.8
9469.92
18085.5
5618.3
5563.48
11063.4
6996.19
12633.8
9909.2
11304.6
18316
6141.9
10529.2
5095.46
13973.3
7849.99
7711.63
12362.3
20962.7
10406.5
5140.96
5703.44
9810.02
4449.49
28220.9
9146.21
10851.2
15332.1
15939.3
4870.33
3266.13
6001.09
14220.9
12919
32918.9
12079.3
6683.08
11885.6
18584.4
33031.5
8407.11
9676.13
8763.16
8139.02
3761.86
20334.9
8083.8
16749.4
12409.9
29916.4
9583.81
22028.3
10644.7
7257.64
7311.81
8459.32
5752.66
8906.02
11365.2
11505.2
7817.76
23165.1
16258.4
5290.91
6583.44
12702.6
4850.84
10442.7
11882.3
9979.79
4222.87
12890.4
5037.52
11167
7316.82
5533.21
16656.9
5773.34
6024.62
9170.23
5378.83
24455.4
6237.84
8853.39
13963.4
6843.03
13600.1
5752.06
9928.77
6638.32
6883.35
15434.4
10912.9
5261.01
3519.66
6034.4
6925.22
4096.29
5203.45
8676.01
11795.8
5598.55
8688.52
12575.9
11990.1
13761.9
9184.02
8196.16
8380.34
10918.6
14415.2
9436.17
5090.25
17620.3
8708.47
16476.4
8440.52
3155.77
26956.1
5392.14
15504.3
7654.89
17759.1
9240.97
10057.2
6718.63
23652.5
16069.4
8269.69
4206.12
9986.91
4301.57
9651.19
11278
6042.58
25629.5
5374.06
11505.2
8819.45
20257.9
15678.6
14172.1
4202.53
8116.83
10875.4
11843.9
10070.6
13929.1
5047.49
12232.5
13288.1
5342.77
23075.5
11271.6
5182.35
5529.08
4720.55
14919.2
16605.6
7024.47
6370
8102.99
13482.1
22435.8
7053.19
12688
10316.3
6800.13
9901.63
7533.97
14883.2
14060.2
12827.2
14283.5
19867
31398.5
12305.5
11389.4
5589.74
26470.2
8558.49
10141.4
11946.2
10570.8
8658.46
14832.8
19958.3
25305
35099.8
17703.9
6049.07
6093.71
8045.53
10461
13541.9
9301.05
15414.3
3592.13
3717.34
6173.88
4908.45
16705
8269.61
8612.58
9767.1
9636.52
8915.78
12260.2
4947.52
22403.3
7893.58
42164.7
6977.55
9209.43
12475.2
11659.3
7928.58
16955.2
6470.6
9774.03
17595.7
18280.7
29828.5
6573.87
10373.2
13706
4659.98
8319.98
9373.8
23506.9
3980.73
7068.38
8104.15
5033.16
20779.9
12224.6
15173.9
12327
19078.2
6964.79
15880.6
11431.8
11208.2
10465.6
8820.29
3160.96
11339
5924.09
7371.54
8684.09
7325.86
8844.53
6823.2
6512.64
8523.69
6187.23
15695.8
17037.9
7944.27
9564.75
8506.32
8659.11
6102.15
39956.3
15189.7
5566.67
5177.8
12750.6
10647
13549.1
8952.47
11371.5
19102.8
6366.56
7238.81
18789.6
9537.43
10763.9
12515.2
13455.7
8077.35
10399
10655.3
15623.4
10101.9
10053.2
10214.4
9022.93
7161.54
7240.08
9045.75
12461.9
7012.21
9694.92
10574.7
7540.55
4812.12
17318.1
5236.04
7051.51
8164.92
12490.2
11712.7
5420.44
25770.3
20423
15866.5
14897.3
3846.71
4987.69
20494.6
35754.8
8193.87
9307.24
10985
9342.48
9285.81
13089.5
13166.3
2252.73
11558.2
8265.73
17269.6
14692.7
9360.78
11783.6
4170
5333.38
8362.41
5420.93
10114.6
7434.83
23245.9
18380.4
17246.1
9409.31
10091
8221.46
30340
14855.2
6403.14
6426.09
12393.8
5514.87
19621.7
8067.3
10573
19416.8
6028.38
12655.3
19345.7
7757.92
21418.3
19213.7
30052.8
21408.3
4743.63
19514.4
5828.61
15876.7
6620.67
6713.13
8101.2
7865.18
23436.7
13902.9
12279.9
7624.94
13425.3
6357.83
19763.4
6202.57
9990.83
25925.9
34661.3
5242.4
3603.23
19548.4
6776.51
37608.8
13788.5
11200.5
11071.3
7375.55
11685.8
5372.17
13291.8
8859.12
9288.08
24739.2
7014.98
17343.8
5455.64
6174.66
15669.1
8428.44
7895.57
11340.6
11279.3
7401.34
10426
11688.7
9617.1
9802.45
5465.39
8525.22
16162.3
5580.1
9051.64
11608
4262.35
10798.3
9803.27
7988.94
7155.28
8380.59
9906.46
30723.3
12415.2
9065.01
9449.35
10275.1
10665.6
18914
10095.2
6841.34
10643.7
6860.06
12261.6
31840.5
9197.87
3346.81
6905.16
3262.68
11986.8
15547.7
17882.6
5479.37
6524.3
12097.7
13488.2
6767.33
3546.22
6709.44
11428.6
19800.9
13866.3
7647.88
12056.5
7367.98
4811.12
13398.4
11205.7
11179
4556.98
7528.5
7684.8
19447.9
11802.6
34861
10531.9
13513.2
5006.69
7085.67
24707.9
16047.5
8185.88
8038.25
12773.9
26109.6
7518.77
12422.6
7593.06
16720.9
10942.4
12540
17493.9
6484.76
12005.8
17586.3
9674.43
6466.93
7203.62
9952.51
4124.51
10836.7
29815.3
8793.03
16565.5
13493.7
23781
14868.1
15877.1
31710.5
7293.58
17092.8
12246.6
10029.7
7260.75
16567.9
6870.34
14599.1
11861.3
19036.3
10707.8
8084.03
6566.82
23781.8
4641.51
6617
11397
9383.99
14761.5
12609.3
10336.6
9507.07
7190.8
8662.7
19586.4
12366.4
5379.95
8162.73
10447.5
14480.4
31535.1
5199.11
6547.77
14576.8
6260.32
16387.4
15643.1
9812.61
6965
13589.3
10831.5
5949.01
12201
17600
12304.9
12653.7
8395.03
11326.6
4810.95
10190.5
18467.4
13194.9
5606.71
4565.35
17150.6
12028.4
22541.6
8901.94
5763.11
7061.03
7551.09
7711.16
9504.89
16375.5
15413.9
10153.7
4576.23
12333.5
18649.5
31447.8
3632.05
12568.9
4500.27
14443.5
9807.68
10585.8
4895.76
8475.9
4588.66
3410.76
11362.3
5714.08
4784.17
11017.5
9975.1
11194.4
3035.89
15990.7
6060.18
13495.3
20085.8
9362.16
10263.3
4351.43
23348.1
7397.79
4035.75
12052.4
8981.74
8376.01
15368.7
6800.75
5179.97
13405.1
26292
7732.89
22928.6
10978.3
24996.3
26379.7
12649.8
24076.7
19108.1
14341.4
9122.12
40084.9
24007.2
19338.6
6319.01
10354.3
14200.6
5956.78
2677.91
15602.7
15311.9
20484.6
14689.9
6822.51
15175.7
6223.99
8388.93
14711.1
30196.5
6202.36
5775.17
8371.93
13222.7
7610.21
16014.1
9181.42
7559.78
6243.72
21655.2
20830.9
9562.21
6400.12
13999.4
18797.9
5507.69
21620.2
13984.7
9567.28
13055.5
16408.3
6637.87
7937.2
8866.68
26690.5
11383.3
10365.5
15814.7
9770.47
6554.76
13729.7
7118.32
5280.18
9949.98
5620.48
12875.9
3221.27
9660.44
5158.64
5195.6
6941.77
14209.3
8113.18
14843.1
11469.8
16547.7
11932.2
2752.62
15037.5
10650.1
14324.7
7611.01
11108.4
7155.16
8227.78
7080.35
13939.2
18006.9
25795.6
6347.14
6519.11
18460
28478
3783.65
8282.1
10463.7
7492.35
15348.6
29901.9
12857.1
10100.1
5116.98
24764.6
8416.72
10959.1
12548.5
10376.9
14394
13547.6
20919
11092.2
10862.8
8615.26
7412.46
16363.5
11544.9
6997.44
5339.33
28012.5
5708.9
14819
35408.9
24288.4
7637.9
9539.2
3700.75
11544.2
9152.15
12355
12119.8
10669.4
5624.46
7567.51
10573.1
9698.01
9653.31
16431.7
17132
7071.65
20460.8
3526.51
9493.09
20894.8
13299.4
8551.96
14635.5
6709.87
10902
5795.59
16196
6880.65
8940.78
6420.35
10865.9
11630.2
9992.88
12423.3
5434.94
9015.39
5898.5
11043.1
11984.6
6979.19
4970.44
23583
19672.5
13445
6134.53
8603.27
21307.7
7483.2
16171.3
12143.7
8089.23
18931
5025.64
3934.16
4902.28
6927.15
16641
12190.1
9110.82
9806.59
7350.99
8350.65
31208.1
8813.31
6984.75
6446.02
9584.38
4362.52
25867
8673.1
15332.1
23415.6
26900.3
4747.16
8125.83
8262.73
5556.3
7921.88
10857.4
16253.2
12738.4
9599.07
13908.9
7461.74
11356.3
18955.5
6271.1
8346.08
5233.37
9607.06
5808.16
9737.77
16110.2
13424.4
8714.59
11571.5
5073.73
3114.72
16932
12750.4
10832.4
11034.1
4019.06
6556.85
7641.4
5885.61
9040.35
11940.9
12124.1
5697.24
13473.8
4719
13653
6630.08
11510.3
10846.1
7379.27
4936.72
6753.67
6600.77
9214.96
8107.81
5592.83
6046.52
6268.83
11566.2
7017.54
21612
6349.65
4314.96
19792.5
13770.8
9669.66
18669.7
6872.02
25371.3
12231.5
10666.3
8708.77
7741.93
38121.3
5068.97
36646.8
7190.99
9087.6
3891.36
7371.63
21781.5
4210.64
8914.81
17301.2
10345
6937.56
18341.1
9380.4
13581.1
11329.9
10670.5
23327.2
7817.12
21887.2
5864.66
8846.71
13167.9
10242.7
14756.8
20252.5
17052.4
7903.79
11902.1
8094.02
7688.73
8468.48
15942.9
15918.9
16631.6
4156.99
11867.2
3888.37
6016.6
12555.4
5212.23
17942.8
3611.32
7092.76
9409.86
9485.11
17809.1
20322.1
7172.82
5834.69
5610.46
12584
14869.4
4823.11
12771.9
5146.72
4756.21
11568.4
4461.95
12523.4
5208.27
3637.54
25105.9
16362.8
6537.36
18255.9
5812.32
14316.6
16239.5
4587.3
10637.1
4145.3
6347.92
9265.08
14620.4
21294.1
5864.81
7197
9617.67
15163.9
23527.9
11718.4
2546.52
13006.7
13193.9
3970.42
9130.7
13595.1
6405.44
9277.11
8537.57
29284.7
12592.9
3420.01
5166.67
10715.2
9057.06
14776.4
19327.5
9343.57
7405.04
14985.3
15696.5
7809.96
16612.4
7240.92
6647.98
6020.74
13685.7
5504.88
15906.6
8119.98
20897.1
12517.7
8458.9
5613.96
15902.4
16958.1
9947.08
10218.9
6061.34
10677.2
8065.03
14925.3
11787.9
11732
19043.6
6824.14
19927
12806.5
7623.41
12206.3
7317.59
14233.5
26381.9
9929.31
13762.3
4920.61
3521.37
9920.27
12302.6
8795.89
3856.47
6429.92
14833.4
5948.3
16056
6378.6
7793.05
7453.8
11165.2
9886.99
12201.8
14603.8
15291.5
8479.91
3185.43
6227.54
13749.9
12952.3
10892.1
6223.33
7652.59
16970.5
7773.49
19882.8
13754
13999.6
30701.3
7071.56
8518.86
18173.7
17744.4
22468.5
6138.75
4559.31
14140.5
8082.48
16949.4
8689.67
24743.7
9321.53
9243.7
8632.89
11228.7
6011.46
4163.92
11007.1
15434.7
10781.4
6795.74
10974.9
14722.9
9808.87
41238.3
3742.12
15435.5
8831.21
9828.78
7741.82
15370.3
13403.7
16975.7
12208.6
5583.62
8600.78
5973.58
5545.52
22509.6
9962.9
17890.9
20897.1
28176.7
20636.1
3657.01
6399.26
16007.6
10491.3
13453.4
11045.2
9609.24
9241.63
16069.4
3707.16
6824.48
21890.3
10890.4
6680.76
6395.39
4313.18
20521.8
15520.9
17197.4
11228.7
9079.38
3723.96
15057
59359.1
9815.62
4175.7
6643.01
5766.23
15451.3
13101.2
7279.94
5008.24
4208.77
12731.8
3117.5
5972.2
4807.78
10171.6
13464.8
8278.54
5243.33
6418.89
9907.38
3872.48
4921.9
10440.7
5843.85
15718.1
11461.7
8449
13039.5
4319.42
4577.94
9148.06
5666.13
8127.91
8148.71
15130
8724.37
8203.77
8987.36
6211.6
6237.86
16414.6
20473.7
10022
8397.23
15896.6
9985.3
10052
8015.28
10864.9
16777.8
15652.1
10726.4
20088.6
7513.85
9281.13
17253.5
5341.37
10705.3
4715.69
6957.27
15613.5
12509.4
16721.3
8547.87
29337.3
5056.26
37013
5949.86
9090.61
12738
10060.4
7285.64
3098.64
6552.9
8495.29
6013.2
6433.11
7678.54
13519.7
12433.1
10656.4
7553.2
8581.94
4949.92
11263.2
18714.9
7452.81
6583.98
19496
6832.51
12633.2
17270.1
8901.77
17699.6
4665.69
11347
21083.4
10638.7
4351.66
3059.1
10105
14841.5
7805.49
7145.96
6671.77
4717.11
8532.66
6211.34
20406.2
19564.9
11477.2
11034.2
22684.8
9973.37
6570.98
7854.99
10063.7
6777.61
4801.95
16108.8
16651.4
24270.4
7105.85
3236.37
5011.08
7518.21
16400.8
6958.01
8792.39
4385.77
11116.2
20584.5
10034
8652.25
10363.2
9728.64
7922.33
8140.72
4564.63
4746.99
22263.4
8487.68
5085.67
7781.36
7004.51
13405.5
15742.8
17354.1
23826.2
14240.1
6950.69
12813.9
15651.5
8040.55
18037
19144.2
7880.26
27637
4674.23
14127.2
13973.3
7028.56
18695.4
12512.8
8840.1
9259.2
5162.13
8113.27
11270.9
11787
11890.4
9813.1
14274.2
8342.68
13610.3
5668.37
8131.78
4674.86
8475.99
19223.7
7796.74
7771.58
10712.4
5486.82
8183.39
5788.97
8087.93
12516.6
14264.8
21426.1
11856.6
15768.6
8413.15
3961.73
9899.59
5821.78
6476.61
11696.7
9903.52
7459.55
9230
15678.2
5265.77
12730.4
13665.7
14144.4
4269.52
10443.8
4260.61
10177.5
5262.04
15415
17139
8433.17
3608.85
5264.4
4096.94
5748.68
5314.69
11974.1
12177.4
21892.4
16389.4
9994.62
6378.63
19008.7
2843.14
4978.64
9665.27
4890.52
6303.13
26045
11251.7
17801.6
9619.38
4570.28
6873.95
10776.8
4974.37
8200.93
16025.6
20376.8
11399.6
9030.91
3127.27
11728.9
10462.4
9744.49
7640.07
5855.47
7824.89
10187.4
13048.8
4609.06
10588.7
7533.85
12922.9
6355.53
17098.6
12675
7650.19
3552.09
16031.2
6546.18
12261.3
29648.4
8929.96
16745.9
21433.2
10412.3
9340.31
18590.5
8541.92
16704.7
9266.72
8217.37
5692.73
6427.06
29923.9
9940.46
8081.67
11277.9
5617.09
19209.5
11907.5
14704.2
3651.79
10027.6
20395.4
8283.52
4238.4
8580.68
8986.69
3853.58
11014.5
10472.1
8087.68
11731.7
6386.32
26605.6
17087.6
12287.2
5666.61
6138.35
4425.15
9562
6902.57
16161.1
5903.71
11894.7
13469.3
7230.78
3271.89
8678.25
9686.37
9695.29
10464.7
12466.1
5520.55
13103.9
19939
9565.91
3170.77
4324.02
22768.4
11562.2
12242.8
11507.8
7403.23
6857.51
8516.89
8989.55
14898.1
17295.8
14976.1
6982.1
15985.6
8969.79
6715.6
7351.9
14077.4
25415
16607.2
4982.35
5771.6
9578.7
4903.02
8475.26
9898.59
10078.4
17655.9
6436.28
36225.4
12705.7
13237.6
11273.1
7908.94
6518.04
8977.98
9742.02
12481.7
3992.17
12635.8
4682.02
10115.2
10897.6
4631.93
10626.5
34501.4
11893.4
12371.6
11565.2
7356.48
12409.2
9356.19
29654.6
7265.78
16250.5
11433.3
10585.5
5533.27
5524.57
8845.19
22311
7730.08
11420.9
6130.06
9991.98
7237.52
10612.8
10682
15687.5
7077.96
8685.98
14876.1
9318.5
8027.74
3566.47
11589
12118.3
11325.8
8119.9
31362.6
10345
5724.52
4672.96
9263.89
7968.22
11838
5959.64
20001.1
4719.4
18485.2
17581.2
9475.22
27794
11289.2
11784.1
12796.4
6016.75
4645.96
12022.4
4864.33
4581.89
6980.12
4946.34
18145.7
12706
9381.99
9195.82
14447
13240.7
3472.81
7799.73
6284.24
4404.15
21676.2
16143.3
5777.07
15345.3
6730.71
8145.05
22254.3
6238.59
19592.3
8505.06
9694.02
9972.94
4445.96
13151.5
13108.1
16629.9
8690.78
11922.4
3529.96
22684.3
9311.39
28686.3
15539
5644.11
26719.6
5961.46
9084.93
20219.4
5529.35
27074.1
9920.95
10832.2
9860.46
8513.63
6986.59
10606.5
7233.56
12999.7
5734.91
10672
10519.9
11332.8
7748.25
7451.31
14458.4
7810.92
4294.62
13055.7
32195.8
9778.36
15914.7
6799.7
12832.7
10956.1
5276.21
9374.32
8259.05
17714.8
14957.6
5394.97
3598.26
9061.26
13242.5
23780.1
7094.64
19489.8
9277.1
4497.92
14273.3
12702.9
14362.5
54239.8
9945.02
6482.09
12761.8
8453.89
15632.2
5007.29
8893.45
14529.6
5880.54
7239.96
9687.78
13596.7
8457.67
8825.52
7270.17
5089.83
15812.4
2780.24
11205.1
23894.1
15309.2
13398.1
8490.25
5431.44
6619.56
13822.4
17898
5759.31
8522.96
13582.6
6252.44
3968.93
14845.1
14802.3
27671.5
10769.8
11154.7
8128
18915.3
11189.9
16567.8
9094.46
8604.83
7062.63
4185.94
12945.4
8668.59
8737.78
15744.5
7288.43
12248.7
13101.6
5166.48
8658.2
19885.8
9408.04
11252.4
2977.18
5054.61
22660.3
19924.1
12419
9143.76
8435.82
10643.7
12381.8
6061.01
6622.38
4982.53
3804.83
15332.8
10825.3
11556.1
17400.9
20896.6
16061.2
14393.2
6684.14
20896.5
21569.6
9822.47
12545.4
5263.87
10633.3
8086.33
12417.2
23127.8
4694.2
9049.24
4143.61
4390.29
14220.1
13231.7
9238.69
10174
9873.01
5099.91
20111.8
24617.8
6061.26
4391.86
7812.73
4334.44
14482.5
5542.36
6562.49
6104.52
6066.49
6242.68
19383.5
23379.6
12770.7
26248.6
3980.93
12668.9
12574.9
5627.85
15333.2
9514.73
15759.8
29588.3
28215.9
5123.75
5589.95
7585.32
15484.3
11773.8
12074.6
5759.17
9478.52
14922.6
10389.8
7327.08
11739.6
2358.84
15454.9
15345.7
8698.29
10518
14961.8
7916.63
15676.1
9946.9
7589.95
6797.64
14444.8
11138.6
6770.18
11337.5
21474.2
8015.82
11786.3
5254.91
4616.63
10774.9
10172.9
14099.7
6911.15
12506.8
4799.83
5304.15
8958.43
6789.91
23897.3
10545.4
4550.85
7415.18
4356.37
9875.22
12810.6
14939.8
4086.25
17996.8
8203.1
17604.6
16484.2
6500.97
7023.16
6467.55
11283.6
8120.55
8453.76
10304.1
5427.36
5352.73
9652.92
18827.9
12444.1
3883.98
13312.5
10185.4
36033.4
2786.75
10930.9
7752.46
9207.8
6835.89
12621.4
10601.8
6804.36
14776.5
7546.18
11748.9
16187.7
19630.1
10419
8489.42
5484.45
6945.89
6810.63
14890.8
16281
13555
8468.79
9483.46
9746.62
7684.6
9741
10856.8
8994.26
8494.96
31627.9
6947.1
8355.93
8804.08
9337.7
7271.91
13270.3
5798.33
3011.62
4544.18
10302.5
10204
8661.34
7034.66
3543.13
8264.8
8897.46
14748.5
7318.55
6416.52
11417.7
9550.7
8805.65
7138.63
11967.8
13923
7332.86
5402.97
4017.61
23080.6
3525.45
20971.5
7592.93
10228.3
9399.02
9847.94
6415.11
14106.9
8451.26
6443.12
6654.29
9175.02
3343.03
6134.82
17607.9
9574.44
15066
13822.5
16335.2
22176.9
3885.56
4570.05
9435.87
3675.07
8203.6
9052.36
20010.8
12557.8
4305.07
11012.9
11889.9
7565.59
21379
15611.1
16807.5
7068.92
10503.5
7904.86
13470
6082.96
5743.03
7338.99
6868.14
16279
4398.36
14467.2
22994.2
4622.45
12862.4
28438.4
5935.58
26955.4
11797.2
10671.5
8596.45
17956
8541.36
13532.9
6608.57
12807.4
17003
10702.8
22558.8
12295.5
18785.3
4623.94
18183.8
22261.8
12286.3
14639.5
6216.09
9711.87
10725.7
10875.6
8523.05
23068.6
7698.07
10960.6
5527.79
42930.5
9856.86
22772.8
11084.5
11033.8
13420.3
7314.05
5790.29
15494.4
6342.61
18944.7
10801.8
22560.8
5638.82
16493.5
13211
9164.68
13802.9
3265.38
13239.3
5942.71
15967.6
11809.3
12054
29952.1
8687.47
5000.59
10478
10307.1
5030.78
7553.39
8716.16
12628
5208.56
5873.25
10211.4
4948.92
7794.97
11188.4
8574.88
4750.64
16941.8
9935.62
9542.42
3790.73
18280.3
3807.74
7431.68
9953
6338.24
4812.72
8768.62
6273.64
20784.8
11548.5
2750.03
5855.12
16239.7
7450.65
15897.4
10501.5
23486.7
10289.3
16874.5
7766.86
6185.93
16705.1
11795
11491.8
4165.62
9239.08
6789.7
18254
10758.5
8269.78
6137.29
5190.46
6727.43
5896.01
19283.8
2593.39
8243.92
5930.5
5129.78
11898.7
6589.45
16272.8
3128.52
12042.5
32372.3
48148.5
7013.24
11540.4
11150.1
8492.74
9552.65
10093.2
12623.7
11365.5
11871.8
8115.08
3207.13
14804
14024.6
8248.37
7491.21
11342.8
12495.8
19285.1
9085
9680.93
22737.5
4764.37
6032.83
7087.81
11542.8
10835.1
22796.4
10124.1
5868.37
6514.83
17716.8
6562.82
9380.7
23818.5
15073.6
4755.29
19941.9
14202.2
7456.98
27674
8547.81
9211.88
27682.1
3663.28
25058.8
14458.4
7640.03
14224.3
21812.8
4052.93
6730.93
7042.11
16876.5
9921.13
10727.8
9322.04
12122.6
10714.3
8348.51
7719.9
5051.23
4717.04
5611.38
17434.1
17264.3
12668.9
8796.51
3542.96
5682.19
5069.59
15094.8
6933.56
16253.6
11733.5
7143.01
12985.4
8360
6508.68
6127.44
10793
7785.98
9473.53
6984.3
16622.7
5204.78
14206.7
20938.7
5240.82
12570
11762.1
3054.44
5949.16
4995.32
16514
9893.15
6468.8
5112.61
12828
9390.96
4406.59
5309.11
6475.19
6636.33
5056.18
8804.66
8548.71
7110.93
6033.26
4817.89
18883.6
4157.58
8116.9
20096.9
3311.6
8064.17
22022
6044.17
3842.86
10219.3
9625.08
8859.85
22266.4
6465.01
9422.26
7286.48
10438.7
5506.16
27909.5
5690.23
18533.9
15628.4
20653.2
6924.09
9507.54
6200.92
9970.73
16876.5
5410.06
9273.97
14461.2
9088.45
7119.38
10104.2
5748.32
2863.81
32199.6
5742.74
9657.93
4495.49
9462.8
8799.86
2964.52
3629.1
6129.88
9665.74
7945.57
7309.18
8672.26
8772.74
9594.67
4681.63
3763.02
11175.6
5267.52
8589.78
12545.6
6565.72
28531.1
10712.2
7399.59
19249.3
9191.4
21949.8
6066.18
13626.2
15808.5
4187.67
4350.41
6486.46
5108.35
7840.16
5050.09
21901.1
11993.6
13902.9
7970.73
16751.7
6008.9
8166.85
5803.6
12375.8
17056.6
14862.8
11583.5
15138.2
7562.35
8075.46
23622.1
9184.04
7106.05
19100.8
5957.62
10408.1
4056.69
3947.36
8766.58
7565.15
3416.2
4392.86
11392.2
6877.6
9260.01
10542.5
7000.67
17227
4550.33
6592.99
8337.57
7308.45
5563.16
10581.9
8853.9
10477.2
6232.53
11951.9
9710.21
14911
7439.87
12111.6
5747.4
17889.1
7053.77
15920
19278.9
9317.75
16714.1
10311.1
13851.5
11401.9
6686.75
8375.52
8219.15
8683.1
8555.56
12079.2
10954.9
7268.18
14450.6
7655.15
12048.9
19134.9
7786.24
19873.5
7563.08
12957.7
14929.5
9228.29
16221.4
23552.2
11311.2
20290
7664.12
5726.64
13434.3
15658.9
7208.1
18501.4
5179.28
7850.08
29032.5
22917.1
7018.56
12251
17390.9
8664.28
12682.3
14752.4
14485.6
15984.8
6987.47
6527.94
6225.36
16566.2
7099.31
9444
5917.11
5407.28
16958.4
12938.1
37231.3
5858.15
8803.11
10713.3
6583.52
10419.1
4921.93
6303.11
10150.3
8318.94
19010.5
10308.3
68237.6
3904.03
4477.62
6357.14
12985.3
3817.55
11460.1
5092.82
11642.3
31179.8
17156.7
10289.5
11091
16375
10338.2
10822.3
5920.86
13847.9
5009.55
10748.3
6468.66
7974.83
9220.58
6627.3
6096.14
23188.8
8916.81
22716
17323.3
7908.68
13375.7
7441.36
6067.57
24071.7
20080.7
6849.06
11044
19528.4
16139.3
9818.05
3649.16
6140.08
12988.2
43455.7
13656
39772.5
18860.6
9831.98
8618.35
14478.8
12388.8
20214.1
7794.21
7730.24
8755.13
7556.99
15360.5
6655.35
4553.61
16940.6
14097.1
25800.2
7346.25
7641.5
17905.9
8182.32
18415.3
9012.66
5538.3
7460.06
18157.5
4498.64
14072.7
7225.63
9198.82
33456
17611.1
15322
6437.46
17487.9
11769.4
5407.8
10439.9
20785.9
11279.4
21737
12180.4
7833.26
8649.12
3982.05
16053.4
10836.1
4721.19
6749.09
3963.2
13237.8
12662
12114.3
14158.3
13327
19934.4
7789.91
7510.47
6820.57
12903.2
11148.4
6280.24
15189.2
3125.69
8825.87
16687.6
8645.97
17590.4
6884.18
23447.8
8964.69
7310.23
4239.43
5701.55
7950.6
14802.5
10047.2
10950
3381.47
9900.2
7488.27
12248.4
8457.88
10096.7
13622.1
6725.79
8911.09
6719.7
8144.15
15939.7
11882
8911.74
30070.1
9265.51
7188.04
7056.84
12074.5
3933.7
10527.7
7540.09
19583.6
12223.1
5586.66
6485.03
5773.2
6503.29
13098.8
8308.34
14344.3
12900.6
7158.16
4922.13
9907.51
10295.9
10241.3
11048
4593.78
4449.54
9097.4
18518
8385.92
17120.7
18484.8
9399.95
12085.3
10044.2
5834.38
14990.2
17722.6
4651.46
8899.18
18142.3
12776.1
8230.3
6301.55
11680.5
4100.12
13536.1
15961.9
8939.5
12512.9
12937.5
7025.86
7902.12
7206.23
14290
3188.07
9885.69
15403.1
26405.8
31595.7
5062.94
7410.49
15430.7
12097.5
11152.3
5866.79
2798.45
20406.2
11759.9
6665.18
8942.38
4434.63
13460.4
7374.37
25374.1
12310.1
7047.84
8318.57
6804.44
14858.3
6443.82
4152.17
7738.57
13099.9
14263.8
12928.5
16046.9
12792.1
6246.09
16512.2
7348.01
18038.8
3318.52
5622.02
11625.7
6641
5573.78
7606.49
11421.8
10388.6
7333.51
6676.17
6655.13
6303
6576.72
14336
12155.3
7526.53
21812.8
7106.65
12841.6
15553.9
17743.1
9857.68
12735.5
19372.9
7472.71
9002.47
13799.8
4386.29
7467.65
12137.1
6275.55
50854.3
7084.14
10989.1
8171.24
4178.49
22043.5
4526.85
8139.18
7323.48
8363.3
28735.7
14372.1
8248.09
8996.79
7317.02
8815.78
8059.86
9475.09
16646.5
6049.62
25175.9
7082.5
8937.64
15099.5
17506.5
24834.1
9634.31
11073.8
14076.8
9345.2
10298.1
13565.2
22367.2
8230.37
11651.2
15594.7
20675.5
23003.6
8840.51
14007.6
15147.8
10066.9
5645.13
12937.3
13546.9
8136.62
11008.7
6841.31
10525
13108
4272.61
11913.2
6561.89
18314.7
14068.5
30370.9
5453.23
13945.2
3239.6
13399
4757.84
17241.9
7419.19
5896.4
12121.2
14496.7
14181.2
5223.76
9524.96
4368.66
8519.67
13087.2
9580.79
4758.24
19823.9
16534.3
14488.6
5345.64
20789.9
8755.73
5501.58
22732.9
5008.31
3438.51
13883.7
10415.2
11866.9
6951.02
23767.7
14871.9
12446.2
7131.27
7862.23
10007.4
12066.9
6773.28
21232.4
6376.66
15811.9
6656.37
8591.26
6968.42
9228.87
4129.46
10476.6
10939.5
3873.65
4226.89
7127.58
21375
10147.7
11749.3
8852.9
15553.1
19878.4
25172.2
12145.5
14008.6
15948.3
11161.4
2198.06
11536.1
6528.23
8416.72
17718
13229
14755.8
2611.99
5470.05
8279.48
8461.2
10490.6
10405.6
9520.94
6016.01
7539.5
17036.4
8743.97
7468.13
5866.97
13465.6
22964.6
17226.2
9697.49
8096.61
6486.08
8343.48
9413.78
12819.7
6130.22
11309.7
9131.78
10750.2
26224.8
11846.4
16300.9
8754.22
2441.36
10142.8
14237.7
33987.6
11800.3
10388.6
25854.9
13042.3
17273.5
17122.7
17837.7
7171.09
5665.58
11825.6
18389.8
7348.12
4661.6
11594.5
3303.67
8286.92
32406.9
60192.7
12456.5
8088.09
11239.8
18082.7
58522.8
10083.8
12590.2
21781.3
4182.48
7566.24
6616.7
5952.2
27857
8911.25
38192.5
13025.7
15417.3
3631.97
5329.46
14252.7
10092
13759.3
19560.8
7100.84
9088.77
8392.48
5328.49
11084.3
8598.3
29864.8
7292.94
10436.6
12202.5
31175.4
9113.53
6355.67
10829.8
8242.32
13037.1
9134.6
11611
8983.22
4477.43
14365
7679.8
15638.9
20650.1
3902.95
7502.75
9314.23
4469.66
6799.95
18328.4
9647.34
10133.9
12243.4
12203.8
14284.4
14691.4
14674.4
13284.5
3160.81
9987.58
9694.8
20558
5053.9
8965.76
14964.1
6644.79
8142.53
4582.88
13163.2
15967.7
10215.3
15953.4
7312.08
5329.5
8785.9
10654
12159.5
6194.71
19536.9
6882.19
6502.13
12697.5
6474.95
12662.7
7831.71
10739.6
4994.87
3617.57
5110.46
12135.3
6361.93
17718
6502.64
5934.99
11291.8
8947.58
14699.4
8999.32
15301.5
10291.2
19517.4
7711.44
16459.7
14863.7
15439.5
9471.11
11055.5
7728.36
17353.9
7167.85
3238.3
14786.4
7165.04
9158.85
12035.8
9808.95
9715.43
6578.14
8938.93
15911.2
8823.27
6752.41
7430.41
12122.6
26427
8360.12
6440.67
6580.04
11202.1
6883.98
27674.9
7288.33
9736.01
13718
9736.96
6397.14
10666.3
4701.56
6654.15
10191.4
4279.83
7042.14
8177.44
19253
21936.5
5600.26
7594.68
9032.68
30288
10987
6550.6
10917.8
16182.6
5150.52
14616
7924.7
13362.8
14193.4
11325.2
12835.5
8804.7
16526.3
7715.73
39681.3
7437.24
11495.9
19786.2
5985.36
6443.76
12651.6
10040.7
5267.32
3517.13
7486.86
3863.33
11124.7
15960.7
6510.38
2993.1
7372.57
16300.9
26877.7
5956.27
13564.3
15045.6
3278.16
7536.42
7456.95
10214.8
20922.7
4295.97
10406.9
11417.4
7434.49
12293
16906.9
3419.95
15750.8
11386.5
14531.4
10719.2
21551.3
6319.45
17113.1
10801.7
3825.1
9753.13
6755.13
11615.7
13477.6
3707.05
17165.1
3492.21
7402.7
3375.61
15207
13436.4
6959.81
6678.77
8797.89
6375.39
9247.17
7123.58
15665.9
15366.1
15215.2
8962.02
16375.1
10038.4
5642.17
20106.2
15743.8
6155.39
12416.7
23030.4
16325.4
9533.87
33667.3
36668.3
4742.65
16783.6
13347.1
7712.57
7035.94
6374.52
6749.68
11990.3
13410.3
9351.81
8515.19
10183.7
20291.3
5843.76
29181.1
6860.67
4139.79
13696.9
11102.2
13814.4
7522.56
10018.2
8626.69
4506.62
10774
16324.8
12425.9
15510.2
5425.04
11058
8557.2
8105.57
9164.54
20813.2
5766.38
10193.7
4548.21
13377.1
10966.4
6777.41
9956.91
9440.2
5547.4
17105.7
26424.2
10217
5318.03
4828.03
10055.6
7427.76
7379.56
8518.94
32381
14858
5431.19
9195.94
16705.5
9620.16
7698.35
11826.9
8429.51
11218.4
6171.41
4000.35
9499.35
8869.26
8719.93
15303.1
5000.01
4630.66
13377.9
5862.72
21201.4
7411.85
8282.96
13624.8
22670.8
16678.4
10579.2
6032.39
13362.8
11136.2
6668.14
7442.96
6395.6
13788.4
4546.01
6106.7
5991.45
11228.4
6023.45
49906.5
16571.1
4983.26
16314.4
6058.73
11594.9
9474.98
6296.1
6658.5
10711.3
8984.51
20789.4
5944.88
14901.7
17105.6
18342.1
10811.7
8825.97
9513.94
17721.5
18916.8
13203.6
8962.94
23712
5769.94
31120.9
5792.94
14815.8
8727
5623.46
11321.3
8497.82
15360.9
6523.21
6409.91
7278.45
10607.7
6422.38
17434
10310.3
16357.5
11051.7
11789.8
4713.37
8884.61
3933.49
7593.81
3286.05
11954.3
5697.35
10430.9
7545.41
8027.51
4283.89
4836.56
13952.4
15269.1
9137.93
14572.7
12111.1
7154.86
21551.7
8411.08
12415.4
3515.32
19080.9
9849.37
8921.08
11917.8
9927.56
9945.83
9271.69
17532.8
4181.69
9569.99
7654.99
23977.1
11609.6
18484.8
17620
7087.51
8667.77
7807.39
14431.4
23278.1
9076.79
12512.7
3347.65
11961.1
13841.5
3743.52
11953.3
6320
11650.7
10081
26756.2
13861.5
26511.4
28562.1
6659.81
10184.6
11258.4
4798.95
18903
18161.8
9456.38
17579.9
7780.57
4062.42
7148.7
29622.8
30095.4
15714.9
7845.69
33027.4
20075.9
10781.6
7301.59
13078.6
6340.2
25776.7
11022.9
12161.8
10127.9
12291.9
7902.26
4013.19
12313.7
3172.36
22251.8
5796.1
4176.51
10553.8
18628.8
8320.89
9170.14
15349.3
10525.1
12117.5
12609.9
8168.75
15007.2
15891.3
7581.58
18074.9
17389
26951.5
7100.24
7521.15
16831.4
9088.95
9047.21
6326.62
6568.36
5027.16
10340.8
8424.96
7363.71
5096.5
12335.7
3808.26
8177.48
10039.9
23944.9
4971.55
3562.55
11731.1
6524.99
8107.41
15135.5
17616.2
15391.9
7963.54
31020.6
8728.65
8346.62
12257.3
10559.8
8874.98
19304.3
4412.97
14617.4
4624.5
5280.63
7392.37
12266
7480.28
13597.1
35804.9
19845.7
5903.95
11445.6
10787
16423
11390.8
10465.3
9891.11
13556.8
8084.62
14701.8
8786.32
15025.4
15206.5
6141.96
9062.02
34187
11306.9
7518.76
5954.4
5075.01
8200.75
14358.4
10648.5
5930.33
23362.2
9006.17
12837.6
15725.1
38932
8691.6
11760
6810.51
4369.74
11459.2
5882.04
5453.21
3666.98
11525.8
26692.4
18539.7
7551.46
8806.05
27907.4
21757.8
6023.49
21379.9
11356.7
16314.6
11089.9
8210.34
7977.38
6723.99
5142.65
6386.06
10382.7
6837.05
5630.81
22314.8
7455.74
16730.8
6915.45
10983.8
13074.3
16901
11436.4
7691.63
10766.4
13284.5
6148.95
7674.59
15358.5
7016.4
15454.4
13263.2
6686.65
15289.7
23441.3
13029.5
12396.9
17289.6
9703.34
6873.9
6500.79
11393.1
7903.7
5147.28
3450.65
4607.56
8847.54
5562.49
11030.6
18799.2
6371
7705.29
20491.3
11738.6
26006.5
15495
20963.1
10938
25537.4
12132.7
7909.4
8734.28
6973.71
6089.95
9937.88
19819.1
9502.51
11740.9
7388.17
10453.3
10078.3
21657.4
12846.4
7165.12
8049.55
2955.66
12695
16401.6
10747.9
8584.84
20943
5503.34
10612.2
14546.7
8695.34
14850
5446.23
8020.85
10830.3
9904.98
7588.98
10040.8
14272.2
6966.52
7269.31
5798.4
13462.1
5536.07
11146.9
7328.63
14071.3
5897.69
8758.49
10437.5
9003.54
12496.6
7601.53
8889.72
35377.7
5985.06
5507.07
5691.27
10457.6
5168.07
10432
6231.16
4400.19
7395.21
8291.71
6551.03
17590
8525.44
12362.8
4602.53
10556.5
12418.3
24566.5
24961.6
15416.7
20782.1
7745.88
10769.7
10557.9
8626.84
8165.9
12397
5889.04
13027.1
8082.17
11830.3
8111.47
17777
8833.31
12238.9
7536.51
20096
15561.6
4736.08
10283.5
6163.65
7407.89
8228.87
11964.6
11073.8
9574.31
8218.83
7683.75
11358.2
17171.5
2692.91
12081.6
6777.2
11439.1
10784.1
9159.22
13208.3
14618.5
4257.63
10253.4
4681.48
9761.04
8293.89
7850.54
7874.68
8287.3
4673.64
10079.6
5424.47
4666.83
5104.5
9043.27
29231.4
8987.78
13907.1
8624.18
4716.8
17620.2
16302.3
6342.27
12085.1
14635.7
13214.4
22956.8
6472.72
11039.6
15490.5
6201.89
8959.73
7507.35
12892.1
5901.7
5846.73
8985.05
10902.9
8404.07
6929.64
5282.39
11206.2
6637.06
8476.27
8279.14
7013.98
5860.38
7152.44
9793.54
6909.35
28780.9
16147.3
17562.8
6335.01
9287.3
22874.2
7530.52
7979.67
12459.2
7577.8
12392.6
11450
8787.59
15777.8
10937.9
12365.1
27298.7
9928.64
14666.1
20042.9
10256.4
6422.93
9224.23
11231.9
6195.71
9321.56
14241
16529.7
5097.36
28860.5
20855.9
15921
9497.53
3484.01
21992.1
16964.8
5582.96
16522.3
6379.81
16693.6
10844.4
7437.34
10368.6
8314.12
8606.35
5406.89
6911.61
6960.25
13336.9
14535.1
8293.27
12941.9
7756.84
4271.53
7085.4
6249.78
12919.5
9437.53
7282.68
13969.4
9298.53
12182.4
17637.2
8560.08
10719.7
20094.1
13996.9
19344.9
12981.4
4151.64
17493.8
4585.41
9013.65
10800.3
19720.5
13925.3
13886
18017.1
13477
7828.79
12621.4
16898.7
9533.87
10093.7
13125.5
30490.4
14954.7
9432.35
9023.37
18373.7
7545.94
17152.8
7371.63
4549.7
13768.3
5419.39
4999.66
9468.36
9424.54
9189.03
10015.1
7067.2
27485.6
19432.5
10810.5
4440.62
21583.8
6588.66
8725.48
2663.96
17859.2
10822.5
12681
4093.25
12699.3
15965.8
16491.4
7662.29
21712.6
12828.5
14931.7
6162.62
7760.76
3277.5
8215.99
13342.8
12626.6
5715.07
8159.71
13757.1
6544.15
13358.1
19815.1
10049.7
17609.5
12997.3
13080.8
8978.07
5074.36
4367.24
4283.36
9605.36
6212.93
7134.15
9245.7
17530.8
4855.63
3676.2
5833.75
10521.6
18146.2
5620.81
17459.9
16309.8
12416.3
10935.7
5552.9
7142.38
9130.73
6791.48
7771.06
8485.94
12233.5
12355.6
15917.9
7407.52
5921.62
4053.91
11387.5
9021.02
9530.55
7677.39
9486.79
7050.67
8230.31
5786.29
7914.37
7514.89
12800.6
7529.47
7634.52
12502.2
16317.9
11930.8
13367.6
4306.86
10590.1
14327.5
8593.35
10793.2
12499.1
8317.08
11329.5
15467.4
22718.3
6733.98
1983.88
8884.21
5150.81
8713.61
6801.12
9289.46
11829.9
11129.3
8463.32
8114.64
6329.09
9655.65
9277.33
6832.56
13399.4
7810.5
4474.61
8430.42
10785.8
8699.54
6226.26
9771.83
11185.1
14230.1
19829.9
11755.9
2271.28
6348.51
9990.2
6627.04
12424.1
8733.56
13402.1
9386.92
11815
3279.57
10447.5
16915.2
8614.13
8247.57
17817.1
6520.09
5194.8
18574.3
24826.4
25885.4
20335.3
7054.14
16176.9
7035.36
8562.06
6608.25
4700.62
3581.42
5372.96
12927.4
13896.5
10050.1
7667.31
14722.5
6775.74
14959.5
11732.8
10473.7
10824.9
5994.87
10806.3
6945.57
5944.84
4976.18
4316.95
10210.7
7070.6
14820.2
9101.73
16934.1
12993.3
12229.1
10272.4
12333.2
8410.92
10491.5
9297.93
12098.2
7512.29
18668
14215.2
10527.5
12906.9
4582.25
12660.1
5828.35
13793.5
6892.62
6105.99
3777.67
6921.86
10566.9
17069.4
11289.7
14501.1
9753.73
7994.22
8395.1
6500.06
4046.35
8721.64
9185.12
12822
18815.6
12105
9155.93
14037.5
19418.9
6346.38
14918.4
23292
9490.45
22123.8
14587.8
15664.9
3365.53
9321.99
16469
19965
11757.8
13075.8
19591.5
10431.4
11067.2
30731.8
29927.3
20239.1
9936.79
7329.16
11345
2863.66
13561.5
7806.68
9341.37
13056
12735.8
4669.57
4977.72
5642.56
6058.21
7910.75
21618.4
11207.1
11558.8
5047.82
56179.6
9091.13
9312.32
4601.61
5957.15
4723.37
24844.1
8393.1
8167.31
12367.6
37342.7
4324.94
31956.5
59329.8
6366.39
21846
11307.5
5091.34
11833.1
9749.16
13767.6
37006.7
29818.8
12500.9
9888.88
14807
11046.2
11938.7
8957.87
4629.16
19213.7
2993.11
6094.92
18413.8
16392.2
15471.7
16450.2
10572.7
15217.5
7594.4
6693.63
5506.98
3061.06
22218.7
5228.46
6200.97
18489.2
10997.6
12061.2
18024.1
6658.22
6485.68
8460.35
20074.2
5596.03
11250.3
5901.21
13009.6
8867.66
13383.2
8177.77
14837
11265.9
13330.5
20766
4174.26
9382.03
16376.5
8332.71
22718.2
15219.1
7641.45
19620.4
7702.01
8947.25
29006.8
11600.1
9181.15
8840.23
15313.5
9533.63
6933.5
11444.5
13651.5
7826.91
9415.04
5237.08
25465.4
29414.9
6271.04
7695.09
7652.58
7148.48
30947.3
9205.11
8588.3
7464.44
8126.7
9869.27
8713.03
16733.4
7052.02
14332.1
13412.1
10262.8
15527.8
8292.08
13370.7
10119.8
19158.8
4247.63
24417.2
3861.38
13331.6
19943.3
16034.6
19670.8
4616.61
9890.77
8014.81
6935.12
8815.56
13133.2
21105
26815.4
7402.39
16358.7
8484.85
16796.4
5466.15
8028.05
9058.92
4647.95
4946.47
8550.93
11073.7
17451.1
4343.04
7581.75
14769.6
6180.53
8914.53
11224
10746.6
8952.33
6517.62
6448.64
11793
6946.81
13006.6
10699.6
5159.84
7822.64
10132.4
7274.2
6953.82
7889.51
13113.9
4204.18
9105.65
7263.85
9012.44
11888.5
14514
5566.1
32411.2
20008.6
5267.89
13548.5
5271.73
8152.91
14893
10256.7
14862.2
12132.7
12397.5
4773.39
11790.5
16034.6
14044.6
7277.15
10575.8
21526
11920.8
9065.65
12661.3
9102.05
4544.59
20783.9
9347.19
17024.9
9125.32
7655.95
4363.35
10980.4
7639.08
11711.3
4541.23
4401.24
5183.04
15342.9
18170
6408.3
9430.45
10772.3
5400.34
12130.5
8736.34
9704.48
11704.9
13005.6
18766.7
4787.04
6264.82
6454.13
8017.67
19391.4
5865.54
13305.9
10081.2
16920.9
8714.23
7358.52
13416.4
6522.49
11002.4
12008.8
13212.1
20619.3
14346.8
9783.46
13995.6
5208.21
6524.44
11459.1
5407.07
17513.3
22065.7
7172.73
9617.6
10696.5
6152.54
2640.15
9484.63
8325.04
7401.23
6031.64
10920.9
21688.3
6725.22
9033.53
9648.65
5230.9
5996.5
3639.2
11978.2
5380.58
14088.2
6204.34
11833.2
9788.81
10606.5
11717.8
12673
12730.8
6468.33
3184.52
11636.7
14265.1
5959.26
8594.27
9410.45
7401.64
12270.7
5129.3
9025.41
13849.7
9117.3
19028.6
14990.8
19181.7
8279.45
8846.27
7119.68
21548.1
14074.6
4028.87
2736.15
8452.48
18510.1
7226.71
7752.05
15908.5
6453.45
8087.75
27515.8
3080.58
6616.31
10119.1
14361.8
6500.51
15645.8
7342.55
8029.5
18343.7
27491.4
10621.4
9953.46
7019.25
4559.07
9956.82
14859.4
8203.52
5865.69
13525.1
7615.59
9224.54
6236.84
6304.26
5330.23
7665.3
9733.74
4639.61
12957.3
15402.3
15260
7032.8
10173.9
15688.5
17626.9
7382.92
4711.34
13861.5
6671.7
3706.26
4261.64
4122.85
5629.53
9879.78
14474.2
8183.02
15207
11429.6
9572.26
11584.1
13124.9
13476.1
16280.5
11121.6
4929.58
13497.7
9010.39
58844.4
11052
6879.51
14756
13498.7
6626.8
17302.4
9114.83
17310.9
9847.45
17355.2
10136.8
16878.1
5383.16
14991.6
7716.12
11233.7
7730.39
29100
10718.5
6774.84
4484.17
12956.3
11754.5
6200.66
9771.27
16046.1
23241.6
16881.4
3478.59
14348.4
8532.51
8437.24
5935.69
6557.55
6525.96
5877.3
5863.63
11422.9
5295.61
8403.16
21267.3
3121.47
5839.73
5633.43
7921.39
5522.67
18278.4
10172.8
13076.8
6062.9
7598.69
9291.55
4402.56
21176.3
11207
6033.68
8690.06
11137.6
6360.03
12079.6
13410.4
9185.32
4754.45
7085.9
8312.08
15200.1
7385.38
13676.3
6266.34
5211.83
5863.18
22666.6
14541.6
11150.7
14539.3
6825.15
7973.94
6182.61
16484.4
5783.71
27848.3
8030.12
10659.7
5936.57
8609.94
16445.6
22790.4
26129.5
13429.3
6283
10453.5
5838.88
8552.99
6254.48
5807.09
5357.85
12739.1
6943.54
11471.2
5316.13
5770.37
8479.81
10648.4
6549.95
6978.23
8648.5
5223
8330.49
12199.3
10266.6
7172.26
13980.8
6054.73
6715.04
6599.28
4305.38
10407.5
17736.1
5217.9
19608
15555.7
4957.28
8384.92
6352.23
9525.28
26481.4
10293.1
9768.53
13423.2
8749.68
22039.3
7981.56
4431.93
22882
9601.87
4313.73
11061.9
9612.22
9684.68
14701.8
17440.3
7248.86
21868.6
5001.96
15520.4
14538
7631.11
11640.7
6419.41
15924.7
25717.1
6129.17
6360.98
13328
13614.9
4098.27
9562.87
11683.8
8961.49
7719.7
8464.03
13625
2869.29
18971.1
12593
8686.38
9855.4
12928.2
13835.9
6575.73
10061.6
7588.38
10794.8
13844.4
5530.57
8633.92
25774.3
8050.48
7597.25
5155.72
8416.17
9533.1
11944.8
5688.42
10174.9
10123.5
7304.85
5104.49
5827.97
22009.3
6905.53
7057.14
8698.32
14594.1
12014.3
16635.5
18481.3
8556.35
9021.88
8660.47
15552
10528.8
6052.03
14714
17705.7
5834.51
7788.19
11392.8
6018.96
4430.41
2281.1
29203.6
17726.4
12888.4
7713.66
5502.01
9815.88
16597.5
4098.15
15017.1
5455.46
14184.2
12937.6
12350.3
12432.5
14758.4
6682.83
11635.6
20325.4
13209.5
15143.6
14067.8
12040.3
12769
12979.8
7097.31
9315.53
16649.6
6517.43
7081.03
6400.86
4791.05
10645.8
14126.6
14627.3
5554.57
11555.8
4167.01
6388.41
4950.85
11421.6
10855.8
15348.9
10370.3
7133.77
15471.1
7595.29
5360.56
10657.1
6204.74
12116
18817.4
17173.4
9169.75
8645.94
21004.3
11369.9
6652.45
7944.07
21579.6
10149.1
7667.16
11724.8
10064.1
9367.93
9730.39
19223.8
13697.1
15466.9
8610.22
18252.2
8464.65
5794.1
20114
7748.88
18800
5270.43
13182.1
10475.7
12182.4
7041.78
9860.63
5688.43
6516.58
10724.5
5551.31
9452.69
11494.1
9549.24
7899.91
12285
10248.9
28995.3
10513.4
10155.8
18911.1
13697
4726.92
11497.9
24934.4
7858.27
21344.6
4720.42
7933.97
4718.12
3781.89
5276.28
4577.96
12296.2
14640.1
9725.22
8358.35
12734.5
5467.85
14174.7
5886.7
5445.53
19373.8
9434.69
14641.8
9667.95
18696.6
17690.9
4359.75
11064.7
4249.22
5817.59
7207.72
5870.72
13962.2
8020.85
10850.2
10790.7
7650.84
15241.1
8625.27
12687.3
9465.12
15502.2
5693.02
20383.3
21957.4
16002.9
8226.05
13009
9773.09
5896.83
4328
16655.8
20655.7
7112.95
10055.2
8609.93
10919.3
5301.18
20609
9224.74
11710.4
12427.3
33935.2
14102.6
5339.07
16142.9
7694.97
17538.4
9703.05
12232.2
7225.63
19255.2
5196.67
19548
13205.8
7591.96
20859.9
8084.42
6675.97
24719.1
5714.06
4582.18
4844.59
11327.5
11212.3
12409.2
33755.9
3966.33
8879.09
36917.4
13327.4
11048.9
11923
5614.98
5784.72
5079.18
9045.37
5234.95
4573.85
7428.42
8170.87
12568.4
18974.4
16527.2
6935.6
23683.1
20278.1
13769.2
4787.89
8531.56
4581.52
20938
8467.77
10514.5
4946.83
3182.1
18114.3
7932.65
7825.11
11051.1
3592.78
3261.59
10438.6
21306.7
6764.5
10609.6
7176.27
8649.93
7091.09
5157.91
11259.5
9018.3
7278.09
5487.95
10024.2
17566.4
16448.9
12158.4
10902.8
10703.6
25841.4
9133.3
13163.2
12351
8965.77
6367.42
18179
9247.9
14165
11426.5
7643.94
6556.54
10056
13506.6
19753.1
14728.9
15521.5
10670
11806.2
5336.42
8394
21715.5
11187.3
16285.1
12231.1
5173.28
5929.45
13735.9
4435.5
14059
6329.75
7276.29
18245.2
13700.3
8293.09
4532.37
4030.7
13643.9
6480.91
3784.87
14260.6
10250
14515.7
9028.32
2722.15
11742.9
7071.98
9188.94
6553.42
29927
6898.1
17759.7
7087.42
7030.29
14359.2
9786.65
8592.29
12467.4
8390.8
7352.24
4842.97
4257.82
8311.1
9262.31
7969.3
7711.86
15941.1
8101.44
10040.7
3820.12
11434.8
13531.8
14474.4
5409.99
3839.91
5608.14
10879.9
8549.82
18722.9
8183.04
4963.99
4615.99
22956.7
11383
17406.4
7683.13
8305.14
7980.29
9479.29
15386.7
8056.97
7738.28
9615.52
8430.27
23201.6
10825.8
4255.3
8274.32
8284.94
5915.29
7299.17
6500.47
7375.64
9371.5
9578.64
6041.55
6963.94
12091.1
18885.4
10381.6
9216.3
15971.9
7016.97
8102.52
14721.6
9404.78
16775.8
9240.62
24468.4
13507.4
5520.16
10528.5
9586.22
19287.8
6650.24
10421.8
7621.57
14163.6
14072.4
10341.4
6943.69
5336.86
2755.69
11915.2
48994.1
3578.03
9808.44
5114.99
6692.9
7311.01
12067.7
14936.9
4242.12
11542.8
26304.7
4466.42
8782.65
10356.5
21009.8
9018.04
6676.98
13637.4
4789.62
7996.94
10293.5
17685.4
16958.6
20187.4
19165.1
5142.6
5170.26
8241.78
4890.19
5512.13
19071.9
3487.23
11012.5
7430.81
21094.5
5170.7
8879.24
14759.4
7338.28
5732.63
11693.9
8934.21
13573.3
23074.8
10285.7
13760.8
22651.6
11169.1
4980.72
7228.39
11635
7328.25
13123.1
6668.48
10823.2
19289
8917.64
6219.73
6417.33
4495.25
7661.65
7412.97
13329.8
4172.6
14842.4
11352.3
7390.27
10548.9
10101.4
5216.73
7143.44
4745.61
8421.24
33847.1
14391.4
27604.2
4137.61
10918.3
13043.1
7981.42
8163.86
13837.7
6311.48
4165.31
7682.35
5305.7
6060.85
3632.42
11064.3
9963.85
6691.03
10641.7
9520.43
5079.46
18141.6
7246.9
9969.93
4362.07
14068.4
10520.2
18261.5
21913
24093.1
7965.12
8060.23
7806.23
13163.5
10820
9656.76
9359.41
6354.87
5706.99
9055.91
5346.26
7376.63
9741.44
7760.38
18293.7
12032.1
17075.2
16441.1
4888.82
13610.2
3683.2
11894.6
10849.9
6121.56
13682.2
2883.5
13078.2
11439.2
13846
12040.2
7892.58
9009.31
5272.28
5981.93
7000.42
25953.8
16781.5
33106.1
9575.25
3281.16
5626.28
6502.15
6169.34
9416.64
13430.7
7991.25
8159.54
5530.15
7259.01
5580.64
29256.8
12905.2
10900.5
7311.99
5647.71
7686.78
8779.23
20749.2
32103.8
10493.8
7127.45
23336.9
11029.8
4832.05
9290.67
10741.3
5729.61
7150.82
9173.75
18192.7
7972.31
7456.66
10930.3
8743.65
7791.91
11250
10373
12695.6
3567.4
18729.4
7613.93
13751.6
7948.69
8978.58
15388.4
8813.89
26436.8
8721.84
8168.28
9193.92
16175.1
6484.65
6801.73
11427.8
16920.6
15065.2
8239.05
10885.2
12701.8
11421.5
4809.37
15337.5
12290.2
5954.92
18767.6
6510.42
4249.91
30094.1
10976.7
9341.02
16167.8
4742.23
3604.98
13754.3
18334.6
5850.08
11533
7205.35
5557.29
12746.8
10080.6
15505.7
5143.94
8762.86
6530.98
8704.61
4723.45
6446.99
9533.52
17937.6
15673.2
33546.9
7342.28
8405.32
12821.8
4475.64
7677.47
8084.45
24167.2
12793.5
23632.1
5536.84
28043.1
4473.47
6454.52
12795.9
6150.22
8834.02
15060.3
5129.33
7262.37
18061.8
7908.56
7467.81
39972.2
6469.42
10779.3
13815.4
12040.3
10929
5165.69
6069.08
13590.9
6577.47
10019.9
19131.4
6819.04
4821.13
8212.35
11724.7
8664.12
8720.98
6651.74
9049.03
19520.4
21732.6
9747.5
12134
9073.67
26063.2
8426.71
10229.2
11727.1
7044.7
9238.32
18094.1
11419.8
27725.2
9134.29
7610.63
7204.75
6932.81
6478.1
3515.25
6502.87
12052.2
12625.9
10018.5
17765.9
8256.61
3722.59
10247.6
9441.83
11100.1
8689.45
6500.89
7508.63
17376.5
11078
11109
13862.1
6265.33
7272.37
22660.9
16183.8
12005
8781.47
11178.9
6679.98
25882.5
8158.76
4785.26
10409.3
10342.5
23804.8
11142
10231
12485.8
6279.9
6193.73
16887.3
9400.8
16879.2
7080.03
4510.83
11065.3
14722.2
19047.3
8999.07
9154.06
11487.8
13513.7
10499
21272.6
10724.5
5266.01
7530.91
32736.3
9673.65
18164.2
11615.4
6279.94
11104.8
4613.62
13242
7724.93
6523.22
7440.49
22113
15204.4
26451.8
3811.79
15609.5
8430.42
10883.3
7703.53
12500.5
19784.1
14613.2
7565.77
9992.09
20312.7
6305.93
5043.66
6694.45
5128.99
5774.13
11164.6
8584.44
15484
7492.03
47188.6
5238.49
12003.8
5009.99
7917.38
7728.07
9116.71
5145.7
8802.58
13860.9
17738.3
6101.65
9513.65
15302.8
14585.2
21237.3
17704.8
11205.7
7811.85
5934.26
17552.1
4053.33
27803.1
4525.81
15809.3
3306.23
8843.36
12546.4
13913.4
6584.96
3694.86
6369.74
10734.4
30185.1
6196.82
10396.9
28563.2
18527.3
10435.1
15772.1
13597.4
5791.27
7393.41
3639.24
5079.83
14962.3
8513.81
7930.89
22233.9
15190.5
13372.5
15693.3
9843.29
6318.63
6138.42
21543.9
14431
8778.95
16385.9
6091.58
7067.1
8590.07
7689.38
14703.2
5390.09
18446.4
22573.5
13815.5
5308.63
9009.94
13800.7
9261.42
3124.84
6586.47
4347.28
7008.75
6307.42
2687.6
14663.6
3559.9
10556.3
14808.6
5845.2
7757.95
9504.81
11507.7
17566.3
10401.6
6045.28
3969.71
14617
8328.37
9063.94
5127.15
15762.7
7503.88
5088.61
10862.6
8970.46
7175.27
13275
15418
5260.46
7800.14
8367.73
11702.2
25371.3
9795.71
32898.4
14998.4
11260.2
4483.69
16031.9
5407.06
5084.35
4132.75
33718.8
11551
10083.6
8579.52
5591.49
7548.17
19112.9
15239.2
5248.34
8254.1
21829
11912.6
11191.9
10187.2
6059.07
17505.5
7055.08
6280.83
11140.3
4128.91
12261.9
6320.57
17148.7
5736.5
6869.24
6127.93
22145.7
16296.2
22223.7
10642.1
5427.93
3422.38
13981.7
21852.1
12706.1
15742.9
8988.31
9148.42
5647.21
6911.1
4140.21
8868.86
7433.06
12258.6
21763.8
25422.2
4149.43
24599.8
5490.94
36352.4
45533.8
10256.6
14819.8
7434.69
14258.3
4587.46
6521
7833.29
19312.8
4551.08
10513.5
3501.22
15297.5
3631.96
7171.23
19240.6
11391.2
11837.8
11565.7
8885.5
18314.5
9889.57
10204.4
8965.03
7657.18
19264.3
16262.6
9523.34
14362.7
6377.04
12991.9
4771.86
4075.27
5690.85
9989.38
13776
13960
11429.4
9594.01
4123.39
7114.03
5701.92
10729.7
23152.4
8672.33
28549.8
23810.8
16476.6
5880.56
22129.9
13930.5
14807.2
5093.5
6154.95
6867.19
8589.41
12421.9
10177.3
10059.9
9435.7
10623.2
7413.56
14739.4
17855.2
18815.2
9663.44
5611.38
7871.18
21050.4
7196.55
17129
11997
17833.2
22967.4
17374.4
6147.11
21565.3
9094.98
18570.4
9129.23
16863.3
7301.72
15907
13495.4
4606.01
10538.3
12463.6
4453.43
14222.5
11272.4
10824
8924.36
31234
39130
43369.2
5411.78
8839.12
16102.5
9954.47
15000.7
6805.72
8187.41
5538.4
10085.9
8956.15
7053.48
21272.3
15353.1
14004.7
13892.7
18952
18359.9
7405.97
6981.7
11717.1
11084.5
6487.81
19662
20185.4
5478.5
28155
4730.3
18547.2
25462.1
18862
7273.57
6102.71
20504.1
13705.1
18387.6
6416.1
20503
6205.1
8100.94
9875.8
12967.1
9086.68
16401.2
9950.75
24352.1
7679.17
20279.2
7827.11
8457.64
8199.12
11989.6
25506.8
4183.24
10206.2
15397.2
14379
6859.02
6989.86
8519.49
5010.11
12348.5
6257.24
7746.68
9231.27
23292.9
10539.7
19499.3
19339.8
17529.1
6490.2
9509.11
9208.13
8395.44
8702.91
5485.85
3827.06
5322.14
4089.38
5348.08
5085.47
20921.5
9926.24
9756.56
8689.31
9705.53
6841.79
5558.63
7518.32
10238.2
10702.1
10261.8
9241.53
12663.4
9959.2
8138.51
8490.18
13455.3
5477.41
8054.17
5868.59
7777.03
16720.9
6897.71
15022.8
11626.6
7447.59
11186.6
3782.7
4909.59
12747.5
12311.3
6558.74
20108.6
8628.03
13216.2
7872.66
9890.53
4723.27
15938.4
25125.6
5060.62
3855.16
8587.82
8241.2
14434
6305.88
10244
7344.74
12150.6
15741.4
4665.41
16565.3
20372.6
8331.76
9889.67
14590.1
46101
8009.68
9333.53
4751.77
20264.7
7054.78
12679.1
11810.2
6673.56
11219.5
15130.9
11530.8
7186.13
14659.7
6349.94
10874.8
12612.6
24433.9
3882.78
6899.62
27468.9
21189.5
9518.36
17870.1
14812
12593.5
8284.16
9066.93
7989.86
11111.7
7093.83
6460.62
6526.58
12926.9
23707.7
6135.76
4620.94
10768.8
7156.4
6605.29
11935
6979.31
7252.37
9303.01
9777.95
16419.6
7726.89
9766.18
5283.1
7180.51
12006.2
8164.5
14775.3
12608.2
4899.84
8023.21
9713.32
13653.6
6000.01
4852.31
13468.4
3670.53
14756.3
21285.3
6560.71
7096.29
4714.01
8640.63
9393.62
10871.4
18905
9617.56
7087.79
9583.91
6127.69
13073.1
9962.86
5480.75
6840.98
7044.34
6241.19
7271.48
7847.01
7411.01
22318.5
7765.38
16266.3
7299.57
3399.22
16021.6
4665.5
16819.7
14756.9
6846.92
14148.4
12532
26939.7
18407.9
8235.86
14702.3
14801.1
10278.2
8805.92
27315.4
3964.11
3679.42
11137.7
14698.3
7914.02
13281.1
9269.59
20054.1
4201.47
6430.87
11877.3
6372.52
7404.36
7955.9
5096.66
17727.1
13463.3
5775.56
6830.28
11509.2
4599.48
7753.5
9193.17
7370.36
20781.5
3876.04
8574.15
28568
6030.7
7504.69
7616.04
11304.6
8335.49
6897.95
13566.5
20796.1
12383.2
11045.3
3764.31
5688.3
16293.7
4414.29
6068.56
16307
11474.9
12427.5
7175.14
9948.04
9055.05
20512.4
6195.55
7517.3
5835.42
4628.55
16555.8
6839.86
5556.86
24022
30402.5
16653.5
28449.9
18013.5
21987.1
10062.3
5871.57
15883.5
18079.5
13899.8
5261.18
7181.63
8804.56
15134.6
3605.92
8966.04
9695.93
7066.11
14193.8
8910.37
5537.23
7974.41
5493.48
26460
17770.6
11716.8
4838.7
20800.3
8725.09
3110.22
5804.5
15155.4
12145.8
7268.76
10481.1
16709.1
11940.2
14874.9
8838
10716.2
13033.3
4545.54
15522.9
11170.7
12567.3
7866.29
17314.7
7072.86
10474
7368.99
16349
12966.8
5217.6
20860.5
20689
9131.57
9733.26
11815.3
7168.35
16632.5
6106.19
6056.64
9780.68
9445.45
11887
3874.89
9949.39
7346.45
7829.54
7250.58
8813.07
4715.43
5686.16
13961.6
10710.8
14415.3
5707.82
6125.04
7818.75
11236.2
19451.3
6326.85
9155.64
17695.5
18334.1
18010.6
15251.7
26954.9
9585.34
20906.1
11279.3
12451
13365.6
6293.76
5895.3
15902.2
