18832
11462.1
29309.3
10507.9
13420.3
24698.1
7581.08
13207.2
7940.4
75572.8
10029.9
31681.3
8897.26
12522.5
10537.6
41947.8
9559.1
18142.1
11761
32964.8
11658
11979
13210
16139.6
12393.5
73385.4
20691.8
24469.8
24851.6
13525.3
20155.2
28842.4
18960.2
14257.1
44727.5
17674.9
18675
16624.4
28163.5
61850.8
17190.7
5944.01
16278.3
5985.7
16491
19946.5
12456.7
20462.9
18215.9
16657.3
20520.4
25918
15748.7
21457.8
8192.31
15239.9
6857.8
7655.29
28885.7
10824.9
42520.5
26868.3
12146.5
9107.2
5342.95
29460.6
17110.2
15279.8
41495.3
21180
27698.9
7580.22
14508.9
32515.6
14394
6133.47
8373.37
38408.8
17331.3
26421.4
29958.4
13811.1
14889.9
36749
23837.7
20546.2
32718.3
19768.3
16617.1
13785.4
15063.7
12740.8
7965.76
17408.8
21732.9
15530.2
24409.7
18975.8
23265
16839.4
14184.8
16812.7
13518.4
17669.9
24012.8
16452.5
7633.67
25915.8
27217.9
30779
8169.2
7121.91
14293.2
15564.1
22912.7
5399.38
5414.49
23483.3
12097.3
33455
15265.6
21195.7
12787.1
46249.8
25433.8
15647
9170.81
26239.5
10350.2
8553.78
8739.04
16575.6
4516.41
28023.4
50143.3
11892.2
33633.1
13258.7
22009.7
14293.4
18573.5
14880.4
12056.5
13748.7
6176.58
22338.4
11821.7
15312.2
6879.86
11939.7
4413.13
23687.2
11651.2
18986.9
18409
13503.8
15338.9
20376.4
26704.1
13688.9
26001.2
15045.2
21410.6
12208.4
14224.4
18290.9
30176.5
21151.4
28640.9
14292
11490.7
15138
27530.8
17271
14858.9
13327.4
13803.4
4804.18
12318.4
21767
30877.2
37793.3
25818.7
7183.93
21116.4
7772.35
14936.7
12494.2
8244.29
21381.6
21397.8
15546.3
22972.1
41823
14123.5
15369.9
11500.3
16348.5
29054.1
19053
14840.8
22473.6
9272.82
14646.5
8476.76
12612
17324.4
15490.1
13828.6
11956.4
9525.86
29062.8
24662
14572.2
32804.2
20733.1
16569.6
9829.85
27393.6
18729.8
42684.9
15387.4
9313.06
30922.5
19457.5
11509.6
22637.4
19171
27952
23332.7
34604.9
15325.9
37363
4192.42
15168.6
13057.5
21827.3
49263.4
12417.7
29071.4
4753.25
22630.1
13473.5
29025
16228.2
21734.4
36222.5
42848.4
25002.5
8940.13
5031.75
27544.9
11683.6
26897.3
8885.3
15629.6
17618
7304.73
5769.49
21808.4
30574.2
9226.03
13799.7
20516.9
14343.6
9042.93
15444.4
16395.5
34414.1
10605.3
11025
9373.48
24758.8
23229.6
15038.8
10623.3
27453.8
13606.5
7852.02
25568.1
15801.4
28849.9
9240.83
10492.2
11554.1
17170.9
18655
13445.6
9599.59
5354.36
9848.91
10638.7
36442.5
7788.72
24136.9
24764.8
12842.3
20212.7
11223.6
35790.6
100551
6409.67
76666.9
15756.9
31572.2
11345.6
9710.27
19051.8
8739.45
13711.6
9805.21
11845.8
12002
22578.2
11006.9
12394
35219.1
10480.6
13782
6892.49
17601
12717.9
23008.9
10061.7
24948.4
12511.6
26013.7
13038.5
31452.7
40935.9
15353.5
26015.5
11722
23492.1
16468.7
24468.2
12190.1
12190.9
20242.8
9340.38
9243.23
18029.5
12910.8
16406.4
10352
11536.6
24004.7
25553.2
21269.1
20318.9
7431.77
15421
28510
30454.2
25934.6
16714.4
16960.8
17142.7
11509.8
17873
14919.4
21907.6
7488.55
18816.3
81371.2
23225.7
15518.6
16334.5
23152.3
8861.08
22334.4
10203.3
9583.56
12743.8
7224.29
11664.2
24694.1
16122.5
17128.4
18593.8
39689
17540.6
8807.61
12129.2
16247
10396.6
7187.99
9967.83
25689
16423.2
12269.5
28470.6
25726.2
34003.3
11974.5
38049
13284.8
36797.8
6996.46
18956.2
12608.8
24261.8
12461.3
14428.2
15781.1
21805.4
21415.3
42509.9
11593.1
14539.5
16773.9
17519.6
10540.7
18161.8
19168.3
14539.7
36268.4
23090.5
17887.7
7871.95
17187.4
40719.7
5366.18
19027.7
13145.6
42441.8
15205.6
7674.31
9597.88
18530.9
13737.8
14846.4
12414
24786.9
22951.1
13519.3
19288.3
20441.8
20196.1
16410.3
13355.2
31047.9
13142.7
8212.54
18653.7
8956.68
17560.1
15192.6
18658.5
10633.2
6680.46
9149.14
23584.5
13005.2
21081.4
10588.3
26314.4
10349.3
27300.4
14050.2
31560.1
8260.25
13991
22943.1
17534.9
18439.8
61799.9
8414.48
24617.6
17790.5
10197.6
25462.2
22032
14476.2
20278.1
27765.2
10123.2
20717
20689.3
11408.4
18227.3
8733.71
20647.7
36643.6
28539.8
29551.2
14547.9
11025.1
30315.8
27228.5
15534.2
37365.8
42611
17723.3
21927.2
17858.3
8039.41
13533.8
11281.9
13228.4
8612.19
29345.8
9630.35
6222.75
7724.26
18029.1
64820.5
21641.4
10906.1
17454.6
37078.1
12564.1
20890.6
23019.7
21050
7823.82
25704.1
17364.3
35188.2
50068.7
10979.5
40751.3
21204.3
31490
19698.7
7498.16
7707.74
15570.1
16308.4
23819.2
17649
19090.5
26607.3
18089.6
6498.73
22821.5
48566.4
36505.6
20648.7
21891.5
15173.4
17954.6
44378.6
9162.6
16210.3
8906.05
28505
13908.8
13066.6
30026.8
10915.8
22544.8
13462.7
21941.5
8232.06
14018.1
9759.39
26279.8
20317.6
18266.2
7166.25
12472.7
15942.3
13986
13669.5
9893.67
19598.3
53521.5
29404.4
12492.4
19175.9
11893.9
23299.8
9854
13011.9
9133.36
19397.7
6972.22
27150.6
11946
54408.5
14794.3
14715.2
15677.8
42370.7
12650
35650.1
20980.2
9992.91
6441.92
25570.5
43970.6
20971.4
13398.8
6214.9
11221.2
12838.9
35499.8
29710.8
10653.5
38032.7
12935.8
16061.9
7092.54
9724.81
33935.5
8912.46
13294.9
12489.9
10324.6
17610.3
14543
17348.6
10650.4
26425.9
14240.2
14391.5
15523.9
21524.7
25485.3
26907.6
24020
9667.34
15828
9117.76
18310.2
16633.7
15899.2
20286
26805.6
32332.4
19355.2
14268.2
35808.2
14585.7
26508.9
19060.5
14981.2
6814.22
9279.94
26780.7
17084.1
13191.7
6666.71
25323.6
9196.21
33694.2
31363.3
19548.8
11990.9
12105.2
34861.7
14942.6
20717.6
28205.4
13889.5
19669
43703.8
6453.88
42384.8
32176.1
7409.76
14487.1
11497.3
18018.9
26928.4
9408.16
48853.2
8830.61
7804.6
62661.8
6941.04
17524.4
15571.6
24411.4
20259.4
45839.7
20361.7
9225.2
25699.5
13901.1
15096.8
15447.3
14210.7
24584.5
22767.1
21173.6
18740
9639.08
18540.8
52906.3
26622.5
12787.5
23480.8
22821.1
23224.5
19677.3
27871.3
25348.5
19677.2
17708.9
12380.9
13565.2
13535.3
4182.67
25848.7
50783.2
9815.55
16899.4
24334
49880.2
22910.8
16586.2
33720
4560.34
7261.11
17775.4
36288.3
25983.9
17574.4
20738.8
16742.6
23547.5
9311.05
25875.1
20571.9
24568.2
11351.3
31578.6
27338.8
14531.4
30334.4
13854.7
7428.19
8323.29
40812.4
22327.7
17698
24398.8
30615.4
18886.4
31041.9
25576.4
21254.1
17933.2
12627.5
12948.5
14280.8
23480.4
19945.4
27421.4
19745
22526.3
11934.5
13645.5
17247.8
17561.1
12483.3
9126.8
18080.9
7571.58
38422
21001.3
20194.4
15414.4
24128.8
27426.3
6186.84
19085.9
12296.4
17242.3
27899
11197.8
45465.2
13513.2
15214.9
18791.6
11323.9
13377
11442.8
20895.4
5810.64
16909.8
11952.5
34032.5
17763.7
38359.1
13090.8
20785.8
13953.5
14319.3
38385.9
22827.1
9987.84
22385.4
29394.1
16472.2
9254.54
14361
33938.7
29488.9
20637.7
36272.8
15331.1
27767.3
16140.7
19107.5
14870.1
9590.88
8244.67
29295.5
9468.75
12223.6
19706.7
14445.4
6616.34
12277.1
13344.6
4479.7
20211.2
25190.3
6115.41
46742.2
41085.1
29535.3
22710.8
27086.4
22316
12807.9
14499.8
44681.5
19383.6
9396.86
19847.5
19549.7
8498.71
39510.5
19634.4
32067.8
11432.2
10255.2
17098.8
29459.9
45615.9
5909.13
21824.9
26269.6
21880.7
10896.2
23071.2
11364.7
10221.5
17913.4
12957.9
13376.2
15755.7
18861.6
26817.3
16451.9
17145.3
18670.9
15066.1
17311.2
14255.7
14852.5
17679.3
6129.88
19354.1
20105.8
10534.8
24038.1
24930.6
22487.9
17486.4
22115.7
23511.9
24896.7
26625.3
54267.7
7171.65
25998.2
19167.1
14636.6
7275.76
23960.3
10586.2
38611.3
16768.5
19625.1
8231.66
24745.5
7422.54
26270.7
8661.39
29311.5
11754.6
22178.5
9078.98
14822.9
11802.4
14878.4
9595.7
7003.16
14312.1
15633.2
39979.8
15579.3
23426.7
5977.1
10249.1
59924.4
8621.45
4865.91
32668.7
20238.6
18753.7
41293.6
38522.7
22073.6
15125.1
22505.9
9237.98
13278.7
37222
18977.4
9119.79
22154.5
11933.4
14548
51199
10599.6
15103.8
13572.3
17113.7
30071.3
41179.6
13181.4
25809.8
15868.3
41103.8
8248.93
18971.2
24144
27788
10569.2
19080.5
10788.9
12620.3
9594.7
22089.8
30884.3
24781.3
21361.2
14680.5
18802.1
11110.6
18894.6
11093.3
13809.7
22705.1
33705.9
10526.3
18730.8
9192.71
42859.5
11395
13580.1
14337
20667.7
13715
6382.62
26327.1
7839.21
20915.4
9041.43
23566.8
9676.34
12383.4
5974.01
22167.3
26669.8
14681.5
8838.11
6997.83
9117.09
9263.34
34127.6
13035.4
24547.4
12170.1
18306.6
29073.4
27865.4
24274.5
29522.3
19313.5
20599.8
22855.8
17590.1
17082
6409.61
8834.15
10468.2
14047
34046.9
6424.16
20593.5
39907.7
5785.43
11533.1
18969.4
11895.3
60057.5
16531.5
27123
23404.4
13292.4
21261.7
13299.1
16753.9
10220.6
25770.4
17604.3
13149.7
37574.9
10873.9
16828.5
10824.9
11291.1
7817.37
11854.8
9620.82
17380
15882.8
10743.6
19824.2
32033.5
7286.18
21585.8
28419
53596.2
17765.3
30503.7
17528.8
21935.8
19125.2
15159.7
13622.9
44428.7
15123.2
18507.4
62170.5
11077.8
25165.2
7196.08
8126.83
7715.19
10218.3
11118.9
7027.75
14057.2
7256.41
8591.19
7370.52
5117.44
15131
12325.8
27425.3
36442.7
62916.3
29598.5
15272.6
21817.6
18591.8
17909.2
9621.17
21938.1
9257.63
14234.7
12723.4
31339.8
13291.2
10074.8
9054.71
5014.93
15840.2
7827.88
34643.6
28362.1
6100.96
21279.6
11635
16917.3
20547.2
24980.9
16038
19569
14519.6
16448.8
8591.94
19798.8
13180.5
16876.5
39296.1
22031.1
16158.3
9333.11
38990.5
32988.3
24462.6
21035.8
22709.1
16691.2
41213.7
19653.1
26254.3
27961.7
18285.1
17003.1
4334.36
9128.65
18906.3
9460.85
15550.9
21126.7
10039.5
20240.1
22879.5
13212.5
9738.02
12390.7
18291.6
32453.6
12392.1
8716.2
9913.2
30522.4
18066
8680.15
8617.82
15144.8
17308.1
16360.4
10007
9868.23
20042.2
11170.9
9966.57
20299.1
10975.1
14959.8
34966.5
51184.3
31427.8
6223.08
31077.4
22738.5
23264
16354.2
6777.26
22733.6
21936.3
6823.32
10547.1
10704.9
10350.4
14526.6
4009.91
5466.73
21942.2
25919.7
8895.06
16911.4
41044
25460.2
9505.56
21471
12140.1
11660.2
7549.65
39832.3
12324.1
17233.8
34814.2
12610.8
14057.2
28937.2
25969.2
21734.6
10083.4
10767.8
20363.9
9072.41
9045
9683.05
20692
29012.9
20586.6
39603.2
17619.6
36092.6
14710.3
24270
12910.9
52750.9
26226.1
12698.8
23861.1
35041.6
15936.8
11853.6
12882.9
38802.1
29681.2
12590
4715.31
12919.6
18648.5
21697.5
29416.6
19286.8
23004.8
10346
24938.7
30000.9
18180.4
37550.8
37767.8
23842.7
12801.8
13733.5
8487.15
39399
17060.7
12042.2
11153.2
25581.6
22751.6
40603
21461
6869.84
15914.7
17214.6
15456.2
15072.2
7870.7
23241.7
13279.8
6218.35
17359.8
24288
23109
12838.5
11524.1
15204.6
15958.2
15367.8
23129.1
8354.83
12088.1
6572.8
17206
14967.2
4748.17
10204.5
52980.3
19478.7
6688.68
21425.9
22730.9
18977
30901.3
31919.1
9535.42
7701.77
19231.6
6175.57
21623.8
30630
15794.7
26283.1
16475.1
14561.9
29046.1
13108.9
21040.9
11274.8
10905.3
18934.5
63919.6
6435.19
7925.41
25454.4
14698.2
19046.4
22222.3
19034.5
55775.5
9099.4
17031.2
10898
17059
24846
13026
17698.7
11019.2
9011.37
8306.74
15580.4
29730.6
8506.27
7891.82
12327.4
14089.6
13340.6
12313.3
36387.3
12460.8
18623.4
17722.6
62868.4
13929.8
6692.94
33889.5
27464.3
10870.4
13808.8
44700.8
23497
12905
30058.1
20811.4
29353.2
17587.6
10638.9
9881.1
21821.6
16908.2
8189.87
23566.4
16892
7013.25
23124.1
5004.57
23648.6
29303.1
26274.4
10679.7
17569.3
30587.8
11343.8
25562.3
41334.8
26961.5
52225.3
21823.9
10603
15244.1
40015.9
14111.8
37319.8
10033.1
22401.8
21430.5
14191
23353.2
5109.97
12242
13210
18706.4
33599.8
30054.1
8694.88
16075.5
15208.1
11534.8
22591.6
7940.33
26816.7
15799.3
9018.35
13333.5
27172
14341.2
15630.6
9351.08
14760.7
12416.7
29191.4
19026.9
25186.5
24921.7
43749.5
20349.3
11509.2
14062.6
21672.6
17393.4
29140.4
24172.8
38639.2
20060.3
12068.5
49891.6
11872.9
11299
17458.8
5634.28
25870.8
25978.6
16217.6
15079.6
18709.4
24385.3
6776.09
18464.1
14431.7
21453.3
6769.74
10505.8
18383.1
8535.82
19738.5
17660
11598.8
14917.4
21029.1
17821.9
16450
12670.4
14465.4
11211.2
25611
29256.7
15961.3
13093.2
40885.2
17877.1
10126.4
22440.7
25320
21844.4
11027.1
20187.8
19754.1
6722.39
25634.4
8011.68
16069.9
14963.2
8666.79
16884.9
17497.1
20867
13588.6
7030
19220.6
7232.79
18411.4
14143.3
20508.9
26954.2
10380.2
17933.5
9170.64
18247.7
16289.7
29123
22335.9
18531.2
19588.9
11333.7
27720.9
55588.6
16712.1
31309.1
17554.7
35297.4
11347.6
9726.97
15822.3
17031.9
44645.1
20485.9
6394.51
18707.2
24389
24568.9
15267.2
20278.5
15927.4
32261.5
14109
6256.86
45277.2
7309.1
51736
7956.36
28539.3
7701.87
20047.6
16830.5
27656.6
18750.6
20677.4
35578.1
20197.4
11646.5
23201.5
16021.6
21063.5
21941.2
13799.6
25780.1
27532.8
25006.2
27416
7879.69
15685.9
13792.1
14462.6
24899.6
17103.1
7243.27
11098.7
13295.8
11831.8
30743.7
33514.9
40414.1
20390.7
39182.9
9078.46
6310.75
8044.38
18980.9
5430.77
12152.8
47641.6
7491.62
15520.9
18565.3
16535.3
18959.3
25556
24741.2
11995.5
15678.7
7708.8
48523.8
7837.73
24594.1
15600.7
24845
14448.7
8456.15
16900.8
17576.2
8705.3
15091.3
15758.9
14584.6
14107.9
11597.4
13009.3
36726.9
11315.7
16722.7
16998.1
19786.2
9458.14
9577.29
13218.6
10746
14906.7
33334.7
13089
32431.5
14581.7
16438.2
11275.5
16294.3
17542.2
27679.8
19050.3
14277.1
9499.49
8179.15
15703.1
24259.5
13218.1
19567.8
34377.8
15554.4
20534.8
15391.2
64554.6
40907.9
12285.7
32535.6
21501.6
15515.8
16984.6
8069.4
29362.8
22559.9
27126.5
14004
20225.7
11665.2
11293.6
11407.7
38820.1
37478.8
29379.2
18755.1
5200.79
14424.5
26784.4
27600.2
6681.1
12773.3
27306
7153.57
21594.4
8053.95
6788.97
17839.4
26256.8
15355.6
25452.7
37656.9
15472.1
29964.7
6200.05
15437.2
9378.69
27057.7
14200
10771.7
18597.2
14143
14836.5
14368.4
10078.9
74086.6
12365.3
30110.8
10641.8
15026.2
18541.2
18552.4
5662.82
18816.3
12081.5
12151.6
8831.2
19902.3
5779.7
4766.62
14796
14656.4
33262.5
61995.1
14859.7
24310.1
9539.53
9996.6
15811.5
17623.9
30383.9
11502.4
24211.4
20959.4
16949.3
37973.2
14266.7
11401.1
11916.6
28170.6
18923
10148.8
8198.24
15730.1
29449.1
12796.8
13770.1
21404.4
14268.1
17723.5
33006.4
17934.4
10228.3
7118.47
31825.7
33945.1
21352.3
17560.1
25083.7
17451.1
14635.7
12228.6
22988.4
13612.7
9494.26
16293.3
16594.7
16841.8
15256.6
24659.3
19203.6
15405.9
18864
11229.2
26657.2
4417.29
7921.4
15025.2
15254.9
8550.65
10048.2
41873.1
35524
17456.9
12482.7
19261.8
21901.7
24864
26421.5
11846.3
29610.6
31612.4
14252.8
18440.5
14466.7
7147.97
21605.6
11391.3
29665.4
10131.4
29813.7
19859.4
13007.8
11551.6
17363.4
18514.7
26153.5
19159.7
13289.5
7594.94
9750.61
23599.7
15860.9
25712.1
9834.99
5886.39
19033.9
33200.7
24201
9792.94
15610.2
16101.2
14893.6
8111.08
74295.2
26412.3
9238.12
26512.6
11315.4
45434.3
6560.35
10949.5
22156
26950
22694.4
8175.07
22853.7
35371.7
36244.4
18782.8
15156.8
34390.4
22760
27977.4
27463.5
8514.95
10884.6
16022.9
10298.4
9161.57
14160.1
43881.5
10531.5
24115.6
6938.34
15781.6
68706.8
14223
25345.1
25420.3
13679.8
11104.4
28702.9
20094.6
12633
47192.9
5528.88
25409.4
9997.42
12803
8939.56
12055.6
29542.7
27625.9
9814.22
29414.4
52705.9
8942.33
19595.8
31038.1
9280.39
7661.09
19369.7
16840
41055.2
20503.1
31103.2
29458.3
10641
20825.9
13047.1
17395.2
10344.5
6911.8
12432.9
12997.2
38861.9
13107.8
8268.87
14880.1
19889.5
19661.4
16876.8
54170
17070.5
11329.3
22264
30868.9
13477.5
17567.6
13004.8
14100.9
5234.83
21653.9
46569.6
19004.2
8940.24
7532.62
6555.95
17380.2
34725.5
11578.9
17623.5
18230.9
10793.2
11188.4
11933.9
25669
14810.8
7537.61
25463.1
12477.8
21621.6
62275.3
12068.7
11491.1
9534.63
37397.6
21715.8
7193.98
23212
20028.8
10347.5
13523.5
16108.9
15476.2
11756.4
20463.7
27020
24515
11727
38901.2
19653.7
57288.4
19135.3
39266.5
13631.6
9988.43
13980.7
8220.52
11246.9
6833.33
23665.3
18072.9
38741.1
6416.48
27438.7
24846.7
6790.66
36394
13255.8
9336.89
26628.5
21826.3
19667.6
11938.5
10865.8
13845.5
5641.01
25058.2
21659.6
7037.95
9697.78
14906.5
11148
52032.4
22170.5
16286.1
8393.18
8566.07
18628.6
12644.4
9037.41
8295.81
14913.4
13825.5
39889.3
9747.01
10946.7
20482.8
6927.97
7722.9
14163.6
20846.8
28079.7
18947.7
25670
11360
8278.42
25093.4
28178.3
24375.2
12909.4
11259.9
34879.1
26231.7
16767.6
7248.11
9369.06
18786
18352.7
16666.1
27812.3
48857
57154.4
17962.2
12003.2
25321.7
35273.9
6441.49
7914.34
6940.38
18695.3
13738.1
37739.1
8973.88
5065.14
15417.7
16304
7967.11
23014.6
13192.8
18355.9
14730.6
31723.9
22653
10983.4
17145.8
26271.8
8510.79
16332.3
28266.8
25215.2
7666.54
10465.6
16508.3
12922.7
19878.1
26619.1
20044.7
10028.3
28040.3
24881.8
21867.9
28530
14502.4
19088.2
29355.6
20039.4
15183.5
8318.15
62971.3
36783
9617.56
24332.4
15444.5
12403.7
9735.81
52390.8
18256.5
10727.5
23851.8
15760.4
33628.1
23083.9
17936
27465.1
15708.9
11768.4
27254.8
15146.7
14212.5
16213.6
5815.31
17680.9
8527.6
23176.3
15738.6
18010.1
7318.4
58592.8
7574.18
13240.9
40250
15670.7
31734.7
8170.52
22436.1
10694.8
18875.2
14477.3
26653.3
9961.79
10424.9
13460.2
11114.1
21561.6
9678.17
29559.6
8802.99
18391.2
39540.5
29167.6
35161.2
20637.6
43223.5
12230.4
13750.4
21776.7
23901.6
13528.1
9102.76
15327
16863.2
19778
9868.1
17266.1
12936.6
22066.8
7256.75
3773.88
10905.6
13485
22387
23609.1
15946.3
21204.3
5337.96
25334.6
18731.9
12851.3
21897.9
7220.57
4724.23
30106.5
19166.2
20131.2
6230.2
10971.7
8752.33
12508.7
15093.2
19425.8
34737.5
26476.6
12006.3
16742.6
36595.9
30553.2
15295
18508.4
37065.9
29362.4
11926.3
11012.2
19945
23923.4
11073
6115.94
13190.3
29618.6
11926.4
11016.7
14653.6
52480.6
30740.2
10876.1
18766.6
14364.9
14722.5
30859
8835.32
3495.82
19054
18156.8
16316.9
5613.83
22843.6
21885.8
21380.4
21686.5
28217.7
36347.9
16015.6
49016
11555.8
10062.4
19443.1
13368.7
8546.37
23535.6
6503.27
24083.2
25647
11771.5
12069.9
17797.9
7144.99
28293.3
19388.1
10695.2
10792.5
11179.9
13487.2
15582.1
11223.1
17892.4
21091.8
25987.3
19287.7
28497.4
10346.5
9446.05
11577.2
19247.3
6250.84
29542.3
44824.6
31366.3
7615.96
21657.6
12880.4
15625.3
10842.5
40820.8
15805.8
12177
13568.9
45859.9
5557.08
43713.8
28457.7
14954.8
30111.7
24625.5
8574.97
15546.9
9713.24
26547.1
37835.4
11589.4
19706.6
16417.4
30709.7
8726
10308.7
30849.5
19053.5
25462.6
31457.6
18342
8290.57
15540.3
18976.3
5764.05
15794.6
32286.6
14544.4
18470
10567.8
5972.15
35497
27756
19432.2
13429.6
11073.8
14400.3
14200.8
18783.6
16824.8
13195.6
19478.9
30331.9
10395.6
41818.1
34266.5
24207.6
19295.9
25921.4
12583.3
12388.8
17449.3
15485.4
8730.06
21438.8
16482
26094.9
9006.5
22353.8
23132.3
12393.6
28864.6
16521.7
6185.37
7712.88
25618.4
31466.4
20334.6
9468.07
10069.2
38322.7
12930.4
35096.6
12970.9
34823.4
13493.5
23495.8
6572
15781.9
18390.6
11177.4
8810.89
39336.1
15675.4
25843.1
34327.8
10039.4
31431.1
20201.7
12648.2
5121.97
7519.7
10855.5
17720.5
11069.6
34462.5
24949.6
11769.5
13299.5
13178.2
20337.3
23093.9
9914.95
13334.5
32573.3
10192.6
17776
30864.6
16844
11529.3
17891.7
19701.2
27591.6
19127.6
15739.2
17804.3
12331.7
24839.3
6305.05
25462.4
11587.6
21181.1
6946.48
16320.9
14105.1
28258.1
29282.3
59100.2
23555
17455.4
21441.4
10577.5
8570.05
10599.6
11803.8
6497.77
17638.3
17967.3
28328.2
14409.6
12497.8
14762
5652.93
7531.64
21720.6
10241.4
18487.8
31223.4
14063.3
15459
5927.75
39530.3
13246.2
20032.2
15541.9
26894.2
28340.4
30056.3
17334.1
25246.7
25646.1
48556.8
15083.6
25029.9
25341.1
17541.5
12173
18021.1
15863.3
43946.2
21097.2
18479.5
20246.5
61373.4
15856.9
16008.4
29841.5
8784.22
13129.6
10296.8
16695.8
22045
25314.9
32052.8
4914.41
21020.2
9623.61
15331
29333.3
45137.4
16220.2
9921.47
12056.6
15256.9
18217.5
6905.05
16360
14113.1
15228.1
11441.1
8116.67
13000.3
23320
24819.2
11005.4
22627
5653.37
18148.7
6746.03
15377.5
21258.3
14057.5
23149.9
14520.9
5753.96
21422.7
7695.38
6722.28
7160.72
27981.3
26432
22303.1
17920.9
27788.6
7031.36
17288.1
8881.68
9542.19
12037.6
36504.7
13288.6
20727.5
7773.54
24594.3
7139.43
7928.66
10905
25564.8
10117.7
16733.1
9832.69
47893.4
8210.52
17063.9
21383.6
27785.1
16774.7
8705.82
24307.3
19495.2
45624.4
38509.1
39861.6
14087.1
15276.8
19003.1
6209.18
9748.61
13451.1
12779.7
17911.6
26507.4
18933.2
32597.9
5781.4
10106.4
17817.4
15375.8
6448.38
18446.3
12208.8
15883
13657
9051.89
36896
13292.1
18162.9
33452.6
21301.8
22833.7
10318
18576.6
12988.9
9254.86
11232.6
6817.91
6168.82
34239.6
27559.5
20145.4
7771.1
26252.7
25644.5
26302.8
15898.7
27090.4
11385.1
21511.1
5588.91
16644.6
6706.78
17296.5
14858.4
30575.6
14256.6
14574.3
9275.7
17927.3
18139.1
12796.5
24194.4
9717.51
21822.8
14355.9
20543.2
12876.4
18036.8
18594.6
24600.1
20907.1
11001.2
14134.4
16567.5
20344
22891.3
11193.3
46173.8
18572.7
7915.58
14243.3
21926.1
18822
17196.4
8059.48
26081
6661.15
18673.7
12701.9
6776.12
19563.1
13925.9
21069.3
21835.6
10719.9
17950.5
34108.6
25229.1
27930.8
19724.8
67256.7
14111.6
10564.6
6642.22
21722.9
13404.4
27704.5
22089.6
4295.31
13398.5
10945.4
13176
30859.7
13237.2
18396.2
16487.2
10765.8
5172.25
13699.8
6373.33
13905.8
12230.4
13696.2
13059.3
13680.6
23461.2
8638.34
39085.2
10129.1
17746.9
32927.7
14237.7
22318.4
17566.5
13010.7
27656
18914.7
20032.2
4951.13
12699.4
6539.21
10952
10157.9
22165.2
21127.4
6336.18
15700.4
7546.55
34021.8
5757.47
21147.5
26404.6
41380.5
6387.67
14430.7
28535.9
13057.6
32882
18431.3
17262.2
13632.4
47070.7
26723.8
8557.65
9167.04
5596.66
8226.52
13628.1
13679.6
20106.1
19175.7
7657.51
33508.2
5314.78
22521.1
9443.79
22424.5
16745.2
15748.1
38658.1
9963.5
17492.3
46837.2
35534.6
16090.7
25762.2
20286.6
29965.6
7779.65
8301.46
35322.8
15166.2
16172.2
32728.6
57629.9
30119
16787.7
26162.8
9189.19
18531.7
14429.7
12658.4
15131.6
16490.5
11255
12417.6
23743.8
29517.3
8589.56
20098.4
20167.4
7329.45
18500.2
8972.29
20535.6
23987
7471.83
12635
25716
36159.4
13042
16765
5370.09
23956.5
29244.4
11880.4
18847.6
13216.5
9957.1
41855.7
6995.19
52954.4
13599.3
9250.2
18717.6
11043.9
22600.5
14295.7
13215.8
72705.8
20529.3
17036.6
8790.47
8375.6
8460.77
18000.6
13137.7
12591.7
9181.79
18451
11569
8999.64
16967.9
41645
12945.2
6379.17
28350.6
14934.3
8486.07
20550.1
18864.4
15078
9167.27
25155.9
32075.4
15811.1
31635.7
42791.9
9508.74
13346.6
15761.4
29170.8
5734.25
16834.8
31832.8
13686.6
49859.4
11247.1
17963.5
13763
6272.8
8233.28
16322.9
14554.8
8403.39
16341.3
10219.7
8015.63
14552.3
14837.7
11447.7
9044.84
9245.98
13289.7
16453.9
7962.08
16347.9
18686
15871.6
15097.4
19714.9
18221.7
17679.3
9090.2
24029.7
7759.28
10784.8
12083.1
13783
26400
28261.3
28492
30420
6409.05
20514.7
22732.5
24115.7
13693.1
10364.3
9924.05
24553.8
24466.6
49705.1
13400.1
27659.3
11524.6
8040.4
14893.3
11040.1
22952.1
11745.9
32337.4
12529.6
17369.3
25959.2
12396.5
24258.5
33487.1
17506.4
14823.2
29432.5
21418.6
10259.8
59180.8
22403.4
21338.7
14973.7
46185.6
21679.6
38056.4
17584.7
8870.41
16386.5
22235.9
4376.09
9689.8
43615.7
27635.1
20483.6
21037.2
9855.36
15781
6482.85
16969.8
17122.4
9125.5
31657.4
17901.6
9523.41
19386.4
5548.47
7939.53
10068.9
12340.2
22899
15821.8
29925.4
34150.6
17278.4
27622.7
11456.5
14568.3
8567.83
13744.9
5600.49
59201.5
20465.3
17555.8
15884.3
10836.7
9750.25
15365.2
57614.7
18931.9
18818.3
15022.5
9174.95
4698.81
21882.8
13304.4
9853.74
18468.3
14197.8
10594
23393.6
17204.9
26924
28301.8
15772.9
11061
20204.1
10472.4
18885
26661.9
14639.1
20094.8
55419
6697.22
38195.7
33221.8
21294.1
41841.8
34960.6
34396.6
5443.77
24239.4
32697.5
14426.4
17213
16893
11359.9
32315.9
10302.1
9037.56
28411.8
33332.8
18120.3
22926.3
21774.6
95735.6
13131.5
16399.4
18720.8
14185.1
16639.1
9145.77
18918.9
10731
45552.9
36356.5
7803.43
15014.9
27017.9
10186.3
12098.4
24120.9
29399.9
53224.6
21909.5
20674.2
22040.7
11618.5
8941.51
17648.8
25049.8
18748.2
22501.2
55802
17160.4
17967.8
19413.4
10351
7111.49
14998.5
12205.5
12083.6
23241.3
8151.08
17292.1
11437.7
19971.3
9311.55
21951.1
10514.2
51350.3
11256.4
20720.5
11662.2
24771.7
26651.9
13450.7
18618.6
13575.1
19530.3
28163.6
25514.6
18298.9
17960.4
17629
5124.77
13840.2
14891
10539.1
7001.1
21705.9
17544.8
28190.1
7501.99
11516.6
11854.4
12635.5
10905.8
28154.3
25233.6
13809.4
11513.3
13208.1
15212.3
4190.82
12778.4
3986.18
26418.7
53867.8
14904.8
35427.2
10031.4
24574.5
14559.2
17766.3
29060.6
20331
20416.2
12118.9
16850.1
18419.8
11995.9
39360.9
20240
21026.7
16654.1
12703.6
14265.9
17111.5
14421
14410.8
10132.6
15211
14928.1
20993.7
56656.6
15465.5
11127.2
34624.1
10489.9
34053.6
10897.2
41644.3
30395.9
41071.8
7167.09
20366.5
14277
13766.1
20046.3
9785.05
13974.2
9180.23
21268.2
5762.91
13572.5
15079.2
7080.69
4284.48
21696.3
18203.9
25579.2
6865.88
13015.5
30193.4
25635
21615.5
18321.3
13113
20586
24138.5
41125.2
11087.3
7475.31
5494.36
17726.6
13082
10665.4
8554.93
19175.5
19750
15733.9
17417.2
8556.67
17712.3
25518.1
26942.9
16806.1
16091.7
12568.7
6563.94
13659.5
16413.7
11224.3
18446.7
19089
8285.18
25365.1
22617
5206.08
10182.9
6374.5
23678
12521.6
27899.3
17746.7
37397.8
19846.1
10020
9263.49
14157.4
8221.32
68561.3
60142.6
22474.4
27893.4
11489.5
12149.8
25653.2
14271.3
28563.4
5774.33
74644
19256.8
21859.5
7865.62
12350.6
21573.8
31681.7
17152.7
20141.5
22898.1
14681.5
19651.1
45805.9
11879.8
11429.3
15882.3
26352.7
17000.4
11917
32921.3
39313.7
9078.4
40842.8
16442.8
17815
45082.8
14437.6
13079.8
38812.6
19955.8
29427.4
9888.84
6067.34
15809.6
24797.8
9353.74
23082.4
8127.06
20059.1
44589.7
21656.8
17866.2
5322.89
9736.7
24672.1
24161
6567.7
13426.3
8175.64
11084.5
36227.9
27234
6763.02
12409.8
17287.2
64421.7
14133.7
22001.7
38806.3
9321.79
35441.6
33342.9
19658.3
14012.9
19711.6
17025.2
14675.3
69231.3
25376
8108.77
32386.9
29030.9
34074.3
42730.9
9912.98
16880.1
44588
14879.6
14413.5
37094.4
15962.5
10858
39050.1
24623.7
6482.69
24659
24148.6
14812.1
10107
7715.38
15993.4
8429.87
18792.7
25618.3
18135.7
8843.68
7385.63
33658.7
12824.4
17569.2
24092.9
31260.2
8678.87
24361.2
42920.3
6346.36
9250.93
14913.4
60905.1
12341.8
11520.2
13787.9
25049.1
8377.77
6574.75
29861.7
20427.1
17438.9
18031.4
13949
9175.58
7756.11
6965.35
21990.6
17384.5
15962.8
7740.55
22416.9
22344.1
12383.2
11004.3
8615.69
11360.5
20348.3
17338.5
16252.3
14774.2
10154.3
35654.8
9711.35
12266.7
21697
10569.3
15451.6
13330.2
18626.9
20202.5
25598.8
19077.2
37245.4
7574.36
23563.4
10677.3
19667.6
24241.4
11398.2
20783.2
28079.2
14593.6
7130.23
25323.1
20966.6
26216.7
33748.5
9529.38
67087.3
32629.3
19682.4
13667
29939.7
21045.1
12586.3
34502.8
13145.3
24050.7
15524.5
17705.8
21247.9
15676.2
17306
18823
28208.6
19645
15057.4
17916.4
48438.2
7382.19
23824.3
11648
10485.6
21356.4
11277.8
5847.3
42479.4
7143.38
19257.5
7188.45
5782.27
14010.9
19509.4
10424.1
12652.2
17063
21709
11124.6
18839.8
20100
29286.3
10314.2
14576.6
38678.3
24258.9
11473.1
13607.7
16783.2
15322
15324.4
26429.5
13541.4
21174.2
41834.2
13412.2
7143.38
6913.11
6730.16
9070.58
18172.3
7617.82
20680
15856.3
23556.5
18313.9
11167.4
16350.2
18241.7
18962.4
8034.76
5680.52
9303.75
12840.9
7597.77
10326.4
19951.3
30370.8
24941.9
20120.9
19849.3
8472.46
19836
8787
20919.8
10899
13859.3
23590.6
27231.4
10258.7
25628.5
10701.6
7929.37
18262.5
8140.53
10626.4
36583.8
12745.5
7004.32
6552.19
21835.5
14865.1
24288.9
6946.09
14719.6
6995.33
12206.3
12980
10385
15227.5
10124
6885.87
11508.9
23317.2
21091.2
21822.2
21289.6
16311.1
8898.15
18334.8
13274.5
13697.8
20762.4
12608.1
14099.6
14004.1
15900.7
26200.6
18032.4
41306.7
14689.6
19778.1
9935.72
10695.1
20028.9
22663.7
4303.78
22415.6
15524.1
12608.2
12000.9
22668
14930.7
19751.2
6093.51
14037.5
43769.1
7571.84
13275.6
16832.2
33770
44512
25880.9
30338.6
24067.5
25736.1
13811.9
51908.3
7567.06
6423.66
20884.5
20175.6
4760.6
18977.4
16486.1
15348.1
15373.1
14341.7
36838.5
20315.5
23343.7
37605.5
15076.6
9599.15
15974.4
10268.5
7341.01
12548.7
10344.4
10017.3
18432.4
15006
12244.2
17163.7
38885.5
19279.8
31012.6
6385.2
15709.8
43779.4
8052.85
17757.2
10121.3
22030.7
16953
7096.5
22777.7
13728
18117.2
6032.17
34748.8
9886.79
45380.5
14515.4
15367.7
16258.5
15432.6
24233.5
22953.6
13772.6
29857.1
26691.2
11150.5
32290.1
19070.7
29446.6
12104.5
16050.2
26377.2
8958.52
27742.3
10766.9
12416.8
14171.1
22442.3
30417
16794.5
48853.1
15829.2
11563.7
18314.4
24440.1
9146.08
20215.3
32615.6
14956.9
5454.19
9947.34
20606.3
11773.9
40071.7
13688.6
21445.6
24294.9
29423.5
23701.2
9557.82
31294.1
25986.6
43756
14361.5
7115.79
22904.1
13479.8
9432.19
16791.9
67025.3
19716.5
58482.4
33204.4
10849.9
9740.62
11279.5
29485.9
12729.8
8461.34
32402.5
31713.1
20256.2
30425.8
11127.1
21623.3
8923.22
38631.8
5617.23
7625.04
12674.9
21278.8
12685.2
10639.6
17004
8890.1
27473.5
17079.7
36333.8
29770.4
36651.5
10732.5
32001
36404.9
5523.26
24675.5
29119.9
7285.12
9495.93
33419.2
15497.3
7931.52
25493.4
12068.6
12926.5
23317
34105.8
14448.9
10934.6
39193
14029.2
28245
20042.3
9513.91
19718.1
52743.7
14539.9
15953.4
17904.1
14721.4
8420.32
18533.2
21511.1
9190.66
15868.2
55214.2
17710.2
8292.12
12587.2
12237.8
18183.6
20402.5
7919.26
10441.8
20635.1
22341.5
11129.2
21719.1
14957.1
13712.3
28809.1
6514.58
16321.1
22816.2
22534
11566.7
64503.9
17473.6
31857.7
17682.6
10846.5
45081.4
7910.27
8524.34
16611.7
15436.2
7483.79
11514.9
13091.2
29145.7
9883.74
9320.1
14089.6
19128
15831.3
9037.22
16880.3
8846.53
26836.6
66724.6
34715.7
33892.6
3497.72
51026.8
27393.5
21447
11025.8
6804.56
11680.6
11629
6509.45
29387.5
9181.72
12026.2
27266.9
25110.8
13183.9
12957.4
19246.8
18947.5
19105.7
15641.3
26163.1
5362.24
34834.3
10219.4
24570.2
16836.5
18467.7
12850.5
13871.5
15636.3
9674.94
26522.4
7495.6
20919.3
13506.1
53828.9
21880.8
14908.4
18792.9
40781.2
10925.4
15290.6
14347.6
14847.9
4493.15
6367.14
12784.3
17585.6
42087.7
24280.8
6924.66
27954.5
21364.4
17276.1
22681.6
11008.1
20661.5
34366.5
8629.91
16264.2
17183.8
17103.7
5577.96
14892.4
15628.9
45284.9
17947.5
36653.5
44449.7
17605
8967.93
7069.18
45450.4
46521.2
36032.3
44798.3
53423.4
14550.5
19807.8
33733.2
13393
36028.4
14935
54988.3
9285.15
15650
13449.5
19759.2
12374.8
13754.7
5937.74
5958.52
28712
28368.3
46461.2
14797.8
20440.1
12546.7
19367.9
19693.5
6949.27
12231.2
26006.3
9672.72
17287.1
28760.9
13961.7
33862.3
14844.2
9351.3
15498.2
22696.3
32280.6
7716.95
37177.5
12029.6
14859.8
9487.36
18547
14541.1
28383.9
12888.1
24488.8
16883.4
31339.2
32216
11354.7
12087.7
15932.5
6725.39
17747.3
6299.03
16130
21238
31963.2
33200.9
13632.9
31487.1
23490.7
28195.1
19358
31647.7
32197.6
19042.5
12841.9
18309.1
11144.8
15398.7
8962.69
19072.7
10852.2
12680.5
25014.9
8162.23
15737.4
8965.52
12968.5
33030.8
9446.88
16307.9
18826.2
7805.11
25812.4
6127.51
5542.71
13329.7
16481
15162.7
26190.2
24963.6
12814.3
16504.2
13941.7
23165.2
18460.3
14627.9
10620.9
25993.4
10166
14448.5
13169.9
28610.6
9534.51
11791
29913
38670.9
7557.78
16175.1
12325.7
16549.5
50704.7
54301.2
15941.2
7309.73
17977.5
16565.9
2947
27391.2
34026.9
9803.63
8255.96
6365.79
8446.87
7539.86
25389.5
29332.9
12745.1
26187.2
20634.3
32887.5
15626.8
63497.3
45831.4
40348.3
20924.5
10755.6
20049.9
14679.3
8847.71
5140.86
11875.6
11279.1
18278.6
10334.2
18664.6
10042.4
35066.1
32506.9
44870.6
11300.4
11288.3
14468.6
26746.2
13609.8
26910.7
12762.8
14469.2
28346.7
14588.5
11331.2
13350.3
18042.9
11962.7
20103.5
21513.6
20849.3
12265.5
18001.4
11442.8
28238.1
20232.1
24187.3
20841.5
28797.4
15228
47905.5
18191.2
41503.4
9599.96
17665.6
12182.9
12254.3
24604.9
64074.2
28050.9
8787.27
31926.1
35571
12479.8
10312.8
49860.4
8664.61
18025.3
10031.2
56438.9
16261.2
20315.1
23260.9
14590.4
20943.3
15463.9
25441.3
16287.8
18284.2
9550.29
6813.71
6536.2
39045.1
32735
33889.1
15630.2
15708.5
20531.8
23760.6
15233.1
24694.2
13956.3
22965.5
43860.4
20491.3
15624
12255.2
12014.6
24957.7
9916.27
17288
31104
13915.5
12673.9
25047.3
19611
8702.78
28106.3
19210
9141.54
22733.8
10283.4
14488.8
34625.2
32030.8
28416.6
24238
16395
16990.7
9862.94
6161.28
15763.8
23060.5
16536
11612.4
18057.8
34522
8985.12
20812.4
21721.5
25945.4
14666.5
15728.5
8386.95
10610.2
16334.7
59956.8
11452.4
18948.5
7343
9327.56
8479.57
13316.4
21437.1
17939.2
15195
15560.1
9997.91
9271.27
11726.9
28159
17140.7
12963
9830.58
5017.44
7534.22
17508.7
15015.5
52491
8177.31
6439.31
6650.96
31132.4
25816.1
32162.2
32512.5
12651.2
22154.1
23365.6
22228
45391.4
26778.8
15163.9
27135.2
8269.9
10121.8
6013.39
26816.5
29594.1
13901.7
16656.5
7956.13
37510.7
7592.41
9159.47
11450.5
14064
9778.1
6149.5
8922.5
17467.3
9636.83
8757.32
20642.2
47379.5
25368.4
7763.6
20399.6
42385.6
15464
22365.2
6546.26
8998.47
26939.2
23876.8
20090.4
10392.2
20720.8
10071.9
25643.8
29551.6
82547.1
16237
44554.7
10638.5
6608.58
20651.5
30135.3
12781.3
25456.2
15472.8
17131.4
11201.2
10842.2
27260.3
5729.02
27395.5
10039.5
14775.5
15485.3
6502.41
25011.5
24021.2
43921.4
10576
21884.3
24995.1
34121.2
23125.6
20977.8
21253.3
28872
19977.3
18323.7
27478.1
9641.93
21278.6
13700.4
17709.8
15430.4
18127.2
44632.1
9208.13
19873.4
14426
19625.7
16539
31715.6
8233.7
10076.3
24737.3
18953.7
30411.3
19842.2
22723.9
14742
10974.9
7156.44
19821.6
15828.9
24256.3
12389.2
18048.5
7182.86
30839.3
42331.7
18503
18983.7
33207.5
6715.62
14425.4
5574.97
16401.7
28702.3
11690.8
14461.8
25560.3
50763.6
13939
16853.2
16534.8
13635.8
5064.56
32181.5
13878.5
13302.7
16201.3
13694.6
23775.1
10380.5
14834
31847.8
14154.4
12233.1
28994.3
5996.75
19309.3
22060.1
27535.1
7831.5
27493.7
18122.8
18299.9
12784.2
15105.1
15064.3
23017.1
13858.9
12710.9
10191.8
21292.2
30401.9
11568.6
6888.6
23178.8
9225.13
17284.3
14360.6
14993.9
44539.2
13649.6
17082.7
7271.34
23371.6
9494.56
16329.8
19048.8
34343.6
13685.5
8688.41
11915.4
11327.8
7637.2
59298.1
18904
22623
24488.3
22199.6
8587.78
4941.25
7898.39
24366.7
19223.6
74492.5
21072.5
10649.2
26129.2
38835.5
61769.4
11326.2
28232.2
12707.2
14929.2
4936.34
34960.5
14174.3
19022.5
24317.9
49740.1
14476.2
24913.3
18880.5
9424.7
10602.8
12590.8
12389.9
14832.1
18372.4
17278
12126.2
38559.3
29479.8
9393.42
11190.2
26575.8
7489.01
16607.3
19571.9
20620.5
7743.03
25961.6
7528.13
21673.4
13786.9
6921.26
40336.3
9171.02
8839.19
13767.6
8017.51
50806.3
8380.59
15322.1
23763.8
21703.3
17924.8
6911.49
11827.9
8535.39
11852.9
23916.7
12059.1
8184.09
7221.73
8577.13
11985.5
5433.65
7728.48
17328.9
22369.4
6835.98
14268.2
19716.7
24723
24661.8
18181.5
12715
22159.3
16202.5
29885.7
13491.8
6748.07
30522
13097.6
35710.2
17561.6
5048.94
34686.4
10560.3
28452.1
16309.7
30444
15552
15643.1
16541.8
34420.9
26986.2
10915.3
10138.6
20574.7
5637.05
24918.7
26858.7
12247.9
29639.7
9418.17
30154.2
13284.3
33813.2
31417.3
20942.1
6763.92
19545.4
20446.2
18532.6
15904.1
25064.4
7818.53
23385
19147.6
8475.04
41416.2
16044
9462.94
7486.96
6214.29
25110
25384.6
11751.2
9331.82
21956.9
33572.5
44665.3
11040.9
25565.9
23873.7
10245
16014
10524.5
21342.1
18991.2
26226.7
23870.6
25742.9
43744.8
18354.9
22838.4
14343.9
38831.5
14564.8
22860.5
16180.2
17681.8
16505.9
23435.9
27712.6
48164.1
45413.5
33299.8
8920.16
11558.1
11877.2
17893.6
16510.3
16234.1
24363.4
6157.53
6015.27
10394.9
8149.5
24467.9
15170
13558.4
17377.7
14595.9
13235.7
22866.2
9331.89
36745.8
12044.2
49880.7
9276.78
15904
26732.7
21968.2
14533.6
26882.6
16081.2
15799.6
28091.3
27322
55334.7
14977.1
17348.7
34140.9
7936.42
18411.2
15703.4
39520.1
5023.31
10623.8
17665.9
6466.73
44727.4
15939.2
22254.4
18565.6
32769.4
17741.3
24345.4
20785.7
21769.2
16433.9
18876.6
5312.92
22222.5
9238.53
10862.8
11712
16755
16684.6
15635.5
11441.6
17044.9
8802.08
22785.2
21510.3
10447.7
12408.4
23841.7
10452.8
10707.2
59432.2
19401.8
9161.33
8247.48
19064.4
16121.4
25463.3
13380.3
24929
39431.6
13286.1
10967.8
25299.7
22278.9
16291.7
15664.8
23214.8
15584.4
16572.5
16985.4
21465.4
22263
23330.3
15669.9
16575.4
10020.9
14809.9
15980.3
15680.3
10260.1
20412.4
13904.8
9231.77
6340.61
22250.4
7015.52
13440.1
18845.3
23467
14129
9628.29
47723
39995.7
25657.4
23153.6
4945.24
8875.39
40104.9
55752.9
14035.2
16157.4
20216.6
21405.4
13269.2
17142.2
21782.8
3535.65
14461.5
17210.1
22542
23998.4
14385.2
15682
6599.27
6268.45
12687.2
9351.65
18819.2
13484.4
45513.8
36053.9
22157.9
13213
18786.5
12987.1
61314
28010.8
9418.63
9520.02
16910.4
10711.3
35688.3
19021.9
24996.1
26648.8
8218.61
24320.4
30870.6
13575
38867.7
26494.3
56494.6
26784.5
5794.76
32551.9
6984.67
20884.1
13847.3
10006.2
11528
11520.9
33032.9
28756.4
14751
15593.3
20949.2
12067.7
29484.2
11285.2
21692.4
47387
40298.7
9540.06
5630.68
23579.3
11317.6
50950.2
28423.2
19742.6
19894.9
17300.1
14923.7
9001.02
22225.2
12717.5
13876.8
30695.5
12219
27944.4
9335.43
13099.9
27239.4
14692
26516.1
27931.1
19565.7
9616.91
13544.7
18408.2
11615.7
15420.4
7856.61
14879.8
31307.8
7795.3
11013.6
31624.6
7323.27
22553
12589.5
12945.4
9230.29
11800.3
18377.3
41417.9
17698.4
11292.8
16826.1
18278.7
20510.5
43840.8
13312.2
11070.5
17455.8
10242.1
24549.9
71342.3
17654.4
8499.79
13530.1
4691.53
19011.6
38453.8
29854.5
9962.58
10404.2
16267.1
20517.9
15313.3
6159.58
12954.6
15890.8
38996
21003
10059
26341.6
9857.19
9641.16
22605.2
16606.2
16331
8382.13
11313.4
16001.3
50923.8
20503.2
54180.4
18541.6
23561.4
8186.24
10159.7
29681.4
27762.5
23029.7
13857
19136.9
35358.6
18171.5
15922.4
12504.9
34563.2
14773.8
28443.1
27829.8
16216.9
20517.8
25484.7
13657.8
13149.3
17420.7
16601.2
6921.53
24502
51369.9
16606.3
28070.4
30882.2
32773.2
20672.2
25584.8
60217.5
11523.3
28136.9
22442
15311.9
13612.7
34806.2
8178.55
26146.4
19811.2
28593.6
19359.7
19125.3
12436.7
37063.3
9559.33
10601.6
37092.3
17964
18337.3
14920.4
20539.1
18640.3
14644.5
13114.3
40458.1
19797
9423.34
13665.6
15136.9
19578
50637.5
8008.85
10195.7
23196.5
8963.93
28949.5
30593.8
22337.9
10044.4
17970.9
15464.6
10122
36250.4
37001.7
20466.2
16596.2
19234.3
21167.2
8407.03
17377
36521.4
25927.9
7756.75
7448.73
27491.8
20342.7
54200.7
13292.1
7809.06
7785.13
11423.8
13691.2
13962.3
34131.1
23782.9
22152.8
8202.2
18715.3
27671
35712.8
4252.92
20380.7
6020.89
26834.6
18334.1
19318
7379.58
12201.6
7132.04
4738.16
22352.5
11639.9
8264.71
16071.7
21194.9
25420
4552.31
34376.4
8514.54
28523.2
33434.2
11028.9
13881.2
6136.05
48783.2
11657.3
6212.48
17620.6
11671
11287.1
29573
12247.7
10216.6
27545.4
38575.8
13051.1
31534.4
15974.6
49022.4
37178.5
20858.7
49777.1
32287.3
18008.4
13375.9
48442
30842.9
30597.2
8979.57
15946.1
26203
10369.6
4616.99
19248.6
36841.3
36177.6
36522
13794.1
28316.9
13373.3
9200.62
33630.1
48966.4
8567.09
8167.38
11896.4
16581
12271.3
39287.6
15881.6
8607.26
12895.8
33913.8
45933.2
25488.1
12069.1
22334.8
27820.1
10714.3
30110.2
23609
20907.5
20955.6
19884.2
10000.4
18614.5
17745.1
65171.8
14254
15923.3
27886.9
17625.9
8699.35
28832.8
9703.71
7103.19
16310.1
8612.58
20687.7
4217.22
18700.3
7029.86
8835.3
12887.7
30821.3
22689.2
24628
18435.3
24267.3
17138.5
4198.88
19501.2
20312.9
20467.9
10022
17327.7
17106.3
11880.4
12739.4
21722.7
38865.3
36387.8
11040.2
9557.24
27524.2
43787.8
6468.31
17016.8
14369.6
11478.6
26514.3
48817.9
21995.9
14732.3
7841.94
28052.1
16242.9
17023.4
18077.9
18326.2
27405.7
22315.3
37575
18069.7
15608
14066.4
10782.5
35164.6
20023.9
12686.5
8434.08
40061.7
14412.9
25037.9
71929
54859
9516.4
19358.8
5331.14
22146.5
17780.5
22071.1
20795.1
15386
11651.4
14388.5
22085.2
18532.7
14957
31329
23410
14563.7
24306.5
6666.19
12387.7
22376.2
21423
25330.2
36952.1
16289.8
19974.6
12754.2
38742
13138.2
14929.5
8918.32
15507.5
19932.6
20638.4
24683.8
8764.52
13436
9297.59
19232.2
22219
9381.14
6192.15
28538.4
30875.2
30096.9
11483.5
11444.3
32316.3
12862.4
29293.4
18570.4
15633.5
27116.9
8750.99
11586.1
10115.1
12051.2
28790.8
22351.1
13681.1
15337.1
10558.2
12241.4
49767.9
14713.2
15261.7
15047.4
15141.5
5557.81
54308.8
17721.7
22468.6
33079.5
48727.5
8048.24
14916.7
14999.1
13331.4
15755.3
21435
26091.1
24491.8
14962.8
30762
10176.1
22070.9
47376.6
12573.6
12458.3
13080.9
15534.3
8232.01
16073.6
30441.7
17204.6
21501.1
24741.8
6681.89
4727.45
34142.9
16943.5
14172.8
15936.9
6378.65
11101.9
12763.4
9965.56
15950.1
27947.7
29954.7
8782.92
30427.2
10981.6
19755.3
8135.4
14905.6
19960.5
12105.4
8454.81
11694.6
10219.7
17078.1
16531.5
10640.2
15352.6
9009.42
14975.6
9379.05
27414.4
8843.84
7162.53
30538.9
29877.9
21823.2
28486.9
12405.3
60783.6
24478
15111.1
23942.1
11865.9
63264.2
5482.21
42637.6
9549.8
20487.5
9587.1
20314.9
28279
5823.18
16233.3
36904.6
16335.3
11773.5
26320.1
22080.7
22139.6
16545.9
21120.4
34349.8
17073
36672.7
7683.14
14073.6
18053.7
16718.1
22296.8
33533.6
22934.2
15185.7
18065.2
13317.6
14069.1
14049.8
31908
32751.7
24667.7
8483.87
25961.5
6428.79
8364.39
17836.7
8021.47
24694.2
4401.03
14748.2
21606.2
13142.3
33836.8
34028.4
12332.4
8972.96
10231.2
29634.2
22719.9
6674.6
17900.2
10348.2
6132.68
26402.2
8318.23
25730.9
7620.07
7836.34
41770.6
27373.9
8996.79
43953.4
8861.11
24110.5
47065.4
6913.27
17741.9
5795.27
8397.28
14296.9
16456.4
37234.3
9649.2
12455
18717.8
25205.1
51924
17822.7
3704.83
21557.4
22376.6
9440.79
12716
20531.6
11752.6
11165.7
14294.9
38248.9
32295.4
5035.19
10292.6
18218.2
17541.7
22679.3
41008
31163.2
16228.9
29609.7
31302.7
17665.7
18181.7
15391.6
11564.4
13076.3
26450.6
9563.33
29579.1
10922.5
29603.2
18508.4
13063.5
10236
18971.4
36690.5
11658.2
17678.9
11595.4
17531.5
10023
27866.3
20895
20456.4
25685.8
13446.2
40331.2
25975
13164.3
16778.5
11283.6
23471.4
57557
13623.9
23543.8
10553.4
6937.45
12381.8
18098
10204.7
5471.03
12440.7
25542.4
9263.7
24291.7
18814.1
13690.3
14943.2
16363.8
22701.7
23330.1
30753.4
21013.3
23348.7
4758.28
8672.08
18501.8
35799.6
15751.8
11551.2
10136.2
29310.6
11434.9
28651.9
22315
21190.8
56301.3
10287.9
13040.9
27344.9
37376
40517.5
9962.01
10029.6
21169.7
11820.7
24199.5
11598.5
40079
17696.8
17828.3
12295.8
22600.4
11705.6
5751.91
25739.4
21769.9
15714.1
10886.7
20277.6
27192.4
18192.8
69652.9
5871.58
23106.7
15278
12413.1
14981.4
20397.9
22338.4
32773
23239.3
8345.06
12842.4
8951.97
10769.1
32024.6
16173.2
27791.1
28102.2
39413.4
24247.9
6757.16
8681.52
45346.5
14011.2
17893.5
11434.3
15742.4
11474.1
21612.1
6428.25
14557.7
28021.3
24251.5
11376.5
13396.5
6487.85
29543.3
35799.3
23860.5
24122.6
14922.9
6641.14
21296.2
103826
19021.8
8975.94
9466.84
8407.58
26865.6
25718.1
12254.1
10322.9
6641.21
22174.9
5240.27
8545.21
6974.33
18753.3
21692.2
14473
7037.95
10813.3
12773
8195.13
9885.49
18655.4
10025.9
20241.6
16767.9
9859.15
24609.1
5152.96
6522.02
23380.3
10354.6
10772
14061.4
28985.3
19546.2
19106.8
18459.9
9670.34
12897
28354.8
47995.4
15395.9
12231.6
23991.3
15359
11264.2
12506.1
14541.3
27448.9
25242.7
17653.2
23198.9
11320.9
9405.56
27303.8
8428.75
22992.5
8969.06
13150
23648.7
24679.4
25976
21846.7
51323.8
7036.9
69411.9
9161.82
24218.4
25246.6
17882.4
16208.4
4720.43
9918.47
12516.1
7329.35
14475.2
19626.1
16702.1
30058
18539
14475.6
13827
6911.01
20638.3
36942
13347.2
15641
31429.8
10137.5
25543
33869.9
14286
30065
9679.44
17527.3
23916
24393.2
7620.67
4093.37
15606.4
24376.1
15658.7
12270.2
15521.2
9097.4
22441.6
9315.8
29772.1
26761
14407.5
14304.9
42444.8
16108.4
9794.17
10452.5
26396.2
13345.7
6352.43
35637.2
27103.2
46814.9
9919.06
5067.31
6790.16
14310.4
25536.4
9421.17
12524.7
8729.15
16346.8
36047.4
15655.2
18299.2
24656.3
13090.8
15553.2
17957.3
7890.44
6035.23
50722.7
10396.2
6295.23
17870.1
12032.9
32421.2
32574
30075.9
44005.3
28791.7
16765.3
27181.8
36505.7
12749.2
28850.1
32744.3
10334.4
47908.5
7029.06
32603.2
22769.9
10246.2
27439.4
19248.9
12135.4
12925.7
10439.9
11600.8
20667.5
39088.9
16931.8
15139.1
21854.8
13549.5
22873.8
12275.2
14732.7
7877.31
20123.6
54490
12911.7
12026.9
17619.4
9074.11
12074.4
10451.2
12406.3
32955.3
21269.5
51395.9
22533.6
27085.1
12864
7770.32
14322.7
8088.18
9805.15
19948.7
13615.9
10301.8
15934.4
23642.6
8690.78
16908.9
24219.6
18515
6981.7
23721.7
9371.65
20391.3
9440.63
22032
31124.2
16912.2
5614.09
9262.78
9440.84
9181.99
9395.71
18251.9
28272.5
31858.7
25603.9
22579.5
7313.32
38614.5
5281.66
7838.89
16395.4
10045.6
14178.6
42292.6
17994.4
43934
19792.2
7494.49
15677.8
14785.1
7398.19
13744.5
30225.9
40558.3
16725.5
16159.3
6174.42
23365.4
12965.6
15459.4
10688
7522.26
9454.41
18148.9
27274.4
9680.31
14837.9
13748.4
32160.1
13797.8
40745
19031.5
9256.31
4295.11
21130.1
12409.6
22124.1
44303.1
12203.4
21917.5
43188.6
21600.9
18710.9
38063.7
12740
46399.3
17460.3
13699.7
9715.68
12446
41960.8
24998.1
14301.9
15919.1
5930.71
45297.3
31861.1
25008.3
6295.87
12608.9
28226.7
18490.9
8599.78
14878.2
12424.2
6771.43
20456.7
18328
12882.9
14090.9
11112
51052.2
32364.4
19735.2
8851.55
12535.5
5704.13
17943.6
16519.7
41697.9
7838.82
26391.8
30372.6
8519.77
6086.67
14832.2
13524
15798.2
21202.8
32161.9
8679.81
24053
29752
13163.4
5526.08
6329.61
37093
15910.4
22507.1
13118.3
9462.97
8564.88
11153.7
13680.6
28134.5
30657.9
22809
12892.4
34656.2
12907.6
11153.6
11810.3
22170.9
34125.1
25835.1
6531.46
7728.46
19619.4
8436.87
10735
14098.4
17988.1
52682.5
11835.5
69808.8
22163.8
18069
18939.2
19669.4
13016.7
13551.5
17729.3
31624
8683.59
18814.3
7464.32
18043.8
18527
7304.21
26326.9
51749.7
25171.5
21175.1
16650.6
9958.05
21592.8
15981.3
38799.8
14387.1
34964.4
25462.5
18689.3
7953.17
9417.33
12499.7
47166.6
11821.8
20697.3
9282.92
15975.4
8897.48
15291.4
18036.1
27256.1
12433.2
12942.9
24322.1
14188.9
10827.3
6838.76
21578.4
16843.8
26540.1
14889.6
62474.4
21256.6
9200.6
7772.24
17399.3
15238.6
24510.4
8501.8
28197.5
6185.4
24388.9
29403.2
12580.4
42934.7
16522
19712.2
22539.8
12839.6
9927.72
18971.2
9004.05
5825.12
14734.2
8555.23
20669.2
18462.3
14668
14359.5
25164.1
21602.5
5247.14
12228.6
8860.11
6456.04
43742.8
24761.3
10248.5
27758
8701.38
12959.5
37775.6
9960.03
24584.5
11972.3
16692.7
25411.6
9331.14
17256.7
28517.3
27691.9
14526.5
22347.2
6318.91
38856.8
15343.8
62827.9
34677.4
7238.28
44727.5
8791.08
14269.6
41539.5
10914.4
34911.2
13669.5
17876.5
18981.4
16027.3
10389.1
17074.9
9218.34
23829.9
10963.3
18684.3
17770.6
15075.5
13621.3
9229.31
23121.1
11980
6059.02
24149.4
60481.1
23403.2
35273.8
13792.5
14382.4
17276
7151.79
18801.2
13295.8
33456.1
28104.7
7700.45
5787.58
12823.4
16416.9
37028.6
11865.6
27038.5
15259.6
6517.52
22282.7
15477.9
19934.7
87664.8
20493.7
12065.9
25185
16722.3
22436.2
10551.8
15218.5
25479.2
12160.3
19968.1
12929.5
33155.1
12481.2
16711.8
9708.43
10376.4
27520.8
4653.18
18313.6
45245.6
21057.8
25292.5
15428.1
10412
12186.4
18504.1
30162.2
13127.7
16164.8
19680.2
11701.5
5560.5
24089.5
27659.4
47121
17658.1
14408.3
14172
38096.7
18829.7
28247.9
18478.4
11148
13985.8
7617.65
18781.7
14599.2
25714.6
22612.5
12090.7
18862
23072.3
9847.23
11997.9
27670.4
19652.3
20396.5
4919.55
9701.29
39588.4
30665.8
23109.2
12055.1
12812.4
17569.7
14802.2
9239.71
13533.5
7925.85
7735.69
27493
24113.4
22084.3
29219.9
32613.9
24811.4
20481.8
8882.8
32089.2
36995.8
14518.4
28865.3
6192.81
12835.9
17320.8
15200.9
34218.6
8595.21
15751.7
7976.96
7648.29
31282.9
16308.2
13182.7
18308.5
15823.4
7811.64
42068
47417.6
10702.5
6671.05
14015.1
9130.69
21962.4
10632.8
10588
9686.59
10894.6
12094.1
35783.5
45606.9
21956.3
40918
4860.39
16980.6
27278
9723.27
33233
16477.9
25752.6
47255.1
36723.1
5771.92
14341.4
9985.2
26200.7
18138.2
25380.6
7774.49
12446.4
36921.8
20813
13152.9
16910.4
3387.71
28734
34948.6
17399.7
23437.8
24877.7
13153
23500
20035.3
12343.7
9004.16
25433.8
15190.5
10609.2
25771.6
25241.7
15818.1
22691
10627.4
7895.77
18885.1
24300.2
26505.2
11644
35082.8
10538.6
8331.34
15415.9
10364.9
29043.1
13989.8
11637.5
11534.3
8643.55
20974.7
17275.8
20657.3
5642.18
26364.2
14876.7
37165.7
31381
9682.44
15416.1
12383.6
21175.5
11966.2
15627.6
16521.8
11572.9
9424.4
18561
27395.7
18043.7
8874.05
25902.5
21066.5
55186.3
3488.69
21296.3
9662.73
18144.8
9634.21
40718.3
15480.2
12462.3
28853.2
14771.9
18076.7
21087.4
28825.2
14799.3
14771.3
10801.4
8048
12812.9
23779
24413.5
21546.8
13678.9
19630
14434.1
14078.6
16846.2
23181.7
21420.1
17933.2
43957.5
14441.2
16651
14091.5
16933.3
8165.02
26613.1
8087.65
5086.93
9016.4
23236.2
14787
11464.1
10746.5
7146.93
19934.7
14875
21280.9
10621
8350.29
19294.7
14156.4
12108.7
8721.73
31521.6
18891.3
13787
8458.17
7001.71
31537.9
5587.13
27725.5
13335.6
20448.1
14058.1
15104.3
11291.6
22388.6
12696.6
10885.1
9685.47
19621
5779.88
11555.4
28225.1
13112.4
26758
19337.3
21118.2
31392.4
5610.11
6746.78
23159.9
5695.86
11122.4
18882.2
29990.7
20288.5
6148.28
17985.3
27166
10710.2
29960.1
20933.9
22723.2
10504.6
21162.2
15145.3
21227.8
9134.19
8949.05
11782.8
12530.6
35662.1
6094.38
21647.5
30221.3
8926.12
18355.7
43849.4
7409.54
36582.4
21735.4
13743.7
11622.8
21568.9
10193.1
25137.8
17092.1
23170.9
26804.8
15656
35122.5
25344
31576.8
11681.5
30664.3
36011.8
16315.2
21503.7
15495.1
18763.9
20520.7
19424.8
15368.4
38545.8
14577
24427
7662.86
53820.6
17937.3
40640.9
15682.9
14752
16573.1
11364.9
10459.5
22885.9
10773.2
33122.3
17096.2
36569.6
9015.02
26825.4
22522
20600.3
17740.8
5641.08
20460.1
12612.5
32199
22291
15297.1
54544.3
20921.4
5225.8
18505.2
14565
6412.56
13623.2
17326.3
17159.9
11139.7
8799.21
12546.7
8042.43
15042.7
22775.5
13903.2
7974.04
23182
18422.6
13605.1
5671.4
24352.7
5305.53
14503.6
19338.1
11688.8
7938.41
13416.9
12499.8
35395.3
20535.4
3419.86
8157.91
27177.6
17996.9
26527.3
22377.5
43977.4
17161
20398.1
10892.4
14008.2
35483.7
17313.8
15579.2
5110.03
12243.8
10634.4
38939.5
22820.1
13928
10356.9
8219.93
14025
9566.06
33731.6
4041.69
15027.2
13935.5
7557.88
27529.2
14019.2
39640.3
4980.99
28208.9
39676.6
66268.7
12619.8
31132.1
29573.9
14644.9
14544.9
11752.6
29995.2
17133.9
28402.7
13714.4
4983.98
25748.4
17786.6
18268.7
11787.3
20459.7
19547.3
23888.6
14971.4
19753.1
35289.1
6465.91
10416.4
14070.9
16901.5
22125.7
31720.4
12014.9
13933.6
11612.7
31710.7
9299.53
11867.8
43124.4
24705.3
8747.77
27897.2
32913.5
10699.6
45252.3
19140
17276.8
64495.6
6387.64
33785.4
20704.2
9422.95
21613.4
30018.7
10012.1
12894.1
10966.8
24799
17980.4
24486.8
19733.7
18753.2
21174
16577.8
12668.9
8345.4
8609.87
10864.4
32673
28947.4
23155.3
14219.8
4229.54
15845.5
9400.6
30866.2
15079.1
25650.5
21775.2
15790.2
23146.8
16280
15268.3
9789.09
13321.6
11754.4
17480.2
13030.8
35420.5
12132
19881.4
25534.9
10779
19470.4
16323.3
3966.56
6759.95
7522.15
19962
17600.9
15610
9312.47
26543.9
18051.8
5908.66
9713.3
10964.5
17819.3
6256.66
14668
15640.2
10519.7
13445.8
9348.01
37862.3
9079.2
15589
32454.7
5840.09
13020.7
49949.4
11879.2
7334.69
13062.2
17323.4
12953.8
34439.2
10475.7
18041.9
8418.41
16871.2
8687.73
57344.7
8625.78
23035.2
31128.5
35007.3
15180
21011.4
8360.54
23068.9
27191.2
9087.07
11905.4
21479.4
12272.2
9690.41
18145.3
14373.1
4150.3
66423
9946.57
21857.8
8332.19
15422.7
14169
3352.41
7568.36
11738.6
14674.3
10929
11474.6
12378.5
17388.2
18798.5
7681.94
5401.57
25434.8
7399.13
17402.6
19417.7
10092.2
43319.6
26082.3
9888.72
28475.6
19913
65391.6
9893.7
31558.8
36922.2
5186.6
9071.46
8888.07
7035.77
21051.3
8045.02
31968.8
22833.1
18246.7
14380.6
48717.9
7807.41
12491.9
14468.2
16396.4
27677.4
27864.7
13354.3
18561.3
11987.5
11967.7
44114.7
10262.3
11728.7
31048.9
12455.3
21157.9
9047.18
6345.39
19791.6
14071.8
5649.4
9671.29
13800.3
8654.79
13199.7
14153.4
12720.7
37634.9
7729.69
12970.5
18503.1
14113
9477.79
11419.6
13184.6
26756.7
10739.2
16470.2
19492.1
25184.6
17206.6
21297.3
7425.31
25256.9
9899.83
33472.9
33774.3
18426
21741.6
18451.6
23195.7
11773.1
13265.8
16558.4
10304.9
12959.4
20341.3
22398.9
17879.6
12041.2
34790.7
13741.9
26456.5
32839.5
13197.5
28780
8205.73
23458.6
27369.9
16691.6
21333.8
37987.8
18366.9
24067.5
14958.9
8369.38
26219.9
28415.8
12351.5
42399.2
14308.5
9717.89
45520.6
32250.5
14927.3
25830.9
22158.3
20581.5
23161.1
25809
24919.2
30001.6
12949.2
11129.7
8454.65
26229.2
10379.2
22662.9
6883.07
10195.8
41084.5
21493.1
48887.2
10871.7
18659.2
15192.7
12328.9
20527.6
8878.22
9202.61
15080.6
16051.7
20105.1
18326.5
82563.7
5140.41
8791.52
11066.4
26748.2
6158.7
17399.2
7113.06
21906.1
48014.2
31912.2
23253.9
17450
22298.8
13492.5
16419
10552.2
16727.4
8343.61
13864.7
12030
15991.7
16700.8
8052.74
10922.2
29831.2
10635.1
38299.4
23139.6
17749.9
26433.5
14517
13630.3
43057.7
47011.5
11937.1
15642.7
30386.6
33650.3
22583.6
7036.66
8963.78
22021.8
70775.6
18759
55042.4
38050.7
16282.6
15442.2
26367.5
17957.3
58910.6
10182.6
12034.2
15424.4
17655.8
19202.4
13215.2
6329.33
28471.4
17135.9
43109.4
8818.12
10304.6
27732
15073.8
23912
20819.7
8982.9
16496.1
30280.7
9312.96
30986.1
11028.1
16270.7
48493
26176.9
23637.9
11470.7
31686.4
17527.1
12199.7
15116.4
22848.4
17062.8
39022.6
23587.8
9881.64
14608.5
6568.33
26806.9
21841.5
7691.84
12203.5
7422.76
19770.4
23600.6
35323
28305.6
19304.1
32636.6
12037.3
11506.1
9384.71
21573.5
14334.5
9706.96
21271.6
5635.37
11409.1
27887.6
15643.5
23542.3
10512.4
34362.9
29421
13996.4
8202.91
12159.4
16613.3
23914.6
12454.6
18881.7
6968.76
14027.8
16613.5
22479.7
16548.4
16984.7
22711.6
7675.6
12218.5
11780.2
30846.2
31275.3
27477.6
13542
49016.1
24435.4
10451.2
10427.2
22049.8
6780.33
16710.7
11163.2
33296.6
17581.2
7865.44
8917.8
7482.63
10588.6
26253.6
14839.9
25838.2
24233.6
14125.4
9529.22
22431
14774.4
15250.4
22508.2
7705.59
5192.31
22910.4
31371.6
13664.5
24132.4
24170.4
16642.9
22801.4
14587.6
9812.22
19592.9
37277.4
7249.19
17112.5
39116.7
18956.2
16052.2
13418.6
15918
9864.64
30086.8
34376.4
13106.7
31701.4
16300.5
9922.6
12035.8
13242.5
17418.2
5052.73
16673.9
32220
36424.2
63250.5
9000.88
12980.2
28817
26761.4
17880.3
9091.68
4699.73
26771
19562.6
12352.7
23257.9
7482.14
28861.1
12656.8
47899.1
16187.5
15818.4
15650.5
14610.2
21474.6
10108.6
7037.18
10999.9
13862.3
31552.4
27361.6
21391.1
18853.2
10928.2
32513.8
10890.2
32777
4599.89
10746.1
31134.9
7327.19
15485.3
17124.4
17223
14638.7
11116
13922.4
14357.1
12940.1
9510.52
29144
25202.5
12841.2
39044.8
12365.4
27354.6
25660.9
30865.8
15760.4
25383.5
30671.8
12646.5
17745.2
19067
5915.32
15220.5
17172.2
12035.3
110160
11499.2
23773.1
9894.71
5683.48
32123.6
6827.22
14254.4
13086.2
12051.3
48324.4
29404.2
19803.9
17448.8
17440.8
12448.6
11625.1
20200.6
27226.9
8863.87
40100.6
13820.1
18205.2
32161.8
27649.4
51234.2
17574.9
22190.6
16185.5
16219.9
13953.2
22664.8
38703.4
14828.5
16343.5
30949.9
36982
29405.8
14643.7
34170.5
49272.8
13824.5
8140.34
24899.6
29373.6
15794.7
14348.7
10422.6
23385.2
30940.1
10375.4
28948.5
12248.6
37811.5
26150
42310.2
11323
28070.2
5111.32
21554.2
8403.62
43989
14973.4
9056.2
18491.1
25340.1
40679.1
10776.6
12245.1
7990.64
12164.1
20999.7
12905.2
6873.21
27597
40070.5
37009.1
8655.13
22133.7
16620.5
8803.91
35902.1
10320.2
5674.03
16432.1
22725
19375.8
10202.6
25393.1
27780.9
17425
13025.2
18103.9
14447.3
20612.8
12649.7
35546.4
9140.53
25659.4
10194.4
15392.8
10075.8
14167.9
5999.91
11770.5
16841
4835.73
6548.97
12273
44226.7
21401
18290.1
11666.1
22554.3
47586
42815.5
23701.4
20739.6
29474.8
18248.3
2707.97
20390.5
10756
16085.1
36391.8
21964.6
34712.9
4596.81
15890.9
15725.9
18882
22245.7
13568.6
14856.8
13682.8
10710.2
32958.1
12696.5
22250.1
9791.31
17040.7
39175.9
28205.6
21543.5
12258.1
10820
12823.1
13525.5
16016.9
11610.6
15226.8
10943.4
15200.4
38639.8
14699.8
28261.8
13658.8
3512.87
17738.8
39564.4
46809.5
15610.3
17894.2
38812
19574.4
26136.4
23726.6
22112.1
12118
6193.29
17257.6
29846
14366
8101.42
17562.5
5589.29
10851.2
59499.6
76579.2
18902.7
13629.3
17091.9
32312
79988.7
16172.3
22390.2
43922.3
6301.62
13987.3
11354.6
13741.4
48495.5
11973.8
48318.8
16955
37686.5
9618.06
10112
26453.5
18002.7
28646.2
29356.1
9216.43
21593.5
11788.6
8727.41
12993.5
14441.7
49385.7
11971.7
14340.6
18023.6
47125.2
20483.7
14141.8
17982.8
11551.2
18200
15534.2
16743.5
14626.6
7652.04
26228.3
13629.8
33541.5
23170.2
6142.69
12190.3
14372.5
9719.71
9367.62
27347.3
15394.8
18121.7
20913.4
18197.8
15224.4
23003.7
19878.9
30378.5
5208.36
17789.3
11921.8
39226.4
8239.03
20403.5
21201.1
9248.17
10948.6
10303.7
30917.8
24271.1
19885.9
29314.8
10984.8
9146.59
14104.1
16859.2
24950.5
12615.4
33601.5
8453.77
13272.3
16849.8
11051
23087.7
17305.6
22778.7
10032.3
4356.69
7402.99
25369
10826.9
37196.4
8953.39
8935.9
22753.1
13145.7
18087.4
12292.3
26979.5
14432.7
26957.9
10581.2
39999.8
23118.1
20449.8
21138.4
20611.1
13345.5
30050.9
14968
5229.31
24894.3
11987.5
17073.7
21949.5
27174.8
18000.2
10915.8
12995.3
31321.6
18204.6
10547.6
10310.6
23583.3
38948.5
15821.3
8183.13
9902.05
17991.3
15316.3
48374
12519.3
16046.3
21073.1
17510.4
13482.9
20211.4
7578.13
11170.1
14571.1
8936.84
15167
12598.6
28225.9
31092.3
7136.83
13433.1
14722.8
48010.6
17620.4
9916.92
13563.6
20031.1
6775.29
25693.9
20128.6
31566.5
28223.2
23102.3
21846.6
13516.6
24000.2
15392.4
65193.1
17427.1
16197.5
31254.7
11136.4
13533.4
24487
25001
10928.2
5470.72
9827.55
7406.63
27571.1
21771.4
11411.6
4264.46
11263.3
25822.6
29060.7
10516.7
21584.5
27543.6
4736.94
11191.2
10414.5
21067.4
41300.9
4694.02
12014.2
25209.1
14628.6
20433.7
45264
5331.24
32631.6
17685.2
22657.1
17623.1
41095.3
11512.4
27429
19328.6
6753.86
14424.7
11644.7
19903.8
22276.9
6406.34
28938.7
7928.6
13342.3
6277.01
25238.8
24887.9
13369.3
13306.2
16579.2
9909.29
18373.6
10900.1
29272.6
26224.2
21260.5
14795.7
35798.7
21636
7459.11
38094.4
29226.1
9789.77
26995.5
29395.6
25004.4
13209.2
47846.8
69056.2
9655.98
24708
27167.5
11420.5
18187.2
11631.3
12920.3
20178.2
20946.8
14388
17307.3
15284.9
31296.9
9938.75
50260.8
11050.7
6125.72
21620.5
26156.9
19359.6
10267.9
16301.3
14576.7
8453.48
24429.2
26990.5
17121.6
27040.4
9881.92
15137.3
16665.4
8410.97
15767.1
34808
7827.98
20759.4
10237.2
20678.3
22572.9
16560.2
21264.9
13179.1
10976.5
24789.6
35861.1
14883.8
10981.2
7355.32
12622.7
9273.02
15433.3
13817.5
51858.5
18432.7
8057.11
15780.1
27187.7
18277.6
14696.4
29083.8
15621.8
18955.5
11127.3
8048.86
14792.7
21490.7
15164.2
25169.1
7263.14
6493.23
26994.7
8285.05
40173.8
12766.9
11992.3
28535.4
40838.9
46013.9
15810
8971.93
25226.7
19691.6
10632.1
13055.1
11760
23360.9
8885.26
11268.4
10465.1
24171
11077.8
106889
28381.1
6996.76
35996.5
9473.56
17537.3
19016.4
11955.4
10046.5
19030.6
12580.2
52713.2
14769.1
20760.4
28254.3
33780.6
16421
13269.3
9322.4
30110.5
28192.5
21179.3
15897.3
47952.9
8731.32
53785.9
11380.6
21115.1
19594.9
9177.57
14594.2
15227.8
23801.2
9166.8
12925.5
12373.2
23520.2
14599.8
23099.2
24816
18663.6
20284.1
19794.2
7281.94
15418.4
5617.29
12619.3
5132.58
17629.9
10717.6
16499.3
11295.4
9252.69
5676.82
6262.16
29712.6
34947.8
17040
26490.1
15466.9
11004.9
27576.5
10867.1
31929.3
5419.87
31041.8
16767.1
16832.2
26521.1
18188
14901.9
15360.2
22881.9
7367.19
14990.4
12160.4
29372.4
20684.1
31516.1
43779.9
14256.4
16652.3
18107.9
21693.9
52020.9
16222.1
18607.1
5432.74
18347.5
19706.4
5852.35
28865.7
9767.77
22373.3
17447.6
66592
19832
32060.9
44488.7
11162.9
18952.3
17972.1
8663.03
26654.5
38715.2
20879.4
31264.2
10632.1
7057.93
16585.9
60254.8
42371.5
27617.9
18811.3
58541.4
31530
15351.9
9571.24
23776.1
10563.7
41899.3
15910.2
13111
17590.2
29086.7
9887.74
8198.5
22264.9
5068.88
26666.6
9804.46
8964.67
21165.7
30957.7
18008.5
11039.8
19072.5
16937.1
19609.4
18138
13256.2
24127.8
27917.6
13090.4
37198.1
20476.1
37650.6
13582.2
11823.6
31362.4
13466.3
11996.2
10276.6
11667.3
8777.37
15767.9
12129.6
11543.6
11042.1
18759.5
5381.94
10463.4
17216.9
40553.7
7035.2
5704.65
18850.2
9531.93
11080.7
26003.5
21011.6
21279.9
14776.8
55947.5
11578.2
13489.6
23663.1
16707.5
17354
27658
5503.57
23033.5
9281.79
9993.06
15004.1
20349.1
9380.72
22468
50781.7
36853.9
7933.51
18851.9
17600.4
24282.6
19219.9
11749.2
14770.6
25732.3
13164.7
26275.3
12217.9
22321.8
26030.2
9859.69
15496.4
56034
20802.2
13518.5
8233.66
6905.51
10347.2
24957.6
14982.4
7910.99
49354.4
14076.1
19572.8
25549.1
60513
13842.7
28474.9
8737.05
8770.16
19767.4
7973.93
7814.15
4674.4
19259.4
45629.5
29253.6
9739.1
17213.1
60026.3
32026
9262.06
34410.9
15270.6
41932.8
25511.5
11029.7
16688.5
11552.5
9296.1
11208.6
16543.1
15545.7
7254.16
39070.2
10438
25186
13548.9
16866.2
18413.7
27528.5
16218.2
9858.25
29858.7
25867.9
10178.1
11457.3
27494
12372.1
19479.4
31517.4
13539.8
26625.6
41783.6
21963.9
16817.8
26751.3
13949.5
10809.4
11117.6
24843
17659.2
9125.83
5152.62
7341.66
16067.5
10613.6
14386.9
43152.7
10845.4
13608.1
32864.4
23564.6
48181.8
27907.8
27485.8
24491.8
34168.1
22088.2
13488.5
12374.2
12168.4
8662.76
11684.7
38089.2
14840.2
16831.3
11331.9
23838.7
23568.3
30805.5
28263.6
16202.9
14300.8
4020.52
25636.4
23653.5
13603
21877.1
26546.6
10535.7
19597.5
27337.1
19004.8
29667.2
6776.86
16133.5
19458.8
17118.6
11292.7
18564.5
28205.4
11007.6
9490.47
11551.4
19230.9
7877.66
15558.8
11793.5
29329
14623.4
19238
14952.1
16772.1
16152.6
10405.8
17953.7
49949.1
8250.5
9094.44
10520.5
17848.2
8844.56
16345.9
9801.17
8145.51
18099.2
11558
11999.8
27009.5
15273.4
17852.1
6459.56
16895.6
16930.2
33561.6
42879.5
33013.1
24903.8
16843.8
16962.9
15844.5
16691.7
23389.7
26350.6
6911.59
21167.5
16145.1
18747.9
10614.5
22957.7
11649.6
19490
9204.4
24919
34246.9
9178.93
14257.1
13596.1
16450.5
17781.8
24442.7
19724.7
12551.7
17877.6
14191
24180.3
31190.5
3848.09
21323.9
13433.8
17157.3
21691.1
11643.2
23141.3
25521.2
7329.34
20584.8
7845.02
20009.5
21308.2
13038.6
12697.9
13078.5
10169.6
16136.2
9448.87
8571.15
8474.98
19873.5
50107.7
13583.7
28427.1
25303.9
10880
33191.3
23468.4
8305.92
21195.9
19842.9
24588.2
36752.7
11130
15426
19108.9
8802.32
16017.5
18732.9
20188.4
14246.2
11855.8
15812.9
16207.5
17604
18236.9
7380.68
14315.5
9862.53
11348.7
11262.5
13099.3
9677.64
11131.2
22854.1
9774.63
46906.7
25030.3
25529.3
9249.55
17901.4
35837.5
11823.1
11405.2
21709.3
17046.3
19788
12390.3
14956.7
23038.2
24423.1
23613.1
34319.3
12664.9
25842.5
30411.8
14434.2
15562
13764.2
22810
8998.12
19964.7
31752.4
24085.8
8407.69
37106
24900.8
31228.4
14925
4094.77
35495.2
25156.5
8064.94
22486.2
7126.02
32922.8
15884.6
12195.7
15080.7
17145
19607.1
9540.46
11421.2
11369.7
32431.2
23743.8
12495.9
20444.5
13373.9
6632.78
12290.7
9734.49
21691.1
13863.6
13195.1
24452.1
28438.5
17351.7
32808.7
12394.8
17028.4
46190.3
29013.5
48620.3
25720.1
6564.2
34252.9
8811.21
18260.5
16079.5
51086.9
19988.7
21003.8
37619.4
32155
10475.7
21985.1
26206.9
11500.8
23726
18662.8
50193.8
22015.8
20090.9
14600.7
23420.6
13506.3
23998.2
11090.1
7750.27
22698.8
7805.11
9478.17
13026
18005.3
20566.7
17054.7
15452.2
68413.2
29760.5
20488.5
9110.42
39669.1
14957.6
14977.1
4493.03
39396.6
16863.6
21682.3
5692.97
22402.4
22593.3
25083.4
7987.84
38652.6
21594
23906
8374.18
12226
5793.9
12870.2
27404
16348.5
11088.5
14909.8
31639.2
9735.33
22594.3
29702.9
17275.3
34163
18120.6
20938.9
18837
10700.5
8983.88
5325.78
22963.9
10518.1
18119.5
11970.1
24629.5
8686.04
7159.26
10545.9
14635.6
29137.4
14027.3
34625.8
26625.3
18184.9
17903.7
10255.6
13534.4
13385.2
8550.58
15717.3
22190
20863.5
33702.6
22215.3
17266
9263.26
5185.21
18707.9
15057.7
12406.7
11397
14786.4
12422.9
18917.3
11207
12189.2
8907.23
25683.2
11861.9
10677.9
17918
25116.4
28693.2
30264.6
8136.38
16237.2
25602.3
18805
18716.9
18083.3
13906.7
19833.6
33024.6
37529.9
13585.2
2901.27
11232.7
7857.72
16840.4
14627.2
14617.3
26324.8
17480.4
10963
12819.4
9797.22
15664.2
13345.9
13759.5
23963.3
19597.5
6272.18
18821.5
23776.1
19094.4
12399.6
19579.2
18488.3
26846
36430.6
17309.6
3731.6
12422.3
21027.9
11511.6
21327
22496.5
23924.2
19683.8
22750.1
5013.69
22174.8
43270.2
12344.3
18647.2
37998.3
9914.75
10171.7
35277.6
39936.8
42408.4
27495.8
16092.9
30088.4
10234.7
16363
11567.6
6083.38
5483.37
11666.2
17237.1
21981.5
20145.1
10117.7
22090.8
9802.95
22246
15242.8
25217.6
17876.9
12339.2
24540.6
17990.1
8610.07
9207.53
5937.77
12936.6
14572.8
26848.9
13415.3
25883.1
21141.1
20908.8
12437.7
19555.9
10057.9
16689.6
16365.5
25400.6
13806.5
39487
22189.4
15550.1
27535.8
6614.9
17561.2
7685.84
24230.3
8982.59
8681.36
4594.86
10014.8
12884.4
33499
25848.1
22464.4
12698.9
13937
17622.9
11062.2
6336.52
14007
11730.9
24900.3
26094.6
16870.2
14231.4
19916.1
19321.5
10744.9
21980.3
35732.4
16814.8
46718.3
33984
31779.3
7008.08
14516
31700.4
26661.1
22571.2
21604.8
32545.3
22516.8
14349
51006.6
37433.7
39585.4
15816.6
13913.6
16954.5
5725.43
30163.9
10144.3
11770.2
16239.3
20572.6
6773.43
6391.12
11389.5
13322.8
14392.6
66093.4
14537.2
25350.8
7551.82
74146.8
15713.9
23132.7
5355.52
7347.73
8424.79
39126.3
14032.7
15874.9
19236.4
48086.6
7032.26
41051.7
107717
11328.5
32176.6
21188.5
7516.95
19962.8
19302.8
36513.2
69224
37843.6
25034.3
27407.9
21930.4
21123.4
28833.9
16142.8
10390
46371.3
5929.24
11542.3
27323.5
29786.8
28156.6
29691.8
21743.5
22172
10385
10372.4
8805.95
4854.85
33221.9
10408.2
9430.29
33808.5
16829.2
21962.9
32877.7
10378.1
9167.87
11253
36987.6
11578.3
18113.6
9011.19
21235.9
18840.6
21293
15244.1
30074.1
20979.1
32787.4
36574.8
7587.83
17439.8
26076.5
12047.7
37773.9
26468.7
16100.1
30699.8
14515.1
18880.2
41454.3
23290.3
14459.8
14267.1
29555.1
15882.7
9654.7
15676.3
22329.8
10599.9
14848.1
8916.87
31422.8
47600.1
12342.1
10877.4
10871.2
15148.8
43474.1
17130.1
14449.6
20511.8
16060.7
14497.2
13867.7
23627.7
10968.9
37090.1
24448.1
14671
21942.2
10979.8
17686.5
25318.8
24132.8
7842.8
33638.7
5938.7
29494.2
27625.9
20619.2
30586.8
6855.65
14347
15039.9
10121.6
19999.3
16765.9
32095.5
43369.6
12207.2
40009.8
16079.9
22299.8
11419.3
15582.1
13672.8
6933.13
8644.46
10787
15425.1
22470.3
8514.48
16987.3
24467
8530.03
14733.6
15650.8
18114
15544.1
14085
8391.58
13579.2
13450.4
24824.1
15207.6
6677.68
10471.2
22548.1
14596.8
10663.5
13184.3
13485.9
6747.02
13619.3
9239.54
12892.1
19915.6
16860.6
11095.6
42648.6
33887.2
8960.17
23908.5
11646.4
10098.1
23819
22161.8
17273.1
20366.3
23573.4
7741.27
19315.2
22166.1
22915.9
16445.3
19419.2
41627.1
15565.8
11293.4
35748.2
18361.5
7032.71
33287.2
20275.5
26461.6
15587.4
9682.49
9347.34
16405.5
12914
18850.1
9100.57
8444.44
10715.8
20626.8
24098.1
8085.22
13637.7
17221.6
7702.04
16887.6
19882.2
15976.2
22223.7
22669.9
26505.6
8028.91
12967.5
11572.2
12466.6
30428.7
11382.6
21724.5
17932.8
24990.1
13033.9
19682.3
15640.3
10340.3
21094.6
26126.4
22119.1
41300.9
28287.6
17851.3
23846.4
10898.8
8050.44
13714.7
9939.17
29526.4
47401.3
12460.5
15309.6
24832.8
8930.92
6000.09
11810.4
11578.8
12003.5
8700.96
20391.3
29762.1
13178.5
14935.2
23831.4
9363.98
15215.2
5958.15
17388.8
11192.3
27497.6
12190.1
20276
17201.6
16353.3
19746.5
28442.3
26290.1
11568.3
3777.63
22477.4
24584.9
10670.3
15003
20561.9
13469
27006.7
6084.63
12539.5
19489.3
11400.4
30919.6
23005.4
26213.6
13606.2
17243.7
12916.8
34488.4
19182.4
4410.84
5208.31
12751.1
33591
14155.2
13852.1
20131.7
9554.98
17331.5
47761.9
4760.91
9860
14783.4
42553.9
11348.4
21389.3
10032.7
10292.5
24254.1
41687.8
13918.6
16761.5
10537.6
5770.8
17688.6
24453.2
13600.8
10552.1
18476.7
11235.9
14555
9902.34
14126.9
9371.21
9545.4
10262.9
7993.75
19658.3
28495.1
19431
12031.2
18457.1
24231.7
24867.3
19428.7
10469.5
19635.6
8428.04
5673.89
7090.54
6465.58
14338.5
19659.8
25761.6
11566.3
19131.4
20411.4
18863.6
19017.1
22659.7
25091.5
29995.5
16340.9
9095.67
16724.2
21314.8
100795
19726.2
14340.6
27605.6
26111.1
11361.8
21270.9
22794.2
25438.7
16126.9
31565.8
16292.8
35611.7
7552.31
19233.8
16601.8
19218.9
9248.16
50336.2
15299.4
11652.1
5764.22
22854.7
15235.3
8668.69
17193
42586.2
34151.5
38096.5
6141.22
29020.7
12279.2
15768
12140.9
13933.4
14042.9
9834.16
10533.6
18642.7
7693.69
13185.5
28094.6
4117.65
8384.55
7787.11
13872.1
11932.2
27615.7
19055.5
27647.1
14010.5
8367.59
15772.8
9553.58
42781.3
16879
8660.05
13455.2
17313.6
10925.8
23351
21675.5
19303.4
5764.02
16736
14504.1
24344.4
11084.7
28305.2
14551.3
8714.13
8310.81
31322.2
26764.9
17604.3
30433.9
10447.6
11710.5
7636.63
33728.1
8475.91
39722.1
13742.6
16147.8
11005.3
17222.8
31170.6
41845.1
39893.9
14932.6
10820.8
14866.7
11433.2
13857.8
15191
7555.29
11935.3
22163.8
11076.8
16135.8
10284.1
7346.09
18053.2
17910.9
10789.9
13750.7
18673.8
11484.9
19315.8
14546.9
15593.9
12859.6
24462.4
12452.4
9470.78
15643.1
5414.8
17236.2
26645.7
9029.03
40249.5
22663.4
6617.88
11810.8
10636.8
12771.3
34485.8
19389.6
18331.7
17935
18685
46580.2
12833.4
7976.88
36831.7
12624.7
6382.68
31492
21896.4
15556.2
24598.9
24429.6
12900.3
40215.3
9945.58
25065
27705.8
9916.87
18251.7
13390.5
32504.7
41593.6
9978.79
15689.6
17539.2
25042.4
7862.84
24693
18636.3
16010.5
18210.8
15150.9
17889.7
4521.13
23815.9
22683.8
15546.7
12468.7
16180.5
25291
9424.26
23265.8
12917.3
16427.8
19750
9109.8
12692.1
29133.1
12200.7
9873.32
13361.2
19423.8
16473.9
25380.2
8471.99
26546.1
16667.4
12032.3
9504.15
9418.84
46208.5
11662.4
10570.2
13425.6
21657.1
15706.6
27620.7
30605.5
18088.5
11772.9
16071.7
35418.8
23128.9
13264.3
22589.1
44376.2
9468.89
14912.7
15125.9
10727.7
11068.9
4189.49
42066.1
33235
25186.3
10173.9
9278.74
17430.8
36685.3
6621.51
20306
10253.5
19976.2
20854.9
14027.2
15590.5
24283.1
11269.7
17102.7
24034.3
28624.2
27855.9
21393.5
17202.3
18731.3
21650.6
8600.9
12476.4
20705.5
11138.6
15976.1
7818.67
6806.28
15730.7
22863.7
23251.9
10854.4
21524.2
8696.97
9883.68
9849.65
27811.4
15760.1
22160.1
18034.2
12692.6
22059
12544.2
8109.99
19944.9
11330.8
22040.3
28473.9
38686.6
20133.7
13646.8
29023.1
13860.6
13655.5
11301.1
31414.3
24163.8
14949.3
21465.6
13001.4
18164.5
12052.9
29066.6
28506.8
38358.5
12984.9
33821.6
20286.8
10381.3
34046
11996.8
27926.3
8615.8
14640.9
15114.3
22077.1
9980.41
20064.1
8436.52
9731.58
18607.9
6830.17
18991.6
25441.3
20338.6
12396.9
34797.8
12632.1
41872.9
11232.2
15296.4
26637.8
22130.3
9000.49
17969.6
37290.9
13554.9
26227.7
7236.7
11741.7
7772.89
7556.75
7388.06
8317.95
20514.5
24369.6
24784.7
15624
20410.8
10030.4
18542.3
11486.2
10359.7
34542.8
19056.8
24961.5
15027.2
30996.1
25357.8
8042.17
15656.9
6893.82
9987.97
13438.7
13051.4
27200.6
8830.69
19533.5
14476.2
15158.7
22411.3
22143.1
25875.8
13205
17826.7
11930.6
33875.7
47352.9
22624.6
15953.5
20434.2
16083
9479.09
9455.76
21407
37944.9
17120.8
14733.5
16074.5
16875.9
10133
23470.8
15095.1
19353.1
20903
42710.6
27377.3
9302.28
24278.4
19171.2
25574.1
16838.8
18596.9
12869.4
36381.4
7905.15
51211.4
31538
13083.9
24237.8
11896.2
11146
50317.6
6873.61
9406.94
7269.04
21128.4
19616.8
21780.2
59402.1
7917.06
19074.9
88969.7
16530.3
17519.4
20729
8794.35
16469.6
8393.22
19842.8
7707.7
6497.17
11807.6
13243.7
26028
35164.5
25309.6
10041.8
28655.1
25342
21189.5
8253.06
14300.9
7203.17
31903.8
15429.6
16238.1
11316.3
7289.93
33730.9
14229.9
13018.4
25467.5
7107.36
5690.8
20493.4
39025.5
15436
16311.2
9090.31
12238.4
11749.9
9368.65
17928
13798
10236
6871.8
19672.6
30701.3
26936.2
20168.4
25605.3
16151
44956.8
14584.5
23358.3
17683.8
19000.3
12306.5
31203.4
14259.7
27156.2
21440.3
12479.5
9129.78
13602.5
26738.8
20424.2
23596.9
32867.1
27267.9
15337.4
11508.6
18402.8
32224.1
26282.1
29766.1
15876.7
9938.02
7044.73
24875.4
7520.72
23663.8
15154.9
10490.6
22495
23528.3
15557.3
6288.22
8971.37
20080.5
10729.8
7870.2
20651.8
20617.8
25151.3
15249.5
4899.09
18339.2
10510.6
10390.3
9153.24
38557.1
14320.7
37296.4
13600.7
11281.1
24771.2
24055.1
12613.4
16209.1
12961
10346
10014.3
8077.57
10881.7
15385.7
19730.6
13464.4
36901.3
11455.3
19732.6
7371.97
16265.4
19460
38867.1
13005.4
6624.83
7605.7
22731.1
13103.7
30619.7
12374.5
8723.44
8111.94
34856
25149.8
31877
11810.9
16177.4
13566.3
12838.4
46904.2
15776.4
12818.7
16220.8
14324.6
37394.9
15501.9
7560.37
14961
14035.1
11829.2
13407.4
9405.66
15811.1
19829.2
18973.2
9501.99
10733.4
25810.5
35290.2
20081.2
11631.4
20154.9
15030.3
18883.8
27482.9
19674.9
27526
15326.7
32001.2
27658.9
8334.07
14583
15569.2
32633.8
9901.42
17675.2
15491.7
26538.2
28187.4
17464.6
16524.5
10648.5
4786.33
21329.2
79569.8
5212.83
23894.7
7667.2
10036.5
11142.4
31308.1
26507.8
4626.59
19144.1
40095.5
9396.3
13285.3
15188.6
49397.3
12534.2
11267.5
21061.8
6991.48
11413.6
14329.4
29444.4
28264.9
22572.6
26330.2
8812.91
8205.1
12059.7
7510.73
9229.77
39928.6
6185.72
19150.1
12885.1
30511.4
13916.9
22450.1
22076
11943.6
12154.8
14393.6
11497.6
21399.3
44542.2
16790.8
17877.1
23125.9
21943.1
10900.2
9726.04
18053.5
11352.6
19513.5
10462.1
25814.4
30916.8
15056.6
8638.89
13653.3
6766.56
12266
13998.7
18570.7
5945.09
25809.7
17126.9
11359.2
22854.7
16496.8
8673.46
15908
8197.94
16329.7
43310.6
28931.4
39876.5
8331.7
19582
19455.1
15751.1
16454.6
22661.8
10864
7048.79
12954.4
7450.81
13519.3
5041.53
24126
19382.6
9018.85
19463.1
14833.4
9258.91
31516.9
13399.8
18042
8303
29791.6
12605.7
33439
42130.6
35266.8
11302.1
13434.5
11845.2
15566
19038.9
18041.1
21679.8
9392.26
11140.4
14576.8
6705.88
13123
21546
9718.27
29216.6
18767.4
33359.6
23384.1
7559.07
17855.6
5781.98
18752.6
16471.7
11136.1
19482.4
3894
25911
22367
18013.3
22508.9
10011.3
16740.3
7001.43
8821.07
10690.8
43776.1
31638.4
44751
20619.9
5583.66
7829.66
12214.7
8151.35
19751.6
31161.7
12094.3
15990.1
10042.8
15532.7
8714.12
41338.5
24180.7
15216.4
13143.7
8115.31
11683.3
15313.1
44826.7
47092.6
13935.7
12639.3
43308.7
26200.4
9520.11
13483.9
26170.6
13223.3
9777.39
20608.6
34446
18789.5
15745.7
17507
18320.2
10724.9
17026.1
24489.4
34290.5
5616.26
40368.8
17828.4
20204.3
17533.9
20142.7
20514.6
25840.4
52577.6
12824.5
11901.4
14513.5
26198.3
11092.8
12173.4
24311.3
23879.3
20832.1
17348.6
25365.9
18166.5
20009.4
7578.86
31657
17442.3
7203.96
27767.3
10591.4
9642.67
59047.4
19728.8
20050.2
35071.9
6267.13
6546.38
22061
34046.3
8541.7
20549.5
11385.5
10537.9
35290.2
16304.8
38309.5
10904.4
14638.4
12838.3
10590.4
7815.72
8596.34
15218.4
27356.5
27614.7
59592.5
11966
14239
19402.1
7504.8
11466.1
12695.5
52058.7
19883.4
40418.5
12161.6
42262.6
6125.15
11531.2
27469.9
10170
13235.9
19685.9
7576.81
10267.6
33845.8
13070.7
12714
70643.2
12311.4
25105.7
18135
19382.1
23172
9013.37
9441.86
24775.1
10762.3
17830.2
34422.1
9304.23
7499.61
24661.2
20200.3
13180.5
16575.7
14317.5
18602.4
40336.9
30289.5
15616
29818.9
18068.4
31042.1
14880.1
20559.7
17803.8
12698.6
12575.9
28078
17626.9
61462.7
22724.9
12197.2
14907.9
11678.1
8993.57
3954.31
9660.13
21062.1
30732.3
18830.5
26879.4
15490
7934.27
15536.2
16358.5
24954.2
13340.9
13300.5
9773.08
24476.9
18485.8
21882.1
20305.9
10173.5
12952.7
38582.7
29825.3
17767.3
12023.3
20820.2
8680.24
56364.3
13283.1
6856.97
14007.2
11751.4
28107.7
21765.6
17676.2
18349
8301
12338.7
22924.7
10244.1
21618.1
8402.99
6979.68
16219.2
18632.1
23053.8
19165.2
12200.4
21080.8
18280.1
20576.1
33593.4
22610.1
7263.36
12498.1
53108.8
12635.8
31132.5
29309
10577.8
21828.4
7958.73
16406.3
16411.5
13847.9
14872.7
33380.8
26324.5
45936.1
5103.72
32672.5
17316.5
16555
10933.8
29098.4
36555.7
21399
15479.9
19199.8
40540.4
9937.35
10812.9
9671.89
6062.73
12568
16268.6
16341
31291.2
9258.16
73504.1
7668.72
18287.8
5997.11
16871.4
12665.1
19020
7364.38
14351.2
21260
32846.2
10578.2
16200.9
26690.7
21662.7
36936.4
25376.4
26921
10811.3
8333
33338
5102.39
51905
7758.83
23044.6
3927.82
13212.7
17356.4
24011.4
11904.7
6036.13
13469.8
16303.2
37972.5
9652.39
15595.2
54019.9
34847.8
11580.3
25302.1
21964.1
10508.6
9326.11
4804.66
7756.9
26247.7
19436.4
11242.6
35610.8
25774
18000.3
33407.8
22012.5
7520.62
9359.51
42182.3
16565.9
10662.1
21307.5
11137.6
12241.6
20283
18515
43547.4
7435.42
31795.2
44876
21958.5
8547.65
18387.3
18762.7
14879.2
4329.28
9774.72
8431.52
11768.2
10057.8
3363.18
23589.2
7745.71
17032.2
21769.2
10847.6
17063.1
20620.8
31788.5
25189.6
18801.3
13574.6
6043.95
24415.7
15342.4
17238.4
7420.01
24606.3
13843.7
9609.89
19382.1
11765.7
20321.3
31636.2
30045.6
8619.86
11884.8
13525.9
19088.3
61253.3
15847.7
50064.7
26599.9
20769.6
7056.9
28779.9
7123.62
10230
5542.11
63144.2
19874.9
18380
12106.1
8410.17
18078.5
48929.5
32479.2
8030.77
13059.5
26815.6
16613.5
20111.2
18470.5
8745.55
30370.4
11283.8
10624.8
14447.9
7150.55
40355.2
9742.5
24690.2
8481.11
11786.4
14812
38291.5
32654.3
45096.3
14635.4
11716.3
4430.59
28854.9
42346.9
19229.8
26415.6
18407.8
16244.3
10935
9561.08
7452.26
13049.7
13428.3
20333.4
34079.6
35012.8
5722.69
36057.5
13175.8
49615.1
85435.9
14094.9
22765.9
15146.1
27107.1
6445.81
9258.91
17139.9
32607
10652
21589.6
5364.84
24082.7
7590.95
9950.98
32868.5
31649.5
18504.1
25772.7
14494
38977.2
13265.8
18739.1
20933.9
11191.7
38163.9
26134.9
11786.4
22832.8
13833
26289
6751.73
7855.68
9525.91
15156.3
27800.2
50480.7
21577.2
14759.1
7934.46
13550.9
11672.5
18239.8
32852.1
15112.2
55487.6
39438.4
40120.5
8715.85
35761.2
22673.7
22934.1
7073.3
8687.05
13913.7
12986.7
21899.6
21649.5
18051.6
16584.3
15803.6
22366.9
28081
28494.8
26438.7
16669.7
10903.1
11399.1
31396.2
14320.8
32618.7
15938.2
23421.7
38317.1
28542.7
11007.4
30667.8
13140.9
30753.7
12333.9
24285.4
12254.7
21733.7
22458.3
7094.45
15686.5
20098
7396.35
28396.9
17551.2
17892.9
12119.4
51021.1
55724.9
92166
9217.41
17672.6
29961.2
20298.9
26329.2
13308.6
12351.5
7957.94
24307.7
14819.8
9273.78
33039.5
25199.6
16116.6
20493.1
36930
24918.6
12210.7
10857.6
39609.4
25847.3
14915.9
34852.3
30236.9
6875.95
48357.6
10575.6
31952.7
40801.6
30900
10596.5
7017.58
46194.4
23430.9
26604.9
9753.21
27078.8
8545.35
14040
18205.1
32063.4
18145.4
26996
19475.3
42632.1
14208.4
28585.9
18580.3
12617.6
11062.2
18933.6
48364.2
6754.66
14201.9
18914.5
26872.5
18535.4
10165.4
15960.1
7047.62
26730.8
10174.6
9913.28
21402.3
38868.9
22182.4
35877.3
42789.6
24693.2
15540.5
14183.1
19233.5
14132.4
18508.4
6850.14
5817.99
8668.09
5308.3
13394.2
9765.19
25810.5
25757
15949.2
13584
15084.7
9904.62
11189
10463.9
18166.1
15657.3
19537.2
20383.2
14888.2
12765.5
14078.2
12116.8
31496.5
13559.8
18991.1
8714.01
12840.3
26098.3
11721.6
26211
21907.6
11869.9
14920.3
5869.71
7989.56
21302.7
25029.1
11174.1
48513
18476.6
19288.6
9445.28
17087.8
8475.98
45101.2
47834
9140.81
4313.94
9266.16
12641.1
21931.3
13210.6
22426.3
13238.6
30706.5
25168
6705.15
25219.3
28026.3
15368.8
15247.9
29550.3
85799.3
12324.3
13702.1
9386.64
29915
9976.89
20846.3
14529.3
16871.3
12355.9
46311.1
19866.9
13731.1
22108.6
10771.9
22032.8
23836.7
45657.5
9894.78
8249.77
35668.7
32936.3
18517.1
28613.9
25596.1
23323.7
14167.5
13924.1
12788.3
19134.2
15589.8
8941.77
9933.79
19698.6
38113.3
8846.87
8543.55
16286.4
15207
16968.9
24129.1
9947.49
12117.4
25807.6
13476.2
26792
19506.8
15865.8
10032.3
10866.4
22665
17907.4
32716.2
22218.5
6778.36
14936.9
13028.9
20876.9
11391.4
9440.32
19630
7920.8
30486.6
41069.8
13189.6
11604.8
8567.27
10874.6
22222.2
17752.2
34506.1
13019.5
12141.8
14951.2
12141.4
28352.3
28952.3
6956.85
9123
12338.4
10055.8
10570.6
16633.7
10910.8
34260.6
11910.6
24116.7
11647.7
6614.21
36481.7
8484.65
34513.9
28293.4
11442.7
21456.9
15704.6
36127.1
36769.8
14726.5
37910.2
23397.7
14600.8
17251.6
51650.9
6350.55
6077.58
16760.2
25632.4
17448.6
17801.5
15047.8
66279
6610.46
10748
13636.5
10356.8
12770.2
14902
7302.26
31322.3
23280.4
9423.81
7435.87
20814.9
9538.93
13618.7
12851.7
13166.3
27985.8
7240.46
12232.2
58073
12146
10178.1
15164.5
16011.5
10100
15149.3
22014.4
37801.8
22487.2
17845.9
5466.53
6908.85
40234.7
6488.81
9482.59
25352.5
19493.7
17914.9
10577.9
14604.9
13319
25070.3
7634.18
15584
9100.81
9874.54
23278.3
11521.6
7777.58
42181.9
55064.8
22282.4
45774.8
31802.6
35157.7
18782.4
10496.3
41853.3
19298.2
21228.3
14257.2
14768.8
15009.9
24389.5
7605.2
12427
22711.4
9960.44
25514.4
13395
8758.93
15036.2
11749.9
58277.1
20057.2
15674.3
9243.23
29124.5
22489.2
5811.29
7851.8
26386.7
17673.3
10653.5
18195.1
31634.7
18074.4
25975.9
18636.4
17885.4
19838.2
8870.4
27697.8
22016.2
19982.3
15536.6
29230.9
14132.4
19959.6
16212.9
33616.5
18060.3
9465.19
33862.1
35017.5
11249
17584.9
17693.7
12356.9
27468.6
8844.05
7525.68
14901.9
21559.3
20344.1
6632.97
19229.2
20685.8
10382.6
10912.8
14038
7331.18
9578.65
19545.3
15796.9
21064.9
7444.42
10708.1
15692.3
18166.5
46009.4
13452.8
12902.1
33700
33670.2
22940.4
26531.1
34667.1
14687.5
42310.7
19994
25381.2
23138.3
6975.57
6976.64
49551.2
