5437.25
28175.9
6542.75
11418.6
14577.2
4843.75
11680.5
13974.7
25136.9
8626.11
24601.1
29194.6
9489.7
15366.5
24049.7
10645.8
28289.1
10622.7
19457.3
10547.4
15264.5
18406.5
31927.6
12186.7
8538.14
8473.5
8237.13
19685.4
12618.8
14136.8
17504.8
10947.3
10736.6
12878.5
8755.51
11279.3
7940.22
6778.15
7530.69
8081.53
8843.05
4663.53
8231.04
10960.9
7414.68
17084.1
8399.03
13633.7
14867.3
4582.08
24678.5
19768.9
15509.2
13338.8
17802.6
32362.3
13829.9
13185.5
5683.52
13119.7
18485.3
8056.66
14375.2
11128.7
26101.6
7936.7
12517.8
10074.6
11230.1
14486.2
11165.3
14595.5
9103.34
16285.6
13765.3
5840.93
9937.22
15985.6
8590.13
10467.1
7813.37
22013.2
16980.4
7070.77
21578.3
23433.8
19907
10606.9
26877.5
17329.5
6477.68
6262.18
11785.4
9766.92
39553
6224.26
14200.1
22764.6
13171.1
16564.8
19283.9
12216.7
15989
22393.1
6329.01
9739.72
8392.91
12171.7
8437.08
5916.83
11044.5
9472.6
15497.8
23785.5
9259.08
7375.71
11676.4
12000.8
11914.5
4430.77
13542
4636.48
24265.5
7499.85
15613
15641.7
8842.71
16249.3
6593.18
8958.14
13360.1
12906.9
11182.9
19554.1
26492.7
34541.5
7523.73
20191.5
10820.8
8330.42
13465.5
10303.7
7122.19
6235
26190.7
4582.02
10943.1
7854.94
11906.6
12027.5
9996.14
14021.3
12263.7
11227.2
6720.28
7952.27
14662.4
6833.61
13624.2
15668.7
8940.97
7448.44
12696.4
4342.35
7249.03
6129.29
13035.7
12741.6
11462.3
4818.97
9545.99
11817.4
5373.75
10762.6
39408.3
6531.16
12679.6
5186.45
25680.4
15660.6
13814.9
13365.5
16208.7
10727.6
11342
12832.8
22745.1
13258.4
15531.3
7876.99
13106.7
11470.4
15952.5
6193.52
68698
6722.53
4133.35
21784.3
7117.11
37729.8
8714.85
12498.7
4751.88
8499.56
8190.51
17227.7
10952
11670.7
19637.9
13621.9
7395.65
7769.72
30138.4
19210.4
13319.2
11138.2
29631.4
21145
18831.3
19253.1
12976.2
10795.9
11137.5
12950.1
9194.5
7503.79
5933.2
15732.8
7815.8
13955
21388.7
19201.2
9699.4
18443.8
7181.97
11905.5
11206.6
6147.51
10152.4
33736.5
6783.43
10018.1
6214.49
7179.38
9293.82
9878.39
8210.71
8318.98
11775.7
18251.3
18663.3
9598.42
4737.04
14630.8
13044
10239.1
8006.95
9570.23
17584.8
15705.7
14346.5
27088.2
24026.6
6434.5
5736.35
15370.7
16834.1
9904.3
10570.5
13132.8
15408.2
12403.5
9998.83
10559.7
13514.1
3063.04
30211.1
45102.3
8830.6
17741.2
12919.2
12920.3
13306.2
13659.6
10763
9046.81
10006.1
6281.24
14625.4
17171.2
14509
9804.44
12565.4
15264.9
7375.09
16068.9
13054.1
8178.77
11305.5
16514.7
14628.1
9173.72
9238.31
5190.68
7688.76
19901.2
22577.6
10375.2
15799.3
8633.49
8183.39
21656.8
8374.86
32647.8
9399.45
10431.3
10317.3
25831.9
12266.6
7825.14
7377.77
8048.83
7549.62
5602.08
6043.39
9973.82
9112.48
14404.2
7780.7
13465.7
21796.4
16033.5
11073.8
12975.9
21129.1
8389.94
30069.7
10182.6
7393.62
28042.6
15928.5
19795.7
17059.5
13473.7
18931.2
25747.7
11237.7
14769.8
4173.6
31687.8
51558.9
45192.6
12492.2
19374.8
8213.67
8747.95
11259
39069
7605.8
9335.36
24833.1
10761.4
12984.4
7084.48
12539.1
9359.39
12329.5
8569.99
5717.12
14173.9
11801.2
31443.6
12272.2
16479.2
7603.68
17156.6
8892.13
8216.1
10524.1
10934.7
12555.7
27440.9
17057.4
9621.74
8884
20102.5
14305.5
10466.4
17165.5
20565.2
6605.9
13908.9
14410
27950.8
5048.68
19900.7
7063.59
18863.2
9610.52
15632.4
24267.1
8363.1
14809.4
5672.28
49122.1
23383
22343.2
8526.02
8911.56
7247.8
16244.8
21686.6
5634.13
9066.33
26725.4
9887.14
16666.2
19914.9
15391.5
11296.4
6284.08
10628.4
7853.92
23594.9
15111
25486
12321.2
7242.47
4664.35
8016.08
13318.8
7782.57
13829.5
7058.42
10795.9
14300.9
17700.9
9794.31
28278.8
12287
11835
10710.4
16320.9
14189.5
24193.7
8790.82
8501.24
3776.22
14936.3
8376.05
25370.3
12460.5
10376.4
8941.86
8232.58
7843.37
13814.8
15265.8
11705.1
8597.39
11231.7
10440.5
12171.3
5834.87
13477.9
9328.87
10797.5
8147.57
18830
12293.5
9092.28
21125.5
27039.7
10567.1
10034.9
26772.9
6519.67
21308.5
17191.6
6136.56
24147.2
10976.9
7036.87
15446.1
15443.5
16103.7
14609.4
6787.14
6371.76
32453.8
21639.7
5898.67
9679.75
17109.2
29378
10171.5
6748.89
34389.1
9772.6
20889.5
5234.07
11886.1
7646.27
19986.3
8503.77
5764.49
16251.1
17763.3
26416.3
23787.6
7493.26
24371.6
51860.2
6381.49
6987.75
5719.25
19128.1
17678.1
3542.16
33263.7
16644.3
16730.9
16807.4
12291.8
10428.7
6514.51
4669.79
14053
14953
32350.1
4622.43
15494.4
13526.9
15250.8
11773.1
11963.3
7054.07
15727
5926.51
18730.4
18157.6
15373.4
11482.9
24911.8
10138.9
12946
19819.3
15054
3652.38
13903.6
11797.3
8039.08
12177.1
13478.7
16162.8
37083
14022.7
9351.25
15957.5
9627.5
9827.31
6755.62
10427
20822.2
8162.9
17336.5
15375
12705.6
11387.8
7514.98
26030.4
9103.06
16897.8
8785.12
6609.08
14390.7
10590.4
25042.5
34684.3
6696.76
6463.65
11722.7
6341.93
9671.05
5427.84
10929.3
33610.5
17443.2
20613.6
17000.5
44467.8
23532.8
11332.4
9554.65
11107.5
13608.7
6031.35
11358.9
6756.38
9140.54
13993.5
13465.8
9232.24
12714
6942.19
13770.2
14355.4
8655.19
14046.9
14307.2
25300.5
7531.91
8343.16
9233.75
10234.4
3696.23
14013.2
9980.68
16275.9
27445.3
13311.2
33564
19643.1
14189.1
8871.8
37967
11742.1
39473
7389.1
8173.86
29520.9
6427.32
10676.6
6231.73
9333.43
13318.6
9921.45
13685.4
9668.04
9809.75
6326.52
12967.2
24195.1
11685.9
30042.1
6077.74
12260.6
7360.68
19101.6
12157.7
27217.1
8437.74
11889.4
9265.08
9129.75
19817.2
20191.1
15724.1
7392.16
10648.7
12509.7
6965.05
20962
10338.4
5362.77
16409.5
13479.4
8137.3
16650
29509.1
13929.5
26696.4
13455.2
10711.4
11888.8
8527.91
22967.7
11978.1
11756.4
7558.34
13613.1
39488.5
17730.9
27583.6
24454.4
21128.4
15074.4
11225.7
19335.8
10246.7
2898.49
10882.4
5859.64
15368
6918.24
14825.8
9343.92
37144.8
9431.99
9076.5
14014.8
22043.3
7523.3
32354.8
39433.5
7594.17
26895
10587.4
23773.9
18573.7
9873.05
4661.04
16538.6
6141.71
23365.5
5431.42
20121.4
21478.9
7878.76
14265.8
6891.06
23985
6496.45
17351.5
11206.2
6793.46
12938
13646.9
15478.2
24391.5
23435.7
7632.19
17147.4
12749
10579.4
13379.6
15670.6
12176.2
13328.1
14435
8223.38
8202.95
14047.9
5790.99
27846.7
20539.2
7143.73
20240.4
7776.93
13900.1
36463.3
8184.92
10645
20689.3
12054
11774.8
11717
12808.9
9982.41
43304.2
12378.2
5116.68
27210.9
13174.8
7977.69
12185.5
14621.7
17635.4
13259.4
9692.81
8302.07
7961.36
19231.5
5802.49
8391.47
6223.15
8488.03
15229.9
5596.85
19825.5
13085.9
8623.98
10171.2
12891.6
8300.58
14873
35011.1
10923.5
16229.7
20830.6
8494.15
13883.2
18217.2
9708.35
10834.8
11144.4
11392.7
20848.3
29596.6
18974.4
10664.3
6274.55
12092.2
18584.5
15678
8324.46
13917.8
16612.9
12274
9270.69
10541.9
7531.48
30007.7
8087.43
33784.6
7920.89
11016.4
8685.22
5842.8
7817.66
12632.9
10131.8
17223.6
10505.6
11281.5
17705.5
19699.7
23262.7
17648
9429.62
5675.12
10147.2
19373.8
18838.9
10741.4
30797
10701.4
8166.42
20249.8
9608.32
13588.7
13180.5
14475.9
18596.6
13442.4
6239.19
12569.8
15949
12496.4
15924.7
5905.3
25886.6
14576.1
25354.3
12999
29135.4
26971.9
23590.8
11484.4
6258.57
10504.2
9542.85
16552.1
8417.8
5363.76
27619.2
10961.9
28063.7
7395.38
18436
19907
24366.3
18018.4
7945.38
8539.99
26110.2
13064.9
6565.38
18962.7
10953
7503.34
9210.96
11473.9
21906.2
10339.9
10153.6
10893
7115.67
27729.8
7765.88
7038.24
10870.2
16021.9
11663
12908.9
11259.1
9617.03
23816.5
3707.39
9755.82
7409.09
5289.64
8972.24
12096.2
20022
28427.4
10513.5
16690.9
11862.7
16555.6
29557.2
14349.4
3890.61
21338
13748.8
6827.75
11231.5
10233
8172.5
12211.1
7611.75
16349.2
29563.5
17340.7
30503.1
11865
9209.27
20325
9270.42
9644.23
9357.19
5130.87
24009.6
17150.7
7357.77
5508.97
11430.4
7172.63
8420.26
15545.5
12211
10161.2
15112.4
13621
16469.6
9156.77
7521.39
12276.6
4498.01
14284.7
18946.4
15437.7
11677
7890.91
28746.1
24190
10384.9
33083.2
18007.2
20344.6
7493.68
17414.7
10941.6
6536.72
14297.4
20408.8
27862.1
9618.9
14191.9
8322.19
11505.5
5628.54
7696.78
19130.2
16259.8
19803.7
11680.8
12120.7
14439.6
9734.78
13508.2
10299.5
15509.8
7063.07
14830.4
15056.9
13007.6
6579.32
7432.16
25224.7
18046.9
15078.8
11093.8
7254.14
9160.62
9933.94
10187.9
18201.9
23178.7
13009.9
14159.8
5102.54
14606.1
8928.11
8910.82
10110.9
9968.14
8746.7
20391.7
18191.9
14289.6
6931.74
13986.4
9643.03
14959.6
18630.1
13056.9
20157.7
30541.7
17546
7220.52
24431
10012.2
7851.81
16320.3
9247.76
9268.19
28340.7
18532.1
16769.7
8019.51
11664.3
10712.3
23079.6
12062.7
11943.7
19863.7
5622.58
8314.2
18072.1
9073.07
5846.84
11788.4
10996.3
10257.9
7816.98
6599.39
7142.86
18911.1
20473.1
10905.1
10503
8575.13
12708.4
5991.65
9150.35
8849.36
14950.8
4811
20428.4
7420.92
8815.06
31514
12146.9
15452.7
17397.7
31847
16139.9
19509.4
8161.22
35680.6
18267.9
7500.56
10860.7
15503.3
13242.6
10440
9777.56
22723.3
13088.3
21553.4
9311.63
17948.7
27360.2
6070.94
36805.2
15151.7
11798.2
27788.6
8390.74
12459
25811.9
12000.4
24713
8121.98
8092.18
9347.93
5687.79
5812.67
20211.1
13109.1
7947.15
7370.6
16661.6
11473.3
17437.3
23249.3
23748.9
35832.5
15010.4
19946.7
11978.8
13748.9
15501.5
5556.12
15817.8
17820.8
35265
11551.8
4086.8
8074
11265.9
7255.98
9876.21
12060.2
13968.5
11782.8
7022.62
17678.3
13034.1
49602.5
12851.1
11850.8
27751.1
10982
8290.84
5926.75
14774.7
9602.14
14062.3
14493.2
8621
15429.2
9575.46
7067.29
11158
6560.56
19356.2
7913.23
10969.8
8277.65
12830.5
25242.5
12006.3
9691.82
16203.5
6848.28
11999.8
12211.6
4381.82
13248.5
20280.7
7191.69
5398.18
15536.7
6554.8
14590.8
14460.5
5554
5874.54
12550.4
8355.54
12444.3
15814.5
17647.8
17770.2
18065.3
13007.1
6424.01
13084.3
10865.9
10523.1
18832.7
10321.2
20411.1
7295.85
11531.4
20522.2
11857.4
13423.1
16720.6
13542.3
16076.5
9518.87
9314.89
15893.9
7745.88
41813.8
7244.03
10462.2
13719.8
8931.71
8592.85
7937.72
17634
31525.4
21409.3
17755.2
8451.44
4802.56
16445.8
12630.5
22114.7
7128.83
7452.84
9445.25
5384.7
23274.5
8053.4
23274.1
8770.09
9928.08
28564.3
26435.7
16306
13289
5632.8
28529.5
21945.8
7074.05
28591.7
13830.1
5530.59
19161.7
8268.85
7536.17
6683.81
15903.6
33076.3
7777.39
11853.4
16365.7
6677.69
13758.8
12048.7
30423.2
13095.8
16475.1
16258.2
16684.2
10397.6
9663.3
11434.7
11714.8
8710.05
5416.42
5373.53
15649.2
17199.3
47444.6
9337.77
6544.2
26679.5
6944.54
18529.8
7965.36
6833.94
13151.3
7132.49
7914.1
4965.39
17106.3
7968.09
5224.55
24899.1
9898.04
6765.66
16600.1
12058.3
13561.8
8754.78
10204.1
19380.6
6938.34
8966.7
4927.94
5300.19
7759.72
5081.98
9572.1
7152.65
16555.3
23595.7
11441.2
11637.8
24580.4
7558.31
9314.17
15133.6
16350
13760.5
5182.19
16389.8
19400.5
11074.2
26210.3
5323.51
3936.11
15033.7
8619.95
14218.3
7300.58
3565
4821.36
8787.24
20288.6
19109.9
23573.9
18335
12980.2
17083.5
9326.65
10577.9
4594.77
5921.31
9590.92
12367.4
15495
10745.3
8563.82
7137.09
17674.4
18452.5
20079.8
18552.9
6041.55
24789.4
8456.99
10740.6
15628.9
13509.2
9649.72
16762.9
8272.91
12082.4
15412.3
8913.74
11954.3
9117.43
5256.98
14082.7
17656.2
11480
13044.5
14859.2
12450
6889.31
18641.7
20104
7662.72
11249.1
20873.7
8089.51
8472.77
7198.13
5642.46
11150
10048.7
9366.72
17219.4
9045.25
20580.3
24974.2
15059.2
31035.2
8634.26
19332.5
11599.1
9006.88
16663.1
4716.8
26329.5
24879.9
5775.77
6291.35
6075.57
11127.2
8874.1
26469.4
13186.3
12283.5
13439.3
24769.6
9164.34
10682.9
6891.95
11167.8
27453.9
16685.2
14107.5
10062.1
18281.9
13127.3
16450.2
9168.05
14879.3
8571.32
9806.4
6648.97
14705.6
6560.84
10550.8
8318.14
26984.9
6994.42
13659.3
6884.81
8636.85
20783.1
19812
5757.68
13869.1
5872.88
24316.8
28834.9
8749.92
13264.8
30097.9
15773.9
17718.8
24792.7
14887.1
10617.8
6020.55
7880.11
13835.1
19637.3
27165.3
15580.2
9759.39
18322.9
14696.8
9964.92
10161.8
34284.6
8035.71
11098.3
15200.8
9976.29
10075.1
11874.7
9001.79
8932.71
9197.47
22707.5
11826
8447.4
15945
8433.64
25798.2
10894.8
8471.43
15389.6
28032.7
14084
13165.5
10723.3
11128.2
11194.7
6331.62
19889.4
12551.1
5584.54
15355.1
20508.4
16880.5
15722.6
20173.2
10893.9
11730.7
9724.84
9877.07
17470.2
14477.6
11514.2
15365.8
22571
11824.8
32033.3
37370.6
13381.1
21753.7
10073.5
11037.2
6191.21
8874.92
7201.22
6410.72
22728.3
11777.3
8815.15
5161.68
11147.7
8534.86
18968.3
12960.5
22146.3
10151
17634.6
18295
9783.38
19596.3
47162.1
8747.9
11121.1
10362.3
19082.7
11699
20936.9
8310.11
50091.9
9848.92
9556.01
6508.53
17590.7
11096.2
10974.9
12922.1
16849.9
9764.7
9887.95
13659.1
17735.6
21366.4
7687.69
11783.3
8646.24
11945.9
13104.4
13057.5
18917.4
8475.92
6767.48
24858.5
18704.7
37975.3
24780.4
12727.9
13239.5
19269.8
9732.48
8023.7
8716.79
23429.1
22856.5
21271.3
11630.4
10069.8
16024.6
18683
11464.8
9192.35
16900.3
38164.1
15666.9
7358.96
18637.2
7655.49
5118.48
10831.3
17754.5
12764.4
14748.7
16696.8
8690.86
8942.44
9747.5
3535.7
11346.8
16654
28631.5
32299.6
17720.5
9558.13
11698.9
18488.1
7513.8
25977.7
6790.22
19187.3
26614.7
13211.6
11254.4
10520.4
5874.31
10146.8
22564.4
32301.4
23479.4
10416.8
15678
25329.7
13727.2
9846.72
5876.61
8779.14
17889.5
7899.24
12408.6
7644.44
12521.5
16683.5
24493.9
34112.4
13927.7
11587
19528.7
8851.85
7259.55
5465.04
17827
19212.1
9085.56
9359.24
8039.66
5797.52
11020.5
9129.12
10002.7
18589
8174.46
20559.9
13589.5
15778.1
12334
18000.7
5351.61
20398.5
16184
10059
13719.4
11379.4
25212.3
6046.85
7669.89
30188.3
22541.5
14069.5
12363.4
8258.74
7184.56
8955.69
12784.1
14605.7
16451.9
17844.2
36596.6
25726.9
21409.8
16547.2
12513.2
6475.24
28310.4
3662.11
5656.92
16391
12541.4
7101.18
18445.4
15566.7
17383.4
5904.72
11683.6
10576.1
6591.1
8778.32
10437.9
15243.7
7687.28
10067.1
16968.7
6794.18
23348.8
11875.2
7181.62
17554.6
14682.7
10709.3
5796.43
14882.2
19935.8
7198.06
12772.9
5196.95
21566.5
31605.5
13037.6
18171.5
19657.9
4623.83
13045.6
14695.6
16259.7
7874.23
5314.56
21635
13095
22839.5
37134.9
21417.5
9078.01
14076.8
12943.1
16029.2
13357.3
17754.1
23363.8
10309.3
20192.1
5031.47
12882.6
11714.4
3622.53
6373.39
8358.02
44005.2
9838.46
17268.5
9916.29
5571.68
11230.6
8919.76
5404.09
12626.4
12532.3
9070.77
8713.17
10892.7
11961.8
18923.7
23304.4
5066.43
10386
5924.4
11918
34795.2
15581.8
3238.27
13503.5
17694.3
13671.4
10210.4
15264.1
7312.67
10221.2
18903.2
11658.7
9146.16
3891.49
8117.93
13194.4
7742.58
5968.34
9479.95
13473.6
6672.19
9420.89
15766
15083.8
4316.04
15890.4
8035.44
22316.3
12966
5696.14
11822.8
5157.56
10415.6
9214.15
17909.1
15706.8
21940.7
17418.7
7720.29
37946.7
13531.4
17357.4
9217.25
10031.9
7184.48
9822.51
10501.4
6467.65
15781.6
16455
9877.83
13007.8
13082.6
8264.09
12511.8
16983.5
18480.2
5141.75
10127.6
7432.24
8188.1
9061.27
21011.4
6618.99
10759.6
28219.8
8448.71
16851.1
12098.4
8577.84
11903.8
7670.67
17035.7
10756.2
32273.8
10588.8
9634.65
13273.1
9270.32
19231
24855.2
9599.85
16085.1
14573.8
4152.87
31431.8
8115.99
28809.5
17784.1
9931.49
11413.9
3771.39
13471.2
15967.5
14754.8
11744.5
7652
15030.9
13072.9
13744.3
23075.6
17197.1
15468.4
26649.8
9112.54
13667.9
7985.01
14197.9
20880.8
16507
21038.1
17392.4
13581.8
11781
15058.3
20933.6
12373.2
15864.8
18670.6
23476.7
17409.1
9280.78
9658.33
10019.9
10855.5
6737.43
8473.78
7639.98
3659.93
9344.64
38075.3
8701.85
11670
18264.9
5032.83
15217.5
37038.7
12330.6
12022.1
7152.2
14223.5
9098.04
7640.51
6445.18
23839
29256.3
24519.5
18233.1
27248.1
11890.9
8026.58
9861.75
8935.15
11486.1
7966.49
8629.26
7151.23
11888.4
9674.7
8181.42
8173.81
11991.6
15553.9
9960.89
9489.62
13862.5
24445.3
11022.4
21071.9
20005.8
11702.2
15342.5
9430.59
12350
18338
6133.95
6679.99
23438.9
4949.55
11908.6
12528.4
6917.56
7119.86
17395.7
19810.2
5681.95
8721.42
6992.41
11168.5
6166.1
30663.5
26514.7
7487.3
21860.6
12224.2
23374.2
8963.95
11358.3
13730.7
3758.06
12743.5
17182.8
11267.1
4731.21
23177.6
6827
15332.8
23664.1
9068.38
22010.1
5264.46
4961.4
8773.18
16382.8
20715.5
22814.2
4629.68
9161.05
11066.9
20850.3
7873.64
7749.61
25003.1
10134.7
9531.29
4437.15
6099.46
9272.36
6238.69
23859.8
14962.2
15943.5
2853.26
31912.2
9129.44
18059.3
8012.62
8059.69
31354.2
11615.7
6954.94
13218.3
21681.1
22330.8
7661.94
16804.5
6975.2
6893.19
7449.17
8640.11
35579.2
5609.12
12248.6
9996.99
9455.22
15717.3
7924.19
4119.51
8406.29
31084.5
7278.29
13768.5
8321.01
11555
10157
11463.7
22164.7
26257.3
6747.01
10212.4
15694.9
13110.8
3874.27
10476.7
6837.68
24511.8
31896.6
13738
6661.39
22973.4
26436.7
11442.1
14609.2
21156.7
14393.7
13635.4
4506.01
4244.93
6540.25
26451.1
16656.2
20360.2
21679.1
7731.58
17815.1
14172
12447.6
8981.33
24147.2
16364.8
8519.54
16070.9
17439.6
12481.1
8444.19
5902.35
10885.9
6833.09
2884.03
16794.2
23322.9
15809.1
5604.74
20137.7
17408.2
7503.81
9675.65
14113.2
13012.8
14513.6
8420.22
28719.6
8850.39
10350.9
19173.9
28461.6
21867.3
5431.41
9670.18
17142.5
22694.2
7253.14
15418.6
24496.1
25899.4
3844.35
14227.2
12751
15198.4
18101.6
23296.7
11290.2
19265.4
17968.4
10423.2
19999
13987.3
46300.3
20223
7935.09
17229.3
15875.6
10939.7
9618.9
15535.2
21848.8
17269
11456.6
21659.7
18080.6
31895.2
10228.6
21474.2
5972.86
23896.5
13627.7
14048.3
11656.6
7013.35
14977.3
10418
8582.81
15170.5
4625.57
21237.1
18031
19779.5
17088.6
10546
7498.51
9820.15
13465.6
8256.55
9257.04
17193.8
8886.14
10518.2
25681.1
11365.2
8758.62
9141.76
26365.6
11695.8
7307.38
37247.1
27402.9
18794.4
11600
38439.8
20451.1
13645.7
10022.1
7803.2
17800.3
9378.43
5371.47
22923.9
10489.8
16295.9
16494.3
6546.39
12013.5
20791.5
21963.2
11279
8371.75
5764.15
4201.47
12953.6
9118.58
7153.51
7026.78
23361.5
8486.37
4474.24
7979.48
14501.7
9425.74
13434.2
14486
10563.5
6264.76
8434.28
11825.8
16140.2
15790.2
25149.6
10739.1
10160.4
24600.5
5123.72
14549.6
12756.6
10423.2
28340.2
10728.2
8841.49
8263.52
11876.8
15959.6
15812.2
14660.1
27870.7
9878.34
48406.7
25759.8
12415.9
10399.8
6195.88
7124.12
8612.79
14134.7
10822.5
11523.9
15667.6
12397.9
29453.8
13291.7
44359.4
10931.7
11179.8
8992.79
14185.2
11400.1
11682.3
16385.4
11474.8
13773
9231.38
7460.25
17594.8
15328.5
16671.9
16402.5
12615.3
12167
21550.2
10288.7
16561
20214.1
15761.1
10035.3
16950.6
7684.92
6096.96
18578.5
14011.2
21980.7
23720.5
14403.1
12683.8
8877.25
14175.9
9711.95
11745.9
38323.5
25015.5
5356.35
9016.77
7376.54
9846.62
13689.5
10706.8
56195.1
16222.9
4899.78
12568.3
9480.84
19621.1
14749.9
5998.8
11671.7
13197.5
5552.62
9565.22
13496.7
17369.5
18579.5
9076.11
19726.5
13010.3
7629.92
7282.99
11617.4
23482.6
17764.2
34725.3
11027.9
10681.2
13385.1
38663.3
17451.1
7193.29
17341.5
7516.02
7529.67
8898.87
9636.03
8049.69
18990.7
5285.27
7038.91
11812.5
5554.06
21241.1
15204.6
15544.8
11702.8
13792.6
10441.8
49148.9
7369.55
9595.31
39682.9
5714.51
5565.85
28944.9
15170.2
37450.1
27475.5
14217.1
7412.23
6653.54
15826.7
15865.9
6568.57
39749.3
11177.2
10696.7
32984.6
14624.5
19455
5967.76
27996.9
12666
17598.3
5879.38
25613.8
61091.5
20718.5
21169
4734.07
12772.7
8441.58
9503.96
12161.2
22379.7
19384.4
12261.8
6941.91
34577.4
7157.27
12185.5
18979.3
5747.16
13400.7
7613.19
16981.6
18074
16988.9
17458.7
5979.15
10726.6
13657.3
8249.59
5178.17
20528.3
20800
10549.2
16853.7
6504.31
6641.46
16046.6
26966.2
11416.2
4274.09
9438.38
5197.07
13561
7491.04
10978.4
6183.1
21140.6
8116.65
10629.4
9654.95
7324.23
24944.4
17073.2
21981
42355.1
14800.7
11367.2
26059.2
18216.6
12538.2
36858.8
10902.6
12302.8
8488.13
6828.86
24644.8
18079.2
30320.1
38662.6
17278.4
11263.1
9280.42
8917.64
10023
16398.5
19939.5
6657.48
6547.51
11137.3
16979.6
13046
16347.6
9803.54
42411.1
54093.6
19263.5
14577.7
14597.8
9951.75
24033
5705.6
17983
15778.5
24739.8
12511.7
30842.4
5156.35
22581.3
8978.71
20251.6
7944.25
25943.7
10551.2
24805.6
49415.6
7952.19
9402.31
9635.59
5899.26
19697.3
8525.1
26224.6
5039.96
4773.63
11940.5
29390.6
7485.44
8989.21
35866.4
5800.68
8577.44
7451.26
24358.1
7232.94
35533.2
23009.8
6219.33
11858.4
7777.69
30891.7
6903.7
20328.9
19057.6
10544.9
9172.4
16811.8
22096.2
20725.7
21872.6
15164.6
31341.5
21885.3
9104.47
6998.35
10111.8
7068.84
17476.6
31725.3
12677.6
8642.65
25112.3
16383.6
7439.83
8773.1
7257.16
11416.6
9312.22
28310.4
22241.1
21860.6
5286.49
9875.83
15415.6
7349.29
8411.67
6368.92
14413.2
22045.4
23026.4
20390
24056.8
5758.59
4295.48
5581.2
7491.76
12167.8
10098.1
6894.92
37270.8
8765.05
26772.7
14443.5
13891.9
7162.04
13359.8
6958.11
15393.8
14196.4
7411.06
5931.96
14425.4
10073.6
7819.38
12331.1
6312.15
52593.2
7202.41
6445.4
14575.3
8840.9
7147.33
7683.74
10551.8
18417.4
16371.1
15080.9
15638.6
12335.1
14934.3
13563.1
22617.7
12317
26423.9
16815.2
18092.2
10710.1
8419.73
13478
8117.83
7101.67
10251.2
12946.1
7719.2
7476.18
10006.3
23988.6
7745.83
8932.87
16910.8
20727.7
6844.22
8534.17
11113.2
28119.6
6846.57
5308.39
22098.1
16598.2
7252.72
8783.54
9850.86
10451.3
12697.7
5420.73
8059.6
16321.5
10425.2
7009.26
17692.1
9336.75
14913
15017.2
23268.1
13432.2
15385
8878.07
8733.86
34989
9332.79
9304.76
3860.99
18255.9
34181
9021.49
17697
20149.9
16288.7
8223.59
4857.17
25175.3
11057.9
11841.4
8962.96
9213.66
7556
43610.9
15983.4
7469.62
4695.12
29701.7
19075.2
10548.7
13678.1
23050.7
8122.32
13673.1
6716.41
23617.2
5206.98
13833.1
19388.8
31501.7
13363.6
10589.7
10412.5
16795.8
8321.67
35324
3821.18
15239.1
12624.9
17486
27335.4
26882
8414.78
7046.73
8436.64
7864.57
32148.4
18928.5
22608.9
4274.27
5964.21
7738.96
13027.1
5607.62
20255
8001.98
9832.67
12967
16368.7
8622.78
23763.3
21928.4
8789.96
13539.5
6558.11
11761.4
29114.6
7940.79
7546.68
16668.1
18584.9
19146.2
7650.49
11319.2
16687.1
12975.7
16022.1
11422.5
17798.3
4285.56
7154.15
9764.73
16768.7
13558.8
15984.5
14258.5
16339.3
8421.6
13884.6
6014.9
13461.1
9130.19
19637.9
18444.1
17001.1
27163.1
7770.32
10759
6932.17
6820.58
10626.9
10292.5
6681.45
20718.3
18421.5
11700.1
9060.97
17736.8
8963.4
9440.87
10567.1
21935.4
6391.6
6866.66
7477.84
21942.9
20919.8
7268.82
17382.2
17819.6
15274.2
9914.12
35322.3
30117.2
18180
7944.17
13314.5
29481.8
46940.9
21652.1
13864.9
12170.2
19991.8
18850
17511.8
13199.7
11364.6
34439.2
20400.5
20969.2
7243.01
7083.5
12508.9
5510.16
26404.5
8833.56
14025.7
27467
17085
55124.4
7714.89
33238.1
11935.7
31070.9
14219.9
9772.34
10636.3
28972.7
25304.2
9180.36
20284.4
19966.3
17113.2
28486
8171.78
17103.3
14895.7
16516.2
7435.85
11466.6
12390.4
11664.6
16399.9
8600.68
8884.15
14019.4
10109.5
20520.5
8545.36
7007.33
12106.6
3207.74
7605.92
11397.6
3453.26
5666.16
6340.26
9445.64
9704.6
10756.3
7750.14
7759.37
17034.2
6225.38
9207.76
36310.8
12808.9
6861.9
15768.6
24487.8
14832.5
8962.11
18942.8
22082
13590.9
25977.1
7771.38
11766.4
15863.2
11680.2
6125.81
10145
12004.7
11648.9
10812.8
14424.8
9020.02
7652.61
7626.18
11149.6
12162.8
7330.67
16527.9
11869.9
32593.5
14200.5
27691.2
8586.73
28114.9
8307.48
10005.6
9521.15
7700.22
15335.2
38385.1
7211.81
21403.9
13297
13709.9
11704.2
15409.3
13696.4
19021.1
16704.2
10406.6
25411.1
12696.5
16383
14375.1
7199.25
23269.7
11676.6
5230.35
5799.45
17570.2
8151.98
6283.92
7874.59
15402.4
27923.5
15638
9091.55
5568.13
15578.9
11986.6
20173.5
22480
18816.4
6022.67
12560.9
6802.5
23680.5
16801.2
20387.3
18481.3
7514.88
12175.3
6213.33
9870.32
50722.4
14649.7
24553.2
17028.3
18454.1
8657.75
19255.9
17983.2
18705.7
12772.6
17432.6
6395.02
9375.4
18359
10953.1
7867.75
5583.29
6716.24
12885.2
15835.4
25269.3
17942.7
11364.8
17741.3
4023.8
8114.08
28922.1
15623.6
8819.01
11319.6
10675.9
34264.7
21929.1
10365.3
4949.07
20890.5
9816.09
28383.3
19573
29677.7
14095.8
7054.57
7723.39
25917.9
27364.7
30504.6
14878.4
7172.36
28739.5
9091.73
17085.2
13202.6
23694.1
8886.05
15268.9
7419.53
24353.2
18508.1
9722.55
8441.79
11221.6
19347.4
7682.72
20054.4
14731.9
8095.38
12088.3
14199.7
11054.3
3821.14
11309.7
14916
8063.81
15227.2
6623.06
10453
42120.1
23973
11619.8
10309.3
10428.4
8471.2
12017
9542.89
11992.8
11731.9
9539.62
4677.47
9308.36
9399.42
9046.25
12280.4
7112.17
10429.7
29312.1
9146.69
36285.6
41312.4
34254.6
18113.2
5345.5
22220
10087
13537.4
29297.9
11102.3
8477.13
8140.5
13631.1
21000.8
11150.4
11761.6
10909.9
12010.6
11172.9
21679.6
26669.3
31004.7
7531.77
7204.91
12233
12385.5
23011.9
20155.6
17438.6
5326.29
9940.64
7693.93
10289
12472.1
11646.7
8649.06
7174.73
12161.7
16795.1
5946.48
10377.7
14551.7
14102.9
17391.4
14377.2
13495.4
13111.9
7402.21
12282.8
16961.5
5265.52
7978.92
15132.8
15898.1
16760.1
7892.19
17413.5
12295
10083.7
15242.6
9154.75
10971.8
22345.8
17486.9
10838.4
6127.13
8286.83
4370.72
9705.76
12202.6
27213.5
14712.7
13921.9
7769.42
34138.2
4721.49
8844.62
7493.99
6647.58
11394.3
22309.8
10966.8
13367.5
7281.58
9037.62
9930.87
14994.3
49338.8
5570.91
22863.5
7930.33
27555.1
7540.77
16961.8
12553.5
7475.04
12353.7
16079.3
9001.09
22393.4
22462.2
24714
11135.3
8398.3
20784.1
17275.3
6778.11
13145.2
20534.3
6309.02
5984.76
6179.18
12878
11394.6
7409.14
17580
8147.98
7463.76
10931.1
27902.7
7822.61
13665.7
10158.5
6853.51
15870
8945.79
7524.72
14039.6
11568.6
27292.1
12068.9
14488.6
21248.5
15956
18885
9912.96
8863.33
5767.94
7313.56
10094.8
8532.5
5465.78
9081.44
17495.1
10388.6
4257.14
3425.65
15465.4
5859.44
14112.2
11932.8
8551.15
15042.7
14318.1
7347.21
10067.6
18631.5
10965.2
15849.7
18154.6
23247.2
9309.01
29490.8
15888.4
34490.8
10016.6
18570.8
11095.4
12391
10132.1
27717.6
28205.9
4916.86
5576.51
8709.57
21256.1
4285.71
17403.6
13194.1
11864.5
9419.84
9445.25
11165.7
13167.7
12229.2
11708.6
13967.1
18279.9
31762.6
28563.4
41974.3
18502.3
21398.8
5794.14
11455.6
13956.5
13459.9
25489.1
13659.6
13018
17524.6
11585.1
10169.5
9527.14
12138
12496.7
6897.5
16223.7
17028.7
15219.5
8758.12
41746.4
19810.6
8158.64
24159.4
21535
12837.9
10532.9
6077.35
8622.86
8719.3
12926.8
9723.93
16072.3
12294.5
5570.78
14337.5
9005.64
13429.3
15250.5
8507.42
27320.4
14493.3
15838.5
10659.9
9138.45
5892.71
11874.3
35020.6
8346.54
8287.75
17308.1
15166.4
15132.3
9427.75
12505.8
13583.9
25371
13171.4
24564.3
8639.84
9825.28
13386.1
29349.4
11653.5
8328.16
13841.8
19603.5
10308.1
12172.3
11642.5
4654.14
13169.7
22901.2
9310.36
8584.04
14521.6
9782.21
15898.8
16721.8
5177.53
18611.6
13276.3
9647.4
11693.2
10543.7
11921.2
14864.2
18967.6
11748.4
9401.08
28550
12305.5
7489.15
14224.9
21804.1
12495.1
8099.33
14729.4
8648.28
12199.5
5931.67
9914.95
10614.4
12096.8
13538.7
14289.2
19333.9
21333.9
16346.7
26315.2
25079.5
34148.7
20936
5383
8455.69
31133.1
17472.2
13181.8
12875.2
11160.9
10564
7464.53
36243.9
6204.44
5952
10419.7
13967.2
20005.9
16186.7
13217.4
6750.69
11459
7837.82
21222
11911.6
18196
17200.7
16942.3
9406
31010.7
10581.6
52216
28782.6
31100.3
12167.8
9009.4
9783.27
15285.9
17600.7
15778.7
16422.1
13317.1
17186.6
17679.7
48395.2
14245.4
14556.4
10494.7
10061.8
12936.6
9165.27
10478.7
48457.6
15326.6
13328.1
9267.41
22751.2
15728.7
18838.6
7256
23640.7
11863.1
9184.41
14081.6
10740.5
22448.5
15395.2
27647.6
20055.2
13402.8
8986.51
12700.5
12471.1
13246.7
11075.6
7732.43
15071.7
10416.2
19234.2
16510.7
6306.21
11638
7954.41
34906.4
5446.51
27001.4
9458.16
12249.5
8710.14
5605.3
6788.61
11372.3
22094.2
15379
7035.4
17634.6
19759.5
12180.9
9472.24
23072.4
18304.3
5040.6
15393.4
33212.7
8999.23
20436
22581.5
19604.4
4206.96
9047.07
21679.4
21645.8
10298.3
13071.3
8296.62
7821.21
10885.2
9096.83
11394.9
4828.46
9778.27
6640.56
22380.4
8998.48
16727.5
18895.9
15685
12297.5
16133
11161.4
15745.1
4831.9
15340.1
8791.84
27447.6
21089.2
10639.8
15207.1
12022
10800.6
16959.3
12788
9241.68
11741.3
33798.2
14090.4
32332.4
9455.6
12686.2
9435.1
6705.12
28361.9
8097.32
25316.3
15297.7
8279.52
16136.8
21044.3
12871.2
10694.4
11211.2
6795.12
15011.5
5379.6
6967.02
14317.2
5906.48
14419.3
19645.8
14002.5
4347.75
18444.5
7327.83
10747.7
22923.8
9753.97
12054.1
11925.3
13478.3
5966.2
26589.3
12961.1
8302.81
22339.5
4003.11
9371.3
18582
8546.96
20877.7
14137.5
10439.2
19981.2
12267.3
10919.4
14736.4
14398.6
14359.6
12615.4
10085.9
13007.5
7987.35
9140.24
11256.9
21443
4127.09
11857.7
12527
20593
10913.1
8522.84
20385.4
4549.67
14202.1
17256.4
9451.69
6314.55
13879.3
10379.1
12983.7
7470.23
21559
39510.4
17488
20759.3
16281
19972.4
17309
9668.04
23625
16535.3
6030
18866.1
10522.4
7720.46
8404.95
19645.9
27008.5
15089.9
4748.82
21795.4
14511.1
4340.56
7877.19
5896.6
24305.3
17191.9
13209.1
60513.3
21417.6
5412.72
33776.5
14811.1
24817.7
14035.2
16800.1
13776
23063.9
13675.3
3557.32
11593.3
18282
16781.6
17812.5
15415.1
16872.6
12120.7
25696.4
6776.7
22826.5
21508.3
13584.7
15641.4
14341.2
16452.9
13112.1
10517.1
7023.32
7280.3
18192.3
23680.8
10331.7
10503.9
7854.65
14455.2
10475.2
39726.9
9932.46
12655.8
32676.8
7356.3
6433.22
9515.2
9270.56
7307.61
12994.7
16814.3
21619.7
8836.42
22059.6
14690.5
22095
6407.51
13770.4
13013.5
8088.58
18907
8585.36
20292.5
9583.55
23884.7
9359.35
12163.3
6611
13331.2
12054.4
10760.8
10488.1
29406.5
13838.8
12460.3
33599.4
13499.5
11188.6
12435.1
16485.3
15975.8
24420.7
6224.13
10633.5
6463.97
8171.87
11821.6
12701.5
13819.4
12875
17151.4
10216
16442.9
35007.5
9290.62
13136.3
9168.64
7935.94
23515.4
4870.39
15813.9
11871.5
6417.14
7243.6
22652.3
7607.44
10026.1
22828
5818.05
25765.1
20726
25948.5
21044.3
8199.84
9800.72
15404.6
11794.1
14326.9
13743.4
9294.59
28610.8
21686.7
11688.3
6066.93
10492.7
7447.92
25880.3
10438.1
9068.94
35236
30789.7
13542.3
14556.8
8102.69
14665.3
13221.2
9302.96
8877.68
37320.2
23773.2
7909.04
7346.94
16488.4
10767.4
10115.4
18777.7
27413.4
19623.7
21777
11979.6
24694.4
6701.92
5192.21
13719.8
5540.02
24272.7
15445.5
11975.3
22058.5
11452.4
26258.7
8669.17
17898.5
21762.6
6251.06
6605.43
11939.5
32340.7
6636.5
5012.23
9091.7
11442
6937.81
15569.5
7380.78
11341.8
15210.5
7081.13
7558.89
15513.7
11206.4
14248.6
8182.38
8418.69
11265
12344
10847.9
18263.5
21053.7
20963.9
23028.3
21497.3
21040.6
2862.45
18627.4
9083.13
9604.71
11348.4
28743
6251.29
5662
11548.7
11107.9
4984.94
14935.5
6353.17
8996.66
18239.8
10664.7
13583.2
6023.54
12101.8
22803
9823.33
19319.5
23809.1
16457.6
10038.1
7782.53
43567.5
35478.4
15563
8558.48
23225.2
18803.7
21865.6
14388.4
14287.4
11067.2
7388.41
4492.27
14445.6
5956.85
15946.3
11427.7
16393.9
7715.7
18661.7
25782.7
5585.17
16127.4
4395.52
25947.3
7578.68
14948.1
7209.2
26137.2
5207.94
7748.41
6744.08
5611.68
11701.3
19685
17970.6
17907.7
7740.22
18317.3
9694.23
7498.29
6259.48
12367.3
13046.4
4104.82
30809.1
9507.52
15269.9
15163.3
5025.66
12552.9
15226.2
24309.1
8666.9
32465.2
6966.66
9078.44
10869.8
14094.6
13137.1
22275.3
17002.7
11667.7
9150.74
9192.19
20818.1
26626.5
7629.43
8143.11
17774.3
6447.85
13342.1
6721.77
3184.16
10728.9
18303
13447.9
9190.5
6042.4
18366.6
11615.1
4359.32
39451.8
9803.49
9272.89
10310.5
23473.8
7389.65
22603.1
8042.81
20642.5
26438
5145.59
12539.1
14825.6
15929.2
6612.51
15917.2
16288.5
15815.7
9216.25
10933.7
20976
10034.4
19036.5
19877.7
25388.3
5069.73
14099.6
19575.3
7188.75
8012.62
24390.3
17798.3
5880.15
10807.1
7726.64
10540.1
16439.2
12076.2
6359.73
4174.18
31502.4
10698.5
11957.1
26041.3
41169.5
14624.3
4237.78
8883.69
22697.2
29430.1
10924.5
16679
10898.3
27611.9
9888.51
19547.6
15396.3
6184.85
31294.6
25624.3
7753.43
9771.73
14091.7
25488.6
10426
8005.36
7351.79
13806
9468.63
13172.4
12950.3
6684.04
52684.3
13194.9
15124.9
11060.7
10502.5
11303.7
25660.8
20724.6
9168.49
8140.25
14632.5
17594
14020
30460
23956.2
6658.38
9577.65
5452.65
7629.17
12567.7
18755.8
17763.5
12135.5
12576.9
27973.5
36413.1
26051.1
11148.3
10331.5
7211.08
15438
9898.14
19489.1
19507
34852
17804.1
7031.87
27539.7
9315.3
18052.3
17261.6
17750.7
5551.7
7528.47
19064.9
6547.1
8528.1
12627.2
3783.5
9095.17
19198.7
10396.3
11054.8
12684.1
17314.7
11646.2
4680.34
16369.1
8126.69
30332.3
10826.1
8573.14
12626.4
6176.81
14318
8909.53
7635.36
14475.2
9590.22
6792.43
40508.4
7710.4
29688.8
19590.4
23773.5
10243.9
9480.16
22809.7
20019.9
16123.1
23327.8
26218.4
7731.71
21373.2
24217.8
15488.5
14249.4
6062.56
6716.05
17905.6
5957.37
11015
6374.65
23662.7
9207.51
12227
12539.8
13473.5
91343.1
9334.76
6110.51
11952.7
10484.1
8662.62
15618.3
22590
17123.1
14823.2
23733.1
5748.27
6162.73
13078.6
10975.3
7519.03
10074.3
12754.4
10843.9
4937.23
12777.8
4845.33
25077.7
45282.5
14589.4
15139.6
15005.5
18985.7
7868.99
17878.3
25498.2
18506.6
11688
22928.1
15057.7
15955.2
10994.6
14310.3
10953.6
5924.72
7533.56
14019.2
10161.9
6629.59
11161
7175.02
19100.9
13202.3
8854.35
6840.65
8231.72
17185.3
24294.9
19915
35184.3
5734.49
16855.9
15995.8
11949.4
17021.6
25788.3
11091.5
32693
11666.6
10525.5
16383
6374.82
15928.3
20555.1
12191.5
10508.2
9439.16
11788.7
10671.2
7876.85
7968.44
7199.99
5059.59
17722.3
27183
8854.12
6074.67
15760.7
13069.7
10234.8
10687.8
47090.3
14028.6
9094.87
12597.3
14761
13896.2
19174.7
27197.6
13755.6
5269.62
12934.2
6907.43
32498.7
5334.26
8442.48
20110.5
7915.68
14133
5797.24
10570.9
10951
37829.5
6467.69
18063.9
35766.8
26882.2
26154.9
5950.8
9366.64
17180.5
8754.76
10842.5
12582.4
10707.1
10106.9
18460.2
10314.5
23210.2
9906.93
6766.92
5486.2
17714.1
16280.6
7108.49
21877.3
16227
16476.8
13429.6
9483.8
6959.24
13295.4
10359.7
21916.1
5804.55
21552.7
13899.4
24118.9
9810.13
15100.4
10666.9
19240
23486.9
17854.5
11300.5
10610.2
9261.47
24107.2
25418.5
3646.28
13626.2
7114.15
11722.4
30694.6
13238.9
11374.4
19726.2
16863.2
4579.71
11133.9
5470.39
11356.1
17063.1
44684.5
8541.8
10281.5
32910.9
32237.6
12214.7
6160.97
5290.24
12098.2
8595.9
12647
19053.3
11790
8302.71
14391.5
9682.14
6797.28
9962.2
9116.43
25559.6
9108.75
7970.13
16954.1
9671.78
6082.53
13667.9
6421.79
6747.01
24209.6
4501.12
7221.29
12202.1
12131.7
7071.8
6885.82
10574.6
17818.2
10285.5
12338.8
44989
8076.79
10820.4
17016.5
10553
24968.8
9497.21
8942.9
27523.4
8739.12
10575.1
10821.2
4616.74
13193.8
17893.9
11805.3
27873.9
15880.4
12986
14369.2
21041.3
13534
18813.4
17189.1
16506.9
28935.7
11534.4
12114.1
18386.6
7828.13
61263.5
18797.4
11703.9
12959.3
5005.86
6051.67
13762.1
5182.64
11159.2
18508
16985.5
16978.3
31556.8
10485.6
36438.9
8081.83
9203.48
14496.2
8798.68
8093.44
6897.32
10913.1
8135.25
17392.2
5203.34
8880.02
5416.6
5637.87
11891.1
16082
16187.6
9187.79
13053.9
21317.2
9597.18
18392.6
7423.82
12765
20303.6
17644.4
26990.9
10284.5
15120.4
8145.01
15150.3
5950.27
5716.87
42595.5
5289.11
6861.88
16870
19985.6
12281.4
7876.26
12089.2
6026.39
4152.5
7890.9
18127.2
10238.9
27352.2
27251.5
22819.4
5198.17
24221.6
9047.24
19794.3
31582.1
15279.6
8995.71
30869.3
8061
10260.4
7674.25
7749.86
11006.6
10097.6
8096.16
3422.02
15764.6
14821.5
10226.3
17369.6
13803.6
13466.8
11032.8
24317
12816.4
8187.05
5831.18
9057.61
16121
13433.4
11809.9
8802.86
19007.3
8530.61
11706.6
27117.5
16102.2
11724.2
13789.1
24717.8
8554.22
13902.8
7341.96
41708.9
14447.4
14944.8
17697.2
10239.9
18860
13509.5
8340.39
27338.2
14029.3
7299.05
22691.8
5781.33
16553.7
17248.5
26118.1
8706.75
15607.2
13086.4
4818.15
7590
9608.98
12663.9
9576.54
11379.4
11347.8
20237.2
9111.75
17888.9
12750.4
6985.9
5095.69
8034.01
15459
9275.87
17292.7
5436.83
5198.33
7458.81
18861.9
4349.59
45270.7
13663.6
25366.6
11428.4
7393.82
7333.77
10193.6
26605.5
21841.3
12472.7
17991
5785.24
15863.4
9664.45
17585.5
17958.7
5906.8
6629
7311.83
5450.05
6024.59
10905.1
17265.8
35807.3
14966.2
16619.9
17399.2
21221.9
15287.5
33777.3
7308.8
7207.32
15536.9
9974.84
28342.3
34369.4
10479.4
5539.78
9230.82
9188.86
12597.6
9983.39
8863.07
50740.6
16285.7
18345.8
12899.6
12698.8
21128.6
9803.79
15189.3
17081.3
24347.2
14939.9
11445.3
11638.4
12513.7
5686.44
13539.7
13437.8
39901.5
11777.4
17193
16054
14194.8
17676.8
11158.9
27091.2
8061.73
28231.8
31069.4
17924.6
39245.6
12022.4
11468.2
8343.57
20548.6
17390.4
7569.87
21806.5
13694.1
7438.25
115590
7882.42
11295.2
31521.4
19143.3
24021.1
16562.9
14370.6
19117.4
5844.82
20946.6
9683.05
10655.9
17238.8
11099.4
23415.3
10099.3
11608.8
15096.9
10705.8
9373.33
17398.7
14189.7
11319.9
7975.86
10688.1
7937.48
58465
7549.94
6013.79
9865.88
12024
19079.9
14815.1
11136.4
15604.2
7323.92
7285.39
18977.4
10115.2
9051.78
39133.5
38423.4
11865.3
13981.1
16795.9
19600.8
8936.58
11807.5
46626.6
11297.9
10709.9
12093.3
21305.6
16857
12875
9537.22
8493.3
11942.4
8646.25
21355.6
11835.2
15158.6
14064.9
15201.5
17483.7
5623.94
18209.4
9055.64
8248.34
20763.8
12654.3
10932
27501.4
16298.3
7364.98
11362
5482.08
31072.4
7599.24
13685.4
17261.2
18659.6
9315.26
16801.3
19613.6
8166.49
5317.83
18005
15644.5
7326.75
32317
9663.58
9393.96
14193.5
29885.9
13721.6
9396.9
16948.3
14971.9
8326.59
14560.9
9179.93
22980.1
7177.51
13126.4
12783.1
13476.3
29449.9
9257.37
18084
9892.58
16831.8
9456.97
5694.06
21401.9
12052.6
24211.9
18852.3
19171.5
23881.1
18219.9
23319.6
15189.5
6184.87
8733.23
9879.53
13442.6
11889.2
11228.7
17859.3
6915.1
29705.8
5503.84
9176.55
15548.5
6875.36
8808.03
7237.5
8683.7
29672.8
14587.6
21591.3
9853.53
20391.3
8881.67
47204.9
10920.4
11312.1
4550.47
12970.7
19218.4
30065.7
14803.3
12460.9
9736.26
12552.5
23402.9
13733.2
34788.5
7530.13
13318.3
17859.5
17089.2
9751.5
28726.7
8093.83
10974.9
4128.9
18798.2
11824.8
18547.5
10855.3
36475.4
11057.4
22892.4
23492.8
58609.6
13414.5
9791.41
15369.9
18306.3
7988.94
10738.9
17256.6
18295.1
22964.3
17652.1
5244.25
23657.7
14328.9
9164.63
13748.5
5233.37
7287.11
14994.3
16422.1
12557.1
8886.32
10739
9992.3
16558.2
15827.6
13766
8782.84
10221
28633.1
15930.1
12250.3
34944.5
17284.4
22246
4997.51
22679.7
9151.93
17860.8
5281.87
19751.2
6675.49
10971
6155.93
13261.6
12703.4
9105.05
33043.7
22223.9
19024.4
5822.01
13319
6832.12
6757.47
12917.9
9100.63
22233.9
61037.1
11425.4
16715.7
5071.7
9532.77
29079.5
5866.62
8046.42
11867.4
7510.22
13100.8
16427.8
51420.1
21644.4
10271.4
14295.6
21500.8
11848.2
17311.5
8732.6
4987.17
13131
28180.2
5112.83
8122.46
10199.6
9540.71
6891.57
22393.3
5357.26
8849.64
20612.5
25587.4
22132
20783.5
13844.1
13829.6
20625.9
30992.2
12979.5
31960.4
10114.6
22616.7
16027.4
6154.92
15237.8
5150.57
29574.9
16333.2
6749.44
10925.1
39667.9
16566.6
11502.8
24311.7
17360.5
13199.4
16968.8
14042.5
55118.4
8451.65
9972.14
22933.7
22897.8
3947.25
7415.17
15327.3
15688.8
6823.32
43966.5
12411.5
15895.5
5067.04
24730.9
15659.2
15699.3
13227.8
9831.61
18553.7
11853.1
11227.5
11887.3
13083.1
16083.3
19475.9
21501
12935.6
18756.1
12953
5589.05
16157.1
7689.27
7582.58
20123.7
8152.25
9097.98
51468
8463.76
13771.4
29916.6
10246.2
24067.3
10122.9
13670.9
17041.9
38759.1
9934.82
8147.72
10337.1
11686.3
10741.8
27681.4
24140
23037.4
6437.1
9426.97
9939.01
10157.7
7963.93
8017.35
7936.46
7060.17
9350.73
10022.9
12130.9
27066
16221.4
26117.7
22256.7
10824.4
21138
19838.8
20484.6
23698.8
11350.6
12050.2
9748.01
9322.87
13771
11614.1
5754.17
10339.5
20114.3
13161.8
10854.6
15267.5
16687.8
11062.7
45924.5
4159.35
17433.2
20518.5
10002.1
13014.2
57580.1
26722.6
42646.8
8446.27
13551.8
16662.1
21373.8
8249.84
6760.62
9961.03
9505.36
4719.7
9073.02
13172.2
8934.11
31523.9
7239.11
7297.34
8944.9
17397.9
7272.95
12092.6
20046.7
21112.5
8065.85
8394.82
26802.1
28137.8
34136.4
16457.5
7165.17
24268.4
9724.29
12649.7
23001.6
20141.2
10737.8
22889.5
9584.01
7706.08
27047.8
5231.43
7903.96
5742.07
5068.59
9353.72
26817.8
10040.9
11815.7
26519.2
10969.3
9173.05
7573.16
19766.1
24059.2
14290
24734
18857.7
19310.4
20641.3
14991.5
22362.4
17439.6
8324.52
12418.3
3582.66
14342
10232.4
12666
8926.95
4488.18
7989.19
6308.79
19656.4
6311.48
19012.7
11014.7
26505
14330.1
22906.2
5844.77
11050.4
8817.85
16543.4
8945.52
25175.8
15114.2
8150.32
6761.12
12450.4
6546.49
19131.3
11989.5
23209.4
16717.6
8656.29
23366.2
24598.6
7043.28
17971.5
11402.6
7632.21
23366.9
8390.31
9759.21
30192.5
13149.5
18743
11616.9
12280.3
8238.69
46591
6880.31
7713.33
14407.3
14909.6
26690.5
12202.5
6404.28
18175.8
13488.8
7484.35
17927.3
10836.7
5645.16
6579.77
14195.8
11656.9
8064.22
20184.3
7373.35
8195.39
12372.6
11206.1
14818.5
11631
6423.36
24781.2
13591.6
5695.68
30283.2
7840.53
8746.91
11013.3
9624.81
17082.3
24569.9
30182.4
11434.5
9655.65
12225.3
7074.22
13332.3
11835.7
9789.8
23896.7
11648.1
10698
12462.6
9141.27
7310.36
5182.51
11122.1
22569.7
28812.7
16863.9
20653
7366.73
18267.9
15885.4
9440.41
16000.9
13742.6
10502
11939.7
8742.18
15934.9
16688.9
14041.3
13655.7
14856.2
17256.3
15172.3
10989.6
14197.2
19897.6
7858.74
13204.5
11782.8
7599.34
20512.3
27353.7
12807.3
8012.97
11261.2
12398
16812.3
12368.5
5617.45
10362.7
11521
18357.9
30052.8
15015.5
22917.4
17423.4
7739.38
12925.3
9421.01
12515.2
42351.9
16568.1
11648.5
14156.6
10096.4
8004.29
17595.7
17786.3
11592.2
19094.2
8201.39
19113.1
24151.1
9680.22
4768.32
17065.6
11264.7
10514.8
27969.6
5437.36
27056.5
8437.04
10308.4
21215
22163.9
8371.59
12833.3
9744.96
15470.3
10405.2
12007.9
10204.5
15979.8
17541.5
8981.49
16652.1
39824.6
33037.8
6486.02
11164.5
8963.94
12909.1
16250.3
20754.6
14093.8
12686.2
7598.68
26423.4
15637.8
9903.19
30170.9
8909.46
12464.4
8720.03
11358
6205.98
15402.2
9282.64
10839
14288.3
10395.5
19362.5
30966.6
11293.3
4200.17
11370.1
10077.1
13947
16048.2
7120.15
6601.77
24342.1
16123.1
41729.2
5490.26
24202.2
11948.6
6674.29
5301.46
16155.7
18361.1
9324.75
6112.38
8808.96
6474.98
8681.26
18121.7
23903.8
9015.9
8840.07
17723.9
8484.28
10086.3
6603.15
4943.08
13329.6
36932.1
13035.2
11760.7
6788.16
15119.4
16777.4
12362.3
31557.6
44683.6
8482.06
42765.2
12065.8
18581.6
64699.3
7945.71
7427.44
15671.6
12838
8303.45
6518.25
11957.7
10027.6
26345.9
14127.2
5324.17
12425.4
15569.6
7053.64
13451.4
10503.9
6883.64
17561.1
7710.32
10147.6
10161.4
11661.7
8547.69
9397.71
22395.5
6746.48
11471.8
8991.75
6901.9
15780.7
8605.34
16227.3
27917.6
10830.3
26558
11518.3
14750.3
26348.1
11080.2
10168.8
15925.6
18982.5
7126.97
8049.86
26203.7
11721.2
8346.62
12095.6
19371.8
25171.3
10237.3
13508.6
16323
9996.95
14445.4
14423.6
18373.8
19989.2
8189.88
18446.4
21632.7
7998.71
10870
15848
6313.29
22218.8
17080.1
9411.45
30064.5
9858.92
5954.11
20668.5
31488
27075.6
15365.2
7268
11348.1
10680
11053.3
17928.4
12576.7
12078
7455.76
11225.2
18835.1
25952.3
25341.5
9250.78
6950.61
16300.3
12338.9
19624.4
24543.6
8163.11
6933.44
8206.66
7517.72
18392.8
15439.3
7840.92
7297.94
17811
20823.4
6179.36
9356.95
35989.5
10048.6
18386
15067.9
7733.79
9225.17
7141.81
4564.3
20501.3
21474.3
14426.2
18833
21643.5
16062
35237.3
6283.53
12914
10718.9
38647.3
26476.5
17121.3
6996.37
20412.9
14394.9
14679.7
18062.7
24172.1
10830.2
29794.3
17583.2
30998
7766.56
8385.1
12704.2
9735.53
11048.3
14377.7
13396
7273.88
12906.5
12385.5
7817.49
15459.8
15044.2
10430.2
8144.5
18062.4
9871.9
24111.1
32589.2
17337.8
19838
9738.92
27930.9
21465.2
23104.3
12359.1
13557.4
16634.6
12149.8
20349
16547.9
6869.39
8074.01
13306.1
6290.6
11288.3
17720.7
12575.3
11596.9
11178.2
9302.8
11723.9
15853.5
6788.21
16020.6
16730
12410.4
23976.6
15382.1
19243.1
9187.34
21172.1
4107.06
6523.86
4741.96
17186.2
22807.5
9087.31
24907.4
22266.6
19577.3
11969.3
11696.6
10891.4
11519.8
7147.78
5893.75
9927.24
19710.7
34681.5
10245.7
14111.7
50940
5792.8
10509.4
27481.3
28142.7
15736.8
17674.6
31803.7
31591.3
44562.5
7726.24
20731.5
28629.8
10558.1
27068.2
6122.91
15399.9
11850.8
24190.3
13719
21808.2
20806.6
16160.1
18268.2
7165.53
18061.9
10396.2
19794.2
11482.9
10550.7
7010.34
9183.57
24869.6
8265.52
8330.32
13826.2
11026.9
19836.2
25298.1
50222.9
4832.98
11598.7
13755.4
8214.56
3568.74
7537.98
16058.3
10801.5
5894.49
8259.18
10950.5
9013.88
4330.1
42676.8
12663.6
6823.42
51211.8
8147.11
5880.18
20839.5
15830.4
14215.9
13644.8
11893
10746.3
15281.5
28660
9755.52
43001.2
8756.73
21219
4867.7
7879.33
10667.9
9980.55
5912.89
24452.1
21155.1
14571.8
13297.3
5706.36
9736.94
17121.3
11084.5
11812.3
12521.7
6406.02
8336.36
7164.14
7442.95
14359.2
8679.39
12032.9
9601.13
12824.1
5393.7
5805.88
25788.6
5656.17
7333.25
9960.8
8743.65
10416.4
16379.4
17225.9
30145.1
15786.3
15169.3
21614.6
9594.55
25522.7
8452.53
25162.3
6172.28
14487.2
18949.4
10705.1
10962.2
4916.04
8026.66
14030.3
8631.68
10621.4
7142.74
20725.4
14948.5
22361.1
16087
7950.26
14046
15928.8
15737.4
16169.2
9065.46
19082.7
16523.7
15125.7
9928.33
4514.7
7734.95
12700.1
9537.66
12547.8
11583.5
5521.32
18096
11270.4
6833.75
11026.9
8473.79
20639.9
14959
21834.3
14158.6
4806.19
9862.43
7271.71
12515.3
5856.91
14493.5
19915
32713.9
16917.9
4842.78
7986.32
11533.7
23138.3
16913.9
7509.11
9552.9
15640.2
6839.55
9431.63
15200.6
6839.52
8177.24
16045.7
11374.5
7229.22
31821.2
9625.24
9222.63
6453.05
3651.28
22163.7
14254.8
8846.09
11708.3
10261.1
3807.78
13437.3
9874.8
11625.8
16541.8
15706.7
9618.65
13335.8
16681
22279.4
21145.7
9480.89
6735.77
21074
13600.7
4565.01
9622.7
16946
17064.8
11743.6
12808.8
8045.59
15165.2
12181.1
6918.75
17343.1
11329
10281.6
5034.43
6068.41
17702.6
4055.43
10309.8
7575.93
9521.69
12905.1
13692
5254.82
16766.7
10939.3
13371.7
54431
14384.3
6673
11580.1
21575.1
6825.15
8866.21
18757.2
22123.8
9236.62
26672.5
9774.54
9296.31
15398.2
13797.9
20405
17435.9
28167.9
17696.4
17963.4
12636.3
18334.1
7758.7
17896.7
12626.4
8089.48
11149.1
11179.3
10279.2
8730.43
7574.22
11698.1
4498.27
11455.9
9696.96
8475.09
7800.15
16447.6
8292.39
12544.2
7637.16
16768.8
5231.95
11100.6
21798.7
16051.6
14005.4
21482
26458.3
14599.4
8376.87
24608
18571.1
18192.2
10959.1
9455.24
13526.9
10433.7
9504.96
10010.2
8523.4
10595
22070.1
13977.2
18622.2
21230
8981.51
17457.5
14607.7
8327.72
19268.8
17717.1
11685.9
29848.3
10237.1
19788.7
13213.6
25725.9
12237.2
19530.3
6746.43
33961.2
12011.6
14000.6
20670.6
11705.4
5433.9
13931.6
13329.7
9776.26
31488.2
7417.91
33470.7
8137.46
8842.71
13674.3
18167.8
5930.22
16922.2
6288.9
12092.5
32387
11249.7
4195.06
28167
6988.66
17275.9
23471.4
12151.9
10065.1
7043.8
14735.2
4256.15
7135.86
27151.5
45249.8
16399.8
17558.9
6860.55
26214.1
13586.7
5222.18
27152.1
18034.6
20144
14746.7
16250.5
8466.37
7767.24
8850.48
13695.2
5759.9
31350.9
10424.3
17226.5
10945.9
22567.4
16796.2
9450.46
16322.3
16849.3
7575.37
11531.1
18584.9
5982.18
13829.8
8827.6
14760.5
8006.4
12601.4
17067.4
8667.35
21180.4
8697.2
12368.2
15085
13248.4
26931.9
9419.83
13071.7
7147.52
17628.3
12325.2
25511.6
14173.7
6740.65
12426.1
20050.2
16074.6
12327.2
12225.9
22454.9
16437.1
5987.8
21885.2
19001.9
24552
13282
15120.1
18381.3
29343.3
17747.4
6739.27
9183.35
8058.87
13201.8
13496.9
7417.58
17589.4
9763.82
23724.2
20617.8
25033.5
5866.89
8036.93
8024.82
21322.8
14773
16910.5
14366.9
6153.16
7886.52
15309.1
8159.94
9815.75
8063.91
10392.4
13957
5140.14
14690.8
9756.89
8569.84
8864.79
10408.5
5640.46
6685.64
17587.7
32558.1
28002.9
7407.22
28030.1
22293.9
23141.6
22100.2
9829.79
13287.8
36170.3
9357.25
37979.2
22214.9
6350.58
8598.52
22958.7
10693.3
12519.6
23036.4
11917.1
14952.1
21581.3
10805
4160.05
15004.3
10668.9
20825.6
6754.6
6943.91
5075.84
7699.06
12554.3
9576.97
12299.2
11093.5
21704
12057.7
30271
19967.7
8117.99
11653.6
18206
8623.89
15589
18165.3
6441.53
13183.6
11011
19077.6
10216.4
10287.4
11428.6
11633.1
10060.6
10522.3
19113.3
20366.6
14037.4
21761.8
32399.6
8201.65
10051.4
7783.25
4139.48
13171.5
7691.54
5361.05
6064.2
7059.99
13714.9
29600.4
10796.1
7129.52
9193.89
16296.5
11991.4
14584.7
16243.7
14296.8
6468.71
9115.35
16289.7
7093.25
18680.5
12259.5
6756.43
5877.26
14469.3
8402.25
15661.5
4189.31
4375.25
22169.2
10355.8
4990.99
8252.4
7481.02
7856.29
16264.6
18136.5
8174.5
16554.1
12275.2
6279.84
8908.06
21676.1
7088.24
8952.04
16868.6
23241.7
5490.4
17201
19417.4
6668.99
6717.88
24400
14989.2
10902.5
10805.1
13320.3
18963.9
10588.8
22944.8
17503.7
17488.2
15067.9
14132.2
26745.4
7839.14
11323
9725.6
28346.1
12737.1
16069.7
16526.5
15589
8913.86
18210.1
15285.9
10440.2
6776.15
9898.67
7754.72
8705.11
6375.47
9957.45
20503.7
12412.6
22365.5
7808.04
11150.8
9961.03
16152.5
18123.5
13741.3
5972.37
6807.7
9094.23
11122.1
16588.9
15882
22635.5
16826.1
23074
8085.35
12641.6
16542.1
15074.9
9731.65
14692
11706
11513.4
11716.5
5444.36
5079.7
18944
27286.6
8975.27
45246.4
23951.8
17732.8
14413.6
5034.37
8052.94
16222.5
38859.5
24397.3
11327.1
29222.1
14544.8
14277
11128.3
12393.2
5873.2
29570.8
35832.9
10961.7
7603.64
23857.2
11780.6
18396.2
23899.3
8061.28
9141.89
18841.8
5066.87
36449.2
18502.1
6586.14
29733.6
18651.9
8064.97
11294.4
8954.95
7993.43
19049.6
8681.12
20763.5
5661.35
22461
35930.7
17344.1
10572.6
28167.4
15204.8
27580.5
16925.6
17203.4
11476.7
34006.4
11676.6
21726.7
24967.3
9183.01
12785.8
26950.3
19341
6570.63
11787.3
6429.69
12501.4
18549.4
4962.66
13849.1
25974.2
16063.3
8024.86
7464.1
4501.8
9867.03
18227
17619.7
10593.3
5881.89
21603.3
6344.38
13566.4
19517.6
9143.13
8531.42
17462.3
74083.3
18043.3
6059.77
18149.1
11626
18733.9
10875.3
13387.2
14655
16584.3
29207
9038.46
22486
4297.14
10477.6
11050.4
7576.54
10034.7
12244.6
29757.2
12348.7
11388.9
7870.45
12140.3
7505.05
17317.1
8484.68
18541
21597
32876.5
12541.2
12517.6
19750.6
16246.3
8759.06
5554.42
27324.6
18080.6
21240.2
9783.14
19636.2
23490
11045.9
17019.5
13455.3
12714.7
17834.1
13794.5
23106.4
16491.7
30777.3
17535.6
22296.3
3142.85
16010
11596.1
9078.4
17621.4
14130.4
15270.6
3682.1
8655.74
9570.18
14095.9
18442.8
10145.7
13759.2
37778.2
6506.94
11554.4
21458.2
10719
12389.6
14079.5
9524.12
5076.29
12439.6
7537.09
11622.2
6847.13
25176.4
10495.2
20182.2
15647.5
40860.1
15591.5
22770.7
6900.86
8633.23
5723.49
9155.27
7899.34
9596.38
16431.1
7646.04
8308.94
11175.3
11175
17263.6
16235.3
15507.4
14272.1
20048.4
32249.9
24802.1
16081.4
15275.7
24828.7
19445.4
9484.16
29023
18814.6
48196.9
14626.7
8902.11
5264.78
42322
8463.82
26755.5
7989.98
14887
11424.8
9327.95
8515.12
9319.34
39901.5
10801.8
8382.76
21898.3
11731.1
17332.3
15157.7
12498.2
11370.8
45336.4
11397.3
5463.35
9332.6
30652
22359.9
13372.2
13678.8
12406.2
21723.3
10493.8
50813
5672.55
19624.5
9367.59
13255.7
15252
9238.31
14374.1
28333.8
16384.7
10309.3
8510.11
8134.2
5852.21
18808.5
13462.8
12745.4
4002.02
5584.42
7059.62
5649.62
11638.6
10199.9
10648.5
10563.4
9024
9387.37
19256.7
11926.5
38674.8
16830.1
9584.23
44341.6
12049.2
28751.4
10333.7
8154.36
6742.18
22018.7
6096.34
14348.6
10391
7576.07
12057.4
20313.7
7920.47
37126
34849.2
6804.33
7928.5
13658.6
14583.4
9624.63
9971.91
14027.6
16958.6
23834.4
10045.6
11623.1
14061.9
16476.5
13620.3
24336.5
30258.4
16769.5
5939.98
22530.9
13566.2
29397.6
11543.6
16371.2
27646.1
17200.4
12881.5
15489.2
4418.8
12422.8
11300.1
14058.7
21557.1
20900
15878.2
22459
5267.03
9504.53
14357.4
10568.6
7599.87
11815.9
15657.8
9931.89
32524.2
7542.12
7952.36
11347.2
13895.7
20766
23461.1
17054.3
6130.8
11700.9
4695.92
10683.6
12009.9
14618.8
16525.5
11927.3
15060
21040.1
17125.8
7694.6
37055.9
6268.72
13502.5
13273.8
8567.5
11235.4
7700.16
8823.93
7719.48
11442.3
5113.93
13945.6
10093.4
11037.4
11098.2
16321.6
8788.8
15181.7
8644.22
12730.4
4299.04
15099.2
7059.13
13087.2
6331.2
4761.46
12043.4
7560.53
17646.6
8781.28
21828.9
20502.2
18152.1
9299.86
3784.32
6928.19
8433.5
10181.6
11050.5
9956.26
10047
20114.3
16645.2
8536.17
20481.6
12008.1
12872.6
26325.5
11553
14314.2
24280.1
11483.4
17454.1
8904.05
9489.27
6238.58
15922.9
17311.5
10962.4
17587.6
27757.2
8572.35
7047.97
18266.6
25759.1
9847.99
8481.14
5743.36
19888.9
9288.56
10012
19967.2
18653.9
12277.8
17004.3
24657.5
9083.63
8184.33
7437.28
7221.37
16002.1
4424.44
32241.4
19223.4
18393.7
16950.7
21512.2
23408.5
9795.68
7941.16
25298.3
11714.7
7336.38
10110.5
16196.2
4258.18
6627.09
9824.73
9126.35
16200.3
20460.2
12607.5
5116.14
16918.4
7482.33
11663.7
32510
22459.4
6692.58
10299.1
20273.6
7818.24
9583.15
20755.7
10179.8
8368.26
36493.7
8761.78
36179.2
6003.23
11546.1
20832.5
4957.27
11787.8
11012.2
13671.3
19053.5
5020.83
12116.9
22771
10722.6
15596.5
6389.44
9022.68
21752.9
7845.75
10083.1
10836.5
12831.3
17665.2
24452.2
6695.73
5864.23
16513.1
19568.8
18212.8
15822
14578.3
11766.4
5040.98
7252.13
23783
25567
12994.7
17431.7
8758.03
9217.98
11752.2
8336.42
14540.2
6567.08
7473.24
4235.48
9349.5
36216.6
11199.6
7624.96
17280.9
17063.4
20589.5
8159.57
7782.92
10173.9
17622.1
55026.6
12851.6
24182.3
23641.3
18105.4
42596.8
26062.9
16034.9
11824.2
16099.4
21799.8
9819.77
9261.77
17098.1
5013.91
7334.32
4208.33
14783
11170.3
17073.3
16253.5
17873.5
4447.87
18155.9
14421.6
6359.33
10487.1
20655.9
9783.06
8315.96
18125.1
7645.76
10373.2
26559.3
17571.7
14894.7
17302.5
27598.6
7579.11
8904.43
17970.2
26805.8
20980.4
16111.9
4763.79
9340.15
8029.78
22555.8
17233.6
7887.58
19241.9
8793.08
16124.9
11333
4153.85
22909.4
13962.2
17729.6
11383.1
13025.4
13111.4
18608.8
12613.2
10606
19589.5
10226
5937.94
24915.9
12621.1
19000.1
14012.8
6552.43
25717.6
3539.83
6914.04
7372.52
21131.2
32446.9
8467.19
13259
3898.09
13860.2
9246.89
9643.45
14282.9
16884.9
18821.8
11021.2
6348.38
17106.8
9562.72
12963.3
19704.9
15885.2
14319.5
19189.5
17512.5
6281.86
5359.4
8401.8
8935.12
11532
9011.38
21565.7
14538.2
17628.8
40088.8
17691.7
9214.17
12213.7
24039.8
7981.37
13790.2
15336.2
15163
21077.6
11316.8
10175.6
9500.67
10219.4
8906.75
19424.5
14682.9
10308.4
8388.78
16519.7
6933.13
24201.1
12965.5
11087.3
12263.4
12039.9
6612.11
4468.63
13336.2
13332.7
12434
13650.2
12076.3
12486.9
21152.1
14780.6
17116.2
12348.5
7322.08
21346.6
10855.9
18963
6434.2
19268.8
7980.66
12035.5
8203.54
18034.1
13163.5
12128.2
7580.5
7414.12
12796.8
6495.96
11413.8
14631.5
11802.9
11579.4
11289.6
16259.9
9611.35
9985.98
12694.6
6291.73
15866.2
4930.72
9350.83
9271.83
15521.5
11043
33916.2
5279.34
11898.3
16290.4
16065.8
8620.74
17298.9
13699.5
12311.2
46497.7
11625.4
7958.68
28876.6
8744.97
17535.9
16028.3
6528.77
12344.4
6142.23
6851.84
14550.9
16970.1
17385.3
19616.2
27053.6
9537.08
12943.6
14385.1
15776.8
10559.8
9735.48
17880.1
10659.8
15960.8
7446.13
11192.2
23626.5
4704.37
12399.3
5112.8
16540.1
21129.6
15639.6
4899.16
12189.9
12208.8
23615.9
10678.4
25303.6
16016.2
10946.2
18783.1
8440.99
10834
10954
8319.7
40858.8
8975.64
9552.84
7896.85
14612.2
11129.8
15108.7
6633.69
15706.2
13645.7
10109.5
26222.2
24489.3
26596.3
9170.15
17828.8
16705.6
27951.3
9390.93
6696.08
14933.4
47554.9
30430.1
12380.2
7868.33
6932.26
13962.3
15285.3
4938.11
9314.38
11561
18355.5
12337.1
19429.6
9094.68
5813.23
10268.1
23378.2
13918.8
15259.5
8881.63
10846.3
19113.9
11269
6599.56
17664.5
15106.4
14490.7
17615.9
4971.56
28733.1
24878.4
13636.3
15680.8
24051.5
33189.7
8923.61
30307.3
29152.1
12579.6
17635
13460.4
14155.9
5442.18
8404.01
8334.33
10171.9
5823.48
22200.7
32303.2
8475.23
13254.9
28404.7
21906
16048.6
21621.9
18113.3
11352.1
15841.6
7230.92
8829.94
12020.7
17445.7
13263.2
19554.1
16482.2
17750.2
6734.9
22621.6
23917.4
8052.76
6859.05
5112.91
14567.5
7977.27
8935.44
15612.5
11933.8
18789.5
7574.2
17372.6
15283.1
26733.3
11564.8
5407.47
12987.2
12211.1
22140.2
11996.8
16028.2
6670.34
19275.7
13954.9
13702.3
6144.88
18234.2
22218.2
16022
11735.6
20365.7
32076.2
16970.5
8502.53
4930.92
25373.6
28673.2
8587.67
18481.2
9377.27
11807.7
23771
18386.2
29398.3
8637.84
5438.95
9933.32
17255.4
6002.06
20086.5
12074
8511.89
28566.8
7290.33
11110.4
12738.3
16858
13269.6
16874.2
6734.55
7530.37
15152
21191.8
14885.3
15579.6
14031.7
25963
23771.5
8437.7
5194.37
15843.3
21043.5
18375.6
9865.56
13610.9
17017.1
9900.56
13081
13741.3
7954.26
11580.4
14889.7
12735.3
11781
12462.9
11296.7
10197.4
37486.5
29537
13864.7
12572.8
5607.66
17544.4
23261.7
9622.94
5666.13
15881.6
6995.99
8665.01
7836.23
6982.15
21762.2
39864.2
19260.4
7971.54
28756.9
13053.3
14346.1
9223.5
12786.2
15725.2
8055.85
8984.37
17220.8
13051.2
11243
7369.34
6030.96
12702.6
6809.09
8602.48
11532.7
24455.4
8916.07
4323.05
22644.1
10419.6
14995.5
12861.6
26410.3
11205.5
33746.4
6521.34
11220
7015.78
14022.9
10660.6
12774
11355.2
17521.5
10113.1
8198.39
19956.5
8250.7
10249.5
6639.69
8407.41
14428.9
21843.1
7266.89
7255.73
28269.8
17244.8
6973.28
8016.65
9443.57
27318.1
26607.7
30046.6
9288.19
10978.1
21096.4
15249.6
9653.71
24790.2
15459.9
22532.9
11340.9
18162.7
10302
34232.3
28170.3
16518.1
31199.8
6570.5
12943.3
10912.6
12062.9
14090
5988.21
21263.4
13627.6
14131.8
3646.63
5903.65
8726.24
8957.07
9552.5
11920.5
28972.3
10236.1
18989.6
6736.05
23396.9
9185.25
12973.1
7929.42
5502.08
6986.92
11105.6
16389.3
17568.8
9811.73
17696.9
13594.8
35328.6
7274.56
6685.61
16545.8
46424.1
24814.3
8191.73
5021.63
14871.2
8871.56
12804.9
22576.2
9427.52
13218.4
9751.29
10575
17469
7277.93
5367.03
6606.67
42337.6
6303.45
14961.3
16486.5
30361.3
17682.4
11678.1
6057.96
16585.5
5876.01
15232
9204.52
9649.12
14840.1
15569.9
14839.7
13081.7
26463.2
10003.4
31046.2
7015.83
20470
15075.3
7164.89
13094.7
9247.74
7898.4
5023.77
16669.5
6361.17
6748.06
13106.2
6618.17
9045.57
14887.6
18463.8
16934.1
7630.66
11276.8
12486.5
18491.2
11556.4
5435
14314.7
7043.15
6353.6
14761.3
12645.3
21290.6
10898.4
25940.6
9416.84
10404.1
11856
9203.05
12341.1
18282.4
8606.93
11953.9
7800.13
8422.46
9628.51
16890.2
15689.1
8517.25
11722.7
14436.9
7635.51
38949.5
13174.6
16697.8
21492.9
8838.35
11083.3
7050.71
10581.7
26971.8
11940.6
10083
10712.7
17184.7
15103.4
11810.3
16855
10268.7
21254.5
5034.33
15527.3
24961.5
17384.3
13804.6
18509.5
13128.3
12894.4
8543.12
10228.9
12817.6
12886.1
12056
18850
7678.93
4220.06
31900.4
6462.36
18188.1
15297.7
6273.64
11705.6
11006.8
15583
19981.1
13657
13005.7
6441.82
19185.2
5979.39
9996.03
7898.42
17218.7
9508.75
21007
4692.55
62648.5
20972.7
33844.9
11023.4
17944.7
4058.24
19721.5
24555.2
15224.1
5956.79
24518.1
8244.21
13339.7
6513.98
11621.1
13344.2
17157.9
17153.2
10046.1
22490
9773.49
33400.6
16389
28891.6
16664.9
6327.39
18332.3
11126.6
18493.8
15218.2
4376.67
19618.5
6509.22
5724.72
4793
11295.4
10992.8
9537.9
6292.13
13880.2
11750.1
16839.5
7394
7893.85
15869.9
32799
5854.55
6349.22
6604.09
14163.2
5631.31
7664.06
6807.76
8782.59
14316.6
8800.85
4256.68
26405.6
5255.98
18305.3
8394.26
5507.15
20343.6
16323
16571.2
22603.7
9420.25
8340.82
7091.6
12314.1
18778.4
5996.14
14209.8
19589.1
8879.17
7251.48
9238.82
18522
12626.3
5392.43
33315.9
9846.03
21423.2
11643.5
20123.3
10477.9
21868.2
12573.8
8514.94
6182.43
8214.39
24399.3
25532.6
11499.4
9154.25
3891.78
7739.44
20944.3
34390.9
11925.2
13803.2
20945
18564.4
8624.53
16212
12509.5
18756.6
10395.2
25169
15055.1
9210.04
19910.6
17544.2
5614.43
11278.1
13884
11663.6
16061.9
27986.2
15496.1
24375.1
13462.3
16992.5
18918.1
16176.7
19811.8
11914.5
16319.3
21307.7
13398.3
21705.7
17128.3
21323.4
6158.27
9225.41
21519.8
13645.2
8749.96
37882.2
10149.8
16549.9
9141.95
19507.2
21326
17915.4
27980.5
3912.34
16157.4
6812.73
9047.67
15365.8
9061.9
18447.9
8095.57
13735.3
8264.44
10830.8
12665
14033.7
22949.3
6487.06
19683.6
16460.4
16720.7
8182.96
11152.1
9701.27
9919.25
3874.14
13288.7
11207.1
32928
10916.5
7416.04
13509.2
11261
17362.4
15743.4
23781.2
19868.3
8586.9
11740.3
12101.8
33022.7
9925.07
11007.2
6690.95
9857.84
10961.9
15400.7
8332.08
7957.33
19974.7
21038.6
7310.8
9608.22
33947.2
9834.17
19402.2
16382.7
15758.6
26583.6
30200.5
19167.9
10878.8
20395.5
21908.6
16319.3
7033.36
9959.62
16011.5
5621.55
10206.8
11097.1
13264.5
8121.98
10572.6
13160.4
14119.2
26820.9
21491.1
9589.8
22851.2
11127.4
13217.6
5776.4
14638.5
42235.1
11230.7
9025.17
17381.3
17450
5793.74
26283.5
18824.6
5080.89
15272.5
6866.2
27825.5
8652.04
47510.8
19825
7173.48
8294.69
15525.8
8485.82
16193.3
6060.74
12208.4
19893.3
10949.8
10775.5
16101.1
14067
23595
12461.4
18013.4
13490.3
7420.85
11090.2
41927.8
17222.7
26831.1
7593.67
9279.85
18060
17313.6
10077.6
8314.55
7833.04
16542.2
10018.7
17043.5
25361.9
4557.53
37784.6
8971.51
24369.6
10911.1
33561.9
7430.26
28062.8
7157.36
14542.6
15557.7
12583.3
33310.5
3613.36
20267.5
11362.5
12243.4
6119.96
17388.4
6195.9
15384.4
5967.53
23116.8
14045.1
13707.5
23929.1
6254.61
19545.8
20171.1
12518.4
45607.4
9740.87
26738.1
18730.9
12964.2
21200.7
21627.1
9971.34
9015.92
12483.2
23433.1
24756.1
12011.6
9027.51
7575.34
30818.1
17864.2
12842.2
14194.7
6641.33
6512.05
10022.2
7009.71
13848.9
12081
4986.13
9580.35
21040.5
17107.7
10683.1
13413.1
13081.4
11829.9
19258.3
8796.58
25892.1
25563.5
10582
29417.6
17845.6
36826.3
13359.8
24840.5
13363.4
26291.2
21672.6
7765.8
14612.5
8119.91
13291.6
12770.6
8536.1
27149
8180.82
7581.16
12509.6
9585.55
12138.4
20553
20019.9
20380.8
14806.1
14244.9
14220
9762.04
18037.5
13286
8377.33
22311.8
4390.75
13709.8
25317.5
9404.04
12812.3
18137.4
14688.2
9239.15
15712.2
9012.54
8595.18
20417.1
14006.6
20646.3
12424.6
17118.6
14807.2
13291.5
10024
4110.61
8311.2
11206.2
31179.3
13184.1
8543.99
20332.3
5571.09
15747.1
19267.4
16064.6
9933.24
6726.44
9568.2
14787.7
9344.79
5629.55
29112.6
17368.7
23849
14087.6
12139.6
17516.1
14151.2
6127.99
9149.39
5839.8
9196.97
9867.85
28518.4
4274.67
21368.8
16106.3
12442.9
8684.75
18576.7
17678.4
25420.6
19292.6
30166.5
29151
30289.3
32918.9
18071.9
9155.92
12240.2
10760.2
15761.9
24037.5
10013.3
25988.8
20033.5
32894.4
10215.8
12001.9
7457.95
9022.52
17956.8
24187
8106.15
13423.9
14363.3
13520.7
10096.6
13456
17352.4
24000.6
14658
23937.8
20822.1
25022.5
11022.2
7572.54
20813.5
7201.35
7801.6
16815.8
9527.21
8762.95
9053.13
6643.55
7969.38
30519.1
23389
7066.01
14042.3
8403.92
11320.4
15407.2
14977.1
10764
5214.26
12476.8
9392.06
38913.9
25841.2
12404.3
16313.5
9857.59
8555.67
5690.18
4542.44
11641.6
15982.4
11521.7
8278.4
14859.2
33257.2
11279.7
25120
16715.7
5196.76
7762.02
17526.5
7392.55
21263.2
18050.6
16018.5
16003.4
5749.7
8350.78
15824.1
16097.1
11774.9
6329.74
20271.5
13951.6
7686.48
10033.6
13196.3
5695.66
9993.83
6553.04
8567.35
8754.2
12386.3
22605.8
5425.46
20949.8
11846.6
21133.1
14237.6
9184.78
22802.8
14316
16400.7
20501.9
16947.2
10442.9
14261
10108.2
7105.01
9842.73
18384.2
25301.3
12011.6
25422.6
7373.88
17589.6
12975.8
17099.6
20410
22257
9760.07
7619.06
22409.8
5941.55
16143.4
6362.99
5133
7928.37
11935.3
17741
18986.6
8718.47
4989.88
14855.5
26321.9
16157.3
9557.02
12007.7
19241.6
11476.5
20702.8
32768.8
16862.3
8334.62
11905.9
16002.1
9497.54
7334.76
14283.6
10125.2
8903
7872.93
8101.13
26388.5
9818.49
9950.13
8561.23
20167
9573.18
19089.8
12772.5
14225.3
12213.2
4176.6
23663.4
11420.4
11680.4
15713.4
11294.4
14149.7
21949.3
13433
13424.3
26462.9
9224.84
19258.1
38684.2
9065.52
9935.33
9420.38
16651.1
16208.3
11281.9
11711.4
5726.2
14770.5
10131.8
8641.95
11885.1
32244
29323.3
4786.76
16643.9
15065.9
19958.5
24357.9
11356.8
13848.2
6336.06
12883.6
8745.47
11872.2
8172.13
15032.1
10527.1
11806.4
12735.1
8164.96
32777.2
14793.5
4070.41
7253.16
5645.46
5445.64
14305.9
22881.9
10282.1
20841.8
8357.7
12043.3
17261
23945.4
15873.8
6647.2
13845
17223.7
24718.6
40657.6
8603.7
29196.5
4260.7
18669.3
8914.99
26473.1
10320.8
18547.8
35028.8
12319.9
9469.23
25358.9
8979.98
14875.2
21144.9
16971.4
13799.2
12007.8
11447.8
14848.5
7903.5
13991.2
29343.4
8333.19
25295.9
12417.6
37619.6
17772.7
9675.98
13320.9
8651.99
13163.6
34382.5
13068.6
5824.02
6193.1
22547
27667.4
11028
26011.5
15287.8
8863.37
20467.9
7015.88
10709.2
19428.4
6178.44
7553.92
15387.1
22697.1
10610.1
16335
5802.04
30326.9
12277.7
32464.4
8216.15
18736.3
8772.16
14549.8
12130.5
10613.5
13820.9
12918.9
10887.6
36570
14835.6
7865.42
22424
16402.3
9939.16
17949.3
5758.52
18856
18933.7
13737.4
7548.73
16209.4
10096.9
12890.9
15560.1
16312.8
28385.3
13821.7
19152.6
18911.2
22679.3
41172.6
8076.39
17242.7
15316.2
14244.3
16709.2
12907.3
9573.44
5185.69
7885.84
12118.1
10662.9
18515.2
10219.2
28231.9
11555.3
15673.8
16323.8
13023
9655.98
12380.5
15291.6
10162.6
10420.7
6862.23
18206.9
9622.88
12903.6
10988.4
10204
6875.08
17575.8
23008.1
33265.1
30241.4
7965.23
8727
19607.5
22076.7
8450.75
14814.2
13535.9
12165.9
13071.6
17430.2
9748.56
8306.27
9050.99
10550.6
12515.3
15492.6
15840.3
26445
4461.18
5675.78
27873
9902.75
12410.2
14143.5
13888.3
23050.4
17773.9
22802
13360.1
11445.5
26065.2
20598
31892.2
8631.04
16194.4
10155.7
7929.79
18508.2
8283.63
10455.6
7244.64
9894.37
16104.1
21054.8
15872.9
26659.6
12548
7935.95
8003.21
13361.6
10146
7389.57
8444.28
9150.45
20117.2
4519.24
18933.1
10928.5
34014.3
11433.5
18211.5
14292.6
5398.09
10727.7
7030.42
8207.19
9320.25
10547.7
8604.74
7102.54
16497.9
9796.13
13684.5
11577.5
18942.1
30032.4
29096
13312.2
6033.57
30655.7
32583.8
3572.54
16109.8
26459
19268.3
5605.35
10019.1
14579.5
20158.2
13811.4
5136.12
16652.2
16630.8
14692.1
16249.9
15892.4
5863.4
17296.6
4656.83
11983.9
5346.13
10138.6
16847.3
12350.1
13412.4
11004.5
18646.7
25185.7
7616.25
5781.71
18450.6
7810.7
6580.37
39088.8
10953.1
19575.5
34230.6
23082.8
9242.17
14324
13681.1
10524.5
11089.7
15402.9
11256.3
11431.2
5058.02
15268.8
10475.8
20917.4
12418.6
10766.1
16513.7
21077.8
16701.6
4800.88
5494.94
10276.7
9438.26
23611.1
19135.3
9612.72
5611.62
32790.6
9542.04
9924.42
8678.16
9747.26
10197.2
16489.5
15559.5
14305.4
6534.42
12474.8
20092.6
21010.3
9347.9
5967.27
20948.4
20470
6942.18
11110
8391.56
23454.8
23016.6
20099.9
15337.4
9849.48
7657.21
25270.2
44868.5
8414.58
7457.94
9795.59
28020.9
15123.5
21138.6
7426.1
7383.8
8487.94
4633.74
14902.6
19054.2
22075
15257.4
35710.6
9877.59
18735.7
10943.9
10559.2
17816.5
5770.49
17860.2
36067.1
8996.2
6731.45
28915.6
11290.8
19883.4
10622.8
9258.54
16863.6
17660.5
11552.5
11632
13166.4
27856.1
15490.7
7178.8
17097.8
56726.1
15719
5123.89
15878
8468.45
7252.22
9378.42
9543.11
25472.7
8788.87
36423.2
26224.1
9178.12
7337.47
6156.87
62173.7
11041.5
22693.4
10675
17880.4
23461
11829.7
11009
20540.5
20884
20375.1
7088.95
10019.8
10784.4
8606.46
6282.97
27220.1
7821.03
21878.5
34254
16179.5
12730.9
26587.5
12157.4
13829.6
8396.91
12426.3
29224.8
10952.8
17789.4
9379.84
8988.98
11368.9
18324.3
13024.3
10909.1
11661.5
13917.6
4696.37
14342.9
9896.78
17567.3
16643
10256.7
22016.2
10627.3
17859.2
10958.8
8095.44
17348.3
27003.4
17501
11611
12716.5
7908.95
29911.1
4530.11
19863.8
15444
16969.7
33890.5
14956.9
8512.1
19974.8
42705.8
16347
19828.5
6919.86
34996.1
9031.32
31093.2
19777.4
11502.1
7557.42
7653.69
13732.1
14877.1
20308
18071.8
15247
7450.61
19950.3
10722.8
6842.74
37271.2
17504.6
26389.9
9446.02
10435.3
14594.3
12516.5
12489.7
11772.5
9868.08
13173.2
10592.7
12923.3
20676.3
9408.93
27003.5
7670.48
13045.9
40260.3
31231.9
28652.4
17239.8
16016.4
6663.68
4263.2
12287.7
8229.49
11026.8
7628.56
10735.6
9231.51
7445.92
16301.2
18336.4
35742.2
17108.5
20207.8
12885
21898.2
6675.5
5953.74
24519.5
11905.3
7839.08
4454.34
19516.6
10156.7
10023.4
13722.1
12747.4
17061
23416.5
27745.3
14986.6
28620.3
17966.4
15567.4
23419.9
6291.91
15404.9
17178.7
7060.74
19485.9
6805.86
15012
22526.4
13927.1
9376.72
19415.9
14033.9
26481.8
18016.4
17165.2
13803.2
13168.7
8753.48
14554.5
14386.6
9025.86
11458.5
22412.4
16745.8
15552.5
16409.7
26996.4
12037.6
14978.6
7609.91
7217.42
23948.4
36744.5
4390.26
6071.91
23213.6
16641.4
10936.7
4460.87
16944.6
7126.97
9231.67
6211.8
12413.7
3860.03
9780.65
7643.37
7315.49
14647.5
20804.8
12014.9
13050.1
13672.4
15916.1
8559.1
5284.55
20002.8
12586.6
15621.3
26528
11684.2
8815.05
4422.43
16619.3
17268.6
9189.39
43393.8
14431.1
9131.94
29288.2
12513.5
9623.6
33086.5
17524.5
21139.2
17982.8
9600.28
16006.5
7303.87
21727.8
18219.9
10195.6
15225.5
6029.52
6315.66
9990.36
7650.41
25386.6
11969.1
3934.34
7162.81
21776.4
21442.5
19533.2
26577.7
12686.7
21930.7
13175.7
11653.7
10756.9
21467.6
5037.43
17249.3
23139.4
12276.7
10553.7
35039.2
19903.5
15457.6
9154.4
21346.9
8939.83
15140.6
12189
4521.64
17088.3
5207.37
6878.31
11699.7
10286
7870.33
15532
8784.27
15983.3
8155.71
4511.25
11273.3
12547.3
10448.9
10852.4
12468.6
6764.24
10161.7
34664.4
14448.1
6269.1
28141.8
24294.5
17319.9
8679.07
10906
7679.48
12872.9
14364.7
16980.5
7056.88
37700.6
5334.22
9622.55
5742.46
12294.2
9758.09
13856.1
6773.71
9860.03
10177.1
18583
8530.59
29850.7
10834.1
7554.29
7270.18
9058.42
6419.97
53919.9
6993.32
11137.7
9033.78
12641.3
22102.7
13450.6
16895.7
12387.3
19308.6
4396.2
13805.7
13299.4
11272.5
15770.5
5378.76
27813.1
43641.4
9014.09
8452.09
17800.8
6607.52
37992.5
12592.4
11509
15516.3
9244.74
13747.1
3809.9
13600.8
21034.1
6542
22256.1
10291.2
15768.9
5011.12
6543.92
24273.6
7457.01
7955.27
23675
10904.6
19555.4
18561.5
3693.32
15131.9
13073
6598.04
3812.2
10368.1
17492
7963.66
10670.1
32642.8
12015.5
17159.9
6735.6
17824.5
8029.99
14129.7
9257.74
24278.9
8117.01
5812.84
13912.5
9008.53
31828.6
4907.51
12005.8
6274.25
13484.2
4333.42
6075.79
11511.5
7952.8
9194.86
11551.7
11881.9
7123.76
6696.79
23287.8
16231.6
11253.3
11201.7
12607.1
12087.4
10144.2
19104.6
16330.1
7879.13
11539.3
9001.19
8210.95
10669
7275.36
34697
7833.48
26339.4
4979.48
21467.2
21047
11372.2
12576.2
13488.2
20426.8
9613.74
8941.21
15612.1
20175.3
13409.2
8865.03
18904.8
9362.32
8060.75
9470.49
8329.98
9269.4
14253.1
8608.26
25196.2
8357.69
8424.62
19038.4
19033.1
7842.32
10995.6
13525.7
19413.4
8297.18
26240.3
23337.4
15482.2
19704.8
64064.3
15568.5
15416.2
19858.8
8611.05
22351.5
11589
18008.2
11361.1
25004.3
20448
12481.6
17245.3
14851.7
9851.11
5571.03
33137.1
9444.81
42690.2
8046.36
10445.5
5290.58
5634.3
24662.3
20207.3
13611.4
14074.7
14125.7
25310.5
8206.29
28425.2
10331
12016.7
5194.48
23069.1
7402.08
5843.7
7635.24
24638.6
9787.56
5872.36
8099.43
6556.19
5950.74
9592.41
9309.02
12590.1
32516.2
44693
14176.5
7317.27
20792.6
7710.08
8546.12
5029.3
20013.9
13494.6
14524.4
13650.9
2517.24
40208.5
9477.32
33334.9
8267.37
13972.8
21661.1
10633.4
17311
25836.7
19601.2
20384.2
26595.9
19544.3
7531.68
8874.77
8417.83
9217.06
10456.7
14343.8
9918.32
10274.6
18580.4
11575.2
20737.8
18972.2
16279
8556.56
6944.27
17286.1
11718.8
11981.4
5129.88
6056.76
14330.3
6747.21
9295.88
6550.75
5045.98
10142.5
20181.5
11497
13790.2
14562.1
25649.1
3169.38
19805.6
7126.24
11422.6
5056.74
13334.8
19112.7
36318.6
22913.1
14668.5
13162
8434.87
5661.83
9021.01
7584.5
4785.87
15676.9
15404.4
10278.8
14825.3
44691.5
8416.31
23297.4
23919
16944.9
16936.6
15471
26700.9
10969.3
12329.3
12850.2
12895.2
12342.1
17492.4
5883.14
9777.58
5708.05
14329.9
41087.8
10650.3
36045.7
15458.4
9881.83
6526.67
30002.6
14986.2
14599.1
8707.57
20644.3
7339.76
10551.6
7592.53
10042.4
18670.5
18248.3
9287.5
18177.6
14272.5
14842.7
10418.5
17314.5
13845
6902.73
14689.8
29055.3
22271.5
14741.4
19764.3
24204.8
12551.8
6789.12
13517.2
10683.9
15334
13323.9
28453.6
21166.4
4937.51
10745.8
21766.9
13890.4
8165.42
10884.6
8788.57
13077.9
11767.1
12839.6
18943.4
11614.3
14438.9
10771.5
13578.1
16372.2
14192.3
7689.83
8738.79
10013.1
9730.18
8333.04
16802.7
8381.97
12897.9
17907.8
11207.2
11773.9
12258.5
14914
6271.85
7759.87
6281.82
10491
27931.6
9059.9
8587.02
17256.3
5420.08
22993.7
44657.5
7771.88
8687.31
16294.5
6682.82
13217.3
6188.92
16080.6
7792.66
13971.5
7941.42
9924.36
7721.61
13988.5
34891.8
7217.05
10874.5
20552.6
36674.4
22016.1
16113.5
12449.1
18553.4
11223
11048.7
7768.34
6935.21
12742.9
5639.31
8426.96
10927.1
14350.7
19910.5
10546.2
4252.89
11333.6
28267
8137.49
7422.39
14385.6
12426.6
23432.7
3738.31
20646.8
10468.8
22143
12129.5
17675.9
34806.4
12927.5
10441.6
14048.3
12969.6
12471.9
12403.6
17092
59888.4
16173.1
8119.1
27659.5
10189.2
28836.4
13540.6
28850.5
19693
10185
14046.2
14221.3
8535.44
18442.6
17361.8
16778.5
19064.6
15672.6
23123.2
9889.76
15665.8
11633.1
16644
18870.9
7655.53
15303.8
15045.7
18098.8
10082.6
6744.01
6904.38
7635.13
15191.4
34550.9
9971.71
24453.8
7508.54
8967.72
14920.9
13691.6
11845
15447
13592.6
7359.08
6890.25
21436.9
3988.02
23854
11297.1
12226.4
29836.6
8569.16
18378.3
16515.3
11171.7
11312
8005.92
15202
21554.1
3914
10274.7
14839.2
50611.5
18004.3
24070.4
8680.71
6541.48
24636.5
16993.9
13684.5
6775.47
13644
14080.6
17447.4
8014.19
13586.9
31646.9
5363.46
30603.6
8552.02
9364.17
10176.5
24300.4
19534.3
27169.5
9974.55
9148.52
17038.4
9887.02
11727.5
10902.1
11671.9
17847.3
20592.7
8471.04
16401
6564.67
6926.74
11401.6
9132.05
14038.6
13699.2
6991.39
21379
13907.4
9380.36
8792.69
11711.7
11559.7
23559.2
12578.6
11920.3
21359.9
25090.6
6351.87
14415.6
19021
29294.3
17918.1
15624.8
20584.1
11912.1
15707
14643.8
13674.9
28342.1
10998.8
8436.11
10178.2
10416.1
19794.3
10339.7
15757.9
9606.63
9452.33
4921.12
43418
12048.9
16326.4
9469.44
11967
11302
10055.8
15564.4
33372.6
12197.5
9232.75
6929.16
13473.9
8064.94
15234.5
24967.4
8963.74
8232.75
16759.2
16386.4
7266.13
4892.8
6873.28
9081.92
7811.66
6279.48
12077.8
5883.94
12767
16637.4
10759.3
9522.42
27720.3
12242.8
17291.9
7434.22
13098.3
11709.1
3878.79
11233.8
46715.3
22973.8
12838.4
14043.9
8620.07
7142.97
7944.4
9686.34
21174.7
13321.7
19506.7
15003.8
13448.3
8474.33
19168.9
11691.5
37143.5
13216.8
8514.91
8857.19
14361.8
11188.1
6470.47
6946.65
14234.2
9248.93
26682.2
33186.7
5973.31
6523.9
26749.4
6056.77
20542.6
3243.6
13344.2
11933.5
12411.1
17144.8
41747.6
7380.48
16260.2
8838.69
19717.4
6905.99
6210.36
15242.7
14709.6
10444
8354.99
23950.4
23673.1
13130.5
14067.6
18064.4
8131.39
26870.2
3105.46
8674.2
9703.22
9138.57
14426.3
7547.59
26646.7
9378.95
10222.5
14935.2
4814.57
14069.4
6119.02
6534.41
7328.03
27323.7
16235.6
10354.5
17368.2
8455.1
46794.2
13717
9528.21
16086.6
17960.9
22021.6
12688
12876.1
25848.2
15290.9
8075.08
5375.6
10804.5
21543
9340.77
7218.98
12275.4
45353.6
62123.6
23829
17074
27943
10322.6
12151.6
13556.7
53024.2
4089.85
19922.7
7274.04
13907.5
8786.6
11155.5
10418.1
10160
82419.3
10666.1
11561.3
37965.9
4165.94
8000.77
9376.88
11121.5
18717.5
24741.8
25057.8
8574.02
15602.1
7632.35
7869.11
16205.9
23518.5
9361.65
16640.5
12429.8
26088.1
7217.16
6042.1
13276.8
17031.9
6811.52
8284.41
11012.8
21340.7
6647.52
14656.4
21421.9
32466.1
13637.6
15037
9138.5
6001.61
17294.5
25813.7
7983.57
5521.66
6298.73
15923.6
20036.9
13619.4
11623.8
8857.86
29340.3
10553.3
5364.05
12740.5
10387.4
9451.16
28733.2
14609.7
16687.9
26231.3
5920.98
16541.8
19052.4
8874.19
13336.9
25730.7
5964.23
14056.9
15146.3
10538.5
16269.5
13674
8124.99
10693
11231.9
20185.6
10217.6
18470.5
10574
6650.53
7789.71
12706.3
13132.1
10938.6
14534.3
9667.92
6423.73
8642.41
12563.3
25418.9
14269.5
17530.4
17126.6
22143.1
5694.69
12174.9
10102.6
8323.84
10500.7
21100.4
12994.5
23419.5
15474.7
11706.5
7123
16864.3
21575.4
16520.7
10515.7
9016.32
9359.89
27671.6
7828.62
18585
20304.4
11999.9
19565.8
34179
10242.4
17038.4
25371.3
5351.42
15595.9
10867
29999.5
15138.3
15779.7
13514.7
7515.09
8650.51
22523.4
13426.1
10285.6
8363.43
8942.85
4308.18
19888.5
11637.9
6636.51
5587.48
8452.78
18555.2
7179.57
16507.2
10931.1
13589.2
25282.2
17959.7
13113
14861.8
13183.1
14995.8
9419.21
8274.34
5221.58
4927.65
11536
15435.9
12473.5
10292.2
19094
38969.2
8238.81
9628.76
28002.8
20621.5
11919.8
21477.3
9372.04
13804.2
9456.85
10649.5
9397.21
14175.6
5773.33
28470.5
10829.3
15721.9
16139.9
12813.6
15407.6
14308
6471.7
11726.7
18432.2
13835.1
8994.04
7254.59
20636.7
12267.8
9187.82
17106.2
14455
7215.71
10246
28679.4
8561.06
28989.7
32404
10572
20136.8
8421.1
21141.1
17007.3
8237.96
16252.6
11905.9
8635.89
10311.5
7531.04
9085.77
9701.6
9367.77
28469.9
9962.97
8988.08
19365.4
11494.9
20163.4
7565.87
26011.2
7353.76
26146.3
7802.14
24666.6
5905.13
5534.13
11633
16239.1
17122.5
31914.1
9474.91
17260.6
11197.8
4113.4
17758.7
11310.8
5868.12
9267.49
5174.8
13593.6
44059.8
13963.1
17205
14566.7
21328.9
7135.67
5249.95
6204.18
7096.98
13354.4
21811.2
6928.61
49256.3
11510.5
5754.68
7490.74
16852
14646.9
14297.6
10624.3
8187.56
16345.6
13702
10888.3
20041.3
4463.98
16964.2
22806.4
28592.4
13945.8
11925
5042.66
7269.23
12391.4
12513.1
7379.35
16384.5
11064.2
23578.1
6986.63
23864.7
10910.2
12334.9
14759.8
8227.43
7262.75
17468.9
5778.48
28768.5
15696.2
12546.5
10951.3
15302.8
23925.6
7289.14
28078.5
9514.31
12953.4
16807.3
16408.2
6320.41
6769.57
6008.85
29535.9
4751.94
9091.52
12587.2
14361.1
15667.5
16840.5
21101.7
11993.3
15799.5
18138.2
14730.2
20681.6
17210.8
16536.9
33539.3
7342.19
16794.1
14779.4
7888.72
7106.66
6016.48
11700.4
10459.6
5539.32
28288.7
12636.8
15377.8
10750.5
5091.51
7251.82
21906
13888.9
7712.85
14859.3
22010
10824.7
12926.3
17407.8
17817
39892.8
14579.6
17992
14347.7
20556.9
22348.5
25949.8
27344.1
15783.5
2610.41
35473.4
8397.86
21349.8
6927.65
20257.1
9848.53
7023.93
7160.81
10990.7
19587.6
10593
26404.4
25374.6
10575.7
4958.68
15696.3
14812.8
15476.1
10748.9
5001.51
15347.1
16945.7
11269.4
19407.3
7864.49
21614
24100.8
7114.36
13137.6
13919
6741.35
16469.9
17441.7
10580.2
9901.15
23136.8
10817.4
13843.1
27530.6
17949.9
7738.76
16052.6
7125.18
18041.5
9449.89
21782.9
18381.4
36287.6
17179.8
36468.5
8695.22
12900.7
17158.9
8508.74
17689.7
10646.8
5174.51
7049.95
25025.4
38887.8
7265.48
24135.7
41968
4010.43
14299.2
17539.4
18876.6
18604.8
29045.3
15926.9
13222.6
4265.56
14294.5
6525.03
4143.79
33770.6
10547.6
10504.5
10696.5
19146.1
12987.8
15735.5
20383.7
11543.4
38058.9
16457.9
14478.6
26928
22387.4
10493.6
9540.74
12862.6
7838.91
6136.01
12112.5
4895.46
7896.43
8551.35
8463.72
16283.9
15631.1
24393.4
11805.8
5998.12
10630.2
12630.1
7922.03
9273.99
23350.9
4368.73
10998.3
9702.88
7763.69
19630.6
21696
14715.1
7291.94
24937.4
9930.56
26137.1
12922.3
12816.7
15655.1
12019.8
8940.81
20933.2
8527.38
8400.19
13450.1
13055.4
16231.9
9387.05
15904.8
29113.7
16722.9
17625.7
11427.4
11909.4
20831.3
19555.6
7702.13
18179.9
14010.9
6067.88
7526.03
19391.2
6155.64
15709.6
5232.96
20298.2
8704.73
53536.2
10521.5
5218.48
19365
8372
5453.29
10938.9
16633.9
5848.98
10976.9
18086.1
6645.28
39013.6
22381.8
10572.9
13344.8
9028.92
22613.8
9346.64
22162.6
19760.6
3927.59
22786.2
24734.4
13347
9564.69
11443.5
10067.3
4572.65
14179.9
13471.8
6127
10120.3
10233.8
36191.6
25388
5316.63
24359
27058.1
15644.2
19372.4
16915.1
7879.15
7370.48
12147.5
5980.25
6521.24
12503.8
9753.16
11643.2
7483.24
17273.6
25374.1
7968.67
7768.44
9173.65
10219.3
22944.7
8642.52
10351.8
34574.1
13847.6
9837.62
19197.1
9894.42
16251
7014.32
8505.29
5080.22
7210.63
14164.4
14249.6
18311.9
8337.14
7388.45
10372.7
15423
24761.4
17705.9
22662.4
24554.5
9706.04
13670.9
29226
14692.9
16680.5
8676.51
9880.83
18389
18375.7
9200.11
11861.6
7432.03
20440.2
5396.51
12711.5
9724.18
9219.48
11373.9
15690.2
15411.7
6261.47
6237.29
10810.4
13490.4
14324.1
8061.07
3834.42
7004.28
21684.8
7725.65
12113.7
12578
5855.36
5533.93
5922.01
11329.3
5645.91
9419.01
20498
23684
11869.9
9246.43
13140.1
16552.9
9902.71
4605.6
10178.5
5086.71
32446
13795
43829
5970.13
9237.47
16503.2
6998.31
8090.16
62282.7
7078.61
13288.7
7420.21
9712.9
20261.1
7193.77
12489.8
12736.2
12606.8
9111.53
13276.3
19958.5
18090.8
31521.3
10399.8
24935.7
23253.6
7900.92
13541
25544.6
11847
5611.06
9368.25
10837.6
46720.9
10644.5
10026
14174.2
10802.8
6064.43
8711.4
17353.3
67164.2
9012.95
4795.41
23192.3
11129.1
11619.6
18888.6
3650.84
34782.5
15111.4
4587.29
28107.7
21884.7
19177.7
25822.7
4523.31
22017.4
9467.45
6384.58
9985.61
12033.2
13847.5
20865.8
27871
13372
9773.85
9426.85
31594.2
33749.1
31761.4
10566.3
12122.2
13930.2
25234.1
23696
5539.47
10620.7
9007.52
9517.91
7129.81
6482.05
21835.6
26823
9293.47
16587.6
15579.8
21900.2
40520
11464.5
37751.7
33243.5
15738.1
4600.25
12466.9
19328.3
10268
25143.3
16890.2
7863.58
9559.55
20766.3
21987.1
9623.75
18240
9887.43
38788
10459.8
4070.76
6510.96
9844.48
11125.4
4166.91
19169.7
13907.7
11731.8
19479.1
7324.3
10685.8
15298.8
19237.1
31259.3
17883.6
5991.98
10081.6
30401.9
30278
6730.26
10185.6
28526.8
4198.93
13527.6
18497.8
28234.3
9160.35
13333.5
14643.6
10379.8
9503.15
8641.76
15321.3
8330.02
4347.23
8440.19
39534.8
8785.51
16053.1
9888.56
11851.8
13924.5
11175.5
13235.4
4278.31
19675.2
4748.56
7210.4
7665.99
35981.4
32560.8
22397.8
6123.5
39056
24572.6
14691.5
31224.9
33016
5972.8
10071
20930
6800.27
28058.7
6888.77
22179.3
10496
8484.39
12222.9
30422.9
17593.3
7106.33
15263
7951.96
12226.3
21888
12376.7
9172.62
