7885.26
47877.9
16257.8
21848.1
31516.2
9218.49
15657.1
21166.5
41342.1
13490.4
41007.5
65915.4
13144.2
26224.6
39079
15525.4
52703
17531.7
39095.7
15271.8
24275.3
26863.1
46655.3
21901.4
16687
18922.9
18901.9
37661.5
31410.6
18768.9
35802.7
22617.7
24671
17629.7
14912.2
21433.7
18464.5
9839.12
12981.9
12710
26075.8
7805.9
10727.8
17878.9
10681.9
22309.8
18524.7
22714.9
40742.4
7570.68
40738.4
33775.5
24880.6
22226.6
28629.8
51995
17194.2
21708.9
11424.8
20173.2
31416
11384.5
21666.2
14518.5
43018.3
16839.7
16101.6
17418.6
15679.7
27764.3
17125.8
21508.9
11424.3
32539.6
24248.4
10749.8
19322.6
40198.1
12205.1
15669.3
14431.3
44490.9
34013.3
13956.7
38468.8
29505
30471.9
23510
38432
28981.7
15288.1
11433
14216
18806.3
59416.6
9811.34
23948.5
46341.8
19338.5
21447.1
35854.2
17558.9
23380.6
32254.8
13236.5
15779.8
15174.1
23851.4
13931.4
9697.19
14712.7
16008.3
26637.1
26472.2
19015.6
8775.13
29940
24468.7
30575.8
7292.54
27977.1
6040.19
36020
16915.7
26475
19414.2
12321.8
35286.3
10252.3
18157.9
18940.4
21624.5
13195.6
30453.2
36088.6
49655.4
12793.1
36813.8
17883
16245.4
16598.6
21456.7
15126.5
8215.75
40241.2
8429.48
15979.2
13561.3
17027.3
25069.3
14268.5
16979.9
20423.8
20943.2
8814.43
15216.8
33794
13952.5
24328.2
30799.9
14763.3
14193.1
25765.2
6910.25
11314.8
11366.9
22500.5
21503.2
22070.5
8893.97
15483.7
21510.5
6396.93
19770.6
72681.9
12819.2
14196.3
9617.6
35672
39957.6
22093.1
16731.8
23024
21768.6
16722.1
22348.1
37128
21094.8
19404.6
13539.4
16714.1
18074.6
26558.7
13144.7
99322
9633.41
5989.63
37742.3
10038.4
71719.7
12020.3
21404.6
10237.7
17525.6
11136.6
37900.1
17733
26460
29824.2
34660.5
14714.6
11544.8
56981.6
34785.6
22280.4
23376.3
68359.7
26130.3
32893.5
28313.1
19091.7
18009.9
18991.3
24055.4
18176.6
13492.7
6971.78
22673.6
13126.3
19638.5
42522.9
27903.4
20991.9
23053.7
11243.8
22454.9
24421.7
20120.8
20387.2
64958
7519.06
13530
12322.6
11102.2
12099.8
15435.9
18656.2
14974.2
21863.1
32848.2
26513.1
15719.4
6902.47
28470.8
19668.5
13755.9
13848.5
13375.6
24986.5
56016.1
29809.4
59507.9
41178.6
14049.8
8720.42
26119.8
37819.4
20926.1
18855.8
19876.3
28160.4
22199.8
22458.8
24066.8
33213.7
4538.62
42505.2
62351.7
12582.7
24002.2
21889.4
21027.3
39049.3
16537.6
19583.8
12215.1
11421.7
15829.8
23060.3
27112.7
24162.2
17314.3
27967.7
18937
13959.3
27837
28707.1
14486.2
16661
36451
23096.2
15416.4
19162.7
8984.11
17549.8
23234.8
35298.6
21992.9
40968.3
12592.2
12243.5
34365
11592.4
56176.3
13530.4
18709.1
15654.7
38775.7
19370.1
12827.2
13855.7
15115.4
9328.75
8357.06
19578.9
27737
18966.1
19351.5
18264.5
26522
33261.2
42381.4
21371.1
22971.9
32463.6
13748
43716.6
12516.5
15863.6
37650.7
30199.4
37797.4
44812
15069
36254.7
42514.7
14440.9
24447
7355.45
43167.3
68674.5
80979.1
18172.3
35077.1
9703.91
14201.1
16653.9
59019.1
11091.7
12158.4
41853.7
26678.8
17851.5
15360.3
19064.2
21784.4
20847.2
11203.1
7868.76
17057.3
34489.4
70158.8
18117.9
36943.5
12861.3
23923.4
13034.2
12235.4
18483.4
24031.5
19584.9
34990.6
27458.9
18783.8
17105.5
35179.8
22254.3
17982.3
27242.9
30688.7
11765.7
21403.6
21771.3
46150.8
6903.76
41752.8
16199.3
28890
18516.3
25424.3
36492.6
18948.8
22116.4
10793.2
66119
44761.8
33180.1
16154.3
15388.3
13567
24970.2
30215.1
8769.6
16275.9
67913.7
11061.9
26641.8
33826.1
27233.7
20760
10078.7
16702.5
14993.1
41812
30586.5
40111.4
13478.1
13167.9
8549.81
12055.4
34676.6
11282.9
18253.5
11921.4
15209.1
32543.5
32035.6
13409.5
44247.3
20824.1
18034.5
17013.8
26772.3
21079.3
37042.9
13214.4
15821.9
5850.72
20674
13169.6
33623.7
22172.8
27040.6
18400.6
12197.2
12286.5
29890.6
24494.9
20346.2
16908.8
21470
18945.8
20601.2
7702.93
16774.9
12762.7
17681.9
11357.3
36161.4
20203
17081.7
44487.9
51558.4
34269.7
17533.6
75666
16404.6
29145.3
29639.9
11048.8
43403
15593.8
12514.1
31533
24715.7
22338.9
24843
9061.08
11584.1
61365.7
27738.7
10747.9
24484.9
27605.3
43061.7
15779.8
13892.1
45944.8
15680.1
25166.4
6363.63
19289.2
10422.8
40681.4
11796.2
8522.55
30011.4
24696.3
50172.1
37565.2
12365.1
35114.4
90114.6
8643.96
11160.8
7123.14
29601.9
32519.7
6539.36
61081.6
32763.9
25833.6
25766.1
19770.8
15192.2
10211.8
7145.66
22792
26313.8
82713.1
8760.2
22927.4
33088.2
27277
22409.9
31598.5
12036.8
26541.4
9747.07
29273.6
24348.9
22642.8
24370.9
36872.4
14321.1
23215.5
35404
29125.9
5291.82
28343
17849
13094
22738.6
24376.9
18872.7
53819
21991.4
15771
19501.1
19297.1
20140.1
9343.22
13720
39940.4
12974.5
18013.8
35580.9
19478.6
31310
11365.9
41907.4
14075.9
30898
16316.9
11963.7
19673.8
17122.1
38803.1
53654.9
8546.58
13087.3
15841.6
7834.48
16604
11929.5
15176.9
51471.5
26278.2
29227.9
35008.3
84761.2
41813.9
26518.3
14460.6
15836.7
19059.3
7706.89
17987
11923.7
16679.4
26369.7
21127.2
12425.1
18080.8
13440.3
19866.7
20365.6
12194.9
26670
25323.7
41956.3
13028.4
11901.3
12913
13489.3
4756.13
27708.4
21108.6
26455.5
56545.8
23315
68045.8
23397.8
21438.9
14136.7
50497.7
18368
86085.1
15902.8
15657.9
55817.6
10539.4
19040.4
9043.48
14598
25266.6
24808.4
32860.1
13947.9
12603
8419.11
22319.1
57311.3
18135.4
50550.3
10739.5
18501.3
14837.5
28373.9
22282.7
46168.2
14185.7
16886.5
14429.5
16432.4
36735.1
26148
33128.4
12477.3
19966.3
14943.7
15779.5
52989
19446.9
9036.77
35078.3
25667.4
14950.8
22817.8
46435.4
21411.9
33404.7
21304.4
22262.9
21327.2
17643
46365.4
16613.7
21913.1
14409.5
19588.7
79758.6
28413.8
39690.2
42878.8
27257.3
23239.3
17161.2
37091.4
14375.6
5198.05
21165.5
12170.5
28387.6
9721.56
25375.5
13691.1
68520.2
14010.6
17091.7
22489.3
31739.4
18113.9
52465.1
83682.4
12742.8
36750.5
17427.1
42343
24133.1
15523.5
8150.42
29263.4
8219.79
31060.4
8945.01
44514.6
48106.2
19232.9
21177.2
10691.6
43505.7
9374.41
34861.7
14861.8
10633.8
27590.9
18722.3
19882
32354.2
34526.4
10497
30432.3
17218.3
27034.9
20526.6
26663.9
21450
24153.2
25383.3
16408.1
13997
23651.7
10042.5
42675.7
41542.3
9330.82
25346.3
11482.1
27768.5
72951.6
15425.7
20294.4
35268.8
17814.3
21821.1
27673.4
22103.1
14300.9
80455
17692
10515.4
33581.9
28574.4
12293.5
19971.4
21537
30952.9
26105.5
14341.2
18945.9
10341.7
28878.3
7986.2
9897.35
11738.7
15145.6
32491.5
11017.2
27139.6
32877.8
15018.3
19835.5
25414.8
16020.2
30127.3
68659.4
19084.1
28090.3
34717.5
17071.2
24264.6
29092.1
14159.4
20165
18484.9
18522.8
42238.7
52021.4
50627.1
18265.7
16887.7
19339.9
28587.4
28621.2
10343
23370.9
28288.9
25800.7
11971.3
15034.9
12796.3
47823.3
16922.9
60827.3
15806.9
13930.8
13624.8
10088.7
17722.9
30555.5
20067.9
34037.9
19251.1
21867.6
37364.9
42771.9
33258.7
24305.2
14420.8
10663.9
15736.8
26444.4
33695.8
18995.5
42853.8
31708.3
14198.3
31953
17312.5
32261.6
19418.6
27232.5
33375.6
18063.5
9226.82
16571.1
20324.7
24858.6
28095.6
7414.08
33096
35011.7
39062.5
22811.2
40747.7
39453.1
52162.6
15772.8
13607.5
14398.4
19768.2
26128.4
11395.7
8048.54
48962.2
20203
40958.5
8652.56
38771.9
46806.7
48369.7
29790.4
11343.8
17382.3
58907
24838.8
9932.85
37134.9
12072.1
15134.5
15654.6
20187.1
34509.5
22005.4
20338.9
20604.8
13140
50684
13179.2
13081.9
16662.8
25841.7
16326.1
26502.6
20727.3
16675.4
47639.9
4613.09
15290.8
9854.97
6656.73
11705.3
16471.2
24024.4
39872.1
14374.4
21506.6
18988.5
38448.4
57421.3
21306.6
5096.09
31840.7
29178.2
18159.3
15560.9
16735
12257.8
15952.5
18260.3
22774
56982.1
27983.5
43312.8
14667.9
17975.9
37113.6
14715.1
19160.6
13803.5
7945.62
30453.7
27193.9
20146.6
9035.77
15222.6
11901.5
19480.5
26983.8
18270.7
12275.4
24568.2
27971.5
28757.9
12846.5
11698.6
21034
7743.67
30658.8
30496.6
28735.7
17123.1
13323.4
63253.7
29842.9
16982.9
56435.4
26073.4
33730.4
12067.5
32507.2
17620.5
11821.6
30458.8
35712.4
51321.6
15826.9
24906.4
14609.8
20281.3
8488.5
16793.4
28767.6
23440.2
39045.7
22505
31462.5
24266.9
19391.1
27886
16190.2
23680.5
14954
36406.3
26450
21170.2
14785.4
11618.1
47041.9
28158
23479.7
14045.7
12566.5
21002.1
14891.1
21917.4
30947.7
35895.5
26810.4
23750.4
10160.4
19899.9
13144.1
14951.7
15735.3
16589.5
14454.5
34486.6
31107.5
18515.4
12434.8
26746.2
16687.2
31687
33091.8
21652.4
35786.4
45123.6
27361.1
10072.9
51445.1
23720.3
13093.9
28748
20691.2
13965.9
36190.4
39046.8
34146.3
10993.4
19297.4
18551.5
51455.7
26193.1
21148.8
28648.3
9177.28
12595.5
21148.3
11954.1
8022.19
26620.9
26364
17248
12500.5
12074.1
11091.5
44129
30930.8
20727.1
20759
19021.7
20993.4
10239.1
13356
24502.6
21571.7
8455.31
24061.5
15658.1
17613.4
62202.5
21109.6
33538.5
31591.8
47052.9
31762.2
29795
13937.7
62007.8
37579.9
9698.67
20756.7
39364
22663.3
18723.9
29033.2
31220
23827.1
42644.1
17993.1
42437.6
42208.8
10206.8
82592.4
25238.7
17893.5
30525.6
12805.7
27393.2
52441.2
21689
47238.9
15266.9
17628.4
14863.9
11031.6
10139.1
40568.5
18947.9
19817.6
8283.31
28593.8
18610.1
33252.5
30898.4
46049.2
60166.5
20581.1
28512.9
15077.7
21540.4
32076.9
9515.12
24539.8
22659.5
44213.1
18522.3
6463.22
16141.6
25090.7
13148.1
13576.7
16336
24981.1
24558.5
9436.67
21581.7
21070
78795.4
20041.9
16805.2
45792.7
20912.7
14931.1
12574.3
20874.9
13302.1
26077.9
20696
12304.5
29272.5
13850.6
15010.2
15931.3
12475.3
33567.8
15521.4
18771.9
15991.1
24157.1
40182.3
20568.6
19209.3
18189.6
10310.9
22546
19830.8
5570.17
22047.1
47221.8
15260
10203.8
26301.6
9427.44
18414.9
26156.2
13097.4
12276.5
18438.2
9308.28
27009.7
29062.5
38370.6
21310.1
26392
22612.5
9128.71
19701.6
19472.3
13730.7
30980.4
16192.9
26642.2
13736.5
24166.4
25654.3
11779.7
18833.2
27298.8
17616.6
31527.2
22061
15542.9
22426.6
14589.3
52804.1
11533.1
15515.6
25052.4
11890
16160.7
11903.3
38531.8
63711.8
30191.1
39791.2
15143.2
5674.39
23779.3
24524.8
66338.5
14350.3
12805.1
17700.7
9657.46
42988
12047.9
55132.8
18408.9
23488.9
57439.1
56620.6
22786.3
23852.2
9016.6
54358
28813.7
13333.9
38601.1
21885.3
8757.08
32440.8
14906.9
15784
9696.53
39193.4
40986.9
15216
11231.4
19365.8
10281.5
30405.9
23716
50509.7
24949.3
35910.7
32293.4
25774.3
27541.4
19463.6
17274.4
17475.3
11453.6
9428.52
6837.36
28411
27756.1
58548.5
16287.3
8572.4
43078.8
8328.57
26740.6
15613.9
13014.5
17570
9997.14
13905.3
7398.59
42160.4
17881.8
7737.34
41833.6
17183.6
9911.41
34091.2
17155.4
19098.8
17155.3
15393
25813.6
10516.3
12209.3
9779.09
8684.63
15680.7
5746.11
21094.3
10864.7
27804
41268.1
34751.1
20796.4
50749.5
11979.8
12448
37701
35262.1
24931.6
10738
21187.1
27794.8
22062.3
38279.3
8605.54
6235.21
21916.1
14210.7
28456.2
10543.7
4461.64
8425.96
17779.5
29398.2
40244.1
34278.9
18299.2
21004.9
30019.2
10592.3
17520.5
9798.73
10009
15647.6
20344.9
38824.8
13485.1
19685.6
11311.4
26692.7
30803.1
48000.6
23492.3
12131.6
27203
17415.4
16882.3
26125.6
25838
17247.1
20895.3
23543.6
17874.6
36215.6
13928.7
21538.7
17294.3
7632.81
28382.5
29718.4
17893.6
20911.4
28196.2
20110
11239.5
27684.6
22518.9
9250.7
20168.4
37956.8
14558.5
19435.1
10003.9
10771.4
19318.2
16829.5
20063
23632.6
14154.2
31389.6
42692.7
24906.7
38806.5
19486.8
33113.5
15687.3
16838
23100.4
9009.6
41718.3
49998.5
8618.56
12042.4
13634.9
15669.9
16756.2
41379.9
19168
23040.8
20531.6
37187.2
13329.2
18616.1
11071.3
21682.7
55136.9
34482.8
18539.5
20493
30746.8
22236.9
38195.5
14271.3
30246.5
12441.9
12949.2
14105.7
24262.7
13433.2
19269.5
15570.4
46222.3
9188
26872.8
13124.5
20172.6
32265
43540.7
8508
18091.2
10814
43136
65173
11046.2
18101
55802.2
33143.1
27239.1
42109.5
23421.7
14608.9
10548.7
12311.1
17992.9
42299.8
37385.6
32065.3
17723.1
42275.8
33831.1
20070.4
12412.2
61210.6
12085.9
31841.8
22721.1
18477.8
19257.4
14680.4
23381.6
12072.5
14519
29617.1
25057.8
14570.7
21218.2
16889.7
48508.6
16269.7
21266.4
32158.7
47000.5
19129.2
15161.4
15392.6
27434.8
17289
10253.7
28766.2
21195.4
7110.8
18195.4
25536.2
34238.5
27574
29392.8
19380.3
21469.9
15825.6
26494.7
31191.1
23453.6
14538.2
23435
50241.1
18361.1
85378.3
52303.2
18621.7
33368.3
20945.4
20032.7
8867.56
14761.6
11469.2
8078.35
32703.9
22277.5
14551.8
7988.78
17564.7
12111
38546.2
21299.3
39715.2
22037.6
29482.8
31742.6
15327.5
33090.7
63179.1
13940.7
22393.2
18039.7
38520.9
19010.2
35898.1
12345.4
74550.2
17691.3
13291
8774.33
22388.4
18974.8
23726.1
17641.4
31679.1
20358
18057.3
35036.6
29866.1
32405.7
12151.3
23633.2
18924.9
19388.7
29375.3
26038.9
22056.7
16412.4
10650.7
39294.9
27347.1
61540.9
40835.5
22040.5
18388.5
34383.1
16472.3
19427
15453.1
43980
42157.2
34344.7
24297
14646.5
44909.7
23089.2
18306.8
13861.2
28063.7
70864.9
24500.8
14220.6
21322.9
15547.8
8788.53
18029.2
35211.8
22328.7
21617.8
29994.3
12957.2
17120.3
20358.2
8496.41
19128.5
34399
43028.2
39357.9
32175
12335.6
23483.3
37319.3
15441.5
45596.3
14018.7
29699.9
42029
28652.2
22865.5
25311
11609
20262.6
35837.4
67796.9
28602.5
17591.1
20557.4
30051.2
22553.3
18816.2
7261.61
10462.9
31100
11360.8
17050.6
13692
16382.9
28840.3
35155.4
43651.2
26642.7
17703.8
24381.2
17628.9
20603
9399.15
26528.5
29465.7
13243.3
15591.7
13101.3
8057.35
15160.3
19157.9
14962.1
29487.9
15941.3
35693.7
23448.8
34435.9
25234.6
29107.8
10211
32076.4
42373.6
18117.6
18942.6
18171
26006.7
12152.4
9355.43
54369.7
33140
19534.9
28308.9
15351.8
11622.1
13719.9
24954.9
33570
25769.8
31850.3
42974.5
35030.2
29575.4
18425.2
17656
12583.6
42988.2
5108.6
7375
26262.7
16087.5
8800.28
21857.3
24033.2
28426.2
8293.06
24927.3
24774.5
7904.1
17372.8
16347.1
30755.5
13090
12929.5
32709.1
9553.78
64336.6
23573
20882.9
25618.4
25346.1
26066
11381.7
30149.7
36508.4
10255.1
24330.5
10734.3
28402.8
48153.5
22300.7
27211.2
32245.2
7114.83
20801.3
22948.3
27453.3
11494.6
10328.7
41673.2
33507.2
29937.3
45601
52114.7
13603.8
24906.6
20672.2
24363.9
18110.8
23683.8
33937.7
18090
35703.7
7688.61
19269
15450.2
4506.09
14104.9
18928.6
56407.4
12032.7
20200.2
19036.5
8571.17
14798.7
15285.7
10338.1
16142.1
28864.2
16930.5
12946.1
17220
28465.9
28265.5
37281.5
8552.29
14085
10964.1
22658
45186.5
39979.3
4149.52
23173.3
33811.4
23678.9
17976.3
33490.1
10155.6
14361.7
47460.8
15309.1
15788.4
8025.13
11901.7
19697.3
8851.14
12037.7
15381.7
24954.9
9089.86
20090.3
21530.3
24361
8899.93
38185.5
15148
28463.8
27752.9
11258.5
16049.3
8282.35
21790.6
16283.5
21640.6
29578.7
45612.2
34141.3
10888.1
57021.3
20447.6
24545.9
11227
26168
16543.9
15142.3
21719.3
11662.7
24545.3
28736.9
20212.5
29495
26863.9
15305.8
30224.6
31088.7
24387.7
10291.4
13995.7
11173.2
15128
11918.1
34164.5
7880.41
19106.2
56813.2
16097.3
30716.3
17368.8
13933.2
15861.7
13960.4
25776.3
20578.8
68267.4
13348.6
12187.2
32238.5
19149.2
34005
46007
19243.5
28966.7
23181.5
6446.32
61739.7
11383
60335.5
34149.7
14452.8
18387.5
6844.22
26522.7
22402.8
25743.3
19329.9
12036.8
21188.3
21907.8
21049.6
44426.3
25600.6
36505.8
45367.6
12467.4
20287.4
15177.6
23237.9
37618.2
37959
28811.6
27962.8
29313
17493.5
32075.9
37946.5
20594.6
21687.1
31247.8
31722.4
33249.9
14130.6
13002.6
18156
15285.9
15369
15685.6
17196.5
7562.36
11505.7
44970.1
18252.9
24225.1
24605.1
6964.22
26228.4
86493.2
28524.6
31146.6
12766.8
30619.1
14088.1
16509.7
10433.1
40656.6
44589.7
48626
26672.1
35340.7
18856.6
16322
28679.2
12824.8
20333.9
12762.7
12833.2
10706.2
26478.7
15410.4
14036.9
20364.3
16963.1
25522.5
20300.4
15532.2
18949.9
36595.7
28893.7
50073.6
32119.9
19078
23751.7
21111.2
24629.2
23361.1
8935.06
10269.3
33992.3
10312.1
18582.9
20140.9
9326.91
11577.6
40166.7
35680.2
10156.3
13065.7
13229.6
18120
14217.9
36883.3
38397
11086.8
40936.9
23631.2
37534.7
14011.1
19270.9
21650
5951.91
19220.8
22190.1
22635
6207.41
39672.8
13058.7
21222.2
36895.3
18979.3
29459.3
10596.4
9893.04
14326.7
17250.7
34821
30810.5
7375.37
12349.2
37874.1
37369.6
14817.7
9369.41
50245.9
17983.7
10442.6
6566.79
10202
18186.7
10476.6
45911.1
18552.9
24408.8
3526.2
63607.9
11796.6
43477.3
16954.7
10569.7
54212.6
20968.3
14376.3
24769.1
38201.6
42125
14317.9
26412.4
14169
9881.81
16806.7
13576.4
60755.4
6742.7
18952.5
15610.3
18145.9
21935.9
17521.7
4874.21
16369
49607.2
16782.7
28859.9
22017.8
17831
20397
22480.4
36865.6
43659.1
11914.7
18664
19846.5
16466.7
6771.94
19803.1
9474.17
37854.8
68089.4
21787
14829.5
56670.6
42057.4
32658.4
25558.3
41168.4
19299.4
26029.4
6309.53
7984.25
11865.1
45433.1
32680.4
36023.9
42062.5
11917.1
42553.2
26764.4
20272.1
13406.6
47853.3
26250.7
18134.4
22283
26958
22398.3
12864.8
9935.25
17855
12219.4
5052.02
38337.1
34483.5
33342.4
8834.43
34468
17590.1
13826.4
21178
15718.2
24978.4
35467.9
17636.2
38464.6
16142.7
19282.5
39257.5
43353.8
38211
9372.27
19137.7
31298.4
35115.9
12863.6
29389.5
33915.4
59164.4
6059.26
20018.7
24001
30084.8
37574
52200.4
22009.7
29276.6
30187.1
13891
30686.9
24369.9
69079.6
29727.4
14942.7
53335.4
31095.5
23106.1
20850
27469.7
47501.5
22270.9
10699.5
47861.2
37686.2
45234.9
11435.4
30587.1
9225.41
32428.4
20272.4
20552.8
22660.8
11641.3
23815
15218.8
11160.6
28354
7097.83
36072
24037.6
25303
29231.4
15697.9
14755.4
22379
19363.9
14247.2
12688.7
23335.1
20191.7
22546.1
46149.1
28605.3
15605.3
12772.7
35604.7
22646.9
10163.8
68976.3
32783
27614.5
16580.4
80438.9
30164.7
18786.3
14059.6
12621.6
31005.9
18159.4
11312.8
26813.8
17671.3
25611.3
17209
8872.22
26369
50346.8
34265.5
17431.3
12804.5
10967.2
7879.6
23205.7
16770.6
16107.3
15318.6
37205.5
17359.8
8161.37
10837.1
25544.6
13499.7
21624.9
26620.9
25334
10306.8
16601.1
23095.4
24794
23314.7
39816
18473.5
18760
49549.3
7961.54
28666.4
25748.9
26084.8
42986.2
24318.7
13160.3
13299.4
17461.9
18477.2
26633.4
38279
48377.8
24618.1
64892.9
34701.9
20091
16405.2
13627.4
10278.7
14111.5
23819.4
24747.9
16406.8
27270.1
17409.1
50016.3
23397.1
62865.9
17944.7
22679.3
13868.8
24161.8
20950.7
17108.2
26301.4
25041.3
20588.9
16187.7
16042.4
41456.2
31937.3
27260.9
43370
19977.4
25510
49931.7
17821.5
29139
34818.9
32079.6
16394.7
24499.1
15786.5
11503.5
21556.6
17489.8
35173
42605
17729.4
16371
17954.5
36608.1
20798.3
21742.8
37887.4
36761.6
8592.31
22568.3
17834.8
15146.5
20622.4
16894.5
90074.6
26357.1
6723.31
18015.8
13604.6
33708.4
25282.5
9635.83
21694.8
26735.6
7288.83
14571.2
20819
21233.4
26965.9
17896.5
41140.3
28657.1
14517.8
11092.4
21660.8
31528.8
24634.4
40351.7
22201.2
19720.9
17867.2
60816.7
33583.6
14552.3
21465.8
10096.9
11972
13676.6
17215.7
14183.9
39165.2
6713.72
12157.2
26677.3
7790.07
34999.1
37391.7
26450.7
23494.5
16823.2
22005.1
87161.4
9942.67
14665.7
67097.7
9386.37
10651.3
50551
29824.1
46282.4
44696.2
18738.1
11894
11238.8
27502
23188.2
16543.9
61474.4
27252.9
15646
52385.6
30300.9
27847
10850.4
44015.7
19554.1
26162.3
13756.6
33909.5
115836
40272.3
31835
6126.02
16900.6
13500
15099.9
21345.6
32072.9
34291.8
16135.5
11495.2
53132.8
14044.3
29599.2
31590.1
14351.6
19486.7
10250.9
26637.4
30881.6
35702.8
22846.1
9240.55
19829.6
17343.8
13532.5
7268.89
32189.4
36161.3
18505
39340.3
8583.61
9858.84
24908.5
40628.2
16242.3
6865.37
15191.3
9238.59
25500.2
10186
17679
12743
28882.3
18134.5
23431.4
11821.1
12035.6
36807.9
24747.7
49457.6
91952.5
28163.1
19232.4
32835
33111.3
25750.1
59597.4
20236.2
24531
13522.8
13436.6
39760.3
32227.4
60122.7
95886
24291.6
23406.9
12384.3
12577
21276
22620.5
28496
11742.1
11384.2
17439.7
25453.2
39719.1
31394.4
15842.2
52675.9
74711
20741.3
24855.8
25820.6
24932.4
32966.7
11842.6
40281.1
33706.4
33719.5
17607.2
38951.7
11124.5
29490.2
11410.4
45602.3
9124.63
37445.5
15654.8
52866
80570.5
11637
19771.6
12947.1
10167.1
47637.6
13741.6
38346.7
10701
9061.36
21237.9
45941.4
14889.6
17213.7
54045.3
11000.7
18116
17615.2
36871.8
13295.4
45845.8
41714.5
8936.65
20903.4
10772.2
47333.7
9689.08
26036.4
45165.8
15666.4
13479.3
20334.1
39696.5
28136.3
32576.9
36999.6
54252.3
34012.4
9430.69
15115.9
17190.9
10071
30590.4
46679
19402.9
14438.4
41057.6
24567.8
13071.3
13224.3
12092
18873.8
18882.6
48411.5
38629.9
44352.6
10511.5
15011.8
25641.2
10591.6
12832.9
11533.3
26418.1
38718.4
53830.6
37899.9
48677.1
10285.7
7753.93
7070.34
11768.5
18173.4
16753.2
12428
59776.3
12136.6
58982.6
35450.5
29207.1
12484.6
24795.5
11027.3
40736.2
23913.1
12980
10923.7
25723.5
19816.9
15838.8
17955.3
10626.7
95831.8
12384.2
14553.2
15594.9
16649.1
10358
9867.9
13171.4
24475
28315.1
19894
29624.6
23373.2
30420.1
15302.4
41454.9
16417.4
53295.2
30824.9
30620.1
25062.9
19761.1
36216.7
13888.3
10396
12811.6
31525.3
10433.9
12915.5
14954.2
37713.3
11658.9
13909.3
30031.3
40826.8
12523.6
13865.6
16065.6
38616.4
7509.72
9496.41
30402.4
27037.8
10248.2
13741.8
15216
23249.2
39902
8752.57
12567
28330.5
14211
10272.6
24646.1
15759.1
33046.4
19592.8
43345.1
24385.5
22861.3
17548.3
11959.7
77913.3
16126.2
14622.5
4986.44
30197.2
49722.9
12285.3
33411.5
46227
27198.3
25110.8
9913.99
44958.4
15889.5
32582.8
18055.4
17303.4
10654
58000.4
25515
15871.4
7898.11
61501.8
35675.5
15618.7
21368.3
32672.8
13989.1
25893.4
15068.3
40800.3
7376.79
23141.2
27650.4
55660.7
26255.2
24010.1
16145.7
29320.5
10014.7
61154.8
4833.3
27696.8
18411.5
39255
34975
44526.2
17705.2
11527.3
15314.5
14515.9
46585.2
49720.9
32692.5
5243.14
9069.73
24766
19267
8077.53
45559
12061.5
16307.6
18709.3
32236.3
12156.7
40351.4
39332
13178.8
29677.7
8615.54
16885.1
46688
16144
10416.9
33513.7
21718.9
35836.4
13969.1
17492
24026.5
21264.4
38718.5
19254.9
34239.4
7708.62
15011.5
16844.1
40070.3
16431.1
25175.6
26995.1
27934.6
10649.2
30767.6
13743.8
28017.1
13891.1
36823.4
23720.9
30895
51816.3
10797.1
10391.6
8907.24
9385.02
20958.5
19902.7
10303.5
29111.7
29488.9
16122.1
16980.6
36183.9
16581.1
18343.8
17654.9
43000
8840.66
12304.4
8810.7
36387.4
56226.6
12930.6
25937.2
30918.9
29896.7
15446.8
67043.7
46787.7
36041.3
10870.8
19485.7
53169.6
92942.1
48735.5
25211.2
28108.3
32747.8
34057.2
25288.9
31187.5
23222.7
62665
24515
47315.4
12136.2
10272.5
19368
9723.46
48868.8
13882.9
25295.4
39530.7
24957
63472.6
14748.8
52629.7
21620.6
38460
23336
26758
21316.1
46177.2
42016.9
17646
41006.2
54269.4
33152.9
40394.2
14563
25629.2
23941.4
24872.6
19743.6
18196.9
21090
22539.2
24492.3
19508.6
10450.6
30431.2
13505.3
51716.6
12371.9
17345.7
23186.3
3985.56
12791.1
23831.2
5569.89
10121.7
8891.08
14718.3
15256.6
17873.2
24086.5
12285
23329.3
9116.54
21758.7
51862.6
23002.5
9001.44
17896
35319.1
31196.4
12681.6
30139.2
33501.9
22492.6
48819.1
11640.5
27317.8
24873.6
24406.1
9506.64
28854.4
20417.4
15961.1
15895
25040.2
14183.9
10872.9
9788.62
16553.1
25776.1
16363.1
25335.2
18072.3
46074.4
42528.7
46978.7
15614
31543
12889
14898.8
17368.3
13063.1
25352.2
43130.1
11376.2
35283
24222.6
24620.1
20760.3
19906.5
44518.3
30239.5
24867.1
20848
35370
17922
24145.6
34461.9
12752.8
40757.7
32045.8
6901.89
11330.7
21813.9
18806.7
8945.03
11952.4
27660.2
80915.1
33177.2
21204.4
8382.53
22568.5
20716.6
29089.6
33855
22545.8
12035.3
35471.3
9191.53
44051.5
22266.1
42795.7
27223.9
11614.1
16790.6
12764.8
11737.2
92099.3
20155.6
41226
50304.3
34345.5
21666.3
37799.3
28230.3
26676.7
20685.1
32956.1
11351.4
16439.5
46876.8
20832.5
12316.9
7054.65
9556.18
19477.1
33465.2
59648.7
45471.1
17892.1
30073.4
6405.79
18726.9
41350.3
47380.5
15501.2
19084.9
16766.8
59289.1
31808.5
12126.6
10712.9
35040
17385.1
33788
27145.2
52692.8
32156.8
8920.18
14120.1
48052.5
43504.3
45188.1
30412.6
9124.49
49406.7
13745.8
23907.9
14470.5
37674.2
13367.9
29813.5
12966.9
37003.1
23449.1
14522.4
12362
21694.6
53099.4
11538.3
37565.1
34298.2
22660.2
20221.5
20778.3
24226.5
6956.86
16130.6
23949.9
16008.3
23542
8962.83
20113.2
52004.5
36090.8
30475.3
12353.5
16132.2
13438.1
20781.4
22131.8
16533.2
28978.1
19602.2
7333.69
15382.2
15278.7
15776.6
23990.6
10306.7
18169
34293.4
14919.8
87893.4
54645.5
55190.6
28723.9
11236.5
39113.1
17963.9
19660.4
45347.4
17102.8
24868.8
20601.4
30325.3
35248.3
20725.7
29416.9
19098.5
22282.3
17384.1
37793.7
46276.9
50455.3
12383.1
13667.2
16871.5
18001.1
35318
36234
26631.1
8326.52
15871.3
13092.2
18639.3
28207.8
20288.4
14373.5
17720.3
15203
20922.4
8748.81
15583.1
28827.5
32206.8
22694.2
21696.2
23020.6
22759.1
9149.3
19899.8
35293
8488.22
12040.7
25586.9
38417.9
25284.4
11239.2
30357.6
14868.6
19538.3
16384.5
15829.8
24665.2
36391.4
32184.6
21171.7
11088.1
17434.2
6888.03
17566.9
25817.7
46226.6
23334
25810
11408.8
58827.2
8099.88
13867.6
9544.46
9174.02
18662.3
37366.5
15344.4
23279.2
10838.4
12425.4
20994.1
36624
90132.1
10793.5
38304.8
21067.2
27558.2
14168.4
22763.7
20345.9
16103.9
16996.2
28015.6
12590.1
32681.1
38656.7
42329.5
16300.2
16099.9
37331.9
23656.2
12648.2
18647.6
25467.9
13261.8
14511.5
10505.5
18749.4
16232.2
9917.6
37456.9
10064.3
14544.3
25760.1
45076.2
13374.4
25330
26502
13724.7
41627
17818.8
10869.1
33664.5
21112.2
47487.3
23455
31850.9
38805.2
38666.1
40951.2
13261.6
11605.4
9478.81
12543.2
17831.7
15341.5
9331.96
14764.8
24702.1
17031.2
8920.08
5126.15
29641
7219.55
25236.6
21953.5
13362.9
20678.4
31476.7
10592.6
18570.9
49352.7
21193.3
27431.6
25742.5
39911.5
14811.3
40567.4
25869.8
51121.4
21566.7
31843.7
19337.4
16991
18977.5
53443.5
37731.8
11784.7
10778
12692.9
39230.6
6772
34186
17963.8
24034.8
17491.9
13948.8
14678.1
27195.5
25392.6
20466
22954.4
31410.4
48326.5
46866.7
58498
36869.1
57402.9
12710.8
22513.7
19485.1
23010.7
41113.3
23318.8
25755
20709.4
26256.6
12260.5
20667.3
14051.4
22092.4
13401.2
28408.6
32994.1
26673.6
11820.1
73063.9
23271.5
17363.3
44660.3
42752.7
27488.3
11058.6
11321.3
13452.6
14853.7
19331.8
22148.5
23782.6
20882.3
10101
26274.5
13597.5
18685.8
18798.9
15897.1
32880.6
29708.5
16681.4
19813.3
14785.2
7743.18
21217.2
45956.9
14104.7
12480.3
30134
34449.4
25607.1
17276.9
16156.3
13635.6
37681.7
24057.4
35071.5
15092.7
16357.6
18518
50032.1
17194.4
14264.9
31351
34865.4
16574.5
16982.3
14844.8
6124.66
26673.1
52878.2
12403.2
9875.48
26170.6
15209.4
22040.6
25337.3
8138.84
23602
16849.9
17049.4
34028.3
22259
25942.4
22331.7
29468.3
29040.9
16881.2
57805.8
26430.5
10486.8
21039
35706.5
23482.5
21861.5
32518.8
14407.4
15648.1
8351.41
18323.8
20185.2
21546.2
20193.7
16466.4
32013.7
44769.6
18172.8
44165.1
39693.3
70065.6
31005.7
8076.3
13293.9
48338.3
34671.8
24258.8
36108.5
17403.3
27951.8
17621.9
69218.7
15281.5
9678.82
15673.9
25347.4
32039.6
26230.9
28538.1
9484.76
21093.7
10508.5
33761.1
18803.1
18635.6
58171.1
33178.3
19689.3
41201.3
14784.2
94472.6
53024.9
54107.5
21617.5
15062.3
20617.4
26787.9
27333.9
35999.1
26978.8
23416.9
25876.3
39909.2
86859
18276.4
17015.8
13721.8
12756.9
16364
13627.4
18482.3
64863.5
25194.5
16576
18667.7
31783.7
24583.1
25055.8
15177.4
30459.3
22849.6
17072.7
24241.8
22862
31295.8
30691.1
47153.3
41774.7
28419.3
22850.6
30078.7
20882.7
23078.8
16899.2
15487.5
18649.5
17054.2
34206.5
19841.9
9947.56
20095.2
14807.5
50584.4
12250.5
54891
14522
21661.4
12917
12079.5
13918.5
20347
30285.6
23345.6
8726.56
24069.5
23388.6
20579.7
19837.3
27606.2
29570.5
9198.23
24259.6
64745.5
12092.3
29145
39967.8
32463.5
8134.26
13978.1
34015.5
45692.1
13707.3
24162.2
16892.3
12905.5
27070.8
28571.7
20241.2
7678.46
16684.1
8608.47
27499.9
24049.6
28731.1
37077.4
24505
21774.8
26456.8
20073.4
26894.2
7720.02
22856.4
19209.7
44402.3
57901.3
19326.1
23628.8
29737.1
11968
20310.1
19851.1
19355.9
20075.4
60632.5
22745.9
56752.5
12307.4
21920
16651.3
9325.02
29390.1
9920.43
57460.6
30539.3
11202.3
23810.4
34045.8
26075.8
17652
17161
19432.1
21581.2
11484.3
8645.26
21620.4
10334.6
18647.2
31767.1
20909.3
6093.66
19990.5
17826.8
14390.7
35546.9
25030.8
22169.8
23646
22982.5
11428.2
33660.6
20541.5
13813.2
35641.3
6209.25
16754.6
31854.5
11257.2
37583.8
19504.2
15487.3
32987
16353.3
15886.1
33119.7
13648.8
28855.3
31653.4
16920.3
47000.6
10801.4
12394.3
17675
42190.2
6148.62
20483.6
18909.8
21567.2
15208.7
18554.3
40081.6
7891.2
26568.5
31507.7
17539.7
14016.3
37777.7
15289.7
24635.9
13414.7
39852.1
79261.2
30875.3
37598.4
18588.9
30200.5
30727.7
20697.9
37310.7
35239.5
12919.2
29409.3
22902.3
12540.9
13970.8
48126.3
38491
32497.3
9382.34
40842.1
20130.4
5951.68
13730.3
10403.4
41085.1
36597.8
16226.7
64738.1
33959.4
7775.72
58795
16577.6
37463.4
24934.9
39961.1
20624.6
28254.6
25563.7
5811.99
27448.6
33409.1
32245.7
31185
24805.7
26422.3
18009
37577.6
14582.1
31464.9
28410.9
22461.5
37854.6
19566.2
34713.4
17760
17571
13794.5
18934.4
43474.6
32473
14941.8
17963.4
9917.71
28728.7
14344.9
53341
14534.5
24351.4
47459.3
14846.5
11036.8
17881.6
20366.6
10607.4
22009.3
28483.2
31166.4
13911.3
39610.6
29567
48145.3
12277.7
28847
21272.7
10957.8
33521.3
12551.9
32680.7
17418.9
52897.9
19077.9
24853.8
15407.2
22804.8
32056.1
12995.3
26328.5
46275
30079.8
21846.2
46696
26359.8
14647.7
18624.1
28460.7
31138.3
42849
11881.2
22084.4
14655.2
19842.3
24069.4
27831.6
25731.8
24924.9
29648.4
20374.9
33663.4
68513.5
16229.4
24960.6
12923.6
14919.4
29255.1
8948.63
21220.7
23273.6
10191.7
12144.2
40377
16948.3
12390.4
31977.6
7941.84
40786.4
33779.2
62092.2
45894.1
11427.9
14649.4
30098.5
27859.3
20776.6
20097.7
14429.2
57932.7
40956.9
22876.3
10760.8
13829.8
12322.4
34154.9
12491.7
20965.7
73381.1
48754.9
20109.5
22115.6
10113.5
37268
19955.1
12801.5
11655.5
51503.7
40213.3
14155.9
13409.5
25130.5
20514
14182.1
40527.6
47455.5
42556.1
49222.1
20187.3
35865.8
10378.8
8667.7
21156.5
9881.09
51752.7
28591.3
16215.3
33371.9
18018.2
40921.2
18774
25501.2
30712
8366.36
13635.5
16704.9
68689.7
9428.14
9188.86
20482.3
31544.6
15917.7
29234.4
9998.53
16306.6
22420.9
12429.4
15124.5
28052.4
17045.9
25267.3
10272.1
14681
23356.3
16280.3
15515.7
50101.5
29629.6
45318.3
25350.1
29202
38955.9
5040.22
31730.8
19611.3
11577.8
18629.7
53976.9
14990.1
11073.8
23406.9
16209
8080.19
29512.5
9442.83
17777.4
25353.7
23205.6
22838.8
12146.8
22556.8
32383.5
18204.5
21991.7
49422.2
27194.7
18969.7
11188.3
74149.9
55768
26151.1
14551.6
34884.8
26046.1
32115.9
25851.2
21307.1
22302.3
16796
6211.92
22270.9
9865.83
29660.4
14752
28398.6
13113.1
27729.5
60762
9639.25
30610.1
5962.67
39600.3
11267.5
23979.8
8950.19
39676.7
9162.23
11490.2
15107.3
11539.7
18677.6
40547.4
24691.6
28596.5
9997.35
26903
16471.3
11948.3
9037.49
17588.2
20576.3
8271.46
49880.1
17619.8
21351.9
27657.9
10263.6
18273
20895.4
32752.6
14057
49380.5
10321.2
15586.7
19823.3
24238.6
17748.4
26842
29364
16998.9
14940.4
14684.6
30207
43876.2
14464.8
18241.6
26602.3
9346.26
25479.8
11762.3
5631.49
23052.4
39097.1
18580.3
15269
8456.13
23321.6
17438.6
7798.96
44559.5
21290.1
12665.9
15658.9
37005
17095.5
43560.8
17590.5
47054.9
52260.1
6843.78
20233.4
24488.1
25280.8
15418.8
29939.7
38381.4
27086.9
18087.1
27249.8
43645.7
17721.2
24101.6
30624
52438.8
7276.48
18701.6
41984.9
7355.58
14718.3
36996.1
19968.4
6787.97
17725.8
12208.7
19784.4
35670.1
20032.1
7229.56
6769.06
47828.4
13076.6
24202.4
56055
68557.3
38636.5
7017.85
10492.3
38487.5
44845.2
16338.6
28772.4
18768.3
49303.5
19615.3
30813.8
24351.6
13232.5
42356
43867.6
14469.9
20738.9
18741.8
39735.4
14341.9
18230.1
15192.3
20664.7
16688.4
24207.5
20182.6
10818.1
117536
16866.6
25206.5
17580
13850.4
20994.5
42595.7
29449.2
18324.1
11464.4
22346.7
34615.8
27245.6
54942
55683.1
9144.48
21336.7
9920.92
13987.8
18774.7
35802
45022.2
21152.6
20735.2
37379.9
64612.6
31576.7
19875.2
17515.6
9461.2
29625.8
21334
31827.7
32184.7
59061.5
36779.6
9014.43
47689.6
18869.4
29918.1
26970.3
25356.3
8093.62
13251.9
28634.8
9337.76
14939.2
24981.1
5914.93
18471.7
32596.9
23118.9
19217.6
18981.1
53087.5
16198.9
6695.47
27640.5
11765.8
50609.9
18336.6
13754.7
21673.1
8408.5
22355.8
14526.5
11833
25404.5
14586.5
13572.1
84343.5
10080.7
48097.4
43445.4
34759.2
12876.2
12047.8
41142
27208.8
35157.7
52378.9
40962.2
13685.6
43647.9
51019.8
26188.6
25217.6
7941.97
8011.78
35525.3
8380.39
16117.1
11453.3
38838.2
15516.5
20369.5
22143.9
25127.9
177684
10193.7
8264.33
28729.8
18859.7
14115.7
25980.6
39112.6
24603.5
36706.4
66337
7928.31
10073.6
24893.8
15034.6
13016.9
15612.8
27465.1
21056.8
8359.99
25965.8
7818.05
28622
68366.7
27848.3
25369
32072.8
24478.4
18028.6
32816.2
37455.7
32527.5
23398.1
32544.9
31951.9
25546.2
16480.2
23834.7
18678
10384.2
11947.8
29868.3
13171
7505.8
20782.2
8865.49
41660.6
20519.4
11678.9
12332.3
15877.2
26736
37063.6
27589.9
70389
10383.4
26088.9
25460
12078.4
32850.6
38530.5
22138.6
67670.4
22964.1
18051.1
25654.3
11504.9
26105.7
30294.8
18157.6
22146.9
13549.3
27254.2
22058.3
20010
16955.7
8631.68
11290
25083.3
46904
15280.2
11723.2
41838.6
18239.5
17744.6
16243.7
57874.4
25206.1
9809.17
32717.6
21395.6
43001.6
32269.3
47252.8
20181.5
11518.4
18419.2
9759.19
57097.9
9693.36
14934.9
41381
13672.7
23261.4
9760.34
21088.5
16518.9
79725.4
11225.2
33800.7
70125.2
40559.2
51354.4
7965.1
13898.5
24748.3
23017.2
18126.2
16061.3
16689
18926.6
30786.6
17287.9
42882.9
16659.4
9415.25
6675.09
32965.2
24061.8
14023.6
28972.3
26792.3
22070.9
19018.1
21661.3
12747.6
17814
12770.1
30400.6
10436.7
31466.4
21648.7
31657.5
16731.2
21652.1
15600.2
29827.8
36369.4
25206.3
26747.1
23523.6
14644.8
57643.9
33961.6
6043.39
18590.8
9262.7
16946.2
42197.5
31184.4
27320.2
33186.4
26650.5
6491.46
13569.7
10636.7
17273.7
27485.9
61911.6
15188.5
22818.5
39271.9
63877.7
24063.1
11493.3
9485.21
18773.6
11456.1
24599.6
35949
16272.4
13524.9
21430.5
19888.9
11005.9
16406.5
19040.2
53754.9
15506.2
10543.4
50624.9
13890.8
10311
20359.7
9833.16
11381.1
27544.2
7365.94
10729.2
18452.3
13568.4
11609.1
8825.89
15566.5
27704.9
23990.9
21027
76855.5
11566.2
16880.8
27569.6
18015.3
50950.9
16784.3
17723.7
48213.3
13436.1
16922.6
22132.9
8300.17
25914.8
29772.7
22538.1
57589.4
21154.1
30249.6
24616.6
33929.8
20689.7
30607.4
34790.3
23428.8
53657.3
19027.4
39838.2
24475.8
9516.88
76772
25085.2
20779.3
19600.1
5372.46
9443.87
35865.6
7077.23
19969.9
27708.3
28018.6
35374.8
62884.8
13131.2
64603.1
12048.9
18150.3
25747
17125
12127.3
16699.1
15871.5
15495.5
25682.1
6731.98
14302.2
7542.48
10340.8
25099.3
32272.2
20415.6
19095.8
23586.6
48703.7
15526.4
32169.1
11097.5
33183.9
29228
29632.9
37520.2
29069.1
31691
11150.5
40260.9
12325.9
11142.1
49420.4
8824.25
15761.7
26370.7
33089.3
23929.7
11015
22075.5
12987.4
6545.79
11809.7
29417.4
17679.2
49093.9
53975.4
33312.7
7938.27
43365.2
12480.4
41313.3
46493.1
22192
14204.6
48259.3
13383.5
15492.7
19973.6
17507
20706
16023.2
15413.9
5889.61
24908.7
24446.5
14439.4
24884.7
18415.9
27253.3
17856.4
31648.5
17189
11590.9
10307
24374.9
22935
23364.3
26671.3
11597.2
32721.1
15986
17902.2
37878.5
29816.7
14534.2
25160.4
39389.7
16816.9
21084.6
11718.5
52293
25578.8
23302.9
36631.9
19094.5
34910.1
24766.5
11698.1
53232.5
22409.6
12190.2
35356.1
8060.29
31094.2
36820.3
42908.2
13150.4
18009.4
17938.4
7412.87
14865.9
17311.2
23746.3
14484.9
29838.8
18245.6
32388.5
12793
32259
30259.3
10952.1
10335.8
14076.3
35985.7
15198.5
28470.7
7076.13
7471.12
15396.9
26693.5
7437.8
61498.2
19828.3
39360.7
18691.2
17992.9
10412.3
17910.1
53293.3
35537
27021.7
37070.9
10086.1
26748.6
14396.2
24467
44061.6
10094.9
14057.5
12696.9
9707.92
8264.41
15377.5
21688.1
49740.2
19660.9
49314.8
21468.1
40345.7
22022.5
43675
12205.8
11433.2
23290.2
14762.7
54712.7
54166.6
22277.4
9622.06
19704.6
13976.1
16594.7
22744.2
12968.6
65820.6
28299.7
37561.3
20499.7
20196.3
29313.2
21026.7
36224.7
26673.5
47071.2
22031.7
23826.5
20716.1
15677
7940.65
28862.4
17763.7
51796.6
16292.4
22008.2
23346.5
28373.3
43519.4
20353.1
33450.2
15022.4
52195.4
61645.2
28995.5
63270.2
17142.2
22346.3
14784.3
31662.1
31714.8
12457.3
41506.4
32039.8
10184
159380
12185.2
24035.3
40650.9
42795.7
31585.2
27035.5
22581.2
25834.7
9603.25
26169.5
14726.5
18994.2
33220.2
20366.1
45619.1
18606.8
14571.5
21474.6
19694.6
14747.3
34034.7
26111.4
17275.1
11782.6
14339.6
15956
109294
16978.8
12558.7
13012.8
17170.8
37177.5
23115.1
19684.6
27443.4
9474.74
11978.6
23587.4
13014.1
14108.5
50513.9
51820.2
26002.9
22002.7
24703.3
30161.6
12057.1
23590.1
56929.5
23311.9
16257.6
24300.5
31670.6
33443.8
28051.7
15892.8
9461.41
23312.6
14991.7
25773.8
20591.2
19756.6
28638.3
26930.9
32046.3
11818
23352.9
15778.9
12906.8
30979.6
19094.7
13133.5
52049.4
25983.3
12715.8
25606.8
8490.79
59128.3
23989
33673.4
30395.3
25302.5
11828.1
26833.4
24186.6
12424
7411.28
32283.5
29718.2
10428.7
40900.3
25416.6
17362.8
29651.2
39910.1
23126.7
12158.9
24717.6
28414
10474.3
20791.6
11375.7
43383.8
11796.9
25166
28456.7
17873.9
53164.1
14651.2
28595.7
19028.5
36084
17870.5
16379.2
46397.1
20376.2
39384
46669.9
31913.5
50015.1
31774.6
31979.2
23047.5
13040.1
17105.5
19442.1
18719.9
22351.8
16459.3
24430.6
13540.8
42253.6
10683.6
14823.5
23414.6
9441.84
17947.7
10669
17675.8
78858
25475.5
32854
16836.2
36135.8
15574.6
74165.7
12724.8
18874.9
10530.4
23274.9
29173.5
40731.8
37473.5
15843
16064.4
25027.1
32392.1
30744
56725.8
18634.4
22570.1
25722.2
24680.9
20272.8
76842.5
12980.3
20855.3
7942.81
31568.6
22348.9
31244.3
23872.1
50517.3
15062.3
37333.1
44104.1
102677
21592.4
17445.8
23944.2
36957.2
15253.4
13039.4
31011.2
31222.7
34612.7
32555.2
10866.8
48918.6
21625.9
20645.5
23261.3
14245.4
13090.9
18514
19559.2
24784
16639.5
22244.9
15022.1
33271
25448.6
26405.2
14560.1
14614.3
39469
24799.6
20563.2
61398
27493.1
34412.7
7511.61
44841.4
19792.1
27382.7
6496.01
28618.2
11311.1
31902
11237
21822.3
16506.5
20683.2
65003
45744.8
33547.7
9825.22
25888.6
9479.08
11140
20191.2
14758.2
53003.8
97407.9
16231.1
18880
7109.93
17015.4
44834
10527.4
11654.8
25731.7
14286.2
19738.3
24125.7
58534
28057.7
16262.1
20756.9
40454.7
22301.7
32295.6
13875.6
6624.46
22350.7
47593.5
8691.03
16962.5
18737.1
13521.5
13343.8
52678.9
8897.54
17742.3
31467.9
55894.9
36698.6
24951.2
18959.3
21799.5
42383.4
52481.8
23384.6
48056
13066.9
31839.9
30554.5
10420.6
33322
9093.71
43471.1
28808.5
8592.74
15632.7
78728
22843.2
18692.1
49907.6
29018
16416.7
25705.8
16479.5
72072.2
12442.3
14737.5
36744.8
42990.6
6032.33
15378.7
18783
37174.4
10870.2
114644
26333.5
29626.2
10001
27492.8
35756.8
24551.8
19188.4
14500.8
27424.1
14699.7
18591.2
27795.2
22806.4
18709.2
44203.7
33545.8
27179.4
52659.1
26159
8175.82
23534
15076.5
9793.26
34327.4
16810.3
13912.8
64058.4
12956.4
33872.1
65510.6
22885
30731.1
15185.9
23710
31305.1
55996.5
19747
11131.9
14662.2
19100.8
17437.6
46035
37746.2
47063.6
8735.07
17086.7
18565.6
20890.6
21412.4
12406.9
12159.3
9639.72
12990
19524.5
15474.8
53800.4
23152
36253.3
35739.7
26418.7
32202.1
39160.2
32211.7
51394.8
15339.9
22059.8
14643.5
13274.6
20345.7
22980.6
10717.7
13988.2
33063.4
22323
16652.9
26019.2
24916
18329.9
52197
6842.59
27521.7
30131.2
17356.9
24249.5
100450
48174.1
74593.2
11696
22495.1
25368.4
46341
13538.1
11795
16826.5
12910.2
10738.3
14328.8
25070.7
18271.4
40761.8
13780.6
11190.6
16352.9
35095.4
11991.6
20391.2
29797.8
49748.3
14918.1
16619.4
53662.7
45884.5
66929.5
22365.1
14170.4
28861
21630.4
16722
24643
32878.4
32124.7
58876.4
24039.9
13246.3
68634
10159.8
14925.3
8718.65
6681.25
13041.2
47960.2
20264.5
23071
47470.6
16330.5
14896.8
12233.3
37387.9
34640.5
18764.9
29910.5
29324.7
43686.6
43050.3
20382.4
33804.2
31849.4
13989.6
18757.7
5672.54
20137.8
19125.4
42571.5
19606.1
7035.56
12593.4
10625
30686.1
9038.84
28477.1
16272.2
41918.8
24280.1
54146.2
12904.9
17457
11773.2
33624.8
17612
37580.1
20828.1
13172.9
11825
23498.9
10963.6
52677.2
24369.5
47917.6
26664.4
15842.4
37955
55351.6
9458.58
35506
26898.2
15258.3
37044.2
21583.2
15429.3
47532.4
21853.1
35376.4
14706.4
30680
16439.9
69313.1
11373.6
14390.6
19119.8
19678.6
39993.3
21975.7
10500.8
32277.7
24337.4
12571.4
42703
25799.2
8334.29
13180.3
37690
16569.5
9931.87
26629.2
12761.6
13308.6
23511.7
20162.8
24285.8
21466.5
12196.8
53794.5
36887.7
7856.97
40477.8
10346.4
10604.9
16004
17598.5
26001.4
54674.2
73416.5
16708.2
17750.4
27456.1
12869.6
18925.3
32908.9
15106.8
38832.9
12776.4
12040.1
16943.8
20137.1
19679.6
12181.6
13922.3
35574.9
55752
35656.9
33625.5
12206.4
25987
38233.2
14563.2
23774.3
27269.6
14689.5
26720.5
13550.5
21983.6
27591.4
19115.7
22436.9
22174.5
27961.3
20125.1
21230.2
21492
34724.5
14007.8
22394.7
22699.1
14090.2
30401
68530.4
27758.7
14835.4
16483.9
17397.4
28432.8
16607.1
7099.87
21842.6
26789.7
26121.7
58435.9
24602.8
42227
28502.8
14315.3
29904.5
13822.2
18827
61797.7
36883.8
16009.6
32348.8
20986
15257.7
28657.1
48392.5
18184.3
31895.3
11252.7
45643.6
40264.3
15535.1
10808.8
29340.9
18680.8
16218.7
39822.1
7720.39
30820
13708.9
17794.5
39722.4
45347.4
13068.6
26779.1
14329.6
29890.8
16738.1
19953.7
28659.5
22882.4
26729.9
16755.8
20504.4
70479.4
43231.7
14851.3
19169.4
19375.1
22004
32754
32201.9
29034.6
42646.7
15974.1
53641.9
30786.7
22561.3
33095.4
18792.9
22874.3
19411.7
21311.4
10655.6
28197.2
12536.8
14760.4
21099.7
16021.1
39050.4
37536
23328.5
4642.96
19456.5
20123.8
23041.3
20552.3
12073.5
10762.3
43750.2
21484.9
92374.9
9333.12
50633.4
21193.6
8640.62
7550.4
26466.4
38973.4
12596.8
9257.34
19902.2
13699.9
10690.3
27064
28458.6
14026.2
17156
30590.1
13583.2
14573.6
18422.5
7889.83
27772.7
56317.5
30563.5
22089.7
12847.4
20622
49266.1
22244.4
47742.7
62380.6
21822.3
65334.3
24197
25513.1
117029
11487.5
9983.93
25359.6
19188.6
13744.6
9206.07
18664.4
14399.3
55641.3
24564.2
8117.38
30905.5
23156.6
9879.08
18792.8
14082.1
9970.11
34363
14354.1
14430
19993.3
24207.7
12676.3
21054.6
31931.5
9247
19145
15865.9
11472.7
30088.1
13155.7
29736.1
42518.5
18693
34854.4
23176.8
19464.9
45280.4
20368.9
18711.7
26118
29492
10556
15931.3
37390
18891.4
11965.7
15766.1
26636.2
29690.9
22393
19067.1
45765.7
13159.2
19120.6
14930.1
31056.7
25434.6
10553.2
38379.3
50572.6
9824.13
23817.5
28989
12686.7
38937.5
24215.9
20330.2
42114.4
20353.5
9156.13
45050.8
45705.6
46414.9
30423.3
16422.8
16725.7
16264
18450.9
35386.3
21963.1
28425.2
13035.4
18966.7
40620.1
40321.3
42451.2
16455.2
10294.7
29734.3
17733.6
35718.5
32726.4
20035.7
14357
13953.3
13055.1
23737.6
22817.3
9037.64
12807.9
22461.5
33470.5
14100.3
17902.5
50704.3
17393.3
35163.6
34923.4
17452.8
18729.5
10934.3
8456.93
35477.3
50069.9
22476.1
28898.9
32974.5
25151.9
40062.1
9209.75
17283.9
16755.5
64612.2
45558.6
19679.9
10407.8
20901.2
22125.6
25206
39817.3
54086
21061.7
46137.3
35096
49283.7
18569.2
13272.3
19220.7
16998.1
17581.2
39241.7
26325.5
12237.7
30075.3
22817.1
11884.7
23677.1
19350.8
24478.6
20241.7
22487.8
22795.1
43509.7
67706.4
29002.4
30839.5
17115.6
55796.5
41814.5
60945.6
19210.7
20847
34065.8
22986.7
34438.6
27771.8
14816
11988.4
14853.9
12938.6
22228
29133.5
19542.8
18540.3
23087.9
15801.5
29058.2
35179.9
16515
25512.5
24111.5
16622.9
30836.8
20016
35343.6
14520.4
33878.3
5035.23
15070.6
8174.83
24751.6
50975.8
13849.5
47860.9
33205.2
39114.1
17366.2
23036.2
16364.9
15818.9
9921.03
12331.9
14207.8
34306.5
57410.7
21740.2
34330.9
72654.2
10598.9
23649.7
55810.2
39650.3
34719
22217.1
43004.8
80426.8
85379.6
16774.5
42877
50327.2
18297.6
56565.3
13755.9
32658.5
26435.9
40781.1
21446.8
37174.7
28320
26997.5
31180.1
14588.9
29688.2
15329.2
28965
17276.4
14572.8
9318.82
19286.9
37629.7
14341.5
25711.8
19626
17030.9
30618.8
43715.1
88956.4
9257.14
21344.2
25762.2
18870.8
7090.81
11986.4
25879.2
17449.3
9467.86
11989.6
21029.2
13818
8965.16
66321.6
28871.1
11816
91287.6
12132.4
12418.4
31276.5
23705.3
22753
23174.7
16406.4
14984.9
27168.1
44042.8
17076.5
59403.1
14603.8
28125.7
7719.3
16580.4
26174.1
19678.7
10333.7
35380.5
38472.7
29934
24571.6
9988.77
25940.8
30056.3
21105
17811.4
28598.5
8453.59
12250.8
14919.5
8512.48
28453.1
20099.5
20419.3
16055.6
29765.6
10909.5
8136.78
42717.4
11802.8
14074.1
17801.3
20118.7
14087.9
26960.2
30046.9
58660.5
30656.9
22384.3
40764.1
23104.3
52668.6
10233.3
41960.5
8241.29
19657.2
23593.9
18814.3
22037.4
10018.8
10802.2
26640.2
20622.8
24321.1
15081.1
31709.8
18512.9
30574.2
21070
15121.3
25391.2
23064.5
22029.1
21064
16819
41027.9
34405.3
30150.1
14726.7
10356.1
13932.5
21844.1
17015.2
25660.3
15471.9
12042.6
33866
15692.8
7197.32
24521.7
20955
35654.9
30754.7
28206.7
19176.4
9328.99
22574.7
11966.3
17528.4
10981.2
27252.4
36065.3
56522
20314.1
7819.41
13669.9
20859.3
38185.5
28704.3
15360
13089.9
30134.9
15648.8
22601.5
21398.2
13867.8
17076.1
19433.3
26579.5
11920.7
46691.2
15307.9
18324.2
14372
5086.64
41744.1
20765.3
11937.4
24753.7
16210.9
5169.16
18483
17535
13200.4
21855.9
20289
12513
20774
31488.7
39660.9
32555.1
17491.6
12947.8
31616.5
23790.6
6537.21
14565.1
22289.7
26328.8
16246.7
18133.5
15734.6
29172.5
15492.7
9383.74
32006.9
32237.8
19537.8
7793.99
9525.78
24413.9
5793.76
25368
15033.7
14121.5
23446
34178.1
11623
25044.2
19271.7
23820.1
100090
25672.5
14806.1
16335.1
46536.5
10520.7
12292.2
26710.9
39630.5
15552.1
34701
19753.8
18564
34941.2
24577.4
32031.1
33448.4
42038.6
36595.3
28857.4
22785.7
30622
11914.6
23018.2
18252.5
13072.4
18526.9
20068.3
15320.3
13355.5
11177.6
15966.5
8321.33
20925.6
13187
18881.5
13927.9
31444.2
16288.3
21471.1
13504.7
32228.1
8907.37
22177.1
34079.2
22333.5
20037.9
28472.8
44853.8
19583
12027.4
37144.8
31611.1
32045.8
24955
22288.2
21178
20816.8
12741.6
21497.6
15691.9
11913.3
32783
22330.1
30205.9
37301.7
14179.9
31726.1
23514.6
11864.7
32456.2
35169.7
17314.5
59571.7
17723.1
27079.7
21548.8
43726.3
20260.7
24411.8
9050.15
61776.1
30723.3
35022.2
27548.6
24716.1
7970.97
23959.9
24812.8
19268.4
54332.1
11746.3
73549.5
16673.4
11463.5
22030.3
29065.3
8638.22
34144.7
12219.7
15087
46737.1
18428.2
6703.93
56914.4
10341.3
28565.7
31455.5
21897.2
20295.2
11451.4
25236
5120.68
11984.9
34798.5
75680
26700.6
27922.8
11649.8
48488.8
33012.9
9654.11
60554.7
20331.5
32682.7
21437.4
33742
13341.4
13378.4
15599.7
21161.9
9551.12
47029.4
12759.2
26287.6
18888.1
31351.4
28641.3
14609.2
25606.1
20617
9995.33
17368.5
39220.5
10326.7
26842.1
17342.6
20858.7
17836.9
21825.7
29990.2
18074.3
63708.9
11387.8
29247.9
22839.3
25710.6
38433
20476.7
22168.7
14270.6
29458.5
22083.4
35346.5
26622
11468.2
25486.2
41034.1
21528.4
19939.4
29927.5
44993.3
23819.3
10756.4
36144
30859.2
47252.7
21909.3
25070.4
23894.6
56031.2
35339
10594.7
14762.7
15425.2
17388.1
28247.6
14294
25814.4
16306.3
75327.7
29840.5
45587.8
8204.43
13367.8
15491.3
30711.5
20168
36278
26209.2
12000.7
16081
26170.3
11620
17423.8
10383.3
16034.2
23076.1
5818.73
24095
20279.3
14066
20608.5
17656.7
10751
11617.8
29248.1
51128.3
44208.5
9921.02
39947
34256.2
39551.6
34103.4
21724.2
16433.6
45201.1
19583.2
48079
32677.4
11750
14389
53302
20417.1
26548.3
28640.3
17236.6
27625.4
36216.1
18003.8
6812.97
27692.8
19589.5
36316.8
11421.8
15673.6
6802.03
14904.1
21544
15680.2
23883.6
22348.1
40053.1
22366.8
53958.6
30570.9
10451.2
15501.7
40212.6
15218.9
33366.8
32510.9
9426.47
20348.2
13783.8
22475.2
27860.3
13793.5
18660.3
17747
20378.2
14511.7
25882.2
50712.9
28389.3
42128.4
48420.6
14299.7
17582.5
16211.1
6765.17
29268.7
11698.9
8269.53
8186.84
12975.8
23283.3
42305.1
18411.5
9319.73
14783.5
37704.5
13860.7
29943.7
31510.1
32278.3
11541.2
15441.5
39988.5
12120.3
33682.9
33378.5
15155.2
9120.85
25515.4
12777.1
18755.6
4994.98
10268.3
37033
23408.1
9224.99
10726.2
9775.92
11555.8
23542.6
34736.4
15695.8
31207
18821.6
12967.4
17245.1
41683.7
10027.9
16292.7
27833.9
57331.1
9200.31
34368.2
28044
9020.08
16870.7
48574.1
31352.6
15701.4
15592
26129.4
24590.2
20774.8
34379.5
57029.8
25859.9
29338.9
27044.2
56954.4
11475.5
14373.7
13606.5
42162.9
22558
35837.9
19409.8
31078
13483.6
27317.2
24171.9
16916.6
13071.3
14428.1
13961.2
14464.7
12664
23575.9
46194.4
16523.9
50853.7
15024.7
18005.9
17837.1
18512.9
36771.3
20345.1
11303.3
13954.8
19544.2
16051.9
22605.6
25652.2
60324.3
43004.7
40454.4
11049.5
18842.3
22555.6
25655.9
14106.3
20728.1
14533.7
29593.5
15580.6
9417.78
7532.91
39883.9
37381.2
16095.4
61030.1
45278.1
36640.6
22036.7
7059.41
14260.6
25733.4
61024.6
45683.1
17074
66677.1
31008.1
28913.7
17267.6
17028.7
9176.92
42293.3
47278.3
14806.6
12174.7
40764.8
29150
35267.4
34341.1
16022.4
12934
30822.6
7017.24
63270.8
43372
9015.1
41972.8
24973.5
10327.8
17170.4
17397.7
14758.7
30184.9
13283.6
36286.9
8411.49
43402
80647.2
26809.6
15324.7
37136.5
34562.3
40475.9
25520.1
22807.7
14976.4
66419.5
15014.4
30724.9
30161.5
10915.7
23308.4
77543.7
35248
9397.49
17054.8
8902.6
25112.6
31056.3
12526.2
22786.9
41964.2
21393.2
11144.4
18296
7392.56
18461.4
33201.1
33765.6
16603.2
10176.2
49908.3
8800.11
16351.1
36704.8
15082.2
11597.8
23634.8
95549.4
29530.1
11011.3
26820.6
20676.6
32593.6
16985.8
20916
25313.8
26625.3
51777.4
19729.7
29240.2
7507.54
15731.3
25064.9
13928.8
18370.5
15403.2
54006.4
29934.9
12157.8
13080.4
17187.3
9754.34
33040.8
16461.9
25455.6
54011.1
55515
15413.6
22174.2
40451.3
33798
13896.7
9199.4
37865.3
34090
31697.3
16328.5
26113.7
38509.6
21665.7
34131.1
26714.3
22979.5
28140.7
29616.1
39327.2
29633.6
46380
25699.4
37620.1
5725.12
26436.3
24600.1
15566.3
30395.3
16931.3
22193.4
6735.14
16855.1
13634.6
19190.4
24628.3
13306
22617
82898.5
12413.3
20153.6
40108.4
17723.1
27122.8
24145.8
15435.6
9362.79
23171.9
17907.9
18346.6
14076.1
59789.6
23864.6
41292
36822.9
50262.6
20638.5
44643.8
16706.4
21734.7
9027.52
13780.3
9017.23
21798.4
25046.2
16773.1
13885.6
21207.5
18802.2
22001.2
37730.7
25778.7
25781.6
31767.4
40371.6
43438.4
33250.6
23036.5
38221.6
36538.5
18991.4
44475.4
39530.3
68343.9
17511.5
21844.7
8612.6
77022.1
12104.4
35143
13049.2
24150.8
23583.3
12404.4
18241.9
13294.5
65713
24288
15200.7
50224.3
24178.4
22934.2
21506.8
15695
16750.1
63569.7
33435.2
9777.06
14570.2
45865.1
42340.8
30534.9
29151.5
19047.6
44447.2
21118.5
91195.3
9349.15
41454.6
19125.4
24274.7
25211.8
15938.7
23692
38106.6
52631.3
20741.9
16205.6
17522
8370.71
35482.1
30722.3
22381.5
6507.03
12016.6
11196.1
6638.03
18127.5
18494.1
20315.1
21253.1
22524.6
12539.2
23351.4
26772.8
62717.5
23534.2
14356.3
52565.3
19711.8
35192.4
17967.4
19572.5
12563.3
46753
10628
21025.4
19791.2
13043.7
34004.7
26963.4
12667.3
73926.1
56321.5
14893.2
16020.7
26514.5
38083.7
18363.8
15275.4
30579
28726.2
54040.1
20698.8
26582.6
18168.4
30404.3
20263.6
37569.3
53940.6
32882.3
6715.49
37699
22836.1
60164.8
18684.2
20142
56467.9
28640
29228.2
34647.2
5549.42
28576.4
17409.2
25771.2
28159.7
31455.3
21855.2
32469.4
8265.63
25480.6
25792
20249.1
13424.9
26608.1
33615.3
15819.1
56218.3
8905.81
18944
22861.2
21294.3
29771
39734.1
25124.1
11174.2
22960.4
7374.09
17375.5
26915.5
22192.7
34919.8
18187.1
24556.7
31456.2
42502.5
10174.2
55801.9
12059.6
38228.9
23544.9
18306.6
24817.8
9847.15
20372.7
10590.7
16751.4
11682.5
24861.5
13966.4
20574.1
14315.7
31142.5
23713.7
20840.3
13013.8
34525.8
5154.44
24076.7
12174.9
15066.1
7365.23
6746.81
18230.6
12696.3
20071.2
14554.5
35459.4
48618.9
37984.2
24561.1
5705.19
14414.1
15400.4
19345
27390.4
11947.4
12731.1
29643
22744.2
15545.7
44966.1
22150.2
26992.9
63361.3
22877.4
26967.3
26610.3
17153.7
45743.3
15717.5
12730
11333
26852.2
42691.5
18687.4
24402.5
39643.9
12149.7
13378.9
31692.1
53850.5
12492.2
14481.9
8755.44
20568.4
18747.1
19890.3
25977.4
29125.2
29999.3
31753.1
41751.7
14971.7
17989.1
12814.6
14463.8
26876.2
6685.33
47345.2
21357.3
33707.3
31050.1
40831.1
31099.6
14773.8
12138.2
30131.7
23494.6
10770.9
18814.5
29082.2
6339.88
13298.6
29442.6
11305.8
24533.6
28567.8
28278.4
9484
21428.1
16673.4
20736.5
58906
39210.1
11096.9
19241.1
37728.4
10595.3
14425.2
31744.9
23969.2
9789.39
82003.4
19428
62399.7
7172.03
22920.8
46315
6350.51
23373.9
21320.6
28205.7
30009.8
6753.43
23910.1
24081.9
18701.4
18766.1
8837.67
19828.5
41273.2
14963.9
18918.9
16134.6
19594
33820.1
37173
11122.4
11702.1
26560.2
26669.4
24123
24293.4
27819.1
14057.4
8263.17
9023.54
48398.1
55294.1
23620.2
21826.7
16236.4
11243.6
14071.6
13031.8
19193.1
13599
13471.9
7226.32
21260
65538.6
24533.7
13030.3
24933.4
26288.8
43070.6
17685.2
17014.8
15279.8
30319.7
89848.1
17391.1
32904.4
47785.7
31079
82678.4
48058.8
23230.6
32243.2
21742.6
35961.7
17216.3
21604.1
21357.4
9219.02
10429.7
5990.23
17860.6
17568.3
21199.1
22742
27524.3
7089.57
23455.5
34271.9
10251.1
23406.5
34420.8
22567.2
17216
29045.5
12901.8
14232
39849.5
27054.2
28069.8
30974.9
42589.1
17629.8
12514.3
19653.8
42218.9
37316.8
31290.4
5729.89
15541.6
14467.6
38092.4
35816.3
13342.8
37670.6
18314.5
24196
20555.2
8924.44
46476
20083.3
28639.4
17968.7
20687
18764.2
31454
16149.1
16817.7
27629.3
22646.6
7357.51
42371.2
23246.6
25359
22497.4
8772.01
89334.9
5554.47
14377.1
15564
47699.3
54046.6
10271.7
22754.5
7599.67
19793.6
20863.6
17227.9
28843.8
29266.5
31775.4
12778.7
8327.96
31801.8
36287.8
24686.7
46863.3
24830.8
22359.3
53442.6
26808.1
8990.89
8711.73
16230
13812.1
17404.4
14354.5
31709.4
21949.2
25832.3
56966.6
31206.9
17518.1
22300.5
44219.8
14067.3
28576.7
33607.8
35163.5
31122.9
16739
20061.9
17252.9
12356.3
21376.9
32789.6
24766
13940.4
10439.1
30010.1
12061.1
36737.9
23251
14259.6
24858.5
20771.4
11958.4
7731.66
19632.5
26986.7
28391.9
18558.8
35090.8
26973.8
45906.1
22004.5
44097.4
15385.2
10292
34425.7
20556.8
23218.6
11363.3
33489
15314.2
15901.7
14562
35791.8
24044.7
22005.6
15574
11131.1
21654.1
12985.8
14573.4
24502.1
22996.3
30590.4
21034.6
34911.5
16739.2
17439.1
16597.7
13074.9
31088.6
9387.02
12990.4
14776.2
30226.9
15767.5
36402.5
9959.21
24422.8
21608.3
23757.4
15319
33809.9
21034.2
21509.4
79381.8
24034.6
19805.7
33187.9
25304
42529.6
24237.5
8812.25
19350.9
12363.1
14096.7
32297.9
25314.7
35352.4
41631.6
49791.3
16002.1
23514.1
30427
25827.7
17530.9
15326.4
36261.1
16040.8
28315.1
13728.5
15228.4
36242.3
8429.96
17294.4
9073.03
34074.9
37107.6
34420
5625.77
18327.1
17116.1
41302.2
18830.9
49409.8
23813.4
17281.5
38676.7
19909.8
20755
26884.4
11585.1
62427.4
18577.7
14860.6
11642.9
22634.3
22739.4
32019.7
12256.1
24412.1
26791
18258.9
55029.9
28468.8
48662.3
12175.9
30039
28252.3
52886.2
12777.1
11909
25974.9
61844.6
54543.4
29368.3
22759.6
9092.1
21521.1
29352.7
9049.88
17872.7
14995
29865.3
27411.7
46976
25133.9
12258.9
19815.1
48713.2
25454
20606.6
19472.8
21285.7
39346.2
17783
12289.6
44697.4
32209.1
24245.7
27297.3
7347.73
84862.6
56932.6
17698.2
32931.2
36286.9
55352.4
11882.9
50461.7
41013.6
29341.6
45131.3
23801.1
14948
9302.8
14216.8
12259.8
22411.9
10310.5
26529.8
75806.8
13271.5
20147.3
30397.2
41403.2
22530.6
42643.6
43976.4
16451.5
27155.5
13055
13766.7
18126.9
28203.5
21288.8
36610.4
25075.8
28133.2
10318.2
25817.5
38058
10544.9
11143.7
8118.75
29182.3
15691.3
13446.4
20868
16843.8
44202.9
11663.9
34534.8
22639
50654.5
18839.9
7583.08
22850.7
20983.5
44868.2
23695.9
26544.2
13819.4
49755.9
46554.9
26856.6
12521.5
39855.6
29748.1
25867.5
28974.1
30553.7
63227.8
25564.7
25217.3
7770.61
32670.4
49160.4
13205.4
42456.9
14202.9
20803.2
38824.7
27186.5
37194.7
16452.5
6758.05
11829.8
24774.3
7915.92
25345.6
20089.2
12963.1
54416.7
11994
29495.1
16767.9
22611.5
22840
24757.3
9491.63
10510.7
20753.2
26254.9
26656.8
17503.4
20408.6
42435.2
51059.9
15410.8
7171.9
33049.6
28737.3
32689
11833.3
20527.4
29765.4
14741.9
22414.8
17867.4
12303
20193.2
29265
21584
22619.6
22479.5
27903.6
16530.4
53279.4
37128.5
18002.8
29829.4
15681.5
38156.3
43668.5
16676.7
10233.6
23444.5
8918.89
19681.8
10726
11747
26002.2
73107.6
31253.8
12825.5
40612.1
19210.2
21004.6
20210.5
30688.6
26533.9
11162.7
12063.9
30390.1
18718.4
18414.2
13482.6
9906.93
23249.4
12662.5
9498.79
20919.4
42587.2
13408
8677.48
33527.4
14885.2
24505.1
23108.7
46692.8
16397.2
36484.2
9236
14869.2
14285
28187.3
18916
15752
20588.2
31452.8
22921.9
11092.3
29508
10999.3
26030.9
13905.8
12152
28680.4
40465.7
10686.7
12743.3
48132.1
27885.8
12943.5
16339.4
15351.9
35636
60908.2
41045.8
16077.3
19579.2
50367.9
32697
21123
33600.1
24460.8
48463.3
20226.4
37875.2
14519.6
58134.7
59489.3
24845.2
39124.4
8543.89
22298.7
15155.5
16205.1
19851.4
12475.2
33315.7
17838.7
32287.9
5522.57
9479.49
14203.1
18791.2
18339
19620.4
53359.1
18951.9
35309.4
17005.9
45572.1
15610.9
19100.9
14100.9
10193.3
10829.3
15803
32386.8
25381.5
18380.8
23735.6
21630.1
59798.4
15639
10327.9
30141.6
81894.4
38928.3
14118.5
9706.9
28659.2
15295.6
22215.1
33440.6
21712.4
29998.3
14897.9
14767.5
24374.9
9279.73
8805.47
10195.8
67113.2
9372.56
23904.3
20769.2
38077.5
25577.9
19897.7
13849.9
39004.9
10158.4
31443.1
15040.1
14629.3
21364.1
32866.4
23261.3
32032.9
38699.9
14914.5
67559.6
14361
40362.3
37989.4
15138
24298.6
12206.1
16844.5
10264.2
22667.6
10854.2
10862.6
20929.1
9477.87
9553.13
28294.2
29651.1
30931.6
12750.1
17136.7
17829.2
39209.8
21692.3
5944.2
16620.4
14321.6
11611.4
24666.4
32427.2
41423.1
21677.6
41827.2
13914.6
16842.5
21425.2
17001.5
19181.2
33741.3
17097.4
17638.5
13252.7
13741.3
15313.3
35404.8
25992.3
23784.7
22124
34383.5
11751.4
75247.6
26422.7
36282.9
42761
13829.8
22238.5
10584.2
18858.9
46497.7
16358.8
16673.6
22651.5
38270.9
21113.7
21179.1
31232.5
17385
47400.2
5892.71
23474.7
36000.8
23958.7
24410.9
44854.1
18943.8
25619.7
12428.7
27443.9
24720.7
25860.8
20021.6
29676.3
11434.7
7027.83
50388.7
9100.7
33751.4
25207.8
9943.99
19538.3
16839
37185.2
28275.1
19110.4
21208.2
10162.5
43168.1
12159.4
15910.5
10406.8
29874.1
18253.7
29423
7802.19
67128.1
38049.5
57145.7
15606.1
37961.1
8385.83
30967.7
52779.1
40278.7
11386.3
35556.3
16942.3
19005.3
8115.28
16898.7
30373.3
29243.5
21893.5
12619.2
51119.7
15884.4
53356.5
20262.4
48815.9
29818.3
9275.99
36171.5
21621.2
46261.9
29011.8
6387.42
39181.4
13923.3
8171.21
9848.51
19863
17372
14689.7
8994.37
27586.6
17437
31295
12271.5
11172.6
33003.8
59804.3
13619.9
8836.52
9684.77
26705.7
8949.58
12179.7
11323.4
16431.5
24101.4
18506.3
7179.92
52679.4
9323.28
37017.7
15927.8
8191.75
32076.3
35680.7
27943.8
34644.1
18396.6
16012.6
10413.8
21571.2
27175
12459.6
38076.5
27486.3
13854.5
12254.5
13641.9
28736.7
12404.5
8087.08
50575.7
15238.5
39895.7
22056.6
33633
16699.3
48077.4
17618.6
18394
9797.37
10280.8
46539.1
40249.6
16654.8
18864.3
5580.38
15770.6
53244.8
46428.1
29014.7
15609.8
39548.8
31941.2
14085.4
29131.8
20055.7
32992.9
18930
38338.8
31506.6
14138.1
31709
20788
7547.63
15461.3
28943.7
25668.4
30745.8
52367
19748.7
40540.6
16829.1
22537.6
49595.1
29667.4
32057.2
20573
32046
48612.6
24792.7
33628.7
29556.7
27956
11021.1
14223.9
36636.7
16373.3
14836.9
65560.1
23428.5
35659.7
17514.3
48860.9
32428.7
39117.2
53575.6
4977
32761.6
9667.25
12580
28523.2
20630.6
30731.8
14764
24087.3
18161.9
15244.4
15039.6
20967.6
41801.8
10940.9
32367.9
33966.5
23351.8
15796.1
24475.7
16235.9
13522.8
6317.53
32197.9
21207.6
46280.8
18590
16920.8
22729.6
16972.4
25135.3
21473
44553.3
35927.3
12845
16866.8
13003.4
61245.3
22364.1
13938.5
14721.8
16967.9
21347
18226.9
14098.8
19430.1
41770.2
35061.7
15238.7
11461.7
42965
15555.5
31980
23610.6
26710
43802.2
54153
35173.5
21249.4
24032.6
30257.6
33614
10721
17460.4
24301.4
7038.67
17307.3
20220.6
25830.2
11962.1
15328.7
21319.3
33967
42147
35097
12276.2
41093.8
17870
20317.9
9902
23736
68955.6
15445
14690.2
20674.7
24070
9806.16
47003.3
25793.6
7456.51
29567.3
10021.2
57103.6
11660.5
67320.3
31424.9
15186.8
16194.5
33163.7
13362.6
20941.6
8925.31
16482
36669.4
15264.7
17474.4
26863.2
20517.8
41456.3
14020.8
27829.2
25240.2
11671.1
19121.9
62241.6
25518.7
46685.9
12131.6
15359.8
28701.1
32374.2
18114.2
11761.6
11006.1
21369.6
16613.8
24439.8
36686.5
7623.57
62338.3
13121.3
40131
15840.1
58252.7
16391.6
38167.7
15647.2
25283.6
22434.6
19231.3
49691.5
4918.25
34061.9
17214.5
15953.7
10980.1
35863.3
8226.59
25716.6
8371.05
31850.2
35152.3
31525.1
33680.8
12260.1
36019.2
40811
23281.4
77855.3
22350.5
37930.4
32260.8
18763.9
32094.7
46440
14980.1
12238.1
19688.4
34266.3
33394.2
32835.4
16601.3
12702.5
49622.9
31768.6
23671.4
17741.4
14360.2
12497.2
16713.9
11434.8
23176.4
16197.4
6736.15
13523.5
36122.1
31356.6
22647.5
31149.1
25862.3
20506.3
35500.1
15515.1
56735.3
34298.8
23066.1
56448.4
33313.4
59866.3
26561.4
45552.5
23606.1
34546.2
50676
9692.85
26778.4
13721.5
19133.2
23418.2
12369.3
32723.1
14362.6
11343.1
17731.1
14823.6
27397.2
50048
28233.9
45917.4
35637.4
26145.7
22978.4
18781.5
25974.6
16891.7
20087.6
28236.7
7565.34
25476.6
49008.3
20078.8
24867.9
24465.2
30634.2
15927.6
27462
13367.2
15145.6
40709.3
23086
28425.5
26943.3
24525.5
22234.7
18521.5
16318.4
6760.28
20951.8
25026.4
46933.8
24817.4
10739.5
29396.8
9932.58
21438
28659.3
28723
19723.2
10691.6
17350.3
23395.5
15103.5
10567.2
78923.7
25149.6
47592.5
21161.2
21930
25604.8
22083.2
9033.13
12184.8
7239.8
14687.9
19853.2
34231.1
7914.56
34828.7
24664.9
24723.9
24688.4
40116.7
21667.6
42265.8
40833.3
50064
40400.4
39558
45381.3
29106.3
11231
14945.4
22706.4
35560.9
34592.1
22945.3
63737.1
45949.8
70541.1
17686.1
15761.1
15727
16591.2
38956.7
44248.7
13642.5
23672.1
30109.5
20270.6
19833
17308.8
30756.7
42496
29617.4
49822
40892.1
54989.2
28920.9
12056.4
35252.2
10952.8
17800.8
27673.2
17666.7
17356.3
15611.7
13600.2
12237.7
48799.5
49124.3
19215.8
38275.7
14674.1
15830.7
20723.2
26359.1
14178.8
8366.11
19081.4
16250.6
57224.6
32232.8
18627.8
29764.1
24980.1
12836.5
13119.4
8204.86
20651.4
24127.4
24407.2
21828.5
22742.3
44052.1
17294.1
35359
23588.8
8769.37
12906.9
28988.6
15852.2
32265.2
28656.2
24602
23068.7
8106.92
15438.1
24184.2
26499.4
17160.1
9961.86
49434.5
22094.6
8230.55
16995.5
18849.3
11099.7
18373.7
7680.66
10683.7
14608.7
18042.5
32859.9
12250
32649.1
23748.9
33237.4
31155.9
19466.4
33469.3
25686
20613.1
24384.3
33286.3
16300.1
18382.4
15381
9864.67
14690
25071.7
29540.6
22952.3
38722.8
11652
26058.2
27732.5
40976.5
41275.5
40725
16216.7
16613
37194.6
8443.79
25456.3
10270.5
7998.34
13592
19632.9
30210.1
28666.9
15705.7
7598.09
46423.6
38625.1
29595
13754.4
18869.8
43815.5
23110.3
51685.3
67702.9
29977.5
15003.9
25635.9
33618.3
13850
16417.8
20332
14766
17022.8
17351.8
10699.1
47618
14475.8
11975
19125.5
29032.4
14489.5
28084.7
27773.1
23759.3
15274.9
6324.51
33374.5
17733.1
22151
25812.1
17030.2
30113.4
31328.8
26338
30646.7
47429
20158.5
46684.4
60058.5
16293.6
22418.8
16044.9
41297
28762.9
24659.3
24508.1
8272.17
25193.7
15208.3
14241.7
16424.1
50056.4
31311.2
7072.19
28156.8
23988.8
29025.6
41355.7
24288.4
22515.6
11556.7
16531.6
17520.1
21982.8
17216
23685.4
17110.1
17091
21886.8
14366.2
47230
23438.9
7024.77
15472.2
12193.1
6728.39
34588.7
42135.2
27043.7
27891.8
11070.7
23326.8
41360.1
48426.9
22063.1
9723.97
37595.7
33881
40892
62082.3
13599.5
61525
6891.38
28474.1
11256.9
58106.9
26454.5
31967.1
99372.6
16801.6
22192.3
43860.7
12041.4
24544.2
37022.4
22565.1
21112.1
18867.4
20877.4
35960.5
15428.8
22388.5
36550.5
15735.9
43124.3
17848.5
56086.5
27167.7
22019.4
29570.9
17699.5
20162.1
63023.2
29163.2
9253.64
8202.85
40183.2
50427.9
22524
42992.3
32913.6
18208.5
26760.7
10866.7
20810.7
45884.4
9006.46
15562.7
24284.2
30642.8
16823.4
26653.6
8770.19
45923.2
25870
60727.6
20186.3
29024.1
18895.9
32565.9
27140.6
21970
28187.2
21453.9
19794.2
68760.7
22017.5
17590.7
48075.4
35577.3
17718.4
31316.4
12911.5
34069.7
41402.3
26341.9
13100.9
35214.3
23875.1
18808.2
36784.9
34319.4
47788.2
29733.9
36038.6
29707.7
36875.2
56626.6
18184.9
32052.2
23305.2
28346.7
31890.6
18110.4
16693.2
10385.7
10148.4
18719.4
20849.2
25516.4
14884.1
44292.5
16761.7
20481.7
40168
21361.6
20596.9
28029.6
41823.9
15233.5
21088.1
9909.87
23275.3
20389.8
22779
16253.5
14926.6
10358.8
30388.5
28304.6
55145.9
37079
12039.7
14968.7
42182.5
44420.1
16370
23061.9
20178.4
25621.6
20680.9
24325.3
13343.8
13865.4
11848.5
15702.5
16649.4
23531.1
19459.2
52689.2
8198.09
7838.44
37703.4
17247.9
26589.3
25204.9
23966.3
39417.6
23204.4
45458.6
18287.7
15740.9
42721.6
29589.1
31729.2
14797.6
23779.3
14731
13309.9
38595.3
17596
20030.2
17409.4
15147.3
30697.8
28038.9
30618.1
45178.8
20151.8
16413.5
10006.9
20965
12147.8
13154.7
13042.6
17160.1
30872
9471.02
42314.6
14312.3
44851.9
13984.7
29725
22535.2
6895.15
23377.2
15661.5
14726.6
25634.6
13540.8
17973
10880.8
20973.2
16648.7
34820.7
14062.7
24745
62693
45938.9
22763.5
10784.1
49529.3
41744.1
5270.85
20155.1
46918
37377.4
7513.67
18266.9
23513.6
34698.1
27612.2
11177.9
29775.6
20773.6
29158.9
46726.1
23497.2
10153
42382.3
7286.32
31216.1
10740.3
25520.2
34865.9
17705
23785.4
19168.9
33433
53647
10372.5
7558.54
30873.1
12772.6
11742.8
59285.4
23798.4
32434.4
63584.7
36617.3
16181.2
25552.7
22430.4
15072.8
14893.2
27756.5
25179
18180
7394.45
24715.1
22017.4
34007.5
23547.3
21015.1
31174.6
53012.5
28827.9
8411.97
9147.95
15753.8
13481
39257.3
33272.3
20353.6
7732.04
66947
19676.8
13324.8
16489
15246.9
16441
31598.2
26438.5
20877.8
8463.67
20151.6
28216.4
34403.8
16970.2
6889.57
33221.7
45134.4
9586.22
16154.5
17899.9
32576.8
44990.3
35833.8
45561.5
19737.2
10894.5
42340.6
65501.3
13162.1
17525.8
16889.6
41861.1
21224.1
29251.4
9285.88
17037.5
10293.5
8298.41
20175.1
34273.4
50318.1
20785.2
46933.4
14626.6
31406.7
15703.5
19933.1
27571.9
11519
22929
55688.3
13524.1
10776.3
72304.7
21640.8
26438.8
23505.5
17810.4
26474.2
30076.6
22168.7
14776.4
18309.3
36251.7
35652.9
15318.6
28231.8
87325.8
26887.9
6570.54
26989.8
14205.2
15508.7
12377.4
10834.1
54874.1
15816.5
54378.2
36346.1
12184.1
15245.3
11416.4
104093
18722.6
23371
18954.1
27781
31700.1
17090.7
18072.3
24027.6
47671.3
26309.7
10836.5
17643
18404.4
19891.9
7510.87
44563
15921.7
25509
59356.4
30995.1
22790.1
45062.2
16435.3
22277.1
18225
22974
56848.8
14088.8
22718.2
24852
17680.3
19562.2
28988
28791.7
16273.8
19884.2
18134.8
9622.92
21600.7
16781.8
28737.3
38315.6
22507.3
52917.1
13839.3
23514.1
14100.2
11370.5
28332.5
42402.4
24685.7
26550.7
21334.1
14190.5
53970.2
5671.69
39014.6
34568.2
32667.7
57000.4
22874.3
16928
33074.5
80559.3
23998.2
31176.3
17539
41639.8
14494.4
63254.5
44163.1
18735.1
13806.2
13973.8
25307.7
25247.4
49422
22932.2
18311.1
13783.9
33559.5
21276.8
11592.7
63253.2
41733.6
41691.4
29642.1
12951.2
20844.1
20974.7
19065
21851.7
12986.8
27116
17382
32284.2
43021.3
24784.7
53864.8
10640.6
29742.7
81861.5
68823.5
50953.9
31290.3
25097.1
10452.9
7969.08
24735.2
14624.1
14344
13782.6
17778.7
17209.7
12439.4
36758.6
35470
82852.5
21527.7
28966.3
17934.8
28332.2
9777.13
8181.13
33585.2
20114.1
14714.3
7175.52
30786
13458.7
11245.3
35397.5
19543.5
30606
50443.7
52784.3
18809
46861.8
40899.3
26010.5
43570.1
9137.96
22910.5
50964.1
11935.2
26788.1
9073.23
19625.8
29832.9
20306.8
12076.3
33883.6
22110.2
37405.5
33118.1
28309.2
23699.7
25785.5
11475.2
22128.4
23194.6
14487
26938.8
44549
21494.1
16530.3
31861.2
42045.9
21544.1
18972
12779.8
12165.7
37423.4
53055.5
9401.16
13709.5
33528.6
21926.1
19565.1
6841.33
30444.4
17998.8
17925.2
9809.42
17824.7
4441.36
16953.8
14367.3
11185.3
25329.4
39318.4
21399.8
19145.6
27978.4
19741.6
19971
7540.85
36478.1
27937.3
28997.4
53255.1
20847.4
10463.5
9007.9
24176.8
29112.2
15726.5
73570.8
29482.3
13321.5
37999
28386
16049.4
41590.2
29404.5
30870.1
33311.3
13090.2
28124.1
9140.36
32806.5
33261.9
25119.3
21803.4
11731.3
11870.9
19267.3
10685.8
51378.4
26574.2
7272.89
15051.1
40312.6
43782.8
32610.2
43367.7
20312.6
28844.6
20140.8
17603.1
15491.3
39687.3
10129.1
25802
44850
25276.6
25685.2
39373.2
34900.9
39379.4
17255.5
33070.7
13089.9
24069.5
18846.1
6882.88
33969.3
7327.39
13515.5
14882.2
24935.2
13243.9
24636.7
13036.5
32976.4
18873.8
7005.34
16806.1
16796.3
18191
16916.9
25483.6
9993.44
14959.8
45964.1
28831
9074.06
40041.5
44022.5
26839.1
16721.2
21881.9
13306.1
22380
21207
18865.9
12103.1
56286
9794.73
15461.5
13013.4
16669.7
23576.6
24035.1
10514.1
13566.8
21571
25231.2
17743.1
53080
18760.6
14521.4
14698.4
20887.9
13706.7
66675.7
10081
20579.5
14860.8
28241.1
33694.8
33721.6
23275
20443.3
28975.9
6951.94
27388.7
19036.7
15872.8
22956.3
8395.73
38763.2
57436.5
16600.7
15137
23914.1
12989.4
81516.4
20578.9
23361.3
24176.1
11947.8
22826.6
8018.56
31030
35260.1
9899.52
31243.1
18828.9
28352.7
9654.6
9713.45
46905.9
9594.22
11937.8
55242.2
21090.2
31073.3
32813.7
7243.1
19951.8
23432.9
13391.3
7940.64
16020.8
32389.2
18204.5
19417.7
44103.2
23749.9
21357.5
10904.8
33526.8
9935.49
17616.3
16010.9
37640.2
17617.9
8986.1
21219.1
12387.9
60902.6
6539.22
13269.9
9153.43
17997.7
9416.34
12388.8
19979.9
15371.4
14122.9
29598.3
19398
11392.9
12637.7
42568.7
33250.9
19458.7
17095.1
19868.6
17582.5
13009.9
31730.3
26626.3
16018.5
15152.8
16399.1
17113.8
22735.5
15482.7
54966.1
17598.1
47808.8
8548.83
29024.2
41828.1
32277.6
33701.1
18710.2
38218.5
17833
11759.1
28704.3
37242
28727.3
15874.8
25567.5
18588.2
10825.6
14763.7
9248.95
11354.8
23144.5
14485.5
38267.8
9638.84
16867.2
35363.7
29161.8
10620.8
15843.1
22383.1
24487.7
10924.2
32990.8
43777.7
37234.3
25302.7
105735
23197
24868.1
31843.9
17231.7
42784.2
27875.1
30457.2
24950.3
63649.3
30479.8
17683.5
30716
27876.5
13467.6
8563.31
58152.1
17123.2
87878.2
13733.1
15117.3
9738.23
10903.6
41036.2
27757.5
16612.7
30554.1
20640.5
36946.1
18403.3
59976.3
18289.3
15511
9015.47
29409.2
10332.3
10730.6
16968.1
38849.6
16892.4
12535.7
14479
9907.74
8837.78
13575.4
15877.9
13886.1
48074.9
85947.4
20682.1
13975.1
33368.7
11460.6
14131.2
6017.69
41826.5
29721.2
31846.1
22129.9
4461.7
51484.6
12835.8
35908
12056.4
19464.7
35411.2
22382.9
27506.6
38437.2
36251.9
24953.2
47277.3
30538.3
12754
20038.6
12217.3
18071.5
17054.2
23693.8
24890.2
19227.1
29980.4
23000.6
27377.1
40873.1
33644.2
14142
12998.7
29492.5
18247
19021.7
6633.35
11719.2
20386.7
11370.2
16746.4
11660.6
10172.1
18789.4
22721.2
20478
18561
30123.8
38370.1
5740.41
41111.4
9537.94
12951.2
10061.3
21501.2
40577.2
51595
47587.8
22956.5
21819.6
13637.5
12801
11275.9
12497.8
10059.5
23363.9
29795.8
15560.5
31231.4
51182.8
13326.5
39649.7
41268.3
20824.1
32875.7
29934.1
40850.5
27821.8
17550.7
22367.4
19622.6
22629.5
32525.1
8794.07
23365
11563.9
25818.3
48357.4
15856.4
68255
30415
12179.5
13513.4
52439.6
28102.3
25827
14518.9
35230.5
16189.9
22158.8
16027.6
12128.6
30337.2
32433.9
15175.2
58777.7
26250.8
33906.6
16171.9
27453.9
22702.1
10702.6
30374.7
54422.8
34354.8
22158.3
23800
30326.7
18966.9
12341.5
23184.4
18144.8
22873.3
25118.2
45532.8
56661.1
12162.3
18908
41711.1
23860
17349.9
26376.1
18041.3
25697.7
20601
31050.2
30055
15066.9
20861.9
18361.8
27343.6
26391.4
22107.1
10611
11197.4
19336.5
15913.5
12484
28098.5
18634.1
19491.8
30365.3
18012
20392.4
17366.8
32705.4
11342.9
12143.2
8970.13
19329.1
53916.5
14807.2
11935.7
23834.9
9280.04
23812.9
72883.1
15136.9
21079.2
21388.5
13818.9
29953.4
8257.99
38513.8
13050
18161.1
16090.7
11984.3
13028.3
28054
60331.3
16793.2
15933.3
25344.4
65631.7
43699.5
24864.2
32815.6
27574.4
19486.9
26379.1
10515.9
13159
21605.9
8615.22
19273.8
16759
22256.2
22951.5
14974
4956.33
24345.1
60405.4
15529
11779.1
24519.7
30741.9
35924.1
4367.42
33384
15046.5
54541.2
26962
23790.5
61761.9
32819.7
18303.8
31949.6
18669
24463.1
29339.4
24677.2
90624.9
43377.2
19958
58199.8
14365
63423.2
21270.7
47959.7
31232.1
19013.1
28159.4
20890.7
17546.9
33670
28049.4
34586.3
34359.2
21603.5
71829.2
19711.6
27179.9
19579.7
29472.5
29966
10447
31906.3
28459.9
32244.7
21283.3
11910.7
9848.57
15807.8
33091.3
74416.5
16276
40767.7
14738.3
15298.4
29217.5
17526.2
14663.7
35681.4
32590.9
12598.4
13263.2
35348.7
5703.09
31081.3
22549.3
19627.2
42915.6
13479.8
30858
26230.6
18539.4
23709.5
13985.7
30306.7
37616.8
7621.47
22092.4
36282.6
96603.3
28072.5
43323.8
20233.6
9835.5
40146.1
27332.1
35213.8
10886
15289.2
23320.2
26047.3
18435.2
21022
48883.5
10405.1
44696.7
14556.1
13823.3
15751.1
36620.6
27861.1
45654.7
15670.8
9996.18
23085.4
17868.4
20379.9
15900.7
19827
32599.7
42938.9
17743.1
28845.1
10613.2
9156.46
33747.6
22653.1
20723.9
23078.5
14851.8
26618.6
18242.6
14186.1
15553.6
19097.1
14779.1
24058.4
24612.1
29519
30453.1
40257.5
9472.83
21310.4
32512.7
74713.7
28465.3
27162.4
30807.3
26701
27061.1
24638.5
26524.3
40562.3
17177.3
13639
15097.4
16186.3
44398.9
16616.1
29159.1
21584.5
17655.3
8257.8
55791.1
23485.9
22976.4
21463.8
21152.1
16503.1
19902.7
32970.8
56254.5
22140.9
17296.9
11166.8
20246.4
18245.5
24192.6
56924.1
16799.4
11141.1
31167.4
26119.4
13465.2
7126.58
12260.8
15784.8
16041.7
11486.8
14432.8
9383.78
23490.7
23843.1
15487.8
15790.5
44794
14410.4
31166.6
13164.7
30778.5
18116.1
6437.06
18308.3
65247.1
44995.5
28857.2
18094
12893.3
10408
14250.5
13111.8
37261.1
17345.6
36158.1
23665.4
20451.9
15481.6
27635
19190.2
76475.6
25914.2
10702.9
15832.3
18800.1
21040.7
8603.92
10224.6
22511
14539.2
51384.6
44731.2
11708.3
12391.2
41079.4
11054.6
28905
5195.16
30603
18435.9
24656.3
34838.8
100312
11618.7
22345.2
15717.1
28241.4
11884.4
8800.47
24150.7
26637.6
21211.6
11327.4
32566.5
46113.9
23579.6
33858
41748.9
11391.5
69429.7
5754.07
11878
21522.2
16106
35781.2
15427.2
44476.6
19462.8
14123.6
22609.6
9298.31
37844.5
10238.2
12513.7
16298.5
41291.2
37750.2
23138.6
23025.8
23642.5
94465.6
20631.9
13856.5
26088.9
28955.4
41563.6
23966.6
27352.2
36840.2
21104.9
16446.2
11195.1
15118.1
39038.2
15712.7
13526.1
17285.3
59325.4
93967.2
43410.4
45692.3
54466.2
18264.2
26362.6
28424.4
79809.7
7264.43
32394.8
12020.5
21793.8
14907.4
18071
20746.7
26947.4
146059
24679.5
26814.3
68924.3
7103.69
9594.49
16747
15378.3
30968.1
38021.5
44888.7
13723.3
26741.7
12544.8
11350.4
30833.6
37519
14631.7
34788.9
19124.9
44639.3
15975
8112.99
20164.4
33171.3
13005.3
14041.2
16551.7
28149.8
9700.51
21424.4
40220.9
58794.7
24031.3
25463.2
17688.6
12535.9
22764.7
43117.9
15856.3
9318.21
9496.73
28962.2
35918.6
24137.3
20014.4
12136.9
54073.7
32091
8258.93
19613
19592.9
20571.3
63090.4
29575.6
22852.3
44447.5
12650.7
34084.2
22435.3
15421.4
27209.9
40355.8
10001.7
19373.6
23112.5
16037.9
34459
34674.2
12892
22682.7
19744.5
29885.9
12262.3
29241.9
17969.5
14341.6
13822.1
18698.1
25340.1
27540.5
22366.1
16423.1
12856.4
13026.3
27217.8
34815.8
19741.2
29615.6
34213.4
33132.8
8921.71
22484.4
16067
14088.2
15151.6
30045.3
24147.4
32466.3
32348.1
19464
10303.9
22991.2
24787.9
19348.7
20111.7
15187.7
13305.6
39703.7
15810.2
25225
22467
15053.8
24154.7
62032.8
14753.5
21635.7
30814.2
10093
21118.4
19742
41713.8
30333.8
24325.8
28185.7
10539.1
14245.4
35859
17663.1
16736.6
19898.1
15147.5
6972.47
38987.5
14287.3
13432.2
10981.6
16549.8
27520.8
11255.7
27971.8
16219.1
27666.3
55760
27988.6
19229.3
34421.7
23698.6
21916.8
19354.8
14958
8835.48
7110.9
26918.8
23529.2
15435.5
23850.8
28525.3
79615.3
15238.3
11944.4
43234.2
33834.8
18012.3
27110.4
20269.4
23412.3
19260.3
16138
15092.2
21538.6
9122.29
55439.7
18432.4
27252.3
23813.8
21407.2
21834.6
34479.8
8611.75
17345.5
34828.4
19258.3
15402.2
13176
30343.4
15969.1
13525.7
23736.4
24714.3
12805.3
18807.8
67322.2
12542.8
36318.6
56236.9
15686
37180.7
14654.3
23682
27095
12525
32307.4
15261.7
12323.7
17174.5
12324.2
20353.1
13729.3
14008.5
49489.5
13022.8
17973.4
45108.7
14048.1
33504.3
13323.1
30243
8818.16
34456.5
14337.3
45976.2
12513.9
12055.2
33257.6
23847.8
29185.6
64065.6
14593.7
31000.4
22834.1
4958.25
29153.3
18182.9
8360.29
19705
7849.85
22993.5
69355.6
22214.5
47403.8
23856.4
31791.5
13177.3
10303.4
12281.6
17987.7
18768.8
40507.2
15634.4
86422.7
18621
9823.35
13639.2
26568.5
22517.3
27814.9
21695.2
13897.7
21862.4
41257.6
24866.9
39381.7
6636.96
27188.9
39108.6
48483.3
32231.8
19239
6544.95
11650
22627.7
21805.1
12185.5
23292.4
25189.4
36370.4
11335.6
42636.7
19755.5
17575
24039.5
19343
16482.1
36733.2
8629.12
48762.3
19059.4
17404.8
19195.2
28275.2
37948.4
11647.3
47845.7
16379.2
16829.7
33324.2
54396
9603.09
9014.35
8783.96
56231
10189.2
14458.6
24447.9
28035.1
21924.2
41167.6
32077.8
24075.7
30018
27731.1
24215.5
44734.7
31613
35401.4
50644.3
13855.3
25582.4
28225
12533.5
10052.8
7533.45
17990.6
14600.6
12855.1
38252.8
22018.1
21491.8
15959.9
9201.99
12373.9
34976.3
20676.4
16192.6
24549.9
62017.6
21812.1
23642
27451.4
45982.9
59770.5
24303.2
50847.6
22527.3
47260.2
38515.5
55783.5
38136.1
29844.4
4096.95
55721.6
15040.3
34420
8279.44
32618.9
21916.5
12946.4
10476.9
24302.8
35939.6
15862.6
54595.1
94228.9
19427.7
6964.88
33864.4
29813.7
34861.7
17829.6
6357.36
27573.4
31804
17627
47280.2
11758.4
34664.7
40142.2
10049
19577.9
20660.8
13188.5
25811.1
31388.5
22357.6
17542.5
42694.1
15881.8
44707.6
53598.1
28388.1
10210.4
28428.2
13724.4
27355.8
13545.9
47028.9
34898
49349.8
22412.9
61589
13342.7
24151.5
24097.4
11984.4
28997.5
14328.6
6839.42
11441.8
34672.1
66874.1
11726.7
36944.3
71542.9
6231.01
27884.3
27516.8
32030.6
26153.3
47209.5
22154
26094.8
6527.08
29392.7
11044.5
6796.87
61523.5
21257.5
16103.7
16104.2
47918.5
21954.3
21158.8
31433.6
18266.6
44801.9
24144.3
27485.7
36761
39772.1
16534.6
30651.8
29788.1
17973.9
9769.69
17622.2
5961.12
12191.8
20649.4
13590.5
25336.8
25110.8
37338.7
13953.4
12122.8
17441.4
17789.7
12179.8
11733.4
34507.7
6831.17
19967
22628.1
14760.4
32344.8
44278
24830.9
12934.4
35247
23479.2
40924.3
17728.9
19990.6
28520.4
21668.1
12005.5
25859.6
14885.3
22273.5
20503.3
25384.3
24999.6
19389.7
27750.4
39360.9
40634.2
28776.7
23473.7
20894.5
45946
27533.3
18224.9
27924.5
29572.5
9383.3
15119
25804.6
9817.37
28611.9
6905.95
57766.7
17344.5
67478.1
26872.1
7644.38
31547.2
12560.9
7556.74
23079.3
24177.5
9388.98
15811.7
35688.2
13144.3
47203.4
29603
18407.1
19279.6
19569.8
66210
21907.7
35730.4
34523.3
5223.08
42168.9
43897.5
25113.4
15391.2
15079.9
17878.9
7021.45
23443
27194.4
10107.5
22636.5
21964
54871.2
31759.8
8111.83
51621.4
78424.3
28762.7
40540.4
20298.4
8438.86
10886.9
18111.2
12024.3
12632.2
23565.8
23340.9
17908.6
11098.4
26202.3
35022.6
14061.5
11507.3
17304
17570.6
37333.8
12374.5
22589.8
51896.4
20324.7
15707.3
23826.3
25659.6
18057.6
18880.9
14009.6
8721.37
10036.5
25640
29286.7
35276.1
14209.9
20807.1
12573.3
19573.9
38631.1
35436.3
36451.6
43298.1
17135.9
24082.2
47163.1
24311.3
29176.5
18803.5
13979.2
30273.2
28405.8
13633.5
17880.4
14435.2
31964
10466.9
34869.2
19073.9
13047.6
19712.2
44937.9
21600.7
9236.02
14107.2
17480
28232
22785.2
14145.4
6644.08
13490.3
38980.2
11027.2
22418.8
16843.3
8174.32
9897.84
11489.1
16300.1
12704.2
18358.8
39094.6
52219.8
20070.7
18099.6
16763.6
40101
15711.8
6917
13568.9
8026.63
52633.3
29999
101527
15024.8
12010.1
22981.4
11713.4
13054.7
100125
14136.8
20369
10418.6
14870.5
30083.9
11139.8
30682.5
28068.6
25327.5
17261.5
24916.1
36161.4
27499.7
40670.8
13285.3
50172.4
43944
18298.5
20988.6
37685.4
23463.2
8869.68
17145.2
20277.2
74698.8
17683.7
21872
18883.2
17709.4
16456.5
14732.8
30698.3
80015
14850.2
7434.53
46844.6
17081.2
19524.8
32896
5281.73
39435.4
27777.4
8694.69
53921.4
31852.7
36111.4
34945.4
8119.73
32967
17629.9
12618.5
13552.9
24603.7
19602.4
26141
68653.5
21410.6
16532.5
16561.7
52981.8
60309.3
41624.3
24634.9
19822.1
23111.4
39775.5
41678.1
7382.83
15889.3
13020.8
13765.4
8288.72
7894.67
48637.4
45723.7
21775.9
23174.3
27715.2
33610
71997
19514.7
50658
53439.6
27482.8
6258.4
23238
38848.4
25423.9
26948.7
25835.7
21945.7
19621.6
36687.5
35634.8
24842.3
26198.3
22624.9
59446.8
17916.3
5374.65
10271.6
18609.5
25827.2
6909.53
21631.2
18549.1
24285.6
27059.8
18111.9
24457.5
22127
33605.7
47296.7
27686.5
9379.66
17807.1
47787.1
54196.7
12926
16534.3
44814.3
7421.84
23698.6
37321.8
46364.2
17902.2
22036.8
30799.3
19388
20695.1
16300.2
21449
16222.7
5911.14
13290.8
51236.6
15093.2
24221.8
17236.8
19015.5
21313.1
14221.8
20360.7
8175.74
34331.3
8249.14
12954.4
20706.4
51045
51543.3
37542.9
9609.44
75681.7
35066.4
21823.5
46791.3
47036
9967.08
20192.6
34853
14355.1
66708.8
9312.27
42334.9
18594.9
10325.9
20698.1
39128.2
27906.7
12752.2
27362.8
15074
20593.1
25150.8
15135.4
26277.5
