34018.8
36263.5
17199.9
14319.1
26125
16781.6
15443.5
18706.2
21381.4
27575.1
18237.7
21536.9
33061.6
24226.4
36377.6
65230.3
15607.5
33567.2
17362
25724.2
27626.1
78191
20945.9
34139.3
15886.1
24652.3
62187.9
47402.2
23099.5
29420
14738.9
25602
11161.1
20560
32905.2
56860.6
21664.3
20836.4
29167.4
11403.5
24500.3
17038.3
16447.2
57131.2
25022.5
45796.9
21383.5
28167.2
20030.2
29819.3
29350
32973.5
13328.6
19347.8
38758.3
23222
63506.2
44503.8
18303.9
23093.5
25303.9
30936.9
40089.3
63583.2
24128.9
22201.3
46011.2
45740
37062.3
21243.8
29643.7
62682.1
94272.2
53260.3
38419.7
27133.8
51487.2
36535.7
22178.8
20637.7
29120.3
40628
24204.3
66894.3
37414
37982.4
33971.3
44611.5
20125.8
24529.8
16174.5
21715.5
61413.3
42085.7
67762.4
32607.3
25111.8
35738.7
59761.8
28072.2
60632.6
38203.6
58435.7
48996.9
20616
16241.6
46132.7
44313.5
18080.7
19954.5
34324.1
22008
13344.9
27695.4
44272
32842.4
35288.7
18474
22920.5
29238.4
52550.1
12140.8
34506.7
26854.5
51926.5
41083.3
43488.4
36522.8
46722.7
18367.2
17458.3
16939
64489.9
24815.7
56872.3
19012
58256
13803.4
21095.6
47109.9
34054.3
58925.7
24531.2
36930.8
14795.9
101038
50872.8
14868.7
26983.6
43315.6
59743.3
32015.6
20501.4
41135.9
48283.2
17769.4
26393.9
29795.7
20375.1
40423.6
27797
55833.2
23710.9
15703.2
29155.1
15017.1
24395
61761.6
22011
44834.4
15622.6
29593
32810.1
36583.6
24196.5
35115.7
47750.8
39704.4
28780.2
15939.8
44762.5
27845.6
63123.5
32159.8
24025.2
17576.7
19043.2
24316
42830.8
17536.4
21933
23015.8
30386.1
14177.2
19904.9
30546.7
33944.1
36875.6
44214.8
28574.8
56887
27722.4
24956.2
12804.2
40581.5
47370.6
24530.7
30413.2
16461.8
46031.3
8611.97
48404.1
54751
33023.6
45889.5
16378.5
67285.8
29420.6
26523.1
45421.7
29318.5
12851.7
60206.4
24437.4
15542.2
18616.8
48763.2
67539.8
29416.1
16541
23844
20279.2
23340.7
29482.1
31993.1
56906.3
20799.9
22661.5
25046.4
80514.1
20759.9
33444.3
60443.7
35196.5
58939.7
36295
30993.5
22929.1
24151.5
20682.7
28749.2
26226.3
69967.4
28385.4
26785.9
15756.6
32433.1
24057.1
20133.2
35961.2
30454.7
47290.6
48541.6
59249
40883.2
34977
16676.5
24700.8
23357.5
45024.4
22627.3
98639.8
23293.5
38026.6
30839.4
31831.7
20719.4
39911.8
63859.3
36620.5
60873.3
19524
16772.4
25521.2
22008.7
98881.4
61106.8
10353.6
85148.7
15809.3
40350.3
21725.6
44801.2
31579.8
20558.7
22134.2
25934.7
43824.3
52751.3
20298.3
31539.8
39875.6
40183.3
34354
35380.7
13748.8
59080.9
30002.3
12844.2
28887.9
45262.4
28060
80667.3
21615.6
99220.8
23454
31434.6
25638.5
32074.8
9325.05
49268.4
30196.3
51107.1
20891.6
35887.2
12723.6
24482.3
55867
12427.9
28356
27310.2
41136.1
11696.2
74059.8
64836.8
40237.2
45964.9
53208.8
22714.5
31560.1
25136.2
21825.1
42214.3
21092
54130.2
35299.1
26475.6
65053.3
17491.6
20060
38186.1
13853
48688.5
52408.6
26979.8
34221.4
49470.5
78861.7
59785.5
11824.5
16653.9
43679.5
12253.2
23660
26849.5
15584.3
31168.9
52198.4
13677.8
27563.4
11697.7
28328.7
41639.1
34387.1
35983.3
25918.5
85090.2
24607.5
42529
11075.4
56520.8
90685.1
23386.6
31877.2
26965.4
57675.3
33711.8
46153.7
31078.1
12656.4
25787.4
21544.4
27046.5
42326.2
27970.8
22155.7
13969.6
15410.4
45131.7
40518.5
69197
7299.58
20825.9
19003.8
23389.9
25874
35546.8
22639.3
25488.6
21319.2
20961.2
15930.2
23867.2
25406.8
10071.4
51799.4
13246.4
67502
47403.8
24191
30872.4
22346.5
50325.9
93839.9
38481.2
47164.4
26716.8
20618.5
11645.8
27724.8
32908.6
28930.1
66876.1
27822.7
23669.2
26665.9
59436
172919
47485.4
17996.3
27424.4
15847.5
109242
79193.4
39094.6
34209.7
20445.4
27214.4
29497
17087.3
18705.1
16374
23724.8
28983.4
67270.8
34013.9
58033
46670.9
23942.4
30083.9
23572.8
22407.3
24259.4
8435.55
57314.9
25479.2
45186.4
14448.1
17748.1
51061.2
31641.3
15389.7
51401.7
35289.3
54138.7
30595.9
26042.8
43105.5
29869.9
17274.2
57768.9
10549.8
41099.3
34476.7
39970.4
61099.3
15762.6
35782.5
15955.2
14023.8
23925.9
57222
22158.9
38353.1
23650.4
89485.9
45767.5
36349
17750.4
36263.6
51857.6
36277.4
59546.9
51184.2
35330
30164.4
27486.4
57491.8
13925.5
42718.6
49423.5
38725.6
37310
32270.3
41700.1
32405.5
41358.6
12052.6
38980.4
39233.5
64070.1
29494
61373.3
33280.7
50621.4
33159.3
16608.1
27881
11513.8
42537.2
18311.8
122880
22992.1
33537.2
17710.7
26267.3
10798.8
36160.4
19301.5
44898.1
41319.5
28965
44025.1
31782.6
20154.1
15550.2
16311.4
20358.3
18546.6
24364.6
90848.7
53624.8
12598
41756.2
33831.9
28557.9
36897.2
28209.4
48660
54614.3
18397.5
9978.32
15811.2
38997.6
39795.9
15111.8
18364.3
24422.2
32530
33915.6
44668.7
65584.5
40407.9
18152.5
22576.1
47097.2
41038.3
54738.4
62751.6
32886
22090.8
26144.8
22601.2
47837.7
63527.6
28351
12962.6
34877.7
15163.9
27755.5
31088
33063.1
14327.1
34620.6
21357.3
37674.6
10099
14021.6
26131.7
40673.9
21445.6
31004.1
68555.2
29221.6
17258
25933.9
34999
37633.8
59399
12955.2
33064.8
20841.2
35444.9
22735.7
34055.4
28486
37611.2
18133.9
16604.8
26456
32418.3
20108.2
33857.1
32489.5
56219.3
19979.3
49196.8
13947.1
21334.8
19426.1
48360
14089.9
12670.5
113745
36247.2
24349.7
49285.8
23896.5
26909.1
54319.8
28662.8
21344.6
95361
22533.7
24487.1
54409.2
19199.1
27782.7
62336.1
20786.2
30818
39255.2
58886.1
33702.5
78650.2
18291.6
34384.1
17840.4
22443.8
27172.7
24440.8
22932.3
13651.8
28725.8
13567.9
12520.1
13114
47312.6
29179.9
20398
20890.9
24165.1
13601.5
8718.97
24509.1
14886.5
25414.2
23962.8
43901
17873.8
41236.3
21408.4
18182.3
91282.9
12943.4
51699.1
29368.9
45643.9
39608.8
116289
21228.8
12865.8
26784.3
14317.8
18611.4
66002.3
47152.6
27981.5
29397.7
53361
25525.4
38397.4
11753.4
20390.8
15232.9
30334.8
34492.3
31617.3
19683.6
56384.6
22093.9
26392.7
21635.8
11840.1
84758.2
17538.6
28232.4
46881.2
10499.5
35777.9
22519.5
48754.6
15381.6
21489.6
43310.4
25629.6
7869.57
107659
32566.9
50531.9
31320.8
28192.3
68744.4
16943.2
23140.4
106497
47407.3
71923.4
28360.8
28446
22277.7
30148.8
16064.8
36893.3
29675
25297.2
25821.4
33943.1
28647.6
20581.1
19370.6
26825.9
51249.8
42647.8
16121.5
17431.6
12341.3
10135.5
22183.8
17584.1
43447.2
10170.4
50678
58850.5
54959.3
44185.5
40428.7
24165.8
53780.3
13622.3
17571.2
27941.6
59593.9
72064.6
112317
20492.5
25818.3
17295.6
11671.9
51995.4
54206.9
20001
14426.9
19016.3
14699.5
34009.8
33400.8
16452.2
29699
30283.3
19662.3
17969.3
28626.3
52132.8
25600.9
9062.45
16145.2
71271.4
71363
32987.8
23292.7
52590.7
70248.1
25129.8
95578.1
26361.8
21256
38344.5
24160.4
31660.3
28732.7
22502.6
24717.6
55468.1
24526.4
38388
15132.7
63348.7
39665.2
13830.7
43586.9
25156.9
18934.3
98429.7
13958.8
25442.5
21692.4
34045.9
47512.7
12654
40518.6
38853.2
14997.7
29655.8
29631.6
56063.8
15402.2
38470.5
11179.8
17625.8
55631.1
18378.7
21564.9
19645.1
29032.6
54912.9
24007.5
38502.9
16355
64706
24314.5
45030.2
66893.8
30004.8
29414
56675.7
41173.3
28994.9
21338.9
18514.7
26520.7
25582.1
32543
15245.3
70217.2
17231.2
15444.7
24345
25883.7
29987.2
15362.1
35836.2
35678.9
48654.2
32894.2
31536.9
41710.1
28570.1
33007.6
47644.8
23496.9
49691.6
67105.5
41524.7
39016.9
16267.7
13725.1
17839.7
26468.1
24219.2
36240.5
20503.7
54457.4
27530.5
40847.6
18958.1
63211.7
27242.3
30120.2
70474.6
29427.7
17235.8
9941.22
28027
29919.4
50538.2
21777.3
132706
21200.9
30246.8
22373.1
128271
23417.2
50067.5
23422.5
10801.5
31881.1
13731.5
58220.6
37833.2
108157
33971
11320.9
31729
15247.8
18368.3
15427.5
27209.2
38992.4
35899.3
22594.2
48687
54144.1
50812.9
8154.21
36295
26986.2
29690.8
31600.7
35460.1
45091.3
37631.5
30882.1
40525.1
13800.9
32932.1
20436.7
32911.5
14483.7
16898
26030.4
47453.1
27517.6
32950.6
52493.2
30485.1
27974.1
110693
53331.1
50910.6
66928.6
44943.8
24619.1
25307.9
30560.1
18497.8
18584.6
20595.9
40555.5
29029.9
16052.6
70323.7
43090.3
13942.1
28197.7
115488
12803.5
14825.4
37481.9
96541.1
53371.7
59479.2
16640.3
23946.5
8100.72
37548.6
20189.9
12781.3
48598.5
51902.7
30465.1
46097.4
68774.7
17330
21450.4
30708
16581.1
37551.9
10858.7
12811.1
19507.5
25631.4
45587
79118.7
92836.2
25986.9
27254.4
50124.4
68642.6
36498.1
58772.5
25625.2
29600.5
27274.1
27431.8
13864
22867.7
33923
53378.3
21116.3
61482.1
50183.2
17401
16074.7
19623.7
20755.4
15880.1
33435.6
15808.6
49063.4
20376.2
24207.4
54030.9
44890.1
8903.58
45141.2
44458.6
15712.6
46469.8
36014.2
53053.7
24733.2
33123.2
32573.2
33093.7
20228
60327.1
21288.9
33421.1
18574.4
10456.5
23196.5
33198.4
30227.1
33099.2
43615.9
38538.2
32870.6
19096.9
65556.5
18383.7
46227.6
31425.8
25640.3
37229.9
15023.2
26084.3
30232.5
33834.6
26053.8
35687.9
23011.9
46583.1
20524.5
18667.3
22732
16994.7
20083.8
27024.1
27423.6
18136.4
16719.6
29436.3
14832.4
13607.1
35975.8
65300.1
43214.5
22258.6
26408.5
50702.8
40038.9
26098.4
26168.6
30385.5
16151.4
63586.5
41954.6
16390.2
9903.25
54805.5
12343
18264.9
32115
52838.5
44900
15249.4
14893.4
15746.5
31832
92276.6
89839.1
73208.1
41693.5
48915.5
82854.6
28510.3
123347
36491.1
24006.6
25127.6
23931.5
39272.7
24707.8
22327.1
23517
32485.7
51115.3
20860.4
13692.3
15049.1
53985.5
54978.4
36348.4
28678.7
27354.1
17706.2
27196.3
15308
46401
28706.7
21127.9
41537.3
20700.9
29748.6
24242.2
21916.6
24432.6
13646.6
18992.2
36936.8
31650.4
84268.3
15385
20568.1
47268.6
57273.2
23074.1
26470.5
56542.5
26711.7
19447
39393.3
14393.8
15751.2
24535.7
26950.4
12159.4
11768.6
24258.5
28861.6
22090.6
37415.5
20656.6
27103.1
24046.2
34546.2
23442.4
17916.8
55838.3
39724.1
23956.6
34327
13368.4
62629.1
17336.6
20251.1
29327.6
65332.4
25975.4
23393.1
26960.9
26968
41486.3
14648.7
50090.7
27772.6
32246.5
26153.3
52681.6
81328.2
59966.4
44598.7
86069
33222.9
13008.1
19785
98687.9
32119.3
33124.4
27651.4
31754.2
33605.9
16574.5
15989.9
17151.9
27870.6
60392
18085.9
26627.8
12895.9
41686.4
39252.1
37986.2
55299.6
17950.5
25934.3
62279.1
49889.7
22814.3
36410.7
42107.3
33269.7
37571.6
26716.4
19491.9
17690.9
42508.6
45817.6
30587.1
74044.7
21460.9
39308.4
68987
46121.2
16038
24308.3
20880.1
47796
12447.9
26537.2
20261.1
13556.5
24659.4
67464.7
62046.8
15888.3
15376.8
41218.9
39349.3
19186.9
37521.1
29236.3
25163.2
45986.7
41782.1
18915.8
17267.9
51739.8
34350.3
22679.4
94208.8
33394.8
58851.2
59052.1
12167.4
13729.6
15262.9
36338
27473.7
23365.6
31579.5
17010
45035.4
34732.8
21352.9
36424.4
14370.7
53505.5
37470.6
34246.8
22718.1
35864.3
16699.7
21335.7
12785.9
39785
13483.9
8988.65
33339.5
24579.6
12860.7
18087.5
29233.3
37431
65154.3
31869.4
12996.4
30070.5
30343.8
45565.5
45795.7
9433.45
19259.6
28607.8
15449
46477.5
17622.8
14614.3
59023.8
18548.3
33033.4
30290.2
29495.7
17122.9
11667
50015.1
26589.7
95399.9
33594.1
23986.9
11966.3
35042.1
29059.2
38254.7
25402
37689.9
15444.2
27264.9
33550.5
9378.03
26889.3
54716.2
25013.8
23380.4
38554.6
59731.5
20507.5
30675.1
41971.3
22207.4
19744.4
18117.6
21024.2
16289.7
38088.2
28964.9
41448.7
69739.9
35054.3
53092.3
39723.9
9939.93
65043.3
46393.1
50896.3
11419.3
59524.5
11603
17156.8
78232.2
25497.7
54200.3
95632.7
50538.9
31468.8
22198.2
41215.3
18269.5
42649.4
42328.9
48023.7
77440.3
62878
22108.2
24862.4
42732.8
30299.5
21004.1
19164.5
31929.6
27302.8
37917
20456.4
28146.7
22332.3
22397.3
19317.8
18598.6
49048.1
17409.6
18389.6
23425.2
19645.8
34146.3
33291.1
50916.2
45682.9
34813.4
38223.8
43292.1
24290.9
44876.4
73001.4
11467.5
20465
24495.2
28893.5
37752.8
33508.6
25955.2
78956.5
15005.1
50070.4
6565.23
41318.3
25749.3
65238.4
40877.7
38970.9
15046.8
27813.1
17303.6
29810.7
20118.2
19195
18314.1
25845.2
30952.6
29669.2
23612.1
17018.5
28699.6
15833.8
11354.1
17599.7
34236.2
29376
13642.4
53354.1
89616.5
27495.5
61200.6
38340.6
82580.7
19552.9
37256.4
21742
23998.7
22040.3
69967.5
18801
43243.8
45715
58804.5
15733.2
57929.5
26419.6
21889.6
19043.2
15974.6
42616.6
32570.6
37369.1
33802.3
23737.6
34783.6
34498.9
32085.1
26768.1
30000.5
15201.6
34087.3
31046
24216
20416.7
39496.9
59950
10640.3
36740.7
60136.4
20561.9
28255.7
16183.9
27533.5
14082
34502.5
44803.5
34623.3
31473.8
29814.4
29973.5
24705.8
40836.6
73364.6
12436.5
35732.2
21943.5
49032.4
29674.1
11333.9
16730.7
57452.1
39341.5
26338.8
11018.9
18172.1
24023.3
44573.7
41330.5
67553.1
25642.3
14037.1
13549.8
29220.4
25799.4
39369.6
65125
53551.7
62180.4
24553.8
15182.3
68881.3
44070.3
33940.9
51580.2
17793.6
12306.6
16642.5
18655.9
32648.5
31971.3
22393.6
31944.7
22273
65764.4
41055.9
23473.2
28831.4
35375.9
27652.9
48300.6
13137
43409.2
13611.6
27354.4
21213.7
21448
19490.5
73292.1
36075.2
24862.6
15975.6
13302.5
22388.4
12305.8
61032.6
46966.2
19666.7
32143.9
34383.2
51716.6
36993.8
30273.9
16418.4
26477
19847.9
28861.6
37866.4
28909.1
21257.5
25701.6
24797.5
7686.06
20923.2
24263.7
28035
27475.3
24068.3
54880.9
24424.5
13280.8
22905.5
23694.1
24084.5
16394.8
30875.4
46335.7
28412.8
39561.7
12471.4
50873.8
68460.7
79726.1
22003.4
63696.6
35508.8
31488
17236.1
19406.8
81796.7
56135.7
39985.9
27652.9
50613
64890.8
37775.9
19585.4
53684
36828.9
29320.6
23709.3
36181.7
59528.9
36639.1
50327.5
15117
11726
27253.8
31984.4
9875.92
29970.5
10341.8
18453.6
28423.8
39616.2
18465.5
23741.7
65328
26727.9
77850
35704.8
23415.5
22302.3
32878.1
23704.7
38366.3
54682.9
10543.9
62584
33086.5
13133.5
27856.4
9634.24
24394.9
14365.9
81805.7
55967.3
41653.3
54209.5
28684
26122.6
40057.9
26097.6
25563.1
45826
27718.6
24588.5
43173.2
47214.3
104113
25429.2
23062.8
23037.3
32379
33312.7
32504.2
24491.9
15165.2
27532.4
11141.5
20838.6
24098.8
43505.1
27488.3
54930.8
12601.3
9133.48
20877
48423.3
24968.9
55151.1
25419.6
20084.5
49089.6
32006
14784.3
55687.5
80923.2
20415.3
76358
40463.9
30860.9
34385.3
21387.5
34905
40189.5
54426.2
37846.6
20003.3
29471.8
29178.9
33874.4
44942.6
29644.4
37975
19495.4
48170.9
72078.2
23217.1
24421.5
51931
15654
16263.3
21726.4
45816.5
19782.4
25255.8
18801
27268.4
43365.7
33520.7
17580.7
47751.5
34857.8
25770
25841.1
63355.4
44690.6
34256.6
42635.2
60361.4
68582.6
15845.6
23960.1
19431.5
50876.2
15102
29295.8
17312.6
9970.89
30433.9
26849.3
36380.8
24023.5
27047
17713.3
22288.5
14333.3
68070.6
13198.6
14217.4
13664.4
36454
30378.2
67630.9
22847.7
45921.5
33144.5
38031.5
17641.6
16851.3
53970.8
21554.2
41883.3
21802.4
28468.4
44366.1
11195.5
17858.4
21481.3
39419.9
20462.6
14264.6
21175.2
51389
41581.6
16719.4
25208.6
28365.6
36676.5
46988.2
14784.1
26197.2
25016.4
28773.1
28197.5
19732
33077.9
13732.4
11623.1
26452.8
26342.6
26203.7
22211.2
16751.5
49161.8
33106.7
63332.7
36157.4
13671.7
19493.6
13203.6
34814.3
49838.8
32194.8
32411.3
24495
40445.9
16616.1
40180.4
28693.5
17419.5
12900
29400.9
47286.6
23408
57709.4
65543.5
37993.9
46636.5
14480.8
28435.9
56527.3
26609.4
54591.4
24086.2
9650.8
29700.3
16204
38856.9
31458
40178.4
26268.6
24009.1
72793.1
14338.7
27801.7
31556.2
17115.9
29494.8
36954.2
33744.7
22149.4
19662.9
27126.6
56794.8
14343.2
60814.4
47079.9
30510.2
52643.3
65454.5
29283
19538.7
18215.8
16842
14682.9
14401.2
21553.7
16257.8
18463.1
22348.3
19510.6
41694.5
45978.5
10271.8
26319.1
43104.2
32356.3
26457.4
28292.4
51199.3
21591.3
23760.3
15443.8
90299.2
20140.1
19984.9
32627
21334.7
14042.4
51544.9
31141.3
21003.8
22458.5
54791.8
35185.8
29051.6
19141.3
17137
35392.9
34717.3
23741.8
48536.1
14468.1
25004.9
15858.9
18927.3
33100.6
23355.1
38709
16412.1
45140.6
35502.4
62350.8
30130.1
24845.7
25037.4
29032.7
26234.7
10943.5
32466.6
43195.3
79009.4
37101.9
26982.8
51774.9
32803.1
13961.3
44529.1
25568.4
15745
38848.2
29282.8
31494.8
43181.6
19357.8
23769.3
17836.2
32352.4
18545
37965.1
20525.8
13523.6
31757.2
35168.7
24574.2
60727.3
56969.4
24288.2
44533.2
45374.6
21221.4
21043.7
27342.3
8920.75
26758.9
20516.1
38363.4
26342.7
15690.4
25604.2
15468.5
48088.6
17969.2
38237.2
133866
37159.7
16930.8
16179.4
46008.2
28772.3
12499.8
22412.9
37185.7
24785.5
34482.5
43978.4
48891.4
28621.9
11080.3
38283.4
33451
27411.9
9906.02
37900.5
24802.7
20896.1
40449.6
23007.8
14675.5
19772.6
15626
32476.5
38749.6
40696.8
50644.3
16352.1
14645
20776.8
7763.82
29092.3
12747
29871.5
31987.8
29249
6385.21
65727
25052.2
11799.1
89123.6
38871.9
72691.4
22175
32254.1
33806.8
17258.2
26146.4
15052.7
31795.7
55368.8
10644.9
14381.9
65261.3
20927.6
20424.4
27342.2
17007.6
12120.6
29765.2
10111.2
26759.4
34117.5
43163.9
13015.5
26845.1
38516.4
25087
23377.6
47477.1
28936.5
30145.2
43034.2
35617.7
24358
21101.9
64811.6
13924.5
21497.8
47771.7
32001.7
23458.7
19576.5
12412.1
23615.2
16823.1
46747.4
29991
32921.6
11372
25941.5
24009.2
31889.5
25611.1
11801.3
42061.5
33969.7
13751.7
31664.2
28752.7
28476.2
22567.4
15519.8
22347.2
64097.2
22817.8
24554.6
52097.1
37289.5
34068.5
19226.9
48419.1
19273
17713.3
18242.5
83903.8
25397.8
23164.4
17657.8
38310.8
41532.2
39462.4
27701.7
9464.36
30900.9
17170.5
12745.4
28272
20434
38705.1
38744.4
44988.4
72948
20381.5
41329
49891.5
30584.6
83679.9
20644.4
36584.8
88503.5
26580.8
66935.5
32189.2
34824.7
22010.1
24459.5
122159
20086.3
69812
62159.6
42006.5
56082.5
37491.9
40545.3
18763.6
24004
19658.2
37269.5
9958.64
27523.2
25686.5
26150.5
19924.2
30777.3
25000.4
31598.3
50590.5
30359.2
21355.6
20147.5
46236.5
70273.4
59098.8
45677.7
22966
28484.9
34653.8
24498.4
12643.2
32608.5
34539.1
77140.9
31790.4
21030.8
29437.8
30645.8
41906.6
36267.5
46386.7
9157.9
14166.1
33761.1
23163.4
27191.6
23424.5
22976.6
54451.5
20248
30376.2
37559.1
57204.7
15949.3
15166.9
18026.2
21137
16789.4
39865.1
30965.4
27509
27575.6
42320.2
46311.6
41342.3
34937
48861.9
18180.6
25685.6
14079
67565.8
29851.5
23374.9
39053.9
50564.6
23334.6
28312
18410.1
14928.9
54142.3
35944
34627.3
29004.2
10904.3
14327.9
28746
23246.8
48033.6
29719.6
43239.8
12980.5
55093.9
16234.1
66330.2
77824.3
36047.5
25710.2
34492.6
56051.2
36934.3
24175
23632.6
55360
21271.9
28875
22917.9
11524.4
71317.6
14919.3
52051.8
14722
23385.6
26006.2
45257.1
38596
31628.1
34192
48023.9
24560.6
15129.8
51543.9
41371.4
33089.9
12616.9
63911.2
100994
18348.7
38640.7
20643.5
67144.6
172605
44334.4
18799.3
13535.7
30372
59922.8
10484.6
27672.7
41851
28338.7
86840.8
36736.8
25134.5
24599.9
39556.7
26053.3
28063.5
11927
27399.3
24412.4
19694.9
26030.8
34421.7
55637.4
36623.9
25850
31670.2
37719.3
23216.3
18141.3
48190
32093.4
66547.7
24417.6
16157.9
76216
14857.3
11273.8
35191.4
22621.9
24699.1
21006.5
44604.9
53426.4
17672.4
32772.7
35527.5
54680.6
18723.4
30889.1
11877.3
31664.5
16531.4
13444
20209.5
16543.8
34039.8
20714.6
59997.1
46560.9
20759.4
18812.5
28802.2
86798.5
23090.2
23410
54619.2
42943.3
29785.7
57874.7
20280.9
47139.7
37587.9
21208.3
29656.6
9879.22
71284.1
33393.9
59710.3
24216
47495.3
18365.4
57354
75983.4
11704.4
31319.9
29052.2
29429.4
14857.1
42475
33197.7
35746.8
38299.5
19959.7
60880.3
102304
21282.9
17608.6
37897.8
19401.4
39328.8
35531.8
56421.8
36399.2
22334
24515.5
19486.3
7891.09
59347.6
11239.4
69780.6
21028.9
31398
23613.6
25458.1
25945.8
55772.1
21785.8
12880.8
19675.2
27701.5
15588.5
15791.7
41891.1
22643
42684.5
28018.1
67798.8
27253.9
55246.6
55822.1
28269.8
58054.9
22649.3
16218.9
19981.2
31784
16558.9
20708.1
96340.4
29079.4
53081.3
30539.9
48109
21805.3
37562.1
17420.4
16393.3
27365.6
16452.9
15643.2
15387.6
41350.3
32558.7
23496
28001
19714.5
33164.3
30403.1
23892.7
58347.3
26968.1
36582.1
26357.4
49167.1
61542.4
57180.7
27178.7
31114.7
22301.4
19008.5
15115
35351.4
18087.6
24623.4
37826.5
23674.8
24986.2
25449.5
37066.9
18226.8
75431.2
12263.5
30293
23262.9
48008.1
29333.8
23578.2
22849.6
47991.4
28740.7
44405.9
29573.4
11535.3
35391
33111.4
44764.2
26438.2
43656.6
43792.1
15343.3
34706.6
28381.9
31096.2
17563.5
20646.7
35394.1
66037.2
28983.8
39527.3
20594.6
23554.9
43221.9
25127.6
10866.6
24463.5
33696.1
29607.9
32968.8
19297.9
34403.1
59007.5
26627.8
16080.5
18436.1
44985.2
50133.7
48145.6
18421.9
22659.3
18075.7
48004.8
18689.6
10390.9
26826.5
34656.3
37002.6
11223.7
37813.5
27964.3
18091.8
46175.9
57631.2
21240.3
35162.5
35061.7
13884.6
30994.6
82702.4
29351.7
31221.7
21446.6
18955.4
11608.8
48336
17815.7
62176.9
23413.2
19924.6
50155.3
26135.4
27871.1
13724.3
34205.5
17309.9
17360.4
36966.4
29846.5
8812.73
31829.4
36049.2
19094.5
25791.8
22376
28918.5
12611.3
24040.9
16189.9
14370
49900
65434.5
113198
58538.6
24732.1
28395
19873.4
56033.4
29544.4
12033.4
11981.6
34927.6
25383.2
22544.9
29010.5
23205.5
31811.4
29812.7
13096.1
24834
17669.5
32494.5
22372.2
22180.7
74440.6
43462.4
24549.7
36096
21017.4
18469.6
27464.6
11499.7
21159.6
17235.2
17540.2
49200.2
21989.4
19123.8
69418.7
42143.5
73783.2
17965.7
39559.9
14453.8
16794.5
19363.7
40270
33009.3
24132.8
41938
21545
26957.2
12551.1
37128.8
24612.5
61475.5
68902.4
26711.2
79675.8
14897.5
34754.2
26444.5
22315.4
21982.9
6960.45
36553.4
26386.7
36866.8
11300.4
9541.84
24127.5
43650.7
17428.7
68172.4
22748.9
24560.7
25580.2
44926.2
23162.5
13064
64049.8
18748
34151.3
44487.8
43560.8
16338.3
21101.5
53302.2
21800.4
24921.3
18434.3
30724.5
30595.1
128430
16392.5
52358.1
57303.3
28505.1
26103.9
42483.4
58967.9
14781
13937.1
37272
31619
25753.6
24471.4
34947.4
23033
30892.6
23477.2
10340.3
83039.1
32013.4
15487.4
15022
32793.9
48932.4
48589.8
18721.6
8956.54
16950
30569.5
31448.4
29009.7
23878.1
42439.1
37496.6
37130.9
37379.1
19113
17176.5
12203.8
70435.8
32193.1
8068.29
16009.2
23615
18944.8
32776.1
14812.7
22334.3
45706.4
18772.9
9002.92
23581.7
11866.6
82818.3
50693.2
9922.95
62362.8
57811.6
32741.8
34257.9
80052.4
57800.2
47317.9
32428
55268.1
20956
29488
9850.54
19855
45167.3
51161.3
56631.1
49365.4
29467
21749.8
31806.6
23156
31649.1
24898.6
19824.9
38716
32006.4
46598.9
34371.8
50803.7
32139.3
11075.9
18561.6
34889
57881.5
24434.9
28805.8
21334.9
28041.9
12251.7
24233.6
61101.1
42211.2
15536
20360
16413.5
9121.26
26429.6
11580.2
26970.6
31626.9
18172.1
22537.1
38890.2
10587.2
46181.9
36576.2
48656.2
66676.9
42464.5
52165.7
15755
38755.5
34878.8
30963
19479.7
16330.7
31438.9
27127.2
28686.9
35126.9
13166.7
87070.3
10266.4
21720.9
13392.8
30902.2
58483.8
56492.7
41771.8
32030
51224.9
33744.7
20374.5
27244.7
32998.4
88600.3
24521.6
37717.8
26094.8
74422.5
81829.8
12421.5
18016.5
10555.1
27840.4
14346
46444.6
30588.8
11196.5
22693
53417.8
18344.7
38945.2
49627.4
30042.5
20333.7
24750.2
12949.2
34054.4
35591.3
38255.3
44996.2
50734.1
36816.7
20366.4
18468.2
14499.9
28968.6
76845.9
50701.8
99836.4
22271.5
36514.8
41319.1
57019.4
35627.2
10569.5
22868.6
49861.2
27437.7
13290.6
26686.5
33185
23656.3
54626
15189.1
41241.9
31802.3
32073.6
14915.8
29991.2
18874.9
36673.9
42633.7
29552
37843.1
58969.1
20310.1
44010.5
18481.4
33885.1
27722.5
37617.6
23264.3
49615.6
18613.7
16553.3
40483.9
35743.2
33596.7
15741.2
62582.2
15257.6
10036.9
29698.6
18476.4
18097.5
21611.1
42795.1
21900.3
17964.4
65027.6
13704.5
40110.8
27350
26086.1
116589
39951.5
15709.1
24446.1
48858
51921.2
21627.9
11400.6
23959.5
24723
40508.1
11098
45807.7
30742.1
55041.3
17953.1
48300.5
37426.9
17987.9
25573.1
35892.8
18889.4
13954.8
13059.2
25863.9
25041.4
13551
22438.6
9671.17
24847.7
36069.2
115860
24831.1
28795.1
11944.1
13457.8
16075.9
19332.5
23131.1
48249.1
35822.1
12755.3
11930.7
22492.5
35023.5
60457.1
48738.4
26052.6
63537.2
41316.2
21849.8
44705
24931.9
15593.7
20253.5
46768.9
22274.5
18825.5
24189.6
32468.7
54556.6
12902
142564
45552.9
47667.1
16770.5
23686.8
52561.4
47503.2
18146.4
30401.7
26532.6
12532.9
19118.7
32549.4
68903.4
16746.8
13553.2
21184.6
31583.5
61952.7
23262.4
24295.5
29778.7
39000.2
20565.3
32360.1
39073.7
14151.4
15180.4
43625.1
64288.1
25455.5
19028.1
26865.3
17780
22982.6
19057.4
28559.1
20741.1
18452.1
22139.8
23651.3
22139.3
18008.4
53039.1
29900.9
24385.5
12855.4
52990.3
20280.8
12668.4
30666.7
58750.2
77346
19150
33446.3
20922.4
38591.1
39409.1
41547
44311.3
34424.1
12964.9
10801
17626.1
32531.7
25570.3
36587.6
29208.2
43303.9
28549.7
48005.2
19275.3
59529.2
34418.5
13778.6
41823.9
30895.8
36943.1
42634.9
24838.4
34315
31881
20348
46652.7
36658.1
19705.9
19876
20959.3
15372
38739.3
24064.8
28220.7
32795.7
34990
19731
54949
20862.9
14516.1
34867.2
46296.7
29948.9
32564.5
21480.3
38247.8
37674.6
28080.8
20902.5
15482
36408.5
26449.6
15368.7
66205.5
34492.5
26999.6
23869.3
26888.4
18860.5
36175.8
18701.1
15575.8
38588.6
69106.9
89563.9
34582.5
21700.6
58480.3
24433.3
15987.4
37111.3
29778.2
14974.6
24677.3
19863.8
38722.5
27633.7
35158.8
20646
23189.4
74194.5
15394.7
61088.6
22672.8
22362.3
14023
65624.7
43774.1
21387
22784.3
19229.7
32644.7
27344.2
14472.5
21332.2
53040.9
56113.2
50484
30323.3
9515.38
39274
25976.2
10609.1
23218.1
27759
22672.7
52339.5
20905.7
61632.7
52866.7
26427.2
42082
35090.2
31935.6
43734.1
39745.5
21139.7
24011.3
31596.7
11628.1
19060.9
39901.9
44318.8
13318.6
21722.7
36505.9
19189.9
28423.8
25166
55619.9
31886.5
30133.1
33191.9
34897.1
29568
37154.3
27404.7
33501
13385.1
21675.3
23958.8
27814.8
21266.8
20872.6
40831
25347.9
30944.1
12389.7
31258.3
32306.3
166579
38975.5
41957.4
33483.5
14485.1
58936.8
36306.6
59815.4
11821.8
58199.2
49287
55787.6
19722.7
28271.6
61876.9
21148.9
42376.7
18858.3
14164.3
14640
28054.6
23258.9
20192.5
27067.6
30774.1
41305.2
19345.1
14760.4
13797.4
21088.5
19321.2
26472.2
66891
42264.8
11359.1
17399.4
38169.2
25468.9
20311
18408.9
16717.8
48206.2
13138.7
47725.1
33380.5
76236
16743.1
85545
70574.1
27461.8
25765.5
34302.7
14359.4
40927
16600.5
43788.9
15282.8
13323.2
31637.2
38702.4
23490
23887.4
40959.3
24483.4
45582.8
22221.8
20346.2
35869.5
60418.1
39544.2
23162
21073.4
21277.8
20169.5
13226.8
48793.9
49134.7
42904.6
29668.4
29122.2
25847.5
33076.6
32222.7
11018.6
29627.7
17484.7
33985.9
21360.6
48410.4
73785
160644
48647
81225.4
28721.6
14290.1
16394.3
31650
39270.6
29991.7
32640.4
20779.9
24744.2
66880.3
28144.6
29801.1
68128.6
15758.5
25445.3
27847.2
62424.6
14888.4
38977.9
25096.8
185313
19780.6
18228.9
11253.8
21183.8
20680.2
18004.6
57444
30628
18777
41271.7
52715.7
14847.8
28852.9
27108.2
20350.7
25027.4
14834.3
18674.3
12774
52086.8
63024.8
36522
19030.7
40203.1
34832.8
10148.4
56568.4
9896.9
39159.7
50831.3
40536.3
36525.6
43503.2
19341.5
39285.5
11456.7
12169.8
26694.9
21694.1
41658.2
34441.5
28075.5
23548.5
16360.2
12636.8
104301
22367.1
28573.4
39683.2
32842.3
22252.6
25557.6
45182.5
44801.6
57689.8
16454.4
19438.8
61653.6
26035.5
34876.2
26833
33930.5
73720.7
21818.2
27250.4
17904.2
31487.4
40175.2
26165.6
35530.4
17800.6
25423.5
12743.1
22463.7
24354.4
90376.3
43868.5
32398.8
34047.6
47720
21430.7
47546.9
33899.9
30432
31984.8
26822.7
23188.4
44680.2
19336.4
20800
236350
24841.9
24863.8
35944
23419
38342.8
29616.9
28163.2
57933.5
47584.4
11150.6
17197.6
21005.3
29586.9
30392.8
20408.2
49653.5
41282.6
47177.4
51468.6
20192.1
21491.5
29091.3
92154.3
15752.7
15550.3
32086.5
16836
73943.8
11414.8
25252.8
29179.3
33341.8
22178.1
71365.8
29066.9
25917.8
30486.2
31015
14489.5
12881.9
31165.2
76213
20007.6
14730.4
25741.7
26113.6
25355.3
25621.4
26171.2
28988.1
77837.8
21537.7
20842.5
12176.2
35669.2
29543.6
16332.4
13939.2
23640.3
22448.9
37735.4
55249.5
17156.8
10915.2
20934.7
18531.9
21781
44305.6
53531.6
12987.4
30380.9
58746.7
10080.4
39260
25471.4
69083.5
62360.9
13468
26772.4
21771.3
25422.2
51258.1
21603.9
29019.6
44080.5
44735.2
52030.6
61354
21517.3
25617.9
54238.4
72259.7
16571.6
57696.6
30172.3
14899.4
19938
57038.9
40122
56692.7
25922.8
44993.7
18610.3
70349.6
30335.7
30566.3
37373.4
61959.6
36770.6
24413
26676
22205.8
26663
13602.7
18715.7
31527.3
20796.5
50118.9
15074.9
15751.3
27880.8
44779.4
56424
26620.1
70433
29363.8
33662.1
60721.1
27604.7
46754.2
17157.4
27849.8
45220.2
20909.6
24603.3
50994.3
19965.6
60823.8
8003.45
13850.5
31921.2
16539.4
44574.8
29952.6
20503.6
71047
29573.2
37742.5
30839.1
29097
27916.7
20451.1
22411
42076.8
12978.9
24277.7
46631.7
17471.4
33209
38397
25141.1
28484.5
23417.8
43406.6
40848.9
29016.7
12307.9
26674
28816
27766.3
76244.1
12344.1
23100.9
30831.3
27373.2
32541.4
24536.2
21283.2
60347.7
91901.8
47561.5
14515.2
25357.9
8089.93
12695.4
25989.8
28499.1
22862.1
21764.9
15837
44386
48093.7
15849.5
27411
22557.3
29288.9
11917.3
18487.8
22354.4
19024.1
10936.8
25210
37215.1
16300.9
70078.5
26208.6
15322.8
63273.1
36724.8
18024.1
35013.6
37150.4
16276.1
57098.3
36342
37401.1
31318.6
17386.6
41094.4
24500.5
16208.8
47912.5
37313.7
28667.2
45953.1
41980.5
68002.6
24082.6
16937.7
30349.3
19925.9
15169
43185.5
36953.3
17535.8
22546.5
31405.7
30540.1
33526.7
22218.2
31554.7
31563.5
25387.5
41295.4
38329
37485.5
33501.5
48871.3
31427.5
22751
22305.3
13526.4
21823.6
21267.4
54538.4
27091.6
23005.4
30639.2
21659.9
41002.5
43666
43159.3
48996.7
76448.8
18548.7
48489.5
24211.8
16597.7
18410.1
14665.8
47046.4
27152.8
21579.9
15402.1
22189.7
27318.4
43123.2
15217.1
84446.1
21313.9
55837.7
15732.7
21255.9
22946.7
10259.4
10755.2
48459.7
47434.9
37984.2
29769.6
95112.5
43541.4
33432.6
58338.4
23013.8
23359.5
98888.9
27217.1
52355.9
24812.6
9012.84
32203.1
35211.5
31912.7
25191.7
75792.7
27632.6
16257.2
49627.1
15729.4
43770.8
63409.1
18193.1
46723.7
74562.1
44652.1
29606.6
62850.9
52614
40024
42970.3
28039.8
23797.9
52924.2
17857
11315.2
35502.4
22475.4
35307.6
15538.6
71999.7
182092
41474.4
29890
17136.5
55896.2
9368.39
30465.5
29216.7
30140.7
16973.6
31914.9
55336.7
38616.9
22861.4
23418.6
16341.6
20925.4
17877.5
37923.7
42990.8
24813.8
32725.7
51690
23560.4
15935.6
9353.94
51713.8
22219.3
82739.1
26970.9
15658
73747.7
35740.6
30437.4
36497.2
31474.5
34061.7
50828.7
27520.9
17922.9
24145.9
25224.5
20160.9
52137.6
15016.4
102029
33137.2
23985.4
14095.6
41332.3
26076.2
17604.1
12924.6
45596.5
28682.3
36453.1
30364.7
25075.2
28774.4
20516.8
42320.6
16622.2
67686.2
13122.8
36844
17049.9
24695.7
38230.1
44133.1
44919.6
31475.2
34993.9
38512.7
47386.8
21441.2
21298.2
42497.3
42930.6
73893.6
45761.1
22559.6
21217.3
11923.4
33755.8
14845.9
27455.2
41583.6
13823
16595.9
34560.7
94486.1
45103.7
24868.1
76677
14995.1
35847.4
19024.8
50322
37562.1
44201.9
38285.9
14419.4
14627.5
18349.1
61820.4
19011.6
32249.9
25282.1
21923.5
47285.6
25904.2
34261.3
13793.9
27168.9
42730.2
30873.9
36510.7
43509.4
22937
23284.7
20343.2
22262.5
85865.4
39534.7
37828.7
55149.1
20512.6
48147.7
28848
78223.9
27507.4
128141
18559.3
38804.2
60269.4
23941.1
29390.9
27931.6
23292.3
41439.6
19873.5
20215.6
11608.7
35250.9
17216
12632.9
17039.3
28025.9
24860.7
20146.5
22544.9
22364.5
41852.7
49079.9
42066.7
103935
41841.1
21257.6
12135.6
32489
19458.5
47576.2
55204.4
22993.5
55437.7
27189
65955.7
18794
38830.8
18165.6
26061.7
17319.9
12088.8
54925.6
16766.4
29032
20052.3
15933.2
16472.1
14851.1
33118.3
45280
14127.1
47884.4
21806.7
42345.8
20457.6
13374.8
25226.9
17910.2
56202.4
46012
28233.1
44698.2
32395
58436.7
41068.6
14868.6
20395.9
21195.9
18700.5
27093.8
30225.2
18001.2
17076.8
28002.3
36982.1
25654.4
79586.6
51599.6
24899.6
37924
38043.2
38430.8
8241.63
55029.2
33057.4
17182.1
11126.4
11490.1
30407.5
61867.3
19433.2
30348.1
19681.9
16836.1
38680.7
23717.8
42502.4
29492.6
41558.8
14002.6
48936.8
63172
49493
22373.2
11470
15666.4
53202.4
15935.1
35412.4
14769.1
12230.3
9794.44
47235.1
45658.6
40140.9
32346.7
42737.9
40453.6
29352.2
66507.7
37274.7
50014.8
38804.9
32853.2
20871.9
40230.7
26892.6
29043.9
28208.2
26115
17872.9
43122.9
45603.6
26976.8
34729.2
77621.3
20152.4
22872.9
60267.8
31147.3
17591.3
24374
34499.5
44302.7
21634.3
18025.3
37885.8
12006.3
53820.5
39733.2
121721
39268.8
20793.1
39868.5
52209.3
27317.6
43827.9
65071
23278.6
32912.8
17137.5
49786
25240.6
30107.5
42803.1
66855.1
14204
20738.7
24308.2
35292.3
25652.7
32588.9
16870.7
8050.91
39591.9
35612.5
15037.8
14317
17645.2
22524.5
37699.3
15484
31736.6
19348
52620.2
14154.4
19382.1
26793.5
14086.6
18239.4
24286.9
28943.2
65420.4
112893
40918.8
17375
95664.6
53810.5
37033.2
19670.5
32158.7
24446.6
30082.3
39089.7
16822.8
19682
56046.6
21491.6
43199.2
14346.5
16100.9
33760.4
40343.6
32649.5
39378
10509
22225.2
37611.7
13670.7
28800.7
27592.4
14262.6
49321.6
29065.9
25828.3
28622
14126.6
41808.6
21568.8
54804.9
27438.3
14531.1
34501.7
33200.9
32810.5
17574
23895.6
31336.5
40166.9
18471.8
27619.1
40253.4
109733
24284.8
19052.9
17769.7
30033.3
23249
42074.2
38155.2
23653.2
39236.3
19864.4
37502.7
24210.5
11532.3
9459.69
12866.3
74705.3
34700.2
44734.4
30484.9
29175.2
48157.4
11192.5
27895.8
27886.7
32445
35292.6
27871.9
25834.4
30363.4
20548.3
36500.2
42843
37171.9
31392.3
28246.4
31852.4
45569.8
20462.9
29781.8
84742.8
21005.9
40490.4
34487
25404.8
42827.6
23181.9
26876.6
17048.4
23618.2
20596.5
13920.6
64398.1
32424.6
40391.9
12124.4
16499
21620.7
14797
25704.3
34586.5
45638.4
34781
49982.3
42775
19589.2
40932.3
60094.5
48889.3
24226.9
43803.1
43086.5
32599.3
45496.2
22806.6
58184.7
31409.4
41223.2
51170.8
23222.8
21441.3
44293.3
30834.2
15842
42300.1
37356.8
19179.7
67842.9
13860.6
49243.7
31894.2
21321.9
18696.7
25619.3
11836.2
49517.7
33402.8
57003.7
18888.2
40367.2
31969.4
29716.6
28906.6
17268.8
17166.9
27429.6
14058.6
60243.5
32896.6
29023.9
29394.3
29727
93339.2
27680.7
17174.2
31876.8
96028.4
38571.5
16967.3
10051.6
100703
20135.5
20623.3
21794.4
11217.4
31505.4
15863.5
29904.9
20422
39250.1
46382.2
31446.4
21247.2
43743.1
85039.6
21694.5
49815.7
54715.5
19581.3
27966.9
24074.6
27536.7
20287.6
62096.9
42176.9
38775.7
24856.5
22100.2
29575.9
71349.5
21647.3
13796.4
72155.9
54262.7
54560.3
24622.7
21125.5
34844.6
57217.4
25696.2
16844
38083.8
29563.8
43231
27677.5
14907.5
28124.9
24251.7
31182.2
30684.8
16079
16733.9
43822.1
33550.4
31793.2
20525
32597.5
36780.9
22043
64412
20983.7
48089.2
29422.7
26457.7
35297.1
37275.7
34640
15854.9
34419.5
40070.5
58915
50153.3
13991.9
33262.9
63062.7
22318.8
22909.1
22472.1
19948.8
27146.4
69565.6
67711
15484.9
15223.1
13506.2
24167.3
17126.5
32719.5
34477.4
23104.6
18398.6
31202
22302.6
19411
15766.5
26503.8
25063.9
74983.9
55065.9
15326.5
34895.8
42822.7
9811.81
24505.1
40015.6
33358
27326.6
12788.4
46014.3
23444.7
6560.67
39093.3
14416.2
73837.2
34812.8
16901.3
94749
18937.5
27981.5
43047
33849.7
30256.6
20901.7
30150.7
21556
11877.8
75792.4
14334.9
17311.6
25862.8
48179
31435.6
22365.1
17766
39829.6
22551.2
37085.9
36851.9
21030.4
13469.3
17643.4
77504
57031.3
18610.5
22131.9
37469.8
19542.6
27728.7
40384.9
26354
33911.6
37787.2
40942.8
25446
15236.4
36752.6
15938.6
20598.4
25922.8
25432.6
14266.5
20393.9
26508.7
40573.1
37814.9
25865.1
57964.8
10447.6
19772.8
29288.4
33098.8
20247.1
19031.6
54311
18557.4
7133.22
17945.2
17593.2
33283.6
59039.6
60651.1
67600.2
26453.9
29785
12033
21350.8
44123.2
27526.2
19322.7
22276.7
36299.4
15425.3
58601.8
19722.1
35358.1
46108.1
28192.1
29111.7
27750.7
30531.4
85149.8
38261.1
43785
25748.8
28836.1
38183.8
16687.7
26918.4
32989.7
39411.5
15239.3
27726.2
32390.1
48674.1
29975.3
49720.1
39276.9
37040.4
21602
80406.3
7483.13
32224.1
47080.8
30856.6
31666.8
14230.6
18067.1
15229.9
17089.9
60212.8
41456.5
13446.5
10084.7
20128.6
49382.8
11334.5
34413.7
36554
22952.8
27300.9
26591
14685.2
36185.3
17159.3
23617.1
14753.8
44909.2
24078.3
36787.5
44502.9
26667.7
16364.5
17652.9
56509.7
44574.2
36604
23746
36975
10058.5
18179.4
24512.9
14950.6
16360.5
34077.7
26381.1
17325.2
59186.6
40724.8
17286.5
78923
30714.5
23872
23785.8
42325
27411.9
22169.1
22822.7
24842.3
15093.8
39462.2
31970.3
21929.6
29926.1
45267.7
109288
29285
33122
27739.5
51724.1
78104.8
59899
10581.6
11961.2
24392.3
17031.2
25036
21976.2
19234.1
27429.1
21776.1
23377.5
21068.4
34201.7
46872.3
11111.1
37526.9
62759.7
19409.9
30978.4
55649.8
31730.1
14941.6
42129.9
23249.2
7104.99
21118.6
12058.6
21133.3
36098.5
58974.5
94471.7
62952.9
73645.3
10207
11310.4
43864.5
29667
85327.9
153713
55311.2
40787.1
18952
24052.6
32977.1
75059.1
24101.7
33485.1
32291.2
14663.9
32624.7
58646.1
41385.8
21935.1
29528.3
38830.2
11854.1
36562
30585.1
38658.6
33266.1
10753
32296.6
16019.3
38709.4
19137.8
19855.3
27991.5
56832
21026.5
25937.9
19586.1
28579.6
17320.5
44462.2
30650.2
82867.5
81887.5
26375.8
28291.9
24006.4
29422.1
20656.7
52739.3
82589.1
19261.6
36503
28180.9
43778.1
49894.1
45071.7
26385.7
20170.6
24761.5
48861
23075.8
33439.1
47314.7
23879.7
9061.44
35731.5
22138.6
58199.1
51157.5
58060.6
19045.6
36730.3
47717.8
37144.5
28951.9
13558.5
28036.9
19643.7
24709
15927.9
36651.9
35539
13954.4
20390.6
25739
13111.8
24737.1
79419.4
37364.6
18950.4
17158.4
24745.6
46742.7
26412.1
49107.8
17980
16043.8
21315.9
19996.7
23199.2
70285.3
36294.5
65327.8
17607.4
21419.9
20050.5
52077.3
54291.8
25139
42077.7
21339.8
13042.1
15622.7
60825
22026.2
18893.5
48351.2
12422.6
24015.4
41805.1
14386.3
84650.7
18403.6
27698.3
12120
59756.8
60574.1
7072.73
10924.6
25411.4
56744
41461.3
62770.3
20468.4
14362.3
22008
19684
10055.3
27943.1
21726.7
45344.4
50430.8
19262.5
36886.8
91430.4
73467.2
79088.9
47759.3
13557.9
31469
112085
33908.2
62842.1
17096.9
35068.8
26876.8
32463.9
50147.1
23409.2
16548
21122.5
14476.1
33273.3
27638.3
15823.8
29187
29473.5
21695
36100.2
74650.3
10838.5
31763.5
28724.4
45410
54868
51803.4
31550.7
17555.9
43689.3
74028.5
27809.6
18046.9
48816.4
17453.9
15385.6
36490.6
32042
15264.1
41627.2
25514.5
16460.8
31839.6
22614
29154.7
16809.9
40536
25230.7
24360
18367.8
24235.4
38255
28206.5
41117.4
28615.6
43854.8
37357.1
14368.4
23444.3
12261.6
32211.5
25509.3
56411.2
20615.6
22441.9
29800.7
14523.6
25621.1
30119.3
11223.6
19485.6
18551.4
74834
12797.1
39051.8
22557.5
35188.7
27098.4
20239.2
27066.1
59151.1
75777.7
46441.1
40557.9
27317.4
23981.8
23110.1
84118
18510
18923.8
35616.1
27704.3
18863.9
67944.6
60627.1
20818.9
28603.5
31633.1
13339.2
30649.2
23292.1
43005.1
11774.9
27670.8
34661.9
44828.8
45121.8
18127.7
53512.2
56985.3
52273.7
66264
11832.6
35226.7
38979.6
46833.6
31874.5
30860.7
12699.3
33503
17805.9
21017.7
57369.6
23739.1
16325.8
31151.8
30884.7
20310.5
16528.1
35111.3
13591.1
50065.5
79031.7
45385.3
44160.8
60714.2
28492
15895.1
18724.7
23533.8
15057.2
30795.7
29310.2
21737.1
43585.3
26028.6
23976.6
9844.79
56056.2
82281.1
18188
29115.5
52633
20943.5
7917.35
47200.5
42666.5
59167.3
12647.7
38122
24876.6
49853.8
19337.1
46244.6
49879
16953.7
36336.2
30311.5
68852.8
24562.7
36800.8
47927.5
12760.3
41418.4
35185.4
47083
17941.4
39887.8
14464.8
13867.4
34029.6
9216.48
35084.5
31089.6
28501.8
20079.8
19857.2
23165
55100
36503.7
33083.2
34385.2
39686
23420.2
20601.2
38410.2
27024.4
42218.8
32598.1
22505.6
22268.4
33411
74306.5
41129.8
83275.4
47824.1
25819.8
63960.7
33600.2
24012.6
17515.3
28440.3
40278.5
10449.7
30062.9
36717.3
35686
13821.7
54506.7
26528.7
19630.2
18539.5
37379.3
27197.7
32978.3
26526.1
20425.2
21644.4
10591.8
21451.1
54549.8
64350
35796.4
33262.2
58577.3
15206
25383.9
36550.9
48114.3
46255
17368.1
27162
7991.21
30756.8
51644.5
29091.1
24122.1
15816.1
27759
18896.7
20795.8
26673.3
61590.6
16600.3
60189.5
32930
85372
20975.8
31326.7
49383.1
53881.7
24459.4
32763
20798.9
16833.5
33224.4
24876.4
22224.6
57128.5
38330.6
27597.3
35269
60359
16491.1
79667.8
23920.9
24564.9
34343.5
31300
72167.1
23101
18264.7
20529.6
25472.8
45565.6
57071.2
47149.8
38892.2
33686.5
15928.5
17153
74497.5
44952.9
16623.7
28745.9
15354.3
45854.1
26983.4
16195.1
41638.7
16532.6
16413.9
41061
13208.5
18773.6
26724.5
18571.7
62543.4
14077
17005.6
15545.8
14727
73208.7
17859.6
17588.2
46437
30891.3
22665.4
23824.5
25000.1
11057.4
67786.8
33002.7
12087.7
19635.7
61497.7
102541
32469.4
29241
20883.9
18477.2
51855.4
64852.3
9917.24
27132.1
24096
38438.7
15594.3
101771
39051.4
52011.5
38708.2
28237.2
15598.2
36411.2
24494.4
21253.5
16494.4
19679.3
12801
18457.1
80545
80643.5
22023.7
24623.3
30128
24869.9
19039.4
43141.3
30874.8
44144.8
14397.1
52561.5
15894
59482.5
31385.1
21529
26612.3
72389.1
35530.4
11131.5
10018
17151.8
77027.2
41089
52891.2
59827
32218.7
18303.8
20081.8
35215
76325.7
30693.6
47228.3
18152.8
34715.4
38629.9
28369.4
56621.6
43185.4
23686.2
25203.5
26272.6
40067.2
28932.4
35346.6
20463.8
41417.2
19566
29489.7
36768.8
15643.5
45344.1
14849.5
29626
10892.8
47812.4
36261.4
27639.5
24445.8
20283.4
18152.1
30320.4
18124
24155.2
19807.2
30830.7
24379.7
41797.6
18499.7
18460.6
23582.8
73395.4
7594.79
8352.04
36003.3
30473.4
16943
21070.8
24625.1
49056.6
14531.9
45553.9
15280.4
24072.6
29390
14662.4
31345.9
28724.9
17000.5
38465.3
71039.1
14340.3
20445.2
17651.4
22042.3
15237.6
20721.5
29116.9
51545.2
12324.1
14324
14960.7
31386.4
14679
28561.6
64934.5
56405
19026.2
24779.9
22711.2
28799.7
21227
35806.6
17221.6
12010.1
30716.5
19862
32717.6
10850.6
26531.1
26805.8
34619.4
28194.9
51800.8
36481.1
59788.9
35299.4
121693
46381.7
75084.1
15314.6
53555.3
13118.3
56877.6
34746.5
24229.4
59574.2
27135.3
10997.8
22089
50740.9
31948.8
11180.9
30432.5
34058.2
17097.1
36206
26290.8
61227.5
44331.1
34207.8
28469.5
19589.5
10784.1
41265.1
16706.8
23939.3
29832.6
15949.8
32785.8
35083.9
31343.2
23919
46377.3
30822.8
29993.6
56895.6
40170.2
21452.3
24785.1
50922.9
61761.7
30689.4
43706.5
24167.9
46161.5
20314.9
76392.4
23032.3
37102.4
48730.2
27038.1
42814.3
23510.2
50074.2
26487.6
40435.7
49470.4
40636.1
18607.8
41855.9
57821.8
25539.6
10539.7
10882.4
57735.1
40237.9
19321.8
18381.2
32650.7
25806.8
70604.7
20127
34788.9
44914.9
29409.7
22834.2
45207.7
32589.5
46509.7
55963.1
31189.1
33448.9
42868.8
12522.8
38747
22473.5
28050.7
21997.2
45177
68494.4
24050.2
57281.3
29759.7
16821.3
44428.5
21403.9
43977.8
30811.8
20192.1
42921
20277.1
26089.4
78362.9
134474
79818.4
52543.8
24526.4
22651.6
23441.8
51432.4
24655.7
30022.3
49799.7
40673.2
32057.4
23255.8
14096.2
23454.6
55576.2
18486.1
139914
38598.8
28351.2
45446.7
19297.2
35139.9
33995.3
35509.8
11532.1
17999.7
33228.8
17538.4
19944
17380.4
41574.7
32493.6
40693.7
22002.5
53135.8
12020.4
105870
41632.6
16273.7
25800.7
26879.5
78011.9
26577.2
23074.8
15830.3
23923.3
29373.9
10989
39236.7
68754
23352.9
59206.4
12533.3
34130.5
40736.2
27193.5
30641
15449
13673
23768.6
30574.6
60657.3
38939.8
27249
38209.1
77589.7
60590.1
24070.6
42777
60306.9
25501
18268.3
49842.7
28710.1
14532.7
36122
10533.6
28809.2
48652.8
20826.8
22117.4
16205.4
31174.1
68452.3
21667.7
16459.3
19380.4
21980.2
18525
27275
16775.4
47843.3
32807.4
19560.8
29374.2
39910.8
10332.1
50686.7
17192.1
37704.7
19067.7
44619.1
15200.9
43881.8
20651
42309.4
15327.1
43379
56345.4
22430.6
51867
26990
18613.6
35718.9
15816
28276.4
11518.3
34003.2
23333.5
24957.4
24569.3
30525.6
13044.1
27149.2
56746.9
19907.1
20412.2
38509.2
26627.5
24500.4
20032
78470
61543.5
22615.6
36536.6
53705.8
64524.7
25853.9
31744.6
67921.7
22036.2
18646.1
24671.7
66892.2
41216.2
33934.5
19800.4
30370.4
24115.6
26288.4
12752.2
19266.7
51758.4
14996.9
40097.8
15583.5
40030.5
40654.3
56206.9
41126.2
14889.3
36486.7
16157.2
34745.5
19795.9
29687.9
32596.2
19124.6
22140.5
40313.9
41623.8
21144.9
55886.3
28473.1
29604
27149
13505.5
33583.1
17783.7
53828.5
32543.7
44430.7
17629.7
32704.2
32278.1
40127.2
25226.5
16886.8
56316.1
28907.9
37492.5
42738.2
65642.7
14764.1
14409.7
11401
40196.4
32349.9
47993.7
31148.5
31496.6
24827.3
26513.3
20434
49943.7
49993.3
37734.2
76822.3
65972.8
44190.3
45292.9
46773.3
32095.1
16533.9
25954.5
35976.7
44518.8
45582.6
24150
35747.2
76623.9
43714.2
42444.5
15504.8
54765.6
23422.4
40626
18912.5
47830.8
20779.3
12750.9
34537.3
26782.5
24026.1
80983.6
11470.7
27548.3
15203
26010.6
15898.5
24086.7
56708.3
14520.4
19005.7
13441.8
23787.8
12937.7
62669.6
30668.5
30091.5
12469
18624.1
25581.3
10140.3
36140.6
37757.3
17555.6
43123.4
70263.4
24155.8
46899.3
26430.3
34624.9
40815.9
81955.2
36011.2
25674.6
23381
29071.8
36215.5
42561.1
35116.1
27776.1
12691.8
31676.6
24084.8
23731.4
43385.2
60544.7
78333.5
40097.5
20266
32885.4
57446.4
68122.5
32536.5
56151.2
12229.5
29858.1
21269.8
14799.1
16336.5
23525.6
8620.63
11942.4
66658.6
13101.4
26191.7
17940.2
27236.4
18918.1
45385.5
38488
12647
37826.2
31399.4
13557.8
23978
69963.9
31507.3
31683.3
27772.7
17561.9
32496.9
155486
68365.1
18409.5
40978.9
16105.7
32051.5
24080.2
22737.7
37876.7
13759.9
20917.5
37486.6
23930.2
38316.6
46373.1
39559.8
38375.3
9176.11
22927.4
35263.8
14158.9
20990.2
38313.1
26619.1
16877.8
12657.7
22539.8
45798.3
20084.9
20650.4
44064
30641.2
31169.7
26825.2
8553.17
31035.8
61884.2
59616.9
36084.6
41463.6
18776.6
31780.4
43520.3
47208.2
20410
64410.1
16553.9
38444.1
25970.7
17941.5
53034.2
64179.2
34229.9
14949.6
44701.8
35063
14741.9
28649.9
24857.5
11145.5
32112.4
34820.6
17748.3
76165.5
16240.6
27278.9
46985.9
47908.7
36777.3
43841.3
22396.9
43396.4
67260.2
38973.3
57787.8
76633.2
42243.4
14812
38371.2
30711.6
38565.1
30409.7
37213.5
57695.5
75941
29028.1
31687.8
21159.8
13796.9
48680.6
34798.3
52361.5
32762
14262.5
12431.9
11236.5
23417.6
15273.5
49918.6
29775.5
19957
21057.7
46147.4
13315.1
23534.9
23040
35428.8
32271.3
46630.1
40287.2
22961.4
30739.9
26532.9
26661.1
19339.1
15246.9
29569.2
66252.2
58845.5
54430.2
24825.9
17366.7
26429.4
24654.4
22296.3
19956.6
31295.5
16886.8
40825.4
66680.3
38405.1
43592.7
71301.6
23582.6
17506
23856.3
33910.2
33756
29125
38762.7
24129.2
23478.4
16736.9
53112.4
41869.9
37689
18067.4
42994.5
43762.7
27608.8
30813.6
31555.2
80930.1
39709
23853.7
49631.6
30601.4
36362.4
79363.2
41877.9
16359.9
49263.3
37315.8
13820.2
48041.1
25709.1
14772.7
40841.5
28181.9
28029.9
42433.3
12340.3
15310
27559.1
39803.4
41041.3
71561.4
30842
51782.4
29615.1
22945
51190.5
17584.3
72946.4
26902.3
77948.8
16035.6
17653.5
26245.3
15582.5
25325
51400.4
24946.3
41984.7
37337.7
31109.8
21607.9
19349.9
25662.3
10327.2
15251.3
26539
111950
21322.6
23054.9
84684.2
54187.2
49824.9
53689.6
91724.5
35988.6
27550.1
66750.7
19221.7
31006.4
60328.3
28168.5
53528.4
35519.6
24228.8
23037.5
49282.3
31419.6
25167.1
33166.4
40756.8
15413.3
25788.8
16494.7
25450.2
27671
16966
56399.6
36473
9720.14
15977.6
53238.1
18953.2
36318.4
16148.5
56330
23606.2
22691.9
23573.9
25069.5
72657.9
52070.3
19788.6
37815
11684.8
58319.5
76767.4
23683.9
52929
34273.8
26832.3
53719.1
20755.6
15965.1
84138.2
20399
56990.8
25477.8
50328.9
59436.2
26921.1
40032
19848.2
21678.8
17226
13134.9
28490.9
32341.4
53431.1
33506.6
28304.9
24495
22077.4
26482.4
15380.3
23053.2
15679.8
16360.9
23123.5
29543.2
9107.68
18910.4
15811.1
48533.9
51983.3
28296.2
40512.1
33677.2
20174.7
66401.9
14911.1
18455.3
42461.7
55632
16430.2
29336
23961.8
14627.5
83001.6
30500
22287.7
29997.6
20764.3
20261.5
30618.6
32614.9
44544.2
33299.7
14820.5
76075
14704.5
49897.8
36312.3
24413.8
7783.31
49770
16358.2
20000.6
17158.9
53750.5
39711.7
23454.7
16992.6
23058.4
42860.1
22865.1
41276.2
32464.3
35406.6
28962.5
33279.1
37452.1
39216.7
24706.2
33851.1
46130.8
47464.4
49112.2
17435.1
72738.2
13577.7
23966.2
14980.8
24036
13387.7
30930.4
28266.9
22526.8
22264.7
24872.3
25420.3
37662.6
52035.7
30223
24102
39007.5
18323.7
29412.2
15986.2
11619.6
82521.4
19763.3
46240.9
29604
34980.4
11381.1
14821.9
17780.4
41001.8
49181.8
18761.1
27741.7
31182.9
31631
30630.6
46255.5
39140.5
37770.2
40752.4
20855.9
30054.1
27857.6
102998
19615.2
33336.6
16224.1
24752.7
33963.4
12774.2
22970
23184.1
12229.5
28314.1
20563.7
16746.4
66186.5
45777.8
28204.8
19960.1
24499.7
24727
14853.5
65822.7
32761.4
20489.8
17667.7
37630.2
37196
31256.9
45376.9
38804.4
35672.7
25956.1
13545.1
48033.5
75038.5
70419
40142.8
24676.7
35583.9
14630.1
59340.5
66837.6
80089
26072.6
17706.2
13814.9
52000
17932.5
18138
9142.32
31994.8
35617.2
24277
38414.8
13952.9
27230.7
18628.7
37851.2
43939.1
37930.3
48722.9
12443.3
55160.9
53238.9
42381.1
13031.5
40350.4
28551.3
14522
42303.3
34645.8
25788.6
23368.5
18752.1
26278
39398.8
10243
46630.6
29050.9
33695
29545
31729.1
21135.6
24774.7
22105.7
23498.1
17971.7
14304
30532.1
18475.8
36480.1
13731.7
21188.9
26468.6
38641.7
23378
38283.2
24420.6
24619
34454.5
31871.1
28310.2
87270.9
49786.5
50220.3
35961
59239.1
21987.2
56345.3
33190.8
32477.5
28256.6
18784.6
24607.6
33444.3
39381.6
45820.3
44650.4
22629.8
19096.4
48054.1
30450.3
56163
25162.9
26768.5
25945.1
70853.9
42119.1
31122.4
23200.9
44792.8
48390.8
34735.1
32000.3
33494.2
20818.9
23270.7
27806.8
38798.3
42447.6
37504.5
23058.2
45927.3
25850
14173.9
30650.6
11067
27190.8
18916.5
21354.9
22894.1
14352.4
19019.9
29179.8
26943.2
40631.1
28023.7
15755.2
41377.6
27419.9
21074.8
52555.6
22496.7
39174
15583.6
32088.6
40759
21236.1
23955.1
70722
45515.2
19204
54702.5
23884.2
27309.1
15023.8
28017.5
21704.2
22895.9
19922.7
28089.3
40930.7
51199.5
53833.5
36203.4
32658.8
41682.6
52833.8
22162.8
90782.6
15722.7
21320.1
23416.8
34278.1
36691.8
22394.5
21428.1
18142.9
26906.8
19464.9
22338.2
29303.7
23758.1
44484.7
31093.6
36125.6
19872.7
18245.5
41799.8
73855.4
33796.2
26427.2
28504.2
16356.3
16529.6
29167.7
26685.1
34416.2
45032.8
50346
20563.1
32251.3
50254.7
24982.2
41819.3
38178.2
42306.2
42911.1
14674.3
51896
32978.3
8597.73
8510.31
29366.8
21397.6
16952.7
10797.9
36182.3
31608.2
14279.9
29781.3
22794.3
31633.8
35361.1
75500
50642.4
22705.2
21974.3
34460.8
27747.6
40682.8
39553.9
36061.7
8980.13
11950.2
17791.4
32456.8
25073.5
26537.6
9919
15714.2
20053.3
59667.3
50351.4
14035.9
31193.4
22078.7
24467
37199.1
17554
43663.3
21654.6
34744.8
60158.3
24776.6
29375.8
36098.1
49581.9
46030.2
50935
27378.2
20848.3
97069.5
15529.7
18335.6
10724.5
39062.4
11324.5
22683.2
14452.5
58113.1
35366.8
17863.1
51555.3
11040.9
15756.7
27088.1
12477.6
32221.6
23733.4
39365.7
60842
23254.7
35963.9
13878
24048.3
36772.1
20983.5
23444
40421.7
24340.7
19588.7
39394.4
34070.7
32271.7
19022.5
27674.2
13846.7
36742.6
22966.7
20172
15870.1
17895
12531
21515.1
64433.6
38222.5
57284.9
70477.5
87676.5
21007.2
52227
40450.2
21335.5
26130.4
39629.7
16168.9
21136.5
20758.2
23757.4
27437.5
23450.5
16729.2
81776.2
40805.8
10371.1
66893.3
12192.2
8213.84
22365.9
82547.7
31739.4
20269.6
13897.6
23144.3
49960.1
22084.6
15072.2
27458.3
25710
27857.5
28273.9
48630.5
20058.3
25947.2
34693
33630.3
25876
32514.4
19356.7
56599.7
27518.6
43105.3
38295.1
35134.5
43836.4
13390.2
18517.9
16221.2
29488.6
43365.1
9228.46
37083.3
37039.9
49662.5
34759.9
31412.5
55378.7
65652.6
30373.2
12286.2
13992.4
22333.8
22306
53565.4
66985.9
37311.5
51688.1
34536.9
11202.6
43532.5
46808.6
65940
14772.6
24875.6
14811.7
35205.2
14060.9
43542.3
74146.8
25314.4
63220.1
23060.1
26497.4
23485.9
65622.5
18372.9
39899.3
29065.9
43259.3
8917.57
19019.1
19231.5
14915.8
33959.6
30816.5
34523.4
33882.2
25931.5
45816.7
16599.2
68417.5
14224.8
47229.1
61318.8
17457.9
15462.3
54178.1
16215.9
43123.3
27408.1
27174.5
13043.2
23411.4
20960.3
37144.5
40462.5
12236.8
20279.6
9053.97
46817.9
32022.3
35704.5
27857.7
47452.7
41514.5
58963.6
44219.1
37015.4
55769.4
40805.8
18941.6
35059.6
10314.3
9949.35
16852.6
51420.7
33341.7
14488
45266
20026.1
13402.6
13015.7
10132.5
30643
39735.2
28750.9
37058.7
41046.9
18691.3
18554
43332
21950.1
14340.5
73062.5
22120.6
23002.6
43991.6
44386.8
13639.5
27310.3
35827.1
26693.8
20182.1
48240.8
18781.1
41969.6
20429.9
27346.9
73404.8
31834.5
29969.4
30856.7
38189.4
28414.8
32144.5
17060.1
13112.3
21130
24270.8
13626.5
14586.1
15683.5
32000.1
23905.1
39246
31443.4
21393.2
10625.1
18164.8
25597.7
54071.2
17887
16204
27590.3
51563.6
82466.2
26559.8
40542.5
20272.6
16806.2
38910.9
21939
19699.4
11732.2
17049.4
48248.8
17765.2
14838.3
28420.1
12413.9
26762.5
44357.8
13358.3
21059.9
74606.7
17043.5
66695.4
40406.4
31203
33287.1
17501.1
40929
27661.3
54426.3
45971.5
23960.3
39563.4
12002
24190.5
36302.3
27113.2
19688.2
26191.1
33004.8
22597.3
19152.1
30745.1
13921
29697.6
33705.9
53946.1
49277.8
26286.6
49494.5
51144.1
12900.9
39000.2
22260.8
26354.3
44312.6
42825.2
16058.8
45121.3
28741.5
12370.5
14942.7
19135.7
35458.6
42665.6
79750.6
17071.4
55284.4
56123.8
37139.3
21103
15690.9
49083.4
30586.6
46821
49914.3
26950.9
25657.9
16710.2
26989
23925.5
40630.7
29073.5
33120.9
40399.8
49440.5
35713.3
29535.9
54406.9
35536.7
31284.6
18435.2
71192.9
22393.8
16876.6
22140.4
55895.9
43502.1
41825.8
39392
19555.1
37392.1
10562
40829
70274.6
52783.7
20752.6
22472.3
43207.9
52143.2
25692.5
43765.8
48768.4
29492.4
43642.7
25249.9
40620.9
23589.3
36993.7
34791.9
19959.3
25375.4
34761.2
22823.7
18666.6
45766.4
47646.1
91809.6
39121
45458
21054.8
33688.1
50065.9
66081.7
25494.4
15555.1
16598.9
15110.5
14123.7
12192.9
25712.8
32284.1
43291.6
47563.5
31607.7
28806.4
49125.8
18511
18167.3
17436.7
35375.1
13033.4
15324
13687.8
24268.3
14139.8
17337.3
25027.7
20608.1
78563.6
20935.3
10343.4
43418.9
27808.4
34226.3
22844.4
20563.8
22178.8
19627.5
26976.6
26480
20098.6
31986
43448.8
31115.8
35703.7
14909.8
17193
27250.7
12798.4
60031.9
16746.1
19013.1
23443.1
57163.4
25491.5
14732.7
17352.1
53362.6
56804
18555.4
26262.5
40721.1
9995.95
27081.3
28148
24892.1
22133.9
25547.3
19982.4
17856
14623.3
37957.2
9849.95
15268
38492.1
10955.9
34133.6
49968.2
29364.8
40227.8
20881.4
26681.8
23954.6
39541.5
26097.7
80482.9
59135.8
19530.1
33246.2
46803.9
20820.4
43179
45895.5
12760
21835.5
13165
34318.8
29340.8
63710
18416.2
32819.8
38048.1
64979.4
15962.1
39216.7
22632.7
25611.4
17901.7
36802.8
36946.1
47374.1
17367.6
12314.1
47324.7
37400.9
24824.5
13581.8
23638.1
41797.3
36142.4
39166.6
52221.5
51930.2
45136.4
23180.1
29606.9
45261.8
32451.1
58816
27778.9
13903.6
17752.4
15583.5
25577
25327.5
23398.9
20272.5
77598
11132.4
10612.4
18855.4
15412.4
54668.9
63817.2
10855.7
22538.2
28972.2
19786.4
20834.3
36529.1
36936.9
27744.9
42415
22273.2
42037.8
29268.5
16847.4
17472.5
14952.2
22724.5
27236.5
26884.2
42714.1
25349.3
27486.2
28805.7
50172.5
61888.4
39193.1
13219.6
27202.7
32464.4
19295.6
25131.5
27968.6
21716.1
32520.3
13565.2
57268.4
115411
38970.5
60289.5
28508.7
24702
24975.9
11908.5
19778.7
51521.6
37938.6
76586.9
26472.3
47523.1
41795
14433.7
36786.8
15499.4
57822.1
29696.3
22515
9635.68
24586.5
21911.9
24028.6
41983.6
60614.8
25545.5
22121.9
68226.1
49463.7
40292.7
12758.5
37228.2
56860.9
28276.1
41428.2
93530.7
14919.4
13281.6
23245.1
31723.7
33389
43909.2
21471.4
23411
36576.2
56750.8
28516.8
29139.7
38817.9
63458.9
35305.5
18075.8
26146.2
20850.2
28005.4
12312
44644.8
21404.5
58998.3
23803.2
17499.4
42028
29115.8
38881.5
43454.3
37402.9
25635.4
55660.1
40520.7
14251.9
12922.4
30551.6
22341.9
66422.1
52440.3
29928.7
35810.3
34063.9
18120.9
45477
59480.6
62176.3
90852.3
88355.2
47032.5
34812.1
19292.4
30816.1
11860.4
33101.1
51466.2
18880.9
47059.5
10808.9
30293.7
19642.8
30605.2
33932.3
23139.4
17904
18011.2
26578.9
17112.8
18150.2
40607.2
36819.8
20983.7
23788.7
10174.9
34431.8
37532.9
35895.1
47831.2
24981.6
27941.5
76521.6
12519.2
21234.4
30224.9
12183.4
37467.2
46561.8
24964.8
32606.1
45118.7
29279.5
50314.5
17537.8
22738.9
18680
23744
74827.6
10303.5
30224.6
52323.2
52774.5
51065.8
8777.93
27182.1
50210.2
28656.2
43949
12027.1
43113.4
39311.8
42602.8
16517.1
37979.5
53479.2
29522.6
29867
17451.5
40180.3
19347.5
45792.2
59006.3
26767.9
41100.3
50420.7
20728.8
11390.8
41987.7
34147.5
34990.6
28574.6
68187.3
15620.4
33776.7
78014.1
35196.3
33828.3
34001.6
28681.1
14737.7
49385.7
21408.3
36221
23629.6
20539.5
79492.9
35950.2
25179.3
95595
40661.3
31744.6
20753.6
44811.3
28390.6
27326.9
27969
59004.1
14726.2
61468.5
37851.6
20247.8
16695.1
24766.9
20809.6
29680.6
59802.9
47893.6
25166
45261.1
29076.6
25714.9
25375.9
80716.6
28894.1
82733.7
29168.5
17866
52848.2
25693.7
15824.5
31905.4
18010
27774.1
73209.9
41078.8
18053.2
32012
35415.3
23748
31067
18351.3
52448
52748
16999.3
28552.7
13242.7
59871.5
55618.6
30227.9
16465.8
18112.1
32285.6
15518.3
40865.2
36827.5
92849
12201.8
29666.2
57205.7
32610.8
15907.1
22957.6
105119
26531.6
52551.5
15692.7
15191.2
30818.5
15352.6
41631.4
35782.2
38514.3
29414.9
22623.3
20588.2
16487
19735.5
23042.8
33488.9
69720.9
31164.8
27703.8
30866.3
9024.56
43830.8
11693.2
17666
23104.7
37712.8
21813.6
26091.5
10060.7
18559.1
19833.7
25499.5
16720.1
25620.3
25575.3
49382.8
14344.2
49799
24764
31594.7
14993.6
21963.8
35252.9
23498.2
29583.1
24097.8
27414.8
28178
64005
57998.5
23325.4
54623.7
15812.6
37350.4
24736.3
27447
25998.4
60088.1
12291.5
16038.3
41160.1
33195.9
58276.2
34654.4
39582.2
69415.6
23667.6
32900.2
26336.2
14047.5
16459.7
25171.9
21898.1
50858.4
12909
18866.4
25855
44108.1
27248.3
23180.4
12504.2
36182.7
19623.1
21556.1
81538.5
30368.7
36973.3
18400.4
37917.9
26106.2
23311.7
73003.4
33993.9
39022.1
19303.2
44486.1
23694.9
28023.1
18246.5
22349.5
27550
41635.6
38732.5
22771.8
49491.8
45267.6
25808.6
22284.5
33673.8
37571.2
20334.3
39150.4
22504.2
21320
12185.4
19606.7
34564.4
13430.9
23019.6
40887.3
16844.5
47989.6
11177.4
18257.9
43908.5
27156.8
17897.6
25055.8
27153
14043.9
30714
30753.5
19561.9
25220.6
30385.5
28628.7
27662.3
40096.3
21043.3
38902.8
67285.6
31886.8
37424.2
9946.1
43032.7
66179.5
37541
42948.2
15833.3
31206.6
39057.5
70066.3
88654.7
31184.5
42104.9
19502.4
29172.4
17604.9
36802.5
22724
55222.7
21729.4
27514.6
63539.8
22094.2
56601.9
36506.8
11853
43867.4
48969.9
39995.7
28044.4
22904.6
28202.6
27648.7
34340
69451
52672
24311.4
15903.9
15804.4
20729.6
48444.8
11852.6
73943.4
26921.5
18507
21505
21818.7
33803.8
17144.6
20412
56859.3
50321.3
25047.7
26269.5
117372
97345.1
31368.3
32768.5
28486.2
54737.7
32904.1
17540.2
22856.5
79951.3
16817.3
25664
18018.5
11079.7
30586.5
23180.4
22726.2
98987.2
26313.6
34425.2
21055.3
81938.9
23322.2
64959.4
36103.2
19232.4
18633.3
28579.7
53162.6
32316.7
22956.9
39533.3
40209.1
62482.1
22344.7
10736.3
16627.8
18462.9
15473.5
27495.2
24685.1
27557.2
28116.8
42527.2
20924.6
41824.5
19824.3
31600.3
59601.8
67325.6
27535.2
13987.1
29620
21064.5
21640.5
31120
28064
56971.5
18427.9
24821.9
37255.2
33555.4
19129
20405.7
21199.6
35231.3
43987.4
53999.4
27628
88648.7
63220.3
55057.4
28476.2
39422.2
80099.2
33000.9
10645.6
15855.8
16927
38026.4
39484.2
22245.1
36123.3
59496.9
26212.3
15418.8
18738.9
26626.5
44410.4
29720.4
32328.4
29439.1
27284.3
16634.8
18067.1
14455.4
24533.3
55434.6
61542.4
62196.1
36297.2
24851.5
48971.8
22053.3
49466.4
41386.1
30009
19211.3
12910.5
30172.8
22431.8
17559.3
18016.2
54843.3
30809.6
73920
17194.4
59592.5
9233.06
8224.41
14819.7
17346.8
29458.8
40042.6
35034
14795.9
12239
30105.2
18646.6
32792.8
24989.4
21833.9
29234.5
23740.4
24818.8
28458.4
23514
33863.1
23698.5
25952.2
25228.6
30065.7
15181.5
16260.9
19164
41805.4
44688.1
38115.5
26266.3
33004.4
42056.2
17187.2
38012.3
45540.8
16845.2
26950.5
62808.6
23807.6
14587.3
24207.1
27649.6
26889.2
42460.3
20152.1
99530.2
10393.2
20228.4
26543.8
15758.3
27374.7
14968.3
27988.9
61630.1
32234.9
51757.6
16104.1
38940.4
43640.1
24970.2
16928.8
31247.2
38710
27392.8
48098
26148.8
39095.9
23163.4
24179.1
20628.7
31426.1
38858.5
26924.8
22316.3
45268.5
34575.7
31603.1
80420.8
20704.3
50898.5
60860.3
26122.3
21406.7
21610
38156.5
20293.7
15031.9
32046.5
41144.7
115629
104340
21812.2
21029.4
43424.2
61343.9
41677
48763.4
22984
18770.1
43067.1
74890.4
21361.3
36252.6
32251.6
27275.2
25917.5
41241
36267.9
31195.2
28384.6
46637.1
31768.3
29626.7
46384.5
54947.2
44423.9
18529.6
14175.5
21728.5
60049.3
30219.2
45330.2
71263.3
29199.8
30731.5
32255.9
45234.2
35301.2
37573.9
31410.2
38344.6
43603.5
122570
28181.3
23364.9
19989
40558
41968.5
25415.9
23798.7
72069
20262.7
37738.4
15289.2
23219
49369
39637.7
6612.88
17734.9
19443.7
54335.1
47454.5
24983.6
15115.1
12103.2
23391.1
24176.8
25922.2
60523.7
41561.5
15820.6
19895.4
17337
23961.2
16009.3
48398.5
31419.9
45577.3
32823.3
23162.9
26993.3
18336.8
23223.4
23261.6
42493.5
40083
23328.5
12507.8
54853.4
23255.7
45927.5
16891.2
32247.7
28474
19469.5
32192.5
16078.5
23450
45652.9
13966
21856
30285.9
43222.4
25426.6
26967.7
18474.4
30289.7
39861.6
37872.1
40069.2
15833.5
36980.1
33972.8
41302
111846
45439.7
47262.7
25555.9
17956.8
15453.2
28798.3
59925.9
54279.5
50600.7
29183.6
20974.9
24064.6
11351.9
50835.1
39026
31176.8
26789.3
10311.5
57338.4
34474.9
21008.5
34025
21992.1
54287.6
99115.7
35707
17446.5
41051.4
10648.5
60899.7
33205.2
24279.8
24133.4
103459
33390.5
18634.3
12383
50541.9
25838.9
23875.2
24522.9
63120.1
10663.1
22331
36661.7
55584.8
12470.5
14784.4
15783.6
31653.9
43504.7
27297.5
27181.1
26500.7
10699.8
59941.3
31694.6
30430.9
43524.7
28772.8
17262.5
65703.7
40520.7
41129.2
38905.4
45266.6
29207.2
33308.1
16727.3
38664.7
47858.2
56756.8
25548.3
57357.5
79189.7
40703.6
14379.5
12465.7
42127
17290.9
27092.5
13873.8
44306.8
59776.1
21976.2
21707.2
23578.7
28278.6
22432.1
29862.4
47638.5
31462.8
16538.3
42373.3
31229
119037
30949.6
18578.8
60057
45647.4
28699.1
33495.6
18476.5
15620.6
50429.5
27509.8
25940
15400.5
25877.6
36659.5
19007.9
38703.9
20839.2
41471.9
41813.4
11026.7
30913.9
12211.5
8678.67
38934.2
30469.8
36062.4
17819.5
40929
21314.7
23403.8
15702.3
57771.4
97382.1
24980.1
68295.5
24291.5
19475
54586
40104.4
30683.4
25496.8
27936.3
19895.5
19687.7
20003.8
24899
63928.8
38198.5
75518.9
20010.9
42936.2
29776.7
19576.2
14226.7
20016
42583.2
31833.2
71852
38712.2
91268.3
35427.5
49494.1
40745.9
21407.3
39489.4
19929.7
31060.2
109892
56564.2
12652.7
36800.7
37682.9
23033.7
25158.9
39776.2
31622.4
35599
17326.4
62481.7
17651
37208.8
16542.9
18105.7
34917.8
38185.4
57792.8
18953
78349.2
27413.4
28125.1
29125.7
31156.3
21786.5
13542.6
30147.1
24256.9
56548.2
38053
30649.8
42308.9
18424.9
45156.8
33422.1
19474.9
29648.6
33861.7
14319.2
22338.8
25576.9
19134.6
49412.9
22575
34438.8
34119.7
24998.4
22845
16757.1
26874.6
121539
15758.8
49809.7
33920.1
38572.8
18806.2
22077.7
17742.1
69652.5
25768.9
35639.8
114860
42854.3
36286
67498.2
29478.9
38016.1
51517.9
20008.3
24938.2
25227.4
11051.7
29636.6
34583.8
10940.2
34977
29978.7
17530.3
24683.8
20582
31080
29978.5
41460.1
17099.4
33776.9
19601.9
42442.5
24004.9
7787.15
32068.3
22194.5
19402
33878.8
19789.5
35988.1
13420.5
39798.6
55249.4
20401.9
60620.8
13273.2
47350.6
53589.4
31324.3
42124.6
63078.2
21078.2
58873.7
16353
19854.7
11744.4
39555.8
33539.9
47851.2
145618
28608.7
25390.3
31612.5
101566
44331.3
30173.5
20842.4
18306.8
19303.9
16038.9
34836.8
14410.5
49678.1
32862.4
64672.9
31644
52119.9
17277.1
17119
35642.2
64675.5
18870.3
45724.3
9022.31
51308.4
69562
16285.1
11134.2
23550.5
41517.6
21521.6
50347.6
57562
64590.3
16467.8
34727.3
25663.7
20164.7
35523.9
17825.6
20403.8
11577.3
20018.3
28402.5
24054.7
18805.9
60617.5
44532.8
28466
18295.4
40220.8
42285.7
46186.7
23703.8
30958.9
127089
31591.9
17625
29541.6
32584
35212.4
17800.5
16189.1
62367.2
43161.5
32567.3
8525.1
23005.8
42327.9
30200.3
114990
27104.7
20274.1
30464.6
13670.7
40021.6
21680.9
45491.9
45608.4
50583
17394.2
20067.3
36221.9
41357.2
31006.1
22370.6
31039.7
19545.5
22656.9
33222.8
27941.1
24345.2
53223.2
15829.9
56067.7
20993.7
22623.3
24993
14215.3
32920.3
38781.2
14930
24980.2
30100
32250.9
26113
13136.2
20756.3
17953.1
42096.6
15734.9
34495.7
26635
9932.61
56223.2
68720.7
33556.7
25792.4
42846.5
40908.9
76175.9
34218.2
41147.7
79457.5
23110
54235.7
38444.1
27604
48092.6
48626.6
26169.4
16433.1
61905.4
24223.3
10188.1
8983.04
35118.5
48919.9
42835.2
38910.1
53178.1
48729.9
38736.5
65314.2
23396.3
15778.7
23898.4
35133.1
49187.2
35398.8
40528.4
56505.9
28342.1
63121.6
33864.2
41967.6
25400.2
43872.8
32683.1
60201.2
65569
22312
28455.8
18294.6
17354.6
23599.5
24765.3
60679.4
51169.9
45566
76004.6
16914.2
32392.6
59918
12988.3
31740.5
19535.7
48557.9
10357.9
16426.3
37733.3
63399.6
15657.5
19042.7
39181.8
20621.2
116375
7538.31
38451
54668.1
57263.4
45368.2
42747.2
44043
18112.4
52617.4
19759
33254.3
15085.6
10487
34620.7
33562.3
24657.8
17250.1
32568.8
26441
14525.3
30710
40147.1
47386.5
16268.6
47367.7
17195.5
24981.8
35354.7
25725.8
19864
24703.1
22092.3
68565.5
55148.5
71644.8
17181.7
36760
20284.5
27582.7
16223.3
30376.6
83879.4
18426.3
9934.11
28179
15821.4
42361.5
64164.5
71023.1
11421.8
37986.4
16655.3
15422.4
42417
30014.3
25526.3
37237.6
47374
15700.1
15213.3
28830
13901.9
56512.9
24490.6
21691.3
48166.3
14028.2
7396.8
16193.9
28156.5
38431.9
17225.8
12778.6
18694.2
17945.8
36099.5
29509.5
33705.9
53389.1
25426.1
78580.7
14169.3
22892.2
28909.5
29196
25558.4
20244.5
11518.4
30824.3
59998.6
53660.2
66758.1
20516.2
8545.14
27207
25920.1
55732.3
65881.5
21967.2
31743.2
17016.7
31865.9
13459.4
10971.1
39622.1
31456.4
36398.8
35434.7
31504.8
24074.2
27120.8
23096.6
18870.4
56935.3
62205.4
33522.9
53389.9
33976.2
25308.1
25260.1
27708.9
12936.1
40051.1
25394.1
22138.7
11510.6
37462.5
25758.4
61690.6
76418.8
41777.1
30669.5
40309.8
23762.3
46852.9
25215
20303
82415.9
33888.4
31918.7
24711.7
15578.7
44449.1
13884.9
36109.5
15736.2
26273.6
18156.3
51293
44785.3
42304.7
21013.3
14423.4
33428.1
18826
42729.4
28759.2
26693.2
99449.4
34768.9
16955.1
27524.6
26982.5
53810.4
26718.2
16656.8
40972.6
14459.2
38129
44630.8
19208.6
20828.2
31149.3
16879
55144.2
42775.9
15557.1
40005.4
42904.9
36666.1
41051.9
18947.1
72631.8
23990.2
49160.2
23146.6
33168.5
49546.1
33702.3
11351.1
30754.4
75960.3
81917.2
28826
21776.7
26983.2
33830.8
51478.1
14130.5
36983.2
49639.8
59671.4
23323.9
38815.5
93390.1
45947.6
14613.1
36420.6
16084.1
39525.2
25785.8
20095.1
21733
34056
17894.1
39732.6
11464.1
35985.2
43462
26942.2
7841.57
104987
56335.4
29649.8
16800.5
54974
24895.4
23229
96156.1
13875.9
31988
14052.3
22272
18985.9
23343.1
55044.4
26391
47980.7
33622.2
30501.5
43212.6
16884.3
35601.4
49331.2
43301.1
50283.8
16515
35360.4
41419.1
29744.6
73865.3
21453.4
46365.1
14302.8
91905.2
20089.6
23400.8
26545.9
32173.5
79254.6
32698.1
16828.1
94658.4
43742.5
42671.9
25881.5
10400.5
40208.7
15462
24099.6
64446.3
24501.5
35200
24222
28615.6
24094.5
12726.7
55678.5
35559.7
23356.4
20995.6
40569.9
30837.5
55716.3
15386.7
24133.4
18276.8
49708.6
102944
21760.6
22656.1
40351.2
33623.9
23795.6
52180.4
26853.8
23179.4
15249.9
36621.6
49463.8
19123
11426.1
54130.7
19926.3
14501.5
26655.5
26187.8
23345.4
34223.1
12230.2
62866.7
51124.3
22030.6
19115.4
25842.8
41210.2
21371.6
33842.8
25386.6
25467
45840.8
45779.5
17534.5
53544.4
22937.1
38486.6
11553.9
14581.2
13581.2
31291.6
32746.9
12308
23291.5
22078.5
22643.2
27700.7
154925
25638.8
68788.8
22151.5
19393.6
27918.3
17435.7
9572
52492.3
41135.8
29121.1
38718.2
45551.9
18242.3
72090.6
38723.3
41112.4
38433.8
30231.4
40768
31682.3
35232.3
24469.7
22715.2
33355.5
30430.4
25798.4
38820.2
78093.1
39674.6
18618.3
11619.2
15819.1
59132.9
15666.5
18246.7
21239.7
29136.8
27199.6
10469.6
132455
22113.9
37800.9
26927
55702.2
17314.7
33014.4
34435.7
24001.2
41167
30021.6
13095.7
9492.12
24385.5
20454.5
13335
41294.1
27736.1
68903.2
22159.9
65142.5
95933.5
32984.8
22323.1
20486.9
31451.1
33289.6
28883.1
44005.1
20421
9837.52
41987.8
48294.9
33625
11348
17343.8
19179.7
64194.7
16642.1
24455.8
53436
54814.2
22972
38782.2
60769.1
25722.9
59400.1
47701.7
113052
32947.2
27730.8
29991.5
20876.3
40175.1
8798.34
36143.5
34877.7
26165.4
24837.4
68892.7
26777.5
38992.1
10816.3
56369
43363.7
79144.8
87647
37087.9
37381.5
17358
56756.7
39240
65347.9
13549.3
16692.6
25248.3
17008.3
48135.1
53903.5
11552.3
29255.1
40856
16173.4
17877.6
18069.2
18103.5
68912.4
16872.4
43072
14582.3
24059.3
34029.9
30202.2
39443.5
36046.1
26323.2
17648
42768.4
70350.6
29868.9
19430
23586.1
40749.2
23491.1
26129.6
15629.4
13497.7
32813.7
23462.9
76105.8
40515.8
51855
15554.4
59826.6
20987.6
26820.3
27520.3
31686
30195.5
26899.1
26946.2
44477.6
30991.1
21443
30628.3
18270
24200.1
65358
21001.5
43601.3
31006.7
18975.5
21269.7
46544.1
34879.4
11910.7
35231
56459.8
38988.2
29080.2
42824.7
25494.3
19506.9
25834.3
25941
29953.6
45885.5
23283.7
21784.6
49946.5
20534.4
39905.5
49596
26211.2
33427.6
18472.5
50910
38542.4
20398.9
45269.8
19054.7
17114.3
58664.6
43600.8
13813.2
45066.6
28268.2
40260.3
27082.5
18440.6
46421.8
54161.4
26115.3
13781.8
28644.6
25295.6
20088
34310.1
29505.7
122373
36184.7
29196.4
29816.3
30139.5
33686.2
15686.7
47806.9
21731.2
30923
23017.4
41724.1
28558.6
41284.4
14398.8
37960.3
75687.9
25698.6
33966.5
12672.3
25979.5
57390
18872
59159.9
28221.2
25714.9
21148.7
35784.2
12034.3
24696.6
36014.7
23710.7
24436.7
44519.9
27277.7
38604.3
81719.6
20404.4
28922.3
22121.8
33568.5
17187.4
16757.8
44786
9972.44
16684.9
9819.39
27878.2
34975
15865.4
17729
7658.1
21424.8
42593.4
60020.7
27307.4
42624.3
18920.2
24101.6
26431.5
38042.3
29761.1
30147.4
39344.4
24556.9
48206.4
23002.7
25566.4
30787.9
27414.9
38708.5
26926.7
28609.5
27531.9
19987.2
26450.3
17422.3
18940
17656.5
12865.4
26935.3
32987.8
16509.1
25808.2
47164.7
32414.8
14849.1
40786.9
32247.8
19570.9
24712.6
21114.1
30587
35676.9
35268.8
50644.2
22037.5
30851.1
41137.3
24942.5
21818.4
41240.7
25310.6
77299.4
29683
22094.6
22201.6
50859.1
47012.5
45503.9
48579.1
33382.8
18253
16609.6
22747.7
74695.7
24230.9
58237.8
46851
35053
21520.6
30495.8
23398.8
14593.8
22178.8
32419.8
42551.8
41409.5
27763.6
135697
54831.9
28607.7
75003.8
30519.6
95313.5
19815
40101.6
22720.4
24530.9
26987.3
31462.3
23811.5
7296.26
29187.6
21987.8
33795.1
29435.9
35279
39761.7
20770.7
44453.9
34898.8
34337.4
33668.5
18428.3
32948.2
41798.8
11654.6
44049
18151.4
65408.1
24511.7
21117.3
21758.2
20931
48490.9
20682.3
16541.5
37232.6
51031.2
32758.8
45101
56299.5
58769.9
33605
9825.55
19166.7
31659.2
36630.4
21801.4
32804
75881.8
54772.9
45012.4
52557.4
19371.5
39769.8
21947.2
16062.1
21078.8
10915.2
31177.9
29114.9
39056
29136.2
46795.1
22684.4
15814.8
19285.4
20911.3
24969.8
36060.2
16733.5
23090.1
18337.2
15433.1
10226.2
88250.4
52312.4
51754.8
7843.92
68077.1
22156.6
19385
39263.2
16390.9
15436.3
29831.1
27912.1
82310.3
40587.5
25253.4
14278.6
14268.6
19596
66605.5
19624.5
27169.8
28789.3
35069.2
11455.6
15013.8
42983.5
36605.8
19137.9
33429.1
27373
20016.7
33141
55753.4
66434.7
37005.2
23913.4
78034.4
40884.8
25220.8
29031.5
54634.9
23698
53719.7
30241.1
11071.4
34578.7
23093.8
21408.6
35478.9
26214.4
15868.2
34073.3
24328.3
55591.5
19970.6
29192.9
26829.5
23222.3
22868
13664
50916.7
22271.7
11695.5
43604.6
22091.6
14704.4
39588.4
35326.6
30700.4
19421.9
16289
49203.1
19378
35580.5
38259.9
67098.7
24118.3
12872.4
18600.3
29025.2
58460.8
31224.3
38931.9
54090.1
31824.6
40553.6
14897.5
21389.2
28228.6
35804.6
20001.1
43858.1
16851.4
79334.2
33004
20387.3
52180.1
61277.3
26512.1
19441.2
53531.8
11055.6
22108.9
35006.7
25118.2
24550.8
39265.5
15129
45537.2
69196.4
38797.6
41899.6
16354.5
40713
30544.8
33923.3
26544.5
35001.4
22928.5
36522
11905.8
69066.7
33053.4
12422.8
49952
17772.9
15843.4
47610.9
32274.4
21695.4
44668
45366
21262.3
25759.8
27769.6
20605.1
38456.5
14235.8
38921.4
49652.7
27305
33723.9
16085.2
33896.6
19776.5
13204.4
12327
20593
27721.1
44876.9
52644.7
32350.2
37295
48038.4
33227.9
26247.9
46753
34256.5
77515.2
40223.1
31483.7
32772.6
11539.6
51387.4
28765.2
45894.3
17692.2
21797.3
33645.6
23793.5
36057.7
22171
22219.7
26904.2
24833
29963.5
13122.1
14895.6
11822.1
43597
102597
15142.9
23127.8
26216.5
34511.7
14190
42158.5
25231.7
10885.7
17995.5
23464.9
16845.5
68233.3
64809
33638.1
24371
21193.6
11480.8
26001.9
14589.9
57394.4
24970
28377.5
36890.1
24441.6
16415.5
32184
21605.5
16325.1
29258
13300.7
21037.6
21208.5
27601.1
18786.7
10460
30724.1
91012.6
10277.7
19181.1
68077.5
42536.3
24109.1
25907.5
43038.1
31239.6
43668.6
65876.5
22318.6
24949.4
33669.1
62036.6
13509.1
16036.3
27063.4
30635.4
53466.8
18391.7
53829.6
29040.2
66703.3
12414.9
77256.8
31701.9
29180.8
60663.4
23066.4
25185.1
67247.9
44674.1
38664.9
19220
15543.1
114301
31196.7
49747.5
47388.6
31453.4
36097
22138.7
42523.9
31621.9
48314.9
28207.6
33700.8
32129.4
33669.3
13236.4
45953.1
29915
21591.6
12068.7
43800.2
50596.9
23963.9
36545.6
10713.8
16227.5
30751.9
20818.4
43304.4
17726.3
23465.6
20531.4
58497.1
15441.3
50392.4
29955.5
39740.5
38622.6
33196.2
18731
26345
41981
19111.3
21540.5
23074.9
23381.9
47884.1
22132.7
50827.8
25262.3
29111.5
47594.5
56991.9
7904.09
16398.1
35742.5
25299.6
13937.6
36416.5
43904.6
20041.6
14731.2
25322
42790.4
28351.1
91362.5
103406
41965.7
42202.5
53394.9
85498.9
23554.3
52429.8
15296.8
35411.4
24446.5
31164.2
46057.4
14770.3
8874.35
14722.1
70999.4
9207.92
20367.5
54600
30109
33447.3
19655.8
31099.6
50734.7
32305
19521.8
18102.5
18799.3
20533.1
67060.5
22721.8
23564.8
19864.6
44307
27821.7
47969.4
21788
24493.1
22451.6
22786.4
18936.4
18361.6
16860.6
22122.8
50536.1
17887.1
80968.7
51608
22495.6
30801.3
14710.6
28751.5
45886.4
46067.8
48291
21004.7
22071.6
20782.2
52755.6
25958.8
22064.5
36370.3
11083.5
37947.9
39836
29999.1
20770.7
19660.6
60905.8
22672.4
32326.4
18861.7
52598.1
28994.8
12301.8
60475.5
38507.5
23574.1
64922.6
15505.7
10571.5
14523.1
53276.7
23882.3
19480.4
80216.7
18233.4
19845.3
21437.5
30881.5
19811.1
41263.6
12149.9
35348.2
25023.4
91041.1
49718.2
13532.3
37913.3
33245.9
17999.4
45546.9
20962.1
32240.4
22037.8
35357.2
40910.7
18999.9
38521
29398.9
18241.9
19533.5
21301.6
27952.8
35045.8
23717.6
27649
39753.9
19122.1
32102.6
12992.5
26548.5
20719.3
10263.8
40883.1
27526.7
18158.6
18091.9
17905.7
28466.8
17653
17131.3
39346.3
26846.6
21563.1
82264.1
26670.3
45182.2
15176.7
27093.6
66745.8
21233.3
13850.2
46535.2
54150.8
17853.2
85505.7
27334.2
33423.8
51631
29015.5
33012.1
37495.4
37727.5
34547.5
27959.4
48459.7
14624.4
51884.7
34397.8
17616.1
14343.3
19705.2
31724.9
14412.4
32475.7
45766.7
33627.6
29392.6
11169.9
10081
25017.4
22853
14996.8
37090.8
36936.5
25146.7
34142.2
13320.6
86113
41304.2
15309.3
75121.6
21883.8
18818.2
38221.2
15821.1
10020.1
28029.6
20428.2
37337.8
35807.2
43168
41448.3
43103.5
15225.1
33582
16713.7
37433.6
29260.5
20351.8
16136.1
29463.9
14677.7
23463.6
84453.7
16843.2
12754
60934.1
58208
46543.6
61472.7
45126.7
49011.2
22191.9
37932.2
39262.8
18953.8
77575.1
32786.7
46163.7
32000.3
45093.6
29798.9
52360.2
35029.4
92249.8
26925.9
25453.6
15071.7
21762.3
30022.5
35351.6
68457.3
34288.4
27802.5
38682.6
92552
71669.8
24931.2
29823.3
27588.5
70910
33274.6
25392.9
17877
22268.1
24443.9
20835.1
54721.8
82291.9
25512.9
12079.4
16154.3
49576.1
48249.3
52360.1
34123.8
21423.4
28971
48639.3
33215.4
38644.3
21802.5
34868.2
49349.2
46063
10578.9
23540.2
74884.8
29256.3
11231
15200.2
20940.1
37161.6
28418.7
25700.1
44630.1
26905.2
9715.31
18042.4
57446.5
56323.7
19525.6
43036.5
38853.3
63359.8
33610.5
24596.5
15654.9
37356.4
20951.7
24577.5
41174.1
19001.7
21722.6
15164.1
17330
34810.8
52229.5
29345.5
21689.9
76581
34264.2
32431.7
29430
36679.4
42543.1
27290.2
20783.6
33228.9
18705.2
23369.7
17436.8
48680.1
31687
67435.4
39165.2
33424.3
44116.2
37546.8
33122.6
55138.7
14762.6
42152.8
101733
23319.9
76940.3
63981.8
33445
30285.7
44735.2
23919.6
24356
26730.7
67204.2
34764.2
27359.2
26624.2
68566.4
41497.3
28649.7
28785.1
12656.6
36860.8
15516.1
32473.6
52129.4
18068.5
29873.1
16604.9
16693.7
120751
48373.2
22031.5
23553.3
28349.6
16309.2
50096.5
91232.3
29743.3
17409.7
20785.8
44075.1
28028.5
48241.2
25700.8
10419.1
33732.1
50517.5
16737.1
35669.6
26484.8
32252.8
21291.8
51127
35304.9
30291.3
14594.4
17101.7
44297.2
20683.5
20185.5
10282.6
14351.2
45397.9
45285.2
18272.2
10380.8
33443.6
19662.2
18988.1
26043.1
44303.6
23500.6
72795
18757.5
49748.5
36846.5
22331.1
21196.9
36290.6
31558.7
19169.2
21560.4
26224.4
20241.5
18075.2
27931.9
26396
40180.5
24625.2
47255.2
20335.4
41487.3
18845.7
62265.6
44676.8
14751.2
69136.9
42812.6
124882
39688.1
15335.6
19406.2
12804.7
41619.7
16540.6
27757.8
19354.6
25200.9
40266.4
19764.1
17376.8
24686.5
15346.9
12627.4
25012.5
38249.5
31319.3
47103.7
19439.7
27831.8
19877.9
16937.6
22801.1
19614.7
15156.9
25298.3
64500.7
41124.4
18505.1
41398.8
18029
18866.4
30017.6
34745.6
39897.7
17945.3
24860.1
33839.7
33801.7
41691.2
42736.9
16686.1
23024.6
10039.6
29391.2
30839
51385.2
18883.4
15221.8
48492.9
23311.5
47748.7
59369.6
42006.4
23479.5
64051
51313.6
12770.2
41954.4
18259.3
21752.9
41265.3
25986.4
37909.5
21776
12736.4
32945.6
27877.7
34621.5
14727.4
27985.3
14982.2
39411.6
16289.1
32432.1
83482.9
61127.8
94790.2
39016.9
50179.2
35605.9
43857.8
38456.4
43488.3
24653
22973.7
40998.7
40669.7
26997.7
41628.9
18390
20266.5
51121.4
102210
25542.5
10096.6
33875.3
43662.6
45467.6
26339.9
27510.4
27997.3
27054.3
23440
26920.6
17123.8
35854.8
16472.7
35702.9
54759.3
32552.5
65647.5
21267.5
29099.3
47197.3
10837.5
28393.9
48684
40330.8
59256.7
24963.5
22928.1
29220.1
22169.7
45080.7
26433.5
18828.1
44215.4
11822.7
33710.4
46891.3
74872.8
25942.6
36354.6
38015.8
33080.5
30274.8
24517.2
20556.2
25439.7
11765
22163.7
47084.8
17491.3
31705.4
28073.1
10443.3
24725.8
58794.5
44238.2
49415.1
51520.3
14810.5
39061.6
20701.4
27121.1
23197.7
59378
17847.9
37112.2
20056.4
33976.9
43287.7
38491.5
41104.6
24946.1
39776.8
24010.5
87369.7
44553.1
46407.9
20821.9
21150.6
20534
15646.3
22820.3
88373.8
25730.1
26094.8
79041.9
39155.5
16836.9
35779.3
10314.5
22867.7
59430.2
32964.7
28537.4
21793.9
20519.5
22332.9
33433.6
39010.4
40039.4
17142.2
47246.9
24189.3
48374.9
16037.1
35342
34503.2
16013.1
22145.1
25456
19798.2
28930.5
30460.5
16735.6
34544.8
40205
37746.6
39316.4
34459.1
47638.1
66442.8
33574.8
36229.7
17391.3
25272.5
33981.6
27109.8
32798.2
58163.3
23370.3
60125.4
69524.3
34153.2
16696.6
30425
27422.6
132223
22518.8
18911.4
17037.9
23364.1
36912.6
38114.9
33642.1
15907.2
68788.6
37498
46938.2
34094
52358.4
28306.6
24446.5
13256.9
30667.2
25682.3
31201.3
42345.9
30505.8
38192
20400
27778.1
21793
42867.5
21653.5
21371.9
28438.8
25495.6
29654.1
20665
61064.7
34001.6
34041.5
13605.1
49717.2
13428.8
50501.8
84399.5
20274.6
39939.7
30982.7
32179.6
27645.2
48991.5
48340
36455.6
31866.2
9192.71
95910.3
31117.1
54307.2
46248.1
39640.6
26425.5
31960.1
19983.2
24366
52836.1
25367.6
13916.3
46726.3
23541.6
40323.6
21054.7
38383.2
16335.7
20021.7
18013.4
36538.5
21909.1
42065.4
26303.5
29444.7
59402.3
16615.5
85146.3
16929.2
29878.9
18022.1
25888.6
25980.5
29545.5
32659.4
42643.4
23012.5
32537.8
23506.7
41013.3
25518.6
18634.6
46543.6
26018.6
31135.4
14103.2
28571.1
14296.2
32341.1
59725.2
17108.6
43196
41025.3
66106.7
29797.1
52383.1
28008.2
13501.7
32834.4
18977.4
24120
14150.2
24268.2
23106.9
24153.9
17858.1
16991.4
49084.9
33933.9
40337.7
29926.5
32849.3
36054.8
25651.1
16420.3
44620.7
31958.3
66917.5
42994.8
40251
24578.1
59473.6
15447.7
11192.8
28175.5
22239.8
24093.8
27279.2
7082.77
72965.9
58475.2
54865.1
27810.7
13736.8
24317.1
28088.9
22837.4
38590.7
13073.3
21203.8
29074.7
37664.5
12036.8
97297.8
25287.8
18949
21882.6
24259.4
26748.7
34102.6
33780.9
78017.6
17100.6
58036
23867
20062.4
89714.6
39289.4
19038.6
28964.2
37405.8
27195.1
41265.8
20923.7
37704.4
24239
32292.7
23889
103367
56414.3
48250.9
57093.8
14393
45975.8
37115.6
24149.2
71138.5
34309.9
29209.6
57196
59371.2
50236.6
16393.4
33028.5
16802.5
23118
11561
31056
16651.1
34148.4
27729.8
27727.4
25209.9
13471.8
13826.1
12515
21269.6
15051.5
21798.9
12063.7
55133.4
23434.1
32825.1
33642.5
24628.4
25600.8
23272.7
9466.96
88678.1
42658
29601.7
52445.6
37871.9
32507.1
32487
14284.6
24920.9
22658.7
14773.9
31224.6
24538.9
54039.2
21292.2
23104.3
25597.4
26826.6
40705.2
36555.3
25068.1
18531.5
22762.7
44245.4
40494.4
16509.1
49393.1
21103
18572.5
36912.5
53753.7
57986.9
27364.9
33581.5
10835.3
13792
24811.9
31494.8
50854.9
28241.7
36174.3
29030.5
23150.1
14398.7
36613.2
21097.6
53427.1
14092.6
27677.2
14575.8
11088.9
24554.4
20407.9
28334.1
27290.5
14162.2
38457.6
41932.1
18626.4
25210
15706.8
14855.4
50548
46182.3
46491.8
