56342
61057.2
45826.9
25696
55916
35343.8
19909.2
27651.6
33755.9
45007.3
28557.9
44992.7
48285.3
40633.6
59125.2
101561
26254.5
58394.1
32309.8
38062.3
44291.2
118860
29250.1
63538.1
30387.5
57586
164118
92870.6
56789.5
39308.8
27208.2
54895.9
22544.2
27876.9
60434.1
117585
53071
32064.2
53644.9
16714.9
75885
31655.3
21430.2
100755
38386.3
60988.9
49078.3
47038.8
52035.2
61008.7
47481.7
56181.9
19833.1
31723
63309.8
35633.6
81821.8
76379.2
40564.1
35443
42236.6
46665.2
62292.1
87329.5
38336.2
48817.2
61304.6
86087.2
53880.8
39944.9
46944.8
96200.3
124821
110541
69500.3
57878.6
108192
93281.2
32718.3
30745.8
57905
82547.7
47227
153235
66957.2
47870.7
52193.1
106476
27429.9
39812.1
39360.6
43138.2
77055.4
86933.3
102400
57442.2
42345.2
72166.4
91976.8
36317.8
117281
56808.7
88787
71547.1
46763
25939
93107.7
90963.5
30445.1
35767.8
47243
38209.1
20443.1
30707
99788.5
41123.2
95267.5
36610.3
58574.3
58845.9
113778
16409
50879.8
65498.5
91876
52095.4
63404.6
80713.9
82458.2
37729.8
24139.5
27500.8
79479.4
37770.4
78729.1
25608.2
113307
22325.1
34846.8
103987
42565.9
132014
57865.1
53583.6
20908
244405
77033.5
26051.9
39319.1
95503.8
91496
39100.9
33436.8
80629.1
67768.4
33987.3
60588.2
67730.6
35561.7
81513.6
48492.7
123744
48014.9
27362.6
49188.3
28882.3
42259.1
110530
42195.9
104491
24784.5
55063.4
42341.2
70773.5
41863.2
77078.5
53934.3
88392.2
39348.3
37072.9
74887.5
35161
93435.5
68314.3
35638
29182.9
29546.9
38494.8
54599
30740.3
27839.2
36808.8
50620.5
31807.5
26640.5
48556.4
60549.2
63751.2
67151.5
51744
85702.8
47851.5
64589.3
24783.1
58624.9
107139
39941.5
71638.5
23623.2
122565
14784.2
77889.6
104784
59701.3
79644.2
32893.3
157987
36208.4
45226.1
67989.4
43724
20025
111537
45041.4
29836.8
34668.4
60517
101588
51827.2
22483.7
45577.5
28419.9
51268.3
36683
55193.4
116580
44713.5
83215.6
51575.1
158234
23627.9
47163.6
146148
60442.8
81886.8
59812.7
76022.1
42698.1
45098.4
35633.1
40692.6
44443.2
126623
55340.9
40742.9
20916.7
61980.6
34321.4
27741.5
130221
65123
103690
84252
151440
73293.6
60642.8
34516.5
53422.3
41965.6
71153.3
40001.8
192159
52997.4
92766.8
77721.6
65143.5
27741.2
54317.9
100286
49916.2
108433
31136.6
46062.9
30846.2
40119.4
145493
73027.2
23328
143507
23522.4
69326
39208
105105
39477.9
41310.4
37245.4
56625.9
85632.2
82871.9
42057.6
50622.3
72069.7
90648.5
70499.8
90360.7
15376.7
94395.8
66542.6
29247.7
44691.3
74455.3
43931.7
123322
34719.4
156747
42163.5
49556.4
37315.3
51880.1
13765
103468
61604.4
68122.3
33510.7
138417
32173.4
53017.5
77971.1
26276.7
56093.2
40939.8
111724
20546.7
143309
101431
71118.4
66936.8
67197.9
51866.1
41698.4
46732.8
39888.3
112978
23492
106259
57189.4
34366
113358
34835.4
26269.6
49985.7
21471.8
74738.8
96934.6
33023.9
59083.1
77442.2
120362
97076.1
14836.2
26166.2
117820
15910
56514
41707.2
35100.2
54322.6
73816.3
19402.6
33288.3
29093.2
59979.3
64112.3
77403.1
67069.6
35686.4
135684
37411.4
80686.5
21462.1
92276.1
118483
37010.1
65340.7
55624
103890
53413.5
86469.1
49341.7
17237.4
49512.2
32536.5
40974.7
69746.2
43506.8
44055.6
31327.2
21828.6
94841.2
67605.9
104424
12774.7
30304.1
39358.6
30343.6
48112.6
52517.1
44862
46353
42330.4
31463.7
21072.6
42103.5
48107.2
19942.8
60034.2
19481.2
119056
87674.7
45110.7
55647.9
35424.3
106445
171620
78765.7
75112.4
29237.6
38003.1
21915.1
44202.2
88602.5
45015.5
92307.4
51291
33703.3
60404.8
112667
260453
74023.6
29713.9
42554.5
24151.2
190866
124889
60292.6
54573.2
39069.2
52583.7
40913.1
26955.6
23746.9
27419.3
62658.4
62969.9
111028
57617.6
134490
77760.7
42608.3
62596.9
45056.3
41695.4
41037.9
10607.1
72754.6
35924.5
78500.7
19855.7
31665
88908.4
62991.8
28875
98642.2
121632
103775
83595.2
73545.8
59605.2
51685.3
32316.4
106285
13884.7
81708.5
71577.1
65822
88651.6
25100.1
52058.2
29826.3
23168
30060
127360
57118.8
62793.5
33328.5
150309
107460
47835.5
28018.8
43956.5
67971.5
61304.4
87043.1
106132
51781.2
50562
50701.5
82494.1
23043.2
67803.8
92047.5
55915.5
62955.9
47811.6
75251.7
44025.1
64254.6
19317.9
101880
70722.5
130975
45622.2
97578.7
55129.3
78848.9
58865.2
27435.4
45413
17963.3
107056
38722.1
195063
55700.1
60910.2
32845.7
70568.3
17503.4
62058.1
34601.6
71438.4
56308.4
42784.4
99210.5
46368.9
28346.1
26138.1
27002.3
38300.9
31526.8
49233.4
147884
98518.7
21895.1
78485.7
39874.8
39970.5
59495.5
50293.8
60902.6
121619
37270.1
13152.3
20472.9
74880.3
68992.1
15586.5
39948.1
37420.8
94004.6
56000.7
72349.4
112218
74947.6
34262.4
43795.8
65546.9
70358.3
84575.9
97934.1
45232.3
49295.1
35514.4
29187.8
86467.8
174653
40431.6
17900.1
53039.8
20323.5
56024.8
56467.1
57863.8
31401.2
55148.9
30700.6
54078.6
12729
20953.2
50936
80104.5
39143.6
49698.6
99654.3
41909.5
34038.4
37687.6
50369.7
56456.9
116419
20776.7
54254.9
37175.4
52442.4
32526.6
46510.6
43118.6
76202.3
38271.5
25596.2
52124.2
57797.8
37669.3
40565.7
49627.2
98637.2
25322.1
81890.7
25476.6
48683.6
38304
90685
23164.8
20855.3
195001
60627.4
45971
136472
56149.5
40217.8
73777.1
40041
36219.1
235669
35000
39348.6
113598
28647.3
61351
95220.9
37547.9
50942.4
72967.1
88471.2
55900.7
158672
32022.7
44651.2
35245.1
40222.3
53048.9
29410.2
56585.4
29969.4
56158.1
23940.8
23323.6
22428
94939.7
40062.2
30402.8
31622.5
29517.4
19973.4
15039.4
44618.9
29431.6
48772.4
33608.7
86607.3
34728.7
61261.7
39422.9
27737.2
134831
19844.5
67855.6
45532.1
73687.2
77640.3
178714
54389
22993.6
64950.9
24457.8
26795.4
119641
74810.8
49350.6
45499.7
107780
41145.6
55101.4
26321.1
31003.9
28124.6
54587.5
46599.2
52990.4
32642.8
74901.7
35728.6
54770.2
36677.9
15681.3
114276
31986.9
61525.8
105845
22570.2
54139.1
37156
89368.6
23062.8
41075.8
59085.2
44233.2
13019.3
157685
42407.9
67623.4
45670.8
41324.9
128565
22203.5
60638.9
175752
83992.3
135199
52186.6
50363.8
46393.1
54563.5
25750.8
72903
44478.3
49599.7
35763.3
42504.7
45268.3
39781.1
35163.7
53995
107429
73458
23068.4
31464.2
25152.3
14848.7
32042
29603.9
64675.3
20739.3
62902
134877
94981.4
75716.6
61269.5
41502.1
111728
19372
40711.8
38190.3
92229.9
113632
142911
41143.2
48386
34609.2
22928.1
72686
145878
36210.5
26987.9
36074.7
27777
70064.7
63169.4
27834.8
51800.3
49955.3
41055.8
30266.3
45223.8
81772
48839.7
13312.7
25313.2
148876
127133
87000.4
40692.8
171603
120921
37822
183800
33972.1
35088.5
65642
50818.7
42300.4
42252.5
39741.1
38117.9
133379
42064.1
84259.8
18637.1
110278
78361.9
30035.1
112550
50899.3
35507.2
195907
24948.7
52821.6
44610.6
48380.4
67044.7
17994.7
89900.9
63755.9
19511.4
52881.3
53881.4
78619.9
41569.5
73633.1
15768.2
31436.2
140444
26547.5
39464.2
33411.2
39484.5
93192.2
31727.8
49798.6
30982.8
120573
31777.4
57791
170672
45416.2
52581.8
80141.9
60231.8
62469
29421.4
43468.9
37137.7
54213.2
52039.7
20324.8
121872
28136.9
26787.6
34335.6
31501.2
62229.8
32163.2
70694.4
59393.2
75914.2
73132.8
69316.3
82481.7
47645.4
64678.1
54097
51262
92969.2
125338
66151.5
88122.6
31566.4
24418.8
33516.2
46482.1
42716.9
74625.1
31553.2
91735.9
38912
87589.5
33889.1
122472
52730.3
44288.9
121953
42152.9
22237.8
12212.6
39156.7
35695.2
71328.2
30003.5
179401
33463.4
68973
40930.2
204358
35810.9
76136.4
48888.4
26213.9
45384.9
21475.3
97108
50857.7
303235
47895.8
18722.3
50936.3
20212.7
22541.7
29238.2
48833.8
66741.2
76959.2
34282
91932
69021.7
83040.7
18586.4
68743
36700.7
53475.6
79660.6
63132.4
70917.5
46986.2
50785.9
85395.8
21826.6
48629.2
33080.5
58507
28468.3
34096
41090.9
89741.4
41100.5
60584.1
116224
37190
47762.3
194712
79678.4
85459.3
122434
84494.8
40124
49652.4
66113.1
30498
31733.8
34393.3
74008.7
53841.7
27002.1
123927
106030
19424.8
40519.4
239895
22422
35410.9
65207.8
213122
116334
100973
24214.1
55097.6
14649.5
67527.6
32236.7
28485
84733.8
97427
47110
74155.2
91919.6
31055.2
51271.5
47963.4
34011.1
65036.9
14765.3
23491.9
31752.7
59930.5
64347.4
125919
170686
41551.6
47265.4
91697.9
120835
63570.5
79223.8
50593.5
56462.9
50152
57890.9
22296.7
37876.2
59794.8
79393.4
31904.9
94238.9
106815
39955.2
27541.7
33212.9
47415.9
23391.4
42201.8
30333.6
102755
28838.1
40074.8
97367.9
100924
15634.5
83049.3
65199.2
26940.5
76971.3
42523.5
74542.6
37040.4
78083.4
80950.3
58423.5
33352.4
129220
34600
77456.3
26742
17409.1
46678.7
80045.3
51182.3
64675.5
66569.1
119336
48046.4
36656.7
78726.1
40250.5
101286
60558.2
44472.9
82425.9
25198.3
37250.5
59509.4
51751.8
47695.7
60927.6
45649.5
63762.2
38874.4
44582.5
38591.5
29852.6
58498.2
36353.5
50462
33402.8
31822.8
68049.3
20895.6
23278.6
77849.3
114444
68722.8
24101.7
42369.2
117085
81195.1
47841.6
48334
61450.1
34658.3
111605
96599.8
30008.8
16762.1
82265.9
28624.2
20755.7
55448.1
91918.8
88501.2
19202.2
26042
23812.2
44250
137449
119103
121696
88633.2
103642
136195
36183.7
156235
61441.9
44750
53535.5
54322.1
78054.4
34565.3
30296.3
41028.3
70666.3
75303.5
25090.2
20422.4
21666.9
85510.9
82312.9
59171.4
56438.3
53225.2
40417.7
38452.1
20784.4
89203.4
41169.2
30929.8
80910.1
30324
70584.2
34938.3
43133.4
41261.5
25365.6
31812.8
78860.5
60513
138216
25369.6
41540.3
53903.1
96379.1
43108.8
43695
85392.6
44654.6
41681.3
95208.2
28082.7
24963.1
37869.1
34070
19595.2
27013.1
57419.1
43032.8
25104.5
84379.2
36590.2
58347.9
28645.6
50685.5
40975.7
26857.8
88744.9
75488.8
31762.7
56438
19701
83526.9
32808
41546.7
36543.2
64842.8
36534.6
37490.7
35137
52419.2
105247
24095.1
72699.8
55658
40014.9
44618.4
83874.9
158542
85561.9
92797.7
147578
72840.6
22573.6
26834.1
235974
61896.7
43210
39502.2
63296.1
99297.7
34930
28186.2
31673.3
58986
113557
27402
60868.5
25756.8
106317
78344.1
80631.4
80031
31033
47665.3
119862
66561.3
46088.3
48650.6
67392.1
62309.4
63959.4
50356.4
42334.6
26699.5
108488
56769.8
64284.2
69597.7
25116.7
67646.3
162689
96332.5
24383.9
46042.5
43620.2
98691.7
17387.5
71716.3
40849.2
19432.9
36903.4
96022.5
130539
21083.4
26105.4
67124.5
47944.8
34227.2
53816
46045.3
31158
67665.7
90190.4
37765.4
22541.4
80757.3
65462
37281.7
247509
82114.4
106548
101195
19351.4
20508.3
28417
53434.8
38887.8
47556.6
49683.7
21679.9
77684.2
48848.3
49173.8
71930
28051.7
66279.2
87967
56389.9
37295.8
62368.1
47078.5
37743.5
22707.6
69612
17623.6
17108.7
72827.5
44411.8
28004.8
22909.9
41481.3
78696.3
96815.2
60383.6
23150
44262.5
53659.7
95828.5
73684.8
12094
37363.7
62502
20986.2
99352.8
24313.9
14591.7
100156
31485.8
38642.4
52590.6
80335.7
30756
17599.5
86870.3
65295.8
127568
82614.5
39719.3
16390.4
58678
68394.9
48751.2
59550.2
41240.1
30201
43872.3
57029.9
15058.5
50127.4
69975.6
76259.6
34564.1
92202.2
101691
36459.5
61007.7
72015.7
43432.2
31544.9
27895.3
33279.1
28833.2
63746.1
51631.1
62349.4
79685.7
44633.8
100242
73059.9
15755.9
172455
71295.5
116644
17785.7
108212
22551.6
22549.3
137287
38071.7
94409.3
169783
63544.1
76903.2
36559.5
58441.9
34261
60306.8
97278.6
76231.2
159798
109841
47171.9
61108.1
63168.4
59443.2
31381
27165.1
61435.3
42211
56861
30341.9
50884.1
38544.5
43261.1
35716.7
36431.9
66690.1
34971.8
29310.8
39416.4
42560.4
56318.6
69201.7
80708.7
64114.2
84308.1
65062.8
103990
44860
94186.4
128843
14640.1
39143.4
50397.3
72781.6
58886.8
73375
41804.6
107922
27431
89996.1
10168.5
55112.3
34995.9
121433
88596.2
60554.2
23201.4
43932
23586.5
56781.9
32221.6
24533.8
36564.7
34484
64177.4
57542.6
52828.5
35666.6
60488.8
19301.8
17366.5
26647.4
102367
44080.8
24528.3
110577
116798
76019.5
89833.8
64704.8
110698
40134.7
69699.1
28442.2
49802.3
39216.4
112330
48095.3
92941.7
76922
83000.9
17789.8
88976.3
67702.7
33848.8
32725.7
21546.8
74109.9
45696.7
45112.1
42237.6
46124.7
62487.1
50269.6
59017.4
49745.5
51100
38618.5
61624
51043
30810.2
30455.5
87224.9
99914.7
21875.4
50704.4
87876.7
30241.1
61340.1
28372.5
44168
22531.9
60500.1
61656
49619.7
62134.8
51871.6
53163.9
39887.8
62591.9
155217
18541.2
63941.9
47520.4
84727.7
51292.5
16383.4
26429.5
76715.3
67955.4
53972.6
17364.7
34056.4
39717.5
77791.1
66704.5
100359
47677.9
18920.4
18338.8
37248.7
45559
90539.4
93289.9
104384
144078
45916.3
35781.6
121857
67712.4
57834.1
109862
39114.8
18529.3
34912.3
36109.2
38258.6
66360.9
37687.6
49654.2
31770.6
107218
67659.1
40339.9
40300.9
63855
49566.7
130567
22233
81425.9
22252.9
43320
43805.7
31834.9
52531.9
93198.1
60309.6
38904.3
24822.7
21260.5
34401.3
22785.6
71256.6
109958
37787.9
55494.9
68871.1
94568.1
55334.4
54436.6
24301.4
53272.3
41469.1
100477
66729.1
59299
30567.3
30664.3
43898.2
9074.06
41387.4
47343.6
62637.5
46775.5
53839.6
87416.8
37175.9
25658.9
46258.4
56852.1
53790
30951.1
48167.4
97052.1
34186.2
71257
15461.2
60933.6
119300
172349
28725.8
78918.8
61362.4
48328.1
23051.5
35598.5
112539
99874.1
57500.8
34574.6
101386
103914
47508.1
38947
181005
70053.9
43793.4
35439.7
56352.4
109481
65975.4
77688.8
20443.4
22532.8
42326.3
50313.2
17058.8
51422.3
15558.9
37162.1
58956.3
65564.2
40373.9
36513.4
178999
49799.5
113746
59500.2
24066.1
50142.1
42507.8
40501.4
56531.8
79231.8
20663.8
130399
58387.3
19369.9
54318.3
17322.5
37474.8
23544.2
97083.6
77189.1
58179.1
61426.7
41452.1
57333.2
60540.1
45002.7
35619.5
76046.5
36070.1
31832.4
51700.8
75461.1
173817
38651.4
49416.6
54952.9
41133
70848.4
52325.5
48505
25467
36027.8
18236.8
30922.5
62245.6
90763
87807.7
82715
19609.8
18328.7
45943.6
102484
44243.7
87664.7
48757.8
48281.7
65699.6
47686
23580.3
86152
138366
34574.7
129936
65162.3
51730.6
54204.2
46587
67044.3
107934
71677.2
46007
44959.2
46576.4
52159.6
55860
70216.6
40698.4
51457.8
26904.4
92193.6
132780
40292.1
36793.3
71902.5
20977.1
38471.6
50687.7
58250.7
24209.2
29467.5
35811.7
49187.4
59374.3
60819.1
36672.8
63041.2
82765.9
49901.4
39811.7
108514
114094
51367.6
68576.7
133007
100149
31329.9
46053.3
24036.3
136999
22271.6
51179.3
30820.3
15016.8
56319.8
57773.3
53676.2
34569.2
66637
22993.5
38744.4
33319.7
111507
18446.2
16294.2
28503.3
63191.6
57972.5
104751
50141.8
64553.7
54651
100913
39271.6
31780.2
69851.2
45563.8
102599
29263.1
52998.1
99411.7
18334.7
21036.8
39210.2
81491.8
37918.7
20129
30174.2
81842.1
59839.7
20489
67900.1
69674.6
59768.4
104254
27168.6
40647.7
43014.7
62079.8
65214.4
39012.3
66169.5
30023.1
18659.5
34467.7
60853.7
36959.7
35253.8
31452.7
67625.4
53859.5
79786.4
68153.7
24065.7
37022.7
21818.5
51768.5
89269.9
43555.9
63720.2
36415.5
81597.1
31476.3
52783.4
37410.2
39449.7
24536
51436.6
88210.8
48590.1
107942
110443
75239.7
90963.8
20044.6
57446.2
112910
40181
94393.3
55479.8
16663.7
41521.1
26233.1
67225.3
53994.6
58035.9
44181.8
36569.1
143700
20064.1
64974.4
52461.3
23543.9
44318.5
76272
56144.5
38159.1
43062.1
36636.6
94442.4
28328.3
96306.2
103338
54381.1
93588.4
93125.6
48775.6
25461.9
32658.8
25529.6
19368.6
24724.8
30547.2
38924.4
34285.5
53815.8
52167.6
53861.6
54117.7
19173.8
55574.2
59272.3
51372.2
45560.9
62852.4
126787
55641
45988.6
30759.6
157032
45190.9
34210.5
54794.4
31003
24409.1
77349.3
39969.9
33117.6
48759.3
174689
53630.3
53241
31339.2
25553.8
58430
80740
38322.7
93583.8
35446.4
35849.6
24342.2
38738.7
58153
31716.3
57638.6
40921.7
108424
57095.7
109120
46861.7
57964
50162
36849.9
42135.6
16511.8
46818.8
112973
132801
61622.7
38612.3
98240.9
76000.7
22803.3
94049.1
40365.4
30061
66579.3
77486.2
37457
62538.8
29848.6
42531.6
33035
51482.3
29535.1
66672.4
31502.3
23735.5
49278.7
45788.1
49551.2
93057.2
98787.5
50823.9
63650.4
71359.1
44804.1
27281.2
67980.5
17338.8
44583.7
21547.5
64863.2
34990.1
28412.9
35847.2
49259.5
87967.5
34800.2
47915.8
280798
69506.3
18441.7
27402.7
88760.5
59398.5
20842.2
40770.7
46896.8
37322.1
53390.7
87030.2
66932.6
67937.9
20764.8
53621
56756.4
50870.8
17926.9
73281.9
42754.6
37321.3
83289.4
35357.8
29644.3
29231.2
35611.1
54715
65268.3
52728.2
82236.2
24700.5
26755.8
28213.4
13726.5
38328
22874.5
46128
82484.8
62288.3
12213.7
109127
52023.1
20875.1
154702
63735.8
152530
41130.2
41215.1
43389.3
35067.4
51430.3
21032.2
48451.6
118208
15379.3
33367.6
165931
31639.6
57308.8
47926.9
30125.7
15189.7
56995.3
14001.6
61023.5
69568
73808.1
22669.3
46544.1
74659.3
40657.8
54032.9
93415.6
47707.6
47816.6
85311.8
57574
54788.3
28539.6
102959
23272.3
33759.7
95266.9
54089
45293
49393.9
24022.9
34064.5
32653.9
86979.5
51048.1
33271.6
20262.3
59086.8
26615.8
62342.2
62308
22117.2
56243
64794.3
24211.3
64512.8
42702.7
48623.4
42944.9
29978.6
39215.2
102043
41506.9
45877.5
73055.3
84349.5
67955.6
26336.4
96762.2
36477.2
33784.6
37306.6
179982
38181.6
38011.6
23251.8
59190
75190.3
57627.9
40182.7
16051.5
94924.2
31151.5
24366.9
66107.8
34578.9
84114.7
50656.7
41746.9
166706
40123.8
58313
57916.6
43141.6
155843
27098.9
56310.7
138116
52759.2
129942
52415.9
53710.2
29252
44921.7
246399
32114.6
96673.1
81586.5
73971.7
88422.1
82152.1
99132.9
26193.5
43477.5
26962.3
51314.8
19646.1
60918
44896.3
65974.6
35941.1
44921.8
32895.8
63396.4
77618.7
53973.8
25010.3
28701.8
69304.8
149027
89562.2
64418.8
32894.6
50040.1
61087.8
49562.9
27790.6
37952.8
61635.2
127584
33412.6
29413.9
65768.1
73353.9
65959.4
58828.5
78216.6
15798.4
30363.7
62681.7
43953.5
67809.7
55510.1
35177.6
124905
43533.2
44221.8
68431.9
89114
24380.3
25725.8
40943.8
37564.3
32865.3
81804.3
47970.5
40662.9
42476.6
77878.8
90937.1
82725.9
62979.7
100585
35256.1
64835.2
19641.8
168563
46272.3
38593.8
60119.5
59826.7
38483.9
73816.1
29663.2
35196.2
72109.6
48235.8
58132
47350
22921.8
20893.2
50520.9
38773.3
118836
43031.7
76917.6
17199.3
94279.2
27054.4
94365
141747
76801.1
41260.2
60223.5
111203
55912.7
38215.1
51153.9
86746.2
37846.9
68211.6
52036.1
20367.5
120493
34972.5
87132.5
28706.8
51495.8
45847.9
80765.1
67236
64558.8
58914.8
71652.3
54023.1
29286.6
60802.8
52758.5
52511.9
20045.7
81433
138087
37086.3
101950
44744.9
134113
170544
64777.5
33392.8
32414.5
80397.1
99889.5
14155.3
44689.7
65352.2
46167.4
142436
54215.1
37005.3
41451.6
68777.4
46588.8
54105.9
21293.5
39626.8
38277.1
29967.4
31651.9
50229.2
120992
76575.5
56861
66532.4
63433.1
43309.1
23295.4
67911.7
36897.5
145423
45535.3
20908.5
121472
26173.8
21182.9
43995.1
31626.5
41273.2
33160.4
87154.9
106171
33411.6
45505.4
68685.2
132223
28064.1
50386.4
24499.8
54671.9
31064.7
15834.3
42296.6
26349.7
49440.9
32200.7
101418
89851.6
45454.9
30224.6
56254.1
108657
36152.6
30758
98731.5
82831
51561.7
87817.2
56025.5
72196.7
98738.8
31301.5
45634.5
16921.4
105684
70682.3
95169.7
37068.4
72390.6
46448.6
76280
143408
19064.5
46711.4
42842.2
39614.5
23877.8
71319.9
60557.2
51211.2
67860.1
26018.9
116419
161052
44461.5
40443.6
63724.3
53900.9
58996.6
51711.5
91536.9
62929.3
44749.2
31633.1
32760.5
11906.5
78718.5
17031.6
113865
31934.4
54234.3
41990.3
57634
36832.1
93740.2
33147.6
17423.9
27832
53194.2
24136.3
30673.2
82389.1
32113.7
72628.1
65386.2
94017.1
66302
132431
71825.1
49321.5
87191.1
32078.3
32984.5
40381.4
61962.4
26708
25381.4
183589
60674.7
85963.2
59107.1
101008
35578.6
83928.8
26302.1
27070.3
51695.3
35575.6
20976.6
30070.5
58642.6
47955
50815.4
38635.7
27027
66723.1
58284.1
37560.3
90454
84158.7
70957.5
43764.1
60797.9
84690
61814.4
46454.8
56013.5
57095.6
25047.6
33273.9
79632.6
36596.7
32731.1
55012.5
29191
63734.5
32877.1
49387.3
37975.2
92570.4
15937.4
46878.5
47149.5
77212.7
46380.3
51372.5
30943.3
103311
67776.7
79687.8
42368.2
24746.2
84343.5
61413.9
69904.7
56437.9
92214.7
65559.7
31016.3
78671.3
73453.3
46528
33055.7
25513.2
63980.1
105357
52051.9
58696.4
29916.4
35656.2
55991.7
57665.5
14650.4
36899.2
41175.8
51854.9
44716.2
27123.2
84491
103280
40413.4
16615.4
42381.4
83088.4
78678.7
85994
25309.7
34395.8
30117.1
79390.7
27019.1
16805.4
42612.7
62150
64619.8
20368.3
64141.8
47476.8
33483.3
114172
94706
34177.6
55455.9
57266.3
26176.9
58200.3
151212
66904.9
57367.6
41042.2
37035.2
22055.8
69051.3
28489.5
97023.8
39788.2
37495.7
79788.1
36796.7
59132.1
29788.2
72931
31182.8
30611.1
66246.3
79407.6
12544.5
61459.8
77892.3
32754.6
52367.8
47721.2
42306
20702.1
40761.7
28291.6
33144
54416.7
137130
182486
81089.5
31316.5
37407.8
32996
76720.9
56263.7
20357.8
21522.6
40012.2
44765.9
30475.3
56560.5
41424.4
54086.1
72531.3
28323
65676.2
30776.3
51973.4
28138.6
52824
111759
86248.9
37264.3
56631.4
32858.4
29053.1
48219
19438.7
41443.6
27731.8
25107.2
67852.5
24441
37784.2
98025
70506.9
116660
28322
64250.7
30611.8
49371.7
34023.5
68909.7
57331.7
33516.4
68802.5
29445.7
48004.2
24489.7
49461.3
43963
118690
105190
55364.6
120234
28976.1
64049.3
43446.4
32785.4
35327.1
8324.04
52105
49183.3
84466.8
16655.1
24104.9
58317.5
77967
24955.3
202357
47422.3
48176.7
37327.8
59203.3
36473.4
27047.8
138917
35573.2
63870.1
69847.6
70272.8
22005.1
37408
105351
52327.5
41468.7
28135.8
51990.9
43667
232691
30246.9
128922
95963.3
49711.2
32275.9
72451.6
92539
24543.1
19332.8
84969.6
40066.2
41248.4
54983.4
63748.5
43621.6
62872.4
32727.4
21149.5
120672
43536.5
24028.3
48204.8
49931.9
81926.6
111203
28874.6
13035
23607.4
59987.8
47046.8
48036
41531.7
68589.3
85039.6
53279.2
55869.3
28550.8
35634.3
16306.5
151225
37570.8
12289.9
29071.6
36725.4
26449.7
55355.6
31552.2
37764.7
89745.7
39202.7
17395.4
41717.5
23765
104523
82258.5
15855.1
109978
78620.9
74724.6
92745.6
179940
96031.1
90955.7
41862.4
104423
37626.7
43861.1
9606.38
26076.8
68828.6
109420
121313
88518.6
40831.7
33671.6
44949.1
43882.9
64345.4
48293.8
39543.5
67705.9
62000.1
72453.1
70656.8
64082.6
52501.5
24309.5
34374
52402.8
104762
47238.4
46940.6
37668.7
42506.9
21089.1
34798.1
94285.3
75918
27196.9
42757.1
28276.4
17088.5
42577
18077.9
38731.5
76645.7
35866.1
38455.7
47071.8
19947.6
84657.2
57806.9
79013.9
143469
78702.8
90443.2
26231.8
55590.5
50955.5
35004.7
38034.1
23754
58841
32928.4
47869
104222
24532.3
139495
14391
42220.5
23798.4
82917.1
118505
80877.6
81939.6
48093.8
86447.1
51371.6
57564.4
44338.9
58372.1
190914
36628.3
94822.2
31545.1
173390
118064
26084.2
26220.8
23788.3
54793.2
20349.4
88516.2
65875.4
20521.8
44631.6
83557
28920.4
65911.8
89143.3
98278.9
33418.6
33561.7
18880.7
88274.7
49997.2
71511.3
65474.7
58849.1
52866.4
41203.1
26224.5
21430.2
43325.2
136088
96825.7
169709
51468.2
57559.6
91459.7
104407
105732
15920.2
31482.5
78496.8
47673.7
19977.5
39903.8
45004.6
35463.2
123594
34252.4
64585.7
49649.2
44523.6
40119.3
49389.7
34646.5
40928.4
72891.2
46208.7
73418.8
113223
32312.6
49319.1
29815.6
55660.5
50550.4
69339.9
40901.6
66164.2
57147.4
24869.4
61636.5
75696
46159.6
21474.9
96158
33028.6
16717.8
50936.5
49015.7
24873
47756.1
54023
53341.5
26965.5
108911
22444.2
114211
57871.3
63854.1
217406
59332.6
25598.8
34690.7
73617.8
63399.1
47603.3
27589
34399.6
44309.2
54074.7
19573.4
68838.7
51003.2
79730.3
40028.2
58874.4
65724.7
23893.3
41356.2
106916
32656.1
32612
22686.1
39923.3
35228.4
20029.4
41027.5
15881
44245.4
92039.2
249262
40285.3
39945.2
16713.5
19098.8
31532.3
42347.2
56346.3
80778.1
61331.1
22465.7
25190.4
30943.3
108018
117394
88140.6
41619
110860
60269.2
25787.4
124288
40790.8
26732.4
23458.9
65497.2
37305.8
41138.3
32201.7
65897.8
102566
18534.2
218180
96409.1
66213.6
26280.3
36981.5
75848.7
53163.2
27415
47585.6
51766.2
20861.3
27465.3
41404.8
112459
24739
23825.9
54022.7
51488.6
120768
53393.4
72316
51792.8
58378.1
44843.9
73352.6
58466.3
21136.7
30820.6
68967.2
97383.7
50084.4
22479.8
39592.8
44150.1
27919
29095
48189.8
35428.8
42649.3
30584.5
59175.2
45893.7
32083.5
97010.7
51838.3
44277.9
22235
86384.7
35363.6
14094.8
53268
142590
103269
28694.8
53386.1
49695.9
68362.9
75417.8
62548.5
68379.2
55187.7
35155.6
24433.8
37076.8
54557.5
47512.1
96910.6
53045
85190.8
46101.6
84672.7
31297.3
97004.6
62193.3
25337.1
60017.5
46083.5
56614.4
77275.7
37467.3
63004.2
53017.4
36051.9
91647
86410.8
34150.1
33513.7
53516
18806.4
48882.1
39421.1
43358.8
65171.4
81511.4
25184.5
85244.7
34278.9
23638.7
45523.2
79138.4
61786
61024.2
33213.6
66175.5
93215
42145.8
30922.5
24555.5
45003.4
53348.8
16342.4
127722
81379.9
43104.6
42486
53638.1
36143
84173
33118.9
27464
85349.2
120213
152011
66159.3
33015.6
101484
48858.4
24542.3
50237.2
44273.2
23309.6
40072.9
27512.4
70817.3
43760.8
51226.2
44238.6
54909.3
134837
32023.4
105041
63670.4
22364.5
26413.8
91318.9
74361.2
47638.9
31210.9
32151.1
48684.2
39071.1
22544.1
34635.6
82666.2
122121
92219
41469.9
15873.4
57447.4
31939.1
21032.4
62208.1
52645.6
32810.1
77617.2
28934.7
136927
69722.4
54358.1
105640
55763.2
58829.1
83225.3
110714
45557.5
61105.4
66230.7
16056.7
43844.2
77441.6
76617.4
23850.8
46380.9
67029
44127.5
60405.4
34640.4
76091.5
60478.4
55719.3
60502.9
68782.9
56161.6
65330.7
38465.8
57924.6
31146.5
39832
44647.6
36289.5
36990.2
37857.7
70377.4
34731.7
68828.7
17276.7
60673
84972.9
358601
68355.9
60691.4
56428.6
22260
81868.5
60090.3
88917.3
22634.9
103727
91775.4
80298.7
37368.6
52546.8
83967.6
61628.7
95608
27780.1
23421.5
25322.8
54187.5
31525.3
40251.2
53496.8
47740.3
56754.5
38586.3
28206.6
22329.4
34002.5
31500.5
38776.2
112165
58264.3
19427.6
42539.6
102115
50809.1
27835.3
30164.3
24896.1
86873.5
23428
57270.8
78191.5
97055.6
35921.9
103220
129585
59619.3
45031.3
67778.3
23106.2
57960.3
25681.4
52042.2
32448.9
21862.2
61632.1
86238.1
24916.6
49113.2
69900.5
43111
71067.3
51907.8
29373.1
63533.5
131544
75199.9
36057.3
29047.4
25946.6
38919.2
15162.2
103738
51928.7
85278.6
51082
40508.8
45986.5
42736.8
59109.1
15573.4
51670.5
36725.8
58227.6
38580
65449.6
75489.1
250037
93731.8
119452
53326.7
22739.7
21989.4
52659.1
60990.2
53555.4
75464
35270.9
40701.8
97064
36708.8
44257.2
147373
32183.2
34783.4
32884.2
120037
22438
55389.3
37645.9
360339
24546.3
22851
17690.8
59921.6
43985.2
37485.2
90544.2
47407.3
44275.1
79334.5
106963
29740.1
42826.3
40290.2
31711.1
47068.1
38891
39198.2
20108.7
69563.7
102784
71772.6
34973.6
75632.2
53365.5
11260.8
96104.5
16741.7
44137.1
85423.1
64152.4
73407.2
65351.5
31732.1
67193.8
15650.9
21071.5
49778.4
60779.5
68735.9
95630.6
73234.4
42202.6
41883.5
20858.4
173442
40265.7
45229.6
65631
70976.8
33070.2
47855.9
65900.3
72270.7
97391.2
16778.3
60857.8
125613
55705.6
45670.8
38300.4
58734
139324
35503.3
49386.2
30129.9
69255.8
72819.1
40415.3
82707.4
27822.1
44769.5
17481.5
48747.6
40995.2
122125
51680.3
43842.4
44082.8
62882.8
32511.7
88456
44276.2
50734.2
40367.7
56749.2
31482.7
71892.3
24901.3
46426.6
318062
48393.7
48064.8
63609.1
50629.2
53713.5
59589.2
46188.2
123673
105111
25084.1
38370.5
34902.1
52249.9
48018.6
41989.8
63092.6
71488
84991.7
63098.8
33802.1
37050.6
58259.3
136264
38060.4
28667.9
51956.9
28726.4
122348
24815.8
56941.2
54703.5
45226.2
33160.2
97233.2
39345.6
30440.6
52878.7
68530.5
16601.9
18850.5
68586.9
126644
36481.7
19464.4
36117.7
44893.2
40944.4
64834.7
42351
45110.6
169347
28896
37398.2
22838.3
64587.7
77177.7
49252.7
22911.5
42612.5
39145.8
52103.5
68878.2
45810.4
16564.5
39438.1
27754
38337.1
74092.8
103338
20353.9
56915
92013.6
18695.2
63086.9
66934.7
139484
101716
29659.5
30040.8
25774.9
39818.2
114231
36596.4
50074.7
73116
77875.9
72575.2
112214
38636.1
37683.6
56591.5
95850.7
33359.8
120539
42423.2
20742.9
30599.9
123476
70158.1
90649.5
83811.2
66682.9
44875.7
95073.7
46391.6
61780.8
49489
103596
56347.2
39529.1
28778.8
58134.6
36158
19000
47347.4
59235.7
40417.8
90867.3
29959.4
19121.7
44954.6
82858.6
91117.6
50871.9
138458
49927.3
46554.2
111870
38260.1
74088
26575.5
37699.4
69599.2
45235.4
23460.1
106426
48975.8
111804
20004.6
18366.3
45267.3
25370.3
88713.8
55671.8
34689.4
114131
30900.4
55133.2
71463.7
55969.9
59743.1
37406.6
39982.4
84219.3
28546.3
64381
72214
31596.3
63796.8
70969
47038.6
50060.1
40821.7
50367.7
61775.3
50396.8
23849.5
40970.6
61039.7
68614.1
123964
24112.6
38968.8
55087.9
65370.5
45482.3
51507.1
50213.9
115227
135411
78328.6
25286.8
49773.4
11261.1
23871
31931.3
30270.5
34904.9
34628.8
24401.3
50000
73217.1
26138.2
64293.9
33469.3
35534.4
19749.7
39183.8
52784.8
32836.9
17767.3
42778.3
61122.3
24088.3
112403
37437.7
34050.3
89204.2
48573.7
29159.7
86269.9
51225.9
31610.3
80965.4
64718.8
83294.7
91102.9
37957.9
56622.1
36139.3
26935.3
64942.1
76002.2
40481.1
61265.7
65851.7
142248
33603.6
34909.9
57001.9
37564.8
31952.9
69254
64934
28150.2
31437.1
52823.7
54323
68003.9
46495.1
66876.2
67249.2
41701.2
59727.7
69075.9
58847.8
54227.8
95904.6
67865.5
47975.5
44763.5
30940.8
36813.4
55317
69217.2
71138.2
34741
67422
37618.4
56535.9
90314.8
58942.1
76842.2
138156
34131.8
85972.8
52100.4
33435.3
44125.2
34134.4
100876
59975.9
38771.4
27497.2
37312.2
56521.6
90345.1
25830.7
163188
39109.2
85332.9
29048.3
25780.3
49136.2
12509.3
18767.9
87879.1
88843.5
67828.2
73616.3
125558
61652.4
50820.7
93164.9
36197.4
52768.8
224761
40216.5
84806
47850.4
17633.6
47203
52834.6
52640.4
49277.9
149011
55215.9
29387.2
69431.5
26302.2
57930.8
79604.9
42237.5
96618.8
118283
68627.4
45360.5
84839.4
141849
62844.5
63295.1
38233.2
31463.7
90889.4
32683.6
19393.1
54957.4
42877.4
52287.1
30031.9
128021
422038
94425.9
50844.9
23429.4
99582
15084.6
47520.3
61930
63049.3
29128.1
44133.3
85501.5
63897.5
33990.1
51974.5
22254.4
28703.4
25418.5
90265.1
62909.8
49297
51156.7
119053
55326.1
40131.4
19131.3
100576
31730.6
127712
39770
27829
172721
65908.3
47809.7
66857.5
41450.6
64394.5
114841
36880.2
25021.4
64055.1
34727.5
40962.8
57982.1
19314.6
198742
86015.1
39763.1
28317
52075.5
43555.1
30208.3
31158.2
110508
59662.6
55471
59796
48701.2
47507.8
41609.8
59715.1
35153.4
120007
26191.6
70861.5
22844
47732.4
43592.6
91367.7
76146.4
62272.2
54263.9
63790.2
74171.9
35089.4
37064
64342.9
60317.6
111715
86085.6
33515.5
42788.9
25935.4
56283.2
21457.9
52505
79545.2
17226.1
27380.2
62442
147792
106453
49065.4
155728
21720.6
54128.8
28793.9
84224.9
49932.7
67301.1
80615.3
21512.6
33603.4
39669.5
105474
36881.5
44314.5
39694.5
29016.8
71062.2
46279.3
60230
20025.8
38555.8
69854.3
79098.4
57872.5
86046
32026.1
42058.2
45709.4
32342.7
123711
53377.6
66001.7
84282.5
32029.5
91681.4
54987.3
144235
37735.9
156682
30313.8
59287.9
108643
39575.2
42028.7
44624.1
47652.1
105579
28613.2
31025
19603.5
69744.9
39053.2
24912.6
33149
38926.5
43089.9
29787.6
28244.7
33651.4
95687.9
55372.6
99039.5
151325
66927.3
31744.9
25441.5
61791.1
44255.9
109972
110071
33730.8
95410.5
44923.4
109666
46611.1
75408.2
40293.3
44049.7
33322.6
26299
116518
28472.1
36649.7
29776.1
29606
24914.2
18866.5
70290.8
46632.4
25181.9
73287.9
24240.3
52388.9
33726.3
20542.7
47793.9
36415.7
100034
54415.7
55321.1
67510.6
40694.4
126383
88214.4
21924.9
51917.1
42264.5
22251.8
44678.4
44915.7
26644.2
27578.8
50030.5
65618.6
52083
131054
84964.3
59296.7
50783.4
64672.6
78892.5
14598.1
75874.5
50627.1
23269.8
23009.1
21416.7
46387.7
121291
35212.6
48311.8
33553.9
32663
50672.7
38954.8
70907.2
40159.8
81614.1
20905.4
70626.6
140552
74236.2
33594.1
19061.8
28028.5
96790.8
33167.4
53344.7
30527.4
22494.5
15970
74104.8
88428.5
103565
58742.5
73584.2
53755.4
50173.1
81833.8
69634.6
91454.4
54091.2
63934.7
45862.7
66656.3
43426.3
47419.8
57846
35339.6
28582.2
95985.8
77094.8
41934
49924.9
135916
36817.8
33449.7
96500.2
57779.8
33009.1
45803.6
74847
76380.3
48336.6
30642.4
58667.1
30854.2
79223.7
64396.1
220785
59749.9
32491.6
70954.9
91824.8
47058.4
65261.6
106527
39606.9
55308
28434.7
82468.9
55980
59459.9
60050.4
108478
27534.5
29318
31044.6
46452.8
45219.7
44181.2
33825.2
13610
61666.7
69579.6
27400.7
26598.1
28240.5
39567.3
54689.7
18846.8
63003.7
29412
81762.8
26191.4
30455.1
46325.2
22315.8
31294.8
45697.4
53463.6
74417.1
177781
103996
30644.2
176766
93788.2
64084.4
27282.4
81063.2
64873.6
45632.6
73790.2
30467.9
26801.5
109593
33240.7
98598.9
26043.5
30133.4
70722.9
78404.7
37161.4
58236.9
17581.9
36288.1
82888.1
16705.6
73139.2
50076.7
19311.7
89389.1
59740.3
35935
61051.5
21046.9
66010.9
34988.3
101473
55421.6
22812.9
75640.1
44081.5
38423
31472.1
30941.4
67807.7
64619.2
24579.4
55167.1
84813.6
181528
35848.5
25491.1
32108.5
62904.6
35253.3
68911
39092.2
44493.8
58350.4
39034.4
76590.4
48155.3
17952.9
13018.7
23004.8
129680
50972.3
69726.2
67005.7
43728.6
119565
20871.4
77193.1
63823.2
40885.2
94674.2
39470.1
42595.6
54830.2
43724.8
98875.3
62434.8
69146.8
49572.6
34023.6
58598.1
50630.6
51519
43526
281042
33579.2
70042.1
51839.3
66474.8
63041.2
34703.7
45350.4
33259.4
43362.4
40403.5
23441.1
112606
63047.5
86225.4
17137.8
30165.3
39997.1
25207.6
47613.5
51269.9
89241.3
51229
80277
62501.1
51644.4
73200.8
79938.3
80651.3
46980.8
74432.3
77050.5
59504.5
83860.6
33867
79397.7
57834.5
60981.5
116146
30011
34387.1
60500.3
44324.1
34697.9
85643.7
51392.5
23662.3
95394.2
25002.8
73207.4
50035.2
27214.8
31819.6
36666.7
16363.9
78795.4
51230.7
83002.7
44055.4
96103.1
53534.9
69091.9
38114.8
34220.5
22778
37797.8
19393
83695.4
78640.5
71869.7
48334
46948.9
166174
33962.8
35953.7
50088.9
161372
52404.8
30357.9
18860.1
122441
36923.5
39892.2
45563.9
20063.6
50239.4
21063.3
59686.6
36345.6
56055.5
81773.7
47516
44294.9
79465.6
154473
46598.4
105132
102593
26221.7
82571.5
35567.2
52451.8
29779.9
110021
79089.2
43998.1
47651.4
34479.6
45864.2
81019.8
37661.3
17604.3
114360
86848.6
138902
42158.6
33141
53943.6
95776.7
41044.6
28172.6
77202.7
54912.4
93519.4
46995.8
22168.8
46534.4
49879.5
68333.8
61852.2
24879.7
30390.5
90148.7
45300.7
76326.9
34164.4
52211.5
58211.3
34674.6
137238
29190.3
89905.1
50061.4
86884
47159
46780.2
42465.5
20253
64808.4
63213.5
67018.6
90481.4
31561.4
51482
123675
32292.8
36840.3
45199
36961.4
34268.5
124416
109474
29039.1
25200.7
24448.2
38223.2
44273.3
49815.1
71270.7
33353.7
25322
53250
33292.7
39643.1
31501.8
52512.4
31507.8
173658
105548
30598.2
59883.9
76674.2
13653.7
63929.2
58083.8
56520.8
36937
32079.4
99848
32896.9
12031.3
96797.3
29416.4
85658.4
67966.4
40615.8
157511
29400.9
55334.4
65380.1
64490
75818
38422.6
48206.5
33948.1
18685.2
139768
25241.6
23970
45310.7
87486.9
45634.2
44845.6
24845.8
59100.6
36645.3
57168.8
67021.9
32060
33056.8
40524.2
158146
98248.2
36030.6
50224.3
60593.9
31079.4
40675
58802.8
34937.3
69986.2
63471
53401.2
34283.3
21551.5
75488.8
41635
28945.5
44769.9
58005
18348
34032.9
51820.4
64934.3
52558.2
46943.1
75192.8
16674.6
29961.4
62150.2
51428
33985.9
22714.8
98594.2
27663.5
11274.6
32207.5
30577.7
62161.7
89143.7
119455
115392
47698
45604
16911.6
38503.9
96021.9
43710.1
29629.8
25536.7
51060.6
25069.3
131408
36093.2
67802
74415.8
75918.1
48516.1
43776.2
45129.9
160262
96152.4
77034.2
63151.9
54504.6
91409.4
27165.8
43815.7
47660.6
64326
31208.3
38732.2
68296.6
65701.1
44215.7
77848.8
67819.1
101785
32161.1
154715
11201.1
52041.5
107946
63475.2
62041.4
22154.1
27102.3
20182.9
38157.7
125893
103409
22600.2
17753.9
29389.2
73753.8
13391.5
47005.7
48922.6
65477.2
33576.2
49263.4
20066
46210.7
29668.5
40059.1
21008.7
70710.7
44255.5
56863
100676
52716.7
34254.3
26604.7
77689.6
111637
57532.7
29545.5
65442.5
17347.8
28178.3
39271
19483.4
33814.8
81908.7
40874.6
30857.4
91163.3
90052.3
29647.1
103608
46928.7
49829
31422.4
54464.9
38088.1
28049
32786.4
49186
33430.4
76194.2
39139
41705.8
53588.9
89774.9
187776
45460.2
48490.9
55489.4
103776
121389
114024
16217
19608.2
56447
23546.9
32698
35621.8
39916.2
34535.5
46129.6
29950.1
33383
54874.8
64241.3
17616.5
47080.9
102932
34492.9
60017.1
107791
61127.6
26151.2
54824.5
32725.8
10611.1
33873.6
20363.4
38287.1
57624.3
96696
135905
142143
137357
20038.1
22441.6
60219
43195.9
176080
259199
104747
74113.2
25146.9
42582
41105
102542
38927.8
42514.7
42576.3
29796.9
52370.9
89121.9
64813.6
29775.8
59838.5
46844.4
21786
58318.5
63686.5
57720.2
66361.6
19820.7
57428.6
17856.2
78970.4
33508.7
23321.2
50245.8
77065.2
41468
45312.7
34014.5
71291.6
21593.5
84950.5
51443.6
128347
132148
32154
52079
37608.5
56826.8
45591
93092.4
161448
63444
92748.3
49429.5
60667.8
67361.7
74346.9
32290.2
31260
38503.9
88452.9
42961.1
51128.4
59770.8
62734.4
14289.9
76426.6
28491.7
104500
70230.7
88001.8
34568.9
49071.8
69503.1
47165.4
53411.9
22520.1
53950.5
41849.5
32855.4
25768.5
62268.5
56219.5
25363.9
42391.6
50606.1
37724.6
51053
145583
60599.2
43215.3
26612.6
49347.7
83847.1
35555.3
77308.7
40988.2
30830.9
42714.5
27540.3
43142
111066
50174
151899
23599
47006.8
32594.5
80908.6
83268.8
53023.2
68312.1
44455.6
28825.1
25442.6
94983.1
38524.3
31574.7
94051.5
17080.6
28344.7
73117.7
37990
164007
26717.6
36775.3
26158.8
79326.4
109632
10863.6
13495.3
57272.5
92960.3
117165
111981
28505.3
19655.7
45587.2
47582.7
14572.1
54489.4
47544.1
77619.8
101336
30854.9
83359.1
127793
105935
133699
89889.8
20203.6
51125.3
222720
53461.7
132858
32475.9
43753.2
47676.3
55353.4
76718.2
41808.3
37949.3
41024.7
20397.8
81045.7
46983.7
47106.4
57396.7
36632.2
25479.4
74118.4
160089
19659.1
49838.1
58040.2
75854.5
112970
93209.8
46580.8
22832.9
69573
134401
47069.6
27490.3
76512.7
28706.3
27589.1
85460.3
49401.8
19195.1
60348.2
46134
45179.1
65934.7
36565
38343
36888.1
78623.3
50393.6
42025.3
34004.1
46545
58371.3
51516.6
66795.2
48372.5
105077
57769.5
19593.2
26375.3
17798.3
61438.8
37965.2
122348
30545.9
48141.7
62162.9
20661.5
37196.1
33813.3
13448.9
30597.5
25843.7
147640
22154.4
74043.1
37052.8
53467.4
46135
32041.2
53156.1
140301
149164
70450.2
90730.6
62696.8
45609.8
47279.8
133412
36451.1
29543.4
42824.3
38106.3
28931.7
145514
103836
36810.2
41849.6
42240.6
17243.3
58979.7
42753.8
96778.3
20974.1
39695
61446.4
62123
66977.1
32462.1
75878.4
97107
108357
115838
14084
53971.6
46588.8
60613.6
49737.6
47181.8
18293.5
62348.6
31853.4
44690.3
71394.7
54524.5
26328
77363.8
67875.6
36332.1
35081.2
38875.7
27144.7
80983.7
121435
70921.4
66373.6
78688.9
48711.6
35007.6
32031.1
27220.2
30794.5
47627.1
63263.5
57538.1
92861.3
40737.7
34523.4
17397.9
79051.1
144896
37910.7
47071.9
64990.5
32639.4
14298.7
103576
102781
76828.4
18053.8
68176.2
44442.2
71902.2
38937.3
68043.9
75343.2
26895.2
62689
49314.9
110770
48265
54855.6
95373
21695
91423.8
105934
80776.7
27982.9
59235.8
19834.4
25115.4
44097.3
14824.7
50743.6
42530.4
45215.1
49161.8
28895.5
44029.4
89036.3
78407.1
46009
65705.7
63319.8
33888.4
29863
80545
58077.8
59966.5
53620.3
37358.3
34571
58546.7
115989
72261.2
94816.4
100010
40238.1
96875.8
61680.5
44645.1
27364
49696.7
68615.4
13509.7
51093.9
56816.8
76247.3
22285.2
110100
46245.9
26684
49654.4
63506.6
52312.6
72501.1
33588.2
40711.6
34663.3
17758.1
41189.6
101016
117158
53318.8
77463.1
121494
29123.8
48736.1
59100.1
93682.7
64231.3
35439.8
31997.5
14244.3
41343.1
55883.3
46830.4
73256.9
35785.7
72688.9
32872.6
48326.9
62668.3
130956
26870.9
92379.2
48241.7
157972
42732.1
62568.3
88871
83453.8
41374.9
58620.3
37675.1
22892.7
43694.9
29559.2
33560.6
132827
80024.2
37584.4
52739.1
115263
27869.1
129445
47089
34515.7
67498.6
106486
180813
40603.5
29530.9
36595.9
39040.3
74786.9
86845.7
73504.2
61170.2
57340.3
33676
39386.5
127921
64360.6
31532.8
60093.9
21246.6
65123.7
47013.2
28778.4
83187
29037.4
40437.4
88027
23380.3
28654.5
50991.1
28238.6
143228
18875.7
31065.7
34142.8
28644.7
119713
46798.6
27590.7
73032.6
52525.5
41058.7
30438.1
62803
20352
100910
58163.8
20912.7
25483.7
84291.6
158628
60167.9
54036.1
35823.4
31682.5
98543.1
161175
19726.8
45927.3
52761.8
105696
21397.7
135786
52131.2
98710.2
68831
55107.3
26533.6
60928.8
45000.4
43893.6
32180.7
51980
18099.8
23560.9
118024
104883
31903.4
47035.7
45544.1
52609.2
41915.4
66364.6
60418.6
105010
26269.5
78115.3
39872.9
99656.7
50329.4
23602.2
30405.3
104404
84316
26827.8
23384.4
21383.4
125127
78822.3
115483
100419
58067.2
25081
45705
57962
118570
61759.7
69954.3
40226
57680.5
54376.2
46546.5
80489.9
74117.4
34733.8
40273.4
34686
82258.6
44119.6
62085.8
37754
72675.7
36833.9
59553.8
54931.8
34901.1
103707
27515.3
44720.7
14125
83711.4
50155
37566.2
52225.3
46335.4
24641.2
56936.1
28218.1
42467
30886.9
61993.6
56007.6
65419.1
27119.8
25165.3
49994
107252
13294.5
14262.1
74533.5
49824.4
41950
33040.6
40264.9
72928.6
30918.2
76947.9
23744.8
65973.5
50818.9
23008.1
50542.1
40116.3
25497.4
43826.6
126650
23224
36056.5
33075
35232.1
29822.3
30880.5
56854.3
88874.7
19018.4
37296
20015.2
47647.4
26524
35249.2
114530
74234.5
46171.9
43396.9
50857.6
49889
41246.4
55777.8
33336.6
34414.4
71955.8
37483.3
65207.2
21589.6
28857.8
58972.1
65188.4
66264.3
104056
71020.7
115853
49007.1
179640
71203.8
125917
27817.2
65280.9
24629
69307.8
62317.5
49545.3
102944
34797.6
17610
38504.5
92083.5
42936.3
20393.2
60484.6
70139.6
29733.6
50793
42182.8
105198
95827.5
48378.1
48338.9
44735.2
21671.7
53255.1
23623.7
28148.6
49162.1
29765.8
56819.7
60310.2
47240.5
75445
89243.9
65246.7
44575.6
139534
79629
42923
33628.8
155534
119319
45453.7
60310
65195.9
69629.2
40619.3
108738
38458.1
58240.1
71119.3
43774.1
65592.1
40546.2
79833
42308.4
61235.4
104584
73270.8
30194
110639
89961.7
38277.5
13343.8
13710.9
94841.6
79182.5
36406.7
25844.8
66784.4
53834.8
116654
44807.8
49384.8
68164.7
50883.4
41987.2
84976.2
63036.6
77617.9
106469
46541
60742
56388.9
22601.4
52093.1
36651.3
52804.4
40567.8
76310.5
110359
37678.2
129888
41696
26434.2
70121.3
27997.8
61408.4
36094.1
43706.3
62798.9
54567.9
35312.4
108941
139943
140163
67984.8
32481.7
44859.3
52670.8
66067.3
54556.7
55051.3
115912
71756.5
45794.1
51239.7
18254.2
49573
94754.6
36776.6
210310
65601.9
55807.1
112519
28329.2
55658.7
59420.2
70906
18256.8
40774.2
62647.6
29196.3
40297.1
25487.3
69760.2
61371.9
67320.2
38862.1
80542.6
18933.4
145517
113633
35164.1
46987.2
50047.3
103760
39133.1
27191.2
27557.5
29824.6
46668.1
23038.4
80222.2
97755.2
40712.6
116932
25083.4
85127.3
88401.3
45229.2
67875.1
24290
27706.7
36660.8
46644.4
95004.2
62412.2
30600.6
63282.1
109767
102796
38125.1
74089.8
69912.7
39118.1
18613.2
80233.6
49583.6
28485
80090
18274.9
43411.3
99027
31336.3
56677.9
25836
48200.4
127804
34846.4
41358.9
36709.9
39404.6
41327.3
51104.9
25418.9
75570.7
42543.1
45682.6
80601.7
50283.2
20417.3
92275.5
32129.7
64326.1
27998.8
85920.1
27247.2
86075.9
50217.6
68902.4
22224
90419.8
112500
36346.1
90213.3
65133.7
27877
40563.1
33854.4
57444.7
16735.6
54537.7
37206.3
52353.1
43405
77606.5
25314.1
73432.1
93045.2
27604.2
26891.4
49624.3
34867.8
43702.9
31915.5
128629
88304
60308.4
78144.9
79904.3
148420
41238
59538.8
103804
42291
26468.2
48287.3
107785
58346
50717
44697.6
45272.4
40798.3
41707.5
24503.6
44417
73155.6
28521.8
95982.1
27958.2
56222.5
92101.1
72458.6
55169.5
32627.2
67864
35637.4
70982.2
32481
53278.7
66488.1
46466.1
45675.7
95809.4
70508.1
32495.4
96148
38290.5
49680.1
45756.7
27353.7
55126.3
26099
80812.6
50899.1
64781.7
24134.8
74357
48416.3
76914.8
83134
23150
93322.4
43970.9
64263
74025.2
166127
25627.5
24491.4
23214.2
114152
56678.5
79739.1
52609.7
57818.8
37655.7
51727.7
31801
137654
77134.7
89542
151920
116783
71565.4
106454
71502.3
48372
25384.8
44477.7
51279
65448.4
83888.3
35674.6
66667.1
106707
80473.7
56865.2
27245.7
133454
57195.3
85142.2
35535.5
69929.9
35724.8
23631.3
66367.3
53528.3
66554
151356
19273.2
42236.9
32166.5
36926
23197.4
53753.2
68916.7
25991.6
44616.1
21054.6
40541.7
26524.9
162924
48716.2
48808
26152.7
36758.3
46765.6
20329
51109.4
63236.9
28682.1
83301.1
144130
35276.7
89105
65992.9
70247.8
52099.6
141021
52456.3
34689.9
28815.7
53260.9
76204.3
109820
50492.8
52933.7
26881.3
75414.2
54916.6
35443.7
54950.2
84532.6
107031
85213.9
35559.6
48079.7
83230.5
92050.4
64552.3
124310
22569.5
60287
32005.4
36481.7
28907.7
40524.5
12985.6
21413.7
94529.8
30096
48434.5
24619.8
29030.9
40791.1
123142
66934.3
22537.3
49077.8
42983
27555.7
57126.9
134019
45162.4
67590.2
51522.2
29872.8
54640.4
185818
137989
32311.8
78298.2
24343.2
54925.2
52293.9
31506.5
74855.2
30970.6
50851.8
53842.3
51274.3
88779.1
57262
97413.7
70499.7
11597.6
37349.6
73455.9
32392.2
34294.1
72139.7
38831.6
22874.2
23932
36310.7
74761.5
27218.9
36801.5
51517.7
40532.4
40606.8
35959.1
11410.2
57934.8
113537
93855.7
71807.1
90937.4
26604.6
56205.5
75694.3
74631.7
26236.3
102488
22378.1
56322.5
54576.5
32995.3
69195.9
97682.9
63315.8
40038.3
88526.2
65244
23698.5
39446.5
42023.5
23527.5
70265.9
54847.4
30669.3
206685
39622.8
40552.6
88801.2
88742.3
65334.1
81292
54391.1
64387
149770
68452.1
87021.1
113424
76889.1
24032.1
49711
64749.7
83060.2
68833.8
68308.9
93174
152084
42360.1
64946.2
32840.6
22879.6
83175.3
57809.6
68820.8
48205.9
22279.3
19222.7
18344.9
35618.2
23324.3
80627.3
41647
42463.1
38002.8
66198.8
28540.4
44091.1
42850.1
75083.3
56799.5
92500.9
77944.2
44765.8
64526.2
40587.3
36918.7
27083.4
19066.7
48995.6
91318.8
91737.3
83565.9
41503.8
28555.5
61265.9
60170.1
34527
39869.4
43499.7
34865
81997
76289.7
57376.6
72146.7
120905
39842.4
27060.5
42210.2
54568.3
51362.6
48784.1
77883.9
36322
44157.8
28316.6
73991.8
71626.6
63807.8
29050.8
54199.7
65383.6
47862.9
81543.2
79602.3
111366
88323.8
38569.5
89354.5
58128.9
73575.9
140131
73309.5
31528.3
112594
51052.7
20880.5
78857.7
40665.4
26890.2
92189.2
35652.3
39308.4
73725.8
21526.9
27630.1
42825.1
67106.2
55184.9
140247
65116.2
96251.8
51101.5
30491
99314.3
21709.7
122410
43482.5
129982
27722.1
29580
63568.5
31235
53817
58877.3
39456.7
62911.9
79356.8
52479.7
39088.9
34441
39599.5
16467.3
21018
33044.2
178354
35758.8
31073.8
152928
90711.3
80260.9
66307.8
133726
56137.9
56993.4
141682
36404.7
63498.6
89263.1
68182.4
99014.5
62986.3
50672.5
65001.2
67583.5
77442.7
37850.3
65545.6
58043.1
32590.1
43908.7
33501
41941.2
50447.2
22261.7
111033
69832.9
16778.7
29744.3
73251
30076.6
92925.4
29157.5
84549.5
46247.3
36098.6
37397.8
45991.3
124043
90262.9
24993.1
71302.5
20231.7
103741
136711
48403.7
72529.7
72802.7
55918.2
81313.3
34780.8
44185.9
126654
34697.2
92138.2
44294.4
108861
87941.1
36822.6
86950.9
34538
46406
35051.3
20001.7
43235.5
61060.9
74147.3
53751.1
47338.4
29375.4
35876.5
56345
24838.2
56177.4
25812.5
34390.1
43591.6
49112.1
12015.9
28028
21323.2
69512.1
81120.4
47070.2
62927.2
78510.9
24724.9
83611.8
30672.9
22262
63028.4
123647
27402
66185.5
45792.6
29322.5
104570
44995.5
40476.9
49468.4
34509.4
39448.4
57496.6
62139.8
78826
62375.7
33911.2
120631
27929.4
90363.4
63786.6
48275.6
12617.2
92749.3
29253.1
33030.8
24807.6
74833
54661.9
49902.1
29641.7
48331.3
77949.6
36132.3
65085.7
41703.1
42031.5
81923.6
46204.7
64122.9
62357.6
51157.8
48736.2
63322.8
120468
105075
30979.1
110723
23004.5
42954.3
30390
48857.3
26615.4
51444.5
48120.2
32859.3
44426.2
42143.9
35053
67658.8
73974.5
51413.5
53857
45998.4
35762
56929.2
33120.9
19804.7
157286
45647.3
89666.8
52550.3
100826
24135.1
23575.5
30494.4
66884
60258.6
24420.4
84339.7
51445.6
74632.3
66633.6
64271.7
54833.1
60243.8
60219.1
37812
62263.5
52294.2
172583
44076.2
69501.8
28323.3
37577.2
65870
19197.9
53450.1
44627.5
21497.6
40701
29062.5
43897.5
134378
99864.3
41645.5
28645.8
47385.9
31727
27207
101162
105828
29380.3
32577.7
74613.3
78905.3
49310.7
60085.6
57199.7
52442
46333.5
27473.6
56947.9
158791
117491
60996.6
38864.2
60633.8
27836.6
92990.5
132332
147945
56079.2
40715.2
27246.4
72317.1
37073.9
35125.9
12846.7
60063.4
41304.5
47939
57781.1
27073.6
61331.8
40286.9
57128.5
60979
62390.8
131525
27036
98105.3
79524.5
65773.3
16521.8
71107.7
42972.3
19323.4
53448.5
92144.8
34605
45172.2
30718.9
53646.1
53842.7
16685.6
62336.7
53655.9
70021.8
45430.8
50083.3
38523.2
38589.1
32970.2
42108.8
26460.4
28065.5
65434.8
35242.7
58542.8
18111.4
36444.6
36747.9
50549
32002.5
67274.6
40320.7
61508.8
66680.6
45019.2
60649.7
135270
84087.9
81275.3
60706.2
144048
31827.4
80264.2
44504.6
43904.9
43934
36185.1
47448.1
52898
65150.4
81635.8
77473.2
41973.2
38761.2
76381.4
45454.8
74787.7
56337.6
38180
38416.2
97634.1
57084.6
59125.4
30048.2
64052.6
58962.6
42957.9
60000.8
94078.9
36032.1
35391.9
40567.4
60176.1
89810.7
63305.8
65586.7
78626.6
40420.4
17957.4
45302.9
24328.5
54108.5
34636.1
37286.6
41968.2
21864.9
35888.4
66210.5
39579.8
50323.4
51528
25713.9
60515.6
37011.6
25747.8
88983.2
44322.6
58986.2
26383
55411.3
67239.4
32831.8
41174.1
116016
80223.4
41870.6
72328.5
50717.7
42126.9
32693.2
55532.3
39483.9
28802.6
33746.6
69819.7
44607.9
96751.8
80144.3
50080.6
62396.3
86698.3
74498.5
52416.8
157197
18881.9
36740.9
45764.3
72691.2
61786.7
40560.1
28651.4
32489.5
39514
32773.9
29128
47405.6
46893.3
92616.3
62620.9
67724
30224.8
36947.1
71342.2
138404
50170.3
38370.9
47032.2
38692.6
25697.2
63668.1
48307.5
59849.8
54568.9
76051.1
48857.2
67680.4
76748.1
33948.2
56642.3
51945.3
71070
92487.7
28143
95770.9
61183.3
12315.2
14556.6
50895.9
35182.9
32929.8
17742.4
95895.4
51360.6
29866.7
68249.2
52535.7
64185.7
85170
93652.6
68884.9
42223
56726.2
91752.1
49616.9
65145.8
46437.9
87896.7
12039.9
24519.5
29659.9
63718
42549.8
33619.5
18979.4
24644.5
34939.4
96015.1
63203.8
21829.8
65015.5
32964.1
36485.8
69819.3
34648.1
66705.8
43010.1
48161.3
74429.8
62299.5
55131
64131.9
76829.6
60807.5
93353.3
44571.5
42166.4
140356
32041.9
26520
15280.1
93585.3
18942.8
49187
27213.2
79201.9
50983.5
21940.8
81063
13726.3
43906.7
53756.3
18241.2
47207.9
42867.5
93873.5
138450
35418.1
73329.2
26019.5
40405.8
68896.2
42077.7
49625.9
76573.9
39210.8
34406
67250.3
45451
104103
38216.2
56055.8
28142.3
58559.4
42142
44238.9
26368.2
33527.3
27393.8
36443.3
83144.4
61931.1
113923
150075
195995
54433.4
75290.4
49544.8
47461.5
40578.3
56308.5
23931.1
24365.3
33362.2
28413.8
49869.9
57552.4
31809.1
178979
82816.8
13640.8
139701
19195.4
16909.2
29106.1
151302
60679.2
30629.5
29548.6
48741
101335
56141.2
27122.6
43422.1
55522.6
46668.4
61874.1
108440
44898.5
33559.1
64294.8
50852.2
38930.2
56085.2
36012.3
67348.7
45219.1
75053
77045.4
59279.5
55089.2
23622.9
29711.8
34245.7
66654.2
63137
17276.2
60141.8
69404.2
65234.7
52552.8
43761.1
81538
128215
86364.6
19776.1
24930.1
41351.4
49727.1
120131
117472
63266.7
63523.7
92894.1
19603.7
68532.2
67964.5
114872
20252.5
50339.7
27427.1
63611.3
21578.5
103673
118485
52717.1
102756
37549.9
38896
56512.8
95248.4
25862.8
92276.6
83500.1
79960.6
16234.2
41755.9
25135
31932.5
50018.6
46541.9
100835
62014.5
36881.5
90590.6
20967.7
140083
36252.3
66633.7
102603
43845.2
19698.1
90523.7
27746.9
50169.7
33729.4
45033.8
18523.8
41661.9
23570.8
65598.4
66314.1
24706.5
40484.4
19775.9
94021.7
75271.6
72122.4
54024.3
128389
50881.1
79054.6
66342.7
51331.6
114804
89972.2
34042.9
74946.4
19460.4
16740
30136.9
56864.8
51807.4
32841.4
87645.8
26943.5
24774.7
19927.3
20839.7
54546.5
56084.8
40178.3
55616.3
87461.3
31031.7
35486.1
56681.5
38366.4
22136.5
75701.4
46250.8
46684.8
58063.8
70845.6
29921.5
50775
60123.6
46362.4
45754.3
92104.2
39880.6
72223.1
35035.3
38764.7
83242.8
58068.7
54592.5
57712.1
50867.4
44824.1
52663.7
19695.4
23740
32591.6
46466.3
22241.5
24241.8
31746.6
101345
30294
60831
43691.5
46630
19145.4
22447.5
62383.6
104373
29649.3
26001.4
50844.3
104448
159458
37445.5
65057.1
29830.3
38153
46545.4
45112.2
44299.9
17499.2
21059.5
102648
36870.4
19973.1
56582.4
21735.9
55364.4
71421.1
18835.8
41126.2
79100.8
28695.7
80354.3
61989.4
74054
62078.8
34124.8
83213.8
42520.1
87574.2
89810.3
35213.6
73951.2
23500.7
38208.9
49439.1
35557.1
29353.4
49229.5
39919.3
40155.6
24464.3
61101.4
25679
55526.6
42126.2
108978
63999.5
31888.3
84385.4
69768.4
26502.4
79462.7
44822.1
64338
79489.3
99830.3
27431.9
66605
43851
22497.8
31513.4
43636.9
56331.7
74627.7
130217
22667.6
76380.1
115489
64472
37596.9
26599.4
72721.8
86788.7
65073.1
84297.3
49196
63585.6
20212.8
56424.9
35549.4
69090
35396.4
54110.1
51022.2
71320.8
54920.6
57437.1
71898.4
87068.2
53642.7
40907.4
122772
53510
33910.5
34518.6
102670
62508.1
62801.9
61668.7
35373.7
68135
14356.3
107243
108198
58612.4
30841.7
38261.6
85798.7
70177.4
44212.4
89114
83761.3
61082.8
82965.6
47643.8
94069.3
34953.6
70408.9
104684
37475.9
36052.6
56557.1
36359.3
28908.9
68378.5
82814.1
121327
65871.6
65021.4
46541.8
45104.7
85708.1
132784
33476.8
23624.3
22601.9
44560.7
25325.1
24131.1
59075.4
72042.3
71634.5
61261.6
54875.8
77944.5
73071.1
41476
31559.4
33147.4
61609.3
19763.6
17511.8
18039.1
43750.9
51360.4
31299.8
56891.3
31375.8
130377
54557.2
14157.7
69586.4
50028.1
71161.7
36207.2
30960.1
36470.1
27717.2
40854.8
38603.1
27102.3
56582.6
88090.5
58536.2
64934.8
25738.4
34045.2
58713.6
25393.1
91025.7
23996.3
36748.2
44241.6
72570
65886.3
22757.1
28060.5
76760.3
75738.3
31571.4
49228.9
62048.1
15533.4
35006.4
57907.2
43728.9
42251.6
52711.7
28836.4
33955.3
31076.1
52856.3
22923.2
31005.8
83454
14600.6
88575.9
64664.5
44075.4
65470.1
39459.2
32345.2
46813.7
69033.6
53902.6
113252
119291
36474.3
62167.7
88994.5
43797
72136.4
81520.5
24376.3
27933.4
20327.6
68924.9
79673.5
130289
36955.5
60672.3
71269.9
89247.1
34683.8
78735.1
50725.3
36266.8
27992.6
72739.1
54194.9
50960.8
35564.9
22605.5
64182.1
56134.5
46218.8
23689.8
35923.9
76894.5
59639.5
86236.3
143066
60073.4
145725
53605.8
44698
67166
52146.5
140140
63601
27434.9
25427.9
29007.6
52631.8
45074.5
40093.5
36381.7
175701
16163.3
16416.5
29775.6
27893.3
88455
117399
18430.2
30598.7
43810.8
40421.7
28929.1
78518.2
77070.2
47465.5
96219.5
27280.5
66278.6
41916.7
27160.3
29371.9
25741.1
33292.2
44240.8
54011
111211
50123.1
69461.9
41724.4
75874.1
140569
64968.8
18933.2
41977.6
68743.5
39421
51946
43318.6
41739.1
60682.7
24756.7
67416.7
217607
54570.9
105213
48060.2
44579.7
34973.4
20505.2
32959.6
66536.6
67124.2
197679
83828.2
68243.7
66716
25188.3
80841.5
28621.5
78846.2
48139.7
49630.5
18227
70717.3
51138.9
47988.4
87810.9
118180
34364.4
50427.8
144554
104921
66547.7
22754.6
94713.6
127150
47700
65616.1
173789
37867.3
26458.2
30162.8
67070.2
49923.2
72642.8
28958.9
37063.5
50892.4
140816
72362.7
52496.3
41546.7
134555
62724.9
26703
58772
40234.7
33299.9
24133.3
76311.2
32205.8
63702
43306.1
23876.1
83159.9
68742.7
58369.2
77004.2
77124
41618.3
89118.5
66681.4
21424
21175.1
46634.2
34667.5
117508
60481.8
46926.8
49092.2
62018.7
31541.1
94576.7
133575
100406
125294
133762
113507
58084.4
36110.7
45737
19469.1
55521.1
84041.1
31899.2
86112.5
18573.6
61411.8
31292.6
72197.1
86773.7
76694.6
33504.4
39657.6
56227.7
21903
27992.2
106081
55720.3
37937.4
35171.5
25333.4
61359.2
48217.4
60373.5
80018.5
56238.4
44001.7
146895
18134.8
30296.1
37812.5
21724.3
51920.9
57875.6
35500.1
47231.4
57737.9
50298.9
84649.4
30511.2
39646.2
48256.2
31357.2
104575
15512.9
44507.8
80695.6
81938
72016.1
10041.3
49256.5
57555.7
42412.8
72419.7
21945.5
86725.1
61154.2
92282.6
21278.9
68276.3
67319.3
45087.4
51620.4
25359.9
72068.1
24807.5
76707.8
111493
51680.1
71309.6
104484
36590.5
24222.4
72448.9
47578.8
43501.2
37525.4
175036
46969.1
73961.5
150756
65374.6
72265.2
50782.3
38657.8
31885.5
73965.1
38157.9
43517.2
40787.5
31879.9
145999
50162.7
37330.9
146234
97068.4
78599.9
34103
65028.9
39688.6
47280.5
40804.3
103809
26048.8
116206
72545.6
41092.2
18368.1
45576.3
34649.3
47366.5
169024
71830.6
36704.3
76804
52627.1
43384.1
37703.6
88259.1
45118.7
116926
66692.6
34369.2
101065
32049.2
27584.7
56906
39461.3
39112.6
111637
58521.2
44613.7
74924.8
54198.3
46615.8
56492.6
27551.6
105337
90513.9
25819.2
58169.6
25839.3
103111
73314.8
67214.9
21237.4
30810.3
59905.3
32355.5
89971.6
86339.3
129362
17739
61699.6
109213
67167.6
21856
36778.1
228701
39378.2
66244.2
20815.6
24441.6
44273.1
19890
59566.9
86436.7
60858.4
38882.7
50121.9
37141.3
27176.4
32475
49774
68368.9
118996
55867
53158.9
57327.6
19271.4
86085.9
18630.2
25498.3
43753.9
81464.2
34640.7
37665.4
16774.8
25837.7
37711.6
33840.1
25418.4
41525.7
59884.2
85801.7
23806.6
86645.4
37542.1
59205.9
30944.5
41092.5
65960.4
40120.5
43303.8
58127.4
63004.8
44755.1
96448.5
83427.5
30952
105569
24783.6
58169
39412.7
44263.2
32596.2
75872.7
16242.8
26145.1
114173
78862.8
121766
72361.4
69411.8
115416
33775.6
70145.3
41292
30435.3
22629.3
38726.3
44365.2
121165
21841
44761.3
59920.6
86356.8
37081.4
51983.8
26836.3
49311.1
35363.3
37173.7
139859
47844.3
39976.5
32503
61848.4
46951.4
41036.9
119836
49849.5
83753.9
35145.9
51889.8
27476.9
61892.3
35019.1
36871.3
72940.2
81095
81057.1
35308.9
79619.8
77789.3
47421.7
42439.2
53300.2
70601.7
42021
60289.8
39863.2
35735.1
18229.3
38833.3
58421.4
35228.2
43451.5
101085
26083.3
91798.5
19915.5
36967.3
87597.2
44987.3
35373
39917.5
49942
22081.4
43103.3
52925.9
39708.2
54656.3
42378.1
52926.7
50784.4
72110.6
43892.5
49650.9
106505
45502
52364.2
15357.4
106253
100793
78415.8
67764.6
40023.6
61592.1
80661.1
121274
146355
49750.5
91383.6
28664.6
44260.6
30857
62488.3
38427.3
98738.4
33364.2
64664.4
92821.3
30664.1
98050
65355.6
22820.4
104127
81548.4
56401
48479.4
44688.1
39153.7
54951
36353
130547
88705.5
34901.9
30718.7
38612.3
31272.4
104122
25943.5
170674
38333.2
38734.8
30366.2
28342.6
51078.4
37048.5
33540.5
74617.1
66738.5
54643.8
44337.3
188504
125396
51955.8
58973.5
45726.9
110586
67314.9
40726.4
42348.2
145052
30732.5
59110.8
27329.9
23935.3
56043.1
37335.4
35759.4
164672
51949.4
52954.6
37603.8
158625
34616.4
142481
65033.6
49127.3
27338.2
46190.9
102402
57369
38491.7
75138.3
81781.4
110955
48664.6
18214.4
29767.1
37491.5
28136.8
55502.2
41038.2
42667.1
60928.1
73648
30853.2
88997.6
38601.9
50596.7
113391
100738
67266
32983.4
41308.1
33751.2
37725.3
48378.9
43183.9
56779.7
29837.4
36044
61130
61663.7
35417.4
32427.9
34324.6
77022.6
64075
131766
48087.6
120073
122693
88043.7
42439.6
89370.7
153163
75231.3
22331.5
20032.2
38782.6
43741.7
74970.3
36792.5
64410.1
112599
42758.6
24892.8
33324.2
39441.9
96347.3
48383.9
51222.4
34924.4
40302.5
22114
35944.3
29861.5
46536.4
105200
81507.9
106220
46280.3
32721.4
131664
39098.9
81915.1
74769.7
58281
40480.1
21395.9
46029.4
37622
22044.5
34318.4
91975.5
51735.6
92085.1
29447.3
103203
17665.3
13601.3
27214.7
39208.3
44301.6
89111.1
66357.2
20742.8
21827.4
46785.1
25583.6
62346.4
59619.3
35210.3
56065.8
41145.8
58555.9
40792.5
27799.1
51731.7
41773.3
48363.4
40637.9
61616.3
20129.6
31288.8
41031.5
75246
64489.9
80678.3
63294.8
64807.2
58451.2
28337.8
93371.6
80010.6
24763.4
38984.5
88790.3
42512.8
24307.7
37616.6
40609.1
29142.6
77874.1
45490.4
134299
20936
35310.2
52113.9
18153.6
49057
36027.3
57332.2
105833
71533.2
65034.7
19376.3
64942.4
73323.2
35539
27030.4
50214.2
68449.3
49538.3
101032
30613.6
54318.7
46507.1
39270.2
36429.4
48227.6
53446.8
47078.8
40279.3
90996.7
54403.4
47541.6
139913
48270.4
80905.7
102218
33910.2
36704.3
34349.7
60847.8
37846.8
22717.8
50717.5
59496.2
208795
128491
29572.6
39219.8
77305
86489.6
71694.8
97769.5
36303.1
35207.8
62234.9
106610
32978.2
87698.6
69163.2
57568.9
42825.8
54505.2
61063.4
42995.9
51210.5
68273.4
53347.9
49577.3
70321
98158.6
51131.2
27364.4
24497.6
35655.7
112399
43308.5
68740.5
125994
50871.2
53042.6
51088.1
85734
67056.6
56677
46815.3
50259.6
77521.1
184658
39991.1
47279.1
30894.2
62575.6
69548.6
37686.5
39077.7
185835
26428.1
93762.3
24564.2
33034
79617
58361.7
8900.68
27827.9
29110.8
72528.6
99135.3
51046.8
20587.3
18384.9
36448.2
32604.5
64141
148209
58860.4
31456
34883.7
32549.6
44419.2
24207.2
122339
44100.8
80341.1
48356
34020.2
56018.3
27245.2
32610.2
36873.7
62594.5
54048
63220.9
21487.9
103943
35562.1
83192.7
29145.3
40469.6
65801.3
40012.9
56321.5
26331.2
38718.3
63924.3
19846.1
31428.1
51255.4
80842.2
55400.6
62314.5
35241.3
53781.4
74302.4
73257.2
87507.5
20008.9
84402.4
64227.7
78105.9
184717
94966.7
87637.1
45236
22494.3
32216.2
37788.3
114196
100845
76331.6
54638.5
31146.1
28442.2
18529.4
84487.8
57421.2
49306.2
60974.4
20044.5
82874.5
77700.7
48988.4
63078.5
35139.2
114663
149852
46401.4
42944.4
52334.8
18898.9
118759
63302.3
53325.2
46998
146134
70443.7
32368.4
19395.9
81234.4
48847.9
45816.7
40606.5
89136.8
20017.7
31467.2
55566.1
80807.8
19042.7
28292.3
39267.2
73655.4
65110.4
52082.3
35439
37763.1
18667.2
84985.8
47062.5
54559.5
92781
50274.8
30492.7
109725
68631.2
87750.8
103215
67188.2
57163.7
51337
28922.8
57328.2
77557.7
96935.2
34540.5
79370
138169
88000
16585.2
24728.3
69133.2
25183.2
55036.1
35781.2
97251.4
75244.7
34690.3
43636.4
37153.5
38190.7
28281.3
40370.8
79276.7
39325.1
19758.7
95116.1
71587.8
178336
75383.5
41675.5
142615
96819.5
52202.3
45305.9
38928.8
28447.6
112373
49163.9
45922.2
25102.2
53910.5
56522.2
37035.4
51112.4
35824.1
73099.7
86756.5
19004.5
59684.1
22307.1
17235.9
69309.8
50937.4
60083.4
42246.2
68883.4
39836.7
48659
26502
136959
171903
38461.5
147133
74066.2
50395
104450
58479.8
41365.3
44096
37853.3
35407.4
29716.4
35316.6
35017.8
80982.8
59214.2
144330
50690
68008.6
77642.4
40908.1
23691.2
29155.2
95989.3
89380.7
115915
50891.4
152896
49612.8
71878.4
82130.3
37261.3
66602.8
45130.2
46656
184515
90251.4
16850
58650.1
75455
34664.4
40946.7
60481.9
55852
86336.2
26473
68091.9
29386.3
54950.4
34764.9
32463.1
43560
50168.5
104643
27142.5
117906
72880.5
43344.8
59589.3
48894.2
46656.1
26943.2
43886.3
43093.9
73091.5
45634.6
59520.5
70176.3
23320.9
73559.6
49299
29183.1
40201.6
39437.6
25304.9
32541.7
43696.1
27067.1
111194
51293.2
69902.6
61868.5
42344.8
54017.3
25887.2
42006.5
201737
26900
86482.4
62195.1
66368.3
30369.6
32243.4
32298.1
126471
78642.6
51767.1
227119
65565.5
59843.2
160003
61196.8
94572.9
106310
34310.4
47251.9
53788.5
19485.4
44999.6
87764.9
14265.4
53424
61238.4
38622.7
34139.6
34686.2
48129.5
36529.4
103490
23383.4
54314.2
27728.2
96526.9
40009.2
8935.97
61590.8
30365.8
29470.3
66914.8
31517.7
56821.1
26149.8
57073.5
113223
45064.6
110812
26900.5
117680
82846.8
61384.4
103624
117761
48956
107740
33492.4
41193.3
16696.4
69831.2
52901.2
88047.6
217470
43095.8
26878.7
55438
183276
72936.8
43344
33696.9
38574.6
30762.2
30451.2
46000.4
27926.9
97644.1
76011.7
105832
53957.7
79559.6
28325.3
30551.8
50518.2
109096
38470.1
112685
17111.4
69040.2
181527
27654.6
24811.4
30841.2
59089.5
40763.1
125270
118207
90881.8
24635.8
96062.4
49279.3
31481.2
53223.6
28667.7
39913.9
19296.2
29270.7
37394
49960.4
47488.4
109281
123816
39465.1
41998
69450.7
59062.2
78203.4
40049.6
41333.8
206388
51458
30687.9
71560.3
68100
57697.9
21342.1
30140.3
108719
64728.4
47296.6
11308.8
54077
98243.5
65037.7
191685
47645.5
44052.9
53115.9
18608.3
71902
36794.1
99270.6
75491.2
113771
36059.1
25420.6
62252.6
87024.5
72452.7
35248.9
69719.7
29785.8
29821
55004.1
46001.5
39062.8
81110
31666.9
105161
52815.5
33915.2
58044.7
28958
75447.1
85373.2
28423.2
41888.1
56464.2
58529.4
38620.2
28012.9
41769.6
36279.5
80894.8
25445.9
93868.8
47371.2
17801.2
115247
137113
72877.6
63695
65164.5
99647.3
168779
56861.2
91631.3
157483
35380
90093.2
52011.4
68565.9
91938.7
76962.5
52322.3
29309.6
91518.9
42785.6
19738.2
10832.5
56061.9
103605
59845.2
58752.9
83948.8
74473.2
51777.4
168245
38195.8
32400.9
53790.5
96105.1
78605.1
76131.6
64863.5
73130.4
62352.1
119570
51780
64819.6
41014.1
77077.8
39869.6
101067
80610.8
35340.9
50415.3
37015.3
32532.2
47662.8
38053.4
95470.2
113912
75156.9
110831
22854.8
56886.6
84123.1
18184.2
43039.2
28555.5
60250.9
16921.8
35004
59152
86909.9
26426.8
39516.6
71957.7
34894.1
208752
8822.57
76752.5
76705.7
83223.1
74670.3
61967.3
43821.5
31236.6
79692
28871.3
61520.2
28011.1
19767.9
70421.3
92961.1
38826.4
31274.2
43211.2
50727.1
22159
50666.6
91029
63621.4
24384.8
59237.6
30859.9
40214.4
71186.1
38889.5
50331.7
53834.1
29251.3
91368.2
70559.7
120283
25962.6
51667
43957.6
66430.5
28505.8
89590
114614
38607.2
14345.8
35896
26391.7
112810
81307.2
95586.6
19690.9
59371.8
27187.2
28424.7
68042.3
37692.7
46149.2
47457.7
84263.3
27733.9
21003.7
54648.4
20788.9
100520
48723.7
54563.5
89385
16865
11244
42532
41424.8
76264.5
38613.5
21264.7
47628.1
39296.4
97831.3
60937.4
49734.7
99101.6
45621.4
144348
26960.2
32780.1
41265
48557
44910.5
38253.6
15483.2
67926.2
102980
99590
108640
36169.8
12937.5
45111.4
38190.9
78884.1
123745
49104.5
52931
26068.7
52506.7
26215.9
15438.8
79421
63740
69682.7
88059.5
54648
50041.8
52449.5
35778.7
27167
96275.9
112319
75338.4
85096.7
67702.7
55166.2
34989.7
55929.2
19002.9
68885
47225.9
36645.8
15216.3
52551.5
41736.1
88004.3
129990
83936.7
37306.4
64478.3
50359
71269.7
37322.3
44244
117850
65514.6
56323.1
71766.1
29425.9
68287.9
20756.9
51461.8
24371.8
66998
31319.5
77071.3
64396.1
59114.9
27376.5
32594
42074.4
37889.9
58506.2
50559.1
58631.7
142551
44823.7
24617.3
45552
39716.2
112222
40869.3
36295.6
53351.4
20029.9
60859.5
80732.8
43882.8
40428.3
41225.1
36288.6
118829
68718.5
24532.2
80365.3
56380.8
52402.1
53207.6
41653.6
183511
38885.1
74413.8
38564.7
47364
86476.9
61279.7
22709.1
42050
90774.1
183858
55496.9
30724.7
36572.2
47272.3
120893
27189.2
59971.8
89604.7
61547.2
41315.5
61310.8
129807
69570.6
22807.1
42909.9
32706.3
51546.1
42385.8
35530.9
37437.1
85817.6
21798.2
64828.7
21939.1
41858.8
74674.8
51112.3
11797
185199
79954.7
48620.8
37727.3
106962
46190.9
30105.6
127598
33532.1
67073.3
22813.3
34187.3
40385.2
35362.3
101596
34543.9
127509
51601.4
53730
72547
36046.2
82404.5
120222
59349.4
67129.8
20886.9
52156
68681.7
45707.2
108203
48701.1
81852.1
24823.8
170466
27151.6
44313
58647.7
61912.1
135822
50995.1
33578.9
164862
80888.3
64227.8
39748.9
23922.7
47605.8
24325.3
46043.8
148847
40603.1
69597.1
46946.7
53601.4
40320.6
26679.5
71453.7
43284.9
45751.8
33902
87318.7
57067.8
94864.1
33032.3
36822.8
57278.3
64551.3
155832
36258.7
34670.7
78402.7
45842.1
49020.5
90820.5
68532.4
46394.5
38212.4
72054.7
74909.4
42514.3
19400.6
119434
33280.5
24006.8
41906.8
44297.1
50854.2
71517.1
20389.9
86277.4
103338
36471.9
35537.2
46522.4
95288.7
39660.1
75569.4
31792.4
35982.2
66445.2
59737.3
26350.3
85365.6
30616.7
67875
20348
25358.7
19562.6
42918
37168.5
27691.3
35556.6
38833.2
46531
51197.4
206334
40518.2
164173
36433.7
33985.6
44304.3
24917.8
21721.8
100082
57030.9
41342.5
51158.1
60913.4
25754.4
99462
68374.5
66997.3
54195.6
55640.5
68548.3
55159
71477.5
33284.3
33694
54806.5
51614.6
61241.7
76993.8
104065
42713.8
34027.9
15980.4
27006
77426.7
26294.8
32171.6
31800.7
40852.4
75617.6
21926.6
199474
28688.5
71775.6
48684
103351
44293.4
68588
62157.6
34628.5
52014.3
54541.1
23485
13353.5
41700.9
36511.6
22280.4
62801.5
57304.6
88494.5
52326.4
110581
182313
75373
39930
38102.4
58912.3
41108.1
72280.2
65804.5
32920.8
15049.7
70166.7
104631
51893.9
13546.5
36978.8
32138.7
81412.1
26397.1
34926
102882
79553.3
39455.2
50927.6
93881.2
45847.1
163264
70614.1
268652
69095.4
55828.3
44480.8
39747.6
93553.7
16018
84777.7
64130.5
51729.7
40391.1
114636
43510.3
51623.2
14898.5
91318.9
66293
151117
226008
56320
72199
34110.8
147232
43903.9
117636
31012.5
30262.7
38196.5
24897
79596.9
88028.1
18709.8
57571.2
67740.7
31862.6
22695.8
42710.3
30662.1
115273
25368.1
91985.7
33403.4
42832
52838.9
41102.9
73977.7
59067.9
53777.2
27313.2
67264.8
94197.7
60374
28633
32383.4
73644.7
35806.3
52858.6
29769.1
22674.3
59249.7
34341.6
85543.4
74594.6
77118.3
29964.6
105136
54044.5
36766.6
69090.4
54652.1
51390.8
38276.1
58789.1
61260.8
69040.2
35902.9
54953.4
36455.8
52785.7
170534
48896
53259.4
48231
34462.6
36198.6
108787
53052.1
26536.1
48984
99183.5
58508.9
55113.8
88138.6
36782.7
27239.4
37459.1
47046.4
40879.7
59931.6
43505.8
40933.6
68603
43881.9
83625.8
85906.6
53578.8
52956.3
23937.7
89689.8
113430
45128.6
77268
30583.2
22756.9
116268
80481.9
27960.4
74374.7
53280.7
55232.4
42448.4
38636.1
97796.6
88324.7
45143.2
31862.7
37953.3
45665.3
43540.9
90809.7
47729.6
242057
91285
54906.6
39468
60528.7
42296.4
26181.5
92553.1
27510.1
38608.8
40799.6
64687.8
64916.6
75230.8
20968.5
55003.9
148008
38372
38268.4
18242.9
34883.7
178420
42003.2
110926
60599.6
40974.6
53616.1
60939.3
18958.4
50791.9
65655.7
46888
42422.2
72541.2
43528.5
58078.7
112165
32311.2
46657.1
47400.2
45387.9
31324.4
35301.3
103505
19019.9
24235.2
19078.4
49280.7
72128.6
20191.1
32276.8
15434.2
56181.6
61092.2
115564
53509.1
59260.4
33551.5
42983.7
56988.7
73278.4
40269.2
64474.3
56284
39722.3
56001.5
28655.4
41672.6
56688.1
40699.4
45580
57255.8
52009.1
41589.4
28021.4
38762.2
27494.2
23283.7
23386.2
15164.2
49196.4
79306.1
20406.8
39926.4
71505.8
52869.4
21888.9
90305.3
61082.5
45919
40724
45513
75838.7
53287.9
51371.1
93821.1
40519.9
44036.6
73614
41882.7
39740.4
82984.1
45405.3
120720
66082.2
48313.7
35538.7
71216.2
58385.9
103981
74157
48129
41814.3
31806.5
41280.3
101712
47124.7
75402
71816.7
74002.9
50855.4
47168.3
41541.7
33720.1
41730.7
54291.3
71115.6
62070.5
49355.9
156503
80723.2
52353.7
113369
64414.1
157235
29630.7
72996
28648.5
49487.9
59057.6
68928.5
38067.3
14145.7
36470.7
30249.4
36283.6
45541.4
49068.9
64409.3
43715.1
72406.1
51530.4
63447
41040.1
29926.1
51232.1
78886.6
24574.7
67597.6
35629
115939
40483.9
52442.1
40633.2
32460.8
104314
26510.6
32525.4
77678.8
92374.2
68772.5
79680.7
93582.9
100046
47823.7
17352.8
26417.7
59327.2
69643.6
41796.7
80444.2
154675
62525.4
85740.1
73438
38380.8
59543
56129.1
30175.6
29786.1
11994
74310.8
47377.9
83710.1
40410.8
98313.5
35013.3
24972
31656.4
54865.8
31674.9
65957.1
39907.6
33849.4
33399.3
22623.6
18131
101265
92032.8
89903
10766.3
86326.1
41571.7
35879.5
60022.9
39560.7
21018.7
52597.8
42899.3
162543
77031.9
41837.9
32928.9
30812
34250.8
78746.4
28899
49244.3
55961.5
45006
22840.4
23410
82814.9
66648.1
32190.9
57016.8
66105.5
42359.2
76941.9
71060.2
112146
66584.7
40621.2
263363
78498.5
56752.1
46899.2
90170.4
38798.6
94618.6
63008.8
17455.9
53192.5
34181.9
25302.3
44456.1
40155.7
29348.1
60033
41600.2
86110.1
36523.1
45495.9
69995.7
68060.9
40803.4
22538.3
91266.8
50067.4
24591.8
98572.5
42578.3
24406
100374
56385
40756.6
27535.6
26721.8
103521
30283.9
57030.9
57081.4
92832.5
47981.7
20059.8
29106.9
48334.1
148233
48113.3
66880.9
93088.8
56963.3
59715.2
29547.1
42604.4
47770.4
56596.4
36393.9
84365.5
27304.5
121269
45794.7
39086.1
54555.6
99319.7
54829.5
47855.6
72518.1
21678.1
49073.7
51739.5
58072
43391.1
52226.3
30061.7
57558
133349
80913.1
71611.8
39638.7
62540.1
37592.1
58964.2
51205.6
54907.2
59294.5
54662
19165.1
176213
48294.6
22533.7
89616.6
29298.4
34757.9
77897.6
50970.1
24685
67139.4
58019.4
45052.4
52263.2
56607
33931.3
67084.4
31474.7
59882.6
66558.3
43121.9
50578.8
35135.7
78238.9
26040.3
20438.6
26806.6
36633.4
63553.9
67243.2
108715
78104.2
54590.6
71525.4
89465
71624.5
98452.1
50301.5
173823
65525
50778.5
51846.7
19823.4
108895
42974.4
105316
30074.9
34061.6
70007
41827.7
50658.8
64243.4
44487.2
46668
42227.2
53159.8
19131.4
20263.7
21610.3
84934.7
191196
29855.8
43545.9
40382.3
79804.6
27788.3
89411.3
42804.7
15683.7
35701.8
42032.3
30847.3
90787.7
83952.8
78590.6
58094.2
37795.9
21092.7
41808.6
23070.5
76158.3
50314
46148.2
52670.2
40226.8
25774.7
51497.2
35594.2
32563.4
54616.9
24133.3
35175.9
51562.4
61496.7
43468.7
16199.5
47778
169943
20991.5
30976.7
113779
70344.7
61555.3
44929
48590.6
52860.6
66463.8
171432
34317.7
37119.9
77539.2
91811.7
21966.4
23234.7
43564.2
45518.7
78069.3
29191.2
92349
32413.3
93559.2
20655.8
146915
47520.8
50288.1
113491
45959.9
55589.7
122996
84640.2
55892.3
54592.2
36901.5
180746
53809.4
123095
58988.1
41792.5
58129.8
40041.8
72980.2
40877
49713.1
56311.2
86815.4
45688.1
53586.5
19893
70540.3
51205
50697
17147.2
78974.6
77324.3
54345.8
64127.8
15989.1
29218
43194.8
32655.4
77285.9
26047.8
36962
43457.1
102460
26125.8
124935
59437.9
80159.7
48947.5
66555.5
25491.9
61450.3
78868.1
27600.8
42710
47652.4
37265.3
90760.1
41600.9
93644.4
38217.3
72112.5
78518.2
131968
12195.7
22363.9
68198.1
39775.6
25675
63127.2
90734.4
35565.8
29270
52568.7
52103
50873.2
182663
156375
63556.4
74716.2
86752.8
104989
41353.2
105281
33138.1
56783
52139.6
52452.5
63686.6
25860.2
15984.6
18189.1
117681
12434.2
38162.7
79787.1
52150.4
43809.2
34672
49686.6
81043.1
64060.3
27004.8
29204.9
35059.1
39079.9
90138.3
41892.4
30653.6
36534
65105
43603.2
78925.7
34832
45517.3
29157.3
48181.3
38321.1
26683.7
32132.3
30251.3
113542
39388
135416
107013
44184
70583.1
23560.2
39477.8
89385.6
67066.2
96069.8
31844.8
34061.7
36692.9
115847
36587.9
29089.3
70586.2
17944
93534.7
93880.1
44785.2
49420
48899.2
90256.3
50752.2
60656.3
44341.1
122782
47057.6
23523
89945.8
59973
54683.5
185939
26806.7
18596.2
32034.6
81511.4
53378.2
43029.7
108314
51667.4
36394.6
31719.9
47172.5
31109.7
67838.7
19485.3
69475.5
52540.7
133715
70436.5
26873.8
89769.5
48168.8
30297.7
82292.8
41464.1
46333.9
27505.2
52158.3
74580.6
47189.6
74160.3
54514
37891.8
39601.9
29840.1
59318.5
57199.6
42014
43709.9
73141.5
30455
67202.5
31481.2
43780
48136.8
20372.5
73135
57931.8
21896.8
32574.2
24447.3
46371.5
25478.6
28200.7
68560
45193.6
36692.9
131897
50259
72826.2
23095.1
55590
107589
34235.2
29911.9
70193.5
86597.4
32533.1
198756
48819.6
52384.6
69287.7
46742.4
48454.6
70366
67392.8
62799.5
47270.8
101096
30689.9
70079.8
56939.1
35379
25399
31738.5
57720.6
23153.9
59739.1
83482.9
48607.4
52663.8
28172.4
15437
38530.8
43315
31797
80259.6
75819.6
34283.6
57012.6
28865.2
187244
49152.4
26158.1
162557
32556.4
33643.8
54394
22990.2
13819
59519.8
50377.1
64503.9
80258
81109
61970.4
53545.2
22377.7
59670.2
36815.3
73163.9
43988.5
37858.1
36826.2
45785.9
23763.4
52537.6
142066
35079.6
16109.5
86435.1
101055
95250.4
94244.6
81947.1
94756.7
36088.4
70806.4
58510.8
26016.1
153251
45177.4
100007
54915.1
70752.2
40667.5
60381.9
41087
193657
47280.6
37523.5
20054.8
45122.1
40716.9
39278.7
90267.9
42552.8
48342.8
58421.2
122296
88545.5
54587.7
40806.7
50280.9
100050
67271.3
38653.1
35719.8
32763.5
42169.5
31574.1
75021.2
146904
64345.1
19293.7
29810.9
99270.2
61433.9
119596
79461.1
42951.9
42746.7
87067.7
56850.8
60255.1
43085.9
75749.8
79033.2
70790.6
20869.6
41330.3
114925
64796.3
19006.8
27094.9
33948.9
91859.9
43365.4
31977.5
111310
39646.7
15899.7
33873.4
75463.3
86870.3
30702.8
67844.2
48966.3
151610
58208.5
51948.6
23115.2
64719
31447.5
43926.6
79696.1
31953.2
36101
21179.7
27719
50079.4
133095
42336.8
31878.2
150493
48495.1
58970.4
58456.5
54050.7
57034.3
41922.9
28207.1
57141.6
34727.6
43525.2
36304.9
77220.8
39258
118506
60938.2
61716.3
84242.2
42014.6
53033.8
93149.8
26948
55859
157967
39172.1
142724
161315
49131.8
47703.5
77605.7
31791.2
50368.9
60620.1
86039.3
58077.2
51817.5
30596.8
85656.1
54770
57441
52316.6
26408.8
95121.8
40223
47608.5
91787.5
32383.1
46933.6
27666.4
32526.4
173273
81008.9
35296.7
36479.4
65053.5
26951.1
89007.5
145497
47862.2
43688.2
33137.4
66520.7
58037.7
113244
55703.5
22964.5
48639.3
95161.5
37372
60861.5
44111.1
60856.6
40928.7
83233.7
55732.9
59782.5
27653.2
28911.6
60773.2
59070.5
45437.2
16731.7
24468.8
74743.6
77753.7
28720.4
20060.5
56273.5
28030.4
31891.7
48143.2
81429.8
40583.6
107882
41513.5
78074.1
67403.7
37979.9
38387.4
53694.4
51796.2
46230.2
51889.4
54029.3
32953.6
28361
33948.1
36476.2
74946.6
44453.1
75410.4
33713.6
70072.6
32332.2
84499.2
89894.6
42752.6
121544
62507.2
214508
74958.9
37374.4
31723.2
22176
84405.4
22051
67000.1
28021.5
51074.3
77647.6
29265.4
27646.4
51263.2
26214.3
23408.8
36248.9
79884.8
47961.4
93823.2
31033.6
42462.7
26100
25204.2
32011
48780.2
19135.2
44258.6
93571.5
64777.2
37610
80803.8
27302.9
27195.7
69416.5
58357.6
112618
35116.4
46133.5
53759.6
87382.5
61553.6
74053.3
42729.8
35687
18942.3
49775.1
64622.1
72051
33594.4
33230.5
75868.5
44076.4
77407
77050.4
68514.6
52859.4
135646
83730.2
25213.5
77284.2
27462.4
41976.4
151318
49337.6
60987.8
45129.4
22685.9
74445.5
48043.1
48656.9
24514
52243.2
22473.7
97034.8
24536.8
51591.5
144144
98205.9
151465
59714.5
113955
56356.3
80561.2
85832.9
82901
43950.4
34298.1
137450
78653.1
42389.6
59073.9
30690.4
41110.6
79680.2
153363
52992.8
16089.6
45189.2
58161.3
75733.8
42228.4
52078.8
39095.2
39946.3
37407.1
37033.3
23409.1
64031.1
21534.4
59860.3
99534
49342.8
112260
39257.3
57647.5
74363.4
16074.6
39601.6
79158.7
56659.8
125236
45639.1
45790.3
53136.3
44449.1
81352.8
54872.2
28877.2
70911
25144.8
59032.8
64114.6
118166
41997.9
42379.7
56919.3
63509.1
40647.5
42101.3
32463.9
83936.7
23316.7
53919.9
83741.8
24509.8
41322.6
46608.2
21816
41380.3
95289.1
73562.2
76067.9
63175.1
29919.2
67962.3
28918.3
44049.9
29850
89816
30430.2
70479.1
47293.9
70227.7
72836.4
78215.7
71825.9
47720.9
56409.4
58500.4
138684
62601.4
76186.5
37039.8
37640.9
28282.3
18596.9
41735.8
273820
39310.3
51399.2
128556
86661.8
27624.9
48048.4
20681.5
36631.8
132774
60374.1
61402.5
29816.3
50358.5
33254.7
71195.9
70298.3
90661.6
22007.6
87410.7
43336.5
73523.6
41211.7
76909.9
42634.9
38158.9
36342
40511.4
30738.7
44366.5
67392.3
23250.3
63970.6
61127.4
75657.1
90592.3
41137.5
63607
124036
49642.1
86211.2
46654
61581.5
54304.4
46315.4
51206.4
110451
39856.5
119516
123132
46621.3
28843.4
56011.7
44751.2
289626
40224.7
41808.4
35611.3
33812
46177.7
69165.8
69971.8
41180
133824
79544.2
57399.9
37601.3
86633.4
43132.1
53520.8
25964.5
59043.5
64375.2
49889.5
67243.5
46416.9
52881.6
37692
43746.2
42263.2
77545.4
33610
31223.1
64038
36791.4
44109.5
33374.2
76455.8
93294.3
38188.4
35770.8
90677.1
23891.7
78285.2
160686
39882.2
78170.4
56032.2
103050
34155.4
63917.3
75893.2
74153.5
50656.3
13218.7
187400
56339.2
88051.5
79931.9
70022.9
61037.4
47153.9
31609.1
36812.2
85832.5
38506.9
26291.7
73972.6
52498.5
116866
41859.5
57897.9
26932.7
53971.2
24528
60083.3
55099.6
71039.6
54772.6
47243.4
119102
34982
202196
28310
44373.4
32419.6
35079.4
39598.4
62194.8
73698.1
63765.7
59976.5
66837.2
43074.8
91061.6
43885.4
36583.5
61257.2
61133.5
51963.3
23286.5
39651.3
23881.6
51299.3
136867
35164.8
132292
56359.6
95370.4
54044
95137.9
42644.9
26659.6
51424.9
27426.3
38561.3
19379.9
40395.4
56823.9
53305.1
34128.9
32243.3
96312
61128
62453.9
37998.8
43468.7
72096.6
46554.9
39069.7
72338.1
46661
142530
80990.2
77216.1
46072.9
94999.7
24960.2
21780.8
37481.2
36371.8
74671.8
47431
9848.24
86782.1
107457
102649
54732.4
19970.6
41439.1
48135
38557.9
43583.5
21652
50001.4
54059.5
54911.3
19994.3
135812
54270.7
26906.2
41415.9
52562.7
36943.3
72024.3
48891.3
100371
37589.7
98517.3
41387
35534.6
153100
69466.8
23790.1
70068.7
63940.6
45676.4
65298.3
34390.2
55901.2
37081.2
48791.8
35558.7
129884
74856.9
109363
98400.7
32023.6
65169.7
67061.8
35826.8
126921
60688.4
38325.6
92088.3
107217
80720.1
29240.1
66173.6
40132.3
24536.6
16035.2
96416.3
33344.2
60077
44055.8
75469.8
35634.9
28647.3
19071
19833.6
32236.5
24581.4
41825.6
24840.1
122137
26236
44259.5
70825.3
33616.5
66849.6
53149.2
12273.8
163490
64105.3
45799.2
96683.5
72007.8
49950.3
56810.5
28021.1
41696.9
33935.1
29874.9
55601
48030.5
89653.9
42832.7
37711.5
53216.8
50995.6
96455.2
74938.6
34863.3
35621.3
35314.6
74876.6
51833.2
28060.9
77077.2
37098.9
29155.1
58010.2
71753.6
94028.7
63822.6
59021.4
18513.6
24460.8
71916.5
43560.2
79768
46509.5
61736.7
53708
32028.7
20064.6
54238
28614.2
104988
26026.7
44793.9
30532.5
21994.2
35063.3
36819.3
50552.6
34478.1
22270
49035.4
68121.6
34782.2
44813.7
29403
23745
58809.5
58342.6
147910
