3857.34
4404.41
1138.97
1798.67
1961.61
2550.77
1418.87
1602.7
1933.26
1057.64
2190.76
1490.13
1525.21
1329.66
2319.86
2338.61
1195.92
1821.73
2463.61
2254.17
1745.23
1548.01
1563.1
1414.01
1394.86
1062.74
1987.44
1485.17
1671.1
1537.9
852.591
1803.96
2822.75
2011.69
1460.67
1550.71
2082.28
1257.27
1989.73
1539.45
1756.7
1361.88
1973.76
1778.14
1270.75
3008.09
2888.34
1617.27
1557.6
2627.09
1767.87
2319.8
1276.48
1515.01
1676.68
2537.4
1776.43
2258.49
1474.6
2187.37
2954.86
1283.96
1195.17
2119.17
4000.96
1580.69
2762.68
1832.97
2756.2
2900.1
2178.26
1530.44
1084.53
2547.84
1953.44
1167.95
1216.55
1637.38
1055.73
2392.61
1690.43
1460.81
1498.42
1422.81
1273.15
1801.59
1297.17
1355.45
1993.38
1658.26
1945.54
1617.36
1852.51
1711.62
1456.93
1447.81
1654.64
1596.86
1221.07
1230.32
1524
2088.23
4240.78
1618.32
1449.65
1417.82
1849.28
1397.21
2740.41
1546.47
1083.51
1833.53
3034.82
1349.39
2465.53
3141.59
2088.38
1363.28
1615.39
1478.02
1860.22
1950.53
2684.56
3895.98
2164.02
2144.27
1983.95
2188.6
2528.98
1715.47
3483.35
2401.02
1587.2
3085.23
1785.82
1911.57
1319.97
1264.19
1990.83
1520.2
2131.52
1389.93
3674.59
1219.39
2012.62
2579.88
2377.81
1730.1
2403.48
1482.9
1522.52
1470
2363.82
1220.02
1110.61
1531.83
1846.89
2024.17
1315.51
2543
1415.75
2117.95
1831.78
2140.22
2172.37
2097.28
2134.35
1147.19
2137.18
1459.56
1792.87
2695.95
2075.3
2116.22
1996.68
1025.88
2561.78
1192.3
1850.89
1723.98
3051.8
2253.3
1954.35
2233.56
2285.49
1937.58
1861.25
1775.28
1276.49
1714.22
1732.35
4772.62
1777.6
3251.04
1961.82
4024.95
2030.81
2583.18
1128.04
1968.58
1343.1
1179.68
1523.96
1385.13
1475.57
2309.43
1549.42
2501.85
1667.13
2755.47
2456.39
1600.05
1368.01
1397.2
1685
1338.89
1612.07
1854.68
1114.94
1907.37
1302.24
997.788
1453.95
1865
1737.89
2706.16
1554.15
2608.7
1389.79
1440.82
1403.63
1514.92
2016.43
2208.92
2728.64
1341.19
2140.56
1816.69
1258.11
2057.84
2145.29
3497.5
1743.33
1722.57
2061.43
1173.14
1507.77
1657.65
2776.14
1823.91
1722.08
2346.53
1295.22
2876.15
1643.29
1510.45
2777.79
1427.14
1395.92
1915.44
1917.4
1061.59
1327.19
1728.89
2401.36
1443.13
1871.9
1391.33
1613.63
1714.04
1939.72
2197.58
1896.17
1205.54
1284.27
1907.32
1300.9
1969.67
3523.2
1291.5
915.106
1527.25
2643.73
1227.73
1907.09
1706.2
1266.32
1365.53
2224.29
2730.36
1674.72
1814.05
2591.62
1215.52
2083.44
1995.59
3271.94
1373.04
2350.31
3489.25
3684.02
1417.28
1638.8
2890.18
1939.82
1977.63
1226.82
1741.85
1330.6
2753.9
1590.27
3916.58
2166.37
1973.88
1938.8
1681.11
1969.26
1793.48
2425.99
2001.69
1606.07
3240.64
2091.71
1831.55
2619.74
2300.33
2000.2
2862.59
1823.26
1980.99
1252.59
2743.72
1495.31
1857.39
1494.69
1562.87
1275.31
1434.93
1329.47
1849.3
3833.65
1349.27
2319.33
2389.38
1525.51
2932.41
2398.78
1711.96
1431.98
2082.36
1329.88
1868.97
1612.67
2134.28
2584.23
1861.21
1532.93
1303.01
2249.45
1187.25
1561.23
2548.17
1363.61
2048.55
1309.61
2227.79
1217.39
1190.78
1806
1981.41
1604.88
2965.55
1463.19
3151.46
1134.05
1361.34
1950.45
1518.09
1855.38
1945
1632.26
3236.07
2511.93
2114.83
1578.22
7381.94
1508.08
2112.23
2813.51
1940.59
1452.43
2485.56
1962.71
1763.69
2259.4
1351.67
2435.12
1718.71
1782.85
3271.82
1243.93
1233.41
1246.98
2019.58
1046.72
2834.17
2030.76
1685.27
2057.91
2272.11
2363.58
1578.29
3135.65
2141
984.282
1503.73
1649.01
1699.09
1962.84
1893.79
1344.4
2620.31
2046.32
1478.87
3237.1
2080.59
1589.44
1778.12
1181.11
2230.31
1584.25
1461.35
1903.64
1424.18
1588.89
1327.67
1742.42
7421.74
1256.83
2029.26
1959.65
1255.47
1470.16
1928.21
1304.27
1949.65
2474.53
1834.25
1460.35
2372.52
1134.39
1575.52
3016.15
3154.97
2328.48
1845.77
2242.85
1146.09
1977.77
1643.97
1350.02
1907.7
1789.86
2501.23
2991.32
1535.9
833.874
3153.13
2559.37
2479.36
2141.7
1838.18
3039.89
2579.4
2058.08
1851.53
1758.02
2254.48
4105.45
1846.04
2356.96
1612.13
2442.98
2020.88
1673.67
1576.62
2374.93
2941.1
1449.28
1958.67
2959.68
2579.17
1412.82
1493.35
1642.9
1661.78
1819.68
1368.02
2518.75
1628.9
1386.97
1642.73
1693.47
1696.29
1196.43
1522.49
1899.11
3198.11
2282.69
1224.55
2021.68
3012.45
1815.27
1165.38
1797.4
3090.52
1863.14
1755.15
1931.92
2491.3
2196.04
1527.13
1979.74
3726.6
1815.94
1578.2
1951.43
2110.74
1531.6
2209.13
1269.39
1950.12
2134.48
2279.09
1155.77
2236.79
1675.72
2029.96
2067.62
2155.73
2022.57
2934.75
1114.61
1469.19
1784.5
2622.9
1941.65
2055.22
2299.85
1265.36
3334.33
1824.89
2266.19
1753.09
2128.46
1574.47
1168.32
1686.22
1586.81
1655.12
1106.35
2591.53
2727.48
1184.9
1788.19
2290.78
1532.7
2328.82
1799.7
1483.65
2524.26
2083.88
1740.99
1836.01
1082.37
2876.06
1515.34
1889.73
1572.59
3123.45
2170.36
1536.87
2319.27
1454.18
1541.68
1228.93
1372.89
4036.79
2241.99
1837.01
1732.41
1708.46
1801.84
2760.92
2080.2
2605.27
1367.29
1565.51
1556.09
1334.05
1165.71
1923.9
1362.47
2724.36
3800.85
1684.74
1481.66
2852.9
2062.22
1513.99
2245.01
2003.58
2446.93
1538.45
2549.04
1413.09
3474.51
4181.26
2223.53
2082.43
853.48
1745.73
1165
1526.1
2731.56
1396.74
1371.56
2656.25
2960.66
1336.68
3847.84
2115.79
2455.41
3494.11
1570.69
1327.3
2158.52
1632.96
2543.21
1459.58
2525.33
2010.32
2294.09
3092.58
1799.55
1602.31
1517.11
1224.78
1550.73
2732.36
1377.08
1413.74
1020.81
2269.53
1896.89
1082.97
2374.54
1622.84
1343.17
1560.57
2204.63
1935.87
1722.32
1582.65
1087.23
1779.44
2496.93
1388.98
3599.44
5787.17
2939.16
1676.18
1944.47
2421.35
2305.36
2262.83
2114.49
3660.36
1959.7
1218.92
1907.49
4137.76
5387.08
1911.49
1538.12
1743.23
1979.47
1911.91
1867.1
2703
1526.1
1818.98
1749.46
1149.77
1678.71
2036.04
1827.06
1913.19
1536.86
2081.16
2032.87
1578.1
1310.28
2030.86
4290.82
1727.91
1190.09
1728.95
2357.76
1726.38
1548.62
3581.74
4689.91
1389.53
3344
1783.34
1276.63
1832.74
1924.82
1725.51
2560.38
1374.02
2028.26
2241.75
1304.83
1497.47
2069.28
2547.06
1729.66
1616.34
2948.88
1520.51
1953.13
1523.67
2048.13
1842.75
3137.21
2709.62
1935.96
1529.24
1885.41
2421.85
1859.38
1702.1
1696.51
1266.31
1282.66
2358.99
2293.06
2336.13
2796.77
1520.02
1794.83
1205.47
1680.93
1707.28
1862.73
2512.68
1314.35
1286.17
2888.56
3224.26
2380.58
897.171
1646.32
1841.16
1565.9
1455
1730
1037.45
1474.67
1230.18
3665.97
2840.12
1546.56
2786.85
1476.02
1989.31
1541.28
2730.09
1489.35
1761.59
1644.56
1726.19
2584.91
2618.38
1098.26
2448.91
1377.59
3415.51
1854.1
2871.13
1890.78
3191.41
936.679
3543.12
1229.33
2042.03
3296.6
2373.73
1459.76
1793.51
2853.23
1866.11
1909.43
1457.97
1831.73
2910.03
1495.33
1519.86
1792.21
1962.01
2548.36
1405.53
1286.8
1604.12
2513.52
1645.44
1384.22
2867.97
2236.48
1814.98
2566.12
1004.46
1252.1
1227.76
4377.51
1556.83
1293.41
1548.55
1702.69
1433.83
1733.16
2584.06
2357.88
2150.2
2983.28
1537.37
2641.01
3068.33
2855.18
1210.26
1667.11
1856.14
2354.93
1621.7
1878.16
6677.32
1781.75
2584.48
3012.35
2741.38
1987.79
2873.69
3275.29
4549.78
1716.71
1631.46
1418.07
1764.88
919.788
1942.77
2245.39
2741.52
3366.08
1421.14
2694.75
1407.27
1958.08
1512.75
1818.79
1467.17
2495.53
1968.8
1211.46
1795.33
1976.22
2119.05
2958.45
1636.77
2324.28
1246.75
3976.34
3357.34
1705.41
2092.92
3453.6
1563.96
3718.74
1971.35
1862.98
2441.96
2022.43
1060.11
1446.17
2461.33
3334.34
1363.04
1630.45
2159.06
2359.35
2115.91
2011.43
1497.77
1563.31
2626
1997.35
2239.47
1208.1
1966.08
1625.6
5007.59
1504.38
1251.38
1535.81
1432.8
1269.4
1472.49
2482
2516.47
3917.22
2119.14
1456.25
4019.2
1640.55
2084.49
2664.18
1565.62
1465.43
1309.89
2533.9
2279.51
2953.19
1427.93
2283.09
1327.01
2233.75
2407.56
2986.87
2193.47
1283.17
2526.59
1442.72
1469.06
1698.78
1553.24
2621.19
1422.19
2120.83
2464.67
2733.65
2161.02
2375.35
1502.15
1752.6
1188.67
1467.16
2006.24
1429.8
1566.71
3036.36
1923.27
1323.24
2099.57
1271.48
1640.21
3222.54
1914.08
3460.07
1401.36
1266.31
1842.38
2205.36
1367.46
1158.47
1905.35
3423.38
2460.31
3157.97
1473
1454.27
2109.83
1828.67
2574.29
2746.5
1888.83
1198.27
1903.09
2894.36
1372.89
1931.17
1490.47
1733.82
1026.04
1404.84
1277.51
1454.75
1373.63
2252.73
3279.83
3842.14
1377.47
1657.11
3320.93
3236.5
1500.57
1495.18
1357.81
1436.8
1738.78
2577.75
1753.16
1699.34
2423.7
3302.41
1739.76
2689.77
1310.95
1918.44
1950.37
2086.61
1528.78
2029.73
1353.73
1891.7
3502.08
1604.97
1082.76
2277.01
2868.41
2608.87
2579.81
2823.7
2622.58
1763.1
1370.68
1223.42
3066.75
1285.3
2470.39
2126.99
1780.07
2997.85
2544.84
1251.62
2982.87
2748.16
1817.97
1626.32
1395.29
1283.63
2777.81
2549.58
3512.53
1427.65
1142.77
1173.83
2826.14
2104.15
2123.31
5018.71
1834.91
2271.76
1866.12
1089.14
2457.41
2105.82
3199.33
1910.2
1779.66
1445.95
1676.31
3829.65
2432.37
1068.51
4405.37
1541.93
1665.19
3248.68
1363.65
2034.28
1939.05
1267.86
3434.35
1084.23
1557.22
1988.74
1917
1198.77
4011.72
1646.04
1369.02
2166.4
3670.08
2902.76
1576.78
1274.5
2425.11
4112.73
1818.57
1809.09
1602.78
1236.4
1997.92
1356.54
1528.93
3002.82
1803.58
2389.08
1766.15
1246.52
2594.31
1991.17
1793.57
1299.22
1961.93
1549.53
2090.07
1507.54
2444.67
2247.09
1257.4
1295.28
1902.36
1549.97
1588.57
1737.39
2002.34
1947.83
1188.58
1110.24
3342.38
1430.88
2536.2
1751.29
1698.4
2074.53
1622.13
1504.12
1546.71
2198.44
1606.67
2006.74
1714.73
1604.02
1301.71
1502
1652.15
2248.07
1516.18
2039.58
2231.38
1982.6
1423.05
1755.63
2415.14
1781.05
1370.1
3486.24
1514.62
2005.78
2979.52
2786.91
1720.52
2181.38
1183.36
1385.17
2223.53
2100.06
1324.26
1147.3
2005.62
1531.5
1826.48
1146.21
1495.13
1177.36
1621.12
1906.51
1376.43
1972.85
2815.2
1694.85
2212.96
1763.48
1225.74
2448.96
3048.59
3506.2
2659.71
2289.12
3271.62
1879.63
1957.82
1896.84
1838.08
4156.4
1725.24
1811.2
3598.05
1813.87
2174.27
1513.87
1860.23
1309.38
1886.57
1928.44
4264.81
1638.86
1943.61
1438.89
1746.82
1587.63
2382.9
1471.43
1400.6
1675.13
1386.89
2290.23
1402.9
3597.12
1934.66
1509.64
1503.01
2245.82
2092.79
1367.44
1682.54
2544.51
1586.38
3212.82
1294.07
1517.6
1268.58
1873.17
2421.1
1316.26
1808.97
1405.89
2760.41
1463.22
2235.39
1300.82
2586.69
2494.71
1810.43
1650.31
2171.99
1907.13
1545.13
1601.89
1996.15
1713.1
1098.21
1723.37
1031.46
2817.05
1593.67
2138.49
1831.18
1431.19
1609.4
1663.76
1083.36
1295
1455.42
2252.96
1279.94
1675.29
2072.71
1541.54
1058.78
3346.02
1225.3
1482.73
2974.59
2297.72
1174.28
1741.18
3117.27
1700.22
1103.43
4122.13
2884.7
1862.31
1937.41
1392.19
3409.06
1541.43
2842.3
1932.58
1625.64
1519.49
1953.02
1739.05
1247.6
1776.9
1962.47
1104.43
1351.23
2081.68
2808.3
2759.05
2839.97
3049.27
2063.07
1193.86
1423.66
1365.45
2033.19
1682.6
1686.17
1608.94
1631.69
2648.34
1532.22
1379.37
1499.64
2683.14
1412.39
1654.76
3818.97
4050.32
1444.59
1373.36
1625.97
2032.85
1732.34
3041.53
1810.86
2330.51
3462.72
2591.44
1865.9
1552.39
1993.78
3165.47
3211.55
1733.72
2710.15
2260.09
1696.5
1930.09
2462.42
1609.7
1433.07
1635.91
1282.41
1310.23
1291.97
1556.11
1812.04
1380.39
1706.07
1423.63
1688.6
2285.12
3306.15
1496.07
1625.83
3486.88
1290.29
2864.42
2389.01
2013.79
1530.28
2621.64
1577.52
2664.24
1435.11
993.685
2237.48
1861.46
1145.17
1176.88
1854.38
1612.48
2449.92
3216.04
1629.43
5715.57
1504.23
2255.56
1399.65
1498.24
2191.35
3797.53
1016.34
4004.79
1536.56
1569.27
2306.51
2048.46
2152.78
2071.52
1855.61
2566.36
2166.01
1999.15
1486.42
4987.94
1689.2
1750.78
1620.16
2373.42
1622.17
1820.3
1921.79
1409.51
6234.42
2318.28
1823.78
4505.39
1254.59
1899.45
1092.02
1799.33
1904.35
1900.81
2919.26
1957.54
1321.2
2758.26
1945.52
1133
1624.33
1195.72
2731.48
1523.35
3497.76
2291.92
2050.95
1588.84
2544.1
2136.91
2162.68
1483.92
1577.15
1389.35
1145.65
1754.13
2117.79
1766.65
2399.6
2127.4
1773.68
2390.44
1296.91
2421.21
2672.62
1781.95
1630.12
2548.6
2313.63
2440.38
1976.51
1868.57
1662.01
2605.42
1595.35
1856.87
2116.81
1929.88
2223.89
2073.04
2617.73
2172.97
1830.16
2305.12
1954.71
4409.18
2231.4
2064.72
1702.73
1613.91
1157.78
2106.44
1373.55
1501.43
1749.03
1423.38
2706.01
1680.54
1733.37
1776.82
2358.31
1447.38
2640.53
2582.31
1381.74
1301.14
2783.6
1960.6
1553.29
1527.14
1527.06
2095.08
1585.11
2095.88
1564.8
1892.25
2107.69
1889.55
1569.28
5051.37
1618.07
2397.93
1500.86
1541.06
2068.44
1698.27
1583.52
1753.59
2281.12
1292.04
4220.92
2681.46
2269.93
1725.27
1403.33
2280.35
1880.46
1696
1900.55
5747.41
2052.66
2711.26
1805
1117.87
1815.25
2055.34
1393.92
1047.65
3188.01
1668.89
1817.41
1365.25
1472.15
1292.03
1803.51
2695.2
1653.92
1168.91
3737.35
1887.93
3112.88
2493.99
1239.32
2892.41
1685.77
2718.99
1755.42
1735.33
1544.09
1528.29
1528.77
2123.22
1657.6
1780.9
2164.69
2036.11
1902.26
1423.12
1737.75
1420.51
1511.75
2554.87
2203.84
1467.39
1316.42
2291.59
2067.12
1950.49
1249.35
2236.94
3254.57
3755.43
1306.88
3031.42
1505.93
1812.44
1532.33
2027.8
2159.81
2530.02
1489.34
1049.5
3503.18
1632.62
1235.68
1447.57
1236.4
2489.87
2227.28
3802.03
1389.88
2465.63
1388.66
4729.8
2199.26
2860.55
1609.39
2335.05
2927.37
1287.29
2851.5
1801.51
2880.16
1598.17
2095.35
1819.41
1094.14
1953.74
1139.99
1621.08
1432.75
1287.44
1752.14
1452.78
1954.62
1475.27
1821.66
1134.62
1368.46
2169.51
1038.43
2588.18
2735.2
1597.4
1962.26
4699.28
1298.83
2145.26
1549.78
1311.08
2491.21
2251.98
1637.62
1963.42
1563.31
1363.96
4976.29
2373
2134.74
2057.7
1695.67
2603.2
2887.25
2050.13
1967.61
1831.42
1161.63
1486.54
4763.43
1596.09
1769.97
1006.84
1382.46
1576.69
1466.85
1678.9
3394.07
1370.88
1417.76
1535.96
1324.95
1453.28
1537.66
3217.96
1588.37
1388.74
2024.4
1373.03
1570.53
1360.94
2535.9
2178.81
2477.92
2323.38
2770.86
2560.86
1655.48
2427.71
1886.61
1419.22
1290.78
1264.41
1797.27
2002.9
1578.85
2228.48
2065.28
1616.52
1782.75
2217.98
1687.62
1591.92
1923.62
1263.97
2121.39
1385.69
1850.47
3032.16
1701.5
1482.23
3538.11
1206.04
1337.73
2242.57
1737.54
1536.03
1356.39
1351.21
1978.88
1732.37
4380.59
1093.74
1863.27
2818.55
1309.01
1474.78
2068.62
2023.43
1737.35
1346.4
2291.92
2645.68
3059.76
1392.33
1335.81
2372.4
1204.91
1519.78
2281.55
2388.48
2967.11
1800.48
1487.04
1091.39
1566.71
1718
2014.16
2993.72
1253.81
1350.87
2106.54
2118.31
2132.32
1282.85
1919.7
1590.67
1848.48
1809.32
1483.61
2483.83
3727.94
1300.34
2130.23
2215.15
1151
1404.53
1244.59
1139.94
1641.34
2606.75
1405.66
2501.99
1884.51
2056.81
1949.63
1894.13
6490.69
8232.5
1851.26
2048.29
2300.77
1930.88
1844.87
3029.13
1813.9
4898.72
3511.65
1489.21
1893
1281.9
4725.56
1565.23
1520.09
2008.9
1762.8
4039.55
2368.15
1476.45
2120.47
1500.04
1452.54
1824.35
2610.98
1795.98
1502.53
1831.7
1549.07
1673.46
3340.16
1755.56
1867.16
1367.24
2281.28
1482.93
1375.54
1639.09
2483.63
2283.61
1455.45
1407.5
1855.51
1701.68
1802.76
2051.09
3134.5
1977.62
1537.95
1735.13
2481.91
2600.74
2557.01
2222.39
1466.18
4676.82
1478.99
1627.44
3090.08
1388.22
2590.97
1214.62
1324.83
1510.37
1478.02
1539.13
3188.09
1493.83
1799.13
2055.42
1964.71
2165.17
1442.66
1715.92
1309.64
1277.02
1255.1
1619.22
1055.83
2918.08
1754.47
2058.41
2015.38
3002.99
3525.52
1867.97
1796.28
2125.58
2851.94
2180.85
1434.35
2030.04
1437.71
2080.78
2023.83
1303.5
1431.27
2110.05
1709.55
1406.9
1467.63
1495.42
1926.94
1301.35
2280.64
876.874
3173.94
1856.11
1340.04
3147.44
1072.01
2231.27
2385.63
1383.1
1867.99
1745.69
1775.03
1614.74
2103.25
1705.81
2073.32
2683.29
2600.42
1555.12
1459.63
1556.88
1296.37
1896.85
1781.19
3172.37
2387.17
1604.72
2008.72
2733.07
1945.22
2181.26
2224.76
3082.01
969.49
2156.75
1446.48
2226.31
1642.35
2362.24
3251.89
1564.15
1495.41
1658.79
1099.19
1705.8
1470.96
1174.32
2272.18
1618.05
1547.68
2489.01
973.478
3622.12
2295.25
1449.71
1567.58
1336.21
1164.58
2259.25
1672.35
1742.79
1855.7
1680.81
2072.42
3172.26
1553.9
1304.4
1795.81
1506.6
1799.27
1572.15
1796.41
1634.04
1805.29
2602.33
1949
1362.44
1653.35
1484.44
1899.49
1926.4
2871.36
2104.43
5821.24
1410.96
1998.84
2313.96
1899.2
2024.85
5351.23
2156.16
1686.74
1976.56
1676.35
2825.11
2121.31
3965.27
3760.69
1734.48
1977.3
1652.71
1775.16
1588.54
1722.73
2264.6
1256.01
2128.32
1526.63
2546.96
2335.89
1637.11
1998.21
1074.82
2700.49
3444.78
1746.74
2619.66
1496.45
3829.21
2740.69
1318.27
1627.68
1755.12
1561.57
1489.96
1319.43
1495.5
1423.19
2511.27
4423.3
2009.63
1048.7
1494.88
2234.33
2103.85
1884.65
1725.83
2451.35
1429.3
2129.27
1767.99
1587.7
1592.74
1123.08
2666.13
1601.8
1851.26
1139.66
2103.3
4131.18
1489.24
1618.58
3982.46
1314.18
2494.54
1572.45
2534.42
1646.83
1503.51
2534.45
1779.84
2107.95
2730.69
1538.42
2294.61
2253.46
2091.21
2845.59
1431.29
2147.3
1318.45
4214.03
1527.68
2080.12
1410.74
1462.33
1252.5
1849.56
990.909
3212.63
1338.34
1835.41
1812.43
1355.74
3264.79
2839.81
3507.68
4604.83
1865.3
1502.52
3458.63
3306.38
1508.36
1792.9
2378.35
1656.57
3204.66
1538.21
1473.97
1609.68
1923.38
1639.31
1286.94
1918.88
2114.53
2333.93
4236.2
1447.62
3440.16
1993.88
2579
2463.78
2056.34
1493.14
1321.98
1835.54
2446.87
1881.45
1424.86
2534.4
1507.88
1443.86
1256.63
1290.55
1258.5
2406.63
1433.49
2606.44
1470.2
1098.5
1365.83
1018.77
4363.57
2015.3
1331.63
1261.5
1581.13
1566.13
1462.5
1713.88
1395.69
2433.17
2201.89
1429.14
1337.41
1543.69
1858.92
1630.9
1783.85
1941.17
1938.7
2642.91
1554.39
1326.98
2989.51
2132.25
1864.06
1331.26
1789.72
1411.92
2387.94
2961.82
1639.51
1985.33
1249.78
2903.82
1767.93
2033.03
1419.4
963.656
1353.69
2223.49
1395.95
1263.48
1883.07
1965.04
1834.71
1758.67
2429.16
1449.24
1962.95
1599.4
1945.19
2188.31
1117.98
2144.31
2380.44
1263.52
3077.43
1548.74
1446.49
1790.5
1497.9
1649.59
2514.73
2184.3
1672.91
1613.79
2040.46
1972.93
1716.84
1351.01
1688.81
2889.29
2251.24
2553.82
1973.3
2217.39
1508.57
1587.95
1152.61
2156.57
1979.43
1793.22
1362.58
1401.75
1529.67
2171.19
3711.84
1673.14
1376.34
2355.4
2112.42
2325.54
1782.41
1552.46
2784.39
1761.99
1550.99
1455.83
1600.92
1579.01
2423.16
5877.43
1209.01
2003.1
1444.49
1417.06
2853.33
2839.41
2647.11
1812.55
2124.78
1589.32
2067.88
1683.36
1578.8
1527.09
1110.44
4068.73
2057.37
2116.03
1452.13
1418.92
1474.65
1174.69
2622.07
1415.2
1486.92
3597.05
3644.41
2183.87
1734.05
2947.91
2251.4
2069.46
2885.15
2307.07
1968.41
1608.99
3989.8
2951.06
1536.85
2085.46
1661.37
1154
1401.17
1182.91
1940.81
2378.3
1484.73
2895.09
1277.23
2762.51
2259.08
1610.18
1786.08
1953.99
1389
1756.98
2474.91
2242.24
2193.05
2460.43
1550.66
2504.16
2177.36
2117.45
1651.39
1293.23
2092.86
1400.38
1901.03
2354.6
1177.14
1308.27
1958.82
976.644
1309.85
1620.35
1337.15
1812.71
1481.94
3003.8
2685.29
1207.1
1632.43
1693.65
2148.83
1590.45
2668.31
2687.93
2930.86
2011.63
2249.7
2725.92
1603.38
1187.14
1388.35
1138.19
1578.63
1493.04
1423.92
2871.25
1932.16
1626.22
2908.74
2323.17
2269.25
2321.08
1652.39
1459.41
2206.4
8755.04
1183.63
1395.07
1167.69
2312.05
1073.61
2858.6
1256.72
2763.19
1775.65
1296.41
2071.7
1334.39
1560.38
1552.15
1448.35
1366.83
1785.79
2361.2
1414.92
2282.15
1271.86
1611.59
1930.48
2034.76
1490.81
1185.11
3178.13
2610.38
2293.9
2977.32
1708.88
1263.63
1501.05
2046.96
2521.59
2264.2
1829.04
2579.12
1602.39
1388.22
4674.67
1743.33
2149.58
2434.26
1644.74
2295.34
1589.85
4107.07
1367.34
2157.47
2285.52
1318.7
1021.82
2301.59
2935.17
3440.95
2085.63
2047.24
2229.89
2058.96
2367.65
2614.63
1603.74
1428.67
1459.67
1751.92
1457.72
1723.18
2236.77
1777.46
2138.17
1987.22
2418.47
3429.41
2546.36
1684.42
1402.97
1644.77
1139.58
1158.1
1445.06
2357.92
1663.79
1456.69
1901.39
1963.98
1599.23
1153.22
1949.9
1605.9
1657.97
2271.17
2171.21
1506.02
1978.33
2260.58
1511.88
2194.52
1913.11
2589.76
1359.08
2065.42
1255.28
2388.26
2539.14
1554.73
1479.44
1499.38
1674.29
1534.04
1890.98
1792.15
1666.48
2128.86
1661.07
1411.8
1932.99
1242.3
2212.64
2903.58
6382.53
1265.45
1796.31
1889.69
1994.12
1914.78
1616.68
2001.5
3310.8
2207.28
1652.26
4123.47
3208.44
2483.8
2073.52
1367.64
1014.99
2339.16
2657.59
2316.44
1940.77
2467.12
1796.73
2937.56
1785.46
1560.92
2111.25
2240.2
1288.27
3040.01
1439.75
1692.47
1890.04
1747.83
2019.74
2558.87
2369.57
2096.36
1606.45
1311.65
2446.59
1638.87
2727.06
4013.91
1902.12
2077.05
2161.18
1324.04
1414.19
2469.86
1846.35
1364.76
1899.53
1403.81
1967.67
1167.66
3281.57
1759.66
1192.71
1608.95
1619.32
1391.28
1278.4
2985.12
1482.06
2139.54
3935.9
1626.02
1910.61
1381.76
2258.82
1945.11
1829.16
1629.28
2207.65
1128.26
2175.49
1905.64
1469.17
1453.99
2880.86
2152.04
2604.2
1168.15
1965.29
1982.04
1530.75
2711.77
1950.84
2271.81
1907.63
2073.9
2447.32
1389.69
1279.06
3422.25
1716.22
2309.27
1288.93
1447.54
2235.67
2094.05
2339.41
1331.52
1346.16
2490.68
1663.15
1309.24
2722.81
1904.89
1611.63
2859.22
1719.66
1559.29
3242.56
2549.17
1777.45
1449.42
2576.69
1935.39
2111.97
1622.16
1500.45
1638.1
2048.51
1326.99
2254.72
3583.8
1198.46
4640.7
1741.74
2091.68
2120.73
2304.75
1626.8
1656.68
2451.84
1784.04
1639.25
2072.49
1463.77
1327.2
3483.76
2064.56
1882.65
1749.75
2505.31
2034.93
2422.93
4365.97
1486.71
1630.48
2304.42
1835.32
2039.27
1652.58
2182.48
1692.55
1835.64
3691.77
1768.2
1658.72
1873.18
4441.19
1556.21
2075.73
1835.5
1818.15
2231.13
1586.31
1667.16
2092.61
1653.13
2143.97
1872.06
1113.92
2620.34
2091.58
2017.1
1402.48
2227.09
1460.78
1970.67
1330.72
1344.82
1691.25
1501.94
1383.23
1484.55
3814.76
1723.15
2286.07
2062.92
1247.84
2518.65
1315.19
2919.26
2408.82
1404.58
1286.45
2042.17
1641.34
1778.55
1696.93
1833.78
1680.36
1325.5
1920.05
2059.29
2391.63
1610.75
2527.07
4806.43
1856.89
1453.85
1620.59
1468.22
2621.69
1886.29
2132.16
3676.77
974.809
2754.07
1514.03
1588.17
3145.24
1908.87
1919.42
1575.24
1413.26
2448.79
2026.09
1940.48
1721.63
1317.52
1864.82
2613.89
2127.59
1849.31
1936.52
1504.03
2113.92
2584.46
2053.62
1488.46
2268.98
2516.58
1378.84
4136.71
3222.01
1657.7
1494.54
1578.21
1087.21
2114.51
2633.7
1243.62
1928.33
1833.53
1953.04
1981.86
1541.2
2035.73
2147.01
2061.33
1651.32
1264.42
1250.58
1895.04
1718.87
1559.05
1772.41
1318.91
2921.01
1529.82
1805.82
2232.45
2577.94
1268
1240.28
1749.15
1157.03
1513.24
2791.65
4710.67
1247.42
1467.78
1323.33
1252.26
1501.1
2091.13
1168.27
1289.27
1561.99
1669.06
1352.97
2410.26
1801.82
1770.24
1051.23
1722.38
1696.78
2937.43
1304.2
2151.11
1225.44
3424.95
2079.37
1997.8
2314.19
1105.97
1767.26
1517.73
2486.48
2595.54
4177.85
5073.16
2115.9
2231.65
1148.27
1235.89
2079.45
1180.09
1298.21
1362.22
1741.72
2611.72
2292.84
1315.43
1132.81
2840.01
1242.24
2091.38
2695.13
2191.42
5173.46
2667.46
1974.73
1883.97
2083.04
2446.81
2158.55
2192.04
1383.65
1396.35
2333.58
2623.99
1914.52
1716.02
2225.17
1461.9
1811.58
1415.66
2397.12
3588.95
1078.29
1886.73
4500.01
1654.71
1522.02
1772.19
1465.71
2136.49
1389.3
2188.21
2044.64
4160.24
1218.63
2184.69
3285.59
2161.29
1876.5
1840.16
1993.49
1304.72
3213.03
2655.12
1838.45
1038.77
2793.27
1888.62
1643.34
2991.63
1814.99
1642.33
2495.01
2024.91
3234.94
964.802
1366.08
2767.45
1143.18
1056.3
2262.32
2984.39
1523.96
1727.36
1751.92
2384.59
2018.98
2294.99
1439.14
1953.03
1564.83
1692.95
2661.05
2210.64
2716.1
2397.07
2092.04
1316.95
1758.8
1269.62
3253.47
3541.26
3041.31
1585.3
1905.78
1695.75
1476.78
2432.97
1760.86
1038.11
1441.26
3707.66
2590.19
3488.19
1421.73
3171.2
1377.25
2178.69
2539.88
2905.88
1618.32
1977.48
3144.82
1365.29
5284.33
1853.36
1502.32
1819.9
2579.37
2282.04
1966.18
1861.92
1486.16
2074.08
1955.21
1787.21
1914.9
1175.96
1599.93
1474.52
2808.74
1656.39
2070.89
3693.15
1609.99
1866.04
1919.53
2504.98
1137.39
2425.46
2317.24
1541.11
1811.69
2105.21
2484.95
1617.12
1536.6
1488.95
1884.71
1777.36
3281.67
1838.15
1460.59
1329.35
1785.83
1586.63
3149.63
1362.49
4054.01
1885.93
1920.82
2215.63
1832.4
3100.3
1358.01
1217.66
2377.53
3156.5
2337.16
3516.55
3118.61
2585.15
1521.61
2028.36
1182.58
1413.86
1486.47
1956
1536.57
3835.35
1613.71
3143.55
1550.19
1451.09
1751.86
2177.35
1608.04
7295.25
2004.85
1011.61
2517.47
1087.22
4853.75
989.335
1365.18
2007.94
1389.16
1938
2246.31
2224.81
1277.57
2063.69
1924.97
1750.23
1337.47
3479.13
1387.8
1778.81
3205.94
2652.46
1482.19
1341.05
1885.4
1183.86
1439.47
1708.61
1390.09
2451.47
1333.78
1871.14
1445.52
1343.21
3452.97
1769.36
1829.03
2119.29
1911.58
1587.89
3218.88
2246.64
1795.92
2000.13
2950.77
1819.33
1194.46
1659.71
1735.05
1273.8
1603.61
1436.42
1371.98
1752.36
2562.33
1776.96
2416.05
1520.88
3118.14
1496.73
1715.73
1156.06
1242.88
2535.63
1524.86
2825.92
1930.82
1345.3
1237.04
1830.35
2725.47
2193.01
1721.65
1647.05
2414.2
3535.48
2430.72
1521.86
1164.47
1636.53
1733.36
2205.37
1052.57
1623.25
1141.07
1862.47
1285.82
2041.16
2245.85
2049.59
2891.77
1159.62
1453.61
3470.76
1461.38
1983.53
1787.94
3218.79
1528.02
2836.55
2124.98
1454.56
1628.37
2078.42
1999.66
1591.24
1325.76
1271.33
1691.07
2070.38
1812.63
1636.74
1768.18
2063.69
1740.11
1928.37
1859.15
1640.58
1694.59
1817.22
4680.38
2074.63
1710.69
1969.49
1456.13
1685.22
1505.63
3765.76
1595.61
2598.46
1965.11
1758.87
1630.51
1905.77
1946.28
3421.54
1133.12
1720.43
1381.41
2106.11
1295.67
1797.64
1256.2
2939.26
2167.59
1614.26
1688.57
1966.42
1401.82
2174.08
1986.21
2002.34
2176.6
3926.09
3174.23
3512.77
1630.7
2959.11
2446.39
1506.67
2501.52
2157.61
2576.88
1816.14
2008.42
1534.09
2598.47
3788.28
1935.93
2314.97
1077.18
1610.65
1610.85
1108.71
3248.01
2166.4
1582.24
2569.15
1927.23
1444.36
1361.75
1894.53
2296.78
1881.99
1815.81
1256.91
2175.41
1474.02
3301.24
3570.74
1349.82
2268.97
2013.28
2359.51
2322.27
1614.44
1586.13
2953.61
3212.33
2892.97
2762.12
1290.63
1309.91
1406.06
2342.29
1671.8
1359.02
1783.04
1744.45
2171.94
2372.73
1135.01
2206.52
1345.22
2189.21
1439.47
1525.96
2061.57
1269.29
3825.21
1303.61
2242.51
2467.53
1461.63
2799.94
2060.54
1593.9
1414.01
1283.27
3011.74
1677.84
2907.53
2029.66
1772.85
2029.81
2325.93
1999.19
2217.51
1845.55
1324.89
2190.08
1852.26
4096.77
2069.21
2622.78
1644.83
1157.42
2787.39
2468.01
1644.39
1657.27
1172.61
1822.37
3065.89
1302.79
1498.78
7258.67
1952.76
2461.73
1950.16
1445.68
1386.7
1786.87
3132.56
1270.45
1371.19
1406.27
2114.46
2379.4
1639.43
2121.83
1220.81
1223.71
1468.66
1183.55
1478.83
3706.44
3888.55
2658.57
1141.41
1805.62
1416.34
2181.08
1908.62
3022.19
1364.31
1385.75
2211.16
1933.17
1210.97
2318.43
1519.9
6561.13
1935.6
1744.54
2811.8
1568.35
3331.06
2191.84
1292.49
2673.96
2645.75
1555.3
2156.97
2121.92
2378.76
3837.95
2654.4
1625.33
1818.99
1840.48
1876.26
2646.48
1634.98
1556.46
1647.49
1434.71
1946.13
1258.35
2306.95
1396.67
3084.39
1684.32
1329.78
2040.63
2960.77
2985.31
2187.86
1119.18
1413.6
2845.46
1005.89
1521.39
1783.03
1768.42
1269.8
1544.13
2097.58
1603.96
4142.4
1880.92
1595.25
1957.45
2411.67
1805.36
1773.87
1603.64
2823.31
2027.78
2400.7
1245.41
3302.8
1747.15
1524.11
3537.84
2268.11
1932.58
2057.17
1806.59
894.141
1513.37
1897.01
2542.29
2221.82
1346
3188.72
2552.54
3438.77
1966.38
1250.35
1244.28
2048.34
1649.1
4707.75
2994.93
1805.63
1185
3208.74
4103.94
1833.25
2755.24
1958.8
1540.73
2128.05
2575.55
2101.89
1519.51
2141.31
1937.34
1252.11
1118.73
2507.32
1976.62
1488.21
2240.34
1977.73
1679.35
1185.17
2021.76
1310.83
2380.09
2209.14
1227.66
1109.87
1288.28
1421.93
1052.33
2150.41
2107.96
3933.79
1841.12
1789.75
1427.15
1486.34
1658.48
1269.34
2079.76
2636.45
1950.78
1830.58
1024.38
1912.93
2287.78
1086.69
1470.78
3204.44
1932.2
1835.64
1701.87
1793.53
1314.57
2059.9
1550.33
1417.27
1631.92
2333.41
8942.62
1935.58
1627.6
1507.52
1477.73
4710.71
1456.68
1657.55
2108.85
1402.51
1635.25
1049.43
2002.92
1421.92
2092.35
1865.87
2149.35
1341.63
2369.04
1813.94
1358.19
2613.54
5171.54
1611.75
2686.51
1910.91
1019.2
2161.55
1402.27
1914.34
1455.88
3811.74
1604.74
1194.63
1587.59
2945.69
1846.86
1729.56
1427.64
1785.18
2595.81
1235.78
2026.94
2837.02
1726.8
1902.52
1371.74
1704.02
1581.77
1494.43
2410.37
1717.99
1579.17
1762.2
1969.29
1761.12
1543.9
4361.75
1346.65
1918.64
2624.97
999.843
1384.54
2414.57
2756.75
2968.45
2223.62
2301.27
2846.32
1799.65
2080.8
1359.89
3290.06
1409.44
1657.2
3759.68
1402.72
2366.52
1907.29
1274.67
4587.61
1218.55
1194.88
2403.74
1968.64
1715.12
2533.47
2548.8
1438.4
1281.1
1663.42
1512.21
1897.5
1305.69
1275.97
1717.34
1533.36
1656.12
1888.89
2791.93
1954.49
1934.84
1879.84
1510.45
1130.43
1429.71
4473.11
2422.19
1645.41
2663.39
1409.44
2064.33
2441.38
1299.69
1314.73
1163.67
1590.15
1685.15
1262.81
1343.59
1438.47
1944.02
2798.8
2168.24
2013.76
1303.15
3405.95
1759.3
1940.16
1247.4
1592.1
1323.98
1795.93
1324.48
1588.47
1654.66
1416.47
2183.36
2477.34
2180.68
2396.01
1311.25
1206.9
2540.52
2094.26
1965.76
1420.4
2456.54
1177.88
1260.27
1537.85
2110.9
1489
2354.13
1439.34
1378.41
1353.22
2848.94
1627.69
1970.22
5543.47
1586.44
1503.66
1818.5
2702.1
3070.29
1911.04
1330.64
1312.38
3301.01
1544.61
2647.69
1297.64
2145.96
1680.42
1351.63
1249.59
2090.08
2098.72
2002.99
2002.44
1972.54
1885.08
1674.33
2285.44
2359.31
2169.68
1625.21
1462.77
2638.9
1780.89
2073.39
2072.86
1722.32
4554.87
1827.01
2519.2
1638.73
2056.73
1530.69
1957.33
1390.12
2568.11
1556.2
2033.06
1878.28
1326.29
1333.94
2195.39
2406.13
2448.53
2489.6
1823.19
2437.34
1067.33
1796.75
2308.01
1918.3
2354.28
1733.08
1536.27
1418.13
2557.28
1794.89
2631.81
1444.64
1975.41
1755.26
4302.23
1666.3
1630.81
1687.56
3049.76
1962.54
2517.12
1402.37
2033.26
2249.44
1725.59
1895.65
2040.81
1293.92
1378.01
2978.74
1380.46
1405.67
1604.24
2098.95
986.03
1786.07
1782.26
1591.46
2222.75
1570.14
1879.83
1204.62
2588.73
1420.83
976.027
1723.31
1401.02
2948.46
1657.34
1089.04
1427.37
1528.23
2780.44
1096.98
1520.62
1474.76
2753.89
3037.43
2103.65
1451.73
1537.94
5564.02
1479.38
2067.49
1333.62
2426.08
1514.32
1908.27
1520.22
1561.46
2068.23
2032.15
2350.62
2946.61
1665.59
2104.43
1454.65
2464.86
1477.4
2507.08
2646.83
2033.27
2890.87
2510.77
1903.61
1752.69
2184.58
2242.64
1458.51
1705.4
1174.01
2844.34
1708.11
1464.53
2193.73
1829.89
4068.74
3908.6
1117.14
1393.68
4543.63
1599.05
1719.35
1643.39
1947.77
1836.68
1612.47
2440.22
1516.09
2277.95
1832.34
1470.93
1638.22
1323.31
1499.78
2444.77
1241.25
1951.2
2527.72
2347.61
2413.65
1349.6
1842.71
1147.52
1776.28
1245.96
1178.44
3682.91
1956.93
2107.15
1497.7
2362.62
1848.73
1393.19
2784.77
2165.1
1568.35
2580.45
1396.49
1120.38
2718.53
1267.17
1688.08
1473.74
1854.09
1990.26
1546.48
2479.61
1379.46
1723.52
1621.77
2759.38
1382.45
1549.05
1373.33
2641.34
1899.84
1230.44
1810.02
1671.87
1174.3
1521.21
1235.87
1419.57
1717.23
1444.56
2389.08
1857.35
1361.1
1094.55
1477.91
1695.68
1885.23
1146.26
1465.8
1916.73
1938.91
1765.99
1936.94
2452.61
1598.7
1358.84
1739.65
3299.46
1145.85
3814.3
2654.08
2662.1
1652.07
2774.31
1253.86
4196.13
2567.41
2775.31
1281.11
1942.12
1076.94
1637.24
2834.8
1863.77
1614.42
1621.6
3185.16
1598
1678.62
1658.44
1679.6
4939.74
1320.22
1355.19
2569.11
2058.75
1585.29
1479.76
1641.68
2124.12
2957.83
2150.75
1822.26
1303.09
1243.12
2615.75
1592.59
1639.52
4038.92
1739.36
2418.03
2088.43
1167.97
1782.81
5081.49
1206.54
1519.5
1838.21
2840.97
1585.38
1181.71
1939.94
1650.6
1133.68
2196.03
994.054
3274.47
1992.34
1808
1431.46
1599.8
1993.52
2402.86
2381.83
2518.75
1600.16
1344.7
1436.24
1538.25
2369.03
1868.36
1409.76
1623.58
1440.57
1640.29
1635.73
2818.68
2130.04
2432.76
2428.86
2220.27
1615.63
2066.59
2620.81
1984.15
1439.18
1115.31
1749.35
1368.51
1282.85
2111.88
1670.57
6369.69
1683.25
2067.19
1278.1
1405.05
1589.2
1127.88
1890.35
3442.37
4164.68
1658.79
1570.63
1438.1
3355.81
1169.22
1509.52
3032.5
3057.37
1694.48
1581.05
1386.1
1770.4
1282.79
3260.09
2484.51
1512.53
2462.21
1521.64
1425.87
1375.78
994.429
2058.02
2433.3
1589.07
1807.22
1833.95
1874.4
3023.37
2298.44
1702.56
1565.7
2296.54
1017.57
1080.27
1682.5
1674.98
2428.57
1803.61
1796.95
2147.51
2137.41
1358.86
1672.81
3107.67
1646.88
1604.28
2824.93
1555.67
1922.45
1372.31
1774.9
1491.31
1370.6
2729.57
1264.85
953
2797.95
2758.27
1120.27
2137.31
1736.51
2814.03
1717.35
2977.38
1363.31
1184.63
1597.45
1177.48
1631.17
1864.06
1891.28
2003.65
1476.5
1627.15
2507.5
1774.41
1552.64
1613.42
1957.08
1228.05
1654.96
2084.49
2422.55
2359.79
1456.81
1656.31
1200.04
3404.71
1960.14
1462.14
1652.88
1394.24
1217.98
3138.06
1750.66
3090.52
1564.8
2057.44
2461.75
2110.98
1583.98
1346.86
1662.13
2124.42
1327.42
1345.01
2070.34
1187.78
4174.79
3205.76
1404.17
1993.48
2025.79
4450.78
1259.91
4083.45
2707.27
1481.85
2254.97
1328.39
1668.96
2429.32
1840.03
1719.63
1929.2
2384.35
1381.13
5860.45
3026.47
1749.75
1527.97
1918.76
1094.25
1418.71
1226.57
1651.04
1818.17
1841.42
2195.59
2788.36
1497.41
3198.36
2973.58
1310.13
2355.63
3405.99
1851.34
1293.67
2256.6
1387.35
2717.66
3077.63
1852.24
1625.73
2280.11
1346.91
1366.18
2337.38
1777.08
2219.56
1152.78
1982.99
3006.95
2123.34
2059.19
1503.77
4109.56
1901.78
1441.63
1284.25
2399.79
1317.49
1218.42
2022.54
1360.67
2165.73
2542.78
2219.28
1625.92
2593.95
1009.29
1769.65
2626.12
1335.28
1436.29
2373.97
2017.19
1598.68
6165.13
1498.97
2047.3
1835.12
2127.62
3338.09
2481.3
1175.97
2274.21
1699.54
1323.82
5006.72
1601.24
1625.66
1935.93
1329.19
2523.25
1849.94
1422.66
2123.83
2172.85
1611.44
3495.97
2153.31
947.498
1626.62
1407.2
1575.77
1381.28
3750.16
4033.02
1387.26
1760.23
1513.43
1812.92
2530.41
3659.29
1171.9
2436.7
1609.01
2752.32
2001.91
1547.79
1932.31
1405.23
4213.5
1451.19
1664.78
2148.07
1549.28
1425.89
1102.64
1437.17
1880.02
6348.32
1564.84
1244.36
1393.15
1723.97
1908.91
1264.3
3380.94
1397.45
1668.71
2317.76
2442.14
1660.74
2205.01
2112.31
1556.14
1864.63
1273.35
1708.28
2642.85
1652.98
1511.82
1900.16
2170.04
1537.38
1688.97
1487.01
1377.17
1509.31
1132.19
2241.41
1143.86
1454.08
1781.64
1374.78
2697.04
2934.53
4241.8
1634.07
2182.37
2477.27
1546.79
1684.49
1668.12
1028.79
1430.1
2241.93
1927.98
2695.83
2106.75
2118.93
1437.39
2234.73
1775.12
1623.17
1344.64
1547.68
1967.05
2396.06
2131.72
1172.51
2700.98
1692.39
1600.39
2114.05
2090.06
1756.98
1377.99
1775.47
1929.36
1760.64
2765.98
1151.01
1982.1
1390.4
1504.64
1991.23
1942.88
1585.3
2041.19
1566.76
1974.68
2351.8
1041.46
2596.84
1543.87
2080.75
1451.45
1675.94
2603.02
1865.05
4129.01
2037.56
4013.04
2415.6
2362.71
1938.49
1675.07
2520.37
1191.28
2207.26
2172.42
1479.49
1401.64
1783.72
1999.8
1640.23
1747.58
2268.17
1312.92
2557.81
966.002
1852.22
2078.23
2469.67
1435.34
1546.09
1218.16
1464.36
1161.53
1467.6
2144.57
1461.18
2843.85
1714.13
1352.92
1957.97
1779.78
2184.31
1741.27
1658.02
2052.62
1710
1593.2
2625.71
1495.7
1964.19
1662.66
1391.47
1365.58
2146.99
2573.04
1311.45
1724.76
3073.42
2831.57
2128.75
1380.74
1362.78
1232.77
1389.25
1871.5
2546.12
2297.64
1873.91
1188.79
1982.6
3238.75
2357.31
2061.79
1424.68
2682.97
3059.85
1821.39
1804.85
2137.04
1355.42
3296.85
2296.79
1359.91
1651.51
1163.65
2141.46
1679.27
2389.97
1967.11
2208.31
1728.02
1236.84
1363.81
1481.45
2260.51
3497.77
2516.16
1878.66
3091.31
5545.09
1736.25
1728.08
1724.82
1202.98
3453.29
1800.84
2273.24
2230.65
1259.11
2033.36
1963.19
3363.83
1808.25
2129.55
1526.66
2118.7
3347.01
1157.77
1098.51
2010.93
1435.74
1645.24
1749.84
2309.19
1696.27
1726.67
1480.91
1699.19
1644.78
3123.35
2190.05
4612.8
1397.43
1620.62
1202.1
1609.94
1567.1
1548.79
1887.98
1212.93
1965.67
1829.45
1629.32
6613.65
1903.22
1770.97
3567.34
2582.45
2622.03
2633.83
1091.1
1738.13
1594.93
1302.63
2062.57
1440.62
1517.04
2055.41
2253.12
1391.61
2505.75
1229.22
1203.36
2786.58
2040.12
3415.87
1512.35
1659.27
1306.85
3789.77
2892.87
1555.72
1324.58
1642.36
2341.63
5420.92
2188.06
1803.38
2126.34
1552.23
1991.33
2265.08
1613.27
2027.82
1421.02
1998.14
2105.64
1919.78
1403.68
1648.74
3032.52
2224.42
2652.98
1997.42
1576.04
1950.03
1149.12
1422.8
1630.53
2013.32
1660.61
1975.88
1062.56
1198.51
1727.68
1449.15
1460.51
1305.37
1745.39
1815.32
1957.33
3011.44
4628.93
2476.16
1443.51
1324.37
1589.01
1349.3
1899.15
1897.53
1329.22
4621.09
1621.08
1225.85
1459.09
1795
3276.4
1149.6
1682.51
1353.35
1916.13
3197.69
1572.33
1191.38
2333.19
3902.21
2999.8
5738.49
1044.37
1743.65
2110.4
2072.68
2126.11
2879.41
1928.53
1548.74
2282.83
2266.71
2456.02
1774.77
1542.68
4839
3364.74
1429.5
1766.2
1158.06
1219.94
2413.37
2873.67
1734.12
1901.89
1312.86
1293.09
1768.39
1369.48
1244.28
1330.69
2445.68
2640.09
2756.27
1848.59
2251.82
1380.4
1179.11
2041.18
1341.72
4446.36
1786.09
3218.99
1802.88
1453.25
3802.93
1739.71
1538.14
3103.65
2454.47
1430.74
2357.99
1409.72
2021.16
1915.33
1930.7
3255.27
2016.93
1388.24
1341.85
1015.19
1524.07
1109.91
2348.42
1347.93
2177.9
1564.74
3250.97
1629.2
1978.39
2075.59
1477.87
2055.14
1785.97
1515.64
1787.72
1826.87
2114.51
3052.02
1681.19
1587.09
1953.48
1254.89
1858.09
1957.05
1676.16
1580.04
2715.68
2597.97
1972.5
1681.21
1323.94
1700.63
1699.69
2651.3
1570.62
1718.82
1617.56
1505.17
1564.17
1645.9
3008.32
2005.77
2956.59
1382.11
2311.72
1291.34
1481.95
2361.3
1010.35
1529.89
1277.64
2041.51
1060.88
1521.74
3676.8
1258.54
1880.34
1861.44
1568.32
1885.06
2004.39
3195.03
3653.83
1496.37
1691.23
2538.44
1801
2226.4
1480.45
1390.95
1337.24
1297.97
2485
1977.44
1849.18
2736.42
2378.79
1541.32
1943.8
2093.46
2055.38
2323.58
1396.71
1969.84
2671.61
1307.3
2384.15
1289.3
1404.32
1866.05
1717.2
1668
2319.62
3703.56
1794.96
2180.7
2825.06
2604.01
3633.64
2514.27
1538.43
2160.8
1206.59
1241.52
1369.07
2474.74
1262.7
2017.82
1150.07
1329.92
1601.92
1953.5
1871.95
1302.8
2672.97
3242.48
3445.2
2412.91
1927.02
2999.17
1138.48
1967.73
1524.97
1380.57
1530.77
3291.3
2201.55
1060.62
2309.81
1542.12
1966.94
4151.01
2283.68
1548.77
1520.27
1432.39
1395.19
2617.03
1843.79
1378.06
1814.95
1507.92
2265.87
1509.95
1061.59
2477.24
1069.02
2553.89
1608.61
1557.13
1676.1
1004.73
1978.5
1210.11
1085.1
1769.69
1281.39
1738.98
3100.54
1525.58
1228.84
1574.93
1845.71
1382.66
1794.24
1952.82
2173.51
1736.06
2817.96
1878.76
1241.48
1754.83
1520.97
2205.84
1658.12
1593.84
1776.12
2570.62
1962.65
2312.69
1795.74
1212.31
1472.75
2858.59
1905.05
1758.17
1167.24
1157.17
2377.92
1206.54
1180.81
1453.16
1404.31
2738.62
2491.79
1566.46
3059.33
1987.49
1219.94
3198.96
1190.56
2762.39
4532.96
1580.3
1724.71
2749.56
1468.46
1935.28
2101.38
1178.54
3491.06
1043.41
2095.05
1831.6
1247.98
1444.35
1902.55
1223.82
3908.03
1972.69
2370.2
1479.21
1420.83
1257.92
2492.17
1335.3
1681.86
3847
2587.2
2480.39
1710.8
1162.47
1368.59
5369.76
1925.67
1896.24
1689.43
2119.14
1539.29
3122.72
2290.7
1876.18
2255.1
2618.06
2000.58
1824.33
2101.32
1498.27
1072.76
1819.67
2725.68
1358.5
1074.43
1661.62
2527
3655.93
1494.95
4589.5
2978.42
2228.79
1462.83
2302.36
964.695
1863.69
2664.89
1558.18
1239.66
2155.78
3266.27
2555.88
1304.87
1717.84
1573.51
2374.05
1890.3
5696.76
1480.61
1578.82
1101.39
1911.08
1471.12
1557.35
1347.46
3160.01
2472.99
1435.56
1290.44
1437.85
1407.25
2189.87
3518.52
1631.55
4184.21
1306.57
1756.15
1222.43
3184.98
1562.28
3652.51
2429.52
1982.99
2017.99
1415.96
3690.91
2108.31
1238.64
1996.68
3261
1372.69
2693.79
1399.85
1305.88
2121.98
1124.14
1252.17
1962.08
1525.62
2208.5
3016.72
1658.79
1895.64
1664.81
1306.78
1345.79
1575.63
2267.69
2224.08
1658.73
1397.04
1300.21
2244.08
1486.96
1687.39
2945.06
1850
2080.57
1328.6
2004.33
1388.07
1759.46
2406.84
2044.51
1324.08
2384.62
1433.08
1906.14
2781.08
1351.81
1275.53
1630.77
2107.49
1052.47
1548.03
1886.58
1750.03
1628.96
1503.26
2963.58
2704.59
2269.93
2081.47
1998.57
1616.53
1336.57
1144.17
1393.84
1384.06
1570.62
6385.07
1285.65
1867.42
2282.35
3216.56
3027.7
2460.64
1850.65
1457.98
1904.76
1943.38
1653.46
1640.63
1487.62
2378.48
1921.94
2338.46
1922
1333.33
1919.26
1834.24
2931.62
1433.64
1498.52
2072.82
1599.92
1750.07
2414.91
2094.73
1286.05
1734.56
2152.25
1742.67
1821.54
1220.62
1714.58
1277.92
1483.57
2621.2
1598.03
2633.01
1873.95
1302.29
2818.58
2056.49
1267.09
1774.36
1902.61
2503.1
1130.59
1858.48
2074.4
2369.2
1184.66
1744.95
2427.59
1004.78
1128.22
2219.06
2538
2007.59
1570.09
1812.03
3193.64
1193.44
3866.15
1565.68
2175.13
1294.53
1804.08
2317.66
3934.81
2733.24
1141.35
1537.92
2502.26
1264.73
2368.56
1129.48
1069.19
3384.73
3186.67
1950.62
1682.55
2382.94
1415.55
1742.36
1745.64
1600.98
2005.93
1829.75
2337.45
2234.07
1839.14
3467.4
2133.59
1561.25
2564.03
1840.92
1892.79
2046.72
1401.95
1234.16
2381.75
1679.44
1396.78
2572.86
1691.02
1732.44
2155.98
1608.6
2475.49
1954.89
1950.26
1836.21
1611.49
2012.14
2174.14
2250.18
1314.81
2219.56
1456.9
1976.92
1159.39
2324.77
1267.96
1580
1298.13
1555.37
1878
1786.92
2133.73
1950.15
1681.22
3474.86
2039.67
1714.88
1628.43
1425.09
2090.12
2376.02
1805.21
1069.23
2833.27
1883.35
1666.38
1645.01
2750.38
1847.52
1746.67
1836.22
1516.38
1961.32
2582.42
2119.53
2424.53
1627.33
1242.36
1805.81
1044.69
1498.47
1490.27
2291.88
1324.47
1700.54
1317.61
2232.68
1252.78
2506.3
1333.51
1884.07
1745.7
1447.03
1466.15
1501.08
1411.66
1775.38
2040.08
1817.87
1566.95
1062.2
1525.51
1123.39
1939.75
2828.28
1322.18
1850.39
2328
1677.34
1433.81
1984.8
1513.16
1313.37
1561.71
2339.87
1290.73
2195.93
1749.84
1858.83
2175.16
9450.09
2338.17
2871.6
3821.05
1240.96
1251.38
2550.13
1578.49
1971.09
1208.61
1905.03
1563.83
2314.22
1768.89
2172.71
2725.73
3861.54
2057.11
1859.41
2218.44
2393.92
1576.71
1895.4
3497.66
3662.94
1637.79
2491.29
2652.6
1451.41
2002.39
1419.94
2070.07
1352.21
2072.08
1969.09
1531.51
2639.87
1835.47
3309.47
2014.01
1997.61
1886.98
1889.84
1163.54
1545.99
1838.02
5338.48
1103
1277.92
2059.81
2810.97
4135.62
3264.23
2094.65
3732.82
1464.61
1720.2
2789.46
1866.54
4356.26
1968.35
2092.11
2854.05
1620.78
1220.81
1624.28
2981.05
1553.94
1414.38
1265.54
1665.81
3074.44
1321.28
3828.44
1613.86
1478.82
2090.78
1619.74
1823.47
1305.03
2550.46
2418.69
1523.57
4387.59
2652.33
2600.6
2320.11
2437.55
1995.55
2147.17
2424.33
4797.7
1617.41
1823.51
1007.37
2078.57
1234.96
1788.47
1938.94
2138.6
2204.88
1965.42
1483.51
2592.4
2088.85
1442.13
2296.94
2269.1
1946.5
2593.3
1823.31
2437.73
1052.95
1139.02
1576.33
1764.93
1514.15
1701.21
1611.46
1563.77
2174.62
1643.11
1481.52
2096.42
1952.05
2166.37
1700.33
2025
1843.18
1658.91
2023.9
3014.83
1391.35
1680.12
2612.15
1394.04
2308.67
1646.44
4317.28
2500.59
1537.01
986.969
2074.76
1107.67
3083.39
3300.42
1900.54
1878.45
2242.58
1794.64
3419.51
2528.51
1762.29
1444.14
1566.03
1360.03
2232.31
1594.49
1456.79
1193.43
1361.97
1989.3
1958.84
2779.71
1326.99
1374.84
1558.76
2918.03
1895.63
1373.13
1799.04
2587.78
1757.7
2423.47
1553.18
2230.78
1343.36
3827.74
1389.49
1658.02
1729.59
1738.56
6145.18
1996.6
2060.68
1238.42
1802.12
3306.58
1423.51
2604.33
3347.47
1676.22
2222.21
2262.59
2567.24
1851.85
1782.26
2173.35
1829.84
1696.54
1326.27
2094.42
1332.25
3582.57
1003.98
1066.12
2574.86
2782.68
1538.76
2970.88
1915.67
2038.9
1306.57
1402.74
1433.08
1639.62
3697.84
2050.53
2734.18
2787.2
1090.67
1309.37
1950.39
2428.96
1800.82
1248.09
2434.39
2898.33
2101.68
1730.8
1256.5
2462.51
1269.84
2020.89
1954.37
1430.65
1783.49
1953.38
1793.33
1784.95
2915.88
1854.66
3244.21
1178.76
1885.23
1297.33
3601.36
2986.44
1392.48
2685.57
1562.53
1843.78
3109.69
2520.91
1939.4
1471.75
2232.24
1085.53
1362.39
2669.81
2072.02
1422.7
1398.07
1130.64
3291.66
2193.42
2382.39
1499.01
1766.2
1600.12
1404.2
3238.71
1367.82
2143.21
2778.55
2915.97
1797.93
1869.45
1394.22
1653.24
4902.82
1456.12
1533.63
2964.08
1120.39
1524.8
2778.4
1239.69
1446.6
2204.09
1780.4
3748.85
2342.53
1764.99
1322.27
2108.62
2949.44
1201.24
1346.53
2037.77
4962.87
2015.6
2532.12
2222.14
2890.68
967.973
2649.56
3980.94
1616.93
1599.06
1925.17
1671.71
1863.79
1564.44
884.635
1947.39
2771.31
900.005
2203.62
2136.82
2152.87
6449.34
1558.15
1374.43
2629.65
2110.16
1566.97
1574.8
1842.3
1975.42
3083.76
1796.14
1704.91
1751.62
3644.26
1974.49
2568.16
2058.77
1210.59
2145.78
1501.55
1344.63
1551.47
2107.99
1638.37
1634.26
2461.95
1221.83
4342.78
1266.86
1323.29
1348.16
1684.98
1528.41
4232.94
1884.71
1674.13
1566.46
1310.3
3141.24
1386.88
2161.28
2132.73
3471.86
1832.38
1516.34
1460.95
3158.08
1456.83
1514.31
1593.3
2338.4
2008.87
1541.02
2424.71
2116.69
2754.33
1685.31
1500
1522.78
1706.78
1540.83
1203.08
1413.37
3206.04
1805.25
1842.45
1484.04
1120.42
1395.43
2622.56
3023.35
3108.14
1597.47
1256.74
1544.84
1690.99
2043.98
1903.84
1365.81
1126.47
988.997
1455.42
1627
3336.37
1848.7
1971.84
1817.62
1642.18
2806.4
1236.33
1576.41
2339.08
1351.76
2138.9
1573.83
1455.09
1350.59
4270.9
1822.96
2050.81
2127.33
1756.71
1444.59
1502.28
1374.95
3774.63
1985.44
2752.36
5562.9
2101.78
1198.46
1076
2532.5
2133.06
2180.68
2161.44
1970.29
2730.43
3510.07
2089.25
1311.56
3024.29
1578.37
1615.02
1956.7
1732.94
2484.55
2495.12
3560.05
1113.88
2876.62
2912.79
1772.9
1173.25
1451.57
2061.49
1531.83
1421.6
1611.28
1862.85
1912.03
2001.52
1552.76
1256.86
1638.51
1993.5
1919.31
2659.88
2349.23
2454.97
1046.31
1202.7
1470.22
2448.9
1647.29
2161.51
1837.04
2840.6
1297.6
1714.5
1282.38
1351.81
3631.27
1860.41
1938.27
2339.75
2059.77
1717.88
1629.99
1994.42
1301.68
2668.92
2520.44
1191.23
1501.1
2824.12
1976.77
2385.14
1968.44
1891.44
1757.17
2506.4
1157.56
1214.77
1376.84
1903.99
1992.35
1410.97
1417.93
1911.74
2064.56
2167.3
1574.04
1663.88
2481.05
2316.6
7129.67
1681.07
3436.13
2556.36
1385.72
1945.94
1351.42
1443.01
1811.87
2292.46
3673.29
1525.43
3606.46
1723.31
2200.91
1372.97
3202.2
1674.56
1609.06
1671.92
1227.89
1429.3
1439.67
1713.67
1595.98
2568.48
2211.88
1808.75
2932.72
2003.32
1632.82
1334.03
1394.1
1867.31
2401.43
1729.18
6868.42
3257.08
2761.81
1606.61
2608.43
4028.93
1865.16
1137.49
1273.32
2475.31
1818.33
2058.17
1980.81
1045.12
3392.78
1388.46
1410.36
2118.1
1883.56
1705.8
2083.61
1838.7
1853.68
2144.49
1180.78
1720.85
1004.77
1751.38
1999.03
1387.49
2861.84
1301.42
2418.55
3228.72
2231.33
3807.94
3159.33
2571.08
4574.33
1137.88
2294.32
1707.91
1555.72
1150.56
2248.72
1453.25
2899.92
2511.84
1809.07
1972.25
1786.64
1739.06
3058.76
3095.81
2793.68
2035.76
2510.39
1744.44
1379.5
2033.58
2193.24
1914.51
1795.57
1647.8
1762.89
1937.09
2424.41
1288.97
1843.34
1915.01
1098.03
3838.37
1754.5
2037.86
1262.46
1215.05
2318.57
2456.39
1863.3
1433.41
2839.71
1139.1
1673.7
1776.88
1465.58
1482.98
1860.34
2930.76
1321.79
2084.62
1574.12
1305.75
1938.05
1625.09
2807.86
1867.23
1130.5
1729.07
2423.44
1690.96
2434.91
2838.42
1601.17
1849.79
1232.88
1943.07
1009.61
4182.87
2536.21
1502.68
2380.6
1642.96
1652.5
1392.2
1383.93
1392.29
2222.78
1294.03
2686.07
2027.88
4285.4
1855.48
2024.45
1839.5
1514.65
1725.22
1487.38
2852.77
1290.39
1442.49
1661.83
2121.47
1587.45
1464.12
5910.22
4099.36
1897.62
1705.44
2414.4
2295.21
1295.85
1373.06
3210.83
1452.45
1132.36
1362.57
2566.6
2195.75
1945.22
4711.15
1622.43
2466.19
2186.56
1974.79
2259.93
2373.26
3114.24
1581.8
1854.32
2572.85
1719.92
5896.8
1641.72
1422.41
2525.2
4008.86
1572.68
2133.61
2556.45
1825.5
1685.29
3311.14
1244.66
3589.43
1554.7
1633.99
2626.2
1773.74
2053.41
1679.08
2249.63
2588.18
1848.59
1466.59
2095.43
1474.58
1790.88
1592.35
2015.06
1976.51
3555.08
1681.28
2598.3
2170.34
1532.57
1313.38
2667.45
1427.78
1696.29
2888.52
1110.46
1401.13
4561.17
1249.11
2445.53
2449.92
1311.85
2564.06
1368.58
2671.43
1412.22
1282.4
1479.62
2103.59
1007.7
1584.52
1606.95
1092.43
1168.97
1579.99
1730.7
2656.26
1952.82
2148.75
1532.09
4114.76
1567.63
1621.64
3396.07
1866.06
1438.11
1573.3
1926.75
5195.72
1856.79
1350.04
2758.46
1186.98
2359.86
9788.71
2337.43
2023.21
2069.36
1782.06
2750.06
1084.09
1385.79
1513.15
1483.7
2475.86
1352.74
1391.21
1634.04
1772.25
2148.28
1072.87
2312.95
1325.59
2202.7
1626.36
1831.88
3215.44
3874.25
1800.35
5481.55
2753.55
1447.75
1101.14
2610.31
2316.61
1593.32
1982.96
2822.05
1013.44
3047.76
1401.1
1719.99
1683.88
1876.63
1325.4
4456.35
3500.65
2024.63
2118.85
1777.65
1932.31
1225.1
1341.48
1396.75
1989.41
1068.21
2072.86
1476.97
1735.48
1990.8
1050.46
1728.31
1836.48
1649.94
1955.95
2017.66
1600.13
1488.04
3149.33
2083.49
1975.84
1617.73
2178.48
1972.64
2491.82
1964.44
2384.87
2128.91
2210.21
2401.81
2783.03
1884.75
1446.42
1955.76
2024.49
1773.68
1106.96
1291.99
1381.52
1236.18
1775.65
1416.16
1213.42
1516.91
1363.46
1222.95
2270.78
3211.83
1662.11
2212.51
4628.95
1799.11
1832.03
1679.85
1502.81
2516.4
1401.23
1891.97
2468.47
1678.6
2875.3
2467.41
1847.66
1427.51
1761.77
2185.02
1582.55
1708.83
1656.78
1634.43
2138.7
3024.98
1882.38
2380.85
1893.89
1747.56
1062.26
2375.34
1598.25
1321.21
1646.12
1133.17
1515.16
2189.07
1992.93
3716.78
2043.4
1755.87
1064.56
1943.41
6008.9
2122.27
1477.04
1397.66
1586.09
4216.64
2642.21
2478.41
1187.7
1668.1
3410.47
3752.14
2945.64
2058.92
1753.06
2553.63
1637.35
2129.34
1397.1
2994.36
1997.24
6070.34
908.25
2873.25
1673.37
1889.14
3688.12
2228.78
3390.06
2043.04
1751.56
1965.19
2047.01
1902.94
2335.04
3809.32
3300.31
2121.45
2444.25
1287.98
1507.64
2443.19
1854.96
1776.91
1283.06
2260.22
2228.65
5174.69
1934.08
3710.74
1112.63
1272.66
1636.95
2950.85
1453.06
2152.22
1829.16
2049.22
2364.14
2095.03
2093.5
1534.53
2617.95
2765.05
3084.5
1801.98
2778.65
1624.58
1631.28
1770.31
1687.79
1503.8
1883.1
1618.72
1342.49
2312.22
2292.54
1457.33
4365.58
1507.89
1421.83
1272.88
1517.87
2483.47
2210.65
2357.55
1193.84
1465.84
1852.7
1887.33
2279.33
1615.9
2401.03
1465.67
4044.48
1682.56
1288.17
2159.5
1384.67
2397.06
1529.97
1876.75
3370.14
2595.23
2954.99
2020.2
1835.08
4080.19
2292.88
3199.83
1215.5
1122.79
2043.75
1980.29
2444.86
1317.52
1759.01
1895.58
1305.2
1514.81
2246.39
1678.19
2691.6
2431.32
1461.55
2975.71
1908.17
1151.6
1536.53
1806.96
1801.99
2156.87
2435.92
1314.42
3215.04
1326.86
1637.16
3093.07
1184.75
1723.42
2289.36
2603.62
1367.26
1147.59
1441.9
2287.44
2439.19
1717.67
1721.11
1820.68
3321.77
2629.24
1098.62
1807.82
1203.62
1633.99
1461.73
1071.98
1720.01
1513.53
1897.07
2883.14
1852.17
2766.9
1006.57
1497.7
1086.8
1953.06
3051.39
1721.34
1569.59
1628.73
1174.04
1815
1192.62
2244.01
1709.88
2046.24
1443.63
1698.71
1416.57
2328.85
1944.02
1536.35
1861.49
3248.79
2492.35
2904.29
1772.39
3220.15
1777.85
1958.04
1657.08
2393.28
1278.11
5662.41
1560.55
1442.55
1717.1
1845.19
1769.95
1563.87
1689.37
2102.1
2600.45
1834.12
1835.79
2235.6
2200.69
2646.09
1441.43
1750.7
1429.24
1826.87
1355.2
2019.7
2799.2
1540.82
3898.27
4345.31
2402.48
1585.2
1993.41
2870.38
1223.04
2698
2244.05
1268.32
1516.85
1532.85
1897.23
5090.06
1255.9
1378.56
1372.51
1674.63
1867.5
2975.07
2488.78
3759.74
1553.67
3352.25
2235.07
3569.19
2176.51
1866.18
2318.72
2270.65
1532.16
1648.7
2185.97
2402.5
3618.63
1866.58
1547.6
1343.28
5082.98
4450.86
1514.71
3032.69
2274.61
1929.98
1928.25
1720.99
1715.12
1622.89
2328.08
4429.37
2745.44
1918.21
2338.23
1611.27
1464
2767.66
1797.6
1890.86
3122.48
2262.5
1846.58
2220.22
1064.52
2149.36
2602.13
3037.9
1383.95
2689.91
2291.79
1725.16
1851.96
1427.95
3029.09
2170.37
2286.7
1866.74
1787.59
1094.65
1568.9
2023.06
1161.44
2174.14
2884.97
1921.89
3919.9
4391.93
3230.9
1467.4
2314.95
2514.82
1972.26
1392.96
2137.05
1805.56
3558.38
2118.24
1526.77
1823.99
2226.3
1662.47
1510.2
2470.66
1349.34
1645.63
1707.36
1654.95
2957.31
1207.18
2081.17
1825.45
2012.31
1789.27
1278.91
3138.59
1633.86
1909.06
2102.42
1229.35
1778.47
1226.38
1172.21
2525.36
1445.7
2275.81
1851.95
1698
1605.73
1962.47
3902.69
2041.91
1346.23
1291.29
3946.91
1576.88
1513.88
1521.11
1778.74
2962.67
1422.55
2335.42
1291.16
1977.64
3131.17
1899.94
1665.12
2016.14
1212.9
1310.37
2001.73
2171.04
1596.59
4226.77
2187.16
1402.91
2489.62
2518.03
1574.97
1736.9
1657.52
1519.35
4368.42
2611.93
2471.82
2094.07
1844.84
1229.15
1314.48
2268.46
2104.51
2179.28
4576.42
3763.29
2651.09
2030.37
1085.99
2461.33
1133.98
1708.05
1663.1
2293.61
3968.62
1535.87
2083.87
2107.9
1469.19
1121.22
3023.63
1829.58
1127.73
2865.21
1901.74
1675.69
1653.5
2695.47
2532.32
1898.47
1732.78
1307.2
1631.14
1390.99
2356.54
2178.92
1319.9
1321.86
1949.62
1598.08
2670.52
1622.11
1905.31
1593.08
1828.78
1812.89
1801.74
1567.73
2213.29
1560.07
1250.05
2050.37
1465.57
2952.02
2143.74
1531.69
2121.14
1870.67
2301.66
2336.86
2636.86
2195.89
1297.75
1803.98
2598.2
3007.49
1749.31
2197.95
1647.05
1451.64
2064.09
1699.55
1269.94
2837.35
4425.18
1624.49
5345.4
2345.03
3851.82
2632.48
2128.93
1271.04
2813.83
1204.28
5128.02
1641.72
1521.91
3773.84
1620.12
2054.07
1883.63
6643.4
2591.49
1127.44
2920.08
1192.15
2505.59
1342.49
3033.97
1692.31
2506.01
3612.1
1672.45
1531.77
1700.94
2242.65
1967.44
2315.23
2583.57
1606.19
3559.9
1400.88
2151.5
1214.27
1544.28
1842.77
2601.45
3948.99
2930.28
1988.89
3183.75
1799.3
1763.22
1620.09
1997.48
1541.59
1617.27
1563.55
1882.01
2173.92
1117.02
1527.28
3026.44
1882.85
1433.6
1777.35
2542.51
1368.52
2196.66
1847.64
1520.38
1686.55
2151.05
2265
1270.04
2357.25
1794.5
2082.14
1323.39
3020.8
1480.43
1710.88
2019.03
2484.86
1710.55
2214.58
1958.67
2069.94
1476.04
2385.52
1203.27
2316.47
1653.67
1152.01
1381.66
3218.3
2466.69
2598.94
1553.72
3197.36
1612.75
1823.69
1147.54
1540.7
4289.68
2580.62
1444.8
1111.24
1562.18
1954.69
1605.62
1959.51
2326.35
2224.45
2913.62
3198.45
1634.96
1804.89
1527.28
1598.48
1912.68
1797.03
6630.41
2564.95
2289
1896.34
1811.88
2193.98
2074.96
1700.4
1223.88
4129
1073.65
1922.7
4559.39
1386.8
2465.48
2770.45
2188.02
2166.24
1898.57
1881.03
2605.26
1416.07
1690.9
1250.33
1984.35
1466.73
2430.37
1962.88
1880.61
1475.54
1754.53
1112.16
1391.15
1537.41
2591.1
2268.03
1788.2
2068.35
1161.54
2626.71
1788.56
1211.72
3086.61
1409.41
2302.56
1706.97
2491.62
4215.09
1954.05
3144.37
1268.73
2113.71
2307.99
2219.05
1384.31
2039.73
1955.71
1266.02
3061.58
2864.41
2066.74
1649.8
1781.99
1512.17
2373
1617.9
1579.87
2250.75
1349.83
2560.55
2878.86
1147.14
1231.49
1369.28
1464.03
5860.13
1871.15
1566.24
4242.97
2689.26
1477.95
4920.17
1536.01
1014.26
1730.3
1884.79
1958.25
1299.1
2128.77
1097.04
1095.09
1773.12
2600.1
1593.91
1324.08
3534.98
2020.26
1482.17
2209.66
2542.38
1905.45
3384.09
1448.89
1677.05
1315.39
1862.31
1353.82
1632.1
1856.29
1554.35
2096.34
1834.05
1227.6
1946.16
1870.26
2078.84
1569.37
2845.76
1899.19
1568.13
1889.64
1203.7
1397.96
1758.45
2408.29
1270.46
2221.26
3849.82
3625.76
2051.74
1926.3
4137.58
1395.74
958.296
1620.67
2684.27
1348.2
2057.97
1297.57
2526.71
1550.07
2192.22
1360.19
2285.86
1952.19
1995.63
1826.46
1520.61
4174.84
1902.58
1662.78
1311.06
1812
2072.54
2219.31
2240.85
1219.26
1667.14
1228.11
1496.99
1206.37
1485.09
1697.07
1874.34
2064.14
2189.14
1635.21
2649.58
1162.42
1664.48
1399.31
2685.77
1545.82
1362.84
2457.89
1677.26
2956.28
1350.6
2388.14
1058.59
2324.3
1481.44
6375.59
1746.72
1374.28
1829.25
4045.96
1482.33
1119.06
1091.46
1522.23
2513.38
2695.28
1281.09
2839.88
2678.53
3228.86
1341.88
2473.45
1596.7
2206.7
2751.49
2176.7
2288.84
4109.78
3454.41
1810.7
2601.39
1917.78
6003.28
1477.39
2590.26
1393.29
1805.75
1617.06
1593.19
4054.49
1424.36
1832.01
1363.18
1807.23
1055.57
1529.27
2046.17
2508.29
2189.87
3779.4
1585.58
2222.26
1290.47
1798.64
3363.87
1473.46
3156.26
1476.75
2520.49
1015.71
1574.29
1800.9
1603.68
2154.28
1804
1960.57
2743.1
1409.61
2892.85
1564.7
2179.58
2993.31
1305.55
1440.67
1996.08
1512.03
2074.2
2293.11
1386.99
1879.31
1286.8
2069.23
1582.78
1377.9
1758.82
2485.52
990.574
1520.94
1654.09
1860.89
1854.11
2778.63
2505.45
2373.91
1412.56
2357.3
4651.79
2798.86
1729.27
1575.13
3396.49
2161.29
1454.26
2216.98
2122.19
3194.93
4994.85
2305.1
2150.49
2425.1
1628.53
2186.41
1660.41
1281.31
2601.25
1364.48
1488.45
1688.98
3364.46
4122.67
1607.4
2266.93
1254.13
1820.54
1258.44
2621.92
1540.61
1990.99
1442.94
1617.52
1623.01
2920.54
2923.28
1233.8
2345.58
1252.52
1706.79
1486.22
1559.63
1708.14
1891.32
2362.72
2283.85
1805.43
4322.03
1622.97
1507.79
4043.14
1560.39
1446.37
2154.92
1781.11
2612.56
1478.55
1777.26
2320.96
1642.5
1754.31
2720.39
1222.38
1962.68
1533.44
1802.02
2127.2
2222.45
2133.2
1517.51
1377.93
2694.61
1322.42
2297
1607.59
1478.15
1831.86
2335.17
2026.47
1588.59
2496.68
2034.69
2346.32
2186.6
4180.76
2540.17
1714.35
1720
1919.9
1086.41
2832.82
1648.35
3431.08
1291.66
3365.13
2786.43
1194.81
1679.96
2123.47
1544.7
2031.42
2434.7
2849.91
3213.47
1325.58
1870.52
1369.63
2493.27
2366.39
1563.26
2761.52
1558.33
1245.5
2046.46
1311.09
1627.23
1767.57
2216.09
1657.04
1466.96
1560.03
1524.88
3796.48
2105.54
2312.21
3044.94
1418.02
5212.21
1228.22
1213.61
2889.7
2076.68
2419.66
2738.24
1796.77
2025.48
1385.87
1569.77
1795.58
1648.87
1229.83
1982.79
1733.73
2074.03
1221.18
1507.76
1973.52
2130.44
1885.36
2539.24
2199
2576.74
2109.81
1148.9
2691.93
3657.96
1349
1720.67
1583.02
1412.8
1418.35
1868.57
1645.77
1174.46
3423.72
1514.39
1246.95
1935.33
1401.8
1762.6
2391.67
1332.63
2119.89
1429.3
2396.88
1433.62
1868.26
3456.15
1370.33
2577.15
1679.9
1577.98
1370.11
1170.48
3229.47
2097.65
1630.62
1517.46
1629.14
1642.53
1411.15
2302.22
1470.28
1907.1
1982.81
3681.94
2167.42
1428.69
2116.44
2041.41
1568.38
1415.93
1841.71
1622.4
1704.7
1622.57
1401.55
1284.75
2222.44
1844.18
2113.32
1255.16
1007.55
2138.87
1746.32
1643.25
2707.02
1947.33
1818.58
1527.1
2288.05
1458.15
1801.22
2277.03
1499.59
1421.58
1195.45
2582.17
2076.14
2578.17
1068.84
2307.34
1733.23
1499.34
1434.05
3497.28
2127.79
1747.49
2342.98
1826.74
1671.8
2391.84
1356.95
1879.32
4254.76
4858.65
1779.27
2828.02
1510.31
1241.86
1239.61
1690.35
1623.54
2614.89
1510.53
1645.15
1512.56
1845.58
1042.12
1529.82
1372.4
4245.97
2257.83
2372.89
1995.71
1601.87
1185.3
1217.83
2470.47
1153.55
2366.08
1306.72
1819.02
1582.72
1109.11
1514.03
3274.28
2026.97
2096.45
1431.92
1202.91
1827.63
1672.6
3355
4392.13
2559.49
2210.37
2287.1
1883.9
1257.17
1762.33
877.844
1193.36
1557.51
2011.16
1573.36
1211.19
2005.12
2802.71
1459.07
1637.55
1532.25
2594.45
1376.01
1209.81
1588.7
2365.28
1361.45
1629.58
1677.97
2213.98
1952.46
1944.22
1596.49
3508.3
2670.31
1352.42
1382.32
1762.94
2127.44
1026.78
2640.21
1929.32
1992.24
1727.62
1447.54
2607.92
2449.44
4712.96
1500.03
1931.35
3676.37
7135.23
1083.1
1803.62
1977.55
1196.94
2518.77
1270.12
2402.78
1391.01
3426.15
3102.42
2879.99
2016.77
2108.96
2402.68
1356.1
2079.88
1754.03
1979.4
2697.25
1830.43
1487.26
2140.45
1306.79
1327.73
2114.34
2355.45
1424.66
1280.53
2321.34
2274.27
1336.76
1282.98
2172.65
2340.23
1777.56
2974.95
2234.28
1490.58
3629.21
1159.99
1492.22
2035.2
1668.81
4457.45
1499.86
5970.43
2147.13
1544.62
1207.04
3275.88
1853.75
4012.16
2195.76
2279.37
1925.36
1192.93
2167.12
2887.55
3289.48
1925.29
1607.32
1823.29
1186.18
1576.9
1389.6
1496.62
1963.24
1967.43
1655.28
1481.41
1354.54
1896.05
1496.02
1414.3
2158.34
1194.4
1474.85
2382.29
1557.71
3990.83
1414.88
1556.54
1697.62
1836.21
1219.92
2734.94
4474.38
1107.39
2957.87
1424.22
1358.4
1740.29
1654.19
1497.96
3125.52
2167.3
2590.92
1889.57
1577.06
4493.98
1905.79
1573.17
2706.95
2512.67
1453.25
3527.66
1539.58
2750.66
1435.02
1555.26
2670
2097.45
6208.68
1888.51
1445.24
1310.14
2491.82
1479.23
1089.25
1519.25
2871.94
1675.94
1956.8
1528.3
2457.99
2190.23
1656.18
2508.35
2349.12
1593.55
3386.53
1061.5
1329.05
1973.6
2794.5
1697.65
1621.08
2890.17
1706.99
1734.74
1645.38
2591.49
1607.85
2598.36
2325.58
2496.72
1677.54
1810.09
2662.3
1918.57
1931.61
3987.65
1430.18
1452.12
2090.5
1479.79
1391.43
1218.08
1278.62
2029.46
1292.87
1437.03
2237
2301.22
2604.58
1814.56
1564.84
1553.08
2995.09
2323.6
3815.74
3873.47
2651.31
1170.32
1749.69
1458.31
3782.74
2146.43
2091.8
1899.82
1380.8
1857.31
1625.64
2459.76
1769.18
1424.13
1536.17
1669.04
2790.73
3097.19
4535.78
1713.01
2205.28
2286.08
1556.96
2002.68
1574
1299.95
1872.36
1237.23
1609.57
1523.18
1441.12
2267.56
2029.1
2255.54
3718.24
1407.39
1855.16
2524.37
1585.16
1733.04
1443.53
6580.61
2133.52
1102.22
1187.22
2056.22
2851.76
1665.43
2072.23
3159.21
1783.49
2715.13
1669.49
1347.04
1910.2
1558.59
1494.47
1629.16
2127.76
1429.04
1565.22
2436.07
1752.67
2732.78
1812.51
1425.38
1460.57
1399.7
2211
2346.09
1064.8
1817.61
1987.57
1150.56
3160.39
1638.22
1358.19
2177.33
1339.09
1526.02
1159.86
2724.45
2703.81
1467.49
1084.99
1022.43
1233.13
1062.29
1814.73
1563.54
2401.27
1974.37
1647.03
1423.7
1641.61
2126.43
1268.23
8351.8
2567.73
3907.71
1080.1
1735.71
1702.54
4870.83
1732.6
1864.05
1733.6
2503.63
1046.55
1117.3
1487.17
1490.48
1380.07
4595.5
1685.01
1275.26
1577.31
1554.02
2425.1
1351.69
1755.38
3087.48
1477.45
2320.57
2170.54
1859.22
2099.14
1708.45
1717.99
2504.87
1377.79
1233.05
1659.88
2149.12
2968.46
2622.89
2382.29
1918.11
1465.4
2394.56
2054.73
1985.43
4586.44
1516.23
1872.22
1680.79
1187.28
1217.3
1682.61
2872.79
1539.1
1946.19
1700.29
1875.44
1440.26
1176.9
1366.1
3518.44
3543.56
1706.29
1228.83
2471.04
1857.41
2035.56
1998.68
3643.05
2225.22
1952.05
1929.32
2513.96
1495.7
1457.18
2125.81
2403.11
2621.8
1466.33
2416.83
2084.44
1542.86
1531.77
1616.83
1807.02
2365.8
2752.36
2070.88
1930.24
1975.42
2074.78
1593.39
1199.94
1260.35
2230.2
2297.65
3183.98
1463.79
1952.71
2112.76
2306.75
2577.19
2912.07
2958.97
1834.02
1281.47
1274.46
2828.26
1399.87
1346.03
1818.42
1662.78
1453.19
1935.59
2236.73
2339.12
1735.12
1952.65
1516.31
2166.87
2498.57
3611.9
1745.24
1432.39
2124.84
1755.07
1919.52
1968.4
1732.29
2378.99
2383.56
1313.33
1749.25
2002.01
5706.92
1114.63
1818.46
1344.37
3943.35
1952.44
1670.74
1918.64
2376.31
2001.57
1476.8
1614
1469.08
1457.66
1695.08
1527.01
2968.73
2093.61
1557.31
2554.77
2476.63
1400.19
3302.34
1449.08
2060.3
1216.77
1574.31
2595.7
1568.92
1216.26
1519.41
1791.12
1945.48
1451.94
1526.54
1459.43
1589.68
2158.11
1765.45
2976.48
2065.47
1367.56
1649.37
1283.93
1116.89
2127.07
1250.73
2529.37
1294.52
2368.26
1875.79
1743.13
2493.96
1337.68
1751.87
1728.9
1470.58
2469.47
1865.03
2336.15
1994.32
1923.08
1618.06
2629.6
3984.17
2353.16
1650.64
1622.96
1799.58
1819.1
2007.41
2828.5
1316.59
1738.28
1754.8
2230.98
3160.88
1568.93
1259.73
2532.13
3693.21
3704.49
1582.02
1676.66
1719.48
1499.56
1329.31
2988.54
2196.36
1780.35
1637.63
1228.74
2401.75
1735.82
1542.53
2483.18
2281.68
2127.71
1975.04
3395.61
1755.66
2761.79
3473.84
2034.61
2257.42
2809.82
1310.48
2477.18
1200.03
1432.15
1616.08
3963.6
1752.13
1541.55
3009.05
2446.47
2345.14
1490.64
2162.57
1497.19
1411.24
1165.73
1686.82
1367.18
4246.07
2029.16
2778.82
3824
1607.43
2934.41
2127.77
2313.3
2768.2
1873.53
1229.49
1535.24
2139.55
1788.94
1902.67
2253.78
3227.29
1287.26
2599.61
1502.75
1905.79
1947.32
1103.19
1246.57
1479.53
1421.18
1528.86
1069.36
1601.81
2469.52
1253.38
2120.16
1591.61
1636.02
4398.38
3920.33
1366.57
1303.98
2591.67
1541.12
1155.31
1593.92
1222.47
1188.27
4392.9
1718.11
1074.06
1438.89
1010.83
2275.09
1325.85
1899.53
1755.22
2271.52
1993.02
3029.82
2353.36
2561.21
2293.82
1595.19
991.264
1865.48
1800.46
2754.53
1141.32
1766.26
1282.88
1768.32
1572.8
1623.6
1624.63
1942.96
2069.77
1030.67
2347.52
3109.12
1616.84
1656.37
1460.67
1389.39
2029.96
1731.09
1722.16
2514.93
7285.25
1603.43
2485.72
2004.6
1289.56
1476.45
1345.79
1507.04
2331.87
3014.05
2686.46
3421.42
2233.02
2102.7
1182.43
1376.75
2010.64
1354.26
1995.55
2140.08
1714.88
1648.57
2815.47
2937.15
4261.01
1372.29
928.922
1134.28
2041.47
1327.38
1985.16
1352.88
1838.29
1736.56
3059.85
2483.9
1686.02
1282.65
1791.74
2099.17
2141.71
2370.62
1011.43
2370.72
1207.07
4029.47
1242.63
2243.32
1520.24
1468.61
2071.6
1225.72
1556.93
1790.93
1513.74
2303.19
1670.99
1743.55
1854.68
2637.18
1324.13
1770.9
1453.01
3870.72
1833.95
1354.31
1893.19
1924.31
2378.18
1497.66
2084.67
1417.54
2221.07
1914.47
1929.84
3060.26
1740.56
1737.62
1876.44
2155.55
8445.87
1813.94
1333.58
1359.3
1616.71
1475.73
1337.91
1393.1
2034.84
2428.27
1262.8
3347.09
1987.71
2073.1
1521.47
2299.95
3403.34
4383.47
1695.72
1633.6
1627.04
1481.02
1943.74
2689.59
2136.04
2143.15
1242.97
2888.84
2084.41
1495.96
1413.01
1956.06
1658.96
3382.42
1138.52
1757.45
2736.95
1814.6
1763.76
2200.73
2128.88
1794.71
1511.97
2269.39
1635.12
2865.99
1775.2
1130.42
1940.35
1733.33
1768.51
1935.65
3370.88
2040.45
2638.26
2104.15
2335.47
1222.29
1555.97
1799.95
2294.61
1725.67
1987.9
1302.77
2466.4
1896.36
1344.69
1812.98
1205.27
2180.33
2107.09
2968.78
2040.06
1723.38
1641.02
1641.39
1244.79
1771.96
2087.59
1656.19
1589.27
1819.46
1793.69
2152.61
1625.25
2072.39
1313.59
1439.43
949.941
3316.51
2079.77
2098.2
1414.49
1186.88
2387.9
1389.2
1604.47
2651.22
2427.14
1814.16
1503.16
2092.31
1309.14
1410.91
1621.98
987.956
3979.38
1637.68
2671.13
1522.13
1406.18
1547.71
2979.24
2606.11
1163.26
1630
2026.08
3055.77
1772.67
2082.63
1616.25
3516.66
1634.85
2057.19
1337.9
1475.47
2252.51
1522.94
1331.84
2032.15
1188.44
1439.41
3814.34
1373.08
1537.08
5180.92
1492.74
3075.15
1350.07
2090.9
1816.6
1625.06
2296.87
4223.44
2613.36
2063.98
1905.29
2342.96
1794.09
2438.18
1735.84
1667.3
1507.75
1579.59
1527.55
1406.78
1588.22
1681.08
1792.09
1673.28
1469.78
1532.86
2481.87
2240.92
2230.58
1923.63
2067.86
1538.01
3204.78
1752.41
1679.42
1985.97
1325.15
2862.28
1870.68
1771.31
1842.65
1711.7
2243.04
1903.54
2343.22
1118.3
2737.69
3122.18
1349.78
998.219
1399
2124.56
1633.09
1786.89
1810.05
3328.01
2243.15
3904.32
1213.2
1428.91
3336.77
2401.15
2131.11
2492.24
4066.39
1862.72
1870.33
3613.64
1875.27
5099.77
1634.1
1117.86
3082.63
1353.33
1932.39
1447.1
2394.33
1669.39
1476.04
906.894
2030.3
1752.02
1661.25
1607.21
1281.36
1253.58
3940.16
4602.97
1799.44
1784.77
2036.67
1586.18
1478.28
3498.55
2290.4
2209.54
2671.35
1568.53
1091.33
3136.07
2959.54
1543.55
1749.67
1288.97
1081.18
1904.71
1614.26
1046.76
1413.98
2485.21
2846.69
1986.84
2051.42
1527.85
1699.71
1334.73
1849.24
2626.85
1551.08
1763.65
5395.46
1419.97
1706.01
2251.31
1455.36
2040.67
1661.71
1031.22
1204.32
1741.78
2470.16
1712.27
1423.4
1885.29
1948.51
2968.86
1228.33
2512.65
1428.73
1668.51
2076.36
1817.3
1471.13
1943.7
1466.35
2903.99
1448.74
1404.26
1515.57
2187.98
1655.36
1834.73
1373.97
1405.41
3853.04
1241.14
2154.91
1405
1887.98
1155.09
2068.29
1027.78
2358.53
1151.67
1210.99
1534.51
2776.35
1367.1
1038.21
2301.53
2074.48
2845.84
3255.63
1543.72
2049.45
2562.52
1849.36
1535.36
2128.03
1928.59
2913.31
1751.92
1476.64
1493.47
2262.33
1915.36
2052.83
1163.19
2209.11
1467.11
2082.1
1298.55
1848.42
1238.21
1916.61
1655.1
1694.63
2738.83
1283.88
1996.17
1744.58
2508.04
1641.09
2348.78
2306.51
1857.92
1298.49
1063.69
3298.59
2195.14
1186.62
5593.77
1661.72
1947.79
2468.46
1375.06
2759.76
1610.92
1418.63
1563.22
4316.16
1929.01
2226.69
2219.11
2806.77
2560.87
1942.71
1049.16
1679.45
2773.06
1952.3
1817.82
1241.63
2004.08
1194.19
1766.79
1974.19
1522.97
2244.98
1553.26
2353.77
1666.35
1874.96
1003.3
1251.35
1916.6
1641.51
1584.26
1825.93
3306.75
1787.69
1453.38
2385.67
1234.21
1851.87
1164.13
1408.14
2757.3
1928.1
1628.17
1639.63
2318.73
1524.15
1639.98
2456.01
1476.87
1513.7
2563.92
1551.38
2279.43
1866.6
1341.98
2569.61
1857.02
5827.61
1936.95
2247.96
2119.53
1664.03
1719.1
2331.09
2954.84
3044.51
1215.95
1652.78
2808.91
1800
2318.17
2380.82
1734.17
6620.13
1220
1645.03
1477.63
2669.02
1608.24
1799.12
3034.73
1649.82
2187.56
1795.5
1394.86
4958.74
2268.19
3035.81
2039.84
1352.5
2089.49
2396.8
1274.68
1269.11
1856.82
1828.16
1348.64
1379.37
2212.05
1502.63
2029.37
2784.4
2865.67
1441.2
1581.25
1413.68
2510.54
2036.46
1794.89
2517.52
1670.74
2964.54
2474.51
5144.54
2301.03
1662.36
3381.09
1886.63
1185.37
1212.12
4632.29
2061.21
1049.97
1762.49
2248.43
1251.87
4227.66
1706.34
1988.86
3880.42
2766.87
2577.34
1212.08
2108.54
1787.59
1557.11
1974.59
1944.66
2141.01
3628
1807.87
1100.64
2471.16
1549.21
1328.1
2258.82
1429.86
1485.66
1920.07
2180.69
962.448
2078.85
1414.76
1571.25
2063.01
1669.55
2013.41
2791.88
1590.79
1807.81
2013.75
1981.69
1297.33
2093.59
1760.59
1735
1600.95
1846.79
2439.85
4055.67
1667.35
2254.08
1242.49
1962.93
2452.45
1523.18
1429.29
1705.92
2492.84
1505.1
1112.69
1858.31
1223.72
1847.23
3195.25
3790.71
2218.33
2240.87
2423.42
1991.79
3063.56
1754.51
1139.32
2454.98
2429.79
3763.49
1518.62
1583.93
1300.78
2196.19
1736.33
1928.68
1798.26
1540.63
1268.6
1345.73
2329.16
2596.66
2557.48
1178.33
2011
1476.83
1331.46
1366.53
2470.84
2243.9
1528.58
1849.13
1343.45
1510.45
1727.73
1142.31
1473.3
2376.31
1306.9
1368.7
1825.44
3463.38
1361.13
1533.59
1776.69
2917.87
2299.6
1383.43
1515.5
1459.71
2272.93
1981.69
1679.59
1938.74
1611.84
1740.04
3535.8
1142.84
1747.71
1628.31
1333.1
1080.15
1296.35
1867.17
2088.43
1273.97
1633.91
1315.6
2043.24
1540.74
1844.89
2139.88
1085.99
1642.11
3396.98
2596.28
1891.92
3540.96
2815
1376.79
3598.81
2880.82
2696.83
2770.77
1353.5
3356.32
1797.45
1606.69
1336.11
1832.98
2595.58
3218.18
2202.32
1227.43
1965.85
3124.45
1383.07
1226.11
1440.88
2000.46
1858.19
1748.23
2649.14
1686.5
1454.29
2127.98
1557.94
1672.31
1318.09
2348.21
1271.98
2176.76
1887.44
4276.94
1611.91
1437.28
1621.92
2270.23
1738.2
2428.78
2090.74
1957.58
1608.56
3633.87
2608.09
2174.82
2006.98
2968.25
1340.33
2566.49
1812
2281.14
2711.63
1475.08
2274.26
1326.81
1972.66
1568.37
2478.27
1806.98
1187.93
2570.12
2254.46
2287.93
1216.83
1632.63
2440.55
1968.8
1896.97
2219.85
1644.17
1473.46
1674.06
1330.46
2367.44
1856.41
1812.77
1891.44
1856.28
1762.7
1301.11
2129.09
2772.74
1465.8
1255.34
2406.76
2225.68
2229.4
2029.89
1461.5
1391.82
1306.35
1836.34
1982.47
1242.36
1024.19
1526.23
2047.79
4335.98
1443.4
2109.82
1565.96
1657.43
3275.88
1431.46
1759.09
3576.37
2652.43
1746.61
1575.55
1831.39
1431.14
1887.15
1533.46
1240.45
1838.5
2630.17
1473.16
1841.1
1613.06
1999.5
1316.08
1388.17
1324.6
2041.02
1478.44
1374.29
2165.12
2429.02
2223.56
1655.51
1613.46
3634.43
1406.43
1924.13
1478.88
2712
2187.97
1752.05
1336.82
1549.5
2764.76
2488.26
1856.3
1582.94
1620.41
1786.59
2613.51
1484.6
1426.2
1297.94
1640.83
2560.04
1871.44
2721.79
2199.27
2192.52
1943.66
3963.29
2717.6
3142.18
1578.92
1393.27
1524.45
2106.29
2389.25
3673.46
1983.92
1451.16
3753.16
2388.48
1239.17
1955.59
1357.39
2308.21
2466.74
2022.75
1343.81
1204.61
1371.81
1935.5
1462.11
2704.61
2027.16
1771.36
5802.71
1528.2
2235.67
2794.83
2364.94
1805.67
2862.3
2642.15
2272.04
10678.9
1579.43
955.059
1725.98
2231.41
2172.76
1570.23
3736.32
2608.8
2289.03
1998.19
5550.53
2831.41
2243.84
1738.02
1674.26
2189.04
2792.49
1185.47
1991.18
2403.65
1321.28
3575.26
1407.26
1589.09
1993.8
1263.61
1887.93
1069.35
1192.1
1783.88
1629.02
1253.48
4673.1
3131.63
2494.64
1189.25
1315.44
2486.59
2285.5
2045.34
2069.19
1429.69
2181.82
1913.61
1055.87
1736.46
11815.5
2405.96
1710.82
1416.35
2258.75
2514.06
1369.42
4824.58
1399.81
3226.29
1427.34
1898.26
1300.59
5954.55
1631.13
2383.23
1640.8
1521.02
2106.04
1111.48
1884.18
2099.57
2732.15
1707.76
1959.8
3574.35
2018.37
2418.85
2635.52
2829.78
2635.31
1897.07
1851.46
2658.97
1901.56
1498.2
1906.07
2077.35
3003.42
1822.36
1606.85
3419.29
6242.9
2345.58
2233.18
1629.26
3336.11
1512.68
2334.17
2528.31
1450.97
6553.32
1151.02
3140.83
1454.96
1870.38
1503.29
1798.88
1596.16
2106.14
1086.32
3001.41
3881
3034.13
1392.35
4230.2
1853.13
1676.03
1176.41
1231.1
1639.79
1159.83
4803.75
1641.31
1290.35
3859.06
1345.94
1808.41
2134.04
1841.93
2735.92
1922.39
1481.78
2081.94
3928.53
3028.52
1964.75
2346.42
1607.45
1751.65
1075.82
3124.32
1584.46
1590.07
2185.04
1575.1
1098.72
2927.83
1374.09
2807.1
1265.76
2070.46
2005.53
2073.85
1959.68
2043.17
2010.63
1441.45
1192.51
1409.56
1310.62
2338.85
2937.89
3070.39
1645.58
2398.93
1329.77
1525.19
1973.61
2292.64
1656.52
1567.05
1733.78
2398.52
1243.72
2732.12
1687.63
1235.7
1465.18
2727.35
2091.43
1766.23
1469.62
3209.94
1237.85
1508.71
1657.09
1887.87
1046.46
1772.6
1715.56
1666.28
1609.69
2247.51
2241.64
2605.31
1989.22
1174.21
865.367
2010.34
4720.65
1872.51
1875.05
2936.94
1638.24
1967.46
1606.39
2197.37
1247.79
1503.76
2349.76
1293.84
3305.19
1423.9
1766.62
3202.62
1610.52
1121.78
1709.26
2141.85
1951.26
1888.2
1562.82
1868.22
2874.21
2585.7
1776.05
2016.95
1991.72
2670.46
1353.69
2701.17
2435.71
4164.71
1307.11
2405.4
3120.85
1149.66
1742.67
1851.56
1809.75
2638.16
2143.7
1876.78
1802.95
1728.46
1252.89
2392.29
2169.48
6205.85
2323.46
1849.42
1224.22
1874.85
1929.47
1480.42
4188.28
1830.54
2330.74
1778.54
1384.34
1338.98
1674.02
2582.09
2249.56
1141.89
2027.86
1479.5
1948.98
2195.81
2829.58
2478.81
1456.75
1818.26
1188.49
1433.1
1973.14
2065.14
2142.07
2141.62
1733.63
1941.48
1335.72
1210.01
1376.68
1433.54
1675.78
1721.55
1818.03
2521.62
2589.02
2070.5
1320.91
1682.58
2138.81
2268.26
3035.15
3615.05
1478.62
4166.45
2365.03
1603.56
2251.44
1133.16
1497.92
1647.33
1684.97
2090.59
2507.98
2395
1873.31
3671.43
1466.29
2108.94
1430.98
2381.49
1492.03
1902.07
1117
1519.26
1895.98
1524.43
1550.52
1456.5
1787.28
1319.65
1727.57
1889.76
1677.07
1820.59
2657.35
1232.05
1316.71
1843.45
2318.07
1513.35
2049.95
1322.99
1394.9
1932.03
2060.51
1318.55
2193.79
1530.87
1455.82
2286.24
1912.55
5608.94
4434.49
2426.98
1984.56
1595.64
1709.12
1886.97
1412.14
1394.65
2216.58
1502.77
1872.9
1065.27
1560.9
2123.44
1817
1451.57
2717.49
2379.22
2011.27
1753.3
1671.9
1331.44
1423.82
2093.5
2563.92
1677.23
1449.72
2842.22
1159.09
3508.51
1369.95
1243.74
2356.31
1795
1631.06
1983.76
3337.92
2942.64
2388.18
1924.61
2396.77
2510.25
1495.19
2050
1764.87
2450.76
2370.19
1993.78
1778.56
1560.87
2042.62
2339.91
1647.49
4542.72
1632.71
1662.26
1256.55
1666.51
1579.92
1543.57
2710.24
1762.42
1894.07
2128.83
1426.8
3024.83
1392.98
1716.63
1395.29
1302.53
1682.8
2050.95
1517.31
2868.35
1953.15
1525.34
4137.67
1021.72
2109.44
1695.57
1802.13
2371.02
2679.99
1764.45
1657.33
1879.79
1688.27
1012.32
1283.46
2397.88
3169.66
1883.19
2229.18
2028.99
2430.46
1953.72
1656.02
1485.11
1688.91
1267.86
4560.45
3512.46
1292.86
1711.37
2813.43
1147.9
2042.28
1672.16
2082.72
1229.53
1564.7
1766.6
1508.96
1709.39
2580.78
1614.15
1379.11
1200.37
1574.13
3422.03
2251.71
1551.88
2266.96
2720.9
2091.9
1241.53
1645.54
1204.72
1595.49
1476.42
2694.43
1361.87
1641.63
1401.71
1608.81
1376.23
1492.51
2204.97
1775.36
1719.71
2410.39
1607.27
5114.77
2115.49
1707.22
1514.99
2517.07
1638.25
1394.13
3008.4
2317.22
2664.14
6631.85
2064.17
1250.59
1770.92
1966.89
1627.72
1871.72
2073.22
1551.06
2025.8
1486.53
2513.98
1541.71
5011.18
1887.37
1843.9
1280.72
3513.91
1066.92
2067.12
1969.43
4191.27
2725.28
2195.46
1825.66
2316.96
1096.66
2341.73
2836.26
1541.59
1363.62
1212.74
2001.97
2094.96
1938.17
1159.69
1852.54
2129.16
2018.81
3468.03
1361.4
1463.93
2072.29
1332.27
1132.58
1691.08
2054.65
2426.45
1614.62
1521.35
1398.77
1302.49
1757
1609.46
1611.56
3112.32
3085.89
2617.7
1561.94
3459.55
2462.95
1675.11
1976.57
1734.02
1359.24
2346.04
3741.66
1932.02
2980.86
1603.21
2380.53
2264.16
1249.55
1673.95
1628.93
1119.71
3065.46
1193.12
1841.89
1306.53
1503.3
1876.64
1806.42
1864.42
1617.8
1900.93
1525.4
1676.83
2664.28
1533.24
1444.58
2761.41
1937.03
1911.1
1332.24
2175.59
1466.54
1322.97
2150.63
1390.88
1905.38
1745.37
1694.77
1406.64
1473.19
1415.57
1633.83
1511.57
2032.29
1789.72
3353.97
3599.2
2091.51
1498.37
2460.32
2883.02
1416.95
1983.31
1666.26
1876.94
2494.52
1528.15
1899.09
2065.21
2480.65
1848.38
2261.44
1105.2
1927.34
1543.31
2183.14
3766.27
1659.81
1265.5
1388.57
1648.73
1328.37
2121.8
964.876
1490.99
2750.76
1408.31
1755.02
2090.53
4386.16
1883.7
1316.98
3013.28
2156.23
1851.72
2044.72
1583.46
1197.73
2971.04
2032.81
1897.86
1701.08
1283.26
2652.93
2242.93
1859.68
2298.25
1719.99
1878.08
3547.43
1349.94
1797.12
1947.8
2002.07
1519.88
1400.75
4888.39
2442.94
2116.47
1423.13
1159.27
1780.95
1898.87
1183.39
1772.16
1783
2113.72
1570.97
1304.01
2544.92
1649.77
2302.68
1591.22
1158.51
1360.7
1532.62
2852.19
1640.15
1607.85
2138.22
1730.68
1834.45
1890.16
1577.85
1774.72
1715.64
2022.02
1110.59
1641.77
2454.92
2059.27
1105.72
1880.15
1819.66
2199.92
1578.73
1534.97
2264.85
2789.96
1472.4
2337.05
3497.7
1859.29
1685.88
2416.68
1097.5
974.125
1854.89
1361.24
1710.8
1400.6
1521.18
2128.5
1676.36
1627.29
1325.63
1454.69
1451.31
2183.21
2608.61
2009.94
1405.82
1351.09
1864.98
1640.19
3073.91
1844.72
1721.26
2707.84
1963.98
2236.87
2317.11
1590.53
1834.12
2338.92
1851.25
1983.41
1087.76
2452.71
1497.69
2042.61
1332.12
1707.32
1614.87
1396.54
1782.04
1495.25
2112.99
3881.79
1965.92
1875.76
1382.05
1546.06
2607.31
2331.43
1814.59
2358.55
1918.27
1502.78
2369.92
1698.85
1151.95
1599.91
1951.08
2757.19
1662.43
1695.98
1497
3019.46
1915.91
1462.11
1417.11
1762.33
2023.94
1897.17
2099.38
1242.49
3156.6
1257.06
2800.21
2021.86
1352.2
1838.16
2477.23
2047.07
1524.45
3273.8
1173.28
1839.46
1559.67
1371.17
2027.76
3320.07
2596.8
2835.97
2064.48
1817.05
1743.18
2155.41
1104.01
1823.37
2581.76
1054.35
2060.82
1119.79
2617.17
2074.69
1504.56
1569.4
1728.38
2544.47
1150.09
1852.3
1452.59
1997.57
890
1087.63
2079.97
2383.65
2262.57
1875.96
2583.05
1378.6
1405.07
1762.32
1869.22
1608.55
2607.74
2749.22
2315.24
2785.31
1645.65
2098.38
2585.41
3152.85
1841.6
2123.26
1641.99
2213.51
2531.4
2503.41
2603.17
1765.8
1409.01
2290.87
2719.58
1496.48
1507.21
1662.99
1550.74
1213.07
2011.94
1421.03
2658.02
5016.21
1283.83
1498.47
2099.75
2604.68
1125.11
2290.64
1357.84
1227.9
2509.11
1249.81
3104.61
1046.03
1325.71
2200.87
1561.7
1287.98
1997.95
2186.65
2177.99
1967.29
5910.99
2703.74
1568.74
1565.27
2703.43
3022.07
2212.99
2361.91
2266.64
1610.64
1105.47
2530.11
1272.5
1356.41
2766.23
1900.74
1695.77
3444.46
2118.52
1754.27
1578.87
1436.94
2351.45
1643.65
2261.81
1245.06
1230.31
3216.12
1777.11
1821.09
1289.5
1947.88
1404.62
2487.28
2868.56
3322
1887.87
2807.36
1812.61
1339.58
1382.81
1597.37
1872.29
1478.84
1843.03
3008.18
1994.6
2276.83
2413.83
1231.72
2151.23
1275.31
2632.55
1234.16
1565.03
1647.5
1896.16
2757.87
3260.14
3705.65
1299.73
1983.7
1589.93
1506.61
1974.15
1568.74
1376.67
1576.17
2428.58
1590.3
2477.31
1459.99
2213.53
3110.01
1266.05
1526.36
1712.83
2963.95
1298.35
2729.93
2742.15
949.722
1995.81
1353.9
1248.31
1127.44
1506.38
1648.28
1528.27
1446.55
1330.79
2898.01
1299.02
1234.36
1724.44
2176.99
2029.11
3039.66
2405.41
1596.35
1247.67
1966.41
1456.7
4600.81
1923.32
2411.99
1393
2164.19
1814.92
2858.35
1713.78
2969.94
1164.97
1112.48
2240.87
2625.31
1383.63
1576.75
1909.87
1372.47
2037.94
1550.16
2489.05
1697.35
1881.98
1130.46
2018.41
2577.58
1321.73
1947.16
1782.08
1722.9
2622.66
2836.03
1383.74
1385.68
2324.08
1639.27
1375.24
1584.3
1214.29
1939.65
2300.88
1341.61
2227.54
2971.95
2267.87
2073.46
3096.03
2476.95
1745.18
1239.72
1645.19
2349.05
1218.76
1744.07
2639.44
2701
3517.3
2509.83
1502.9
1480.71
1518.9
1459.76
2813.86
1308.17
1475.92
1906.57
1444.15
3389.97
1435.61
2360
2857.11
2479.79
1634
1872.78
1369.09
3184.13
2354.33
1263.61
1545.99
2080.87
1609.72
3267.07
2748.47
2906.12
4517.67
1657.86
2003.44
1573.69
3102.39
2195.18
1373.75
1681.4
3132.78
1747.29
3042.66
1836.13
4380.69
1728.57
2139.49
1881.44
1273.44
1141.5
2178.44
3004.19
2473.51
2018.23
1494.61
1889.09
1566.37
1337.28
1085.45
3116.05
1680.44
1100.18
2919.52
2624.05
1481.51
1210.13
1540.26
1449.6
1804.14
2069.09
5163.76
1438.61
1563.99
1479.16
2400.33
1249.9
3886.98
1658.31
2841.07
1753.35
1551.15
1568.94
2889.95
2861.09
2714.24
5850.99
1685.38
1928.31
2193.66
1665.33
1032
5853.19
1492.96
2200.43
2186.75
1996.86
3814
1810.03
2228.69
1643.76
1113.19
1460.88
2735.24
1577.23
1162.41
1056.58
1910.77
1406.26
1897.75
2803.82
1956.72
1969.1
1203.66
1531.54
1388.11
1523.84
2128.42
4333.62
2757.27
1865.37
1653.91
2597.72
1990.97
1711.66
1766.38
1745.61
1987.33
2105.79
3410.47
1506.29
2600.21
1734.27
2332.45
2102.47
1646.75
1433.15
2010.35
1562.93
1967.47
1776.93
3778.02
3863.38
1459.79
3642.7
1882.43
1420.72
1845.55
1317.95
1873.59
2350.8
1917.89
1755.29
1690.27
1483.76
1732.29
3042.69
1793.24
1260.15
1881.31
2697.36
1236.97
1512.09
1458.98
1157.45
2029.39
1721.13
1023.06
3380.35
1419.03
1638.74
1226.83
2324.94
3968.77
1519.21
2078.27
2954.91
1116.1
1748.84
1336.89
1280.13
2163.3
1629.02
1361.15
1399.6
1714.45
1447.78
1267.94
1642.2
1209.18
3122.21
1673.9
1730.83
5075.73
886.064
1055.8
2385.75
4563.49
1570.93
1841.11
1485.04
1931.48
1123.93
1140.91
2108.55
1900.29
1599.9
3081.77
1267.38
1198.31
2138.54
1297.92
2346.89
2388.32
1668.48
2198.29
2673.02
2018.58
1682.96
2260.08
1583.42
1128.2
1669.92
2619.88
1504.89
1431.17
2288.61
2175.23
2413
3582.43
2195.42
1436.29
1612.24
3182.4
947.729
1086.9
2077.43
2892.9
1919.46
2248.8
3387.49
1411.89
2125.35
1227.6
1648.61
2296.43
1816.36
1167.12
4516.02
2292.29
1317.9
1692.81
3375.49
3740.35
1748.64
3574.4
1857.81
2373.82
6071.18
1913.95
