6180.21
3201.92
1550.79
3589.09
3763.06
4573.79
1635.89
2589.65
2812.48
1729.04
3774.94
2448.55
2842.83
1686.14
3439.23
2945.25
1434.12
2571.5
4186.06
2714.93
1913.68
2664.79
1898.66
1777.45
1920.54
1137.71
2755.06
2237.33
1990.18
1870.4
1374.02
2215.97
6076.97
2764.95
2147.45
1879.12
2810.38
1340.08
2431.07
2695.29
2772.82
2005.76
2679.2
2696.94
1586.44
6026.1
4063.11
2187.65
1904.8
4813.66
2125.06
3889.38
1538.42
1742.66
2273.72
3099.09
2210.78
3057.35
1888.4
3111.93
3451.67
1918.67
1891.42
2792.55
5065.3
2275.35
4850.19
1984.82
4316.58
5223.03
3094.77
2214.53
1244.46
5904.38
3178.85
1563.09
1543.15
2383.19
1401.25
3063.08
2462.4
2717.47
1639.88
1940.26
2064.24
2507.93
1834.56
1751.09
3238.91
2265.9
2453.93
2162.98
2258.89
2213.23
1974.86
2270.45
2337.02
1734.78
1522.07
1991.77
2059.82
3958.27
3839.46
2102.09
2338.14
2930.41
2613.8
2109.46
4658.42
2839.1
1632.67
1986.32
4457.04
1744.75
3192.74
3967.02
3142.33
1928.4
2004.5
2156.13
2464.24
3429.13
5325.25
5733.97
3489.09
2939.61
2637.08
3222.15
4454.41
3095.21
3472.76
3066.87
3190.1
3925.69
2191.83
3091.72
2059.75
1526.47
3141.62
2384.23
2395.07
2185.05
3297.86
1280.81
2783.25
4283.3
4218.77
2164.12
2921.98
2826.88
2418.93
1851.83
3851.51
1490.91
1347.35
2985.82
3354.55
2606.07
1675.7
5072.31
1834.2
3968.7
2413.64
2900.22
2895.9
2576.91
2274.27
1624.21
2521.16
1708.72
3148.54
3674.26
2485.14
3691.3
4033.47
1350.41
4707.44
1705.73
3926.93
2717.95
6797.27
3708.2
2486.63
3000.04
3527.03
3315.96
3086.21
2631.62
1551.67
2640.45
2890.42
7897.19
3133.41
4537.88
2905.96
5108.66
3134.61
4306.27
1665.16
3097.38
1851.3
1223.58
2039.91
1429.1
2164.57
3038.32
2194.83
5370.7
2537.79
7584.49
5071.17
2107.9
1595.47
2490.46
3393.36
1668.79
2687.62
2608.74
1605.26
2522.98
1578.61
1297.07
1940.44
2983.31
2221.68
2729.35
2006.54
3782.93
2186.2
1797.13
2112.04
1763.72
4967.04
3021.73
3604.29
1976.73
2526.47
2297.06
2207.34
2945.8
3511.62
5587.92
2257.2
2129.61
3540.73
1630.24
2137.26
2194.87
7167.08
1989.78
2193.43
4042.64
1609.78
4632.81
2304.11
1968.49
4484.09
1758.29
2200.45
2392.17
2847.59
1326.96
2216.35
2461.51
2915.63
2087.48
2512.4
2581.39
1900.36
2432.81
2149.23
4125.42
3430.52
1836.31
1665.66
3814.34
1887.24
3928.47
7571.36
1616.34
1137.09
2300.18
3861.42
1666.07
2683.06
2218.32
1534.76
2162.95
3105.59
8491.05
1980.61
2809.89
4530.52
1542
2545.23
3090.38
4337.63
1573.86
3245.81
12586.3
4406.73
2016.69
2736.86
5662.55
2620.41
3940.92
2136.25
2153.81
2042.64
4541.11
2303.44
10908.9
3543.4
3582.03
2809.17
2770.35
2859.69
3180.43
4873.8
3786.36
1982.03
7141.23
3664.75
3403.71
3747.83
3326.33
2194.98
6496.88
2901.94
2431.84
1648.53
3339.14
2405.25
2602.7
1879.56
2338.19
1789.26
1675.88
1555.03
3293.93
5154.66
2000.5
3095.1
2841.59
2237.42
6877.55
4400.09
2471.85
1904.3
3574.45
2134.46
2445.06
2155.24
2559.37
3166.72
2568.35
2553.64
1540.45
2979.85
1851.04
1793.41
5087.33
1787.64
2810.13
1871.56
3978.56
1585.48
1777.31
2768.85
2243.69
2823.07
3511.04
2606.42
4544.36
1726.05
1964.16
2726.58
1881.27
2216.66
3048.04
2060.59
7010
4293.6
3604
2298.64
19856.2
1838.42
2723.92
4152.11
2040.21
1623.83
5065.27
3158.46
3360.35
3252.38
1541.81
3095.53
2433.89
3248.86
3852.8
1862.79
1804.26
1858.45
4282.6
1385.97
3656.77
3303.23
2025.72
2186.76
2749.32
3518.31
1931.9
4396.39
3661.17
1177.88
2029.71
2540.69
2107.06
2705.12
3122.5
1936.26
3615.05
2960.78
1888.56
7189.7
2554.62
1682.54
2304.2
1566.16
3705.29
1840.16
1617.35
2946.35
1695.57
2506.33
1582.52
2751.49
14505
1536.43
2644.53
2693.27
1756.88
2139.16
2462.19
1511.63
2358.76
3062.24
2835.42
1944.19
5585.57
1513.96
2125.05
3526.86
5500.29
2725.43
2755.73
2339.82
1534.37
3894.74
1600.84
1811.18
2568.45
2486.99
3428.06
4847.08
2385.37
1082.31
4543.33
5003
4996.4
4542.97
2194.91
3757.8
6524.69
4704.97
2912.94
3013.69
2869.09
6275.74
3165.38
2397.62
2273.95
5163.17
4101.94
2551.27
2131.37
3718.22
4428.71
2025.35
2999.79
5463.92
5090.99
2043.54
1996.58
1658.93
1592.92
2476.45
1696.22
3064.77
2174.34
1790.52
4142.51
3374.83
2377.74
1800.57
2454.58
2715.79
3597.73
2657.82
1633.65
3089.31
3935.1
2475.34
1977.25
2526.72
5332.98
2725.54
2017.68
2500.52
3705.22
2723.97
2718.13
2879.63
7090.22
2833.73
2573.62
2381.83
5044.34
2140.01
2668.68
1727.05
3608.99
3636.83
3584.76
1209.67
5126.19
2289.68
2274.14
1939.3
2816.72
3746.4
3957.18
1589.9
1717.31
3204.32
3231.02
3674.4
3361.23
2664.12
1650.1
6173.62
2215.7
4477.26
2616.67
2525.24
2928.08
1788.13
2463.75
1834.52
2494.7
1546.38
4125.14
4042.47
1574.75
2935.96
5325.11
2051.47
4049.33
2430.66
2016.79
3353.18
2738.91
1886.25
2702.04
1555.92
7778.95
2093.43
2631.87
1681
7056.33
4146.69
2557.04
3784.63
2373.64
2122.96
1808.03
1634.83
9347.74
2801.11
1925.51
2040.17
2916.05
2862.08
4331.98
2901.42
4255.95
2204.7
1715.88
1932.79
1828.35
1744.03
2879.17
1558.01
4437.85
5663.4
2147.99
2056.86
3265.38
2803.13
1872.66
3152.29
2389.53
3679.27
2101.07
6101.17
2091.57
6219
4395.99
4233.3
3279.8
1118.51
2243.01
1580.31
2435.96
5333.34
2300.33
1693.15
3289.93
4182.7
1806.65
3638.36
3858.44
3909.87
7917.06
1905.02
1838.09
2932.15
2018.77
4716.49
1986.23
5982.57
3420.83
3935.3
5226.57
2392.13
2650.05
1952.63
1833.3
1986.53
4537.77
2685.96
2185.97
1526.45
3236.91
3162.14
1350.44
3699.76
1925.44
1794.09
2760
4105.97
2634.29
3150.76
2484.71
1514.07
2431.21
4826.47
1967.18
6672.31
6980.99
4981.92
1950.02
3453.99
2949.56
4013.71
3380.08
3695.6
5388.96
2602.23
1849.71
2670.37
7535.12
14675.9
2944.58
2080.13
2331.53
3053.69
3080.88
2625.32
5409.93
2143.45
2983.82
2368.13
1921.79
2670.24
2072.51
3954.72
3506.37
2136.48
3503.79
3431.5
2042.07
1677.85
3356.22
7066.89
2853.76
1841.36
2580.99
2498.35
2896.11
2196.23
6045.82
6583.51
2024.84
3834.39
2429.21
2088.06
1796.24
2313.03
2230.36
3761.3
2287.5
4252.8
5692.49
1544.08
2159.37
3084.06
3946.89
2515.11
2352.67
3364.44
2559.37
2583.63
1876.82
2258.58
2553.48
4897.35
3876.7
2023.25
2270.66
2069.99
4055.08
3241.68
2626.7
2010.69
1717.22
1400.09
3433.2
5271.44
3139.12
5563.63
2209.89
2637.05
1422.55
2733.32
3072.55
3076.05
3698.86
1894.86
1936.67
4075.7
3608.88
5003.17
966.465
2293.71
2267.01
2617.27
2049.1
1908.14
1227.09
3129.77
1771.41
5062.81
3775.97
1932.02
3670.85
2483.54
2872.03
2203.89
4338.81
1783.46
1992.88
2484.41
2127.59
4387.61
3552.07
1628.08
2605.19
1881.24
6999.98
3164.42
4718.17
2210.15
3915.58
1260.65
5273.94
1685.81
2266.45
6492.34
3732.85
1854.91
2151.57
3918.39
2227.61
3735.09
1695.9
3109.13
5234.46
2041.9
1697.57
2146.16
2190.68
5409.75
1846.56
1640.33
2458.47
3743.52
2139.29
1846.09
4324.39
3133.51
2834.74
4082.95
1282.2
1398.69
1526.93
5316.28
1897.9
1820.43
2721.66
2113.2
2278.81
2568.97
3425.55
4118.16
3010.15
9432.72
2141.68
6264.73
6505.38
3938.14
1547.22
3321.31
2743.56
3688.76
2205.76
2824.53
8422.95
2456.33
2750.53
3097.78
6161.79
2795.77
4430.17
4438.59
5542.25
1929.81
2302.56
1765.57
2237.61
1240.57
2868.09
3086.7
3034.2
7719.46
1994.56
4031.14
2133.65
6235.48
1997.78
2568.72
2312.58
4823.26
2960.18
1711.16
2563.01
2941.18
3188.47
4435.87
2187.65
4598.01
2109.15
3604.25
5182.13
2195.17
4097.56
3928.71
2464.98
9982.08
2283.56
3168.59
3952.03
2858.67
1636.65
1671.11
4326.93
4638.79
2183.89
2302.43
3235.12
3376.24
5782.63
2924.88
1770.08
1858.02
2828.05
2481.39
3793.24
1628.1
3227.59
2602.02
5554.45
1523.59
1775.53
2288.65
1828.8
1571.86
3609.07
3293.56
3448.5
9010.67
3389.74
1636.33
6173.96
2610.55
2843.14
3820.72
2635.08
2384.19
1672.39
3637.72
3151.78
5592.65
2666.64
4239.04
1637.78
3970
3580.17
3512.01
3862.52
1642.35
2843.21
2056.3
2173.15
2828.61
2287.33
6776.79
2093.41
2961.66
3593.89
4055.36
2834.88
5285.48
2319.45
3110.68
1506.76
1864.92
2338.21
2241.06
2044.65
3125.05
2257.45
1707.58
3332.27
2198.64
1924.25
5320.85
2880.88
8460.03
2161
1725.15
2244.13
3053.48
1458.71
1786.03
3417.44
4040.6
5020.56
4044.16
4021.05
2245.2
2588.45
3209.7
4132.07
4217.26
5277.57
1822.3
3255.04
2795.1
1875.51
2416.29
2319.53
2754.92
1365.52
2680.97
2110.98
2036.54
2519.94
3587.73
9530.11
5531.43
2560.85
2720.32
4234.25
5190.91
2239.87
1757.51
1606.99
2035.8
2462.54
2978.34
3092.84
2778.97
3914.86
4008.95
3048.1
4043.21
1503.79
3590.31
2376.68
3450.89
2039.21
3364.78
1804.19
3070.94
7486.86
2737.8
1292.2
3462.58
5962.42
3739.98
2860.11
4354.32
3424.68
1963.71
2001.89
1460.14
8052.17
1813.39
2839.11
2561.88
2402.14
6111.71
3864.55
1931.52
6341.25
3645.47
2078.74
2423.28
1946.88
1868.64
4631.66
2020.7
7695.77
2080.95
1888.53
1869.99
4008.21
4751.44
2824.6
5268.13
3044.81
6832.27
1817.27
1432.11
3713
2717.26
6274.77
2399.15
2695.05
2654
2568.95
5793.42
3652.67
1353.14
11809.7
1954.87
2858.47
9836.58
2286.33
3150.29
2579.3
2883.15
6802.15
1647.44
2039.31
2705.29
2739.15
1757.47
7154.27
2684.96
1834.09
4256.46
4481.06
4875.72
2682.3
1598.24
2599.79
4305.92
2311.78
2089.86
2057.6
2015.91
2781.15
2632.8
2097.63
5882.4
2582.55
6614.24
2618.43
1382.4
7682.6
2050.39
2455.87
1874.33
2900.07
3423.41
3662.76
2074.73
4367.2
3301.8
2667.97
1716.97
2988.42
2687.67
2772.72
2243.49
3403.26
3423.16
1288.01
1236.32
6970.45
1951.14
3715.54
2707.69
2067.71
2614.11
2155.27
2811.03
2954.49
3516.59
2692.26
3637.44
2651.23
2370.09
1482.07
2736.5
2519.65
3696.54
2004.75
3298.56
3326.21
2376.68
1860.77
3085.48
2477.34
2120.92
1817.29
5546.08
1805.62
2712.14
4789.44
4631.33
2670.71
3130.53
1399.74
1810.1
2547.76
5999.31
1754.58
1777.78
2145.64
2316.26
2916.04
1653.08
2369.43
1630.63
3099.33
4083.59
1614.59
2800.16
4445.78
2995.27
3932.69
4350.59
1526.47
5421.93
4432.69
3086.47
3091.15
3506.99
5937.6
3156.04
2455.03
2523.71
4189.03
9139.58
3430.83
4130.86
5232.99
2811.44
3938.46
1999.84
2742.43
1748.55
2485.34
3723.29
8803
2656.52
3454.32
1798.08
2029.41
3866.66
3933.05
2026.72
2020
2478.56
2103.11
4932.46
2023.2
6974.62
2577.49
2772.27
2132.63
2478.44
3067.08
1901.09
1987.97
3035.73
2703.58
5366.88
1591.4
2701.11
1850.61
3338.83
3073.65
1867.07
2754.47
2056.02
3908.72
2104.95
2352.84
2029.31
3997.66
4456.25
2223.17
2274.06
2938.72
2217.52
2583.5
2591.76
2704.38
3127.86
1424.07
2882.58
1328.92
4277.04
2916.81
4363.33
2796.35
2432.03
2473.08
2380.51
1462.42
1814.14
2084.64
2848.52
1969.05
1516.52
3436.93
2014.37
1602.83
4264.29
1751.02
2120.7
4838.49
3639.82
1850.18
1807.41
5941.82
2702.23
1819.67
7371.53
4282.41
3124.8
2898.54
2766.09
4183.54
2755.48
4960.85
2573.53
2586.67
1984.92
2585.46
2208.7
1799.77
2437.33
4017.64
1462.49
1746.42
3888.07
3968.6
5412.29
3911.09
3026.21
3691.83
1894.07
2186.52
2237.37
3314.7
2620.42
2755.51
1878.7
2084.23
5099.17
2996.46
2706.57
1939.03
3591.97
2178.55
2189.54
6301.8
6309.32
1567.21
1876.74
2415.7
2287.57
2083.61
3870.28
3690.35
2383.37
5980.13
2605.32
3188.98
2801.22
3060.74
4130.5
4415.89
2598.33
6115.56
3662.17
2236.23
2891.67
5098.22
2628.46
1873.96
2091.46
2175.11
1935.33
1846.73
2455.82
2952.87
2471.43
2876.34
1760.65
2490.55
3714.32
5430.2
2212.12
1916.5
3445.18
2257.63
4556.41
2890.62
2683.4
1884.26
6392.35
2383.61
4490.45
2139.62
1225.54
2973.53
2402.4
1347.54
1434.06
4095.09
3145.93
4697.58
3804.53
2256.97
9568.87
2100.37
2776.95
1795.16
2015.56
3732.06
6374.21
1305.92
10838.3
2252.14
2728.1
3294.57
3192.13
4526.91
2420.56
2080.65
4842.97
2876.66
2970.77
1661.2
8647.07
1987.04
2698.31
2270.72
4569.01
2966.09
2207.24
3665.9
2138.57
8329.67
3187.77
2318.76
7956.96
2209.92
4728.43
1535.29
3037.7
2787.73
2692.57
7229.57
2989.85
1925.58
4050.17
3482.89
1473.33
2097.97
1911.35
3732.71
2532.51
5323.05
3750.2
3279.83
2888.28
3176.67
3831.22
2622.64
2298.3
2196.99
2046.11
2097.5
3124.29
4738.3
2642.76
2803.89
4400.66
1970.42
3860.04
1786.77
2840.12
5945.87
3666.83
2779.95
4593.61
2589.47
4104.97
2417.91
2700.13
2535.89
3786.23
1917.19
3694.77
4068.22
2871.52
4594.18
2822.81
3648.51
4267.84
2681.22
2405.54
4804.95
5797.48
2577.08
4168.56
3411.06
2176.43
1659.34
3045.27
1682.92
1785.31
3006.4
2159.89
3623.88
2278.66
2682.89
3705.46
4290.02
2208.84
3336.18
4047.04
1810.58
1317.52
4820.3
4150.68
2251.59
2511.4
1822.74
2531.29
1518.33
3337.43
1902.64
2744.19
2961.38
3056.76
2021.96
13258.3
2748.12
4471.74
2305.16
2690.89
2628.34
2555.11
2078.63
2026.1
2424.16
1283.81
7399.32
2824.86
2467.58
3051.23
1879.55
4376.45
2240.03
2187.47
3231.88
10225.7
2749.32
6208.32
2008.77
1249.12
2703.55
2906.53
1985.26
1193.48
5045.7
3146.89
2752.79
1984.19
1942.38
1620.25
3350.52
3768.35
2063.52
2044.31
4910.77
2596.24
4016.66
3683.05
1698.01
8600.89
2653.59
3468.81
2722.45
2161.84
1710.26
2322.28
2001.77
5554.87
3409.13
3377.95
4223.99
2919.85
2641.54
1898.35
3125.1
2611.92
1864.04
3611.01
2658.22
2070.21
1739.01
3010.55
3137.83
3122.51
2234.53
3329.9
6891.93
5750.56
1862.96
5760.84
1942.21
2941.34
2548.66
3280.01
3693.34
3297.89
2001.08
1352.01
4928.36
1752.83
1488.49
2089.99
1984.07
3593.38
5121.83
4573.28
2042.92
2950.92
1786.43
6753.89
3663.53
5789.46
2078.81
2979.22
3168.82
1668.76
6091.4
3119.29
4916.05
2387.15
2764.21
2821.95
1913.86
2345.51
1550.59
2451.33
2453.06
1884.32
2904.56
2407.4
2349.61
1668.51
2751.72
1481.06
1786.82
2936.44
1182.67
3420.1
3963.94
2000.11
2415.39
7069.25
1534.64
2276.32
2565.36
1657.85
4309.37
3516.34
1987.64
2551.15
2595.28
1653.28
6123.68
4763.7
2664.44
3132.21
2290.31
3831.07
8572.98
3674.15
3407.06
2427.71
1741.32
2282.58
14109
3082.09
2303.52
1326.19
1830.41
2256.78
2574.48
2551.06
4975.85
2199.21
1805.67
2015.6
1973.6
2242.08
2212.22
4282.64
1787.32
2260.13
2653.56
2496.55
2743.65
2348.94
3859.07
3677.79
3177.85
3175.26
6375.92
3761.37
2015.86
4996.5
3517.21
2301.28
1677.24
1893.1
2669.47
2515.8
2265.56
3218.75
2122.07
2044.27
1830.57
5982.06
2146.86
2261.02
4062.15
1621.98
2321.21
2109.61
3565.48
4932.22
2346.4
1646.01
5785.95
1888.77
1527.27
2855.72
4026.29
2778.34
1770.74
1867.76
3938.75
1984.38
8490.67
1242.23
4669.25
3984.41
1619.63
2700.55
1947.08
4422.56
1913.99
1931.09
2845.18
3983.46
6769.88
2157.38
1779.73
3227.28
1796.73
2471.16
6027.28
3363.76
3845.53
2967.01
2747.87
1609.36
1995.09
2595.96
2295.19
6151.95
2235.14
1578.87
4164.5
3544.86
3712.61
2310.42
2076.94
2541.91
3760.76
2487.62
2592.16
3263.45
6714.92
1668.55
2424.75
3107.69
1804.93
2152
2043.54
2065.77
3837
4425.86
2122.64
3952.05
3801.65
3307.64
2606.22
2941.42
14963.1
20851.7
2685.44
3905.2
2865.61
2537.01
3136.76
3587.07
3148.69
7033.65
4328.79
1926.32
3802.93
2057.03
6938.88
1931.53
2469.96
3184.62
1937.72
5457.85
3925.63
2696.15
3349.4
2647.6
2266.64
3292.8
5394.75
3840.91
2112.18
2480.91
2452.32
2299.48
3799.79
2179.91
2310.85
1607.37
3493.43
2308.03
1707.54
2346.07
5067.18
3451.72
2342.31
2615.57
2411.2
3282.08
2430.75
2435.05
4711.57
2699.29
2944.38
2993.89
3270.55
3339.34
3208.87
4180.84
2045.35
9986.33
1719.87
2555.99
6024.67
1715.04
3443.99
1700.5
2114.9
2373.55
2068.16
1957.01
7377.02
1819.16
2189.76
2755.33
3027.08
3014.04
1591.22
2010.35
1858.98
1946.49
1384.34
2783.56
1388.95
4287.2
2977.89
4043.73
3096.35
4467.94
4363.04
3020.47
2083.45
2732.46
4280.99
2563.95
2145.37
3632.41
2346.83
2086.16
2632.83
1728.38
2825.98
2367.32
2503.47
2479.32
2305.39
1540.17
2598.67
2248.76
3402.75
1050.11
3599.13
2791.76
2173.09
3614.79
1288.67
3213.1
3702.42
1643.66
2497.28
2363.18
2714.78
2827.51
3662.94
3200.06
3478.03
5763.38
4555.7
2564.46
2581.58
2201.79
2426.28
2550.05
1860.44
7545.31
5058.66
2101.54
2172.03
4199.5
2362.6
3842.31
2448.47
4784.73
1318.04
3435.31
1991.72
3174.29
1820.29
2987.45
5888.35
2265.23
1810.3
3169.85
1490.06
2986.8
2380.64
1896.53
3702.05
2550.74
2063.66
4247.09
1497.97
8830.14
2857.97
1870.08
1913.74
2538.75
1463.21
4472.57
3682.8
2040.66
2409.73
2682.44
2974.28
4445.08
2819.49
1498.65
2023.14
1995.48
2473.81
2279.63
2702.29
2362.67
2634.33
2962.15
2964.16
2456.16
1698.56
1965.81
3407.41
1740.32
3105.51
4332.51
9154.38
1960.53
3784.54
3864.59
3584.44
2912.86
8309.26
2669.65
1830.86
4399.04
2450.06
4755.33
4475.74
5278.67
7305.47
2601.41
2539.01
2833.54
1948.61
2032.26
2062.99
4421.89
2038.62
3727.68
2328.17
3485.05
3009.58
2333.45
3388.69
1283.01
4663.73
4124.02
1843.1
3539.78
1909.09
8778.07
2761.95
1849.88
2557.66
2736.63
2215.87
1921.47
1642.34
1732.2
2062.23
3686.79
6134.81
2946.39
1399.04
2715.41
3771.87
3090.55
2142.48
2724.46
4387.82
1867.77
3884.73
1820.51
2019.51
2526.77
1784.11
3742.97
2220.43
2968.37
1566.4
3081.23
7962.61
1948.74
1844.99
6304.36
2073.15
4197.51
1796.79
3015.23
2102.43
2066.43
4251.75
2495.19
3903.33
2890.57
2645.6
3673.53
3074.61
2847.96
5843.51
1823.64
2653.71
1759.4
5022.34
2207.05
2489.33
2123.15
1796.44
1347.97
3244.89
1478.92
6749.63
1683.07
2895.85
2790.78
1757.07
3948.85
7277.4
4275.16
9148.25
1899.71
2149.95
5309.37
3506.91
1733.74
2884.44
6194.48
2148.32
4428.1
1896.56
1770.03
2537.6
2531.06
2409
2403.05
2997.85
3439.52
3799.09
6255.77
1977.23
5422.7
3990.43
4744.07
5006.97
2093.77
2420.82
1831.58
2483.11
4005.28
2814.47
1638.09
4005.97
2134.08
1922.41
1358.54
1820.88
1636.85
3033.49
1923.4
7190.8
2334.53
1497.32
2060.17
1600.75
7967.02
4819.52
2060.31
1915.19
2396.44
1931.36
1909.78
2340.76
2195.03
3268.43
2212.53
2416.4
1835.75
2037.24
2373.75
2663.65
3088.98
2425.75
2528.08
4042.3
1825.05
1779.21
2717.58
2725.33
3204.06
2096.93
2427.61
1874.76
4392.23
5199.46
2433.86
3253.14
2576.49
4265.75
2710.95
2902.66
1922.41
1370.8
1613.19
3996.68
2112.86
2125.34
3250.22
2295.9
2602.56
2462.13
3250.95
1753.17
2284.61
2379.06
2379.62
3550.12
1535.47
2621.52
3107.78
1595.29
8033.49
3026.08
2142.03
2907.47
1707.23
2729.37
3143.46
4510.33
2544.92
1902.5
2389.18
2389.88
3573.51
1819.01
1909.97
3757.23
2955.96
3069.45
3031.76
2179.01
1826.55
2043.33
1392.85
3264.86
3201
3805.4
1554.3
2366.34
2133.3
3205.51
6662.23
2112.96
1581.54
4683.52
4013.4
4735.43
2233.7
2747.59
2879.14
2289.87
2049.83
2555.98
1878.93
2208.39
4390.04
15169.5
1959.3
3386.82
2126.3
2223.98
4309.35
4381.34
3462.31
3132.94
2407.48
1873.63
3943.98
2702.6
2229.66
2470.44
1804.41
5753.11
3159.47
3171.21
2528.43
2081.9
2018.98
1500.7
4798.14
2357.32
1690.53
8547.12
5692.11
5729.97
2418.97
4037.51
3090.55
3716.47
4167.29
3565.82
3101.2
1999.3
9843.41
6258.36
1985.67
2741.37
2720.19
1387.99
2041.31
1473.88
3064.85
2834.07
1787.04
9590.53
1567.57
2524.96
2953.19
2177.08
2079.53
2291.42
2049.13
2538.3
3068.5
3181.99
3414.96
3611.07
2104
3922.29
3115.9
2927.76
2368.21
1592.91
2629.88
2163.27
3427.65
3948.14
1602.73
2123.28
2908.21
1114.55
1556.61
2604.48
1769.05
3415.53
2147.53
4398.41
4355.77
1613.03
2132.82
2651.48
4874.64
2426.61
3712.31
4715.77
3522.74
3391.46
3963.68
5592.55
3244.46
1531.67
2457.76
1331.24
2097.72
1639.85
2234.77
6454.85
1996.53
2532.79
4073.77
2924.76
3535.35
3973.49
2469.69
1875.27
3335.42
14105.1
1501.72
1773.13
1589.81
3083.15
1312.14
5095.15
1890.57
5354.62
3882.15
1766.16
2768.38
1700.6
2142.6
2177.97
2503.52
1810.66
2780.33
3484.39
2055.56
4160.7
1706.85
2098.76
3769.37
2773.56
2225.78
1728.62
4183.67
3774.67
4049.07
5669.46
2734.26
1450.57
2068.78
2245.21
3693.9
4066.91
3249.69
3154.18
2418.19
1905.04
6228.69
2568.59
2600.88
4937.18
3158.88
4180.56
1866.88
7163.28
2579.45
4669.84
3265.98
1739.13
1477.27
3321.43
3501.09
5472.91
2854.28
3063.26
4068.02
2684.03
2908.5
4664.97
2120.48
2532.19
2424.63
1941.45
1922.15
2184.89
4625.12
1875.69
4795.42
2924.26
2817.51
5562.18
5467.34
2455.02
1726.32
1883.95
1634.09
1333.08
1866.33
5810.94
1937.29
1996.92
2558.89
2790.5
3091.71
1402.23
2359.56
2228.76
1841.3
2945.78
2270.29
1798.56
3856.97
2766.02
1679.33
3452.58
2731.69
4131.55
2246.49
4886.49
1968.07
3706.74
3686.89
1954.22
2113.13
2362.53
2345.31
2900.47
2229.23
3817.95
2601.28
3169.91
2025.41
2446.75
2846.36
1593.74
2648.32
4169.35
11970.7
2146.81
2197.85
3091.36
3638.8
2836.3
2242.31
3060.49
4169.69
7246.97
2906.14
5142.67
5549.32
4729.73
2153.23
2176.19
1448.68
3200.02
3234.38
2541.9
3084.16
7205.18
3282.05
6792.23
2728.06
2688.69
4635.15
3854.12
2049.75
4144.11
3604.48
2072.48
3350.11
2166.17
2449.65
4096.46
3282.51
4458.77
2235.4
1732.48
2668.41
2474.68
7243.9
7543.46
2887.55
3108.19
3338.22
1905.3
1669.19
3345.92
2891.04
1919.49
2296.62
3396.07
2720.55
1563.18
4096.36
2796.1
1270.13
1732.75
3407.79
2237.47
1744.75
4704.78
2348.54
3568.14
4946.52
2525
2496.14
2217.21
3423.77
3104.75
2390.25
2361.94
4624.72
1703.51
4545.57
2759.38
1655.91
1690.24
2869.99
4284.25
3860.82
1421.6
3020.01
2564.57
2846.04
4298.65
2180.84
3636.89
2638.77
2457.92
3031.9
1965.05
1407.36
5089.44
2098.33
4188.31
1734.12
1861.24
2838.73
4092.94
4641.68
1663.89
2031.48
2359.12
2653.82
1570.41
3570.27
4211.01
2043.93
4112.93
3347.79
1920.47
7728.1
3921.82
2730.78
2163.91
4249.65
3492.88
3969.95
2095.62
2672.96
2588.39
2212.76
1722.3
2902.23
6502.16
1637.51
9322.93
2438.73
3657.68
3981.81
3173.92
2654.15
2798.74
4112.32
2378.76
2188.15
3005.2
2112.45
1930.13
4660.31
2115.71
3644.73
2600.59
3393.12
5332.32
3126.53
6709.33
2385.11
2965.98
5297.33
2162.61
3150.16
3363.33
2549.17
2218.6
3926.59
7682.47
3427.98
2717.73
3148.76
6201.86
2662.13
2984.18
1983.89
3047.43
3839.45
2149.76
1979.34
3277.3
2064.16
5100.84
2579.23
1442.86
4102.83
4025.67
4800.89
2111.17
2539.9
2134.44
3809.1
1909.14
2128.9
2748.53
2704.56
1771.72
1650.99
9548.89
2357.33
5399.73
3240.26
1634.99
4454.95
1958.87
3339.26
3658.21
1809.74
1895.19
4057.76
2213.83
2162.58
2400.61
2375.52
2415.8
2189.96
3275.76
3483.48
3717.7
2374.09
4197.72
15090.3
2505.77
1811.1
2354.4
2280.82
2779.95
3012.37
3539.39
4474.73
1406.73
3116.43
2395.82
2070.28
5213.65
2792.45
3150.57
2136.6
1615.9
5705.43
2487.01
2354.68
2920.9
2167.73
2641.02
5474.79
3219.12
2599.9
1744.76
2204.01
3179.39
3964.53
3277.89
1674.84
2804.63
5021.18
2466.72
6175.83
5125.27
2248.91
2227.89
2187.33
1353.77
2843.94
3664.87
1544.4
2802.46
2418.07
3523.86
2475.82
1740.37
2676.73
3639.08
2887.26
2376.56
1503.78
1835.68
3503.38
2231.54
2328.17
3071.84
2219
4915.62
2178.07
2815.8
3565.2
3647.38
1602.78
1783.73
2665.53
1509.15
2531.17
4080.19
4039.6
1544.44
1780.14
1789.93
1493.84
2493.11
3033.36
1547.98
1718.99
2819.32
2120.76
2191.05
2984.48
2329.16
3405.27
1540.15
3302.92
2150.41
7207.48
2004.18
3576.96
1457.08
5758.81
3120.29
2905.65
3644.35
1797.32
3179.65
2080.32
4657.05
3492.1
6441.62
6329.56
3031
4296.45
1370.23
1755.64
3977.66
1453.3
2076.52
1658.22
2347.01
5377.15
2867.59
2002.75
1502.76
5230.25
1664.59
3671.84
4524.43
3468.73
5481.75
5417.69
3289.47
2009.87
2336.72
3304.56
3653.16
2702.28
2049.41
2107.51
3389.39
3367.36
3101.88
2018.66
3206.86
1755.44
2628.08
1692.56
4401.08
5097.59
1238.63
3700.61
7456.27
2262.29
2008.05
2624.5
2116.41
2366.46
1660.76
2598.22
1967.55
10748.8
1825.38
2982.17
7388.34
4539.93
2356.79
2241.11
3633.32
1619.78
5314.55
3735.35
2061.07
1387.62
4253.21
2841.44
2336.6
7646.18
2845.14
3024.6
4362.85
3602.09
5107.28
1174.52
2008.49
4603.25
1662.12
1677.36
2957.94
7748.58
2161.84
2669.25
3216.68
4743.03
3892.97
3432.39
2000.68
2459.04
1641.74
2226.14
5815.46
2916.22
4245.78
6087.94
3371.15
1531.02
2701.87
1744.52
5693.97
4893.9
8101.26
2072.01
2676.83
3183.45
2276.46
4003.75
2032.33
1559.19
1936.48
4143.87
4868.73
8322.53
1907.45
4446
1832.09
3983.65
3952.49
4367.83
2198.41
2114.88
8613.94
2126.3
7907.55
2317.56
2058.94
2230.37
4270.2
3864.13
4510.17
2073.63
2728.5
2607.5
3213.44
2775.06
4321.55
1751.19
2353.44
3329.66
3549.87
2006.49
3535.63
7988.54
2084.95
2457.47
2195.38
3286.32
1483.73
2982.46
3720.23
2101.08
2885.01
3108.81
7463.17
2637.41
2047.24
2251.76
3191.39
2749.45
6384.43
2670.37
1984.2
2062.98
2076.82
2218.62
4149.59
1986.51
6436.96
3794.69
3186.77
5953.21
2898.22
6895.7
1571.79
1827.38
3794.22
4463.23
3220.98
10678.3
4810.66
4296.51
1761.98
3037.31
2287.95
2391.77
2074.69
3324.91
1830.96
7642.09
2681.87
3637.43
2391.52
1909.78
2410.16
5675.36
2727.04
9404.47
3231.69
1443.45
3786.6
1368.44
11739.5
1604.68
2208.91
2803.7
2188.07
2329.76
3086.83
2066.43
1822.86
2754.38
2599.32
2391.95
1949.23
8075.52
1494.52
2980.25
4249.46
4679.05
1982.94
2263.67
2232.02
1639.73
2411.63
2190.75
2022.13
5362.79
2578.6
2435.64
1883.43
1771.07
4104.82
3025.9
2194.76
3122.86
3366.3
2562.91
11066.5
4044.79
2769.02
2753.72
8199.74
3560.91
2065.05
2689.38
2448.52
1809.28
2382.68
1821.71
2133.59
2796.5
4379.83
2376.2
3428.63
2503.42
4995.71
2260.09
1824.44
1599.77
1592.92
4394.07
1523.18
3011.54
4336.27
1878.27
1691.95
2672.24
3468.28
3873.6
2050.1
1975.28
4898.65
6581.87
3288.07
1996.7
1882.06
2722.31
2585.87
2561.35
1223.34
2562.91
1629.31
1896.75
1942.59
2464.63
2754.48
3209.91
3658.49
1700.38
1601.22
7855.86
2065.16
2186.8
3747.97
5670.61
3270.04
3931.35
3086.12
2259.71
2228.15
3000.13
2783.11
2392.46
1555.48
1889.8
1799.61
3048.04
2722.89
2776.8
2537.03
2287.22
2134.71
3533.7
2644.68
2726.14
1874.5
1998.28
4289.25
3501.11
2991.66
2750.62
1438.66
2281.72
2065.49
4519.7
2150.3
4842.37
2894.73
3365.84
2333.54
2741.13
2769.7
13258.1
1739.19
3164.11
2772.13
3269.71
2349.56
2702.9
1819.06
3205.01
2927.73
2122.4
2473.18
3747.94
1792.63
3154.22
2773.3
3814.69
5785.34
6222.36
3464.6
4623.44
2994.23
5533.24
3539.66
2724.49
2333.24
2602.99
5404.82
2195.96
3574.1
2233.84
3111.36
5098.98
2839.66
3551.43
1285.44
2541.07
2392.75
1399.95
5315.29
3428.73
2153.5
4919.86
3638.85
2121.12
1704.87
2616.33
3770.44
2235.16
3513.56
1694.48
3680.55
1929.82
11740.4
4525.02
1964.23
2975.56
3150.07
3344.81
6599.1
2981.19
3165.83
3848.33
4615.82
3443.74
2782.76
1533.11
1698.54
1873.18
3564.29
2970.1
1847.43
2732.23
2910.33
2469.75
4109.82
1345.4
4359.75
1619.21
2908
2010.72
2260.25
1935.91
2101.05
6238.92
1522.94
4401.13
4370.14
1936.97
6036.48
2860.64
2747.97
1862.08
1824.19
4724.51
2141.93
4521.21
2977.53
2660.95
3342.73
4082.98
3171.67
3567.01
2104.83
2260.36
3985.18
3238.67
5552.16
3221.74
3979.84
3029.49
1394.88
3511.04
3528.57
2029.4
3314.02
1585.02
2214.31
6014.64
1988.55
1811.33
11257.9
2639.32
3435.68
2829.92
1903.63
1899.38
3085.89
3467.19
1544.7
1813.65
2150.91
3943.42
3945.9
2572.92
3241.25
1890.03
1464.37
2423.63
1331.77
1859.1
7563.9
4926.75
3768.42
1447.01
2819.85
1998.89
3180.67
3630.51
6273.15
1943.15
1924
3533.99
3143.93
1380.51
4355.5
1791.08
10114.2
3694.18
2784.31
3441.2
2720.03
7817.82
2810.63
1517.15
4419.51
3064.32
2341.81
3267.94
3227.14
3363.53
6472.06
4927.75
1682.61
2345.8
2536.34
2487.26
3090.24
2796.53
2901.06
2463.86
2367.36
2828.01
1971.91
3152.56
1457.94
5777.28
2459.7
1826.63
3514.43
3768.8
5293.42
2738.08
1389.86
2146.21
5481.62
1217.4
2168.25
3930.36
1969.87
1528.14
3646.24
3613.4
2742.84
9654.66
4422.45
2158.88
2945.83
5053.6
2915.58
2273.94
2929.7
3822.18
2587.14
2796.59
1541.61
5454.95
4042.46
2208.14
4500.62
4376.27
2268.23
2355.33
2313.59
1132.74
1906.67
2859.48
3561.21
2953.5
1596.4
7875
3130.73
4240.59
2808.01
2014.29
1825.26
2319.93
2799.87
9735.7
3887.06
2419.29
1927.57
3385.81
6244.02
3626.19
3691.05
2484.99
1699.82
3476.06
2669.14
3737.27
1804.48
5260.34
3499.37
1702.07
1548.45
5763.74
3059.16
2078.31
3262.64
3845.68
2355.09
1461.11
2361.25
1920.29
3803.1
3134.13
1826.35
1389.26
1743.76
1845.02
1346.38
2940.92
3237.75
6352.14
2052.24
2324.62
2438.49
2087.93
2916.08
1697.79
1926.15
5461.01
2489.4
2491.08
1358.99
2227.68
3599.01
1386.99
1435.15
5051.06
2255.69
3546.74
2498.76
4165.96
1696.07
3586.38
2127.45
2193.57
2803.73
2915.92
14267.7
2103.19
2089.89
1819.68
2068.31
6199.27
2334.77
3494.64
3120.09
1635.06
3152.4
1321.08
2477.65
2975.17
3113.37
3262.62
2889.5
1489.41
5364.61
2042.12
1961.51
3077.19
6934.45
2984.71
4420.03
2509.73
1206.39
3916.87
2056.66
3795.68
2375.29
3388.21
1761.33
1463.47
2232.63
3950.24
1840.37
2529.93
2158.23
2349.67
9011.26
1620.14
2455.21
4765.77
2330.4
2259.76
3464.79
2466.82
2197.45
2069.36
3556.66
2016.04
2126.27
3221.28
2033.92
2166.78
2702.9
9237.9
2058.88
3001.27
3928.72
1660.19
1726.01
2523.09
4247.8
3488.3
2933.75
4220.87
5358.19
3003.11
2926.68
1602.26
4654.18
2282.31
2867.38
8667.06
2636.63
3720.03
2336.98
1549.66
5185.06
2079.17
1817.33
4330.03
4279.61
2528.04
5702.11
4021.72
1869.78
1621.7
2271.49
1516.67
4076.71
1785.72
1625.03
3011.18
2032.48
2125.51
2327.07
4534.04
2479.34
2689.96
4354.2
2470.05
2054.06
1973.44
6288.79
3137.3
2282.26
4884.63
1545.26
3047.06
2724.73
1734.94
1496.3
1438
3001.22
2385.84
1817.86
2010.19
2306.99
2039.89
4107.01
3555.94
2958.23
1565.82
6934.15
2942.67
3308.45
1905.42
2238.05
1568.04
2753.56
1594.71
2203.44
2632.85
2380.45
3837.26
3804.34
3879.43
2684.26
1359.18
1883.61
3972.9
2997.01
2326.86
2067.84
5373.28
1601.72
1554.03
2009.27
3271.53
2840.79
4601.77
2552.74
1807.34
1882.88
4623.11
3015.63
3355.09
3606.88
2059.11
2234.66
2238.45
3647.1
3657.43
1895.55
1822.88
2076.41
4901.17
1967.64
5857.18
1648.73
2272.9
2442.67
1905.32
1930.93
3244.43
2625.2
3150.57
2829.46
2854.7
2983.63
2017.3
3876.72
2669.27
2565.1
2804.44
1981.68
4467.91
2473.63
2650.98
3387.1
2149.71
8174.05
3376.57
2807.54
2608.4
3369.21
2626.96
2599.76
2249.02
4595.29
2884.53
3333.52
3464.84
1752.07
2575.94
2115.96
3198.64
4158.12
4732.34
3240.7
3295.51
1320.08
3012.29
3592.26
2190.16
3301.39
2960.77
2389.8
2392.92
3181.64
2911.76
3837
2362.93
2311.68
2606.29
8108.31
1971.99
2614.39
3785.16
9599.55
2676.94
3838.27
1927.64
3724.07
3576.45
1820.06
2499.54
2876.88
1969.12
1825.15
3001.1
1948.16
2167.7
2085.28
3483.57
1094.33
1966.35
2568.34
1941.4
4416.5
1850.67
3000.42
1726.93
4294.98
2320.66
1318.13
2520.58
2002.05
6214.36
2380.17
1702.74
2200.94
1788.99
5429.98
1281.43
1846.32
1987.92
4740.46
4049.55
2766.24
1909.71
1992.42
7981.76
1867.88
2408.53
1830.74
3992.35
1883.14
3004.13
2602.21
2296.33
2566.5
4765.5
3665.51
4596.4
2437.63
3512.42
2115.91
3674.4
1786.94
3875.24
3575.66
3686.98
5036.98
2760.66
2580.08
2993.45
5208.42
3401.55
2494.83
3280.8
1677.5
3703.1
2728.42
2135.1
4712.61
2988.1
3941.85
9076.1
1391.95
1632.37
8759.56
2246.85
2669.26
2292.74
4119.28
5488.06
3323.53
5141.19
1730.52
2499.92
1909.48
2155.99
2333.11
1761.37
2606.46
2742.34
1654.31
2995.91
5025.07
3884.11
3150.54
1488.74
4837.53
1943.36
2117.27
1710.73
1936.04
4903.88
2970.36
3584.3
1843.37
3796.58
2524.3
2386.93
5041.65
3976.35
2394.52
3160.92
1605.18
1770.3
6697.29
1680.01
2160.9
2402.57
2520.63
2651.61
1886.15
3876.02
2064
3107.74
2198.36
3047.44
1556.55
2151.45
1839.73
2951.5
3621.1
1689.12
2279.6
3017.19
1680.82
2054.85
1568.23
1500.28
2429.4
2368.09
3488.56
2643.69
1452.67
1546.94
1954.03
2912.44
2816.01
1695.27
2045.83
3277.81
2033.08
2811.66
2807.09
3165.26
1984.42
2021.66
2181.9
5293.53
1381.17
8209.76
5157.96
3503.2
2181.73
4169.94
1693.06
4397.82
3815.53
5856.8
1961.62
3018.77
1557.51
2449.22
5979.89
3307.03
1958.46
2216.72
5113.9
3085.62
2343.29
2199.66
2364.32
4047.06
2417.56
1746.92
4338.99
3571.85
2261.72
1872.1
2729.95
2648.18
3668.68
5172.27
3133.75
1934.13
1569.98
7133.36
2957.31
2418.05
6472.26
2882.92
4093.69
3103.37
1718.55
2812.21
9673.14
1507.97
2060.02
2190.11
4237.64
1864.84
1581.51
2756.48
2281.87
1706.62
3503.91
1259.86
3914.7
2811.6
2336.35
2064.97
2315.94
2746.38
3641.36
2408.09
4911.94
2642.53
1821.9
2208.86
2585.8
3839.8
3202.71
2032.4
2095
2099.27
2325.02
2216.88
4899.52
3614.5
4224.93
3523.28
3115.02
3000.25
3851.43
4872.97
3651.5
2038.66
1385.99
2717.41
2049.91
1901.02
4131.95
2400.67
7311.36
2114.85
2416.16
1818.98
1810.34
1744.34
1616.4
3125.32
5721.84
6511.92
2580.81
2419.97
1608.13
8151.92
1810.2
2510.41
4197.04
5035.93
2407.7
2601.3
1843.23
2797.56
1989.22
5321.08
4131.42
2713.55
3649.93
1972.93
2291.56
1906.78
1440.89
2300.75
2751.66
1938.85
3121.51
2826.44
2304.99
6162.52
2177.84
1781.93
2107.91
3524.1
1157.22
1881.35
1992.7
3286.96
3661.79
2307.61
2543.96
2444.61
2563.3
1969.74
2583.19
6108.9
2133.47
2380.98
4094.29
2358.89
4499.01
1420.28
3341.08
2316.32
1872.78
6368.97
1898.63
1036.17
3991.52
5675.57
1484.41
2450.9
2585.56
2392.98
3163.95
5076.36
1750.67
1561.05
2715.32
1513.51
1796.66
2536.98
2145.03
2726.74
2021
2475.27
4073.64
3360.67
2582.54
1928.36
3272.07
1660
2620.1
3525.25
6195.64
3366.08
1849.36
3305.33
1523.79
5772.37
2950.95
2575.53
2252.07
1598.51
1370.81
4442.98
2412.37
3590.57
2856.1
4829.94
3803.33
2412.25
2039.46
2531.83
1823.01
2848.49
1847.96
2048.68
2910
1554.69
4417.26
5398.11
1695.64
3831.25
2860
5292.14
1677.9
5121.18
3805.72
2035.77
2330.72
1608.05
2241.73
3320.93
2365.34
1965.72
3233.22
4686.89
1755.78
8990.54
4303.06
3113.99
1904.09
2059.07
1992.24
1917.69
2033.06
1908.68
2521.07
2390.69
3334.78
4681.08
2025.05
4294.33
4043.86
1844.57
3898.58
6674.61
3578.49
1972.58
2765.18
1828.82
4633.15
4204.01
2541.58
2787.89
3280.11
2244.81
1791.6
3082.37
3824.96
2993
1607.7
2451.15
5271.05
3063.33
3145.95
2152.32
5747.85
3421.71
1986.34
2030.11
2664.3
1970.32
1488.85
4161.58
2233.41
3809.33
3925
3263.8
2058.68
4476.55
1280.96
2352.67
3586.51
1737.66
2147.01
3732.03
2894.44
1927.8
6935.94
2273.82
3435.61
2955.01
2069.6
3580.67
3493
1671.63
3377.62
2162.07
1948.73
7076.83
3139.28
1756.33
2980.36
1858.42
4363.19
2302.49
1569.95
2693.31
3371.97
2180.75
4140.75
3244.71
1156.93
1934.15
1693.71
2382.17
1915.71
4899.25
5827.08
1680.12
2870.75
2503.38
2738.71
2290.86
5099.12
1776.54
3245.84
1995.82
5124.26
2792.19
3172.74
4094.57
1632.22
8628.65
1709.34
2372.35
3814.04
2035.48
2841.61
1419.94
1566.16
2739.53
9240.12
1877.93
2043.56
2010.12
2166.97
2790.66
1565.57
4775.54
2597.59
3766.22
4445.97
2993.62
3390.43
2541.82
3306.96
2314.21
2927.58
2067.2
2128.07
2774.29
2294.51
2598.95
2218
2636.95
1610.66
2800.9
2389.95
2735.38
2955.35
1570.65
3013
1396.8
2179.36
1722.78
2070.09
3033.75
4887.7
14046.9
2364.16
2632.89
3313.9
2077.56
1976.41
3322.73
1219.95
2093.5
4459.55
2808.19
3314.2
4096.13
4452.67
3077.83
3248.28
2752.79
2723.03
2160.32
1525.23
3468.01
6643.27
3979.63
1347.96
4309.85
2819.17
3480.95
3221.58
2690.98
2227.23
2920.22
2226.22
2896.57
1894.93
6144.29
1554.2
2770.43
2488.22
2307.1
4018.1
2329.76
2146.14
2961.11
1827.6
3679.39
3320.57
1647.01
4574.72
2138.89
2569.04
2172.97
2462.3
2950.07
2243.27
6392.25
4230.35
7773.14
4670.6
5218.09
3336.17
2294.66
5856.17
1792.14
4052.71
3884.37
1848.48
2934.11
2445.86
3120.44
2077.17
2047.04
5059.53
1374.53
2816.74
1210.9
2928.86
3773.83
3233.56
2178.05
1770.64
1785.25
2973.25
1939.28
2031.61
3861.82
2064.47
3246.03
2155.11
1578.07
2430.93
2343.35
3657.97
2780.71
2991.56
2494.41
1976.69
2010.54
2954.35
1758.56
2949.93
2603.32
2115.23
2064.69
3278.44
4937.72
1664.63
2786.56
5251.34
3510.18
3620.05
1752.75
1972.78
1938.05
1909.56
2387.61
4437.02
2943.19
2466.89
1643.2
3188.41
5104.43
2998.63
4656.21
2525.83
4365.68
5583.11
1923.64
2839.14
4164.53
1783.91
5892.2
5165.89
1833.64
1925.92
1643.97
3203.89
4053.29
5390.9
2847.66
2660.3
2876.52
1690.29
1624.79
1748.18
2389.41
4925.46
3591.6
2912.04
5362.54
14655.2
2789.97
2861.65
2449.21
1603.71
6297.57
2606.71
4473.39
3233.42
1880.67
3272.98
3134.78
4187.74
2231.71
4923.14
1810.36
3113.57
6959.95
1716.98
1485.27
3365.53
1978.92
2215.81
2947.81
3820.83
2591.83
2423.74
1970.52
2511.91
1945.38
7564.65
2633.33
7879.3
1669.15
2021.08
1755.9
2609.87
2551.76
2353.83
2163.03
1441.88
2254.27
3317.99
2491.81
9787.86
3423.62
2609.14
14802.3
2790.33
4866.57
4251.62
1773.89
2657.24
3198.98
1960.94
3151.24
2100.99
1628.18
4216.88
3709.64
1990.25
4891.7
1466.01
1546.07
7085.25
3255.33
4081.76
1837.91
1890.62
1508
5613.81
4129.88
2178.57
1980.36
2364.81
3419.68
6194.74
4859.68
2450.49
3905.45
1915.8
2567.5
4069.5
3044.6
3575.36
1694.45
3949.97
3814.51
4212.15
1633.54
2203.49
5182.78
2850.69
5566.63
2525.49
2308.61
4159.83
1387.04
1584.77
1817.73
3456.19
2863.42
3884.84
1470.41
2188.85
3234.23
2284.48
2256.53
1626.73
1942.1
2924.02
3337.14
6524.24
5750.26
4420.04
1726.96
1872.49
1885.68
1490.85
2500.85
2812.24
1560.32
6309.21
2353.85
1393.38
2163.87
2351.07
6315.46
1334.59
2238.41
1923.45
2904.05
6482.49
2801.14
1709.67
3984.26
8232
4720.39
7248.14
1496.58
2289.84
3386.47
3365.02
3760.5
2963.7
3146.99
1764.74
3805.55
5059.49
4081.68
2722.47
2493.23
9174.55
8873.01
2879.52
2198.92
1679.09
1867.15
3094.77
7258.51
2183.75
3118.61
2310.4
1607.82
2134.34
1695.91
1651.28
1677.89
2725.32
3168.72
4953.76
2777.61
4638.68
1836.79
1573.88
2699.93
1787.53
5687.61
3011.6
4024.48
2880.34
2358.92
6092.08
3773.49
2168.76
5451.38
3942.24
2207.52
7171.1
1692.83
2528.88
4167.31
2406.17
4655.51
2707.17
2391.47
1730.62
1292.22
2231.2
1334.26
3534.37
1947.76
3399.21
2287.75
3969.98
2733.45
3084.67
3424.24
2578.64
4294.92
3454.69
3168.17
2852.98
2071.69
3134.52
3741.52
2079.65
2080.74
2660.98
1921.08
3512.77
2816.2
2259.18
1759.03
4000.32
6056.08
2838.05
2777.53
1459.51
2365.13
2256.77
3410.21
2044.73
3679.19
2252.69
2356.91
1925.8
2366.87
3969.58
2712.21
4695.22
1968.02
3537.87
1614.28
1751.62
3696.16
1240.05
1862.6
1566.4
3352.34
1366.41
2484.66
9893.13
1614.84
2234.62
3066.02
2223.88
2995.2
2309.33
5105.93
5135.96
2019.53
2269.77
5298.45
2768.49
2514.74
1518.23
1988.43
1619.41
1582
2633.41
2744.91
1907.41
3830.77
3433.33
3264.37
3487.76
3023.38
3759.94
3311.95
1783.96
2770.36
5226.3
1549.61
3982.38
1952.85
1679.09
3167.75
2147.54
2052.26
2764.01
4850.7
2640.45
2200.58
7185.38
3560.47
5866.19
4138.13
1994.38
2968.85
1737.41
1863.36
2333.99
2480.43
1637.56
3044.12
1434.36
1869.02
2508.21
3700.15
2462.4
1423.7
8198.65
5916.97
5720.82
4037.56
3389.56
3878.96
1407.57
3275.28
2486.92
1914.97
1908.52
5460.37
3349.52
1297.11
3456.48
2621.71
2384.37
5086.2
5023.31
2421.08
2329.6
1932.14
2747.36
5383.78
3694.83
1916.79
1996.8
1881.2
3138.31
1772.85
1357.09
2869.98
1628.2
3015.14
2399.87
2019.36
2421.44
1304.78
2587.97
1897.34
1605.47
2812.86
1858.23
3199.36
5700.24
2254.71
1671.36
2368.97
2104.65
2164.46
2490.66
2956.3
4076.31
2494.62
5414.16
2412.96
1930.5
2911.22
2436.15
2648.42
2468.17
2282.9
1884.18
3151.3
2484.59
4291.96
1683.85
1736.71
2285.84
3861.46
2637.77
2717.94
1740.74
1866.31
6360.45
1454.52
1557.83
2702.37
2075.94
5818.24
6553.04
1845.83
3097.3
3744.14
1552.21
3753.48
2089.87
4834.46
6632.21
2237.15
3288.79
5268.93
2494.7
3321.33
2738.21
1618.52
4012.21
1300.4
4206.6
2429.13
1998.51
2128
2161.72
1510.03
6290.6
2250.08
4977.08
1899.32
1594.26
1441.03
2610.06
1901.94
2485.21
8403.06
4249.36
3929.29
2102.5
1387.29
1921.67
7718.79
2850.6
2329.18
2432.9
2927.47
2233.81
4759.99
3873.42
2824.17
2857.69
4526.44
2584.37
3017.96
2561.6
1776.75
1696.8
2592.36
3811.54
1684.48
1229.35
3471.37
4183.53
3336.8
2006.89
9589.5
2782.51
4087.88
1632.45
2862
1683.25
3037.83
5633.28
2502.55
1395.51
2444.94
6933.05
3292.08
2137.18
1721.6
2144.75
4065.62
2304.52
14392.8
2429.62
2326.31
1480.92
2814.59
2375.16
1930.51
1736.43
5400.37
3258.67
2280.3
1860.13
1473.86
1830.95
3135.59
5473.88
2417.71
7577.77
2323.65
2441.24
1676.54
14349.9
2069.84
6042.1
4592.88
3155.38
4385.77
1675.51
6931.39
5779.65
1791.48
3554.41
4459.55
1750.16
3330.4
1991.07
1716.32
3608.76
1451.4
1600.53
4645.95
2852.79
3724.83
4502.42
3321.92
2297.09
3087
1838.62
2440.55
2077.53
3901.73
3762.35
2617.03
3163.91
1423.06
3004.64
1780.57
3155.88
4772.7
2352.1
3047.83
1590.98
3273.67
1703.07
2755.47
4368.82
3253.92
1816.63
5014.68
1947.84
3124.51
2770.37
2348.74
1675.23
2913.9
5041.49
1646.48
2074.32
2800.97
2040.26
3496.34
2084.48
4716.32
4381.58
3850.44
2779.96
3376.08
2699.82
1978.68
1613.32
2492.3
1726.21
2986.04
10284.9
1622.69
2258.18
3034.75
6489.33
7014.07
4028.78
2442.65
2506.08
2294.8
3382.37
3505.26
2749.14
2968.24
3214.27
3395.42
2863.56
2311.1
1682.98
3345.52
2544.08
4565.16
1657.5
1849.84
2648.42
2181.89
3212.63
7217.03
2659.64
1797.68
2296.09
3749.55
2145.58
2287.81
1540.61
2387.22
1742.57
2226.38
4132.78
2039.34
4523.19
2673.63
1978.19
3209.29
3737.95
1710.41
2365.64
2638.4
3490.88
1484.05
2462.84
2356.14
5003.57
1541.18
3841.13
2850.55
1603.3
1442.47
2918.95
4754.02
2503.21
2709.46
2316.32
5794.64
1542.92
7379.15
2086.42
4123.95
2907.35
3601.33
3572.82
7852.11
5851.78
1818.64
2290.42
3342.74
1972.3
3507.72
1563.46
1203.79
5306.41
4448.05
3144.44
2822.82
4382.81
1863.71
1993.13
3305.13
2575.66
2443.71
3336.12
3583.29
2441.39
2329.52
4244.77
2081.53
1802.18
4513.37
5009.89
3891.71
2563.49
1960.75
1640.66
3673.48
2836.21
1684.04
4410.71
2853.54
2188.14
3400.19
2618.78
2673.1
3622.16
4357.45
2892.22
2239.9
2583.03
3462.66
2761.48
1530.02
2757.63
2263.4
2771.77
1473.2
3436.46
1707.54
2506.68
1615.37
2324.27
2626.8
3283.12
3480.2
3466.33
2271.09
5730.44
2422.06
2542.8
2116.12
2423.16
2249.19
4972.75
2532.61
1232.87
4025.26
2726.65
1981.68
1843.15
5381.31
2651.86
1758.31
2678.45
2613.84
2760.62
4037.14
3720.05
2638.8
1830.84
1792.1
2697.24
1381.25
1896.62
1622.09
5885.85
1958.49
2722.17
1673.29
3457.22
1707.95
2752.78
1855.62
2613.62
2946.84
2876.6
1624.57
1767.83
1960.99
2119.02
3239.39
3034.67
2030.01
2156.21
1633.6
1660.44
3213.55
5568.58
1873.92
2621.95
3075.16
4148.05
2741.68
3014.61
2078.62
2283.68
1782.55
3146.15
1223.25
3149.54
2082.03
2375.58
3441.51
12439.3
3412.8
8505.47
8313.72
1475.11
1729.06
3652.01
2392.13
3319.58
1714.71
2754.04
2146.86
3373.91
2178.3
2915.28
3496.47
5854.63
2583.06
3844.6
2412.79
3703.34
1897.93
2068.96
4436.02
5429.95
2154.95
3790.24
3627.55
2386.47
2991.96
2049.04
3363.95
1776.22
2406.35
3349.36
1836.21
4685.64
3368.62
5623.83
2508.44
2689.58
2164.5
2686.96
1939.69
1845.95
4815.23
12316.6
1383.69
1779.15
3124.01
4061.23
7180.41
4171.09
3681.96
4187.6
1967.6
1899.44
3680.42
2495.05
8249.17
2964.02
2724.06
4586.64
2413.26
1409.91
2159.16
4513.91
2854
1801.55
2052.69
2090.49
4156.6
1855.22
6332.02
2360.69
2008.51
2978.37
1984.96
2481.49
2030.19
3860.01
3249.41
2454.71
5171.77
3939.94
3596.43
5366.02
5179.03
2406.64
2766.29
4429.1
6769.92
2314.75
3160.59
1262.23
3952.99
1492.88
1845.49
2818.65
3185.27
2859.72
4281.13
2632.08
3325.46
2516.98
1744.16
4605.33
4023.17
2626.16
4955.41
2423.76
2501.76
1293.93
1610.2
3156.89
1967.23
2075.35
2281.87
2789.84
1942.2
5766.1
3130.75
1977.28
3275.28
3492.8
3400.83
2156.1
4098.23
4064.83
2264.41
4638.95
6288.87
1655.02
2839.59
3493.91
2063.39
3958.16
2756.45
7568.79
2949.1
2363.85
1176.36
3093.44
1483.79
5746.41
4377
2707.19
2596.49
4511.15
1961.04
7303.32
4453.13
3912.24
2606.24
1981.49
2008.28
3314.61
2065.55
2709.15
2076.21
2111.03
2424.28
3906.29
6960.33
1673.19
2290.08
2123.34
5298.73
3154.52
1908.04
2401.94
8744.25
2831.2
2856.43
2770.16
3918.34
2158.87
5528.3
2714.9
2716.55
2897.65
2200.74
10583
3590.78
2226.19
1709.29
2362.95
5211.28
2176.05
4261.02
5747.47
2181.76
3442.7
3182.14
3236.4
3286.46
3650.1
2883.47
3344.41
2855.79
1867.88
3364.74
1897.04
6447.57
1215.5
1255.39
6063.02
4026.8
2074.59
4689.6
5373.48
3209.55
1812.71
2064.82
2270.88
3231.44
5206.29
3725.43
4228.91
4420.83
1698.74
1724.14
3197.29
4666.09
2567.84
1348.32
3479.81
3303.89
2681.29
2610.72
2237.31
5832.25
1790.85
2951.19
3657.06
2038.35
3082.71
2439.01
2374.17
2105.12
4755.19
3161.86
4589.45
1529.83
3396.44
2030.31
9975.45
3388.91
2309.44
5094.5
1737.47
3176.36
5429.86
2512.66
4639.27
1744.76
6189.98
1495.35
1989.49
6263.95
3622.67
1574.57
1482.24
1527.55
5503.81
4500.03
3947.94
1864.75
2309.36
1712.39
1762.26
5938.49
1856.44
2660.74
5600.66
6286.14
2754.05
3092
2051.87
2074.48
4098.71
2601.98
2239.32
5551.8
1606.88
1747.24
3669.62
1406.71
2267.66
3844.3
2788.01
7316.31
2761.49
4209.68
1789.46
3259.36
4934.07
1909.72
2334.1
2675.49
9156.11
2174.26
5480.37
3174.8
4404.53
1161.52
3579.61
5947.51
2536.85
2177.01
2803.73
2567.58
2400.44
1847.81
1288.53
3484.43
5064.43
966.234
1815.6
3909.1
4166.97
11042.4
2520.36
1693.86
2917.04
2351.13
1812.17
2282.48
2147.85
3505.88
4502.07
1954.47
2255.64
2929.29
11271.2
2714.86
3456.52
4736.23
1562.21
3500.99
1696.32
1977.93
2023.03
3255.34
2210.64
2540.22
2928.11
1579.55
7634.69
1553.44
1491.32
2068.55
2433.06
2424.33
3618.62
2433.13
4008.82
2140.47
1716.53
3607.71
1876.2
2540.56
3111.24
4052.01
2558.57
1641.76
2303.85
4333.33
2119.23
3122.36
3024.79
3301.2
3375.33
2404.17
3989.15
4293.26
5654.9
1977.89
2188.27
2731.83
2496.53
2749.37
1525.98
2200.09
5045.67
3000.7
2513.47
1799.04
1398.33
2340.85
4692.11
6684.26
4409.97
2109.49
1453.53
3219.58
2584.29
3158.94
4240.95
1710.33
1493.43
1193.4
1696.67
2287.37
6630.37
2571.13
2473.75
2564.2
2535.5
4258.71
1641.83
1723.46
3871.7
2121.46
4018.73
2460.74
2033.69
2027.81
8142.08
2895.55
2721
4194.31
3012.18
1864.48
2196.34
1514.86
7637.94
3330.55
3250.72
10556.8
2331.27
1894.38
1601.75
3723.23
2943.3
4044.95
3210.06
3388.64
4924.02
6335.77
3703.55
1725.31
5718.28
2272.56
1903.3
3249.03
3798.97
1998.81
3097.15
12419.1
1608.39
5546.97
4604.67
2807.13
1527.38
1983.6
3293.63
1929.53
2978.12
2281.03
1883.26
2931.86
2304.88
2204.08
2829.37
2361.94
3475.79
2130.35
3091.95
3727.23
2834.14
1608.11
1674.92
2145.91
2643.47
2265.96
2956.29
3114.02
3415.05
1667.32
2279.24
1467
1711.47
5251.85
2818.8
3173.58
2968
2847.92
1829.56
2964.53
2586.26
1871.23
3656.83
3127.52
1452.28
1682.35
3274.5
2153.47
2396.1
4801.44
4010.45
3329.56
2644.26
1541.33
1633.32
2367.87
3233.51
2276.27
1894.78
1970
2643.07
3818.03
2909.57
2167.56
2199.37
3288.73
3429.43
11296.5
3058.59
4141.87
5119.55
2053.08
3115.01
1617.52
1947.28
2370.97
3070.86
4205.75
1839.6
6987.8
2095.34
3429.68
1868.3
3319.78
2700.29
2190.21
2734.13
1657.48
2082.65
2216.04
1880.95
2604.9
4173.41
3272.3
2528.22
4427.48
2302.65
1851.09
1513.09
1703.47
2854.7
2566.1
3810.89
13385.3
4011
4872.73
2479.58
2421.04
6494.02
2409.12
1369.96
1924.83
3136.09
1993.54
2830.32
3879.87
1348.24
5341.05
1760.76
2008.2
5012.64
2866.6
2038.79
2859.04
2621.6
2000.64
4649.85
2141.19
3448.85
1215.48
3126.73
2252.84
1835.38
3093.01
1860.99
3232.5
4819.22
2923.46
8191.98
3912.78
4169.37
7487.86
1543.14
3237.18
2008.49
3169.89
1944.09
3523.97
1890.91
5339.17
2650.55
2862.84
3082.98
2103.24
2767.85
5767.24
5328.39
4976.5
3447.78
4167.8
3469.46
2095.43
1975.87
3533.08
2483.16
2235.46
2672.1
2833.31
3760.07
4554.92
1497.99
2654.73
2069.11
1731.23
5257.02
2328.75
2187.89
1882.54
1653.74
4119.28
4031.14
1940.82
2308.43
5255.76
1381
2533.41
2598.05
2287.95
2317.98
2886.42
3416.9
1949.07
3687.07
2220.05
2519.07
3073.12
2138.8
4530.34
2705.25
1457
3183.78
2907.52
2045.72
3655.73
4262.71
2203.86
3735.53
1657.83
3202.76
1258.39
8858.79
3114.72
1949.92
3086.1
2398.8
1807.38
1949.16
1835.25
1650.46
3063.72
2001.45
4372.13
2247.18
7418.59
2532.63
3764.1
2918.45
1864.01
2026.11
3417.28
7594.49
1475.38
2993.37
2836.09
2787.58
2173.48
2019.83
16040.9
5121.1
2996.64
2297.35
4394.72
3411.68
1816.23
1960.29
7008.73
1951.08
1828.51
1996.52
3355.31
4264.77
2498.44
7667.82
2131.45
3213.22
3234.85
2765.02
3297.93
4049.14
4154.32
2592.9
3671.2
3259.25
2742.19
7725.36
2249.24
2118.94
3737.89
8344.71
1928.65
2857.99
5255.04
2347.44
2205.01
3346.01
2100.41
13022.4
2492.86
2679.38
4562.3
2880.89
2542.27
1936.83
3008.43
3595.38
3830.99
1775.11
2289.5
2384.66
1978.84
1777.49
2803.32
3065.97
7586.81
2914.19
5164.06
3037.83
2451.42
2554.68
3756.67
1965.8
2673.83
4260.77
1470.55
1544.03
7206.6
1886.26
6208.16
5171.98
1423.71
6050.35
2419.96
5088.13
2232.75
1930.99
1833.38
3473.25
1297.7
2096.9
2792.63
1169.32
1401.95
2011.36
2400.05
4834.43
2854.24
2445.1
2261.73
5995.83
1919.3
2133.26
3642.15
3142.75
2016.97
2232.54
2500.06
5000.63
2569.4
2053.72
7439.51
1675.51
3535.13
12607.3
4328.51
1596.71
2307.41
3154.22
4558.58
1356.11
1679.85
2046.52
2083.96
3375.45
1700.84
1829.3
2647.56
2188.64
4292.73
1507.68
2470.83
1930.13
3526.34
1930.97
3274.4
4038.71
5848.72
2151.44
7603.44
4248.79
1922.42
1895.3
2792.75
4060.46
1904.34
3852.16
7663.45
1505.42
6985.8
1788.85
2265.34
2555.63
2062.19
2094.32
7837.71
4524.93
4089.35
3281.4
2686.31
2192.67
2095.12
1942.83
1859.8
3792.98
1637.14
4003.92
1965.65
3232.51
3863.62
1436.2
2334.35
2491.52
3240.9
3110.36
3009.76
2153.4
2028.43
5135.74
3315.2
3136.99
2731.29
5000.62
2503.86
4088.43
3432.1
6225.26
3321.36
3198.37
3862.86
5923.6
3525.83
2107.18
2375.46
2488.75
2692.65
1136.39
2615.15
1857.88
1277.28
2922.1
2023.29
1769.07
1734.9
1695.81
1602.43
3116.99
4012.96
3084.16
2975.59
9732.84
3319.89
3933.65
2348
2234.09
4635.48
2123.47
3130.17
3288.73
2304.5
5294.54
2692.39
3249.68
2020.79
3071.51
3949.38
2390.62
2596.19
2281.42
2548.77
3078.32
3498.89
2212.05
5556.82
4270.27
2153.48
1355.4
2740.01
2805.37
1663.36
2292.03
1397.94
2852.46
2593.78
2673.89
9772.9
2531.98
2020.46
1585.14
5004.58
12138.6
2318.33
2036.53
1720.09
2393.61
6577.46
5198.99
2899.5
1810.24
2110.91
4198.93
4998.18
3681.95
3419.61
2639.73
3728.25
2145.69
3141.37
3005.2
4225.3
2509.02
4668
1191.09
4001.24
2491.37
2495.46
6172.83
3473.86
5173.91
4553.52
3854.4
3152.58
3449.2
2797.83
3755.56
7423.23
6889.59
4796.92
4499.96
2377.25
1994.39
3478.07
2042.5
2719.96
1916.82
4134.82
5084.82
6627.67
3088.29
4500.23
1366.74
2139.83
1796.6
5554.5
1971.69
3188.86
1990.55
2522.45
2824.51
2731.31
2809.5
2472.34
3592.62
5635.46
3979.84
3460.14
4248.06
2144.76
2215.39
3108.5
2446.46
1723.41
3135.18
2732.8
1635.67
3037.81
3093.83
2114
7368.79
2368.44
2613.12
1718.1
2113.84
3656.98
4069.17
4730.96
1901.91
2230.33
2556.71
3675.87
2675.98
2297.26
2885.71
1598.85
3464.28
2325.55
1762.74
4146.55
2303.09
3589.94
2849.62
2699.71
5524.63
3807.92
3846.63
3821.17
2477.84
7839.35
2412.64
4314.64
1719.14
1287.79
3751.53
2752.03
3706.68
1684.67
3092.89
2268.88
2301.07
2325.65
2800.32
2246.42
3526.01
2562.09
2373.98
4257.23
1984.78
1739.78
2142.66
2572.75
2952.34
2869.31
3914.58
1942.47
6600.51
2058.5
2071.46
6390.24
1408.46
2843.15
7693.49
3729.92
1953.36
1545.07
2554.95
3739.96
4201.15
3120.74
2355.24
1996.11
3419.35
3135.77
1299.08
2644.41
1727.56
2058.08
1725.2
1526
2406.31
1985.67
2377.04
3686.75
2897.55
5691.62
1370.74
1765.68
1330.03
3160.27
3318.25
2302.91
2349.15
2417.1
1464.61
2396.05
1802.88
3611.69
2535.18
4033.24
2012.3
2254.83
1933.83
4336.62
3047.31
1982.76
3027.37
3631.69
4757.2
4020.48
2293.39
4101.74
2913.35
2383.18
2441.57
3168.96
2503.07
8534.32
1773.03
1853.56
2277.03
2336.39
2030.06
2248.59
2464.2
3303.66
4045.01
2543.28
2206.78
2694.39
3940.51
3216.93
2162.37
1878.39
1565.29
2450.04
1618.46
3361.43
5920.54
2955.94
9706.09
5664.51
2970.21
2337.52
2621.73
3688.8
1674.49
3437.18
2615.42
1713.62
2001.98
3184.58
2734.97
5956.86
1436.61
2238.72
1925.19
1712.48
2945.05
6721.99
3580.97
6667.73
1729.76
5577.47
4484.7
3998.22
3442.87
3436.35
6217.98
3431.48
2789.18
1788.84
3406.75
3138.23
6001.64
3091.37
2491.06
2415.35
14602.2
8878.34
1892.46
4293.65
3690.83
3104.48
3505.05
1877.57
2035.94
2170.85
2605.69
5017.09
3833.21
2851.81
4320.11
2322.79
2411.33
4140.78
2505.72
2715.72
6678.62
2347.7
2939.08
2704.47
1254.96
3276.74
4071.92
6469.91
2829.05
5439.53
3250.59
1884.08
2787.67
2380.93
4360.59
3566.26
4725.77
3256.69
2307.21
1513.99
2251.83
2813.39
1522.52
3809.25
4532.97
3083.7
8488.96
7007.31
4800.07
2345.59
5107.18
3563.67
2691.67
2402.44
3032
2635.4
3903.59
3677.35
2199.56
3148.97
2840.05
2101.6
2282.54
4995.39
2588.61
2608.44
3421.71
2603.65
7079.8
1787.95
2839.59
2492.62
4158.32
2804.15
2264.58
6738.2
2704.29
3260.34
3188.44
1344.52
2743.44
1977
1291.38
3079.63
2374.32
3496.06
2762
2023.79
2822.72
3959.75
6200.02
2900.29
2152.26
1726.83
5942.09
2086.68
2268.96
1792.43
2052.52
5536.65
1593.83
2696.89
1970.43
2428.77
8280.35
2699.35
2651.11
3416.62
1790.73
2372.62
2408.46
2759.42
1905.84
5357.95
3928.87
2139.06
2938
3783.12
2103.43
3058.13
2292.5
2311.02
7544.72
6418.1
2965.13
2413.64
3754.43
1746.08
1661.07
3550.28
3418.13
2534.26
3396.72
5034.89
3431.95
4931.57
1403.68
2755.6
1560.6
2852.65
2651.22
4659.87
6035.87
1971.38
2286.1
2215.58
1629.01
1541
4631.06
1820.92
1562.49
5338.36
2875.49
2200.77
3735.71
3715.98
3679.22
3727.15
1868.08
1878.39
1929.16
1679.95
2545.75
3216.44
2012.78
1867.52
3078.82
2064.06
3929.73
1830.94
3864.07
2087.45
3023.39
2289.12
3324.66
2932.41
3340.17
2024.17
2105.88
3330.77
2201.08
4013.1
3115.28
2808.89
4539.98
2089.68
3600.3
2744.74
4527.12
3897.91
2159.98
2008.39
4010.98
4361.73
2081.17
3361.22
2893.44
2358.25
3233.38
2082.17
1745.77
8086.32
7380.14
2636.99
10196.4
4402.97
9500.84
4213.94
3552.84
1569.86
5570.65
1888.67
11043.3
1942.03
2437.89
4103.87
2225.84
3175.63
3443.29
14803
4979.63
1384.03
5370.36
1614.76
4066.78
1834.95
5822.09
1902.43
4653.38
5466.97
2161.24
2843.81
2051.93
4824.04
2659.92
3024.75
3819.83
2899.44
8189.77
2961.29
2487.43
1546.58
2327.67
4066.16
5732.58
4223.32
3430.62
3580.53
5108.34
3353.9
3451.37
2215.81
2597.83
2575.08
3988.61
2573.76
2961.44
3706.56
1560.19
1875.13
5187.45
2466.21
1753.9
2896.54
2946.24
1703.17
3784.47
2701.86
2005.98
1835.28
3326.24
3223.42
1919.21
5358.53
2293.91
3791.9
1732.82
7106.25
1887.25
2309.62
3640.71
2950.78
3319.04
2332.16
3392.26
3152.71
2426.24
3843.68
1771.13
4509.97
2266.94
2008.12
1631.76
4724.69
5017.79
2412.78
1972.1
4298.19
1932.54
3390.73
1484.99
2408.39
6159.09
3113.46
2033.37
1640.65
1633.29
2452.44
1869.66
2552.13
2811.47
4692.9
5105.89
4827.03
2281.8
2348.64
1844.13
1873.08
3408.88
2187.42
9753.85
4985.67
3811.63
3245.4
3174.35
3360.05
3699.55
2161.83
1598.75
5144.73
1281.3
2893.39
12579.4
2274.69
5167.64
4823.33
2670.11
3804.86
2935.72
3053.14
4223.89
1477.38
2278.52
1923.11
4175.98
1895.4
4028.46
2783.5
2434.93
1929.03
2661.13
1324.31
1656.06
2064.9
3418.53
3495.12
2576.35
2314.67
1371.34
4097.29
2270.56
1719.68
3406.21
1752.94
3088.45
2386.43
4944.7
6990.28
2648.86
6615.03
1803.3
3225.48
3438.65
2763.65
1720.08
2671.4
2782.26
2047.5
4590.04
6069.81
2532.17
1832.69
3589.61
2099.49
5121.15
2488.38
2442.19
3161.01
2402.26
3327.97
5634.33
1559.71
1672.19
2321.23
2502.38
15656.4
2716.77
2577.83
8347.58
3678.86
2351.55
7743.78
1926.08
1180.17
2181.24
4929.45
2981.21
1683.39
3033.59
1290.88
1576.58
2089.2
3465.63
2811.6
1895.87
5716.78
2834.14
1875.26
3692.7
3287.23
3732.04
4454.31
1505.99
2250.32
1680.6
3290.12
2635.06
2713.18
3169.56
1875.68
3008.71
2632.83
1677.24
2244.46
3816.42
3208.46
2198.54
3818.21
2605.17
1893.82
3039.29
1493.59
1741.48
2251.47
4477.55
1748.02
2591.13
5231.5
4085.61
5351.01
2938.43
14231.9
1543.51
1231.04
2131.93
2605.71
1925.36
2914.51
1725.72
4081.16
1823.22
3759.01
1837.44
6033.76
3394.96
3468.88
2721.44
2425.76
8257.54
2258.59
2393.12
1862.56
2228.33
3411.85
4007.3
2642
2032.09
2660.22
2212.98
2174.34
1532.93
2059.02
2929.65
2370.7
5302.79
4619.72
2139.8
3438.86
1654.84
2170.91
1927.4
3097.42
2239.86
2074.89
2990.36
3244.95
5941.56
2179.97
3746.1
1418.25
4333.04
2398.61
10679.2
2689.68
1713.42
3420.73
6510.81
2622.7
1644.11
1222.65
1848.04
3302.84
3667.66
1429.29
3468.02
3562.86
3267.06
1874.42
3723.48
3498.48
3335.18
5121.6
3126.93
3674.51
7077
5472.29
2609.13
6020.43
2254.7
12179.4
2219.32
3698.74
2312.2
2496.36
1891.09
1967.3
4665.86
2207.34
1924.72
1710.35
2892.3
1285.87
1597.83
3072.21
3596.49
2688.73
6709.1
2833.3
3304.1
1540.21
2989.7
3030.73
2252.12
4941.6
2409.3
3094.3
1319.33
2380.02
3143.58
3044.18
3002.83
2452.95
3739.75
6963.32
2120.42
4677.3
1823.96
3726.47
3496.34
1430.61
2220.4
2982.4
2549.66
2314.69
4725.65
2055.64
2368.31
2016.2
3693.81
2315.02
1963.59
2638.17
4530.53
1132.19
2086.15
2206.22
2321.21
2436.49
3604.75
4215.84
4605.08
1634.98
2559.27
7028.35
3347.88
2275.31
2246.08
5125.42
4673.97
2216.25
4332.88
2934.89
4858.43
8965.03
2165.77
3342.03
3466.67
2499.68
2388.8
2275.64
2522.14
6822.53
1856.5
1636.51
2764.37
4875.91
6292.46
2619.3
3462.6
1710.22
2839.14
1586.48
4498.31
2272.05
3620.02
2264.5
1835.66
3647.11
5539.48
4514
2121.21
4299.73
1517.68
2823.41
1693.45
1714.96
2117.17
2745.6
4371.18
3906.72
3218.63
8090.69
2236.68
1972.02
8009.35
2449.29
2820.5
3205.39
2727.08
3338.42
2253.75
2784.5
4609.54
2203.22
1864.11
4916.79
2103.27
2322.11
2056.51
2848.28
2725.28
3321.76
2310.31
1957.27
2005.87
3761.14
2247.42
3521.29
1999.93
2763.14
3228.6
2923.73
3652.02
2631.78
3177.65
2234.29
5069.72
4090.49
7544.65
4097.06
2331.33
2177.52
3190.37
1319.76
5615.94
2751.59
4885.28
1566.12
4866.36
2835.15
1416.57
2548.52
3004.61
2284.26
2849.67
2981.32
6491.18
6084.76
1796.72
2727.03
1998.69
3837.81
9263.19
2834.78
7826.37
1722.19
2007.11
3503.04
1780.21
2182.89
2812.55
3157.54
2516.2
1905.67
2534.02
1935.82
4722.36
2479.7
3788.8
4152.48
2090.91
8358.7
1422.01
1708.26
6921.86
2864.95
3301.09
4065.4
2124.94
2651.89
1817.02
2273.53
2134.37
2465.84
1835.42
3299.52
2861.53
3987.94
1696.48
2485.61
3043.65
2836.45
3270.09
8408.77
2917.77
4053.98
3085.01
2156.85
4992.34
6767.51
1731.82
2404.24
2599.64
2383.97
1825.2
2710.57
2052.67
1593.34
3983.16
1881.35
1555.06
3049.09
2256.01
2107.17
3875.63
2146.48
2884.38
1956.32
4885.76
1658.51
2242.9
3755.3
2231.42
5653.37
2732.44
1813.69
2255.45
1735.07
5464.38
2355.32
2211.74
2104.56
2085.69
2238.97
2207.47
2290.92
1594.38
2765.15
3248.31
6895.91
4562.26
1951.65
3678.53
3500.38
2331.42
1898.43
2316.6
2440.73
2888.75
2110.67
1843.53
1518.91
3508.4
2626.16
4442.15
1821.51
1131.61
3305.49
1975.2
2283.74
4471.3
3493.68
3953.05
2445.5
2756.91
1821.5
4260.31
3807.26
1659.5
1929.06
1353.63
4141.48
2871.73
3898.81
1500.32
4730.7
3280.49
2701.05
2116.1
8809.09
3508.41
2513.97
4535.92
3224.07
2569.99
3213.4
1603.07
2542.82
6517.26
6749.57
2336.61
4387.51
2752.45
1674.62
1393.21
2657.9
2576.26
3803.39
2147.1
2053.22
3326.87
3172.24
1443.5
2015.93
1914.39
5978.65
5452.39
3045.39
2394.78
2310.97
2282.55
1666.78
5931.55
1385.04
3158.87
1787.92
3464.47
2155.96
1969
2307.69
3996.02
2274.78
3233.3
1940.18
1700.69
2660.41
2629.31
3614.54
10291
3159.13
3197.25
3163.02
2198.32
1445.82
3061.85
1177.38
1495.86
1566.73
3063.29
2333.42
1582.73
2506.86
3369.3
2360.56
2372.29
2175.59
5613
2280.87
1805.53
1842.04
2986.39
1846.74
1989.7
2485.26
2509.16
3382.48
3798.74
1976.56
7345.93
4420.39
2039.68
1945.82
2589.67
4322.75
1379.11
6231.47
2464.02
3286.21
3197.99
1717.65
7101.42
3969.2
6991.48
2289.23
2591.49
7978.49
11267.8
1424.57
2147.45
2702.92
1596.67
3586.46
1577.37
4013.05
1890.69
6092.52
4059.62
4803.85
2917.43
3455.56
2713.55
1564.92
3089.28
3095.95
3208.24
7465.9
4855.51
2026.27
3372.66
1771.42
1817.18
6890.41
3914.04
1978.7
1875.46
3417.14
4442.55
1887.16
1417.1
3750.74
2462.88
2246.98
3981.08
3793.68
2259.85
7265.75
1912.41
2164.24
2157.34
2858.21
6129.72
2240.24
6981.09
2070.02
2092.77
1584.21
5172.93
4032.98
5507.72
2346.48
3436.45
2766.18
1880.07
2397.41
4182.07
4525.22
2352.23
2738.83
3746.19
1503.68
1844.1
2264.48
2645.11
2699.26
2344.97
2518.7
2213.06
2154.19
3204.08
2481.31
1564.75
3546.02
2282.41
1846.82
7084.45
2400.13
4537.34
2975.46
1909.5
3580.79
2553.44
1771.25
3454.34
10482.9
1624.48
7052.97
1586
2206.27
2647.28
2388.91
1952.87
3700.26
4512.57
6991.73
2085.07
2078.11
7821.26
2233.88
1678.11
3361.4
4388.73
1903.9
6667.69
2130.75
3100.19
2584.22
2451.49
3034.66
3255.85
7545.52
3372.27
1549.87
1988.89
4594.89
1981.06
1574.83
2514
3876.99
3312.54
3528.49
2627.29
4300.34
3981.71
2714.06
3043.35
3967.41
1875.58
4561
1485.56
2210.64
3910.04
4754.21
1977.25
2875.5
4133
2447.17
2452.47
2218.09
4872.92
2372.1
2931.81
4036.66
3306.19
2606.19
2270.69
4042.08
3165.51
2822.11
6870.73
1948.28
2531.44
4263.31
2435.42
1728.78
1821.85
1588.33
2335.67
2024.23
2722.87
3978.47
3716.67
3075.34
2404.73
2549.02
1820.08
3820.88
5786.93
7499.14
7844.98
4004.73
1472.02
2738.47
1706.23
5745.87
3500.43
4281.38
3399.58
1900.04
2559.07
2489.36
3242.12
3342.27
1990.16
2142.83
2715.87
3656.91
3736.87
5633.21
2986.7
2429.02
2145.37
2279.48
2603.22
2087.6
1606.3
2512.8
2116.4
2677.45
2112.6
2801.79
3001.24
3497.62
3284.88
6856.69
1918.49
2615.97
4547.54
2688.33
3094.51
1528.76
9213.36
3919.47
1698.63
1851.38
3138.87
6551.91
2309.23
3199.12
6057.74
2088.05
4033.67
2057.26
2223.26
3239.52
1768.44
2020.79
2436.72
4336
2305.61
2675.88
2755.65
2755.25
4229.89
2197.23
2164.62
1724.77
2021.69
3686.2
3422.19
1391.54
2340.01
2595.96
1675.68
4700.62
1813.85
1668.99
2922.28
2044.8
2089.55
1525.55
3297.43
6472.15
2051.49
1987.96
1612.05
2327.24
1593.21
3170.94
2012.6
5209.68
2835.63
1965.07
1731.64
2259.95
2771.69
1470.76
20783.1
7477.17
11395
1725.65
2505.03
1844.01
16333.4
4903.2
3147.56
2609.09
6529.7
1582.13
1480.91
1730.91
1824.72
1642.57
6160.91
2303.54
2017.14
2751.2
1983.4
7557.71
1761.78
3358.79
3017.65
1857.53
2615.09
3758.29
2442.34
3428.25
2272.34
2112.04
3238.28
2142.46
1839.03
2325.79
2310.99
6103.78
4217.7
4462.27
4140.61
1841.45
3538.31
3073.23
3362.27
6191.86
2260.94
3065.99
2226.45
1686.81
1733.26
2416.49
3014.5
2019.68
3023.52
2160.68
3105.23
2121.92
1788.91
1887.64
7060.4
5711.26
1850.63
1662.9
2940.47
2605.15
3441.99
2374.04
7839.03
2729.6
3090.52
2001.24
3918.68
2285.82
2624.67
3380.26
4332.96
3494.9
2059.39
3646.74
2630.86
2196.33
1953.15
2186.23
1885.36
3750.41
5559.29
4260.22
2555.13
3762.19
3816.76
2038.67
1703.05
1849.12
3050.21
3346.94
6592.23
1938.14
3892.48
3675.79
4479.27
7868.26
5172.12
4258.91
3708.08
1682.82
1589.89
4998.04
1772.22
1611.57
2458.81
2653.8
2492.26
1977.77
4033.88
4182.74
3284.47
3243.37
2001.23
3451.29
4131.3
5063.9
2706.5
1968.12
2323.06
2188.96
4978.62
2365.87
2358.16
4215.57
4306.93
1793.19
2670.79
3566.17
6255.44
1556.84
2228.43
1461.31
4228.36
2766
2249.86
1929.8
4152.01
3793.77
1790.36
2279.79
2147.1
1720.92
2675.36
2233.86
3240.04
2418.36
2487.25
5153.57
2812.24
1493.02
4325.41
2187.52
3415.69
1649.99
2242.85
3980.22
2267.1
1789.61
2125.98
3854.31
2198.61
1972.15
1842.76
2007.56
3105.38
3132.11
3055.56
6098.86
3436.03
1708.29
2266.48
1708.23
1683.23
3399.41
1922.8
5654.58
1735.48
4340.86
3158.56
2057.63
3593.77
1832.04
2802.51
2145.56
1916.92
4089.61
2499.79
4391.32
4521.57
3308.58
1698.44
4253.7
4838.4
4319.35
2601.33
2342.89
2519.04
2591.28
2534.54
5367.46
1644.33
2303.28
4592.57
2609.45
6105.88
1995.87
1720.06
5117.43
7737.56
8245
1846.94
2019.37
2893.61
2220.3
2556.16
3863.28
3635.6
2384.5
3179.75
1645.15
4499.31
1960.23
1951.51
3256.88
3100.92
2843.21
3668.93
6194.1
2334.49
2846.34
6056.98
4003.48
4078.02
6756.05
1556.93
3376.58
1702.28
1654.54
2453.18
7137.67
2738.52
1996.28
8574.3
4386.57
3996.55
2504.86
2733.14
1993.33
1728.04
1374.34
1959.84
1943.07
6077.91
3426.89
3941
6150.37
2171.26
4300.99
3736.63
4550.93
4890.42
2845.86
1513.08
2065.83
3147.94
2836.49
2259.41
2823.97
7966.41
1732.8
3926.16
2688.69
4781.25
2170.96
1518.17
2412.51
2129.16
2427.1
2854.36
1489.64
2206.55
4284.88
1702.41
3124.01
3045.14
2541.19
7906.85
6902.62
1932.09
1819.58
4607.29
2474.19
1411.45
1628.34
1497.27
1674.16
7175.9
2003.99
1312.42
1465.56
1459.06
3471.08
1836.79
2530.89
2301.59
6089.13
2711.06
7226.24
3249.44
4012.41
5460.57
2600.3
1393.97
2141.24
2901.85
3534.06
1575.27
2237.29
2124.09
2148.98
1934.81
2000.27
1939.8
2231.1
4156.86
1357.16
8796.9
7280.84
2099.58
2232.83
2016.62
2594.2
3367.28
2225.8
2707.22
4733.02
8070.23
2295.31
3795.38
2485.39
1518.93
2264.48
1518.6
2616.3
3559.13
5880.08
7074.59
4919.32
4162.45
2283.08
1941.91
1907.52
2791.89
2080.24
2647.43
2550.23
2413.75
2138.42
4693.51
2449.73
4639.76
2239.69
1201.69
1751.22
2798.31
2000.43
3837.57
2060.66
2374.43
2245.78
5180.45
5014.44
2142.63
2036.35
3141.39
4239.79
2538.63
3708.09
1314.16
3236.26
1974.79
5158.77
2114.23
3811
2263.26
2343.72
3583.38
1754.27
2101.47
3733.81
1954.97
4406.16
2487
2809.88
2493.31
2797.48
1941.92
2828.78
2319.25
6529.33
3897.01
1866.72
2763.99
2352.14
3236.96
1771.98
3626.14
1561.11
3921.75
2896.23
3103.88
4170.56
2718.63
2348.19
3016.85
3238.25
15871.7
3272.65
1336.11
2105.09
2608.73
2241.95
2290.25
1801.47
2314.35
5051.88
1564.26
4526.08
3611.12
4248.93
1908.59
4937.84
7699.33
4966.95
2240.33
2325.96
3011.85
1926.8
2557.99
5394.87
4618.9
3469.36
1704.21
4296.47
2483.75
1804.84
2499.13
3618.92
2400.5
4079.63
1513.79
2656.93
5301.26
3604.39
3477
4269.74
2735.95
2896.02
1910.3
2361.32
2696.23
3289.52
3234.09
1616.83
3076.31
2825.95
2302.32
2702.29
6474.53
2639.11
5728.75
4039.75
3144.47
1990.96
2547.06
2650.07
4203.69
2922.43
3841.95
2007.01
3489.22
2661.92
2102.68
2271.16
1863.27
5530.42
2532.56
5545.43
2868.23
2132.2
2066.45
2206.5
1525.69
2791.03
2414.18
1623.47
2421.27
1893.49
2845.52
3826.42
1558.44
2706.58
1951.96
2114.51
1170.96
4649.36
3271.57
3610.97
2177.88
1515.21
3528.58
2602.56
2137.86
4597.08
3066.53
3027.96
2271.68
4118.81
1477.28
2036.11
2298.17
1545.58
5794.83
1819.61
3807.96
3123.57
2162.88
1964.1
3799.41
4113.97
1723.45
1878.45
4536.92
4377.54
3250.14
2527.28
2231.45
5427.5
2264.25
4306.19
2281.83
2024.01
2949.84
1534.47
2188.2
2835.36
1301.25
2155.08
11634.7
2057.45
2093.68
6729.12
2063.19
6674.33
1784.45
3944.88
1928.32
2113.33
4368.15
7641.04
2477.32
3467.69
2630.29
2317.78
2932.97
4043.67
3229.32
3398.88
2076.41
2562.83
1914.75
2258.23
1825.99
1801.28
4223.86
1903.2
1673.59
1935.43
3732
4845.04
3914.12
2986.59
2506.83
2200.82
3870.07
3298.31
2562.09
2241.8
1655.13
4508.12
3857.71
2575.54
3716.8
2343.15
3458.09
3806.36
3043.14
1493.9
3404.59
4954.62
2117.24
1323.18
1852.3
3448.64
2041.73
2992.93
4030.87
6589.19
3701.37
6872.87
1587.94
2152.69
5051.26
2894.6
2548.41
3328.21
6713.5
3453
2526.65
3927.85
3640.74
4881.09
2222.05
1749.78
4179.5
1960.19
2663.86
1710.51
3220.25
2368.42
2067.4
1163.3
2531.9
2844.79
1822.5
2425.99
1442.47
1502.91
8844.57
4023.76
3906.28
2661.99
3406.03
2186.11
2262.88
6172.91
3224.66
4377.52
3453.23
2224.7
2069.2
6325.01
5957.14
2235
2186.57
1739.88
1473.28
2608.09
1929.52
1346.42
2033.73
3404.39
5286.14
3577.95
3040.46
1973.15
2896.93
1756.23
5014.58
3499.23
1972.02
2821.92
5553.75
2420.11
3108.01
4229.19
2693.9
2667.66
2768.26
1156.74
1446.13
2084.26
4155.55
2378.63
2468.38
2187.7
3141.78
3816.41
1719.97
4083.36
1780.58
2320.7
3703.32
2287.43
2153.58
3926.94
1749.34
4733.32
1713.85
2030.37
2192.76
2768.84
2606.1
2374.93
1905.42
2303.03
10025.3
1777.34
2443.06
1755.02
4040.04
1453.17
3246.87
1341.37
3799.81
1355.46
1584.06
2404.51
2720.44
1697.95
1307.32
3769.57
2651.61
6676.13
8727.94
2281.32
3702.64
4281.56
2152.09
2376.83
3158.84
2439.7
3474.9
2358.53
2206.46
2777.45
3028.58
2502.15
3591.91
1429.68
4187.11
1944.05
2778.58
1906.52
2755.31
1374.4
3296.37
3020.06
2252.2
2982.53
2288.25
2947.98
2770.17
6861.14
1732.65
2943.61
4519.06
3140.21
1855.47
1641.4
5871.6
3097.28
1811.78
10381.6
2042.05
2412.54
3617.37
2112.08
3578.13
3014.77
1908.75
2114.87
8827.97
3513.44
2436.36
2707.65
2870.53
6414.91
2855.84
1381.34
2721.01
2951.57
3090.02
2215.61
1708.74
3090.52
1407.13
2115.2
2620.96
2135.86
3580.3
2333.14
5903.19
2472.55
2289.04
1333.45
1934.33
2388.35
2932.09
2306.81
2518.4
5214.58
3239.99
1926.78
3669.11
1516.98
2668.35
1684.47
1816.75
4025
2709.21
2835.26
2919.95
4381.32
2604.68
2686.2
3625.52
2344.04
1581.65
3671.75
2148.71
3425.05
3540.4
1668.32
4735.76
2802.15
6495.11
2680.36
2907.13
3332.06
2557.24
1842.86
3958.57
4079.85
4784.99
1618.72
2610.34
4121.95
2476.48
3144
3247.65
2125.16
12253.9
1629.37
3628.75
2311.45
3955.15
2747.73
1912.72
5484.13
2277.59
5626.92
2952.08
1831.47
5766.28
3341.96
4721.86
3632.41
1581.12
3017.61
3015.42
1996.19
1610
2348.02
3471.7
1900.39
2151.91
5848.18
2305.42
3150.67
6322.96
5651.08
2322.56
2098.54
1576.68
4511.11
4242.2
3081.66
3912.47
2524.4
4195.95
2859.52
7034.99
3843.47
2043.22
4943.85
2965.85
1560.99
1910.67
8566.45
2580.19
1299.27
3377.23
4479.57
1671.41
8350.11
2446.6
3084.55
8012.8
5330.89
4059.78
1515.01
2638.2
3504.64
2907.15
3512.91
2313.56
2565.64
4216.91
2391.54
1338.62
3518.42
2038.87
1834.41
2691.2
2153.35
3207.44
2317.65
2815.17
1321.78
3027.72
1818.38
2103.13
3579.93
2698.05
2272.63
3895.53
2151.43
2732.65
3811.16
3502.47
2011.75
3957.49
2428.94
2060.53
2523.36
2617.2
3913.31
11334.7
2292.2
2970.64
1788.74
3503.6
3059.62
1815.18
1717.38
2378.18
3195.55
2251.66
1803.16
3875.15
1313.5
2311.88
3526.15
4754.71
5071.01
2266.41
2671.45
3660.53
4132.02
3003.51
1746.12
3210.34
3791.9
4635.77
2248.46
2331.5
1420.39
3014.3
2134.95
2478.21
2494.64
2175.35
1490.03
2157.59
2775.62
3446.57
4203.21
1535.62
3502.93
2094.87
3326.41
2106.84
4289.4
3551.01
2282.64
2646.74
1685.58
2097.59
2217.26
1421.08
2241.06
3241.37
1708.59
2086.74
2629.46
5625.55
1510.47
2391.31
2700.16
3613.88
3270.67
2238.74
1872.37
1889.83
3736.03
2003.27
2928.2
2623.97
2716.43
2662.56
4255.23
1450.24
3494.78
2456.92
1872.81
1508.31
1817.73
2115.06
3120.78
1959.13
2713.3
1484.65
4463.04
2719.97
5593.29
2938.56
1727.54
2155.78
4948.63
3742.15
1978.39
6531.1
5254.6
3190.75
6654.45
4393.57
3501.06
4593.84
2751.41
5403.01
2008.57
2229.51
1434.68
2532.67
6601.16
5482.49
4769.93
1674.34
3293.7
3964.41
2257.6
1428.43
2048.59
3058.3
2668.73
2439.09
4087.84
1839.53
1735.44
4684.36
1969.13
2029.68
2275.35
3567.33
1835.86
3670.16
2085.48
8886.14
3029.52
1942.06
3422.04
5332.32
2836.46
4912.65
2657.59
3274.49
2517.47
6992.13
3571.59
3721.22
2446.19
3377.41
1629.26
3640.26
1969.15
3546.01
3471.83
2260.5
3008.24
2029.42
4172.96
3033.44
3764.62
3321.26
1802.59
3420.76
4099.89
3720.2
1512.63
2818.25
4078.33
2991.46
3929.55
2481.84
2425.3
1981.33
3102.76
2186.24
3951.93
2808.04
2298.06
2350.79
3926.85
3053.63
2562.06
2814.88
5949.57
1830.11
1450.38
2992.98
2293.85
4217.91
2162.24
1870.36
2048.29
1488.71
2976.82
4438.47
1843.39
1605.59
1980.91
4445.97
7670.46
2025.32
3210.51
1867.53
2775.2
6813.79
2091.47
3023.29
5194.55
3367.53
2302.68
2171.66
2377.6
1603.8
2814.71
1773.2
1413.26
2382.75
3785.27
2039.25
3010.76
2245.84
2469.03
1810.63
2035.01
1595.13
2826.74
2199.24
1734.32
3698.61
2966.07
2695.68
2360.4
2098.6
4061.14
1879.35
3139.11
2599.6
5462.52
3193.71
2304.85
1838.36
1940.16
6661.77
2920.32
2345.06
3194.14
2586.45
3358.87
3251.08
2031.92
1499.87
2084.68
2300.3
3563.1
2974.78
4191.07
3310.73
3937.24
2687.47
5241.37
4647.47
4357.49
2835.23
1916
1778.15
3155.2
7053.22
6227.11
3183.32
1856.95
5233.71
4422.46
1977.84
2434.35
2090.06
3477.12
2397.41
2711.13
2307.55
1989.27
1664.4
3143.37
1519.59
4106.16
4857.87
3512.2
7679.46
2162.14
2897.25
5864.03
6492.91
3239.32
5208.36
4663.4
3594.75
28992.1
2122.98
1252.23
3670.55
3357.74
2943.15
2200.44
7858.26
3389.82
2915.39
3170.25
13863.9
4372.55
4762.34
3136.94
2214.02
2662.64
5448.46
1695.7
2735.65
3944.63
1556.25
8155.89
2162.19
2403.74
2597.26
2174.52
2381.25
1466.38
1380.43
2629.43
2664.35
2079.67
4441.92
5479.3
4762.94
1336.88
1540.37
3182.72
2782.83
2232.11
3272.66
1598.06
3260.94
2384.35
1429.49
2179.99
22166.5
2989.22
2483.76
2092.61
3690.2
4113.08
1647.35
4269.62
2181.03
4530.94
2479.51
2681.42
1626.06
10360
2697.21
4123.14
2231.78
1958.62
5518.3
1225.83
2283.96
3750.53
4829.9
2103.89
3120.05
6753.63
2824.58
3869.16
4343.25
4162.84
2865.36
3427.42
2958.91
3155.25
2860.69
2227.82
3534.88
2248.59
6288.94
2295.43
3728.31
4710.45
7396.5
3039.9
3085.14
2743.36
4333.62
1504.37
3178.15
4809.52
1742.58
12065.4
1534.87
5827.1
2131.16
2364.08
2404.94
2928.58
2415.84
4175.59
1620.19
6798.74
7935.79
3937.1
1655.17
5550.01
3203.8
1680.13
1663.51
1509.54
2309.8
1926.5
5884.63
1915.25
1386.86
3673.66
2301.63
3072.42
3513.46
2487.45
3654.28
2823.6
1881.91
3638.68
4519.68
6195.33
2659.14
4406.84
2069.79
2869.16
1541.32
5529.68
1806.07
3063.3
2500.19
2257.47
1846.15
4862.27
2368.59
4521.08
2065.43
3794.46
2169.22
2480.91
2487.15
3390.32
3405.8
2441.72
2299.53
1998.52
2141.4
2942.95
3228.04
5963.87
1855.69
5690.47
1763.02
2582.22
3930.44
4564.63
3278.11
1826.16
2077.16
5425.49
1691.11
3696.48
1989.01
1964.43
2374.08
4892.74
2989.53
2054.69
2225.91
7891.5
1739.53
3234.3
3154.2
2660.68
1152.31
3106.48
1851.06
2408.79
2270.92
2149.81
2465.65
4715.73
2805.1
1496.95
1208.02
2931.56
11916.3
2496
4466.42
4189.15
3244.57
2628.14
1895.15
2877.14
1683.31
3084.71
3511.41
1678.54
4363.48
2108.02
3403.26
5659.41
3370.06
1852.03
1832.94
3542.71
2791.28
2759.4
2489.9
3008.99
6381.75
3688.32
1995.29
4055.31
2984.66
4892.97
1993.33
5226.16
6462.05
5190.67
1761.62
4143.34
3285.7
1499.47
2694
3249.02
3016.78
4602.62
3279.7
2527.97
2223.9
3431.94
1448.2
3652.89
4602.78
9819.53
2669.39
2340.75
1939.25
2006.33
2982.41
2106.57
8668.1
2352.4
3971.28
2043.95
2072.21
1639.62
2909.59
4935.88
3875.44
1489.7
3377.59
2141.47
2364.21
6001.9
6608.89
4796.8
2309.46
2583.65
1723.01
1982.22
3453.97
3789.08
4061.01
2641.88
2641.73
2384.18
1501.47
1656.8
1596.8
2366.5
2936.65
3125.89
2216.77
2153.27
4610.44
4007.5
1874.28
1907.17
3201.89
2304.65
4266.87
6916.8
2173.64
7356.14
3813.89
2102.75
3874.72
1523.68
1876.02
2938.77
3484.53
2846.67
5548.17
3449.69
3396.23
6991.92
2368.79
4608.17
2002.63
3727.51
1601.34
3099.41
1474.36
2583.28
3469.83
1587.39
1875.31
2127.88
2579.71
1862.2
2150.27
2686.51
2699.89
3202.64
5678.11
1382.66
2536.78
2486.23
3646.26
1722.57
2870.82
1522.67
2244.78
3405.41
3895.97
2183.41
2958.88
1895.98
1796.29
2941.88
3304.27
6234.43
10605.4
3175.1
2623.78
1598.9
2959.75
2229.07
2102.45
2028.6
3036.77
2386.06
2354.85
1944.48
1677.74
7149.24
2392.58
2774.29
4041.21
3389.14
1924.93
2899.93
2549.81
2411.49
2305.94
2158.14
3871.45
2354.3
2057.96
2732.08
1376.12
7805.27
2016.17
1652.21
3653.77
3068.54
2083.67
2084.76
7879.01
4685.29
3389.82
3463.68
3894.05
2968.81
1730.42
1996.74
2346.11
3218.97
4006.85
2597.68
2928.72
2472.68
3056.44
4174.19
1919.71
11633.1
2110.8
2101.24
1486.92
2352.22
2201.93
2288.04
3108
2564.75
3441.35
3650.17
2776.74
2819.26
1598.14
2744.02
1921.85
1663.18
1959.95
5546.03
2409.31
5459.91
2324.01
2123.24
5769.25
1533.31
2255.32
2049.31
3510.54
4227.58
3467.46
2796.37
2486.78
2551.85
2346.43
1310.46
2009.51
4659.06
5801.93
2311.51
3612.33
3046.43
4300.38
2524.22
2668.31
3180.58
1881.8
1616.56
6960.41
4571.21
1613.29
3017.35
4218.56
1661.74
1939.79
2400.96
2701.14
1758.41
2213.1
2160.1
2480.96
2605.14
2903.23
2189.17
2591.48
2032.99
1821.47
3745.02
2273.32
2546.86
2724.22
7081.85
2774.07
1508.76
2231.48
1539.4
2426.97
2454.39
4394.37
1747.04
2219.65
2018.06
2164.1
1905.88
1813.27
3810.85
4323.54
2399.89
3137.31
2541.97
5108.73
2317.54
2315.58
2421.62
4089.57
1857.31
1810.49
4863.27
2664.42
4087.43
8183.67
4607.6
1853.45
2828.67
2638.45
2711.85
3038
3023.88
2307.4
3783.62
2267.34
5427.7
2866.76
9155.79
3385.77
3500.93
1885.43
9980.97
1962.01
2862.44
2521.73
9149.48
4399.78
3638.31
2819.32
4394.47
1492.59
3998.75
3666.77
2035.06
2774.24
1434.01
2510.4
2702.37
2841.12
1489.06
3550.32
3963.32
3099.57
3865.86
1793.76
2094.04
4284.07
2063.03
1577.8
2573.19
4572.73
3260.31
2831.15
2607.44
1775.35
1390.93
2069.98
2231.86
3021.27
7409.31
4438.09
4792.43
2418.14
6980.42
3514.09
2145.9
2498.39
1703.62
2226.98
4331.06
5477.64
4760.61
3290.93
2354.67
3130.12
3322.11
2317.58
2643.95
2674.75
1341.31
4800.57
1592.73
2555.29
2217.33
1979.35
2858.3
2488.28
2661.18
2734.25
3674.56
2331.54
2685.17
4186.47
2434.75
1890.62
3578.74
3566.53
2385.5
1515.49
3175.08
3288.99
1447.8
2960.58
1718.04
3388.83
3562.28
3236.79
2036.18
2300.21
2098.35
2486.31
1874.75
2765.23
3018.7
3637.17
5444.63
3267.26
1701.72
5507.17
4115.03
2035.4
2582.36
2656.31
2240.85
4691.75
2495.37
5106.31
3414.04
3725.87
3433.93
3357.12
1481.11
2632.98
1680.66
2955
5070.41
3289.72
1749.94
1994.52
1927.35
1728.25
3671.86
1433.32
2214.53
5200.23
1683.44
2024.8
4775.06
5730.77
2336.19
1555.71
4070.82
2893.23
4523
3031.96
2574.72
1647.26
3506.54
3166.62
4342.3
1987.43
1579.9
3113.77
4082.86
2309.95
2325.32
2556.01
3241.42
3058.84
1598.77
2329.05
3654.29
3731.28
1783.04
2245.65
9978
4196.59
2291.9
1947.91
1853.81
2456.91
2514.45
1521.25
2960.08
2281.2
3648.4
2124.1
2144.29
4224.75
3795.99
3380.5
1497.38
1649.57
2001.51
1633.57
4003.2
2067.76
2827.3
3232.33
2830.72
3361.83
3390.82
1855.36
2653.6
2006.72
3340.99
1275.61
2960.33
2615.03
2044.53
1353.62
3497.5
2664.52
3086.82
2367.61
2490.67
4131.7
4395.42
2249.41
3208.47
4072.45
2486.73
1627.44
3864.41
1900.87
1342.17
3718.33
1629.69
2241.73
1719.11
2139.26
3190.15
2943.71
2872.19
1624.21
1766.45
1987.6
3302.3
3604.55
2399.25
1847.26
1868.69
3461.93
2696.53
4063.72
2818.15
3227.23
3828.67
2886.56
5278.82
4606.91
2966.56
3473.47
4075.6
2406.31
2593.63
1358.29
2296.22
2661.53
3704.51
1819.59
2960.1
2207.63
2320.42
2241.1
2155.75
3616.55
10049.3
2568.74
3956.74
2538.84
1751.59
3803.02
3612.72
3088.23
3324.48
3484.48
2426.96
4006.04
2672.82
1683.29
2023.6
3384.74
4206.6
2092.1
2269.48
2207.51
4741.65
2871.43
2328.06
1914.72
2085.92
4348.28
2986.04
4233.53
1799.51
8955.02
1688.47
6486.22
3979.01
2097.53
2773.78
3162.78
3938.29
2295.76
4038.1
1460.5
2815.41
2171.2
1897.8
3590.51
3935.91
3276.49
4648.92
3637.29
2560.89
2474.4
3915.8
1782.34
4300.58
2817.54
1155.41
2882.18
1384.19
2482.11
3319
2180.06
2290.24
2308.93
2968.45
1575.44
2880.2
2726.17
3109.26
1150.9
1307.94
2348.25
5149.2
3211.97
2109.03
3179.11
1767.19
1720.53
2369.02
2088.49
2346.57
3350.03
3776.11
2890.46
6122.43
2764.47
3960.09
5187.38
4253.55
2542.71
4049.08
2153.71
3181.35
3879.73
4375.14
4045.24
2328.55
2130.61
3044.84
3912.72
2033.94
2522.86
1977.56
2163.14
1879.46
4048.67
2251.39
4050.13
11822.4
1779.22
1706.23
3433.47
4768.65
1404.13
3061.38
1665.23
1696.84
4629.17
1335.84
3268.83
1387.88
1843.35
3898.3
2754.26
1473.73
3208.62
3196.33
2635.56
2112.37
7332.04
3501.37
2298.63
2913.67
2953.71
4709.89
3168.55
3358.81
2824.08
3233.11
1503.62
4645.51
1631.07
1655.54
3889.46
2954.34
2945.54
6537.26
2832.68
2456.37
3180.36
1866.35
3789.85
2958.31
3674.69
1645.14
1738.96
4431.73
1809
2941.12
1523.74
2203.06
1557.14
4292.1
6987.12
3033.3
2360.33
4156.95
2589.73
1598.44
2027.06
2243.83
2898.66
1710.87
1898.07
4355.97
3361.25
2617.68
3320.62
1498.1
4069.63
1471.7
3979.12
2067.36
1961.08
2221.48
2470.43
4455.4
5145.79
9374.24
2147.15
2688.16
1923.64
2095.54
2530.08
1871.84
1825.46
2128.32
3498.71
1852.48
4956.95
1622.09
3273.41
5691.85
1407.16
1993.06
2284.78
8274.07
2269.84
3766.06
4917.06
1309.08
2797.52
1779.18
1402.03
1565.41
1559.62
2555.46
1702.8
1895.41
2208.49
5165.82
1925.38
1951.32
3736.62
2948.57
2635.77
6514.35
3276.44
2819.97
1597.26
2160.98
2120.18
12099.5
2667.95
5379.6
2322.8
4077.37
2702.73
5149.8
2440.98
5417.38
1559.5
1724.12
4103.74
4098.7
1885.37
2353.55
3643.37
1700.6
2419.91
2013.88
3779.52
2477.01
2781.16
1496.13
3002.85
5979.93
1641.51
2733.95
2003.3
2577.52
3856.08
4897.31
1622.48
1768.29
3419.07
2728.35
1949.31
2165.41
2137.53
2661.61
4308.75
1488.48
3950.56
6487.06
3642.53
3026.02
7526.57
3497.2
2649.33
1828.98
3089.08
3922.54
1520.54
2459.34
3296.22
4631.54
9525.41
2950.61
2672.17
2054.33
2631.26
2064.63
4998.75
2152.89
1635.38
2461.25
1746.54
9882.91
2342.68
3514.06
3661.38
4082.45
1989.7
1761.28
1789.27
7803.1
2297.33
1997.42
2326.47
4210.25
2257.62
4143.89
4989.76
3835.97
10076.9
3259.96
2996.38
2243.68
4978.45
2310.57
1979.43
2180.81
3797.43
2665.39
5097.04
3184.41
5206.48
2460.87
2816.23
2761.91
1930.86
1245.04
4532.22
6407.32
3627.06
2936.09
1812.42
3176.52
1982.3
1913.53
1215.25
6168.29
3021.05
1646.61
3127.13
3610.78
2510.3
1834.85
2334.23
2028.88
3228.03
2713.33
6935.43
1456.05
2176.41
2700.3
3607.65
1716.42
6594.96
3113.78
5905.33
1748.7
2140.19
2873.11
6061.99
3650.54
4510.48
10309.2
3024.87
3048.64
3117.47
2739.52
1364.14
6865.76
2862.87
5955.03
4016.52
3025.62
4909.79
2335.52
3463.83
1844.12
1842.38
1696.86
3262.43
2864.77
1513.37
1342.65
2600.94
2048.72
2997.47
4364.51
2824.92
3007.61
1497.89
1831.67
2143.68
2297.02
7540.54
9499.68
4688.06
3758.38
2093.07
2984.06
3683.21
2638.04
2652.58
2189.36
3536.27
3101.61
4265.64
2066.4
5603.07
3867.87
3489.45
3559.9
3113.26
1715.13
2901.89
2527.03
2646.77
2707.12
5258.76
5027.25
2033.51
6225.1
2145.72
2552.57
2602.82
1965.92
2576
4053.2
3930.02
3006.46
2675.63
1655.45
2724.76
5462.77
2747.72
1536.55
2586.54
3852.34
1891.03
1839.74
2103.5
1526.44
3450.7
2140.53
1419.47
6391.54
2096.38
2081.74
1385.18
4488.22
5088.9
1524.88
3351.57
6166.56
1206.43
2430.96
1438.41
2008.59
2876.31
3501.97
1593.68
1835.87
2773.46
2140.39
2169.87
1946.43
1765.72
4206.16
2749.55
2704.85
8567.79
1206.31
1178.19
4460.36
4625.34
2198.56
2562.19
2588.45
2473.21
1560.52
1485.7
2364.74
3511.4
1985.71
4521.09
1702.27
1470.51
3907.94
1860.82
3462.82
4883.56
2316.21
2729.76
3566.64
3579.42
3107.5
3347.74
3026.44
1420.1
2799.49
5078.92
1966.17
2688.79
3522.65
3370.05
3537.28
4370.05
2657.83
2085.69
2831.6
4907.69
1230.81
1444.6
3180.89
6988.02
3524.68
3262.89
5168.13
2258.58
4203.83
1556.55
2421.1
2283.49
2559.57
1642.79
7859.98
3705.71
2085.45
2590.51
5904.9
9645.83
2070.83
8431.81
3470.24
2594.69
10842.7
1978.12
