9532.05
11812.2
4608.93
5090.48
9317.67
7025.45
8921.81
7481.61
4345.38
4454.89
4267.21
10969.6
10181
6774.03
9925.35
5858.55
6578.98
8543.29
7734.91
6079.42
9308.27
7260.43
8198.7
10126.6
6298.6
15802.4
5709.95
5246.2
5668.56
4960.89
4054.07
8864.21
7691.74
6682.35
6434.32
5253.99
9763.76
6057.97
11758.4
7581.88
4376.75
13187.1
7346.47
5399.14
5762.9
5198.37
15427.2
5729.35
6963.8
12386.5
4897.57
11151.7
7158.41
6599.59
6701.26
9213.76
5683.68
6722.28
5673.41
6658.56
9463.99
3692.41
10060.7
7017.01
6583.1
4406.9
9360.17
6180.24
6452.35
6914.83
11771.5
3972.09
11272.4
6440.44
5758.6
12707.2
4649.13
9995.76
4691.5
9384.25
6226.01
5243.19
7538.82
7677.15
6802.03
7329.13
8808.04
4116.67
4615.26
10240.5
9081.12
5407.87
10106
14519.2
4501.55
6298.01
8537.13
14270.2
8298.2
3858.74
11723
5413.19
11123.1
4407.74
7175.18
6539.19
6326.81
4474.21
17301.5
6665.49
4106.8
19750.3
6518.66
5318.34
6142.5
8744.95
6914.31
6534.35
6005.51
14571.8
6197.91
4691.53
6718.71
12212.5
6309.19
10491.9
6995.33
4612.17
6062.4
19398.6
9665.78
15252.9
6221.3
5094.63
11063.7
5413.51
4429.76
5350.25
6738.46
6766.97
9755.26
10202.7
4620.45
7455.08
9775.52
6698.56
4808.64
5423.12
6101
6197.02
6055.58
6669.27
5135.22
14476.7
11326.6
5106.47
11779.5
6829.93
4787.34
11158
4337.8
6022.44
8596.98
9012.49
10033.3
6779.73
16602.8
5829.59
5147.72
7377.64
8131.83
12032
4500.21
12176.1
10413.4
5586.89
4058.96
7098.54
8649.27
7619.71
6484.69
6337.34
8066.5
14113.8
5249.21
3928.16
6116.96
7541.15
11619.1
6438.59
9430.65
7692.97
4571.87
13008.7
7712.89
9246.61
4141.99
4230.29
5651.15
6094.2
6665.28
6722.95
7689.81
8906.29
8389.14
8797.17
4361.49
8817.69
14114.4
8596.61
6925.03
8018.91
5005.01
4134.24
3891.57
12776
5783.22
7552.42
5229.84
5342.99
10435.6
7198.04
8977.75
8881.06
10034.1
19435.1
6985.71
5617.34
4316.3
6316.72
5082.57
11451.3
5651.2
6700.64
10459.1
4762.22
12047.7
20260
5489.56
8233.1
5286
11440.6
8037.62
9111.74
5069.69
6769.75
6241.51
9958.37
9132.87
5714.44
7202.84
8426.53
5600.2
4943.64
4844.51
6790.68
7345.98
8016.83
4423.65
7202.71
10520.7
8718.52
4310.29
3906.52
9037.82
5362.35
4222.27
4389.2
10944
8883.11
7531.1
5648.52
10295
7806.24
7231.1
6777.71
6451.25
3998.23
6051.57
7180.27
5983.53
7819.78
6076.41
13490.7
9386.39
5616.71
7379.75
4526.92
5068.74
9185.03
6372.12
4321.7
7686.74
12735.3
7948.91
12455.4
13623.8
5675.01
7138.02
5980.64
31327.6
5854.12
9119.53
7542.22
3974.16
4542.72
5095.27
6156.9
5580.64
10538.8
10065.3
4144.67
6571.46
8438.27
5387.19
7144.66
6810.36
5408.04
8900.01
8258.59
6641.55
6866.83
13537
6205.47
5932.64
4486.34
5707.59
9210.58
5201.09
6190.68
5306.68
5277.66
8773.91
5144.21
7180.74
5738.18
6310.52
8399.96
6544.16
4163.24
9319.28
5808.17
9558.55
12276.8
8677.68
5140.68
6895.2
7842.8
4183.87
6243.11
11865.1
6724.82
11344
15417.4
4510.99
12952.8
11438
11290.3
7624.77
4730.09
8963.8
7905.28
4429.32
5664.92
5558.67
5730.89
7986.17
6884.61
11483.9
14375.8
9521.12
5020.96
14351.1
9042.24
3934.49
8052.8
7414.68
3872.53
9721.43
4744
10203.9
5998.1
7318.07
4915.23
5501.14
5306.07
13783.4
22465.5
8479.43
6073.24
14217.3
4623.99
8170.13
3420.11
7056.84
4721.47
9222.92
3794.54
10622.2
10291.1
3475.23
7327.32
3400.06
4928.6
5499.44
20055.9
9240.4
6406.47
10462.9
17060.9
10703.6
8690.17
4686.84
4314.11
6875.85
6212.63
5392.57
7451.94
6936.78
11306.7
3857.96
9414.89
8924.18
11764.8
4298.33
28109.2
8048.37
4484.69
7647.54
7269.53
5557.71
8004.5
4035.58
4474.39
5036.84
7572.53
9896.79
11430.4
8257.44
16045.2
4206.33
4624.25
7379.4
7262.99
11759.2
5923.86
13008.6
5960.97
11621.2
19481.4
4779.41
10838.6
11343.3
4346.43
16029.1
13370.3
10453.4
6086.07
5272.73
7222.16
6748.19
7714.13
4812.78
7513.65
5624.05
8545.31
5841.26
11003.6
5685.23
25153.9
9071.87
5998.98
13460.5
4552.08
6042.79
4914.86
5528.51
15323.3
10174.7
5508.87
3073.79
5789.22
4373.82
8401.49
5144.68
6433.22
5347.97
30717.8
4192.26
6115.49
9945.61
5542.56
4182.1
8749.75
7177.55
10776.5
5636.94
7829.15
5949.03
7437.23
6071.96
5528.28
5249.25
7036.66
4375.26
7541.31
7637.75
6041.36
10431.8
11227
4134.74
17563.8
10658.7
8708.93
9499.11
6789.74
6378.03
12702.4
5393.26
4597.92
5014.7
7585.45
3186.27
4491.02
4285.95
7779.16
11515.9
6187.93
7241.77
17925.8
9237.28
3969.57
8128.71
4416.89
8898.91
6644.4
8407.41
6356.42
13550.4
5019.15
6645.03
5901.96
5091.62
6932.97
5967.62
6678.08
5271.05
6496.13
7541.35
6204.96
15198.4
6820.2
9467.81
6845.44
8680.62
4355.69
4433.32
5935.69
5319.55
4973.45
4693.4
7931.31
6097.09
7973.21
7576.61
5430.16
11329
12119.3
3655.06
7621.33
9599.19
6029.12
8772.15
4457.95
7514.9
6833.88
5694.05
10266.6
10414.6
7122.72
8135.08
10782.6
5557.62
4889.33
6365.77
6957.49
6599.69
8703.65
6213.79
5994.5
14996.1
4569.16
5735.71
3343.84
6935.08
4345.06
12001
8313.74
6621.92
7482.97
9750.03
6654.88
5661.14
7167.18
4198.56
4672.38
10235.3
10165.5
4944.89
8625.95
8731.95
4254.32
5424.25
4775.52
6630.01
9408.2
6568.68
7786.4
7241.34
5016.29
4364.19
4267.64
5483.36
5929.4
5364.72
4618.23
5008.07
9140.71
5059.74
4553.85
6662.3
8074.36
8464.41
7482.38
3677.59
4933.42
6994.41
5678.88
5367.79
6441.64
8428.19
4109.39
5270.31
7643.82
12383.4
10589.7
5031.06
4480.55
5843.67
3959.21
4702.58
4489.23
5642.67
13383.2
5825.89
3361.16
5861.02
3592.39
7864.51
10621.5
6890.47
6266.56
4318.09
4827.92
5093.09
9859.77
3966.08
4458.42
9865.77
9035.31
5034.3
6260.52
4501.92
11659.9
7263.54
5311.13
7676.99
5093.15
7292.79
6739.59
5763.67
6466.55
6399.08
7320.51
7216.47
5088.35
5485.38
15741.6
6204.28
3712.98
5726.3
5342.03
4885.89
10175
7221.57
8866.36
5110.93
5717.5
4550.91
16996
5761.27
4454.12
5152.53
9336.53
8566.22
4382.51
7247.68
6304.8
14971.2
7891.7
4872.92
12864.3
14610.9
3833.03
6923.46
6767.83
4067.55
12270.7
7365.27
9925.91
7593.86
6070.05
4398.3
5690.88
14338
7533.8
3740.62
7819.07
8927.65
5893.31
6011.91
5985.64
10780.4
9060.55
8609.12
7715.11
11385.8
8581.44
11737.2
8828.37
14255.6
6177.27
5637.15
5400.99
7271.59
7107.04
10618.7
21472.1
4877.72
6823.76
14603.6
7293.51
10585.2
5741.87
6743.84
6044.88
7663.71
17269.1
4283.1
6553.65
6465.43
10982.1
5597.74
3744.02
4623.84
10808.8
4331.66
6115.89
10105.2
5444.8
3474.17
8836.55
8712.62
4182.27
11549.1
14031.9
3894.19
6250.62
8168.03
8138.24
5157.43
5202.55
8302.26
5180.82
4198.49
8497.93
3329.42
12075.1
8978.22
11676.2
5138.49
5170.41
8191.77
7848.55
6837.51
14604.1
3564.5
17746.4
4781.82
7027.9
11026.4
5179.66
8725.34
9642.11
10906.8
6586.33
4103.69
10361.9
12130.7
12983.1
6349.87
13413.4
4357.09
6825.06
3317.36
6821.35
6577.27
7050.06
5726.57
10619.8
5240.34
6366.04
14050.6
4001.63
4103.65
7715.01
9649.2
16108.6
8109.66
4932.02
4221.05
7862.66
9203.01
6856.11
8118.47
11664.8
16241.2
5995.4
8498.6
5605.39
8395.23
9499.38
3877.37
8348.11
9432.11
9362.11
5128.26
10951.9
11009
19499.7
5319.68
4290.28
4381.34
4175.13
16803.6
13710.1
6462.27
4298.33
5882.57
20960
6195.78
5625.64
8184.9
5899.67
4366.06
3771.8
5213.48
10621.3
3701.69
5285.56
7695.95
7673.47
4916.47
6602.55
6017.22
10522.9
5620.43
12789.7
7449.02
9582.87
5384.34
5411.89
14681.4
4543.54
6354.72
4259.24
6894.57
8338.41
5457.1
5032.19
8514.62
7832.48
6541.44
6466.54
20582.3
6876.88
7472.18
7029.61
9987.75
17236.5
40245.2
6169.54
10445.4
15573.3
8438.57
6385.29
18083.7
9321
7952.31
5343.91
9792.99
4963.28
4452.24
3170.42
6644.26
6355.91
6481.8
5224.44
7816.56
17742.9
5977.63
5814.9
25179.4
6935.17
4904.34
4382.06
9205.75
7130.87
13345.9
10388.6
8042.3
5737.13
9137.18
7602.87
6556.55
4112.79
7916.06
11646.5
6229.16
3950.68
24873.2
6692.68
4602.09
9106.65
5639.09
3909.59
6620.84
4033.48
21430.4
5458.09
9857.75
5947.24
7386.52
4075.02
5739.87
5136.58
10284.7
4424.9
4853.46
15004.6
6197.65
10971
5398.44
4671.97
4378.35
5794.86
11244.7
6359.17
5076.06
4796.36
5552.02
9306.04
8852.73
6667.91
4871.01
9563.49
14928.3
5486.79
4574.07
10817
6054.79
9166.91
10244
13053.1
5588.82
7443.37
5052.14
5816.74
11427.6
9436.89
30857.8
4774.23
7488.86
3955.55
5404.5
13310.6
7077.3
3666.75
6022.55
5032.12
6444.6
9002.22
5860.36
6512.25
10699.7
5231.49
24810.6
19475.2
9046.08
7802.89
10803.6
4532.63
4600.67
5945.34
8443.33
3939.03
5932.62
8487.47
5967.5
5818.45
7469.15
16523
11393.3
8376.08
7257.44
11807.8
5422.45
4160.29
9133.04
4092.29
4210.35
8602.71
15128.2
10081.2
14101.9
3844.34
4730.7
8761.42
11640.1
12113.7
8273.16
7219.68
4361.84
7392.22
9608.34
15103.7
11444.2
7108.27
10709.9
9467.28
6817.94
8368.92
6167.92
3746.4
7486.99
7219.22
7959.06
8719.93
4631.32
12755.1
7464.98
4957.28
6125.94
16136.4
4488.73
6641.06
6348.83
5533.47
4336.02
5367.76
3694.36
4416.16
27766.1
7177.96
7403.96
10507.5
4115.33
5193.38
7211.7
7856.39
6774.92
5554.75
5322.27
7874.2
6435.02
7497.38
12878.7
6024.18
5483.29
16894.7
7953.84
4678.59
6905.61
9084.34
3959.11
5512.25
7398.67
6299.42
16982.3
6470.32
4054.71
5906.35
6362.42
6143.83
4836.38
5651.49
7050.92
6254.03
4434.29
4130.19
8073.4
7108.53
14337.5
7903.5
6140.22
6850.71
7791.4
5630.1
13867.6
4831.25
11989.9
9386.12
7336.43
7905.93
5684.41
3345.94
4447.1
3875.84
8850.06
9521.2
7132.94
13560
5096.04
8064.43
6815.27
6618.36
18971.1
11555.5
8456.74
5038.05
6307.46
6179.2
6738.83
5482.71
12022.9
13224.5
8043.81
6485.54
7198.23
9439.53
8611.04
6393.91
7584.03
7114.46
6840.96
6639.66
6696.7
7750.92
7236.46
8985.19
9412.31
6503.5
10888
12153.8
11588.4
5359.72
8731.86
10929.6
7535.21
7999.41
5886.9
9549.58
5092.58
9669.54
3665.99
8340.09
4881.86
10908.6
6392.55
7441.09
5536.81
9326.07
7901.39
9794.5
5058.6
17654.4
3728.67
9735.43
13103.6
10182.9
6640.3
6877.11
6380.6
6704.68
11233.2
23626.3
4991.21
5945.52
7127.52
6910.52
5342.07
5597.95
7523.3
4654.2
6291.92
11202.3
12481.4
4915.59
8668.3
3771.9
8290.14
5784.17
6836.43
11109.5
7983.63
6076.23
5038.39
5484.72
8253.9
5384.76
7628.96
14573.4
4264.13
5868.9
10095.7
5938.14
5649.16
12779.7
7318.96
4856.71
8456.35
7229.9
7877.27
7511.94
8355.57
6717.32
7971.01
7166.56
5861.22
7103.71
6355.28
16862.4
6142.28
3996.58
8349.9
8361.5
4880.49
13526.1
9253.39
7569.42
4504.15
8336.94
4763.81
7729.22
4367.37
4931.75
9364.66
4784.8
6753.21
5474.46
4836.45
5268.67
9411.03
7114.49
3589.14
4114.01
3690.55
3755.46
7402.94
8237.54
9369.96
4676.67
18183.7
8072.24
10024.2
45007.3
8020.83
4973.12
5805.12
7762.7
8476.03
4708.01
6803.32
7280.19
10092.6
14329.7
5124.76
11387.7
3716.75
8525.61
9733.51
9298.12
8921.62
5890.79
8091.1
4912.06
6969.44
4957.09
4909.32
4326.35
6543.21
4634.82
6269.59
5682.77
8392.25
13036.8
8917.02
6369.27
4863.93
4717.25
10212.1
6985.6
7506.35
11171.7
6562.09
4732.91
6847.01
8104.39
11193.1
16935.3
5448.93
10854.3
7910.74
4895.56
4564.44
5537.78
7504.43
4466.25
14230.3
5302.83
12723.8
8687.75
7522.53
5087.56
6423.86
10224.3
13528.6
12010.5
5120.78
8126.23
5851.99
4662.57
4482.65
5712.38
10268.4
5918.94
5748.15
4279.37
14848.4
4947.05
6861.38
5498.75
6096.7
7264.9
6028.55
8080.44
7997.56
5359.89
5759.12
6505.17
11314
4862.53
6725.25
9120.09
3229.32
5690.5
5551.84
8310.78
7234.66
6491.57
6437.01
12363.4
25641
8828.33
5300.56
6130.09
5688.53
6359.28
7154.93
4408.94
13456.6
5142.07
6259.92
7907.53
8817.7
6988.11
7248.84
4442.68
4850.82
6653.48
5822.55
4714.99
12642.1
5730.12
11212
10373.3
11712.4
8543.3
14462.5
7135.51
9601.87
8627.02
10919
13952.7
7576.85
5784.66
11242.6
5358.23
5649.24
17237.2
10100.5
10468.3
7659.57
4288.62
3887.1
9940.1
3728.85
5489.27
5050.78
4540.3
7284.63
4859.06
10410.9
5849.62
5406.37
9288.74
11268.5
10001.9
4135.87
8214.62
6800.26
4497.07
5742.11
11467.3
7195.53
16131.6
3670.14
6432.9
4358.85
5167.73
6538.87
5754.98
8666.74
5750.12
3763.13
9574.96
13510.8
5741.43
5506.6
7218.76
4736.57
6208.05
8240.07
12077.2
4441.68
7479.35
5830.57
6212.43
8777.67
8769.84
5203.91
15642.5
8445.49
5710.57
6403.97
5175.76
6339.97
6091.38
18132.1
7607.15
8594.24
15148
3480.03
11417
10441.2
6904.25
5198.65
11917.2
7908.15
9700.76
7541.67
6691.78
5564.03
13819.1
6543.13
9584.21
5839.07
6743.7
8768.17
8459.73
8103.15
11602.4
25533.2
5769.91
4097.95
15193.9
8004.08
15585.9
12725.8
7124.16
9091.95
7274.16
18964.4
7114.55
5378.7
5620.36
6656.08
3628.85
6224.52
6197.82
4018.2
3950.33
6211.2
8598.24
6872.31
9388.1
19230.7
6063.25
5911.82
6697.55
5279.67
18872.6
8896.17
4487.36
6386.4
8024.66
5245.06
7532.85
12903.1
4771.42
6522.14
6854.85
8210.43
34424.2
4422.42
5274.57
4969.68
6876.41
5440.27
7756.45
9105.69
5511.01
4327.88
8498.31
6414.69
7207.21
17771.7
5660.72
17965.4
4559.87
4708.9
10455.3
5241.66
9836.91
5296.63
7725.63
4882.1
7597.99
7704.57
6100.6
8241.7
10351.6
8941.7
6484.14
4422.34
16575.6
6883.14
6234.5
6408.18
4731.76
10525.7
4253.42
6532.27
6605.04
6532.47
3188.46
9185.07
5790.99
7017.96
5094.74
4809.18
3123.44
8631.87
7110
6152.11
6534.61
4516.44
15762.7
10585.8
8424.18
4673.6
4578.39
10211.8
10414
13832.3
7335.49
5579.14
4871.76
9779.59
8903.69
5622.95
5383.55
14565.7
6692.66
4417.84
10572.7
8651.65
7325.09
8669.11
4033.34
5808.44
6189.85
19478.3
8839.59
3626.12
7894.62
7976.18
14677.3
6463.95
4478.09
8489.47
10328.9
6901.02
6079.19
5255.18
5960.06
4530.65
7512.09
8526.71
5696.4
6083.74
5247.3
10051.5
4517.48
15094.7
10116.9
4435.84
5711.69
6209.23
11323.8
6775.88
5671.33
4035.66
21599
10013.7
6131.31
6506.61
9701.83
4258.28
4842.58
9028.95
4360.59
7495.35
11769.9
3608.62
4363.74
8468.33
6022.91
7580.49
9529.36
4748.44
9680.81
3797.75
6322.86
10012.2
5585.82
10568
5447.04
7494.77
7686.98
6023.97
6039.59
4534.73
4547.68
5814.3
8269.23
9483.49
7586.57
7058.76
14135.6
13489
6523.97
4679.33
8529.47
4271.35
5574.63
4985.05
6385.9
12270.2
6431.13
4658.65
7127.89
15882.4
5710.37
5509.22
9119.08
5939.11
6788.72
7104.21
4753.9
5447.44
6101.63
7531.77
4310
5955.66
13565.9
5569.87
14862.2
4073.36
4700.46
6977.64
8387.37
5588.06
4959.6
24613.4
19714.4
5402.55
6720.1
9783.86
13130.3
5976.72
11181.1
12963.8
4857.49
6184.22
9639.29
7155.13
5292.8
6873.92
5957.51
9400.52
5966.08
6799.75
6627.68
4462.79
7361.11
13522.2
4361.45
8667.31
4645.47
7186.23
5998.97
5239.85
4782.87
5320.56
8453.55
5725.47
10253.7
3660.33
13995.9
5332.74
9842.61
11326.1
6238.88
3511.49
32667
17760
9062.58
8069.38
5826.14
7707.87
7473.02
8104.14
8285.42
4458.21
4535.31
7052.97
9439.55
6017.05
7913.69
7327.43
14858.4
8369.67
4735.43
6470.22
8395.27
4085.73
6689.8
14608.8
4755.03
10002.6
6605.82
16174.3
6414.71
6371.02
10679.1
3412.83
5046.92
3946.46
14044.2
7140.24
10923.3
5747.62
19898.3
5428.37
7038.13
7756.17
5806.17
4902.45
6478.93
8248.61
4749.98
10962.3
9251.87
5886.62
12320
11043.3
7848.54
4444.73
5449.92
5012.9
6803.84
6909.46
8287.13
4238.06
6689.29
8478.8
5268.51
6145.32
16713
6660.41
6812.3
7624.21
9960.78
8623.04
8836.9
10200
9344.99
6957.93
11523.9
9808.4
6149.58
7857.59
7951.88
10813.9
5295.95
18457.2
4892.86
3419.48
5431.79
7366.27
5280.71
6092.89
8624.93
4678.21
11004.4
9419.47
6829.58
4037.78
5812.6
6716.86
5071.94
4500.07
5459.75
4156.94
6006.85
8355.19
5978.28
3265.02
12085.2
8581.21
11659.2
26036.5
5939.38
9364.38
5711.7
17505.8
24202.8
10718.4
5058.3
9036.44
8555.94
8317.45
4807.86
7458.55
6134.46
3962.93
5748.6
4085.09
6788.92
7677.56
3889.99
3772.74
5202.52
6695.33
4688.29
7609.57
7600.85
5453.65
7868.26
7545.53
7451.25
6060.76
8128.95
7865.82
10963.2
5018.44
9536.77
5564.45
5393.23
5105.62
14011.6
5936.03
4571.62
5896.35
9498.98
8808.77
6724
5424.19
5749.53
6955.28
5113.08
4204.03
5971.72
4020.98
7086.59
6542.86
6952.06
3760.87
5974.43
6414.71
4639.07
5299.3
6543.4
3324.94
4925.35
4712.3
7500.84
9101.73
6428.44
5459.01
6954.41
6259.56
7989.98
3455.2
12383
6056.63
4024.07
5912.22
11523.2
5888.19
8392.72
17536.5
7527.3
6137.73
13911.2
8041.1
6368.01
5601.34
7771.1
6056.83
19887.5
5785.12
3216.32
4371.28
13518.1
6567.93
8992.73
6972.28
10488.3
8831.58
14056
5270.86
8582.03
6894.48
5751.46
5821.63
12891.4
15156.1
11566.8
4911.55
4586.09
5361.39
12494.6
3927.5
4667.79
8061.37
12130.4
12778.1
12302.1
5433.7
5970.77
8843.7
6697.43
10850.4
5796.24
5489.31
11423.1
11403.8
5463.71
6608.1
9653.82
8988.66
11891.9
10451.2
8592.86
5959.97
7329.02
4852.65
4964.48
7825.91
4875.65
5868.45
9697.92
10739.6
5223.82
6808.4
25520.4
6562.13
6802.11
8399.55
4948.94
5230.82
13532.2
5353.56
4351.79
9442.28
4201.59
4393.89
4554.34
5571.7
8099.67
4302.49
8684.37
6463.27
3628.79
6044
3845.4
4668.34
5462.39
6369.98
5404.55
5089.27
5953.28
6499.38
8940.01
15734.9
4613.84
5761.1
4926.65
7508.16
3915.15
3505
5161.11
12964
11167.1
4479.48
31188.6
6518.23
6821.08
10403.4
14308.5
6782.48
13700
4288.97
5271.77
6007.68
3889.14
10485.7
7195.96
10016.1
6694.76
5211.58
7237.43
6088.14
6098.2
9719.2
5985.26
10908.9
8024.05
8266.78
8587.94
4798.44
12426.2
5457.16
5397.24
4003.01
5116.35
5945.31
5847.09
6330.1
4979.79
4743.2
15139.3
6946.91
8184
8242.07
10668.9
7454.2
5182.77
14390.3
6578.56
4101.5
5371.63
7188.71
7406.91
7700.52
8659.73
5122.51
6674.84
8275.61
12393.9
5409.42
22541.8
7414.45
7737.52
6580.72
7335.34
7073.64
5653.8
7265.62
5416.21
6411.34
4955.04
5624.06
8340.93
6618.82
7523.22
7264.27
15605.1
4016.86
6598.33
9006.91
4623.96
7821.81
6730.26
5943.72
9169.18
13028.1
12161.7
6106.21
5393.48
15683.7
5517.71
6729.74
6004.63
7482.56
6128.78
5171.99
7445.1
4981.22
3820.54
5891.1
9489.16
10200.6
4815.1
11536.8
5924.83
6829.63
4922.95
6176.9
4440.63
3648.59
6779.21
9162
8265.13
8981.25
4929.17
6960.61
6782.62
5787.19
5330.36
6066.3
5989.02
18283.3
13531.2
8096.5
6961.72
5891.18
5938.12
6699.89
4199.31
10387.6
3911.39
5272.94
5575.72
7457.24
5567.12
3555.48
5643.74
3846.83
7697.38
6173.91
6026.76
7169.73
7875.9
28079
5050.77
8443.2
5907.84
5260.8
3966.27
6126.82
3793.31
4374.06
4511.35
5233.56
6189
6517.82
8476.27
4955.95
3911.72
4516.47
5288.06
11577.1
13610.2
4056.47
10157
7717.34
7234.34
8003.66
6906.5
3718.09
9225.66
8161.04
4554.27
8748.13
6413.5
10266.3
6734.91
25795.8
11540.4
6409.82
6959.72
5983.59
4339.01
3926.71
7718.17
4594.2
5387
7436.63
6259.62
7927.99
5400.16
5501.85
4856.44
5753.56
5824.29
8263.29
6470.31
5918.26
8584.58
6105.23
6775.54
8659.11
4730.04
6566.76
8138
4845.56
5712
4909.41
7173.31
6486.05
5441.01
9386.59
5181.39
5399.6
33740.7
6018.21
6869.3
8899.25
12308.8
9118.35
4246.22
7342.77
14450.9
14556
8714.92
6834.98
5024.1
8158.4
5294.51
5984.15
7937.74
15653.9
4691.15
5723.92
12318.5
3852.05
8008.22
5156.57
12551.2
4612.25
4381.78
6469.11
5410.75
5083.66
6968.56
8325.2
4302.93
6456.46
6482.48
16897.4
8110.46
6308.81
4170.76
5027.25
7799.17
3808.95
7210.15
7623.13
30676.2
3775.5
6702.28
5107.98
7778.14
5724.1
17454.4
4975.2
11571.8
20824.6
5054.11
12711.1
4052.56
8309.95
6673.07
14501.2
11184.1
6320.12
6218.31
9246.81
10442.3
6315.94
9553.67
4841.54
13774.2
8627.64
3995.93
5847.35
4618.01
4357.83
5109.4
9863.19
8561.25
14718.8
4410
5760.81
5299.4
7985.55
10357.2
7626.79
6363.37
7483.31
7566.58
8454.86
5016.15
5972.03
3578.48
6283.35
9978.58
4777.52
8279.27
8131.83
3457.8
3692.45
7144.61
3860.38
5445.87
7077.6
11083.5
9310.91
7966.6
7610.27
22975.5
8188.99
5822.02
4988.48
9239.08
4529.97
8294.77
5737.13
8272.17
11178
4812.98
7425.51
10306.7
6072.38
6330.77
4914.44
5838.49
8634.36
15621.2
7826.19
6167.29
4472.1
5306.78
4376.4
5198.46
10013.6
13072.4
15390.5
23030.3
5224.65
5285.65
11446.8
5983.7
3998.21
5133.05
4882.41
6039.82
8230.52
11113.7
4147.07
10646.5
6161.54
8753.74
6501.51
13127.5
8238.55
9139.42
9476.58
4067.87
7381.89
3298.7
7097.24
6905.89
6861.57
20594.6
10507
9356.79
6108.6
9244.17
7825.53
8278.48
5883.53
6194.86
10831
5363.05
12070.5
6982.93
6042.69
4825.81
10892.5
3584.24
4441.27
4738.88
8673.25
6532.59
11426.7
5396.95
9082.5
6103.3
9525.87
3165.32
4375.68
4180.44
11777.5
5239.98
9216.62
6626.77
6246.69
7540.64
6336.46
5137.62
5009.05
4466.49
7484.76
7772.78
4455.72
11033.5
5267.41
4658.04
5797.02
7419.18
18656.5
6485.63
8132.38
4752.72
4620.76
4292.3
5667.54
7703.66
6452.56
5057
6454.29
4396.05
14523.5
5855.56
10933.7
6735.52
4466.38
12322.4
9769.27
4030.87
6252.32
5320.65
6323.23
5185.3
4881.57
7379.66
4198.79
4462.59
6013.33
14318.3
13106.9
3669.96
8936.21
11515.4
7794.36
4474.26
11147.8
6721.84
7529.3
4815.52
7264.18
10466.3
9235.5
29038.8
4935.41
7228.7
7301.73
3961.79
9892.53
7240.01
6142.5
5108.98
6768.11
4614.43
7658.65
19928.3
8312.09
9919.91
6378.65
9371.72
10073.2
9783.64
12384.4
10678.7
6287.64
8802.79
5120.01
5995.78
5704.19
7445.7
5674.87
4126.79
9624.38
10014.9
9699.99
7620.79
5227.52
6312.17
26399.7
5037.81
5194.68
7524.71
4859.31
7785.32
3216.9
15216.2
6255.9
6803.06
6922.04
6450.91
6792.35
14820
4969.7
9112.46
9517.34
5963.28
11578.6
5113.85
6104.41
9982.6
6030.36
6998.72
8597.59
5838.66
7392.29
8686.43
4689.95
4677.92
12996
7568.44
5385.73
5784.54
6207.61
7933.92
10342.1
7437.16
13610
9722.7
5794.35
9748.94
6738.96
6476.04
5479.41
5137.31
8062.44
5213.67
5615.25
8015.48
4318.72
6350.83
4872.96
9346.15
5167.17
6789.87
8048.44
8722.8
4682.21
3594.57
5208.35
11777.2
7282.33
6941.27
4332.13
6445.13
9946.76
7419.07
11161.3
12796.7
7406.73
5491.37
9986.04
5918.07
10735.6
9942.4
8792.72
5121.06
7200.76
8096.68
8538.29
5506.11
4232.98
8604.22
23191.1
4029.73
5433.19
6863.27
4042.2
11884.1
5376.18
5312.6
4846.49
4534.82
6117.82
4980.76
6778.56
5667.18
6834.37
4648.63
4339.38
6184.44
5751.12
5198.84
6994.85
6190.5
5825.59
5235.74
7743.68
6759.46
9275.92
4640.53
4935.04
8241.83
5880.79
10013.4
5173.82
9904.81
6915.05
6847.55
4847.14
4724.09
8056.16
7010.22
9236.19
10200.4
6486.97
3876.51
8698.21
4273.96
7799.03
8117.52
12293.9
2991.77
4301.47
9882.31
6063.6
5181.23
5808.49
20317.4
4763.42
5877.06
3672.21
4410.31
10403.5
7596.28
12496.5
9147.25
5004.63
4440.64
3626.29
10404.7
12228.7
6167.95
6811.52
9204
6100.99
12812.4
5538.96
5265.97
10714.5
8626.48
5967.57
4285.22
5474.19
3874.74
9516.87
9538.96
8501.62
6870.54
7714.7
5249.19
8502.17
7618.2
17916.3
8678.54
7142.06
5743.56
7510.1
8716.54
8614.24
6802.69
4381.34
8467.83
16366.6
9269.8
11361.1
4338.86
8927.94
4494.03
7464.35
4861.87
5523.31
7487.15
6197.92
4375.37
6243.39
9642.57
3708.21
5020.91
7758.69
14987.3
5506.67
6154.52
10214.2
4571.92
8789.91
9801.96
11344.3
5296.84
8431.79
7860.64
10802.1
7990.99
23451.4
10385.6
4647.43
8065.69
5028.01
6970.49
11888.1
7132.31
3930.64
4115.47
5137.64
6851.48
12162
19084
14157.3
6087.62
4501.4
6742.73
8330.25
7170.28
11615.3
9053.58
6489.92
6731.43
12921.7
7487.18
8096.7
6903.66
3483.05
10225.3
7597.27
4191.76
7425.86
4999.75
7014.77
7971.42
7114.8
10758.2
5577.48
4426.09
5732.88
6797.8
8701.62
4679.67
11215.5
9182.55
8867.6
11338.4
15760.1
6102.18
4123.1
14544.5
5733.36
8719.23
4723.14
7679.26
4624.31
6326.1
5815.25
9785.99
8393.05
5062.35
6850.57
7299.64
6763.87
5172.43
5774.71
6946.43
7943.06
7796.72
8356.98
7204.86
5593.14
10240
8450.15
4440.37
7118.25
5218.99
7116.76
3559.57
5269.81
6515.42
5986.46
3956.77
5631.49
5660.62
6208.58
5829.19
4894.68
12924.7
7986.44
6130.6
11647
6618.49
5223.01
4500.94
8725.4
5041.21
8761.84
9949.72
6914.69
12076.5
14277
9098.33
6212.12
3743.26
7824.08
5575.27
4990.01
3890.8
3811.31
4300.78
5983.78
7528.14
5193.99
3594.56
11394.6
5870.04
4171.42
5574.41
13782.7
14901.8
6473.36
8271.83
5577.12
4910.24
4854.09
4142.43
9835.95
7495.02
11649.2
7140.52
18514.1
12824.8
7011.95
4673.1
5849.75
11495.5
7600.7
7416.72
7582.84
5716
6085.5
7239.36
4697.2
11222
3765.31
6154.22
6993.19
4482.8
7817.45
4513.27
7411.61
5041.44
4437.35
4650.11
5749.91
7316.59
4087.04
4521.94
4745.11
5216.32
8267.35
8289.37
4229.82
7165.03
6567.22
9627.97
4654.84
6603.51
8940.23
4560.73
4200.85
8070.53
9082.68
10280.9
15069.2
6603.31
6963.72
5144.8
3694.15
6892.47
6988.4
3954.33
4343.84
5331.86
7632.23
20966.3
13905.4
5438.73
10668.5
12672.9
6855.14
6175.03
4127.61
4233.27
10771.6
4669.83
8332.15
3919.52
4621.67
5123.89
7312.16
5562.15
11343.5
12366.8
5807.39
5497.82
5330.29
3886.46
6046.22
9034.63
6724.35
7305.66
3782.16
7849.84
4449.11
7813.08
6922.93
5118.02
5099.99
10512.9
5440.71
5262.85
8769.77
9604.36
7080.63
6642.67
5606.28
8323.15
7311.19
10713
9272.78
4683.53
5338.4
10045
3962.52
5842.12
3457.2
15499.5
10791.8
4403.68
6202.28
4265.44
14727.2
14518.9
8095.35
7857.1
5123.64
5319.66
5329.75
4523.21
5094.03
7001.28
3709.83
7038.76
4273.35
7580.13
3521.21
3871.61
11251.4
8142.3
15979.1
6732.33
8395.99
10679.2
4308.54
6461.34
7605.51
8764.34
6283.95
4447.56
6541.94
8860.17
5977.61
4741.43
4348.11
7825
10938.9
6420.46
17434.3
5343.67
8819.27
7309.52
3798.35
6572.23
6269.69
9194.02
3816.53
13807.7
5317.5
6710.6
5918.89
5576.67
3553.27
5785.09
4856.37
4694.12
7087.92
30056
7085.4
7030.65
11713.5
9439.26
4346.31
7122.38
5865.89
4313.95
17927.2
7187.72
5208.39
11256.1
4492.67
7681.11
3787.82
8708.77
6491.95
13280.7
5994.38
8352.68
8009.58
5994.95
7423.47
5066.91
5455.58
10044.7
7718.84
6560.22
4378.64
7252.86
5449.66
7048.98
4514.36
6891.07
8078.49
4500.83
10954
4364.88
7168.55
6307.75
18921.2
6331.44
5361.62
17926.9
3986.12
11466.4
12322.7
5559.53
4855.52
5556.06
7142.76
9209.77
14524.5
8654.08
9134.27
9636.55
5841
5500.96
7475.03
16338.2
7515.57
8549.73
6520.93
7079.62
7849.61
8801.87
6678.61
11481.7
7066.3
9034.73
13766.8
7331.33
6572.5
7263.55
5299.89
4124.72
6069.68
7033.84
5050.18
5150.43
7314.54
4319.17
5462.09
4138.52
13907.9
5026.16
9361.98
4199.93
12681.2
7055.13
3541.33
16235.6
7595.96
5221.87
27080
8496.84
7774.53
4289.77
5008.9
6776.71
5300.22
7456.71
6776.07
8513.27
5049.44
5621.23
7791.51
4324.6
5493.68
8752.09
11454.4
15153.9
9249.59
10102.6
18551.7
5931.44
7175.56
5750.86
4499.77
14647.8
3368.62
5899.98
6241.41
8408.77
9413.15
8945.5
9641.48
16110.4
7280.32
5920.79
5837.86
7338.42
4053.8
21400.4
6248.52
9602.42
6875.54
6372.6
5628.34
5290.13
11963.8
5117.7
3822.93
5856.33
10114.3
7960.26
6854.23
6885.42
4099.65
7359.54
6600.66
7000.76
7463.84
5941.1
10027.6
6225.37
5565.62
6302.03
6064.09
5822.88
13567.8
12108.6
10667.1
5335.12
5410.31
3204.64
8578.92
4593.67
3241.12
4778.24
4281.95
5725.61
6533.32
6054.63
8359.13
9377.59
10607.2
6689.4
3484.99
6888.85
4354.89
9385.03
8782.6
5625.33
7817.17
15064.5
7520.07
6496.58
10654.4
4711.42
13302.5
8555.42
7259.63
8370.53
8504.42
5464.82
7363.58
6201.72
7055.01
9690.66
5829.64
4018.41
4097.32
5553.15
6976.09
6153.54
6602.67
10303.6
14547.6
6548.48
7318.48
5596.54
7610.62
5459.96
4272.68
4556.56
7984.39
5190.26
3718.53
8719.51
11183.2
5332.15
11458.2
4823.73
7804.74
5459.4
21816.8
12925.5
9109.86
11151.8
4846.25
7713.24
7063.66
4686.69
7763.39
5378.13
7304
10132.4
10654.3
7095.97
5208.95
9132.59
6028.75
11961.2
7455.88
9181.68
5062.16
6232.7
11003.9
10976
7498.7
4763.89
6036.67
6742.75
6420.06
5209.73
5734.16
12823.9
9157.14
12278.7
27614.7
3890.77
6093.95
4675.34
8106.24
4922.6
8184.06
7029.52
7790.03
10168.1
6945.35
6910.74
4416.58
6639.45
7237.49
8050.55
16422.6
8685.04
8124.64
7367.4
21485
14815.7
7272.22
5856.65
4706.32
6552.59
5924.62
5516.28
8684.34
5355.36
4464.44
5241.71
7912.11
5600.12
5615.94
6965.45
4618.55
5977.91
9201.17
5658.25
4088.48
4522.02
7610.36
3962.84
10823.6
6044.51
4483.91
12570.2
5261.1
5530.44
10635
7671.26
7837.11
3627.15
8962.46
5875.78
7972.98
4882.67
7546.95
14170.4
5436.67
4761.24
7764.92
8227.46
4413.39
9378.11
6505.26
4354.87
14886.2
9157.15
8134.98
7112.3
6718.28
18088.2
5454.64
4775.35
5720.31
9327.62
10389
4461.34
4187.12
7901.48
11385.3
5485.61
6104.25
7705.78
4649.36
6601.04
4882.95
11936.7
6217.52
7284.01
5150.16
3711.22
5545.73
8055.64
7645.46
25901.4
9877.59
5058.61
4243.88
5327.35
3776.26
4999.93
7492.62
6008.39
5101.67
7603.45
8364.34
19284.7
8338.66
4501.34
5978.06
6302.72
4220.62
10681.1
5825.43
7685.7
9254.66
4330.9
6951.91
9190.61
7536.68
5877.29
15346.9
6994.36
8334.89
18839.2
8875.35
5436.78
4347.63
7082.08
3880.01
8362.29
5287.29
10181.4
7121.35
9684.26
15114.2
10087.7
7031.31
6620.74
3895.39
9138.55
9572.89
6022.47
10301.4
8371.72
3936.09
6372.4
7916.29
14368.7
5114.85
7588.71
5227.27
9129.44
7825.55
5679.41
12458.9
6682.32
5877.93
8993.75
4866.72
4146.64
36975.8
12727.6
5594.56
6277.22
5365.16
4733.15
4486.79
5762.76
4463.44
6047.66
7094.5
5914.59
5194.32
5597.22
3608.22
8239.14
5919.99
17035.7
5067.21
10602.4
12967.8
10543.8
8721.15
9091.54
6218.2
4737.04
7268.04
8000.92
4308.58
3970.59
10911.8
7494.69
9062.02
8312.92
5770.76
6123.87
7265.17
7637.71
7195.66
3680.55
5654.41
4437.84
5987.87
5840.05
4917.14
4875.76
10587.4
3973.23
8601.67
6988.77
7500.35
4359.21
6085.24
9255.69
9185.52
5177.01
3504.17
9945.45
6839.3
5283.23
7474.43
4971.31
6915.37
7005.05
5569.51
3441.7
3480.31
5073.83
4380.41
7332.31
6718.2
12591.5
5573.02
6036.3
14881
7785.58
10530.7
5918.15
10049.6
6419.04
9026.96
10946.1
6290.1
4332.71
4411.27
4392.16
12334
4981.6
13586.7
7222.98
5476.14
5218.88
9359.23
4984.69
9672.32
7614.18
11931.3
5613.43
7667.62
3973.38
5757.13
6144.25
4496.16
5991.69
4301.7
30917.7
11133.8
8817.65
8093.66
4054.52
4163.17
4928.62
4953.44
4521.32
3904.22
4904.85
4299.97
17363.7
8421.09
6437.38
4166.04
4867.41
9894.88
6706.26
6606.95
8420.05
6810.61
3376.32
5452.19
5006.19
9705.01
9472.91
5141.5
7186.12
12099.8
4773.83
4959.42
14200.7
10498
4219.59
4700.08
6207.86
7735.85
4062.62
5973.05
4641.2
8148.74
6428.98
5680.28
10569.5
4950.53
7349.42
7833.09
9246.26
4150.94
6022.73
5138.22
4633.17
12875.1
5211.71
4983.51
7194.27
11328.7
7046.92
7586.14
9235.23
8402.28
8819.78
15601.6
5640.01
5772.98
5472.35
12177.6
3358.57
7583.83
10167.9
6094.08
20519.8
6048.25
5047.37
7206.98
6956.29
4719.49
10964
17001.2
5738.65
10877.3
9446.48
4584.97
5279.56
7468.32
5278.96
9690.34
11020.5
6059.35
5225.71
6857.84
9822.52
6487.41
7012.41
3795.6
2673.58
3866.72
3915.14
3856.29
8265.78
6635.94
6312.26
9097.74
9088.11
11441.6
7254.49
7561.5
7633.52
9165.93
6364.49
5269.28
15584
9543.09
17189.7
8126.03
4414.66
10209.2
5823.36
5516.93
6290.51
8093.3
4102.4
6218.9
4183.14
4333.6
13842.6
6120.97
7668.72
13238.9
5699.85
6914.6
10914.6
8259.1
10325.4
5035.18
13312.1
7211.02
9359.15
8392.42
3842.75
9677.38
10044.7
11939.6
6152.54
12539
3473.31
9586.48
5323.97
5422.58
7310.07
4084.81
7140.78
5636.68
4974.53
8936.29
4355.2
8224.12
5411.95
5098.73
8608.75
7188.83
12657.9
9056.91
4526.99
7892.76
5587.4
4356.77
5952.52
8016.06
5449.31
6591.4
8317.25
4153.68
7124.22
3465.01
6758.6
5194.4
5192.53
7958.32
5064.65
13044.1
6818.16
7074.5
6480.07
13458.8
14322.7
5799
7714.46
3975.3
6835.72
8902.44
5916.02
6778.68
7593.68
7923.65
4856.49
18327.4
4833.04
4159.55
8136.46
14605.1
4855.5
5506.37
5354.17
8082.2
8131.18
4123.92
10736.3
8368.3
22599.7
7344.17
5283.28
7305.81
4917.48
15572.1
5615.29
9305.56
9537.34
4760.64
5178.57
3920.85
6755.94
7884.82
5362.32
12900.8
6511.61
4596.15
10369.1
4715.81
3758.69
4343.06
4140.99
7633.23
10736.7
5542.17
4523.55
8062.7
4342.4
5040.3
4002.64
8493.2
4533.19
8917.32
5939.56
6859.36
9009.04
7000.62
3917.78
5728.73
6322.12
8953.77
12368.5
7155.95
5967.49
5844.14
8874.36
4714.22
5059.27
4048.59
6878.13
9957.48
8491.09
8740.21
7860.24
5909.44
5606.41
4384.56
5213.4
4650.5
6962.44
5620.35
14267.2
14340.9
15186.5
5838.69
4074.53
3360.91
4802.79
19195.5
30122.8
8651.19
4808.05
6625.61
10326
4727.97
7534.86
4802.65
16350.7
7457.12
5676.66
5581.91
4578.96
5643.5
5997.2
34588.7
24478.5
4689.84
6555.59
6524.17
13343.7
5895.71
7273.97
5824.92
9305.66
4296.07
5860.58
4426.03
11729.1
5795.9
6016.14
11010.6
6310.39
6352.63
5174.68
5354.95
7081.56
6820.38
5017.62
21830.7
7620.67
4689.82
13556.2
5747.38
11767.5
6293.21
3527.5
15399
11612
8267.04
5369.61
10333.4
11878.5
10320.7
8609.73
6543.99
5667.99
8644.45
7630.36
4467.41
32039.4
5415.78
8434.45
5271.71
3909.73
9698.71
14380
7166.02
8971.31
8620.77
6201.14
9130.38
6754.96
4715.6
5433.32
8370.62
6435.31
4864.44
8731.07
5365.81
6427.04
8893.26
4727.55
4678.76
5072.35
9122.05
8369
16114.7
11882
10968.9
6757.55
6567.23
6155.21
7298.52
18270.2
12662
6129.3
4350.26
4441.87
6102
5785.95
7285.01
11039.6
5792.36
5425.94
4359.91
13135
7244.82
9945.91
11866.7
6603.2
6857.93
9949.39
4426.49
10095.6
5233.2
4233.41
4327.76
5332.18
4383.14
11948.2
11895.9
4745.94
5034.78
7716.59
4718.07
7029.78
6239.24
7080.58
5159.78
11931.2
4025.82
9720
7777.33
6268.34
8239.51
6865.29
7038.22
5600.2
6493.51
4634.65
9554.23
5262.64
7432.35
14173.7
12936.4
6468.31
5608.91
5150.25
10445.9
12668.2
7802.28
29025.1
7438.11
5587.85
8788.31
11106
12707.7
4237.54
5839.23
5510.38
8610.31
14429.3
6833.05
5826.35
19331.9
6157.92
5996.03
12123.5
5432.78
5431.42
5576.56
5470.39
6743.74
7485.88
5732.84
8093.61
7295.44
5390.52
5108.97
3165.08
17610.7
5983.56
8932.19
5213.82
7850.11
3851.58
5450.99
5309.34
29492.2
14624.1
7065.39
9145.95
9709.6
7262.25
6069.02
24328.3
8436.53
7435.94
5023.6
5791.93
8424.1
14285.8
4986.44
5841.69
7159.26
5565.14
5932.69
5335.9
6573.1
6033.63
12764.2
4974.32
8912
5473.76
4919.18
8040.93
12194.1
12867.6
5508.3
4219.01
7250.88
18727.7
5824.02
4517.65
9637.93
11139.2
8761.07
8471.98
5709.34
6173.28
6304.6
6854.51
3336.4
5235.16
7499.43
4968.92
18698.3
6997.45
5536.21
4294.67
5210.67
9786.16
5007.36
5963.08
17233.2
5418.55
12418.1
4995.43
8753.02
8615.77
5297.46
3296.97
5788.81
6453.51
10032.3
6922.9
6563.62
6260.06
3753.04
9675.74
8207.29
6113.05
9287.98
3771.09
6183.95
9173.72
5833.21
6987.37
6778.83
4016.52
5434.19
10521.3
9219.48
11640.1
5852.92
5102.46
4382.22
5480.62
8170.62
10322.8
8153.96
7629.52
3429.75
9089.19
3895.54
11654.9
7696.49
4718.06
10776.6
6245.49
15158.9
8235.54
4778.05
6514.99
5537.58
6923.47
8120.46
5674.71
4784.76
5985.01
9976.62
7042.85
11621.4
5844.53
5192.89
10567.2
9240.61
6541.97
5813.05
7846.96
4216.43
5813.36
7605.7
4870.04
4583.91
9680.88
6322.94
12084.7
5311.21
12018
6281.42
3628.22
10455.1
10907.8
7029.98
3464.57
7548.51
6097.38
6483.69
5270.98
8817.4
9806.82
8441.41
5218.1
6110.63
7737.21
6917.37
3650.09
12633.7
10843.7
7207.34
8425.52
5855.26
7359.83
8502.84
8753.27
10255.2
8061.57
7894.31
6620.91
4762.33
6654.33
4608.37
12978.5
4187.76
4468.33
17864
12787.4
14703
8004.2
6244.1
6991.01
9943.93
7488.34
82362.8
5076.17
5261.28
4362.2
7890.25
4670.58
4279.43
5814.23
6437.1
11333.1
15157.7
6270.25
8906.3
5227.58
6912.67
4757.99
4648.14
12893.4
12130.3
10607.1
5690.07
6952.35
4441.49
4187.57
4093.31
12661.3
7380.87
16060.8
8841.62
7670.42
9036.97
5094.17
11527.8
7825.06
9717.4
7336.81
13285.9
12238.8
10636.8
9518.76
7126.86
4305.78
3217.92
10197.6
9234.03
4362.65
7851.03
8824.28
7483.16
11060.3
4177.08
3656.26
4357.87
5816.46
7053.94
12828.4
5600.01
6177.62
4744.44
8477.7
15342.2
4622.78
7980.49
5367.21
3717.04
9062.3
4394.98
17997.7
5402.77
9179.94
4498.04
6288.62
6145.82
14260.2
5241.75
4876.94
3071.54
11057.3
7633.68
8032.77
5459.54
6747.79
5485.75
6398.89
7231.38
8748.99
7776.53
6653.26
6774.76
25551.8
7068.93
6850.69
7603.53
5425.36
7012.97
10341.9
4387.25
5784.36
6785.13
5355.15
5104.76
5835.81
9269.71
6704.98
8052.76
7525.45
9997.65
6185.28
4453.83
6395.01
6034.4
4623.34
5490.71
19655.1
8011.05
5835.55
11242.4
7187.44
5048.07
5325.22
6215.7
19451.2
5890.25
18805.6
6895.81
4780.01
6094.13
7825.51
8838.3
8299.35
5317.49
9085.3
5516.31
8927.45
6824.53
6201.49
5643.8
6811.09
6000.54
6543.52
11194.5
6567.98
13719.9
18848.3
5799.62
4764.33
7157.81
11499.2
7566.62
5463.58
7665.85
8555.46
5243.05
4878.85
4272.66
8637.78
6983.6
6405.36
7679.8
6299.13
4511.34
17429
7727.57
10251.4
8441.64
9293.58
4303.12
15732.7
9289.87
5549.75
15894.3
4794.22
6715.67
4710.27
8127.39
5825.89
7607.01
5572.28
12437.7
6324.01
4805.93
8512
3884.61
4794.88
5202.42
7558.24
8507.16
8942.47
10758.3
8830.97
8115.17
9809.19
4853.31
8079.61
4636.3
7545.35
3345.93
6640.4
7388.69
7608.85
9271.56
10811
27601.2
6073.12
9206.95
7154.84
5431.41
11848.1
6665.13
7868.66
6326.44
4444.19
4670.15
12062.2
7958.65
7868.94
6017.35
6994.73
8057.46
5649.56
5265.66
6058.86
5572.19
5215.82
7492.3
8276.4
6818.55
9787.92
5905.98
4965.97
9741.71
8375.85
7295.06
11045.3
7758.85
7986.55
20619.2
9321.03
4754.94
19966.2
7527.99
15384.9
6099.51
4000.32
4603.73
10127.7
5458.73
9253.23
5775.94
4147.29
3571.51
7417.22
3702.19
9739.24
8304.05
6788.4
7508.32
9613.46
7321.45
5676.34
7089.8
5552.18
8007.67
4066.73
3439.45
5151.34
7504.11
5445.65
5646.32
4987.89
4357.91
5777.32
5700.44
5555.83
5528.57
9970.37
7825.6
6834.93
6199.38
6918.67
4350.61
9794.04
5552.05
6620.27
6519.81
5331.78
5997.76
12155.5
6249.4
7638.63
6250.81
6023.3
5944.32
8908.77
7758.23
5287.38
6945.57
4891.28
5242.87
9375.22
6481.08
5519.89
5555.81
8019.15
6343.68
18059.2
5706.78
5900.26
4034.81
5432.65
6750.87
7300.27
15839
5756.61
5598.2
15004.4
5092.18
6989.07
9741.32
12061.3
25821.3
8046.66
7546.94
6634.12
6115.97
6446.1
5087
7677.4
6255
6012.55
8538.97
7232.73
28599.9
4493.53
10964.2
3959.37
5402.15
5492.52
5854.57
6663.62
6757.08
6224.47
4558.19
11434
4972.29
14381.2
6193.58
8447.39
5027.94
8410.09
3103.67
6812.14
5930.91
6233.89
6543.1
5795.66
8181.46
5433.4
6575.17
8652.2
8790.91
5490.78
6772.41
9111.08
3835.26
6301.89
9455.7
5191.83
9599.15
6468.44
12415.7
12309.6
7502.27
8725.45
6674.12
37436.9
5218.65
9709.16
7425.8
6795.09
5596.02
6850.89
6551.06
7421.45
6491.27
4116.28
5200.31
4882.22
11267.1
3817.57
5113.48
4051.88
10923.4
5034.54
9021.68
6233.77
11678.8
8167.93
3909.35
2909.65
14599.5
4678.22
6946.7
11859.3
4547.02
4516.25
7996.15
5850.12
5597.79
3149.85
10846.3
21312.8
18642.4
7516.78
5893.77
6504.83
8180.72
6168.46
10835.6
5835.09
6167.46
8176.09
4020.28
3778.36
4487.13
5130.56
8180.09
4535.26
7842.32
4023.12
13311.5
7745.55
11904.8
4834.32
4997.36
12959.5
6596.84
4302.3
3832.5
6317.67
6291.14
7037.03
4236.61
6268.75
4884.94
10151.7
6292.22
5175.44
3021.81
10990.2
5443.1
4802.87
7122.25
5973.91
7869.24
22599.7
4457.3
8368.54
4632.8
8071.87
11164.2
11271.1
7793.75
9276.59
6805.85
11122.6
6997.73
5271.45
6328.48
6311.96
4611.47
12457.8
9655.13
6239.59
3471.08
8455.83
5896.42
4487.32
5259.14
8888.01
4582.27
7441.07
6163.41
10211
3898.32
5283.11
7447.03
3770.43
8540.48
5430.07
9759.95
8219.63
8209.51
7165.62
5510.94
5298.36
6197.83
6787.92
4405.49
5663.04
5576.32
9387.79
3949.16
10010.1
7302.62
6599.66
6040.96
7906.67
6296.67
8687.04
4434.04
7579.68
9611.35
3521.53
21572.3
7865.05
4533.22
5122.83
5448.58
4601.61
11847.5
11357.5
4282.89
8261.27
3944.64
6265.12
5204.77
13146.4
6399.21
4212.48
8067.95
5757.45
6438.22
7781.1
4377.63
5591.26
12894.3
10004.9
4225.86
7731.61
3664.62
10504.6
12033
8049.21
9147.33
12129.2
3907
3939.07
12912.6
4679.73
5998.94
6818.76
7534.76
6656.66
5840.85
8373.59
5833.72
4858.49
8190.8
4267.85
6291.54
7757.76
9539.3
6637.74
7887.44
4956.31
7712.04
6032.22
6646.19
9482.81
6700.56
6000.43
6285.33
4561.22
40070.6
5877.66
8905.21
8683.31
11674.7
6761.4
5993.79
10263.4
4884.92
9509.99
6037.13
5078.84
4456.09
6776.64
9991.65
9419.66
4847.72
6609.13
2838.16
8813.77
8578.72
6656.58
10202.6
5207.85
5150.45
11759.2
9254.36
7490.2
3818.05
7480.26
5180.94
6231.1
5055.91
7873.05
4646.14
6342
5319.54
5021.54
5799.47
5717.03
9624.94
5146.02
8027.01
4976.34
6994.27
3130.7
12813.9
5492.65
15248.5
11222.3
5431.34
4922.55
4586.49
8043.05
4382.1
6169.73
7243.62
6736.17
5460.07
6774.81
4592.94
5946.53
8228.69
6721.36
5326.8
3811.87
5194.7
10056.6
9020.89
4089.45
9931.29
11594.2
5290.17
5223.35
4494.84
6283.27
8798.08
8459.64
4311.14
5670.58
3909.29
7074.4
5855.28
15298.2
11558
4831.43
7004.88
5563.11
3771.49
3685.97
3986.04
6094.53
3688.78
3845.8
4419.98
7216.96
5484.26
13215.5
5299.05
7124.68
8941.05
4950.04
15167.2
19350.9
6179.87
12140.7
7161.3
5867.06
4905.1
11132.5
5379.53
5023.34
10313.7
9717.23
11499.8
6812.44
14455.4
4977.23
5350.37
6399.1
7636.61
8283.22
13056.9
3563.73
15940.1
6967.56
6508.73
10541.3
9968.2
7523.09
16667
6693.37
12573.8
7813.2
6591.52
10200.9
5375.15
4015.23
20093.8
12466.9
5884.37
5068.9
9186.28
4080.71
9669.74
8233.5
6202.22
8490.83
4712.74
6223.47
4051.92
7971.85
10540.8
6855.1
8889.76
13654.4
7112.36
7127.66
5084.91
5529.52
9771.19
16979.8
10260.1
3835.25
5962.86
6148.34
4505.23
8877.52
4571.1
7405.73
10352.6
8963.51
10882
12994.6
4511.65
4857.14
6738.21
4199.44
7193.75
5829.38
6112.7
10165.3
4547.57
5266.96
8792.27
4486.84
6803.44
12314.6
5418.41
8770.98
6133.63
4786.41
15255.6
5375.57
5391.03
9551.19
6241.51
4713.52
5897.21
6564.49
10041.4
7605.72
5044.44
12523.9
9410.79
10391.9
6722.49
6984.34
7320.68
4589.95
6451.92
5579.83
3967.93
5693.91
3181.69
7883.56
5750.29
9208.41
4737.14
6245.28
16211.9
4532.11
7123.79
11813.3
28979.6
6181.17
6014.12
7344.24
4645.57
6398.78
8004.7
6122.45
14304.3
5700.62
6246.81
3002.06
5051.96
6844.7
5554.92
5722.68
6381.57
5553.99
4523.92
4099.37
5122.25
9050.49
10268.9
7100.95
3944.75
15845.7
10323.2
7251.45
4861.29
8111.74
14618.8
7508.52
6219.99
8389.15
8517.41
9820.52
9356.6
4332.17
13233.8
6640.13
4451.55
6185.11
5649.62
4574.06
8267.08
4560.57
6802.71
5503.92
4292.17
5877.64
10308.8
6370.42
5617.15
7041.54
5283.68
17562.2
11182.7
9321.52
6980.52
4544.55
4321.46
7372.93
7377.07
7440.98
14823.5
4558.49
6107.24
6842.91
6464.92
7737.29
30686.8
6979.84
4576.16
7996.86
9032.95
9666.56
7283.03
7876.64
9433.05
6682.39
6821.11
7871.34
9945.71
4773.9
6996.15
9865.92
6444.13
4843.85
6276.09
5018.9
9078.67
5148.61
10091.5
5409.59
5047.02
6537.89
6816.65
10322.2
5842.85
4920.59
7243.48
9007.65
5775.47
7330.69
6676.24
6118.19
16962.1
6913.6
6259.6
8254.24
9563.95
8313.18
5066.22
6003.84
14579.3
5143.51
15529.7
5590.5
4954.19
6583.05
4902.07
4522.09
4113.96
7388.43
5195.72
9547.37
6299.87
7614.08
6088.14
5632.28
7055.76
5558.08
6957.88
7043.92
8811.82
6583.25
3905.8
6311.9
4363.1
4798.46
32242.6
10048.4
6990.43
5335.78
6844
10676
9653.22
6241.35
8343.31
4299.68
3532.88
3516.95
5430.76
4288.02
7254.16
6817.44
9702.77
16497.2
4102.53
10080.1
7583.47
7630.26
9113.63
2818.58
5854.19
10579.7
4963.63
6993.24
19003.9
7791.97
7772.48
5194.27
27242.7
6335.26
4052.64
5091.78
4692.14
7625.12
4935.3
13008.3
5918.43
4777.56
6622.15
8030.38
6330.77
4847.78
7031.58
4811.01
8284.28
7506.12
8702.64
6816.72
4781.33
10112.3
4444.79
3908.04
7671.52
5136.84
5645.2
8653.66
4755.55
9017.15
7043.78
4274.5
4128.98
7329.39
11318.6
5752.28
7953.77
4913.49
5461.23
4412.34
4793.15
4856.68
4042.9
6458.89
6192.31
6172.18
6154.14
4909.27
4811.87
7613.98
6545.28
4478.58
4858.68
6383.34
11146.9
6090.37
7293.97
5363.93
6961.39
8342.98
6249.38
3939.1
7727.05
3557.86
15522
5939.51
5459.04
26481.1
5771.46
7899.47
7747.52
5931.49
5976.06
3274.86
6233.98
4952.01
6504.5
9321.55
13863.7
12467
5531.77
5197.73
8688.61
3864.43
6620.26
5666.32
17594.2
3587.77
5453.01
4826.15
7455.38
18809.2
11906.8
10337.5
5491.21
7272.02
4688.6
10193.2
6084.08
7475.63
6150.5
24580.7
5614.3
7391.05
5638.89
14888.1
5391.14
5516.59
8990.57
5143.46
9541.78
8683.41
9419
18175.7
4898.75
16348
6479.86
5305.67
4429.92
6739.81
5126.3
9977.08
10944.6
7372.25
15434
5413.15
8469.6
11874.6
7125.57
4536.96
4031.11
8257.89
12042.7
7242.38
6641.33
7361.69
7627.24
19664.2
7234.63
9174.56
6002.57
11763.3
9324.12
4247.14
9532.99
4925.53
5261.22
15132.5
5239.2
4853.7
15839.7
7525.43
9456.3
10982.7
5116.53
5772.76
12111.3
18810.8
5876.87
4283.62
6455.62
12047.9
8179.54
4490.61
13431.7
7659.05
7563.16
7213.11
7008.5
6454.75
4471.14
16176.6
6557.37
4927.36
6829.61
11049.4
4577.84
10615
4896.51
5737.31
10446.3
13196.8
14339.4
5204.78
22470.6
8932.21
6440.97
4708.56
7835.8
27112.4
5936.88
14370.1
6024.34
5650.62
8668.05
9229.36
8104.43
5879.7
6464.34
4517.81
4703.45
4811.39
14127.7
8955.71
4807.23
9382.12
4743.44
4684.82
6366.75
7899.83
9116.06
28797.8
8071.7
5956.42
6108.61
7424.19
7302.95
11648.2
8777.79
8008.71
3940.25
7096.29
9828.61
7606.91
8792.31
9630.58
6913.51
11612.5
4541.49
10664.1
5892.65
16812.3
10964.6
4198.44
5232.33
7947
5500.76
5919.6
5457.18
21072.8
8672.4
4164.19
8751.01
10027.8
4578.62
12645.4
5110.4
5304.38
9175.75
4366.99
7485.25
3693.1
13723.5
7464.34
4764.65
4701.99
3638.74
11356.9
5438.52
3586.38
5401.07
7051.56
6376.47
5845.37
3926.44
4837.62
6029.79
4600.7
4554.53
7007.94
4149.86
6283.54
7110.3
6641.89
11121.4
4723.36
5552.65
6581.51
5269.63
9078.18
4525.94
7367.68
4127.08
5575.51
4204.13
9828.73
12418.3
5877.9
7935.62
12074.6
9208.19
5324.13
5715.69
5824.37
7198.78
3537.53
9092.04
6179.72
4504.64
5193.12
4208.73
5638.22
7658.73
9631.39
5141.85
10265.3
5481.87
2964.28
6503.55
4814.44
6218.1
6421.96
6257.86
10661.8
3901.21
13579.6
6396.48
6703.6
3839.33
24102.4
6105.45
6821.77
4933.28
8721.18
13099.9
6475.39
7548.08
5087.1
4480.61
6860.38
4893.43
3703.45
20303.1
6664.69
6457.52
7046.72
6664.32
10575.5
12397
5666.38
4728.53
8367.92
10562.6
6791.95
3851.25
6060.92
5426.75
5046.27
6479.92
7169.86
12277.8
7203.58
8341.25
6172.7
4513.76
7109.88
4980.39
8497.72
4322.6
9149.98
10816.2
9599.57
5466.74
13532.5
7664.94
6249.47
13943.8
10086.8
16462.5
8154
8067.4
13620.5
13510.5
32540.5
9834.37
4803.4
5169.7
13418.3
5709.55
5601.68
10280.6
6689.08
13950
5941.96
4370.93
10029.7
4647.63
10442.7
3616.74
15669.7
3567.58
8055.29
14574
5170.66
8500.98
5622.76
8073.57
6558.62
4898.08
4993.5
10444.7
6119.98
10596.3
6557.37
8281.79
8070.35
4870.96
9388.4
6821.8
9621.35
5564.82
17776.5
7613
3560.81
4579.2
8164.78
6632.75
3913.26
4249.78
21593.4
6489.34
5004.3
6567.7
5782.92
4296.98
6517.44
7319.78
9074.64
3108.59
5533.65
8112.6
12513.1
6100.6
7184.85
15561.3
6034.41
5248
6143.1
4424.64
6105.66
8503.59
6720.28
17252
29382.7
9143.52
6336.61
3257.69
12470.7
4514.75
7478.46
6365.39
8986.56
9522.39
8849.36
8606.09
6559.8
4394.53
10575.1
13050.7
6141.11
4169.93
11380.1
6882.8
4877.72
5757.88
3896.26
5301.47
9852.19
8074.69
8410.9
10393
28927.2
5432.45
8362.52
10631.1
8790.06
6525.22
10348.4
12803.6
5306.94
7182.34
9869.85
4516.49
5197.8
10392
5977.69
4619.62
9391.75
18622.4
8163.4
4041.82
9772.2
5374.78
5166.96
6374.88
8060.54
7330.61
13121.2
6607.2
14089.8
6734.89
4815.62
5384.22
6656.72
5404.32
7219.83
6731.08
6602.99
6594.71
6122.08
6532.23
7485.5
12906.9
6522.77
7850.42
14226.1
7360.32
4178.89
8833.35
8845.68
7214.52
6596.75
3679.83
6585.82
24977.3
4661.21
7155
9141.98
5049.1
10522
5721.79
6310.97
7908.4
11273.7
5780.44
4985.62
9888.8
8012.31
11006.9
13097.3
6511.23
11324.8
4350.78
18265
3718.11
6739.69
6079.43
4847.13
7669.06
3943.29
8915.32
6985.05
7524.69
4266.31
11335.4
5372.42
10015.2
7055.49
5701.52
9531.58
10637.1
8289.38
6982.47
5962.41
6364.74
9956.44
4960.51
4922.7
7777.06
4455.85
7792.15
6680.29
7190.16
7869.24
4503.19
4827.73
5308.33
5989.98
3886.11
3852.81
4640.56
4932.87
3948.45
4650.61
6810.82
9131.17
6154.75
9467.34
4950.67
27007.7
5044.46
11022.1
10656.3
6346.41
5426.72
4879.94
5517.75
5644.86
14253.6
21159.7
7224.17
8800.71
6808.58
6745.62
9164.94
5835.06
5957.93
7953.98
5334.18
8566.75
4654.31
5934.56
4391.41
9062.27
10457.9
8759.56
7044.13
4579.08
8686.72
11024
3701.64
13013.4
15453.2
7117.28
12970.1
9462.11
3045.23
7423.21
9311.38
6079.38
4511.4
8318.78
12085.6
7249.67
7623.61
4642.38
7074.58
5440.07
6917.59
19080
5060.88
11871.3
6289.15
5395.14
12290.9
5002.91
5871.13
6311.56
9625.07
7785.44
7569.19
5072.43
3792.62
6479.22
3947.16
9806.06
5924.71
6044.23
9122.85
16134.7
8650.77
5452.29
3480.71
4210.15
7191.89
6815.95
7196.59
7126.76
9976.48
4424.24
5715.02
16526.7
6205.29
4697.75
4828.63
8873.33
6035.92
25974.9
4912.64
9936.8
12849.6
5086.12
8745.4
8293.21
7179.37
8986.8
6448.18
7744.77
5426.64
8805.24
8308.44
16297.7
7277.87
3899.59
13890.7
6045.36
4610.19
8075.75
8530.26
9446.89
13871.7
10202.8
4751.63
11611.7
12206.9
4868.08
5978.89
16050.5
6616.19
12575.1
4986.05
3780.41
8426.86
6352.67
8121.53
5646.39
5259.47
6420.47
5873.01
8003.25
6143.39
6396.25
11981.5
7907.53
3880.2
7886.18
14109.2
6165.95
14466.6
6013.23
7752.43
4590.34
6895.86
5804.66
5198.32
7011.71
4795.64
4909.75
9599.85
4117.1
8638.89
10702.4
5231.36
6203.77
6407.03
5822.78
7051.83
7269.14
4700.91
4726.3
13207.7
5802.68
8942.51
5489.03
7178.52
4236.47
6310.53
7429.75
6783.29
10183.8
3991.28
3966.9
4288.63
4983.61
8921.26
7556.92
6065.59
4396.05
7233.78
6810.94
6526.87
12475.5
5814.43
8658.63
6225.83
4075.89
10447.2
4425.78
5410.41
5357.52
17658.8
18272.5
4700.59
10022
8433.61
3362.47
4091.65
6280.14
4927.5
5370.76
6726.39
5522.09
8885.85
10510.2
17275
13803.4
7601.69
4506.22
4649.42
5701.12
15618.9
5328.76
4649.92
5914.23
6143.95
7334.81
8395.11
7852.42
5567.63
7768.98
8782.83
12890.1
3946.84
10017.1
5040.51
5708.88
8831.55
4491.08
10448.4
6918.42
4956.13
5477.93
5539.9
9288.38
5888.34
6439.85
4457.51
6720.49
5236.06
12686.5
8035.87
7295.18
5314.97
6821.85
6763.79
5832.44
5008.8
7776.6
12145.5
11596.6
5979.99
5862.15
5358.11
8474.4
4238
19607.4
12997.1
15990.6
5420.95
4852.42
5759.15
6258.36
6169.59
12471.1
16588.3
10310.5
5519.65
3861.29
5226.92
13924.6
6383.18
4494.42
7956.12
4107.52
6260.25
6902.62
8171.42
6435.36
5087.87
5862.84
10820.4
8488.09
4774.19
9722.4
3806.53
5610.52
15393.2
7139.97
3009.74
6711.46
4032.97
8390.01
5642.28
3848.51
10841.6
7358.84
3725.97
15158.9
4696.69
5303.89
5764.38
7524.07
10767.3
4668.07
10344.1
7591.06
6328.64
6076.57
5755.18
6859.63
6650.75
12269.1
5925.21
11696.7
5724.49
5698.4
15615
6431.76
5121.71
11174.1
6709.79
6732.54
12173.1
5755.25
8194.11
14817.5
6003.25
6976.68
9586.26
9423.99
4648.79
8510.95
6859.52
6453.33
5938.58
9471.61
5125.42
4830.05
9320.99
4379.22
8856.4
6097.54
4082.16
7662.08
7110.94
18354.2
13367.6
4394.26
5097.71
8482.07
8629.43
7047.11
4367.68
6294.5
8049.8
4679.42
5400.25
9178.5
5381.93
6117.73
5170.49
7316.47
7452.77
4918.89
6028.14
7982
9784.79
10038.7
6595.77
6854.01
5533.57
6230.81
7057.59
6397.72
11365.6
8902.47
11050.8
7307.33
4705.17
5929.53
4944.92
4538.14
7412.65
10815.3
17481.8
6580.03
5798.49
6471.34
7121.21
4120.09
6098.7
5545.25
11097.7
6660
11049.9
5558.31
11622.1
17551.2
5283.17
7504.39
13419
4274.25
7785.58
6715.61
17571.8
10159.9
7517.06
4062.67
14616.9
5295.8
6194.64
10582.6
6381.22
8164.61
11345.9
3968.88
9343.38
9034.83
7719.59
7755.39
6880.65
6782.78
7797.41
6505.85
5473.19
7347.7
12687.4
4500.16
8014.01
7596.92
9486.94
5842.12
6700.79
3895.2
5252.32
9795.89
8732.89
5364.68
10332.4
20209.9
7745.43
17313.9
8710.04
9668.86
6915.12
6005.76
5747.19
5927.96
6302.72
19623.8
5037.43
11729.3
4509.52
9032.3
6753.62
5587.12
5237.38
4296.99
7645.88
4573.57
7875.38
10598.6
11281.1
5914.07
5985.51
5579.75
9449.82
7508.87
4561.26
5516.46
7831.02
4308.72
8535.93
8085.49
4758.81
10456.9
5433.46
18609.9
4666.47
5175.9
9774.41
6195.53
4297.88
11978.9
5229.01
6787.45
18646.9
5738.47
7324.14
8279.15
10390.5
15943.7
6421.1
6121.95
10426.9
7128.66
5114.4
7020.59
4171.93
4283.61
8926.19
5203.85
10163.2
6053.31
8816.52
17667.7
15177.6
3604.7
5725.91
4464.09
8561.22
3935.04
5241.52
5415.27
7624.26
6639.6
7442.35
12063.4
4631.99
6555.75
7350.96
4121.78
26411.4
12893.3
6004.38
6236.83
7810.94
11179.8
6895.63
7020.22
5739.08
4092.93
6700.81
10309.9
5501.69
8248.96
5698.09
7960.86
6313.22
8249.73
5187.84
9164.92
5318.16
6420.41
5609.19
4267.45
3928.44
7212.07
5950.79
7590.14
4491.89
7974.6
5242.95
3795.1
6320.27
7920.34
3455.43
5254.6
7908.62
9600.04
4341.75
3980.82
5332.09
3646.04
3505.83
6581.15
5074.26
11667.6
6810.65
13930.1
6494.63
6141.72
7203.53
10838.9
7865.28
7438.39
6919
9127.77
5713.87
12052.7
14508.1
10142.7
7026.6
5083.43
4043.17
10738.4
5757.75
5793.98
3720.49
5229.26
7779.4
9970.39
5898.45
6019.9
6017.29
5329.57
7236.91
5617.41
4023.96
6796.98
5215.95
4747.73
7468.86
7242.94
13831.8
10523.6
3017.28
13813.8
4208.17
5350.13
4444.28
34816.3
8955.97
19299.7
4905.1
6421.82
5680.11
13246.4
6130.5
12997.9
4287.59
9129.13
4331.46
6772.87
12541.7
17029.3
4276.74
6734.53
5744.65
8815.99
5376.92
5422.63
17938.2
4561.86
3594.72
4884.29
6233.33
7609.96
5748.46
6694.9
11048.9
12013.5
4631.88
9381.19
6088.14
11524.9
21039.1
5160.47
7403.4
6390.03
4393.57
8022.78
4620.33
5474.82
6458.26
4443.6
11735.8
16591.7
16360.8
4832
7149.56
6498.94
7206.33
4903.07
9120.93
10034.9
4761.86
8883.29
6219.26
4231.8
8161.66
21010.6
7844.3
12780.9
7853.52
4617.53
4351.32
6385.84
8451.25
10781.6
5826.54
7984.18
7198.35
8001.12
5910.38
6825.52
10731.3
4314.1
5632.09
7564.41
11831.9
5843.64
7689.35
11358.1
10822.6
13942.6
5819.11
4860.85
4660.9
5657.38
10451.8
9912.19
6165.43
11287.6
5836.06
5120.81
6426.9
7946.39
5869.43
9111.61
3971.9
6257.3
5633.99
6431
5628.95
8445.45
5397.48
7988.92
7877.85
12691.3
5991.68
8931.29
5005.26
8954.97
8441.81
5558.96
5459.72
25104.4
17248.5
5349.24
7167.56
21101.1
5008.93
5906.2
7548.78
7532.64
5470.12
5118.76
6781.16
6418.33
5254.19
6552.04
8259.41
8700.3
6177.69
8043.21
5253.97
7544
9869.7
7282.45
10531.5
5644.79
6292.77
6771.32
6418.27
4211.27
4451.82
5628.55
5800.35
6288.44
7070.41
3920.94
7035.55
6780.31
5432.5
3963.77
5270.06
5297.29
5309.38
7044.72
6316.04
5671.27
6954.16
6614.69
14943.4
14030.6
5810.6
7969.08
5297.55
7823.92
5010.03
26774.9
12877.9
5006.29
4933.17
4835.35
10462.8
6529.85
8070.72
6350.65
14376.4
10528.8
6635.8
5845.78
4731.09
11404.9
7338.7
6807.11
7879.93
24814.3
6460.08
8226.76
5852.95
4862.25
8457.32
7100.53
6747.81
6292.71
5584.69
6245.19
17489.5
3971.02
5196.49
5227.88
5169.43
7282.38
8958.04
4669.32
3943.99
5599.3
5616.86
6000.03
4783.41
4082.24
9454.74
6732.9
8238.07
8193.85
18793.6
16158.7
5449.13
5680.04
9496.11
11980.4
6298.82
19380.1
7185.81
5167.87
4602.57
15492.7
4502.08
5197.23
14764.8
5839.63
4662.42
6257.52
6785.39
11189.2
7458.36
7339.71
16883.7
7401.9
5643.06
11617.4
5272.87
5083.15
4652.41
5958.4
5181.69
5862.98
6564.62
5133.64
5815.92
5038.82
11202
4976.55
5251
4907.16
8622.34
8402.64
4169.79
3968.08
4218.35
6312.9
4176.82
10097.5
5736.28
7905.55
26395.4
4651.27
7583.3
4877.45
4516.36
7307.64
4370.26
5014.09
7337.38
7491.27
6182.54
11930.5
7719.23
9913.11
3333.96
7528.72
9047.64
8434.15
8906.56
5444.14
8888.24
14418
9118.1
12147.5
8528.78
10347.3
6042.77
3421.33
14387.6
5178.12
6826.13
5008.89
6714.61
5157.77
14055.8
4824.24
7214.47
5660.61
9608.57
7834.14
14882.9
14840.3
5156.62
7035.94
5692.7
5602.24
9002.02
3262.72
9121.49
24716.5
4825.39
5478.32
7758.17
5830.58
9621.48
5967.58
5333
4737.79
10556.5
5786.74
4012.32
5232.91
12826.2
4634.43
6525.16
7089.21
5317.49
9785.76
6262.75
7332.43
11736
4440.72
7286.74
5212.09
6558.3
9852.08
9939.49
8312.25
7520.03
5848.91
17646.4
6486.08
4687.76
6184.67
5801.54
4047.18
4681.3
5289.63
10567.9
3084.28
6288.42
6937.52
10193.3
11425.5
10658.7
6166.12
6374.9
6921.04
4243.27
7763.03
13669.3
7740.58
4691.22
6027.63
9702.28
3719.62
8392.52
7051.14
4893.94
4569.57
8234.02
7893.46
5028.78
8890.15
8240.02
18423.3
11759.1
12951.4
5960.82
11193.6
5080.57
5289.69
5516.21
7235.8
4539.45
11210.3
8721.48
10037.9
7306.91
4644.78
6026.11
5343.46
4075.03
17966.7
16863.7
4911.64
9834.75
6945.96
5997.73
5187.63
6810.74
4907.47
6300.95
6478.99
6377.8
13622.5
9719.16
7737.84
4593.41
5417.03
16534.7
5965.58
7298.87
21700.5
5267
6673.96
16507.4
6043.77
4484.89
6116.35
5966.85
6340.51
12267.3
11315
11823.9
5408.67
11865.8
10143.8
5799.17
6684.4
6417.44
15288.5
5811.88
9966.81
9943.54
6554.75
3351.29
6343.36
3566.2
5765.13
7999.55
7375.36
6095.58
14443.9
5582.42
9486.09
5641.34
5508.28
9921.46
11664.8
7158.03
3919.93
4890.19
7012.1
6854.4
7915.34
8661.32
10763.7
13474.5
7509.91
8732.03
7070.29
8967.61
8615.4
14308.5
7614.34
10279.8
13193.8
5645.4
6633.26
4018.54
3716.95
6948.36
4627.74
10694.7
10418.2
7381.64
5323.13
6420.5
7997.38
5686.36
13171.4
6146.67
7456.93
5566.91
8219.14
9813.26
7881.02
5829.73
7571.73
9679.67
3897.04
3892.69
6355.03
8634.99
4746.94
9062.91
5896.94
8618.05
5739.43
9414.01
3074.34
7905.18
8863.26
10691.5
5377.76
9309.72
7782.87
5985.89
6727.65
5716.3
4981.69
7897.84
7574.9
4060.66
8085.6
4585.08
3769.32
12573.8
3466.63
5686.43
7501.91
12434.4
6487.55
6712.19
7391.06
3681.96
4967.98
6106.05
3992.26
4662.98
5066.54
6062.75
6187.75
8834.09
5630.45
8747.02
12550.6
7625.11
7814.5
4969.51
10845.5
11690.6
6274.69
3570.62
7658.66
6620.78
4706.79
4862.89
10349.1
9650.36
8637.74
6119.22
16912.4
6193.62
9808.63
9552.55
5374.17
8846.14
4411.82
6798.09
8340.83
6643.81
5182.81
5254.94
3689.68
5570.82
4078.29
9638.91
4833.29
6542.97
7014.24
8253.02
4930.12
6710.73
5283.49
5862.64
8441.42
9554.76
6616.23
5555.58
3842.88
6504.73
3444.71
5298.61
25367.2
11416.8
12053.9
6757.19
6355.33
6888
7245.96
5806.31
5437.37
7821.13
4997.12
9588.4
4536.79
8140.28
4873.12
5754.59
4867.89
5498.31
6801.87
7505.86
6612.11
9482.29
4671.2
6805.92
9013.32
8904.76
5800.14
6077.11
5071.53
7124.15
9699.23
4500.62
8161.07
4063.75
6501.13
6862.21
9608.07
5190.38
4561.8
6406.99
8147.29
4521.65
8278.04
9537.93
6474.42
19642.1
12773.8
8469.71
5111
7428.38
5922.09
3669.9
5585.2
4998.97
13531.9
6877.61
15262.8
9767.13
6227.15
6844.49
5247.71
19260
34183.5
8577.67
5714.26
8952.8
5088.57
4041.09
5627.66
7903.24
5692.4
12066.1
5610.09
4565.5
3966.39
6989.47
3912.31
7868.26
4535.42
4064.57
5067.17
7076.35
4980.23
8890.78
7095.21
5293.11
17899.4
6003.88
4734.13
12617
6993.59
36650.8
7273.12
5684.18
6638.9
7787.98
12008.6
11770.7
7295.08
9324.25
5082.23
11730.7
11280
5548.33
4747.97
7671.63
12352.5
5200.65
8221.89
4357.63
4962.63
7451.61
6690.97
5000.5
5789.6
7605.86
11623.1
6133.72
5926.95
6065.8
13242.6
4390.49
5809.9
4952.76
5517.02
16184.2
3560.05
7695.88
4452.5
6814.33
4572.12
7020.74
4041.44
15031.9
7532.98
3713.92
6814.12
6532.67
4429.38
16778
6313.17
16489.6
17859.6
6970.83
8806.17
4312.33
6892.4
11685.6
4888.46
6945.97
8043.72
5527.41
3738.56
8328.02
8626.53
19958.2
12643.4
4830.07
4336.79
6895.98
5809.08
6848.42
5047.32
7842.93
5087.48
13905.3
5011.76
6580.39
21051.4
7540.93
5919.8
14908.7
5352.49
6434.99
9054.32
6184.19
10144.1
5804.9
6867.83
8782.05
7355.05
7893.47
9051.31
11056
5389.81
6586.19
5099.95
6688.34
5239.51
5092.56
5797.48
6892.27
4793.59
5337.89
7831.13
7430.22
4349.65
4225.02
10373.9
6039.86
3851.53
9688.49
12468.6
5650.06
22753.8
8935.48
10441.4
6808.81
10258.5
8036.21
3887.76
9760.5
7067.13
6295.26
7247.32
5357.48
11249.2
10102.7
4349.22
5310.28
6170.51
6983.11
7143.16
3811.83
10419.2
5716.75
3857.33
3569.59
7310.96
6497.36
20918.6
6178.03
11723.5
8564.29
3690.82
8362.55
11030.5
9334.99
28587.3
5372.37
7938.58
4491.95
5501.54
6480.84
5873.26
4050.7
9022.67
7380.05
6338.88
7471.54
8426.81
3575.87
11273.7
6892.92
7040.98
7755.26
5219.18
6312.96
7543.42
12647.5
10710.6
4463.05
5487.71
5430.96
5901.04
5775.57
6300.91
5232.17
9691.58
6730.33
5727.54
7733.99
6930.07
7958.54
6777.17
6711.45
9275.05
5155.78
6183.69
7123.61
9169.49
6235.72
13615.4
6233.77
6857.74
12673.3
5900.65
7264.31
8417.81
9381.12
4666.69
20222.4
4471.37
6095.11
3704.22
3929.75
8722.83
4875.52
4238.45
23417
11154.2
8148.45
4707.64
7375.93
14671.4
9245.83
13886.8
20545.6
5265.48
4565.23
4161.26
6391.4
17792.4
5182.53
8546.69
4481.12
6056.63
7094.53
9867.27
4750.38
11120.8
5367.69
5680.71
5729.42
4499.88
6557.16
5784.44
14681.2
9884.22
7341.45
9450.47
13501.1
8596.91
7301.9
9083.62
9361.19
7489.11
13983.3
3669.78
5877.85
8650.53
5685.29
6545.11
9486.23
7399.6
6347.06
7093.61
7928.21
4975.51
13456.4
10727.2
4095.76
4916.78
5108.99
6277.04
6571.72
4575.39
5801.48
8166.12
5267.45
5819.57
6416.63
6021.32
7652.51
6366.8
7951.15
6246.2
8106.44
7750.05
9453.25
6770.87
12368.1
4797.79
3552.31
6361.09
14655.1
9362.48
5064.75
4044.68
3938.13
7212.92
6213.96
9649.29
6379.39
9960.18
5051.97
17588.5
5390.21
11548.5
7708.99
9603.05
8241.99
16365.7
10283.2
5963.47
8191.91
14751
4957.48
15627.9
7284.22
4450.89
9338.55
6945.81
4868.31
14939.1
4919.58
4869.91
4765.73
6528.68
22199.7
4910.63
9831.4
9884.77
10378.6
6263.57
6905.54
14685.8
4367.34
5099.24
4044.02
4918.51
12784.8
6142.46
8258.32
3686.29
5191.42
15639.9
7081.92
5161.17
4934.95
12908.4
5279.88
3859.03
6560.11
10852.2
3822.87
20173.7
5380.81
6828.09
6349.99
6675.84
7083.66
5314.69
5746.98
7055.15
6656.55
7441.19
10225.9
6804.38
28615.4
6330.83
12298.9
16008.6
12593
9426.69
4422.58
14631.9
5840.17
3291.7
4264.45
5478.39
8374.5
4303.37
8149.13
5959.51
4054.05
7520.48
5723.28
4690.63
2852.82
9417.12
8304.58
21110.3
3774.81
5169.48
6330.86
10939.3
7692.99
5447.06
7993.83
6657.99
6510.02
4739.95
5339.09
11054.8
5679.52
4697.21
10203.6
4687.37
7535.97
3730.3
6206.14
7221.89
7010.39
11441.8
4406.78
14828.2
7894.86
12466.1
6660.77
5414.63
9627.58
6995.64
8630.42
4358.76
6380.96
4993.62
4376.94
7958.67
7090.06
6910.34
10084.4
5867.81
6928.89
6217.66
16803.2
8409.02
23767.8
4244.89
4702.46
6312.49
6713.45
8946.19
7334.59
11599.8
5804.82
5522.33
7771.55
6159.72
4595.91
3972.68
5246.29
10095.6
8325.32
9112.82
5819.14
5914.69
5913.24
6098.76
7434.66
8731.89
6528.61
4600.95
9841.33
9080.6
7403.62
7329.46
7567.62
9533.83
6813.5
11158.5
13057.8
13551.6
5031.85
8609.16
5164.4
20411.3
6195.3
9251.59
5925.25
7348.29
6285.7
7485.45
7921.12
7833.17
6792.57
9343.2
7356.42
4706.12
9849.76
7956.33
10188.5
8554.83
4898.47
8190.2
5210.35
4503.58
10095.9
5400.61
4491.99
6086.13
7840.74
7996.62
6559.63
6286.99
14113
4485.71
5921.45
8646.55
7613.37
8800.68
4498.15
6013.4
20225.7
5525.2
9910.95
8065.03
24035.6
3585.07
8179.53
8325.98
4667.91
7052.5
5123.89
8336.94
8043.54
19697.2
16533.5
7107.8
8994.34
6177.71
4958.56
6413.59
6719.06
14810.4
4908.05
5940.34
14292.8
7493.73
17519.7
4966.97
30640.3
5963.28
9344.89
5653.01
5171.18
12257.8
7259.46
6046.75
12376.2
8343.91
7684.88
8576.06
9414.32
8122.54
7108.35
5826.83
6295.76
5459.1
3824.78
6230.74
21668.6
4208.28
3539.73
4407.36
7223.92
7477.76
11142.2
6796.34
11122.6
3672.84
5390.47
4629.23
14703.7
7630.79
4027.01
4799.08
8490.75
8572.1
31079.2
6991.84
12478.3
9660.26
4178.07
9965.37
5922.06
6568.94
9449.64
7744.38
6725.63
7125.11
6341.71
19278.5
6910.31
5056.55
6307.46
12191.3
5726.76
10645.7
5966.25
5347.04
17880.3
7858.08
6274.73
26453.8
6199.9
5268.95
9494.14
10613.3
16471.8
12289.1
4898.14
5601.76
13346.1
6160.1
5054.86
3867.38
6298.18
4644.35
5666.5
6256.07
4370.58
7111.02
5383.15
4741.23
6017.46
6182.78
9412.14
9322.21
7499.66
6657.86
4528.8
5580.72
8615.97
4702.48
17172.6
5430.75
6728.4
10127.6
6657.98
5729.91
5667.19
9737.55
5536.63
11598.5
4256.89
11771.7
7683.93
7578.09
4319.28
4846.28
6956.17
10902.2
9563.56
6952.56
5080.16
13204.6
5483.96
7749.4
9185.28
6759.41
5999.77
22237.1
5236.1
6269.92
4847.96
4492.95
6932.06
11280
9644.95
5851.32
10327
6708.91
10356.2
3655
3843.59
5178.99
7523.58
7720.12
28810.3
6040.45
8132.97
5849.41
10792.3
9407.12
7480.37
4479.65
4728.76
9663.01
13882.9
5494.63
9381.04
13855.3
7544.51
11881.8
5276.43
8480.44
20381.6
8600.17
6175.58
4961.06
10269.2
18270.1
7038.01
4492.54
6405.57
6732.64
7668.53
4886.07
4844.09
11284.8
8785.71
5389.84
6437.19
6380.45
6485.86
4551.66
4636.31
9215.41
7369.43
7733.12
11689.2
8719.54
5926.89
6264.67
7881.13
7139.05
6780.65
5850.2
9606.56
8098.72
4503.21
4741.54
5740.13
6955.63
4037.76
7925.52
7682.6
4563.88
14840.6
11340.5
4169.9
5858.52
4719.29
5114.73
8063.86
8524.02
8119.67
5419.77
6262.24
35200.4
3414.73
7080.07
12774.1
6852.63
11638.3
4709.99
7624.19
19327.9
7556.92
3247.01
5599.86
6585.65
4436.05
4786.35
6026.48
6824.9
4264.43
6336.57
4125.21
9532.56
4752.89
16696.6
5760.92
7974.74
3315.07
6609.66
7129.39
7056.19
12474.2
4388.71
7468.53
4691.56
5630.09
5009.77
6193.67
7101.23
5622.66
7863.91
5876.74
7006
10623.7
9242.48
6337.02
8009.39
7461.44
5492.19
10230.9
4544.57
4532.53
12861.2
12309.6
7802.31
9367.35
5420.5
13296.8
6238.44
6305.62
5822.35
13403.5
10331.4
5626.33
7665.91
6218.22
6968.8
5283.97
5296.94
3434.16
8973.24
4098.97
4736.41
5788.67
7649.06
6177.9
4817.96
10809.9
6293.16
6638.25
7208.9
6779.17
7180.05
12005.7
5624.83
6839.69
4302.34
8318.47
9056.53
7006.81
7416.63
4342.72
8179.39
9164.09
12611
7225.93
4749.23
7128.59
5966.05
6211.34
10345.8
4862.26
6496.6
4128.91
4214.96
6226.93
4113.85
4806.89
6765.08
6728.57
6842.3
13336
11060
3412.23
11581.2
7221.69
16152.2
5884.75
10257.9
12601.2
6535.97
9682.94
27752.8
3836.26
3953.13
4858.47
7384.93
5939.45
9529.65
7259.74
5768.42
13466.2
8566.7
7371.94
5408.28
5241.83
26144.8
7791.08
6525.27
11042.4
4602.62
7626.46
9953.33
6083.06
7674.72
6024.71
7639.04
7402.61
9549.79
6762.31
5542.55
6623.23
17857.1
8504.28
6655.52
5956.97
11501.5
5511.29
6771.16
6119.45
11943.7
3889.32
13312.5
6911.41
4860.51
6749.34
4335.95
9860.94
7069.94
4524.19
6192.47
4858.88
7901.81
6499.56
17401.7
4069.44
14034.1
3606.49
12307.9
7312.42
4174.94
5867.08
6252.38
8782.64
6251.6
13816.4
8104.92
6843.78
6962.98
11142.6
9125.1
5169.84
3980.12
5124.24
4452.2
13099.2
7107.15
3446.14
5615.49
5888.43
4965.52
4786.44
4674.21
5363.92
7367.14
3689.17
6523.14
5555.75
6161.97
12003.9
7365.31
6965.69
3516.19
12174.8
8364.44
10952.2
5617.04
6833.72
8375.62
3287.16
10432.2
4963.04
8122.59
7025.51
4371.52
20689.9
10717.2
3965.5
7905.18
4487.94
10362.5
5517.43
5765.53
6784.71
6728.08
5019.94
6319.19
6842.8
5147.15
5120.95
6579.18
5392.66
6467.19
7135.37
5623.61
5406.9
7552.6
11066.6
6937.88
8452.5
4978.13
5736.81
4682.25
6760.85
10559.2
7298.51
4864.99
8796.33
5696.09
6562.52
8308.82
5195.15
20343.4
19719.5
12008.3
2982.81
4976.15
7341.08
6547.83
13153.8
4900.56
10330.1
5452.65
6935.76
4919.77
6116.94
12930.7
4921.58
10572.5
3488.24
9178.57
8168.52
6588.47
7790.97
8499.21
5775.05
6508.69
5578.44
14269.2
7261.9
5653.21
9880.29
3652.02
5283.38
8563.2
5407.67
7959.58
4406.65
18923.1
7815.43
6379.39
7084.86
6947.37
3588.59
12228.2
15216.5
6020.42
13436
10149.2
5941.55
7650.29
6514.26
4326.37
9611.21
14312.9
8868.56
10110.5
7909.63
5407.91
11759.1
6696.79
6491.39
9097.14
6853.79
5879.41
5022.06
10361.3
6914.12
5593.24
5212.46
4637.31
11834.9
4966.67
6551.11
5514.72
8155.24
6812.11
6615.76
7358.45
9147.15
4784.42
6536.02
5049.35
8532.38
8227.46
4494.15
7337.08
8114.67
6280.11
7107.37
11806.7
4299.2
5329.29
6245.58
5142.78
5730.75
7325.16
6178.58
7184.55
6874.33
5487.7
9283.53
8013.5
4547.93
5326.89
10547
5926.07
7504.07
8415.8
7703.9
8826.93
4948.62
11087.6
10465.7
3983.09
8808.01
10173
9458.48
8827.83
4840.55
6603.17
11091.8
5895.99
9404.53
8184.84
5769.44
7838.07
7429.84
4560.13
3957.04
7773.58
4780.24
5826.24
7495.27
5252.34
6131.31
10250.6
4985.09
11280.7
8252.77
6838.17
8539.16
5143.77
5115.55
6942.07
6274.11
6791.09
9529.04
8404.04
5963.25
6247.92
7149.92
5909.3
7030.69
9390.79
9584.85
16713.7
8380.01
11579.6
5098.02
7707.01
6343.29
4093.67
6831.35
6117.4
6524.55
10676.5
4747.11
5516.79
3941.8
6999.43
9605.44
5018.31
12913.5
4390.32
13437
7318.54
4169.67
5170.04
11215.3
8261.49
4314.19
5299.84
7011.82
4753.99
5943.05
5118.47
9871.38
5032.44
3936.21
6870.65
12105.4
5381.77
10262.7
4628.05
5236.16
6235.67
5584.04
4883.1
11390.8
9281.44
6079.71
5321.31
5657.16
5668.16
4144.92
3203.03
4725.08
7607.17
5845.23
12683.5
25314.2
4663.85
7135.12
12553.1
5505.28
9750.27
6920.79
8959.51
7713.39
5075.19
14250.7
6150.45
8269.87
5119.95
4461.54
3803.05
5863.69
7352.68
8143.99
6780.96
5868.56
12694.3
6545.3
5016.83
8840.04
13366.2
5550.3
6179.52
6293.52
5310.45
4531.62
6367.67
5051.15
8734.2
7992.09
4008.1
4592.94
6377.1
8075.3
22034
12026.9
5999.96
10379.6
4522.6
5671.6
6581.88
5924.21
4561.88
4276.25
7671.2
7611.3
7187.97
4036.98
7348.96
5720.28
4995.61
4613.84
5497.44
10551.8
12362.3
5348.49
5798.85
4421.04
8467.75
10062.1
15420.5
7758.68
8095.3
11001.8
8461.9
6632.62
9171.4
7726.91
17691.2
9401.05
5096.11
6345.19
5212.33
4762.54
8496.96
8955.46
8918.53
3174.29
3600.26
7224.44
4943.33
6655.82
7409.01
4824.52
14968.6
18431.1
8767.55
5330.04
5098.65
5164.09
5872.16
10899
7583.71
4599.09
8389.83
7987.42
3943.67
10656.5
7310.57
8868.15
17796
6766.01
6460.08
5042.71
5738.38
5570.73
8056.87
4325.22
8949.74
4141.83
4295.67
9840.89
6177.37
6471.18
6161.4
7768.71
4129.93
12165.9
4434.05
8293.15
6661.36
7987.15
19620.2
5240.93
5462.64
4294.73
14868.8
5303.51
12811.3
4407.76
8873.69
12103.7
9716.04
10354.8
3705.27
6134.73
10191.8
4674.57
9324.62
7557.06
5334.27
9700.48
10424
7486.57
5854.52
8337.03
3953.5
5500.41
3912.27
6378.18
9866.62
5743.81
6294.47
8419.38
3832.06
4503.62
3610.62
6491.73
5556.06
5640.98
6262.67
4216.67
5773.37
4807.68
4481.79
6339.95
9804.68
14596.1
4858.92
6097.88
4930.76
8551.84
5739.95
5678.48
10198.3
4338.29
11934.5
4323.65
4882.7
5715.87
6523.17
5811.2
5805.73
4961.34
6924.21
7464.34
7425.13
4029.56
4952.75
6259.58
9687.65
4674.09
6275.44
5393.45
4760.89
4493.2
4523.47
6450.15
10121.6
7046.53
6052.59
4049.08
8061.28
11453.4
4612.96
9064.88
4614.53
5564.89
4243.85
4238.45
5567
9750.97
8782.7
4865.59
3634.7
8390.56
9734.83
6065.47
12140.8
7898.66
5858.65
4873.85
3978.99
9536.93
4189.14
6940.34
3582.23
3247.67
7292.71
8932.89
9592
6918.39
8859.83
9328.92
4655.67
7112.11
10141.2
8033.05
12383.3
6422.39
4965.17
5621.89
4688.65
4984.68
5346.65
4281.68
9610.26
4504.78
11820.7
11161.8
9475.83
12623.2
3885.21
6965.29
5344.67
8842.89
4518.5
15354.1
5265.25
12104.6
10646.8
7148.14
5750.84
29094.6
4640.69
4325.61
4071.62
7710.4
4574.31
4159.03
8818.11
6268.9
13061.9
6681.13
6951.81
6578.35
5046.03
4890
13476.5
4641.72
7490.82
7583.36
4441.59
9805.12
7020.09
7205.47
5486.47
3413.51
7980.31
8183.39
8013.48
7356.31
5315.44
4295.99
9948.76
9013.36
5436.5
8204.39
6688.52
5235.36
10318.1
6645.29
5265.64
6058.2
8465.91
6633.38
6404.52
6164.47
5775.19
4625.43
5242.59
5299.18
4369.94
3511.57
10514.5
7813.18
10020.9
7820.88
7120.82
8194.41
5117.93
3897
5721.42
3717.74
5546.44
10136.1
6388.64
11044.6
7235.18
7315.77
4662.78
4265.14
14216.2
4872.25
8131.99
7115.94
5745.41
22744.5
8750.14
7098.08
4725.76
7676.69
6371.55
10661.1
5972.84
6876.94
3730.39
10447.4
10536.4
6112.6
6262.1
5304.42
5705.08
3816.86
10059.5
9257.02
8813.04
7427.06
5633.1
4734.92
7896.42
12315.3
4343.89
10420.6
4870.74
7345.92
4862.86
8993.92
5312.27
7688.38
6415.87
7506.12
11754.6
3584.83
3478.21
4337.16
10430.6
8900.44
8021.38
8266.94
9273.76
4976.12
4431.78
15260.6
7433.02
6749.07
6754.72
4345.03
6423.94
13208.4
24262.8
10815.2
4514.09
4147.58
17202.6
9275.98
4215.08
24270.9
4615.49
5129.39
8905.44
3427.56
8451.4
7202.79
10806.6
8718.58
4991.8
6449.14
7440.73
5665.22
4925.97
5502.96
6470.85
4663.1
9522.19
6727.27
6853.98
3688.53
5314.4
14034.7
9880.94
4411.44
6901.31
4494.59
6012.86
6563.48
4115.59
8379.86
10586.7
7376.45
13021.5
4747.97
14717.5
12151.7
6206.16
3911.81
9098.42
16012.2
4249.86
19726.4
5721.91
9440.88
9050.64
7407.05
7053.47
10636.1
7745.61
10930.2
4869.95
6041.45
10185.6
13133
6815.57
8720.05
4723.42
13670.4
6679.34
8377.7
5469.14
8350.86
10999.8
4149.17
8587.08
9276.15
4845.73
11528.5
9178.89
5270.35
6444.01
8647.13
7178.96
5020.43
5288.42
4790.99
6692.24
5837.51
16693.6
4517.93
17911.2
5340
7931.81
8638.49
12222.1
12577.8
5896.18
4535.64
4463.27
5556.8
5080.4
3899.33
6142.96
7813.13
11785.5
4415.71
10181.1
7391.14
4701.22
5790.5
5836.86
6285.97
7560.78
6262.29
8135.08
7277.39
10223.9
9498.21
5749.68
6632.86
7660.08
6056.63
8307.56
8768.1
8426.28
7079.23
7908.79
7681.35
6581.87
4619.19
6767.1
4281.23
10893.3
15818.3
9688.56
9344.43
9145.49
18045.8
9520.34
7771.71
7911.21
7057.65
7277.98
5005.41
4752.29
11313.5
4458.34
4511.67
7577.88
5570.78
8763.85
6050.02
4946.15
5066.99
9401.36
7255.61
6863.48
10482.5
3774.22
5822.4
7391.55
19698
6491.25
4940.03
6577.36
6812.91
9653.88
6209.04
5454.87
3767.09
5252.33
4424.54
4586.89
16181.6
7521.49
8975.28
8621.12
5995.87
7928.42
7694.21
4562.71
6796.9
3777.37
9538.4
5500.2
4646.83
5158.62
5258.22
6487.89
9791.7
5137.41
8076.21
10751
13794.8
5360.32
6349.7
4304.69
5451.7
5009
7325.31
11529.9
5197.88
7138.99
10386.2
12958.8
6148.62
9327.35
14226.6
5976.58
6295.44
4390.46
5314.85
16273.4
6571.96
7693.01
11887.4
6096.06
5512.99
10192
5368.99
8200.57
4762.07
5421.19
10158.7
7037.66
4860.15
8448.97
8327.1
7043.24
6754.18
10909
20639.9
3421.85
6617.51
4149.26
5843.54
6117.9
4639.4
6182.91
8097.05
5655.19
9657.6
4491.65
3841.59
5994.31
4259.62
5421.16
5714.73
6454.07
11628.7
3617.88
5682.61
7226.17
7643.52
8517.53
5232.04
5565.56
7183.91
5444.22
7141.5
6987.46
7636.28
5673.61
6880.92
2841.97
7822.07
4858.98
9519.56
7238.93
5478.8
9050.35
4850.51
10767.5
6293.01
8002.15
6753.75
5273.21
4788.59
4478.36
7411.66
11117.9
5117.46
5539.06
6448.91
12801.4
6294.72
5136.98
4383.61
5565.41
5117.77
5400.83
4656.08
4188.83
8422.35
20549.3
4793.1
6398.33
5089.77
8262.35
4627.74
9354.43
20435.5
11301.4
9635.95
5342.46
6761.07
4799.19
16016.4
7696.92
4455.26
5594.57
9139
4584.6
3200.91
5647.04
5721.46
9260.94
5360.21
3594.84
6478.25
8805.87
16282.8
5997.85
5183.6
4891.16
5139.52
10109.8
5212.09
14928.6
10329.5
9961.75
7637.91
5407.71
10245.1
5206.54
4144.57
5194.26
13590.2
5960.31
6507.06
6557.6
6423.94
5189.29
6321.35
4707.84
11493
4003.83
5034.81
4115.13
5580.99
8142.23
13324.1
8902.93
6557.43
10088.4
13116.9
6564.94
6040.72
6185.4
9576.48
9434
8029.01
5459.41
26231.7
5905.55
8094.78
9848.39
4334.58
5874.73
8897.01
6718.27
7431.43
4739.43
4676.02
5167.45
4614.69
6611.56
7029.05
17373.3
9444.09
3673.68
7974.3
4496
5943.48
9286.05
5217.57
7587.62
8103.42
6033.61
8108.57
9928.83
4605.21
7041.45
6156.5
7311.97
16969.6
5752.66
8284.97
5630.7
5482.9
4808.53
11077.1
4791.96
15443.8
15989
6321.93
12331
6485.85
5806.17
3332.03
8497.02
4648
4192.46
9222.26
5438.94
6167.81
6466.48
10743.9
6915.76
15746.7
5357.62
6023.65
6523.2
8058.17
4142.28
6006.98
3883.74
4816.1
10430.4
4554.47
10846.3
4157.66
4733.88
4268.83
6701.78
6173.73
6280.77
4527.98
6596.88
9783.58
6004.48
6327.81
6520.77
7972.99
5167.18
23956.8
13498.7
7406.13
4629.08
4206.8
12773.4
7502.03
4752.86
6408.34
11788.1
13146
7224.39
6178.2
9260.02
14226.4
28976.7
8219.33
4197.69
3987.86
6370.3
6051.15
5001.79
23100.6
7539.63
5164.13
10298.7
9324.46
5163.96
6847.83
16408.8
5390.57
8132.65
5913.17
7215.27
5317.85
19252.6
6260.84
12004.5
6363.12
19076.5
5583.21
4295.65
9559.66
6037.39
7771.68
4999.83
4673.73
6120.57
4984.68
11699.6
5630.52
5436.97
9682.35
3006.66
15244
10146.9
6696.1
5673.33
5730.89
5628.87
10348.6
7470.53
4134.44
5543.44
5765.19
9134.07
4575.73
7546.35
3620.02
13051.4
5921.8
7371.57
4692.47
9925.3
3614.5
6213.91
10640.5
8739.99
8782.33
5786.95
5390.24
9856.87
6202.48
5014.51
8469.25
3517.85
3761.23
11841
7770.76
5573.95
4440.3
11857.7
6300.81
4253.78
4945.55
7159.19
5332.45
5563.16
7735.41
8834.26
7484.44
6575.21
4248.09
10929.4
16685.1
10517.5
5670.86
12086.1
7081.8
7510.21
4776.49
5880.41
5579.5
3448.15
7409.8
4832.41
5397.46
12985.9
9169.83
12930.6
6201.98
3737
5775.64
11473.7
6865.56
19979.2
6393.18
4759.55
4480.35
8314.12
17758.2
7152.92
7821.41
6327.76
8483.71
40575.3
4800.44
4656.14
6822.37
4178.81
11746.8
14456
4246.65
10591
6618.21
5218.22
6987.62
7382
5507.37
4565.65
6581.14
4207
5196.28
7926.95
10286.9
5650.17
13561.7
14738.2
8181.44
4845.33
6413.97
9213.35
8048.14
5081.53
5219.42
10080.8
10767.3
4014.65
6641.34
8027.87
7833.37
7205.73
7712.35
9125.44
8748.02
14328.2
4855.71
15091.5
6769.01
4938.42
3803.77
6569.28
4040.56
15866.2
4262.78
7866.22
9420.62
4968.47
7874.16
4404.9
4894.35
14195.9
8220.43
14875.7
8087.78
12083.4
7383.92
5320.9
13501.5
6520.74
6982.65
14990.6
7994.72
4738.93
6558.77
11532.7
6762.66
4725.95
8129.04
7495.55
7077.25
10525
7292.3
4892.77
5684.6
4952.14
6293.19
8967.56
5439.44
11008.6
6305.01
6896.33
5797.56
14325.5
4991.79
7154.2
4808.65
6347.02
7424.62
8161.01
5790.94
4065.91
4623.36
5512.92
6270.35
8207.26
5892.28
4012
6343.2
11664.4
5756.19
8441.3
4801.94
15387.5
6455.07
8082.63
7900.77
8263.13
8005.09
6356.74
8251.3
9854.5
6201.56
12938
10436.3
5476.29
4317.8
9484.9
6577.94
9103.5
6377.4
5924.45
5794.23
13180.1
7055.31
8748.17
11471
12941.9
5737.52
5484.23
11327.8
9222.29
15311.8
10873.2
9402.17
7050.77
9838.13
4799.76
11053.6
10547.7
6705.4
4575.38
7076
5679.41
6862.97
8464.61
3941.97
12389.3
4214.67
4991.99
15553.1
6155.85
3654.08
7189.56
4417.67
6634.25
5732.64
6015.94
4304.19
7276.92
22657.8
6008.84
13139.4
4746.68
9614.71
5378.38
6026.23
10476.4
6295.79
4210.26
7132.25
4645.24
6649.19
10151.5
7286.9
8485.13
4637.4
7786.96
6165.12
12383.6
7892.62
5920.2
11928.6
6245.74
4885.9
5965.11
6868.2
5148.25
5211.34
5765.48
3286.73
25523.6
8602.25
4555.38
11068.4
6051.32
5071.23
15464.9
7365.87
8839.5
4926.17
7189.59
17028.1
9745.78
9838.16
9911.62
13652.5
10940.8
4057.8
5281.98
5841.27
5655.42
4430.37
5687.38
7966.97
6409.3
6842.03
5627.23
6801.28
5368.27
4740.96
4013.08
5004.27
6957.8
4186.34
8015.43
14196.5
5546.19
18305.8
6621.07
12266.4
7486.34
4906.38
7832.35
9405.64
11562.5
4167.52
3967.36
3869.57
15296.9
4118.28
8533.1
7178.85
5928.94
3100.33
11012.9
11632
16451.2
5074.27
6823.27
11346
10154.7
7198.53
7844.92
8919.08
5187.61
5843.43
3231.79
13212.9
7823.81
5436.92
10337.5
11980.2
14506.3
6557.47
6898.92
9808.74
10271.8
8750.9
5868.88
6337.93
12086.6
3133.6
9194.85
5596.94
9245.78
11976.4
4508.76
6790.6
5593.97
7826.18
6989.05
6150.78
13184.8
5667.22
5238.46
19511.8
6137.77
7482.34
6479.64
27370.1
4444.78
10957.8
8963.4
7318.62
40253
5322.45
5956.37
6002.24
8213.99
7947.62
5064.63
6997.95
4063.62
5298.68
6194.32
8113.2
8013.68
5725.51
7528.42
6104.75
5804.59
4875.29
3967.91
11100.1
12286
11445
6322.5
10306.1
3985.48
6624.35
9679.5
8276.57
3961.49
5022.83
6809.07
5108.78
4932.5
8278.58
17900.7
10307.2
5346.79
7125.61
3439.17
6542.74
7720.49
6021.11
4299.86
4513.49
7637.77
14951.7
8729.65
5610.19
4881.77
12730.4
6772.6
13306
6491.96
9287.46
4931.3
7471.62
2820.32
6307.75
5657.99
4284.59
9698.8
5698.6
6726.12
5310.48
6307.34
6257.52
14453.1
19738.6
3906.96
6005.76
16834
10183.1
10024.6
9454.08
7740.35
4920.55
3470.38
6913.14
12664.7
12107.5
7433.08
9896.19
5875.6
6209.14
12140.2
11967.6
12093.1
4734.71
7628.58
7263.4
7791.47
4962.98
8268.16
6982.17
7534.73
6526.24
10182.3
7915.48
5599.92
8325.63
4746.5
10048.2
3435.98
5096.83
7583.72
11066.1
4922.37
4451.27
6590.27
5126.48
10603.5
5945.01
5440.42
6778.06
4464.74
5822.6
6319.58
7150.38
5790.71
6355.7
10659
6730.18
5830.8
21283.1
7084.03
7086.96
11454.1
5717.62
4647.24
6230.63
7329.55
8755.02
6760.87
8559.88
4671.51
4854.44
7039.2
8607.27
7266.2
8492.46
3823.65
4664.14
7486.76
8692.48
7927.66
7363.56
6998.08
10219.6
8654.65
4865.7
8774.21
5947.99
7403.55
7680.73
6566.29
6967.91
4437.44
11457.6
11417.1
8716.26
5428.65
6632.23
6567.62
9832.02
6903.4
8108.64
4681.95
6430.15
6222.88
13187.9
7192.79
4965.16
5698.88
7302.34
9880.61
6340.61
7916.11
5289.93
23102.3
7406.65
4231.94
11020
7420.28
10707.4
4378.92
5011.69
7654
4295.8
7407.38
7603.94
6779.53
8164.9
7654.4
8543.76
29709.3
4739.89
7815.48
16239.6
6197.49
5835.22
4440.42
17931.9
8487.83
4042.04
6391.42
10351.4
4961.71
3498.55
6627.95
5247.72
6776.68
17720.4
4341.98
7349.99
6417.8
3346.05
6169.1
4515
6557.04
5254.15
8106.61
7448.99
6004.77
9439.57
8879.45
10016.2
8856.54
21260
8109.32
4646.8
5255.75
4849.13
6785.71
8113.41
5809.26
14455.1
3889.74
5552.48
5412.62
8332.76
3971.89
4906.9
10183.2
11260.1
4651.52
6329.32
5780.76
6154.48
4161.28
4636.8
4626.66
5632.06
8092.91
6120.33
6956.93
6317.69
5505.95
10061.4
4463.65
13037.4
10463.3
5144.22
8219.65
4603.09
5001.19
12504
8841.02
16274.1
4704.81
10463.8
4601.79
6876.25
8280.55
7624.82
5592.91
8464.5
8442.45
6946.04
8231.96
7454.23
4397.03
8728.98
6777.22
8202.86
15241.3
6302.1
7441.15
6259.79
4989.67
10862.4
6330.43
5314.41
5758.99
16076.2
8675.14
6104.29
6188.57
16766.7
5686.6
7123.32
4771.12
4567.62
4678.83
4911.42
6959.33
3925.52
7401.46
5514.49
9519.32
6995.88
5519.11
5856.9
3601.7
15709.5
5130.93
19710.5
5516.15
17281.7
4276.19
6916.01
6005.2
7540.78
4870
11452.9
4170.69
6149.48
7068.74
4301.05
8856.54
4591.78
7055.28
8784.39
5490.33
4824.73
6422.44
4736.64
4840.51
3761.38
7933.9
8545.83
6035.01
5011.85
4711.5
9809.7
7360.12
6328.88
5069.34
6300.58
6371.49
13531
9063.48
7417.71
21525.8
3710.34
21260.5
4071.36
4074.22
5001.03
4798.88
6542.85
7269.33
7496.18
5999.09
8396.04
7044.55
13791.3
4092.84
8806.18
4922.41
5905.58
9501.08
7375.43
6157.19
5180.16
13780.4
10883
5235.23
4578.87
6678.63
5534.82
6005.36
5986.61
6459.52
8526.18
5494.16
8465.45
16976.5
8532.75
5013.64
10086.9
10680.6
8269.28
5984.99
5870.91
6896.4
5707.76
5868.18
5121.71
4617.11
5860.11
4219.95
10737
9763.75
8596.04
16560
5392.15
6958.87
4664.07
12544.9
7885.94
4663.28
6581.59
11387.4
5391.3
8315.64
4934.66
6971.3
6970.55
6138.1
4929.74
9732.58
6965.31
13550.7
5638.25
4648.92
5914.18
8149.03
3918.56
9337.87
7242.83
6855.04
4072.13
7791.29
7447.32
7868.65
