3278.71
6294.44
2341.02
1277.46
2365.33
2559.22
2733.9
2198.8
1534.19
1568.03
1596.48
2405.14
2684.61
2038.71
2012.78
3865.91
2183.09
3260.3
2164.52
2487.33
2476.95
2014.28
2815.1
3060.83
2837.47
5170.15
1777.29
2486.77
2959.37
2839.69
1279.74
2599.43
2858.79
1592.67
2422.09
2433.38
1466.73
1523.15
2600.53
2110.57
1667.17
3880.9
1912.52
2053.89
1770.92
5065.37
2725.99
2171.21
2591.16
2751.83
2544.79
3758.53
3645.92
3170.16
1969.28
2938.63
3580.03
1686.93
2485.46
3403.55
4266.27
1404.08
1970.11
2992.4
2518.71
1884.5
2208.22
2255.89
2295.11
1886.25
2256.5
5021.87
2505.77
2119.28
1998.53
3630.39
1604.39
2578.8
2420.04
2598.27
3030.78
1688.04
3684.48
1427.81
3925.54
2640.96
2292.18
2352.53
1873.03
2324.66
3204.53
1838.63
1959
3390.5
2080.44
1690.19
3916.68
2074.7
2887.57
1654.99
3150.67
2052.6
2859.66
2415.62
1374.78
1431.9
2027.93
1878.25
3176.5
3242.41
1546.38
2035.26
3915.79
1683.06
1780.69
3550.29
4486.25
2475.53
2323.4
1567.26
2810.55
3182.99
2548.03
1576.69
4135.61
2366.97
2152.24
3378.77
1871.21
4722.19
2814.95
7009.48
1697.71
8510.25
1951.49
2602.75
4074.03
2422.47
3494.16
2349.08
3912.9
3579.23
2061.48
2274.69
2295.42
1666.22
2838.28
2243.49
1850.74
2932.95
1589.24
1671.2
1540.89
2033.63
3256.07
2728.74
1917.67
8354.32
1751.4
3820.95
3399.92
2522.3
4889.96
2096.01
4942.17
2421.85
3463.05
2123.45
2285.88
2802.68
3822.78
2454.07
3560.31
2340.85
2013.44
2072.3
1791.84
1855.65
2713.36
1987
2532.08
2293.94
3392.43
5710.35
1679.5
1769.87
3382.3
3275.38
2122.81
2641.14
2578.66
4132.22
2680.35
2499.39
3668.82
4658.29
1522.52
2369.8
2759.97
1876.32
2705.45
6914.82
2568.47
2727.79
1679.7
3996.72
1567.9
4887.44
4483.59
2575.28
2704.11
2199.27
2405.52
2014.15
1760.14
2014.39
3577.37
1339.93
2381.58
2959.46
3396.03
1532.74
3718.47
2404.6
3392.26
2825.19
3286.05
4381.9
2248.44
2925.52
2492.71
6108.66
1827.77
2196.64
1824.06
2263.95
2724.06
2350.69
2046.45
1897.12
2345.46
2958.63
3161.3
2162.09
2684.07
1764.27
1683.63
3099.3
1954.67
3173.25
2220.71
4175.12
1980.71
3289.51
4325.7
3233.02
2459.57
2208.3
2050.02
2590.12
2177.37
1520.42
1661.23
2364.25
3085.18
2564.55
2535.77
2007.56
4841.26
3087.53
2321.97
1997.68
1847.01
2614.8
2242.7
1675.62
1589.48
2876.3
3052.09
3628.73
4539.26
1981.16
2883.02
3886.03
4218.59
2000.69
2547.35
3105.62
1757.3
2730.12
4808.36
3696.78
1927.69
2130.82
6702.6
2212.75
3305.77
2101.72
1799.31
1488.53
2764.51
2089.78
2163.4
2281.12
2241.84
2606.95
1460.22
2848.91
2340.71
1962.68
3894.94
3124.69
3819.59
2216.58
2441.07
2400.45
1447.19
1914.73
2238.88
2046.99
1578.78
2020.18
1985.15
3556.04
3420.16
1723.15
3635.42
2842.94
4939.09
1670.32
3383.09
1762.67
2232.82
2319.64
5308.36
1745.26
2125.53
1990.42
2492
1980.91
3774.2
2077.92
3066.57
2007.71
2368.04
2001.53
2177.59
4576.32
2347.41
2317.24
2530.16
3939.15
2900.91
2223.2
1279.88
5071.74
1856.19
3070.05
3475.63
2850.1
2678.02
2394.86
2128.91
5258.4
2402.73
4270.97
2233.71
3498.18
2276.1
3116.78
2224.48
3394.72
2231.48
3205.01
1483.68
2550.96
2436.86
1717.06
2709.42
2118.32
2607.35
1920.76
2238.14
3067.59
2689.88
6620.52
2216.46
1822.99
2304.08
1961.5
1947.35
2055.64
6099.11
1657.35
3800.81
2788.23
2501.05
4051.94
5497.54
3571.12
1536.3
2325.63
2087.3
3091.61
1774.24
5532.38
2453.27
5245.6
2899.88
2787.56
4047.21
1722.86
3044.31
2367.06
1841.25
2015.4
2152.76
2113.76
1592
1952.99
3698.47
5784.63
2414.51
3060.84
2466.36
2548.16
4934.77
2179.92
3448.76
2769.88
4259.24
4461.35
2520.43
1884.97
2111.46
2823.67
2213.28
3291.41
1845.03
2686.46
2911.33
2405.17
2063.7
2065.84
2308.13
1828.95
4812.04
2358.81
2645.05
2316.55
1719.78
2019.38
3874.79
2943.15
1809.43
1569.23
9054.52
7075.84
1753.84
2683.56
4049.31
2178.44
2081.36
1296.79
3528.63
2631.72
2902.72
4879.19
1836.42
2175.99
1692.44
2453.43
4675.67
1863.14
2205.35
2029.93
3255.28
3315.71
1793.28
2850.95
2406.29
1713.3
2082.67
1715.81
1436.86
3222.95
2039.01
2450.71
2228.86
2397.47
3462.03
2813.53
2530.99
3082.06
3907.54
4159.42
3657.25
2660.16
2966.59
1583.93
2173.22
1895.32
3486.61
2067.48
2191.31
2599.33
1888.54
3563.79
9804.62
2778.23
2930.16
3887.31
2298.42
1685.98
1903.59
2821.19
2310.71
5343.26
3647.43
2474.76
1497.04
2887.3
2548.41
2736.73
4321.75
2250.84
1867.91
2369.77
2109.69
3758.87
1372.76
2498.6
3146.02
2648.76
3112.6
2766.74
2042.89
2538.74
3629.9
4187.96
1987.49
2632.6
2066.27
3286.48
2715.72
3508.99
3496.96
2844.49
2137.18
5554.88
2808.47
2494.85
1523.62
3383.58
4298.35
1406.32
1363.95
1699.24
4447.61
2228.78
1970.96
2227.89
3170.48
1809.16
1633.16
2407.55
2698.03
1917.88
3792.16
3634.07
3911.41
1596.8
1816.87
3323.79
3284.21
2470.78
3309.15
3251.85
2404.49
3437.14
2042.93
1616.31
4599.84
1564.25
1599.63
2744.56
2605.18
3751.45
2167.76
2123.55
3012.64
2424.52
2930.71
1981.1
6989.21
4559.15
1334.52
1980.57
2282.44
2126.87
2156.01
2632.16
3228.64
1982.74
4487.88
2315.13
2466.54
2148.23
3183.71
2177.61
2180.65
3061.75
4180.62
2840.02
1466.51
1898.65
5245.14
3977.37
2423.37
3337.89
2664.7
3839.8
2546.31
2443.28
1508.85
4276.96
5702.69
1604.64
2341.28
4332.23
3609.34
1587.78
2544.55
3079.86
2123.19
1676.04
2668.52
2109.46
1892.84
2366.08
1823.94
2251.66
2354.37
3467.37
3033.83
2432.26
2891.54
2157.1
2536.82
3140.92
1356.75
1924.76
2206.31
4175.3
2316.36
3131.41
6806.4
3980.92
1901.08
3769.33
2371.61
2482.53
1498.63
2349.86
1525.69
3543.15
3981.23
1884.16
2869.83
2471.34
1819.16
3655.37
2156.88
3494.25
2582.78
2880.42
2889.11
2434.27
3160.64
2216.3
2917.48
1747.26
2558.57
3300.55
3747.45
3928.28
1632.24
2866.1
1970.01
1940.33
1722.83
2702.92
1795.67
6471.12
1637.07
4252.34
4832.55
2620.89
2111.6
2883.14
2451.99
3220.93
1841.54
1604.96
2737.85
4999.39
2173.86
2813.8
2491.12
1997.34
2218.32
1725.68
2752.64
3199.63
2187
2193.83
1361.13
5468.34
2006.47
1884.9
1924.64
1710.96
1778.26
2685.39
4258.64
2494.56
3084.38
3419.92
2817.81
2480.29
2560.55
3371.24
1528.2
2527.56
5000.71
9926.67
1974.89
3159.24
3481.75
6043.4
3842.04
2654.88
2501.23
4141.9
3557.54
2828.14
3023.41
3983.12
2292.45
2169.26
2674.44
2668.15
1954.18
1962.43
1880.84
1696.57
4961.29
4018.25
1646.93
2234.53
4241.4
1994.36
2756.28
2240.3
2735.3
2047.63
3442.63
2799.12
4926.29
2654.07
2046.4
1697.44
1561.77
2578.39
1982.45
6357.47
1310.39
3539.96
2594.38
4625.02
3554.9
1732.04
2728.06
2206.6
1428.72
2494.57
1265.47
2778.08
3994.31
2776.69
1560.89
4354.67
3792.67
3041.93
2649.09
2603.81
2297.48
7541.63
2729.16
1784.5
1812.52
4307.21
2067.62
2877.72
2721.68
3515.41
2438.66
6097.42
3634.99
3818.96
3396.34
2845.07
1786.82
4960.17
1637.34
3012.46
3023.38
2433.51
1388.22
2414.55
2121.37
1792.77
2157.77
2605.19
1882.36
2057.35
2140.72
2790.16
2067.17
2067.87
2796.78
2546.99
1808.5
3283.04
3157.29
2768.13
2352.67
2267.39
3753.43
2423.58
2013.76
2267.27
2338.51
1793.32
2600.79
2585.79
2252.68
2403.05
2030.26
2094.55
1860.08
4930.15
1907.04
3838.76
12653.2
2218.62
2347.48
4790.7
2277.17
3153.55
1888.34
2061.41
1659.75
4079.88
2700.42
2794.75
3399.92
1933.98
2634.22
2051.54
3368.79
3290.81
2679.23
2546.28
3425.13
2543.34
2195.41
3904.75
3440.83
2029.05
1752.66
1684.04
2688.79
2438.2
2875.78
2118.53
2567.11
1905.49
2412.16
2503.14
2451.07
1899.15
4471.72
1703.47
4952.27
1557.73
3773.21
4044.63
2321.14
3243.89
6141.48
2239.87
2527.16
1668.6
1899.82
2560.55
3835.9
2681.08
2685.83
4442.47
1898.87
3389.22
4362.53
2174.28
1906.92
2940.92
2486.45
1784.59
1626.36
5073.68
1353.88
7351.87
4504.72
4688.98
2423.48
1853.04
4070.43
3010.22
2364.46
2142.95
2817.51
3154.9
3015.69
1994.33
1619.91
1968.09
2203.68
1897.16
2345.24
1904.59
2743.52
6155.35
2551.18
1850.07
1896.39
1981.92
2694.57
1840.63
4095.39
4432.14
2701.14
2152.73
2477.09
2363.34
1948.61
2279.02
1999.36
2334.78
1565.08
3160.65
7024.24
6207.79
1997.61
2741.24
1812.26
1685.82
3048.07
1856.9
2681.5
2072.5
2158.91
2559.35
3862.64
4713.81
2231.3
7758.66
2488.73
1921.45
2788.05
1820.99
1758.08
3118.62
1753.5
2082.43
1923.34
1454.73
2058.35
2512.34
4890.19
3054.62
3192.28
2967.4
1847.82
1775.7
1799.62
2617.4
1934.56
2594.92
2027.39
2189.08
2731.52
2247.24
3297.07
2357.2
2990.45
1711
2076.72
2135.37
2869.95
3272.11
2538.39
2727.02
2801.42
2582.98
1723.57
1567.11
2986.91
2300.33
1804.82
1566.77
4888.91
2337.71
1516.22
1970.75
2110.33
3933.69
1804.88
2191.21
2026.31
1767.36
2401.16
17687.8
3243.03
1670.68
1790.06
2983.37
4019.13
2549.59
1608.26
3079.44
2348.59
1486.82
1975.28
2137.87
2188.43
1797.9
2516.86
3906.85
2982.76
2212.03
2618.07
7986.31
2673.83
2660.34
2227.52
3473.71
1589.45
3035.29
2461.18
2431.93
2606.17
3699.06
1846.55
2311.73
4919.66
2331.16
1665.92
2345.28
2100.92
3517.21
1496.44
3217.74
2389
2323.8
1948.82
2692.29
3145.26
2892.36
1797.9
2068.24
3269.21
5253.29
2186.85
1872.42
2184.73
4050.13
2902.99
1733.27
1781.82
2402.07
1549.96
3280.56
1753.35
2672.44
2647.64
1866.25
2038
7329.12
2762.44
2164.31
2560.47
2699.33
1582.59
2365.23
1978.51
2092.81
5105.62
1824.88
2651.87
2772.8
1968.38
5033.35
11497.2
1906.42
2052.05
2391.98
1551.15
2762.5
6942.09
1998.26
2098.1
1648.21
2423.39
2040.74
3169.07
1958.72
4637.34
2392.92
2165.18
2166.13
1921.97
3432.64
1766.49
3881.26
2320.41
2126.71
3171.86
2216.37
2984.8
2365.29
2641.92
2425.38
2321.29
2067.38
3952.85
2940.66
1653.81
1861.87
2140.48
2033.48
2096.58
4193.82
2522.27
1740.26
2735.94
2169.29
4876.44
3281.51
8480.51
1831.63
4668.84
1955.04
2286.18
3096.28
2630.02
2182.96
2629.33
5364.57
2879.56
3071.81
2029.41
1928.79
2886.32
3579.7
2070.96
1580.89
2242.7
1900.84
2454.87
1950.09
1667.75
1830.9
3219.36
2398.35
3419.14
2229.98
2025.86
1927.25
2283.79
1578.09
3054.17
1690.88
3155.14
2802.74
1297.56
1454.52
10565.3
2045.59
1569.37
3027.15
2084.25
2952.22
1580.44
2565.77
2688.8
2191.48
3318.51
2040.41
1622.24
2805.86
2163.82
2330.82
1954.27
2533.61
3699.24
2238.71
1803.57
2127.56
2966.03
1983.78
5495.56
3081.7
2578.52
2813.06
3750.64
2171.95
2032.79
1922.72
2838.56
2172.53
3487.98
1886.8
1606.19
5848.86
2270.58
2544.76
2551.67
2862.93
1933.7
3249.59
4034.15
3514.44
1569.1
1860.57
2700.26
1931.49
2386.26
13178.6
5418.47
1929.81
2631.02
2199.41
1508.92
2181.76
1650.2
1926.72
4040.15
2766.3
4297.01
4509.92
2428.78
1484.82
1594.38
1706.82
1728.18
1685.85
1824.71
1651.28
6915.53
2389.5
1821.35
2474.51
2101.82
2812.26
2150.26
3618.5
2171.56
2031.62
2198.57
6444.82
1777.82
1915.34
2696.86
5183.42
1810.54
3849.38
1772.45
3639.4
2845.39
1884.05
3403.71
3574.7
1868.92
3817.48
3850.06
2713.87
2313.14
1713.77
4658.58
4066.24
2592.68
2337.55
1740.34
2194.87
5438.41
2162.36
2332.48
1878.55
3594.47
1557.52
3129.75
2608.59
2022.84
2917.91
2903.31
2621.94
2150.78
3202.86
2272
1791.67
2672.77
3615.24
2231.01
3397.52
2236.36
3765.94
3591.88
2735.55
2485.6
2179.26
2703.89
1395.91
2086.31
1896.63
5629.11
2294.44
2617.02
10415.4
4290.82
2503.7
7318.25
3638.24
2492.77
2010.54
2010.88
3272.19
2282.42
1901.45
4151.93
2632.67
2928.37
2277.96
1510.32
3515.08
2946.39
4005.12
3905.01
2529.75
2591.27
1946.64
2567.51
1638.93
3455.28
3402.93
3401.36
2245.99
1736.23
3669.07
2515.16
1567.27
1399.04
6909.4
2288.4
3477.2
1754.86
2202.32
2409.59
2130.98
2364.37
3487.72
3459.48
1903.56
3307.14
2194.82
2694.36
2210.68
3562.09
3620.59
2595.55
2137.89
1968.23
3932.98
3334.87
6119.68
3602.79
3398.46
2603.85
2745.2
2523.29
2776.97
2556.84
3054.04
5444.04
1922.15
3344
2108.14
2706.22
2242.76
2455.3
4696.35
2856.27
4397.29
3156.14
2337.45
1873.35
2468.22
2268.42
2693.51
2921.09
2131.14
1454.65
2260.3
1884.01
1972.25
2512.14
3476.86
2679.2
2377.11
2037.64
2009.94
2102
2112.15
1596.6
7732.27
2605.43
2484.98
1477.61
2572.73
2828.37
1455.03
2075.58
2123.86
1768.4
1944.2
2256.06
4552.81
3280.17
3170.57
3499.02
4289.69
1910.95
1221.91
2231.66
2151.54
2671.11
2086.26
3887.14
1737.07
2742.14
4220.36
1452.49
2661.35
1546.52
2565.35
4005.61
1971.36
3058.28
1970.6
5728.85
2444.1
3655.81
8237.59
2082.15
2626.27
3040.76
2887.7
2479.84
2319.39
4829.93
2120.82
1897.33
2754.9
1844.97
3025.46
1901.24
2305.81
2387.99
2803.27
2641.84
4443.1
2374.07
1606.7
1846.9
3184.28
2060.75
2439.87
4117.11
2375.9
3668.86
1924.27
2868.91
2409.27
8314.34
1842.11
1843.31
2142.58
2825.12
2213.12
2022.19
1615.52
1747.14
2094.72
1863.88
1925.89
1985.05
5391.32
2648.22
2775.01
2563.76
3059.16
2528.13
3212.91
4975.72
2153.09
1802.97
2558.59
1919.49
4243.74
1784.83
1636.3
1840.68
1871.14
2271.28
1824.65
2355.36
2849.52
1773.01
3710.88
3677.36
3466.9
2950.2
2586.69
2475.66
3340.3
1603.76
3546.16
1822.38
1700.91
2957.01
1914.12
4027.44
2089.31
2413.76
2160.36
1789.41
2399.84
1785.16
2337.69
1990.04
1842.05
1767.14
3021.78
3824.06
1111.17
1885.62
3068
1527.33
3711.1
1749.34
1960.95
2006.14
2620.02
2700.38
1594.89
5793.94
3038.08
1591.3
2724.92
2622.66
2724.32
1806.11
1650.99
2952.2
7345.08
2472.62
2582.3
5047.04
2142.39
3215.89
2060.49
2370.81
2236.01
2749.06
2004.3
5427.1
2322.97
3031.04
3709.09
1579.94
4809.47
3058.16
3240.77
3803.8
3596.98
3437.38
3186.83
1937.14
2486.44
1921.32
1253.11
1529.73
1878.88
2621.18
2459.51
2757.78
1980.23
1902.58
1909.75
3295.36
1894.09
4992.17
4763.11
1983.03
1819.81
1822.35
1840.05
3111.18
3159.14
1839.74
2332.08
3151.77
4474.63
5956.22
1614.52
3218.26
1814.9
1580.83
2680.61
2480.82
1571.36
3217.67
3975.4
1759.77
2046.38
2026.07
2924.17
1949.88
2265.41
1598.28
1857.67
1420.4
1724.11
1826.84
2746
2244.85
2429.24
3181.37
1893.27
3146.83
2373.53
9180.33
3002.59
2457.86
2163.38
3156.1
2247.07
1594.83
2289.53
2195.03
2284.88
1602.66
3977.37
1561.72
4935.03
2954.6
3312.04
2646.75
5098.35
5631.33
2487.7
1510.89
3951.23
1858.64
2681.32
2115.35
2555.3
2765.35
1939.25
2178.71
1638.99
3056.81
2742.38
2043.1
2649.66
2199.87
3132.97
2645.49
2598.52
3156.02
4355.76
1655.8
2625.16
3545.63
2556.77
2330.12
6116.68
3179.4
3021.9
2356.46
2393.54
2091.9
1667.88
1876.4
1635.72
2797.34
3021.6
2105.32
1718.44
2461.33
2201.22
2122
3517.83
1799.55
3634.47
1849.18
2834.74
1743.09
1619.29
2053.07
2920.88
2305.81
1922.73
3490.11
2528.71
4536.17
2249
1956.82
1385.3
3083.36
2579.44
2625.39
2700.42
3909.09
1896.02
3349.47
2039.41
2188.1
2154.49
1266.01
2201.26
1581.74
2050.35
2241.97
2602.25
6700.41
2829.31
2288.11
1649.74
1667.5
4970.15
1729.25
2159.83
2956.75
2333.4
3718.57
5793.83
2130.39
3628.14
1873.6
1984.69
1757.16
1791.79
2448.67
2892.29
1541
3965.52
4230.31
3802.89
2345.38
1870.61
3147.5
2569.63
2097.48
2302.49
2073.89
2180.75
2489.19
2582.97
1940.93
5689
2475.82
2081.26
1699.18
2822.63
2225.58
2097.76
1532.68
1679.64
1631.93
2275.62
2957.15
1836.35
2023.88
6408.82
1388.2
3054.04
4207.53
2398.48
1881.83
2440.33
2663.75
2484.47
3536.8
1995.81
1687.51
1620.18
1923.4
2711.08
1878.53
2210.56
2326.95
1615.78
2748.98
2693.49
3774.11
2955.12
2096.03
3648.78
2680.05
2015
2014.36
1269.72
2420.61
1912.61
2365.17
1648.24
3119.5
3052.92
2278.51
3048.47
2994.5
4395.46
2843.53
2627.76
2222.03
2528.88
2976.33
2046.63
1633.05
2787.54
2397.92
2039.23
6482.85
2003.89
1497.27
1902.08
3216.36
3260.79
1925.89
6051.5
4452.97
2182.66
1962.5
2212.15
2024.59
2438.36
3123.85
1647.16
2346.4
1660.07
4225.98
2852.55
2820.77
3964.49
3549.47
2856.35
3608.33
4580.52
4329.74
2590.17
4122.12
2856.83
1999.53
1909.11
3612.2
4034.12
1899.8
2761.38
2088.85
2650.71
3414.2
1537.8
3151.35
1854.9
2242.72
3210.55
2354.79
2212.84
4691.16
1462.31
2456.01
3162.26
2378.58
2429.18
2922.71
3958.18
4127.28
3590.37
3389.48
3138.27
2587.09
2066
2699.24
2120.44
1915.52
1750.16
1951.23
2426.57
3281.12
2905.85
2404.66
2426.32
2836.35
2310.07
1897.63
2168.19
3252.02
2309.29
5523.37
2014.5
1824.12
2323.78
2504.63
2206.36
2021.94
2589.96
1958.88
1756.79
3347.16
4249.46
2674.2
2771.52
1902.28
1813.89
2433.55
2446.81
1864.65
2308.7
3012.68
1473.77
1369.31
3771.34
3276.82
1483.17
2202.55
6887.39
1879.24
4535.91
2930.2
3403.55
1774.81
2414.47
1541.03
2156.63
2088.53
2306.56
1418.94
3558.3
3668.97
2711.14
1776.84
2915.21
2602.88
1997.61
2428.03
2024.87
2040.84
4602.95
2287.45
1643.99
3136.31
2244.01
2393.39
2023.68
4177.59
2363.19
2070.47
2195.55
1957.29
2526.79
2801.58
2692.64
2113.45
2612.47
1815.1
2292.96
3575.15
5442.02
2018.05
3288.71
2273.91
2069.47
2280.77
2461.44
2303.85
1919.17
1805.67
2503.05
2453.69
1652.99
3918.26
2251.2
2212.72
7413.91
2937.38
1709.36
1813.68
2010.26
1765.56
4227.12
2778.48
2940.28
2964.74
2346.65
3518.6
2526.52
2370.08
2011.51
4615.93
4174.12
2181.24
1967.8
2714.83
2186.31
1955.11
2845.68
2902.11
1664.79
6775.27
2627.71
3103.5
1972.58
3105.74
3186.46
1875.89
1474.73
2789.1
2559.54
2257.29
2221.11
2007.31
3158.06
2030.94
2907.97
2005.62
1914.56
2210.39
2905.08
2360.38
2343.58
2948.04
2664.95
2229.69
4471.07
4361.06
2057.88
2276.79
1716.14
3536.3
1577.59
2443.03
1956.94
2091.56
1681.93
2409.16
2365.76
2117.72
2121.22
2923.82
3560.32
2000.15
2391.36
6299.25
4961.52
3428.91
1814.2
2421.22
1713.63
1692.55
1848.53
2511.19
2053.86
2298.48
1902.83
2551.61
1873.31
3493
2929.29
2393.99
2188.41
3539.63
3455.99
2419.06
1974.03
2607.1
2798.15
4531.5
2349.62
3009.11
1973.94
1653.25
1571.27
1844.92
2187.09
1604.09
2473.97
1930.44
2163.36
3084.42
2018.48
2509.95
2054.96
2048.48
2366
1921.6
2279.89
2369.21
1954.07
4924.08
3187.59
3424.1
2955.87
2903.37
2160.78
2859.12
1694.96
3494.87
2855.19
2591.31
2600.62
1792.62
2825.28
1759.55
2311.14
2554.34
5261.12
2246.24
1810.24
3975.85
1928
2207.03
2088.45
1422.61
3851.41
1949.51
4680.57
1835.83
3419.32
3366.17
1887.22
4132.74
2212.27
1710.92
2445.03
3271.07
2892.26
3114.11
1439.41
2067.73
2428.12
3301.43
2223.61
3688.61
2255.85
3199.75
3561.15
1765.7
1796.31
1924.49
2271.98
4288.88
6966.98
1863.32
1989.35
2791.31
1986.68
4458.97
2557.67
2317.49
2622.45
3810.48
1879.21
1896.37
1881.86
2003.35
1931.77
2177.26
2575.83
2731.48
1937.59
2259.26
1641.53
2308.75
2094.39
4751.71
4212.11
1987.21
1828.92
4463.26
3506.06
2959.96
3480.05
2052.68
2700.8
2353.34
2226.85
2088.42
2184.52
4459.43
2013.9
5097.68
2697.81
6035.58
1670.13
2538.08
2338.17
3610.46
2326.61
1957.4
1886.87
3617.96
2829.89
2556.34
2051.27
1737.95
1521.01
2049.34
3077.33
3522.75
1499.18
2195.7
1777.4
2226.41
3144.2
2716.73
3821.26
2476.9
1971.11
1581.02
3180.09
3211.73
2235.65
4711.4
2537.87
1529.18
1842.07
2488.26
2227.8
2102.31
1673.32
3875.04
3297.01
2276.97
2902.73
3779.61
2661.64
3091.01
4495.37
4416.86
2192.86
2179.88
4011.97
3341.2
2221.83
2890.56
3279.04
2150.2
3274.55
1626.3
3103.29
1674.34
2772.71
1857.35
2105.54
1553.38
1422.07
2341.89
1883.25
2592.82
3342.09
1439.06
3720.03
2215.08
2968.19
2183.07
1857.9
2764.1
2217.52
2817.31
2005.25
1728.28
2339.59
5843.13
4097.78
2950.14
2131.85
2649.53
2221.94
2761.05
2976.51
4906.23
1714.03
4462.67
5681.02
2327.48
2075.23
3370.08
2785.74
1970.27
4715.88
2294.24
5146.36
2066.2
3043.76
2191.46
1750.46
6754.29
1836.25
2182.04
1480.81
1812.03
3333.46
2479.67
2138.82
2906.53
2851.26
2056.36
1613.71
4070.17
3463.52
2207.04
2371.18
1965.41
2291.5
2963.01
2690.94
2371.26
2338.01
3284.3
3977.04
2279.08
1665.02
2289.64
1715.28
2458.09
2085.13
2662.24
3401.19
2754.31
3259.42
2876.61
1730.84
3258.06
2935.51
2460.24
1863.08
1526.63
2043.9
2554.03
1840.29
1784.57
1957.16
2275.27
2879.26
1739.96
4334.26
2618.64
2162.48
2690.01
2220.05
3546.33
1900.72
2024.17
2177.21
1716.81
1766.93
2453.6
2964.21
3363.43
2535.52
1942.85
2955.47
1493.29
1947.52
7658.76
2140.29
5918.34
1439.64
2865.06
2954.74
1666.55
3519.47
2514.28
2653.07
3787.73
2559.24
1672.64
3933.61
3279.87
4379.07
3612.03
1875.76
2292.46
4850.03
3513.69
2090.73
1963.2
2252.35
2395.44
2355.82
2394.77
3336.34
2031.6
4209.74
3921.17
1990.58
4010.7
3075.03
1573.7
5715.76
2262.68
1613.83
2293.87
2294.14
1684.59
2984.56
4735.58
2481.45
5381.49
2558.5
2204.68
2049.78
2502.05
3192.33
1909.13
2557.96
1502.13
2464.65
2617.35
2361.69
3539.33
2257.09
3333.57
2657.83
2694.88
2532.44
2643.92
2952.28
1649.32
1499.92
2798.36
3339.38
1622.72
1443.65
3184.78
2061.46
2662.87
2256.51
2961.08
3183.85
2681.45
2551.89
3684.46
2334.38
1880.11
1873.34
3585.81
3879.18
3516.89
1684.69
1581.44
2102.55
2382.59
1803.42
1617.94
1700.11
3301.22
2649.41
3331.1
2328.11
3306.57
2513.66
2850.15
7449.28
3784.74
1761.49
1896.49
1756.39
3071.67
5431.15
3665.43
6804.18
2045.94
2422.3
4774.65
2291.18
1882.21
3594.3
2235.37
2330.68
2204.03
1574.62
2405.7
2397.09
3513.22
2470.42
2534.82
2328.87
1896.57
3323.41
3742.81
2716.87
3610.82
2831.53
2723.99
1968.32
1763.71
2305
1543.02
1727.36
3082.3
2734.42
4406.46
5594.69
2238.61
2182.52
1894.67
1675.25
2875.08
2517.91
3459.49
2565.84
10768.9
2430.76
2327.46
3783.42
2524.32
2615.65
2015.41
3213.93
3012.84
3095.58
2574.89
3077.92
2291.49
2764.88
5025.52
3258.53
1771.26
1422.11
5425.04
1491.72
2292.33
3849.27
2215.54
3346.65
3191.65
1486.5
2852.33
4503.18
2195.65
2105.21
1498.29
1874.66
4389.37
2323.39
1799.53
1737.33
1477.25
3384.46
2167.97
1909.12
2357.05
1751.51
4311.81
3272.65
1300.46
3024.96
2283.54
1781.59
2512.96
2026.26
1585.8
1942.48
2871.41
4376.36
3369.65
2101.35
2458.84
4161.28
3980.79
2053.71
1439.97
3203.87
1723.6
3766.78
2952.29
2116.16
2877.13
1954.78
1878.19
4913.28
4538.19
3423.95
1578.77
2854.06
2640.9
2712.67
2102.45
1694.02
1923.67
3183.95
2935.03
2652.8
6761.14
2373.74
3989.65
2505.28
1648.55
1579.9
1468.08
2602.68
2381.51
4809.25
2345.42
1871.12
2333.07
2095.12
2238.95
2925
2521.96
1975.44
2143.57
5547.23
1181.92
3567.79
2879.25
1335.04
2540.17
3892
5378.22
2981.17
2698.18
3148.64
2123.15
2225.85
1627.19
2315.4
1603.45
3822.66
2091.3
1919.67
2738.58
3908.65
2629.11
1738.51
3506.6
3200.89
2864.31
2935.42
2413.85
2714.74
1858.31
1992.64
2438.89
3753.9
4732.99
2235.56
2677.4
2306.57
5804.54
7015.49
1755.75
3866.85
3052.41
1844.36
2322.1
2276.77
2147.21
3319.14
1574.75
2148.34
1548.67
4887.99
3005.46
2229.59
1923.91
3923.92
2187.92
1693.7
2220.78
1656.12
4573.58
3859.98
3250.01
1599.93
2333.69
3582.33
3452.7
1636.48
1770.68
1897.37
1754.96
2394.81
2240.99
1962.12
2709.47
5539.55
3681.23
3149.13
1672.96
1375.41
1764.03
1934.63
2591.71
3788.76
6700.39
3271.54
2098.14
2846.5
1982.79
2126.99
2156.94
2111.92
2578.04
2851.98
2033.44
1763.12
2818.39
2814
2114.38
1772.4
1978.95
4192.02
1709.91
2665.83
2344.34
1657.64
10700.3
2427.17
2374.53
1437.66
2116.58
2084.82
1968.66
2996.16
2256.61
2282.56
3214.46
2198.76
2250.78
2877.74
2156.98
2022.74
2147.67
2278.9
1980.78
1550.63
4423.36
4491.69
2380.69
1896.48
2246.81
2603.59
2142.56
2812.1
3061.59
3805.77
2743.84
2721.03
4220.29
3703.49
6633.87
1765.56
2012.4
2891.74
1969.62
2110.93
2634.99
1984.4
3049.55
2051.35
2688.59
2657.83
3746.58
3637.76
2078.5
2648.96
1861.12
2216.08
4247.85
2701.78
1426.68
2108.15
3665.64
2412.35
2177.1
6299.68
1807.98
2304.95
3021.01
2115.74
2496.36
2283.14
1752.36
3112.55
4659.89
4569.17
1648.6
3218.45
2269.14
4124.41
1760.15
3230.08
2991.37
4100.83
2931.93
3654.29
3260.5
2500.59
1496.33
2383.13
2091.66
2517.97
1588.58
1290.2
1499.01
2693.46
1954.25
2104.49
2243.34
1644.45
2613.34
3388.59
1502.7
1438.25
2792.79
2497.24
2705.93
1969.87
2971.02
3064.38
9603.97
2247.35
1259.48
4691.93
2136.83
2820.18
2561.41
1914.41
1607.79
6171.24
3445.1
2996.02
1959.16
1915.39
2306.3
1715.04
2020.83
2337.88
2410.26
3162.13
1527.31
2554.72
3937.86
3427.34
2472.48
3284.44
4143.93
1967.14
2394.21
5539.88
4307.15
2079.1
1726.27
2031.36
2852.34
2071.22
1710.35
2233.08
2604.71
1776.2
2809.96
2974.66
1985.41
3021.81
4090.05
1547.07
3750.99
3102.6
3165.29
3742.62
3452.25
1936.02
3014.07
2474.29
1784.51
1667.14
2792.93
1746.63
2012.33
3131.97
3026.66
2971.87
2102.67
1717.37
2242.28
3594.71
1740.93
1582.79
1666.56
3043.16
2322.91
2634.33
1747.8
4853.44
2240.75
1840.31
3240.51
2985.87
1945.11
3057.06
2383.81
2730.43
2538.1
2623.25
2668.16
1898.15
4261.49
2249.78
2840.24
2212.36
2162.67
2911.73
2597.61
2953.64
2255.09
3226.2
3766.01
2237.44
2904.33
2370.8
9252.85
3363.83
2075.13
2444.97
2000.59
3202.8
1376.21
1779.78
3154.73
1944.82
2606.55
2271.67
3265.52
2092.46
3272.29
2041.02
2305.33
2421.86
5448.48
1935.02
1795.98
2909.15
2694.41
2430.77
1658.85
4003.66
2151.08
1096.12
3429.21
1942.42
2013.84
4649.95
2422.13
2587.65
2362.06
3685.07
2679.28
3482.61
1927.91
2330.07
1615.13
1443.66
4638.17
1849.12
4628.34
1837.62
1617.75
1637.67
2976.34
1466.73
2459.27
1718.41
1695.89
3397.83
1760.26
2831.3
2142.38
2914.14
1578.12
4906.72
1872.47
2359.92
1896.37
1623.96
2219.17
4587.7
3655.51
1662.13
2981.66
2905.24
3429.92
5090.84
3257.97
1922.7
1778.99
1462.64
2536.12
8738.72
2063.76
1820.77
2093.7
2347.57
6090.85
5467.38
4021.89
1814.18
2726.49
3708.1
2727.24
2153.5
3024.47
3381.2
2493.62
2233.68
3002.71
2790.29
1803.35
2166.26
2587.48
1612.96
2193.89
1501.48
1657.79
2811.23
3063.78
1608.34
2156.77
2742.19
2015.66
1514.74
2627.34
1931.29
3179.67
2664.01
2527.04
2385.01
2284.21
2328.47
2199.17
2620.07
2078.83
3502.9
2476.08
1875.65
3812.34
2544.81
2334.6
2583.28
2061
2026.83
3151.91
2117.33
3234.94
1839.03
2138.46
2270.34
2052.17
2563.23
2287.14
3196.51
2118.48
1475.93
2095.91
1526.82
3483.52
2831.23
1736.22
2524.71
2664.35
2276
2550.59
6275.18
1812.43
2513.9
2154.3
2585.57
1782.71
2387.89
2081.25
2306.31
3413.01
2200.89
2941.19
1750.34
2737.12
2283.66
2411.09
1604.88
3728.88
2557.43
5842.46
1935.8
3382.11
2434.65
3636.93
1727.09
2231.46
1783.28
2073.07
2614.56
4363.76
2934.59
3755.26
2257.29
1544.28
1896.14
2573.68
2284.99
3233.47
2143.39
2874.81
2661.87
3145.79
1616.98
1542.29
2120.97
2136.46
2544.71
2750.11
1743.29
3162.41
3542.12
2334.98
2226.54
2278.24
3235.31
2211.41
4106.69
1368.69
4326.31
2944.18
2310.81
2486.95
3499.2
3249.87
3010.74
2467.46
2137.36
7275.85
2856.09
2703.73
2401.86
2769.81
2659.42
1964.94
2101.32
2237.01
2613.44
2262.92
1701.61
2362.8
1566.98
2626.69
1836.66
2702.09
1751.88
2102.13
3320.3
1875.76
6721.48
1448.95
1816.43
2365.87
1926.19
2056.38
2748.04
1809.46
2467.35
3901.69
2327.09
1540.27
1644.2
1943.47
4955.66
2550.82
3362.41
3885.06
2867.44
2937.43
2066.98
2938.86
3377.23
2476.2
2389.13
6363.32
3285.13
3202.54
1825.27
1420.46
2528.79
2646.39
3771.6
2225.55
2145.73
1528.23
1949.07
3340.59
5455.32
5520.47
2312.55
2115.89
1561.15
2533.15
3894.22
2885.75
4382.09
3968.08
2500.64
1720.96
1683.22
2746.53
2620.87
4134.38
2692.57
1672.42
2602.61
2575.39
1536.45
1640.14
3640.58
3197.57
3479.25
3074.91
3494.7
2269.42
3321.1
2394.74
1719.91
2141.33
2866.88
3592.05
3941.67
3234.75
1787.69
2394.22
2047.83
1770.53
1960.69
2749.34
1702.01
2499.77
2697.75
1398.16
3549.74
2589.29
1975.23
2152.15
2343.66
2076.7
1608.57
1652.2
2156.56
3370.49
2714.92
1934.23
2457.54
2533.52
3176.91
3818.59
3211.42
1745.42
1830.83
1761.68
2972.59
2855.07
2540.07
8747.91
1545.75
3890.28
2162.83
5240.94
1923.97
4813.75
2565.48
1667.58
10296.6
1668.74
3392.43
1858.06
2028.6
2117.86
5177.11
2841.71
2343.99
2723.07
1956.07
2121.19
1518.85
3174.28
3042.42
1823.15
2193.94
1987.42
2703.5
2192.69
6516.47
3125.53
5050
4182.64
2251.35
2278.73
3718.33
2980.87
2612.48
2564.04
5707.56
1794.97
2578.36
2089.46
2278.29
1558.99
2027.22
1879.71
2230.94
3128.65
2096.79
1724.77
2854.46
3746.94
2550.74
2205.11
2282.36
4045.45
1754.01
1908.49
3702.49
2529.83
3483.37
2864.93
3756.84
2872.65
3273.82
4042.5
2111.35
1708
2058.71
2961.34
3072.66
2379.44
2506.8
2349.52
3113.99
2104.7
2027.31
2529.71
2158.67
4683.49
2541.93
2012.78
3496.97
2323.56
2561.62
3601.76
1814
3356.81
2156.55
4118.42
1552.09
2105.24
1879.91
3383.46
2009.35
2111.79
2459.11
2910.28
2350.68
2198.29
1596.48
1923.04
6953.61
1778.61
2530.19
1774.27
2418.41
4112.9
1888.74
1848.94
1937.07
1633.97
2061.53
2299.92
4430.24
3994.18
2875.48
2365.88
2626.09
2279.21
2544.51
4007.09
3079.07
4655.22
5934.71
4154.22
2146.61
2522.57
2149.3
5103.79
2234.85
1644.46
2554.94
1743.89
1805.46
3219.67
1569.38
1510.59
2358.51
1968.85
1962.08
3914.37
3051.85
1965.12
5627.39
4479.31
2385.9
2088.62
1908.36
2620.74
7142.25
2006.1
2718.11
3287.58
1905.95
5814.98
10296.9
4618.24
1490.68
2007.74
2362.41
1763.1
3339.59
2135.52
2910.77
1563.77
2189.74
1646.08
2089.45
1771.01
5158.53
3661.16
2141.39
1977.78
2229.13
1676.35
2477.75
1717.08
4304.76
2651.21
1491.44
2452.62
2645.03
3469.38
3105.2
1925.2
2337.54
2051.12
7223.39
1740.49
2967.62
3574.1
2754.04
2329.96
2487.61
3950.97
4048.39
2683.02
6864.6
3325.77
2643.88
2770.87
4051.52
2276.46
3403.77
1926.7
2868.07
1879.38
3533.06
1975.62
1708.76
2925.23
3032.57
1754.92
3310.66
3301.31
2356.65
1900.97
2062.87
2325.58
1826.5
2851.05
2365.14
1984.16
2353.52
3728.22
1329.04
2385.09
2773.49
2026.92
2426.63
3474.86
3217.48
1587.43
1650.18
4202.95
2131.54
4377.06
1725.71
3228.67
2298.5
2459.54
2728.88
2588.12
1811.3
1521.3
2145.52
3247.54
3372.51
2468.18
2939.13
1606.25
3495.23
3530.75
2235.39
2314.17
2610.83
2245.67
3304.74
3979.78
2069.06
2256.52
2934.23
7030.15
1698.96
2676.73
5736.86
2362.54
2634.92
2395.16
2020.74
2947.28
3088.95
1673.83
1497.54
2861.85
1723.58
3544.21
1577.57
2302.03
2566.43
1499.8
2998.7
2620.94
3693.26
2950.65
3476.37
2487.06
3194.57
2018.15
2677.77
1199.24
4143.89
2635.54
1780.93
2854.68
2154.63
2242.22
2660.06
2851.72
2534.41
2673.77
1932.41
4868.52
2655.16
3838.31
3548.63
4567.27
2017.97
1349.82
2952.48
2525.13
2248.66
3398.91
2693.76
2865.8
2380.93
2070.94
1790.23
2069.26
1564.81
1878.8
2887.59
3098.72
3614.99
4408.5
2553.14
2809.94
3503.62
1560.98
2283.75
1793.66
1955.11
2574.15
1636.35
6110.14
1689.51
3459.19
2411.44
3672.39
3388.16
2814.37
2581.65
3562.58
2280.08
1567.04
2154.64
1456.71
2427.11
4683.66
2223.46
1902.98
2571.44
2446.51
1589.15
2159.61
4182.06
3487.64
3460.29
1842.43
2117.22
1891.61
2019.46
1464.24
1572.21
2992.85
3075.05
7275.86
2198.07
2698.32
3289.02
3452.48
1801.09
1757.19
6216.97
1725.81
3039.78
3555.77
1761.82
2206.99
2179.97
5050.57
2465.15
2768.34
3525.76
4613.77
3848.31
3733.87
2063.65
3680.28
1607.55
2122.51
3744.32
1799.42
2831.62
2966.95
2690.93
1909.07
1799.33
2530.4
2516.83
6800.27
1937.48
1738.43
2575.38
3988.4
2545.54
2173.74
3297.54
1571.69
1784.36
2401.44
2524.83
5074.62
2537.28
1822.24
2671.02
3627.67
1723.39
2665.07
2606.1
6085.14
3428.74
2704.46
3639.47
3470.77
1813.42
2420.39
2778.13
1787.39
1838.57
2388.31
2305.85
2329.41
2643.78
2711.53
2845.55
2894.77
2138.06
2401.71
4521.32
2614.53
4700.75
1586.28
2138.25
2001.46
2574.21
5659.78
2080.38
2478.85
1464.44
2924.58
2285.24
3688.49
2733.93
9605.12
3309.4
3267.54
2812.88
4013.77
1958.68
1823.28
2239.67
3691.69
2153.31
3064.44
2919.82
2613.51
1819.39
2961.65
2246.83
2431.59
2054.19
1811.59
2890.82
2067.75
3654.45
2245.83
5704.66
1999.67
2018.54
5549.28
2566.39
5582.95
2198.58
2362.17
2432.11
4020.38
2213.49
2724.47
2133.52
1931.24
2915.85
2949.49
2329.16
2744.54
3705.53
2816.28
1644.61
2047.16
2006.78
4121.26
2072.37
2124.13
4041.16
1752.85
2471.4
1846.69
3094.45
3861.85
2101.29
4503.96
2612.85
2373.35
5689.86
2741.97
2634.86
6616.02
2211.85
2365.07
4945
2226.91
2300.91
1806.22
2153.7
2396.38
2696.93
3531.92
2917.78
1988.07
1553.93
3470.54
1993.18
3177.48
2344.42
5038.2
3582.33
2556.64
2781.8
1974.57
2645.9
2038.62
1983.27
2144.94
3682.18
1887.06
3385.47
1623.05
3000.1
1328.72
3267.77
1882.48
2849.26
2180.31
1649.23
2372.7
1891.35
4438.5
2592.15
2152.27
2250.51
2914.01
1906.89
2484.88
1400.84
2352.37
2475.86
2646.23
2166.76
2892.86
5944.02
3077.98
1941.95
2333.54
2918.05
3411.33
4525.75
2331.83
2166.7
1877.15
2200.46
2926.72
2822.81
2218.53
2517.48
2577.4
2300.98
1574.02
1446.25
2548.15
3368.38
2004.72
2202.12
2004.01
1940.51
2663.62
2854.81
2255.6
2723.03
2880.64
2057.72
2249.12
3074.98
1907.94
1550.02
2480.24
2667.89
1961.34
1902.48
3396.25
2589.18
2327.33
2325.19
3091.18
4000.9
2336.51
3295.87
3316.47
4353.16
2722.94
3017.47
2425.11
2113.96
3506.52
4413.56
2015.15
2625.15
1540.76
2563.48
2042.49
2992.95
1754.15
3355.53
1789.46
2924.94
3297.05
2791.76
2138.31
3853.95
2167.73
2331.7
3021.19
3539.58
1551.33
1417.14
1539.51
1942.79
2298.54
1797.45
2317.9
1688.25
1823.56
3734.65
10579.6
2759.63
3549.02
2334.01
2434.98
2175.31
2118.71
7321.7
1984.35
3073.99
6276.69
2331.94
4022.45
2564.9
2422.45
2898.98
1996.14
2419.75
2141.06
1958.9
1880.7
2228.99
3415.25
3365.96
1744.7
1538.09
2799.65
2088.89
1788.6
2716.07
2298.66
2482.56
2411.39
2245.84
3674.29
2575.49
2392.21
3033.78
2454.8
2006.91
1206.72
2634.87
3571.55
2311.12
1679.77
1896.89
2080.11
1726.45
2041.24
1623.76
2147.29
3203.17
2637.66
4672.05
4805.57
1716.98
1515.79
2507.75
2179.92
4018.73
2033.8
2376.99
1529.43
1839.73
3221.53
2651.94
4127.81
2027.35
2132.23
2336.09
2522.21
1554.02
2420.4
2120.17
3593.93
4327.27
2876.19
4172.32
2414.36
2587.79
5947.59
5785.63
2556.93
2233.54
1628.93
1966.36
3079.21
8085.63
2874.1
2867.02
2250.97
2715.14
1827.69
3468.53
2446.13
2012.66
3236.1
1693.27
2759.71
1945.32
2386.18
2097.64
2176.04
1977.36
2331.46
2340.05
2016.47
1920.16
2561.57
5720
2814.47
3935.74
1837.81
1586.05
3659.59
1550.53
8070.62
2421.7
2450.29
2719.48
16901.2
3231.71
2659.17
1921
2367.96
2495.41
3271.07
6930.4
2118.27
1889.85
4353.06
3158.91
3972.37
1473.83
2997.98
4453.89
2983.92
2533.33
3328.01
2031.52
2860.2
2046.13
2855.39
2305.51
2549.33
3512.1
3889.04
2666.24
3738.21
3801.32
1862.7
3350.85
2395.03
3314.12
3066.57
1769.72
2642.66
2594.59
2307.81
2034.84
3859.82
2264.69
4424.65
3192.74
6016.49
2669.14
2786.62
5375.44
2718.84
1555.53
2360.9
2799.12
1916.33
2054.55
2065.68
2278.51
1858.94
2772.01
1996.75
2866.94
2136.2
3015.06
3030.88
1840.21
1670.35
2580.4
2352.64
2717.79
2105.23
1665.22
1570.01
3143.79
2325.43
1590.22
2755.03
3328.1
2200.75
2378.72
2027.76
2094.28
3900.99
2300.35
2291.79
2585.85
4291.58
3324.66
4714.7
3833.58
1745.77
1299.72
3373.66
2001.38
3506.98
2646.85
2267.52
1833.93
2382.1
2707.54
4055.81
1673.93
1896.24
2240.25
2679.49
3310.11
1760.25
2116.9
2605.44
4475.26
2254.25
2110.82
2665.28
2467.12
1876
2350.28
2746
2724.01
1505.2
3397.46
1820.34
4021.31
2421.31
2609.72
2190.38
1829.66
2104.87
3442.17
2250.05
2256.1
2571.92
3895.62
2527.4
1704.93
1964.39
3538.56
2947.25
4389.1
2191.37
2310.5
4761.53
2463.33
2702.16
2771.73
2353.86
2536.11
1773.67
1697.68
2951.5
10255
2048.63
1517.6
2561.64
2841.63
3248.14
2686.13
1909.97
2212.54
1627.64
1607.77
3168.69
1772.84
1850.36
2817.28
2203.27
2383.36
1368.41
2054.28
2500.55
2310.26
4383.08
2464.71
3542.98
1954.2
1408.06
2744.47
2264.9
2362.96
2817.43
2601.86
2304.27
1794.65
1374.8
1762.41
1963.2
3940.33
1424.68
4834.75
3090.4
2534.93
2778.08
1475.2
2290
1229.68
3496.74
2966.14
3532.38
2615.23
2396.68
2792.4
3259.04
2684.69
1591.8
3274.59
2270.26
3470.05
2835.09
2957.96
2849.84
2811.76
2726.71
3848.64
1923.65
3093.92
2405.09
1393.33
3307.28
3004.14
2614.67
2776.68
2705.16
2626.96
1951.71
1683.29
2148.01
2114.73
1681.89
2656.56
2649.19
1836.46
2249.05
2409.63
1783.83
2050.64
1549.69
2912.77
1706.56
2338.16
3306.25
1849.58
2401.49
2786.23
2976.1
2610.15
3924.4
3279.55
2459.91
1460.7
2415.13
3712.14
1910.09
2862.18
1963.5
2303.72
1991.03
3267.66
4101.03
2692.49
2836.82
2395.67
2901.82
1381.44
2034.34
1762.32
1929.66
1881.4
2172.44
5517.44
3495.4
4180.57
3274.43
2748.84
2880.66
5042.15
1675.19
4277.2
3506.26
2892.95
5523.79
3155.8
2763.68
4425.5
3439.54
3849.13
2067.32
1817.98
1965.16
4114.92
4151.51
2443.37
2219.77
3036.46
2662.74
3761.7
1635.77
2892.8
2783.01
3662.52
1500.23
2630.97
1981.2
4458.07
2414.94
1840.5
1523.8
2716.57
2309.81
1995.34
2527.87
1761.89
1846.17
2201.67
3978.92
1665.76
2456.03
3885.12
3925.93
3044.95
2960.6
2905.81
5073.33
5347.47
1918.85
1948.13
2888.75
3704.46
1479.43
4949.03
1930.51
2099.77
1794.99
2013.39
1885.36
1538.17
4209.97
1787.15
2152.33
4262.7
3072.93
4245.68
2594.85
2579.01
2979.97
2538.65
1912.46
2140.81
1292.63
3944.88
8495.81
2411.51
1462.16
3024.55
1767.5
1486.38
2874.47
3327.74
1682.08
4815.28
2245.83
3717.44
3894.83
1631.94
5033.89
2599.35
1779.65
2898.56
1650.61
1634.28
3313.34
3050.94
3701.22
2554.15
3362.98
2460.12
3399.04
3691.47
1768.73
4255.93
2996.42
2348.23
4660.3
1910.31
2412.13
3388.49
2249.38
1928.73
1987.19
5549.42
1719.97
5531.02
3535.66
2063.69
2282.88
2393.25
1946.08
3297.34
2108.43
5107.63
1710.85
2485.07
2053.13
2762.33
2652.97
1419.03
2737.78
1967.94
2386.49
3391.43
1855.2
2051.19
2745.71
1939.68
1488.94
1816.68
2550.82
3304.3
2998.77
3846.2
2889.08
2233.76
4212.17
2146.6
6300.57
2783.49
2280.81
4806.53
3921.39
3425.74
2674.77
4252.41
2315.48
2502.95
2582.26
5823.16
2948.07
4041.15
2697.91
2356.45
2765.34
1560.91
2031.68
3237.34
4121.06
2487.69
1872.08
3979.67
1688.57
2908.79
2039.64
2265.32
1869.97
2426.18
1450.76
5874
2982.39
1800.66
2215.5
2051.57
3456.74
2256.18
1623.4
1955.2
3664.24
6121.64
1818.66
1732.95
2270.14
2500.6
1600.96
3479.7
3351.29
2256.02
1414.92
2634.01
1436.18
1971.43
2877.14
2506.48
1977.92
2866.35
2545.42
3095.94
2379.9
2195.63
1899.23
2456.42
2073.76
2864.34
3724.27
2789.59
3559.42
2781.11
3598.56
3310.54
1940.07
4045.16
2148.86
2718.32
2780.1
1992.26
2129.79
2843.91
2077.68
2784.54
1835.43
5008.63
2192.15
2338.55
2917.93
4559.93
3414.28
1812.62
3077.84
2142.2
2950.13
3558.98
2201.03
1613.72
1760.65
6304.58
3108.27
2343.99
4043.41
2881.28
2082.84
1927.79
2217.8
1836.8
4518.88
2786.2
5018.17
1829.91
2211.46
2299.92
3168.37
2756.45
3359.26
3031.05
2718.86
3371.73
4664.63
1912.07
2300.03
1804.14
1989.06
2695.24
2831.45
2946.75
4974.08
1808.98
3463.57
3183.56
2258.71
2710.47
2926.05
1900.13
2026.42
1462.96
2362.53
2621.83
3036.86
2401.41
1869.17
2285.36
2127.45
2287.95
2321.84
2119.66
3288.22
1550.97
3274.68
2505.87
3688.96
5654.36
2715.28
1933.13
3109.94
3589.96
3852.81
2162.87
2585.92
2079.88
3167.66
1787.02
2823.3
2666.45
2850.84
2823.65
2531.25
2786.79
3108.75
3980.51
3586.97
1990.68
2752.97
2403.62
2153.65
2283.07
1548.85
2204.42
2904.96
2295.15
1737.03
1832.5
1260.37
2831.26
1875.66
1532.05
2522.18
2483.16
1779.54
2750.14
3154.77
2662.06
1683.49
2165.74
1964.28
1859.49
2214.74
1809.01
3270.8
2411.25
1915.3
3009.79
3079.13
3221.07
3336.06
4438.06
2171.38
1651.51
1633.86
2777.05
2840.37
2583.13
3052.64
1848.56
4583.67
2469.13
2512.5
1961.94
2543.13
2029.32
5429.53
2199.42
2724.37
1459.22
2302.47
1484.88
2896.12
2533.42
1953.38
2131.56
2238.89
2733.62
3445.93
2352.95
1690.16
2976.26
1230.13
3755.21
2179.79
4096.73
1606.98
2331.32
3963.33
2378.02
8409.52
2170.1
1411.22
5829.58
3229.27
2371.24
2002.27
1615.37
1704.88
4230.17
3566.58
2299.4
1393.48
3061.87
2608.39
2086.5
2360.45
4398.27
2242.84
1511.14
2554.15
3039.73
1798.15
3291.97
2298.49
2095.95
2073.38
1880.28
2409.28
1913.42
1560.87
1502.95
2653.3
3278.33
2181.6
2164.88
4877.52
3413.02
1903.22
1979.99
1992.92
5275.46
6680.85
1748.59
3597
1583.09
2652.05
3102.31
2780.73
3899.44
3320.59
1904.95
3770.67
3463.02
2622.71
5029.05
3138.08
1678.32
1843.12
2652.76
2185.87
2025.52
1586.44
4163.07
4208.73
5663.03
1999.1
2277.1
2885.68
2055.29
2118.17
4107.63
3328.96
3429.55
2114.84
2769.46
1694.79
1294.64
1721.79
2292.46
2394.85
2410.75
2162.23
1674.82
4566.82
2284.43
2091.89
2406.15
2413.75
6304.81
1618.78
1920.46
2485.72
3165.97
1979.38
2246.31
3210.33
1722.12
2685.58
1465.14
2467.55
3114.75
1679.58
1342.37
1825.89
2678.94
2247.16
1573.63
4191.5
4240.09
3461.38
2458.73
6731.11
1593.63
2671.56
2473.87
7825.32
6295.51
3086.6
1961.85
2346.93
3165.26
3331.82
4111.2
1883.72
2203.12
2216.25
4271.27
2198.29
2382.68
2131.66
2886.47
3170.35
2625.34
2271.46
3173.7
1708.22
2137.29
2444.13
1846.09
1340.45
3201.07
2242.88
2032.47
3018.2
2433.24
1279.2
2406.28
2863.26
2443.48
3009.07
1719.71
5256.75
2044.07
1880.57
2150.97
3326.89
2519.8
2871.59
2860.59
2273.42
6402.16
2168.13
1987.35
1989.18
1793.54
5454.2
2375.37
2781.65
2283.59
3660.45
3542.7
2518.45
7913.9
1809.72
2286.13
3384.05
5370.58
2000.62
2638.6
1957.26
2283.31
2077.38
2387.47
2841.24
3564.07
2636.21
3457.83
2177.11
2772.71
3020.29
3209.31
4371.81
2056.24
2566.98
7266.29
4655.82
2190.31
1586.24
2917.17
3328.46
2641.45
5831.67
2498.73
2019.01
1576.9
3115.32
2523.91
1900.28
2445.09
2889.32
2992.66
1857.12
3033.67
1652.03
2844.14
2610.02
1987.29
2510.76
1632.79
4103.58
2216.1
2036.79
3135.88
3240.49
2769.92
3936.01
1871.15
3167.8
3054.17
2445.37
3774.67
1860.55
1835.16
2864.36
1875.15
1745.01
1889.86
2854.62
2010.07
2628.99
3394.66
2098.62
2716.43
2016.43
3479.39
1853.72
2002.09
1827.82
8459.08
2369.02
3486.64
2225.72
2427.74
3087.38
2301.08
3659.18
3964.77
3458.69
2350.37
3840.04
1799.18
1991.06
2410.92
3615.77
3368.7
2462.67
4484.45
2590.09
2882.05
2469.24
1756.95
1661.25
1685.84
3917.58
2353.85
2884.7
2060.72
1731.84
1650.76
2063.97
2505.93
2017.65
2240.32
4387.9
2522.01
2356.42
3892.69
3268.12
2541.69
2949.21
7223.52
3038.55
2230.68
3451.85
2105.9
2323.7
3119.66
2481.32
2618.97
1741.61
3260.54
3170.52
2905.83
2139.5
2267.29
3393.99
3037.33
3478.02
2655.16
2447.65
2306.97
3115.32
3630.18
1434.19
1810.56
1563.59
2960.06
2416.93
4092.83
1810.7
2738.29
2041.43
2547.4
3089.55
3231.5
3478.55
2012.79
1614.5
1874.12
1487.26
2786.19
1980.6
2754.99
2436.02
3509.37
2956.36
2366.2
2075.13
2916.31
1806.67
1900.93
4499.27
3029.7
2913.74
1590.24
3114.87
3922.9
1842.51
4705.81
1980.21
1683.86
1871.46
1970.16
2318.36
2976.33
3284.67
1874.63
2054.5
1951.55
2951.42
3515.12
2759
3448.93
2315.89
2837
3169.26
1941.38
2722.18
1724.66
2661.49
2337.24
2815.19
3463.1
2372.17
2617.93
2192.04
2544.46
5500.06
3084.62
2222.36
3699.18
5722.2
1629.86
2880.68
4836.65
2043.15
1974.11
1802.71
2438.13
2975.21
2182
1972.68
1808.85
3398.69
2640.19
2552.72
2213.73
2588.19
1281.64
2978.47
6059.08
2350.89
2082.16
1380.55
2539.56
1949.7
3509.68
3866.96
3652.71
2150.8
2074.01
1797.5
1930.93
1467.07
2555.52
1935.33
2173.68
2469.83
2112.38
2772.93
4217.34
2440.89
4077.83
2647.71
3589.48
4336.28
1752.74
1798.86
2445.87
1736.81
1841.97
2640.37
10126.3
3675.11
3716.65
2605.05
2535.94
2966.39
2489.25
1952.7
2887.4
1977.91
2200.98
2882.55
2804.98
2731.42
2186.31
2586.83
6987.94
3102.2
1885.01
2820.72
2947.66
3047.13
1890.52
1690.57
2771.49
2270.04
1631
3528.12
2208.15
1873.32
4739.03
3275.03
1902.75
1806.04
2165.86
3012.74
7109.4
1499.42
3417.54
2800.57
1805.7
3491.17
2328.68
3328.17
2480.85
2345.31
1967.3
3316.83
1847.64
3417.03
3475.72
1852.87
2399.98
2235.39
3745.22
3259.89
2827.13
2866.94
2226.48
1888.88
3224.76
5413.67
1861.74
3427.04
2035.32
4294.58
2027.67
2779.35
1630.14
1618.64
2799.96
1684.39
2264.41
3219.87
2575.67
2327.13
1616.66
2420.95
2455.08
1840.35
1932.12
2213.62
1855.77
3984.06
3264.07
1773.43
1888.17
2108.81
1554.93
4610.49
4043.53
7714.18
1732.32
5772.36
1505.94
3640.15
1926.81
2983
3409.92
1510.15
3802.04
2301.11
2233.68
3262.23
1893.17
1250.79
1629.29
2493.3
2687.98
2877.81
3378.05
3323.07
1601.48
5938.86
3298.15
1794.39
2538.83
1891.23
2373.45
3970.82
1656.59
2201.94
2152.99
3034.37
1983.62
1803.81
1904.23
3031.79
3351.95
2362.35
1857.97
2071
6290.69
1493.4
2300.64
2528.78
1732.77
1782.75
2004.36
2862.44
2992.69
2565.86
2428.1
1729.29
2662.82
1961.93
2862.31
2369.09
2075.67
2933.95
1674.67
2262.46
2917.42
2203.23
1811.66
3273.4
1282.71
1937.03
2794.04
2215.08
3091.72
2409.65
2401.97
10244
2059.45
2045.83
3246.89
4301.09
3391.42
4745.68
1717.65
2507.16
2061.78
2065.78
5340.12
2637.83
1811.54
3487.87
2331.08
2474.26
2131.1
2524.42
2194.97
1573.36
2040.8
2672.86
2121.79
2029.97
3021.18
2800.59
6064.09
1683.71
3804.18
1660.67
2176.59
6268.09
4318.18
1833.56
1969.49
3073.59
2961.45
2358.35
2511.41
1677.69
2439.41
2286.39
2358.7
3613.77
2720.56
2108.18
4348.35
2279.18
1582.27
1584
2259.82
2070.83
2969.89
3746.56
1882.98
3949.91
2894.03
2259.63
2992.43
1950.03
3582.84
3398.59
3153.79
2107.15
2805.46
2754.87
1643.38
2796.59
1868.25
1761.39
5114.8
2158.92
1652.63
2175.73
2036.81
3197.66
2771.56
4364.2
3459.3
3290.86
2376.42
1437.64
3255.88
3730.32
2831.22
2272.62
4337.34
2551.4
2711.02
1276.99
3222.34
2672.71
2873.95
2103.37
2631.98
1691.97
2751.9
4079.42
2444.75
3081.1
2116.2
3497.25
2636.54
2283.13
2835.93
2533.3
2796.94
3079.66
3136.78
3731.69
3907.23
4428.57
2491.59
2060.49
3631.86
1950.55
1915.94
1796.46
3576.82
3441.68
3043.04
2082.42
2587.85
2967.05
3178.2
1849.32
3392.97
1625.12
1636.34
2422.37
2855.59
1306.53
1998.33
1643.97
1457.08
2220.44
2951.21
1474.82
3092.8
3985.91
2351.36
1658.84
2855.62
2257.71
2813.06
1295.71
3623.79
1977.07
2671.51
3044.98
1945.8
2001.07
2600.21
3714.27
2210.17
2603.29
3033.23
2756.54
3158.6
2959.87
1524.48
2361.56
3265.29
2258.19
2605.45
1840.63
1963.47
3575.33
1878.51
3192.5
3748.28
1801.41
3107.07
1753.09
1521.82
2659.5
1948.53
3926.66
2564.54
4891.54
2116.89
4507.61
4253.2
1479.55
1818.51
3176.14
3234.2
3306.58
2544.6
2438.76
4286.55
3970.03
1979.21
2011.59
2582.03
2903.58
2438.81
2613.97
2303.72
7069.98
3334.81
2085.47
2313.14
1902.5
5435.54
2795.48
1740.28
1783.7
4134.12
2708.81
1612.69
3535.32
6431.82
2359
2125.44
3111.12
1736.76
1709.33
1811.22
3052.26
4242.47
2928.14
2207.88
2588.97
2500.96
4487.41
3535.16
6185.77
2075.92
2365.58
2455.18
5431.27
2828.08
2401.73
1710.88
3375.99
3272.99
2276.7
4103.68
3499.97
2290.09
5152.37
2562.52
1643.24
2622.16
2364.66
1673.21
3096.36
5306.71
2242.38
4111.86
1724.41
4681.24
1646.99
2866.71
3306.02
3913.42
1823.39
3023.56
1810.87
3081.02
4282.93
4502.87
3930.13
3899.12
1838.05
2228.44
4208.19
2595.16
3271.75
3921.87
2366.94
2101.42
1688.94
2729.42
2794.94
8428.96
1676.25
1942.34
2081.9
2607.15
1778.91
4122.33
2745.15
2531.23
2631.22
4587.09
2326.95
1591.71
2546.85
2490.5
2502.08
4019.65
2295.42
1981.88
3278.36
2458.52
3569.06
4724.44
1848.96
2579.3
3638.72
2184.73
2907.45
3486.01
4310.32
11892.1
2401.71
1680.63
3915.82
3068.83
2769.11
2979.53
2148.77
2695.33
1740.93
2807.06
1935.55
2578.66
4978.26
2153.21
1875.13
4741.72
3062.12
1927.77
7246.44
1939.09
2299.07
1948.55
3252.25
2019.3
2672.42
3550.17
3661.34
1964.14
1957.62
3211.56
2815.09
3241.02
2300.01
2614.79
4380
6180.37
2857.82
4040.24
2181.9
2414.1
3496.74
1922.04
1633.02
1576.08
4976.46
2340.75
2586.11
3370.34
15263.7
1219.53
4015.01
2995.37
3000.24
3225.2
4901.92
1768.82
2673.02
4006.09
2834.17
3327.81
2004.56
1492.05
2590.85
2333.31
2606.84
1903.1
5266.33
4066.49
2660.01
2172.15
4678.2
1761.81
2622.13
1678.03
4624.65
1856.33
2756.15
1695.92
2075.25
1691.76
2640.89
2705.77
3080.49
2780.59
1853.15
3043.74
4429.21
3072.04
3716.5
1833.17
2066.07
2512.97
3029.16
1740.6
3362.18
2682.15
3464.96
1611.04
3603.69
2650
7130.56
2088.93
3372.52
2389.7
2613.81
4713.63
2518.19
1904.46
1793.58
3695.4
3052
2447.38
1896.6
2921.81
2130.42
1181.2
2780.82
2472.13
2692.69
2131.79
1674.1
1786.67
4049.73
2659.09
4358.75
2884.5
1932.92
2472.69
2675.13
2108.89
2160.31
1417.19
4129.89
5560.49
2435.18
1304.2
4645.82
2196.36
2605.16
1661.6
2837.29
4197.89
5208.09
2089
3875.15
4658.63
3393.36
3108.39
2969.84
2071.7
2366.37
3136.14
2101.46
2392.31
3214.86
2748.92
1728.12
2458.09
3598.87
3801.66
2154.33
2054.54
3746.31
4361.18
3258.67
1568.78
1716.6
4626.58
3084.12
2158.72
2445.95
2287.52
1860.19
4026.51
1625.43
3310.56
2445.9
2709.56
4406.73
2422.55
1706.67
2610.27
3288.67
1707.85
6651.81
2492.12
2027.35
2082.02
2254.67
2254.96
1820.65
5210.53
2360.16
1978.98
2630.19
3874.62
1977.28
2536.99
1575.27
3643.37
4575.2
1950.48
2563.1
2625
2963.71
1779.4
2081.19
2907.66
1536.43
2189.2
2867.79
3011.44
1649.94
3426.41
2541.21
5522.85
4634.53
5005.49
2386.32
3562
2181.69
2830.64
2753.69
3932.91
2908.38
1712.35
2869
2243.1
3563.19
2721.71
2685.2
3180.55
1604.9
3534.03
1820.66
2576.08
2810.83
4148.08
1239.67
7273.52
3167.45
1935.32
3152.71
2143.48
2629.88
2349.95
2054.46
3379.59
2624.02
2106.32
3837.41
5924
1150.56
1588.54
2222.48
3315.22
2190.44
2167.24
2047.71
6516.82
3466.64
2175.61
1894.88
4749.77
2527.05
1766.85
6244.05
1943.62
1706.13
2131.35
1679.76
1930.88
2469.31
3755.62
1844.09
1566.63
3381.74
2898.95
1929.13
1728.45
2059.87
3787.38
3344.65
1912.86
2647.99
3196.24
1597.15
1559.77
2139.6
2803.74
3832.29
1735.41
1987.85
2812.17
2834.61
2055.16
1995.98
1941.75
2356.69
2601.65
2730.15
1869.83
5021.74
2453.92
1730.35
1804.34
1998.78
3194.92
4080.07
2509.76
5054.02
3556.71
2543.17
1293.73
1845.8
2823.73
1772.94
2369.95
2208.4
2217.66
1873.81
2052.65
3047.04
3602.59
2693.41
1691.27
7716.92
2966
1943.6
1604.24
1816.57
1625.71
17657.7
2868.92
1526.16
1763.33
1540.19
2755.36
5243.79
2459.61
2200.96
2644.48
2407.44
2032.22
3406.03
1364.16
3568.12
2310.32
3868.42
2665.87
2028.44
2094.2
1964.69
2826.11
4410.4
3876.84
4935.52
1587.64
3720.73
1826.47
3317.8
4928.13
2623
1917.58
2931.24
3920
4455.45
1975.52
2697
3435.87
3412.77
1816.4
1464.32
2681.03
2032.81
3326.46
2343.22
2010.57
5884.67
2066.4
4589.15
2551.63
1922.91
2213.93
3672.28
3147.28
3204.38
2860.31
2610.06
1972.66
1516.94
2212.71
2842.18
3808.83
5755.82
1715.68
1863.73
3300.48
3798.35
3596.33
2851.37
3158.62
1930.59
2232.91
2614.69
2317.91
3059.44
3621.93
2851.6
4964.98
1569.34
2848.83
2416.61
2435.37
2468.15
3330.08
1656.65
1705.66
2636.75
1624.05
1440.95
3307.34
1928.43
2267.05
3743.79
2651.26
2321.69
2428.82
4624.48
1815.61
9736.99
2909.39
4246.95
3104.51
1650.99
3400.55
3240.33
3462.73
2534.1
2204.6
2232.83
3886.8
2160.98
3250.54
2338.87
5882.05
2266.22
3152.88
7133.16
2903.69
1676.56
3315.04
2144.92
2484.98
2304.93
4172.97
2545.99
2501.34
2677.63
2190.87
1856.29
3709.91
1679.47
1886.18
2205.2
3905.24
5343.04
2652.97
2289.2
1843.46
1973.23
2569.1
2374.32
2947.37
2126.49
5145.25
1687.66
2012.08
1726.7
3387.42
2777.64
4024.19
3223.46
2086.15
2945.03
3044.81
2169.18
3513.67
2196.32
2057.41
3077.63
1752.12
2444.69
2509.07
5024.76
2514.02
3541.31
2931.35
2006.85
3826.07
1739.87
1865.57
1502.3
2085.33
1957.65
3896.26
2303.15
3295.2
2241.07
4431.98
1916.23
3309.18
1682.67
1596.19
1953.09
6141.57
2495.82
2405.53
1627.44
2096.65
2483.06
2806.14
3229.14
2406.53
2379.77
2189.59
2078.01
2079.22
3159.51
1242.42
2908.36
1916.49
2120.96
3006.15
1896.89
1825.19
2089.72
1675.54
2720.76
2178.07
2274.65
1744.87
1851.46
1995.41
1888.14
3370.03
3531.95
2067.08
3052.65
2306.6
3502.85
3325.34
8605.49
5427.82
3948.47
1798.32
2980.67
3416.03
1539.88
1645.35
4971.01
4733.09
2559.39
4417.7
2560.06
1901.75
2838.47
2734.57
2853.57
2293.1
2893.24
1876.77
1716.8
1959.71
1724.44
3567.05
2182.52
4952.75
1332.98
3643.71
10729.8
1754.98
1441.58
3851.41
3159.61
4658.31
4146.59
3194.73
3043.03
1732.29
2033.56
1770.99
2801.05
3797.18
2382.06
2462.27
3520.12
2652.68
2853.83
3994.84
2611.05
2235.51
2159.03
1998.57
5319.13
2742.2
2096.05
1595.52
2529.94
3024.81
1915.68
4649.84
1660.84
2101.11
4827
2526.97
3173.54
2651.14
2742.32
2235.75
1901.05
1794.63
5959.16
3598.99
2615.81
3633.02
1456.03
2767.23
2121.55
1836.94
3519.1
4004.14
2188.94
2116.27
1890.28
2221.23
2791.16
2162.04
1725.3
2706.19
2872.24
1894.22
2038.86
2411.51
2307.12
1915.73
3738.47
2059.5
2177.58
1762.17
2358.71
2284.67
3795.44
2135.02
2423.52
2638.73
2503.88
1792.37
2677.51
5391.44
1958.85
3402.1
1834.43
2090.62
2257.68
2525.22
3575.21
2430.01
3174.45
1873.21
1804.34
2214.58
4735.02
2652.1
2644.61
3318.56
2761.37
2682.88
1363.02
3046.45
2022.47
2791.29
1969
3423.25
4028.6
2753.2
1923.4
3612.87
1781.66
6591.33
2478.22
2867.27
4506.16
2555.94
3300.49
1356.54
2094.55
2059.14
2429.04
2265.17
1507.35
2830.63
4975.23
1447.4
1538.83
2639.91
1904.94
3921.33
3283.65
2624.25
1928.41
2793.76
3364.75
2005.78
2189.66
2622.61
2652.67
1522.05
2630.9
2257.17
3623.46
1929.98
3144.71
2899.89
2736.39
2302
2554.24
4392
2287.08
2107.32
2901.97
2173.62
5159.02
2145.31
1719.2
4013.07
2437.25
2492.47
1689.61
3064.59
2549.12
3946.67
4490.5
3826.76
2092.59
3278.98
2450.74
1862.75
1649.6
4769.61
1769.36
2435.81
1570.34
3820.98
4596.31
3115.18
1881.62
2351.91
3226.16
4628.33
3533.99
2922.77
3168.64
4501.75
1349.98
2405.55
3377.13
2609.42
1692.68
1576.78
1998.01
2916.31
1720.96
2567.73
4105.5
5203.47
1714.87
2885.13
2213.65
2018.32
2485.9
3152.12
2781.7
2520.57
3812.57
1740.46
2598.12
3263.5
1848.3
1652.84
4043.79
5821.66
3087.29
1795.87
1941.12
1665.4
2829.16
2284.74
3174.49
1489.34
1429.92
1851.4
2867.2
2234.24
1521.85
2260.41
2183.76
1227.03
3167.05
1673.53
4546.71
1997.18
2088.02
1577.62
1695.31
2010.24
2268.14
5436.01
1777.2
2603.29
1554.79
6555.82
1680.02
7140.95
2704.12
2281.43
2285.11
3977.89
1660.58
2872.55
3880.02
3645.48
2109.81
2528.16
2603.97
1739.78
1985.36
2588.4
3220.47
4545.51
2887.71
3780.59
4310.61
1765.19
3561.62
4522.35
1730.62
2671.13
2726.93
2393.3
4119.03
3986.43
2858.56
2426.86
1931.8
2224.76
2182.61
3018.25
2508.84
1914.51
2650.9
2854.38
2593.87
2102.15
2184.45
2794.29
2890.79
2500.2
2024.61
3168.43
1762.68
2098.56
2480.82
2182.38
2057.53
2914.94
2858.29
3210.5
1609.04
2372.4
2203.27
2886.86
1931.07
1955.24
1957.7
6866.51
2587.19
2276.42
3715.88
1980.81
2764.01
1947.58
3053.34
2760.81
1743.75
2644.62
2009.12
2595.33
7641.39
2220.3
3236.92
3918.69
1388.63
1883.02
2647.86
2549.05
2531.69
1817.81
2868.41
3504.84
4539.68
1940.06
2735.7
2094.95
2436.86
2140.67
3921.08
1769.59
2795.75
1390.38
2266.3
1884.75
2687.53
2288.93
2408.83
3866.72
2253.47
2251.31
1934.08
1890.2
1914.48
2137.86
5102.49
2656.93
1695.83
3897.99
4542.58
7057.87
7766.22
4432.06
3157.95
3664.44
2735.25
1617.6
2975.66
2325.68
2254.23
2261.71
1513.39
2304.26
4849.22
2018.89
2207.26
2654.33
2156.17
1827.79
1600.39
2676.33
2201.71
2405.84
4542.99
5529.55
3029.54
2152.38
2553.19
4948.94
6005.08
3247.35
2923.19
1867.06
2495.81
3578.21
2206.94
2341.69
2289.44
1777.53
1807.4
3861.23
1976.37
2840.8
4541.36
2324.68
2156.37
1676.59
2517.89
4112.03
4541.89
2389.69
1918.38
4577.6
1752.9
2149.74
2358.57
2986.93
3642.61
2441.01
1775.57
2583.11
1987.62
2521.2
2556.03
2510.45
2115.54
1640.03
1631.43
3076.67
1386.89
2711.06
2630.29
4100.15
2061.18
1672.62
2244.58
1969.25
4118.3
2479.89
1580.93
1847.22
4518.09
3180.02
2071.83
2071.15
2855.4
2412.44
2363.73
2624.71
1922.45
2553.37
2837.07
2084.21
3055.07
1856.31
2644.35
1968.36
1907.54
2183.25
1829.26
1717.59
1658.22
2029.93
3105.99
2903.01
1838.31
2359.18
3355.49
4282.53
2989.82
3103.79
2516.71
3689.68
4982.59
2483.16
1456.1
3040.31
3006.96
1954.75
1996.99
3115.14
2940.6
2547.95
3464.98
1908.34
2038.19
3599.44
3694.05
2288.34
5920.74
1609.25
3198.53
4883.48
1744.98
2928.66
3117.16
2952.6
1667.44
3064.29
2898.29
8399.96
3146.81
3354.86
2120.93
3061.57
1777.01
2000.37
2335.49
2132.46
1422.62
2906.48
1977.54
5244.45
1456.74
1446.16
2706.58
1297.55
3100.93
3062.2
1704.5
2166.29
3243.48
2451.07
2326.1
2288.31
2529.11
2642.81
5024.44
1798.52
2420.81
2250.32
4251.3
6820.31
2432.51
2891.74
2567.03
2071.01
2423.6
2518.15
2154.19
1981.53
1997.35
1799.38
2612.68
2585.4
2146.79
3704.33
2314.17
3174.9
1886.78
3303.35
4342.33
2541.09
2582.18
4173.8
1407.67
1942.44
1700.82
2855.49
1672.69
2540.35
2234.09
2908
1657.51
2283.33
3132.58
7066.37
2550.27
5059.58
3373.67
2233.62
1704.38
2017.63
2911.98
2835.55
2066.04
3320.87
7423.67
2943.07
3752.83
2219.86
1686.43
3070.37
3767.72
2611.86
2324.34
4140.99
1954.17
3387.68
3031.73
2655.76
2406.73
1895.05
3309.43
2603.47
1874.53
2892.21
2023.39
7062.89
1253.86
3438.19
3335.42
2732.51
2799.52
3060.37
2467.14
1881.15
6371.31
1858.34
1983.9
2053.37
2244.95
1516.85
1683.24
3195.89
2222.7
1707.24
2736.38
1474.31
2441.92
3302.32
2738.52
2340.51
2164.05
2181.13
3013.39
1442.73
3748.18
3043.35
2036.15
2033.8
1914.14
3974.8
2659.54
2791.41
2333.87
2599.98
2193.09
3075.88
2159
2007.35
3651.36
3648.08
2387.43
2885.23
3321.23
2872.58
2106.57
2849.95
3887.65
2943.62
2287.59
2769.1
2632.1
2776.23
3276.15
3497.33
3342.69
3863.34
2508.97
1694.34
1714.58
1510.18
3105.37
2318.36
2968.66
1560.44
2844.45
2242.96
2374.84
2153.39
3276.76
1418.51
2057.92
3534.02
5311.26
1859.68
1842.82
1866.33
1859.02
3435.65
2044.56
2335.21
1835.99
1997.71
2742.33
2002.91
2989.1
1595.74
3946.21
1746.62
2022.89
1787.56
11358.4
4922.3
2172.75
3195.46
1913.66
2495.26
1956.13
2723.43
1902.2
1986.71
5031.72
2544.57
3343.96
2029.73
2146
1686.48
3206.55
2598.93
2250.94
1600.06
1854.33
3671.35
2377.43
2478.24
2114.08
1473.93
2052.29
2848.21
1586.86
2533.1
2184.24
2986.3
1702.16
3413.28
4174.44
2986.29
2593.93
1529.41
3997.59
1884.45
2365.4
2842.99
2314.93
3605
1550.77
5841.78
3844.18
5139.76
5376.7
2018.04
2115.65
5466.23
4454.68
3834.78
3036.98
3285.82
2267
3604.75
1307.47
2496.4
3065.35
1453.97
1842.44
1844.66
3078.44
3631.06
1963.7
2406.94
2401.38
3291.46
4126.83
2665.58
2283.21
2611.05
1566.88
2624.77
3320.6
2025.27
1730.93
1749.78
4534.68
3856.98
1952.01
2647.59
1848.25
2786.11
2082.29
3124.95
2430.52
2258.92
2950.05
2615.36
3156.23
2291.58
3033.22
3600.48
3102.14
2993.81
2395.84
2569.48
3515.17
2118.25
2356.75
2306.73
3257.41
1837.28
1989.58
1929.68
2690.27
2237.92
2686.72
2501.56
3252.16
2793.95
2849.97
2604.37
3072.26
1594.58
2337.65
2330.2
2138.45
2107.9
1493.98
3329.93
1843.21
4778.72
2341.62
1670.83
3183.63
2874.17
1957.41
3010.66
2632.81
2428.17
4123.98
2672.39
1818.26
2661.43
2993.23
1872.06
2045.89
2890.18
3994.79
1381.32
2416.13
2774.21
3371.81
2136.01
5036.09
2119.85
2345.3
1967.92
3556.35
1924.95
2618.08
2127.16
3231.29
2324.94
4325.62
3017.78
1766.58
2014.45
2015.8
2485.2
1291.62
2856.88
2434.8
2590.77
1919.42
5231.06
11278.6
1759.41
1885.36
1766.63
7365.5
3172.64
1918.51
2834.75
3375.66
2371.1
2573.55
1615.88
2709.44
2470.51
2447.31
2194.33
1912.67
1794.13
1683.13
2460.99
3283.24
3591.67
1879.57
2900.14
4027.14
2041.22
2638.5
3424.59
3015.1
3870.98
2883.37
1992.59
5435.35
2295.16
2604.79
5105.59
2872.36
1759.85
4112.98
2209.2
3397.59
2369.48
2506.58
2062.26
2304.7
2237.87
2332.08
3539.62
2116.82
1800.61
1488.49
2851.88
1818.18
1906.95
2811.07
2686.36
1624.1
1649.48
2686.96
3113.52
2329.25
4221.8
2350.35
2511.37
2241.92
2027.27
6043.08
2020.85
2181.61
2051.42
1960.13
1651.14
2602.83
2550.2
2078.25
4432.92
2416.79
2770.45
3181.93
1817.67
2665.97
5224.97
1700.2
2502.94
2313.4
3393.06
4598.55
4185.7
2302.53
7701.29
2820.61
2854.99
2345.91
3157.44
1909.11
2517.79
1803.7
3162.82
1986.71
2012.59
2586.95
2086.35
2557.93
2016.41
1685.25
2011.4
5123.62
2065.83
5090.35
3341.08
2442.48
3838.88
2075.05
4748.24
7293.32
4794.13
2414.48
3176.12
4829.75
1869.84
2699.4
2549.14
2986.59
2334.89
2938.54
5038.26
3358.28
1987.91
1629.52
2569.18
2403.16
2038.95
1695.37
4090.63
3164.96
2276.97
4083.73
2004.37
1618.19
1855
2971.74
2057.63
2058.38
2763.88
2813.13
3921.97
3934.14
2451.85
3556.51
6194.68
2206.1
2415.79
2176.51
5105.96
2974.96
1338.91
3494.42
4798.64
2529.72
1938.56
2222.11
2684.52
2317.73
4422.75
2608.97
5889.58
1706.74
1915.5
3042.24
2475.9
2732.15
2957.13
3916.86
4883.58
3163.54
2524.12
2860.84
2219.06
2394.7
4605.61
2076.73
2017.19
4532.58
4192.61
2740.14
3729.79
2255.16
7054.89
3421.55
9172.32
1898.01
2377.52
2888.87
1262.27
2505.73
2821.75
3151.1
3095.46
1868.79
4051.14
1842.04
3471.11
2037.04
1810.59
2555.72
2368.8
1839.72
2209.18
1537.18
1803.03
5179.87
1997.2
5643.17
2422.69
2652.21
1317.81
2630.72
2420.18
4086.6
4592.52
1978.66
2167.11
2046.76
3352.34
1202.96
1845.94
2744.07
1405.73
2094.01
1909.9
2859.97
1938.42
2124.2
2858.08
2331.34
5625.94
2026.45
2249.49
1817.18
2143.35
2796.39
2193.98
2742.12
2983.52
2104.72
4481.14
3232.59
1713.56
9611.31
1581.47
4573.8
2007.05
2860.3
3531
2211.65
2308.74
2733.35
2314.95
2589.78
2020.52
2816.66
3065.07
2919.39
1889.94
2188.3
2620.31
2401.58
1889.23
2372.74
2706.79
2939.43
2318.32
3354.51
1615.31
3039.5
2354.5
2605.96
1626.22
4769.95
2030.59
2906.09
1622.32
3525.34
4441.38
4040.27
2557.01
2355.31
4431.14
2514.75
1882.14
2221.18
3979.56
4382.01
4117.27
1959.88
2208.8
2141.24
2346.06
3634.91
2628.03
1782.76
3227.62
2645.05
1729.32
3843.41
2245.1
3463.48
4898.09
3530.27
4631.44
2010.68
3554.48
2100.94
3916.86
2593.25
1788.7
2735.17
1944.93
1821.95
6338.49
2201.81
1991.39
2868.73
2366.68
1518.62
2427.33
1864.96
1871.87
1714.35
4602.48
2625.67
3145.27
3108.71
2934.79
2655.02
4156.8
2900.68
3478.62
3492.33
2332.13
2431.51
1598
1631.7
2995.35
2059.18
2540.25
1751.39
1526.69
2629.02
4671.87
2573.73
2023.82
3905.4
1413.21
2152.66
4014.15
2345.26
2130.63
2310.17
3877.3
5862.64
3895.93
3460.76
2206.57
1920
2565.86
3150.65
2521.57
2347.76
2270.01
2003.01
2514.97
1753.25
2528.48
2264.95
1525.76
1928.24
2589.71
2689.6
4128.41
1509.16
2766.52
2976.72
3243.77
1714.38
3444.09
2732.85
1596.86
1387.57
2290.37
1701.44
2731.13
3524.98
2115.69
3237.28
3222.76
1718.51
2104.1
1499.82
1877.46
4264.8
2265.25
2587.81
1686.51
1772.46
1938.03
3579.85
1682.95
2288.6
8162.33
2443.43
2036.58
2871.48
2484.56
3410.06
2395.29
2550.86
2008.54
2295.2
2275.93
2712.16
2557.78
2967.07
1957.11
2812.35
2274.39
2456.8
5429.78
2113.88
2518.67
2533.64
2278.03
2196.19
1611.16
1945.07
1657.56
1917.39
3279.64
3534.01
2188.36
1906.12
1880.48
1850.45
2637.82
1577.8
2659.16
1897.1
5188.27
2423.05
4563.89
3947
2534.96
2624.3
1935.07
3063.27
5776.92
2645.2
2190.81
2140.74
2086.61
1509.97
2144.47
2924.19
3107.53
8163.92
2315.16
2314.92
2352.69
2684.86
1677.38
3453.56
2127.66
2670.49
2449.08
1366.91
2601.02
1910.02
1838.28
2285.16
3918.21
4544.95
1952.88
2310.48
2204.61
2598.65
1622.69
2331.31
2827.43
3316.93
1656.08
3389.38
1684.53
2403.26
2363.68
2593.4
2477.87
3444.58
2035.37
1617.64
2006.16
1554.53
2384.78
3616.71
3102.48
2501.83
2783.85
5155.91
1911.74
3465.19
2841.93
7616.73
1852.96
2767.76
2997.25
3006.6
2297.12
2003.3
4336.53
1628.27
6446.61
1934.19
3184.97
5658.42
3633.84
3869.18
2740.36
2627.08
6834.54
5302.71
6042.41
3385.24
2009.99
3092.69
1559
3090.37
3805.02
2436.36
4474.63
1633.85
2514.16
2183.33
3620.63
2399.86
2289.73
3630.99
2359.91
2065.31
2502.31
1773.71
4280.51
3889.58
3417.05
1675.87
2345.73
2989.54
2272.16
2848.18
2101.41
3228.69
1743.25
2899.3
2646.22
2394.44
1507.17
5958.42
1664.48
5483.8
2924.99
1484.85
4420.41
2411.51
2669.23
2335.67
3420.33
5409.82
4130.2
1805.94
2075.07
2560.17
2521.42
3041.94
10346.5
2024.93
2237.5
1991.76
1623.61
2484.66
2656.57
2541.53
2271.42
2251
2473.06
2608.11
1973.07
4466.08
3794.7
2858.29
2731.9
1928.62
2463.08
3045.41
3017.51
2072.39
3063.86
3808.8
2313
2567.69
2027.97
4605.84
1858.29
2801.96
2788.34
1758.5
2808.56
2624.45
3709.98
2827.17
2576.9
3690.16
2023.81
2470.7
2402.67
2601.09
2176.76
1701.76
3045.45
4181.53
2158.86
5725.93
4424.47
2276.06
2365.24
2537.51
1751.09
2382.93
3755.6
1817.64
3248.42
2113.43
4653.49
6511.5
2782.62
1510.65
1802.46
1779.27
6447.8
7349.18
1482.3
1519.6
3638
9510.19
2064.92
4566.76
3108.11
2012.48
3434.21
3739.6
1565.06
2651.95
2226.53
2264.37
3418.19
2422.81
2625.22
4047.9
3436.16
1743.49
2074.96
1948
2147.25
1487.58
1719.38
2275.51
1225.13
1577.68
1927.38
1541.16
4880.61
2298.37
3961.14
1830.28
2676.61
2544.96
2320.03
1740.93
3727.81
4457.01
2056.82
2255.41
3205.63
2421.61
1846.39
1681.25
2360.65
3187.64
5534.35
1657.23
2232.96
1778.72
2786.2
1834
1781.25
2125.31
1871.07
3377.07
1891.58
2284.37
1916.13
2279.32
2947.31
3742.66
3321.03
2399.86
2999.67
1961.9
1726.91
2650.98
2589.18
1919.9
4239.28
2757.53
4804.51
4875.1
2897.19
3018.87
4462.82
1756.53
1887
1787.49
2280.74
4020.55
2124.41
2186.24
3622.85
2089.89
3884.46
2958.87
2143.15
2223.93
1962.52
4258.47
1709.24
1963.57
3969.66
2383.74
1648.5
2182.58
1467.97
1801.13
2876.64
5948.04
3963.75
2344
3423.33
1526.44
3286.46
3980.71
3364.37
2798.46
1734.31
1969.11
2030.57
2296.35
2597.31
2550.83
1428.01
1877.68
4858.85
3647.76
2610.68
2308.72
2017.22
7128.22
4117.51
4448.15
1720.73
1656.71
2109.19
3939.12
5592.16
2108.55
1783.15
2051.32
2786.29
2115.2
1895.55
6650.56
2061.68
3344.85
1644.26
1432.61
2535.4
1558.08
2777.1
2152.98
2076.54
2331.11
3676.69
2840.5
3419.22
2468.99
2768.91
3786.55
3531.06
1820.85
4800.29
3068.7
1753.09
2079.59
2196.2
1720.4
2181.42
3674.35
1855.78
1899.06
2145.32
1917.72
1590.8
1774.47
2918.05
2389.55
2024.77
2996.37
1418.18
4522.25
2979.64
3416.34
2174.58
2054.31
4269.19
2493.17
2019.25
2583.59
6222.7
4527.27
2614.51
5719.22
1517.62
2114.12
1399.5
4003.2
3015.12
2669.2
2351.01
1859.01
1378
1739.12
2416.64
1953.86
3503.68
2003.48
3011.46
2582.8
4712.34
2330.59
2317.07
2854.14
2778.84
1601.72
3993.45
2585.07
2153.5
2492.55
4464.73
1909.39
1402.66
1977.13
2478.51
2149.95
2898.12
1166.88
3001.97
3671.09
1373.38
3481.02
1737.24
2723.13
2776.18
4472.68
1874.89
2028.13
2388.77
2062.52
2940.73
1808.76
2749.92
1935.59
2454.83
4443.05
4609.6
2768.24
4001.35
2307.03
6408.53
3193.07
1807.59
1969.57
2655.64
2560.43
2317.11
2116.74
2515.47
2634.55
2193.33
2613.46
3086.2
2830.95
2521.48
1896.31
2228.62
3049.39
3641.15
1865.91
2620.21
2367.08
3913.34
2224.24
2792.68
2188.3
2222.49
1957.85
1475.89
3133.97
1433.5
1902.47
2060.87
1969.48
1805.46
3409.28
1896.11
6133.62
3109.89
2683.81
2487.47
1554.32
2060.02
3147.58
3434.33
1661.62
2097.42
4125.2
5420.09
5011.37
2029.38
3569.01
1714.69
2355.26
7471.73
1941.2
2526.75
2850.61
3049.05
4528.55
2073.73
4924.53
2277.5
3372.35
1875.17
3430.32
3542.96
1539.6
2759.5
1922.6
7295.5
1989.53
1738.11
5612.75
1809.91
4337.92
3094.07
3035.79
2499.06
1884.34
5185.3
4761.13
2171.55
1790.87
4467.95
2620.13
2242.79
2351.98
1762.66
2120.94
1977.23
1544.62
1926.2
1844.7
2860.19
1817.02
2949.47
2614.79
2460.77
2026.25
2494.21
2698.88
1852.83
2047.65
2034.64
1614.52
2188.35
2362.04
1758.89
1864.12
3488.39
2459.64
3293.05
6080.5
1850.11
1995.81
1663.66
3399.27
1649.98
2915.69
2382.49
1681.82
3538.78
1942.67
2133.94
1762.34
2339.96
1488.41
2469.86
2039.99
4077.06
3229.59
2400.21
2307.77
2388.63
2219.44
4351.39
2696.11
2754.82
1503.3
2234.02
2966.33
2845.25
3170.53
1937.59
4679.07
3249.13
3054.37
2136.63
2770.43
2398.75
2375.07
2666.47
4567.43
1752.19
4071.96
1325.69
3312.79
1714.36
3069.98
3462.87
3609.51
3800.64
2616.08
3509.33
2310.47
2069.13
3161.85
2874.32
2184.36
2954.29
1793.39
2791.04
2753.37
2398.8
2065.54
1686.42
2408.35
2209.95
1681.45
1793.05
2409.5
1953.2
2599.8
4062.97
3727.73
1315.65
3346.01
1482.25
2764.53
1569.11
2299.81
3384.9
3474.76
1911.8
2774.3
5169.37
2015.11
2633.55
3261.5
2703.17
3292.7
2946.51
1932.74
1433.65
2782.2
1740.94
2739.42
1847.87
2571.74
2798.53
2034.97
2711.43
3837.06
2124.24
2686.52
9195.05
3411.56
2668.9
2724.08
4787.5
2648.83
1570.85
2436.03
4485.3
2167.57
2396.99
2713.59
2296.17
5134.32
2476.19
1897.22
2025.45
1479.92
3746.62
3121.54
1999.6
2642.54
2506.02
2776.81
2690.84
1468.31
2942.89
3159.47
1782.89
1464.34
1903.64
2074.8
2689.82
1756.89
2088.77
1400.56
3066.3
3399.27
2177.48
2682.03
4127.89
2248.53
2167.29
4582.12
2216.4
1864.71
2187.7
2898.24
2529.73
1592.41
3642.27
2005.5
2561.18
2855.98
3817.37
2473.11
6804.17
6974.61
3334.72
1415.81
2911.08
2110.41
2904.77
2580.8
1778.06
3778.43
3046.91
2442.94
2316.39
3236
2262.42
2915.9
2467.35
1675.85
3635.05
1516.81
2335.35
2462.77
4122.86
2353.38
2286.01
1914.97
2838.58
3933.51
2840.75
3040.64
2956.84
2037.95
2515.05
1709.53
2398.46
2750.93
2021.68
3128.39
2042.5
3841.83
1736.65
1899.05
4769.81
1884.18
3901.4
1757.04
1610.1
3870.51
3975.74
4418.2
2258.95
1681.08
2530.52
2915.5
4978.54
2868.55
2278.15
3306.27
2080.93
3125.32
2434.13
3508.36
1842.9
2330.79
2584.59
2467.28
2409.6
2703.66
1659.77
2266.55
2257.91
3384.66
9217.03
2383.16
2468.13
2091.73
3334.56
2313.85
3079.8
1777.72
2692.7
7887.11
4182.41
3397.33
5604.96
2689.05
2453.54
2354.33
1995.65
3588.17
2669.78
2002.79
1506.2
1979.46
2356.78
2192.1
4163.18
2398.98
2106.08
2966.4
2621.65
2126.21
2232.79
2881.1
3542.33
2525.65
3065.65
2900.46
1840.89
1954.28
1989.56
2049.78
4644.18
4948.33
4459.19
2538.92
2815.67
1893.19
2114.88
2680.8
1710.28
2668.35
2899.23
2427.71
2961.69
2053.98
2295.88
2131.31
1806.19
1750.11
2252.75
1398.64
2163.88
2521.66
2171.01
2428.87
3355.02
3791.13
2345.83
2089.6
1408.86
1621.96
2849.91
3243.62
1910.72
1886.03
1641.21
1907.24
1891.41
3461.94
2565.14
2723.63
2094.83
4062.39
5038.9
4050.03
2489.6
1908.57
3863.82
1788.34
3540.37
2081.23
2171.82
3415.92
2988.86
3685.07
2817.39
1635.98
2122.33
2302.3
3586.29
2561.28
2925.73
4153.33
2177.96
2177.91
1847.03
1503.5
1566.65
4319.19
2601.71
4860.55
1825.78
3068.42
2640.39
2863.1
1478.12
2116.67
2311.82
3202.06
4200.56
3477.04
4067.49
3160.93
3116.06
2320.13
10338.9
2708.64
2288.39
2426.5
1643.03
2355.87
2628.97
2282.79
1941.75
1791.4
1483.07
1675.67
1933.95
2418.83
2760.03
1787.27
6724.05
2557.24
2034.83
1637.78
3424.78
2802.38
2648.45
1337.2
6813.95
2865.11
2538.29
1840.04
2682.29
1978.09
2691.86
2127.26
2474.82
3042.52
4274.35
2553.26
5584.57
1749.75
1717.88
2033.68
2423.97
5803.42
3468.69
2269.17
5053.31
1993.11
2868.41
2337.1
4528.2
2167.94
1600.49
1549.16
1715.46
1850.54
1884.25
2843.53
2867.71
3050.05
2899.31
4410.39
2999.87
2063.33
2679.16
2200.22
2431.81
3493.58
4338.75
2859.1
3064
2243.32
2001.32
2009.42
1824.46
3153.7
2177.39
1233.61
2534.82
1680.09
2938.68
1657.84
2983.18
2424.92
3058.74
2291.73
2010.66
3519.71
3066.23
3881.98
4221.35
2332.94
1653.1
2669.31
3762.84
2008.39
8718.29
1749.25
3465.93
3642.25
2110.62
2011.4
2169.5
2268.74
1865.33
2660.92
4223.12
2631.93
3097.48
6449.03
2367.44
2607.49
2581.26
2369.99
5238.29
2676.09
2242.14
4548.83
2050.28
2282.88
2060.87
3336.09
2687.75
2754.87
1509.19
2498.46
1359.65
1813.64
5811.17
1402.04
2750.98
1871.41
1711.34
1841.16
3810.77
2426.32
2117.53
2327.19
2432.68
1786.65
2126.94
1974.01
2469.36
2122.79
2893.15
2188.35
2567.35
2744.46
3982.91
3272.32
2362.03
4111.73
2713.52
3507.26
2313.36
2488.11
1721.13
2122.92
4403.86
2372.01
4336.25
2587.2
2658.58
2402.52
3553.95
2443.73
2538.96
3447.18
4209.31
4245.84
1650.61
1616.04
2112.68
3889.39
1928.09
6491.11
2370.54
2960.4
3176.41
2243.99
1749.35
1779.35
3689.86
2149.23
2808.42
2436.17
4065.66
3813.5
3037.41
2089.24
3547.7
1784.18
1335.67
1680.25
2465.09
2471.78
1633.97
2471.63
2638.23
5036.43
2033.99
1750.38
3295.92
2532.74
1629.21
1983.77
4102.54
2185.35
2291.03
2386.86
4322.85
5168.69
1452.13
2901.24
2630.4
2186.48
2891.45
1690.74
3264.26
4473.52
4162.11
3415.33
2157.77
1903.31
3015.5
4000.15
2641.84
2037.95
2763.86
2077.27
1776.84
2869.92
2669.92
2137.01
2564.64
3518.43
3077
2322.96
2705.56
4351.67
2442.68
4735.84
3847.75
1967.23
1461.74
1326.14
5862.87
4312.58
2750.8
2193.85
1655.37
2393.22
6106.95
4550.16
3724.91
2862.38
2460.63
1536.34
4956.55
2396.93
3200.26
2089.65
2949.14
1673
2195.93
1971.27
3677.7
1835.45
4152.96
3190.66
2806.56
1824.15
1608.48
3391.05
3317.68
1936.45
3027.69
3246.15
5235.68
1502.52
2247.19
2247.63
5544.57
1291.43
2905.73
1720.78
2214.88
2223.06
2322.75
1781.18
4008.31
2127.01
1793.47
2194.13
7755.64
3272.08
1853.78
2727.91
2005.82
3799.08
4148.18
3002.13
1781.13
14934
2759.17
4457.45
2296.47
1669.87
3529.71
3744.37
1756.94
2292.2
2814.72
2703.75
2648.61
3070.77
2837.77
4137.11
2903.97
3401.72
4105.24
2365.2
3264.79
2485.57
1297.73
2112.32
1921.1
3517.48
2381.95
1812.49
2459.46
1976.1
2901.96
2529.15
2203.29
2053.1
2295.82
3208
2729.2
1616.94
3480.49
2271.62
2449.37
2152.99
2190.83
3081.6
2622.64
1973.87
3069.6
3889.8
2910.51
2447.43
1580.52
3563.63
2073.44
2891.52
1978.19
2718.64
3807.67
2749.77
3840.5
4132.49
2549.06
2856.5
1580.2
2751.04
2661.56
2821.33
3345.4
2714.72
10759.6
3193.32
2158.85
2133.28
3652.44
5798.28
2218.25
2417.65
2620.33
2445.5
15401.3
2431.27
2587.72
4005.82
1862.38
2331.1
2158.49
1840.86
2168
2900.49
1482.73
4249.99
3611.6
2804.6
6999.11
2488.92
5196.07
2781.14
2948.04
1366.88
4295.2
1763.19
2382.76
2065.38
1712.81
3544.92
3469.76
2784.98
2441.11
2880.59
2368.75
4245.66
1747.2
5467.14
2792.77
2503.59
2037.99
1983.83
3274.78
2306.17
3676.27
4564.73
3457.6
1692.89
3896.57
1345.58
1771.23
2739.16
1822.04
1709.96
3046.19
2379.75
2190.98
3751.3
3454.74
2967.21
2242.01
3810.71
1867.6
3795.03
2421.17
2031.05
2474.13
2110.56
1382.66
3322.64
4872.56
1345.3
2178.47
1430.51
2262.47
3527.99
4737.59
4643.83
2118.33
4846.59
2507.77
4796.51
2320.74
3791.31
1620.03
2615.15
2509.99
2013.21
3599.51
12585.5
2206.35
2688.96
2036.01
4468.08
2538.03
2248.21
1538.01
1715.86
2018.08
1532.59
3350.67
3422.23
2617.41
5489.52
1616.95
1724.27
2385.63
3821.57
1928.5
2287.87
2451.86
2787.84
2179.06
1541.19
2776.85
3104.98
2375.61
2022.21
2664.73
2265.37
1528.75
1929.42
2014.43
6340.95
2349.26
2714.72
2828.87
2842.16
2761.37
1974.21
3130.98
2514.44
3017.8
3428.8
1869.71
5407.4
1985.57
2510.17
2772.82
3484.83
2789.32
3522.58
2761.11
2741.57
2838.03
1951.06
1647.33
3383.01
3010.83
2468.75
2078.94
1863.44
2462.15
1870.87
5329.67
6209.03
2195.03
3047.18
4321.6
2447.89
3085.19
1578.1
3067.26
3085.22
2785.74
1941.61
2969.56
2055.84
1827.75
1926.37
1897.09
1780.21
3465.9
3741.07
1740.95
2197.59
2258.24
2108.77
2314.04
2919.71
1842.8
2071.84
1617.08
6574.2
3048.51
1958.38
1618.61
2136.72
1223.73
4761.38
3396.1
2692.19
1606.6
2443.76
1651.9
2226.02
2804.14
2855.68
3310.7
1608.13
1894.56
2486.02
3506.17
1467.96
4431.76
1471.06
2945.95
5730.36
2646.94
3021.09
1789.98
2248.35
1779.71
2544.24
2328.71
2040.15
2000.55
4159.64
1810.29
2338
3519.33
2802.95
2026.25
2029.73
3919.66
3121.13
1839.6
6165.01
2143.7
2382.78
2595.16
2337.62
2454.33
1903.15
2707.82
3593.89
2146.43
2875.54
2182.83
6887.81
1428.33
1797.48
4896.25
2224.6
1673.25
2028.4
3110.36
4820.79
6200.72
1694.06
1746.73
1702.88
1864.42
7281.85
2718.53
2712.06
2859.67
4849.08
2944.18
4099.32
1686.41
2359.6
2186.64
1746.32
2442.28
2266.66
2042.95
1942.71
2432.29
2046.48
1903.2
2713.02
1565.7
3920.28
2910.95
6292.85
1589.05
2626.82
1753.45
1802.74
2024.68
2606.25
3649.37
2303.3
1609.57
4043.3
2307.16
2692.43
2509.84
1868.82
3646.41
2495.73
2296.99
2503.05
2352.07
3813.78
1823.24
2580.81
2304.81
2578.98
5523.61
1488.32
2405.96
2001.03
4426.73
2583.59
3534.97
2361.95
5442.4
1916.57
2011.75
2121.5
2616.08
1507.75
1779.57
2067.85
2821.32
2700.47
1480.05
2108.13
3114.6
3980.11
2737.48
1532.71
3781.95
2098.66
2127.92
1926.86
2387.31
1733.51
3003.3
4292.32
2115.34
2682.23
3215.13
1851.79
7107.06
2545.9
2640.34
1532.29
1745.69
2876.89
2116.75
3107.1
3024.37
2254.4
2742.33
1434.96
2403.64
3129.73
1758.28
1695.3
5070.46
4792.24
2545.83
1943.81
3464.17
1899.01
2243.61
2940.26
1679.84
2598.36
3140.16
3117
2883.44
1819.92
2912.33
2258.44
1907.37
4584.77
7278.41
2046.78
2497.2
3990.06
2382.24
2065.18
1389.38
4093.67
2376.72
2436.91
6962.21
5629.69
2373.74
1253.63
1717.56
2714.15
2810.5
4831.59
3244.88
2983.41
2742.64
1786.87
1510.68
3274.36
1998.34
2535.86
2693.54
1738.73
3758.73
2586.93
1732.61
2248.79
6197.51
2008.72
4019.13
2583.03
3554.61
3482.21
2152.77
1313.22
2550.79
3254.57
2547.76
2577.15
2509.1
2749.28
2618.37
3418.83
3193.69
1592.74
3752.67
3433.12
1224.15
2735.16
2703.01
3964.27
2116.58
3115.63
4160.25
2092.89
3755.65
1927.7
2210.92
1878.07
2900.08
1831.96
1721.02
2161.83
6794.02
3043.26
2183.13
2288.45
5231.1
1733.6
4023.13
2499.3
1985.83
2049.13
2863.48
2509.42
2180.19
4100.66
3256.73
5829.34
2425.56
1938.01
2950.89
1459.87
3002.97
3740.06
4067.34
2241.31
2010.71
1748.36
1977.47
4416.19
1676.21
2233.47
2148.07
2805.77
2019.13
3044.16
3120.64
3425.54
2775.48
2947.63
3491.35
1539.57
1650.5
3949.33
1886.36
3116.85
2346.02
2329.34
1483.94
2305.6
2026.91
2207.54
2758.39
2735.78
3156.71
1559.22
3680.41
2821.68
2698.1
2759.18
2105.23
2553.2
2285.86
3570.46
2175.07
1935.61
2054.42
3418
1965.44
2585.67
1740.11
2085.95
2797.09
3082.62
2002.39
3635.3
2073.46
3907.47
1369.78
2077.24
1974.07
2177.15
2941.86
5187.04
2576.94
2073.93
2790.87
2315.89
4528.53
2374.42
5351.27
1860.77
2778.56
1875.01
1584.79
1555.42
2005.41
1846.43
1700.43
2315.81
2183.46
3440.5
4325.56
2840.27
2336.87
1524.04
3149.22
1235.8
1879.48
1804.86
2034.9
3664.19
1994.08
4232.65
1850.63
2057.75
1687.77
2919.93
2416.98
2619.08
1973.66
1666.2
1600.62
1623.32
2687.65
3166.97
3156.93
2588.61
1833.77
2420.84
2555.35
4543.08
2068.32
3019.92
2088.26
2005.71
1859.99
2057.76
2369.65
2062
3305.18
3587.85
2004.09
3152.57
5262.69
2411.16
1977.43
1513.56
2674.08
1735.47
2424
5837.19
2421.23
1429.44
2353.82
1464.21
1731.5
2736.15
1860.96
4089.23
2545.08
2957.4
2832.51
2095.65
2687.92
2899.91
2083.13
1556.61
2997.56
2493.97
1815.1
1766.88
2514.78
2251.47
1735.67
1394.47
2296.19
2647.94
2126.22
2008.69
2518.29
1802.42
2429.19
2608.87
1655.03
1645.51
2753.96
2256.33
2020.89
2570.82
4572.7
1967.77
4179.39
2115.47
2235.6
3661.49
2362.62
4214.77
3252.65
4560.3
2387.29
3544.87
1770.58
1755.27
2689.94
1616.49
1612.66
1500.86
2662.94
2410.72
2255.74
2255.92
1424.42
2284.4
2755.03
1750.92
2164.4
2007.93
2880.65
4467.11
2544.87
2749.46
1517.33
2545.63
6096.16
3578.1
2658.64
2052.82
3800.97
3664.74
2133.19
1922.31
1575.94
2020.09
2593.05
1832.18
1730.54
3106.75
2210.34
1835.37
2857.94
1227.75
2772.45
1738.21
1937.01
2343.62
2822.65
2167.01
2103.68
2404.52
2243.1
2594.51
3198.77
3736.1
4427.17
3919.75
2137.97
2436.37
4560.59
1833.33
2492.43
1261.06
2350.33
1974.46
3543.9
2043.38
2703.61
1571.44
3263.69
2249.51
2990.73
7754.24
1822.61
2067.86
2274.25
1712.99
1611.68
2425.3
2827.84
2833.43
5795.15
2571.21
3341.48
1867.06
3634.43
2753.14
3436.17
1591.41
2149.15
3793.79
4209.21
1856.88
2080.29
3527.62
4871.63
2540.29
2119.8
2176.68
2053.51
4251.31
4878.54
4069.44
3783.05
2012.44
1549.25
1901.77
2664.66
2585.9
2434.32
2420.53
1821.72
1852.25
2399.07
2977.66
4371.85
2532.78
2152.53
2665.67
2256.01
1304.9
3028.11
5243.37
2274.43
4386.56
1525.14
5112.85
2748.55
2023.78
2068.88
2741.72
2713.41
5253.44
1818.7
1189.73
2133.51
2870.13
2733.92
2481.9
1717.68
2469.71
2338.98
2428.95
2252.23
4580.18
2025.48
1894.32
3497.95
1542.39
2155.56
19880.2
7682.57
1651.26
3163.34
1875.12
2406.09
3345.73
1640.21
2731.36
2404.13
2566.11
4062.02
2138.2
3126.58
3572.22
3049.13
1733.26
2357.21
5893.16
1910.35
2349.09
1557.58
4794.58
4098.38
1637.89
1845.67
1736.06
3312.47
1733.58
2500.46
2328.96
5675.53
2833.76
2738.66
2464.56
5587.96
2713.12
2874.28
2920.7
3364.78
1823.15
2225.09
2124.7
2307.49
4671.18
5413.9
2709.77
2019.01
2621.98
1272.92
2995.26
3392.48
2365.99
2966.22
2086.5
2684.56
2270.19
2846.19
5396.24
3625.18
5705.35
2129.79
2450.08
4980.35
2846.61
2023.14
2506.58
4321.47
1834.47
1890.36
2021.03
4380.76
1896.41
1670.7
2083.46
2090.83
2035.57
1725.54
2742.53
1729.88
1581.51
1498.39
1376.33
2623.24
1839.13
3959.06
1794.64
2121.33
2709.63
2225.68
1843.57
2559.89
2760.15
2210.7
3392.55
1744.85
3267.77
1735.23
3968.12
2246.35
1952.47
2133.98
4708.32
4146.01
2787
1817.02
1951.41
4458.41
2938.91
3329.62
1701.02
3037.44
1893.59
2176.57
1944.26
2810.96
2487.56
2346.24
2141.8
2215.41
1711.42
6601.12
6052.08
4257.13
3654.32
3333.89
1779.94
2554
1926.05
3007.37
1621.71
4299.36
3109.75
1833.11
5309.05
2727.06
2714.35
4175.39
1832.45
2034.41
1770.83
2623
2449.5
2238.36
2398.11
1703.1
2363.39
3547.49
2803.41
2547.96
1990
1588.57
1638.01
3039.7
2194.35
1996.75
1486.01
2614.76
2535.45
2490.01
2081.72
3598.84
4773.21
3966.55
3022.22
2089.4
2056.54
2454.97
2027.17
3002.99
3396.71
2471.27
4159.61
2187.43
6139.66
1699.85
5491.59
2539.58
5653.69
3148.77
2617.24
2958.93
1739.99
3441.88
2508.27
1967.56
1789.02
2517.76
1917.15
3042.83
1647.29
3156.26
2433.64
2264.2
2485.28
3510.42
2145.96
1641.27
1738.44
3560.96
2521.97
2814.89
3899.67
2077.93
5525.23
1796.07
1936.54
2131.59
3721.74
2772.51
2360.81
3378.39
2376.62
1889.15
2083.13
2756.91
1739.24
3107.95
1954.32
2342.82
2184.84
2465.77
2530.71
3109.52
2383.24
2450.22
4203.35
2119.57
2735.46
2012.24
2155.86
2651.72
4671.44
4500.82
3178.39
2386.87
1914.27
5793.93
1732.71
2472.76
3959.25
3144.9
3129.18
2881.37
1510.41
1340.24
2102.95
7781.9
2734.91
2644.65
3975.45
2652.53
2169.44
1861.91
2964.98
2114.65
3349.49
1701.09
4233.36
2268.78
7278.41
2934.7
1928.31
1414.06
1670.25
2733.87
2383.69
1919.8
2099.26
2919.09
2000.43
1452.98
1725.72
1674.28
1807.26
2046.1
3042.68
1716.61
3042.71
1591.48
2320.96
1757.88
2466.27
1392.91
4928.62
6226.38
2254.73
2110.18
2331.88
2758.56
2122.34
1562.53
3715.43
2214.51
2419.22
2962.56
2415.86
4456.29
1608.78
5405.99
1900.71
3452.95
1971.02
2937.92
2415.26
2335.94
1705.97
1688.47
2299.43
2931.95
3548
3311.36
2778.37
2943.43
2873.31
2836.26
2792.28
2000.7
3975.48
3485.12
2458.37
1995.92
2795.86
2804.34
2351.41
1947.37
2429.27
1624.88
1245.69
3063.51
2108.47
3208.14
2439.95
2053.5
3249
2467.08
3315.43
5751.47
2195.2
1886.83
3391.86
3627.93
1759.94
1903.33
3697.54
2340.07
2300.61
3407.05
3034.68
3311.2
2863.54
3570.76
1977.61
1439.56
3794.12
1811.8
2508.75
2137.02
1775.39
1758.58
2106.61
1849.97
2120.12
3133.76
2200.33
2721.24
2255.6
2996.69
3252.78
4798.84
2166.5
3012.45
1996.79
2545.9
2549.59
3185.7
1591.66
2791.71
3134.26
2350.09
2259.65
2722.43
1587.13
3329.74
3430.03
1631.31
2819.96
2579.73
3643.29
2403.03
1607.28
2004.1
3464.47
1980.09
3733.83
3348.66
1693.37
3166.52
3076.82
3240.81
