14419.8
8926.87
6809.14
9825.98
21532.2
11841.4
11516.1
15132.5
5739.96
7730.73
6335.47
28815.6
31856.6
10027.7
15753.9
7113.17
8855.83
14069.2
13147.4
7273.53
10273.4
15819.5
11086.6
16384.7
10405.7
19143.5
8188.85
7842.69
7088.8
5981
9889.46
11481.5
16388.4
9014.43
11764.6
6556.17
14260.7
6605.89
15809.7
16952.3
6498.62
27458.3
10398.7
7750.45
7928.14
8139.45
23154.2
8241.63
9226.35
25624.8
5845.15
21020.6
10511.2
7906.12
9611.66
11358.5
7111.12
9059.78
7635.7
9376.86
11098.8
5327.64
23326.2
9450.46
7736.32
5978.86
17138.4
6786.1
9364.61
11348.6
18870
5804.36
15792
13751.4
9681.16
28092.9
6329.79
17955.3
7079.12
12526.2
10192.6
12324.1
8552.22
13230.8
13669.5
11045.8
18367.7
5421.66
7011.57
18054
11938.2
7209.28
13581.3
23612.1
6187.35
11711
15284.9
16503.5
12623.8
6685.35
20230
9177.77
10089.9
5979.2
16629.1
17658.7
9024.36
7136.26
31786.5
13960.3
6963.51
21284.7
8572.92
7547.72
7782.73
11245.6
11038
10318.6
7967.48
28043.4
8356.18
7089.34
11593.3
18088.1
9609.78
16213.4
9657.5
6075.32
9275.37
53644.5
9580.2
20665.3
15457.8
6087.06
16077.2
8155.39
7690.35
6993.72
11175.8
13408.7
11366.9
24441
4359.86
8189.04
15097
10667.9
7187.23
6847.57
7292.68
13240.5
11064.6
9071.66
7568.6
24277.7
18774.3
9944.4
27544.5
9164.35
6546.66
24432.5
5508.04
11094
12397.3
13503.8
14254.2
8001.7
17859.6
9648.01
5935.78
9480.4
15813.6
18499.2
5059.94
26669.9
26546.2
9580.31
5558.15
13595.9
24882.1
14620.9
12212.2
9805.56
11497.9
22372.5
7472.38
5561.72
10215.9
12568
17518.2
11221.5
20762.6
11233.4
6963.12
18147
12011.9
10932.6
5650.25
5714.57
10124.8
9249.99
10677.6
7170.25
11987.9
9263.15
14991.9
11598.4
6138.02
20149.6
31884.4
24183.6
13572.5
12578.6
6090.1
7267.34
6544.74
20200.2
10557.9
12057.3
9444.17
7028.72
15203.7
14011.5
14765.9
17101.5
14100
19168.5
10234.5
7359.12
6520.22
8744.63
8088.3
15686.9
12183.7
9600.69
14736.2
7640.75
14919.8
32107.6
12452.7
13014.2
8159.81
18336.3
11399.1
12383.8
7658.29
12583.1
9978.05
15641.6
25418.1
6233.16
9727.33
15463.9
7562.4
6637.66
6699.71
9714.61
11141.3
11545
6710.91
9817.66
17961.5
14291.6
7205.13
5200.46
11027.6
8348.74
5477.98
9210.44
15155.9
14748.5
8568.11
9984.72
22712.4
18626
11692.9
14668.1
11129.5
6160.09
10428.3
10647.4
10245.8
13646.9
8247.52
28825.8
17150.9
7428.07
10408.1
7576.59
6393.47
27276.9
7777.59
6067.16
12538
25380.5
10189.8
23003
18185.5
6765.73
10100.9
14912.2
38938.7
9388.95
19227.1
13822.6
4957.1
7563.82
10243.2
7930.78
8830.09
17678.3
19175.8
6789.43
10436
18466.4
7342.94
13799.5
10680.6
9019.64
18538.8
17810.9
8513.05
13334.5
31880.9
12676.7
7967.62
5539.32
6246.88
21810
8098.22
7708.89
8246.05
5984.11
20199.3
6702.71
10115.5
9218.94
10748.7
10988.2
8334.26
6135.55
11943.7
10153.2
13739.6
15051.7
15437.7
8918.82
11509.2
12980.9
5681.84
10517.7
26506.1
9069.75
19176.7
20173.6
5075.27
23603.2
26498.3
16494.4
9853.15
7828.47
11432.9
14981.7
5755.32
7470.95
8938.25
9674.11
12606
15102.7
22905.9
17265.1
23073.9
5547.11
44377.1
13131.1
6626.34
14835.9
10881.4
4703.4
12352.5
6802.87
15321.6
10530.4
12173.2
7996.82
8162.83
8412.4
21313.9
32022.1
11983.8
6416.93
16588.6
7571.55
14077.5
5029.45
10028.3
5457.65
11915.9
4908.72
25742.7
12041.9
4849.4
15173.8
4765.05
9185.45
8568.84
28078.3
17239.3
7862.51
11384.2
23179
17400.2
11857.2
5811.07
6286.11
10007.7
9000.16
8467.44
9880.97
9746.07
23841.9
5381.92
13022.5
13945.2
18702.7
6321.77
42230.5
8558.75
5580.39
14317.5
13066.9
6753.27
9535.72
5303.2
5444.76
8148.9
10538.8
20733.2
19344.1
12501.1
23916.5
5261.37
6559.68
13336.3
9840.95
16045.2
7115.97
16444.5
9306.91
20869.6
62638.3
7243.72
18217.9
13722.5
5764.89
19577.9
25193.1
11247.7
10408.3
10011.5
6927.26
10103.3
12109.2
6830.27
10286.8
7641.35
16570.1
11116
15727.1
10101.1
70684.4
21812.5
7134.13
16802
7853.88
13250.6
6981.28
9720.63
22170.4
14780.5
9258.06
3097.92
8592.42
6735.22
18916.4
8394.99
9830.14
7625.41
54745.8
5799.38
9405.48
18131.3
8926.86
6342.35
13868.5
7193.41
10290.4
7758.02
11322.8
6952.56
11986.4
8734.64
15071.2
10216.4
10600.8
7368.41
14961.7
12315
6499.53
12567
24027
5685.09
24482.9
17686
22397.4
16306.9
10561
9685.31
16191.4
6819.4
6041.05
5979.34
18153.2
3895.11
6109.34
5781.1
15950.4
15237.3
13287.2
11546.2
23951.8
19494.9
5766.27
14917.2
6166.47
9689.71
15283
12478.1
7119.13
11898.7
6435.26
12214.5
7336.14
8496.7
8419.23
10612.3
7963.26
8588.88
11016.5
8917.54
9991.81
31360.1
8706.61
20741.5
11899.2
10537.8
7579.76
7795.18
9353.44
6138.31
7692.73
7950.78
11874.7
8362.81
13980.1
16092.5
10320.4
19581.9
25497.8
4495.41
11879.6
13549.3
7809.19
9668.45
5796.15
16482.4
15843.4
8225.66
16804.4
11593.1
13047
16705.2
27822.6
8107.8
8683.29
9495.68
14144.7
8404.23
17090.8
7533.61
6171.68
20819.8
7106.57
9026.56
4042.01
9869.48
5802.85
30859.2
9577.27
9112.03
13228
21836
10869.6
6828.58
11112.7
5075.8
5794.4
19016.5
11968.7
6447.58
11809.5
12896.7
4907.75
7254.97
6457.05
13767.7
20243.7
10232.3
7987.97
14365.6
7386.02
7004.72
5174.3
9451.84
10083
8919.64
7965.61
6398.01
11260.7
6361.53
6188.57
6369.09
15086.4
13742.3
15017.9
4248.07
7741.42
9491.8
7178.35
8407.51
10244.8
20672.7
5808.87
8466.63
11805
19428.2
23342.6
6565.15
7264.24
8223.61
5125.54
9434.59
6865.02
13194.1
21883.3
9549.72
4280.79
8581.95
4079.24
12672
29081.2
12979.7
8971.26
6880.79
7281.63
8347.32
16242.3
5579.15
6523.77
17367.8
10344.4
7155.62
7508.56
7176.09
14923.4
13573.3
7318.92
13953.1
6404.35
9852.67
13684.9
8027.19
9723.87
12003.5
12134.6
11842.7
6871.42
8276.54
37529.5
8865.06
5120.43
8839.64
8944.53
6380.42
28658.5
15053.7
9114.97
10095.8
10451.8
6748.74
37650.1
9330.52
5880.11
7698.13
16693.8
12689.8
6284.94
16141.8
9836.56
16424.6
15896.6
7024.63
21533.2
20137.5
5235.49
7706.43
9948.54
6641.49
12024.4
9291.72
14436.2
10737.8
12068.2
7172.77
12544.4
20909.3
12293
4909.04
12273.3
14580.7
8956.09
6660.71
11321.7
15868.3
13216.8
9844.59
11364.4
16992.8
12362.4
12296.1
15978.3
16193.5
9381.11
9711.51
8347.71
8817.52
12050.5
12994.5
36673.6
8940.07
8955.82
32096.4
12361
19388
7522.27
12834.8
12182.9
14534.6
30183.8
6402.43
13717.5
8686.54
12307
10442
4150.47
6423.64
14969.8
7217.46
9539.55
11298.4
7096.71
6026.48
19335.2
11767.9
4914.72
18256.2
19093.1
6219.27
9101.28
13822.3
12757.5
6278.78
5937.73
15581.9
6428.33
5555.07
11622.1
4741.33
12433.9
16395.4
23627.5
8065.2
7109.49
9938.95
9407.68
13668.8
22137.3
4898.02
20250.9
7388.59
10864.8
17439.4
6181.35
12331.4
12615
26190.1
8112.75
6283.14
18691.6
22556.2
16368.9
7864.15
16376.8
6916.87
10312.2
3922.73
11780.8
9178.7
9845.66
8150.81
15760.2
6915.09
10503.2
24529.6
5696.13
4583.55
11738.2
11226.9
25818.3
14713.4
8942.25
5076.92
15086.6
15462.8
8879.78
14273.4
18496.7
59247.3
9632.01
19965.9
9055.05
11075.3
15619.5
6497.38
13809.9
15425.8
16488.1
7331.45
13078.4
18544.6
21136.1
5396.73
6387.17
5822.6
5243.35
24009
16149.2
7419.6
5960.67
8032.28
32797.5
12083.4
8279.65
11696.3
6310.22
6953.83
5569.59
6869.69
25503.9
7622.21
7335.83
11907.9
16108.5
7920.96
10793.1
9765.1
19472.8
7762.56
22735.7
10557.7
16066.4
9286.13
10940.2
12859.8
5718.34
8269.92
6861.34
7509.11
16206.7
9344.2
5603.7
16487.6
12338
9132.83
14657.3
30744.5
11621.8
9894.44
14958.6
18047.5
31134.9
63962
16664.6
19108.8
21392.2
10760.3
6718.15
27384.9
18345.2
14692.8
8751.2
19751.2
5201.29
4521.79
4138.86
11272
8722.19
9119.43
13580.4
10551.8
28304
10693.2
8879.06
33853.5
9352.4
7571.54
5534.34
13484
15070.3
34418.2
16704.5
11833.5
7493.1
17044.4
20308.8
12664.2
5162.25
15154.1
19494.2
7007.29
5696.32
44465.8
7429.66
6614.31
17480.2
9466.92
5470.52
14051.1
5943.2
36002.8
7556.68
15219
7593.52
16012.7
6216.87
9984.52
7465.01
16372.6
4917.28
7746.87
24707
6303.09
13988.9
7591.53
6566.05
8065.36
6910.22
18445.4
9565.87
8404.86
7495.05
8186.03
12139.2
12994.7
7275.12
9330.21
21326.5
17714
9248.65
5208.84
47900.3
11548.8
12031.1
23132.8
22634.5
7616.93
22097
8636.54
9672.97
10843.6
15479.3
47638.6
7697.54
13416.3
5426.28
10508.3
38720.5
11869.1
6103.27
9231.35
9834.44
8089.98
27820.5
10416.8
7702.8
17120.4
8062.74
36233.9
26895.3
15754.5
12699.7
12552.1
7279.37
7175.09
8753.27
9919.99
6247.1
8184.52
11154.1
10286.7
6916.56
13425
30007.5
23831.5
14166.8
12549.5
24631.7
9738.78
5238.43
14658.6
6103.43
5162.12
9393.67
24321.2
13659.5
16218.6
5588.04
5881.69
20540.2
26628.5
14089.7
9981.61
10046.7
6385.43
10631.3
22961
37677.4
16244.1
8259.96
21657.6
17049.3
13635.2
13735
5012.99
5164.95
13370.4
17723.4
20178.4
12443.3
8461.55
20315.9
7749.4
7861.01
16186.9
15457.8
6678.56
9997.86
8072.82
9177.76
5185.08
7598.51
6178.09
6527.39
46169
10489.1
12320.8
25347.1
5170.15
9102.03
18334.6
20288.4
10497.1
6992.03
18530.1
13680.7
14656.9
11098.4
20214.3
8890.6
9812.45
29992.5
15857.2
6722.39
13616.5
10496.4
5145.12
10382.3
11132.3
6593.59
17495.1
8589.59
4503.68
7936.3
13057.8
8679.4
10488.1
8790.45
11850.6
9782.63
8475.09
5462.94
10183.7
20584
14653.9
11710.1
11418.8
10543.4
24340.5
8969.97
26161.9
7562.14
19670.3
42397.1
13251.5
14071.5
11460.3
4808.66
5543.62
5559.92
17456.5
11627.7
8750.35
29602.9
7714.42
11617
11174
8298.07
28975.8
20376.1
21874.3
9075.55
9840.99
13085.1
13387.1
9154.43
23264.1
18333
19707.2
10881.3
11559.1
15990
15465.7
9389.91
9220.3
10942.8
13833.1
6903.55
8206.87
13453.2
10235.2
12919.5
13581.7
9678.51
20085
26428.3
18295.3
7013.52
13798.3
13285.8
24309.3
13123
13908.1
10544.7
8136.83
20110.2
5289.49
16427.1
7184.36
34433.9
15127.1
9579.22
7579.09
14462
17298.8
19633.6
12242.1
30831.8
6112.39
14035.2
11142.7
12046.1
10131.3
10839.1
11825.3
8629.98
16977.8
88105.2
7604.25
12218.6
18865.8
8950.98
9108.48
9596.79
11290.1
6741.33
9499.25
16883.7
32330.4
7136.1
16792.9
5373.88
12194.5
6881.38
22418.2
20398.4
13444
10448.2
7441.71
9164.95
19142.8
8360.61
12808.2
24190.4
7436.32
8991.19
10974.8
8340.35
9274.32
17531.7
8684.36
8274
12615.8
10372.8
20289.7
14699.7
16777.2
8365.67
14219.9
13177.9
9467.7
9446.55
9994.26
17112.8
11269.3
5064.28
15650.8
10967
6848.54
19947.9
11214.6
14592.3
6612.52
12394.4
8769.94
14749.3
6523.27
7735.94
14515.3
8533.88
13438.6
8517.08
8847.34
8417.61
16702.7
13892
4897.39
5441.48
4324.17
5612.82
6355.24
15311.1
15587.7
8786.6
23123.7
16641.4
18870.2
78281.2
12835.2
8843.83
5975.39
13474.1
16514.3
9402.84
10056.1
10279.6
20989
27862.7
11784.2
14255.5
5907.88
14844.4
13871.4
21392.6
13512.1
7544.11
11223.9
7856.32
9746.78
9309.55
7713.9
5687.48
12219.8
5710.2
10844.9
7395.5
8285.19
29775.7
25433.4
10664.6
9016.78
6764.41
21473.5
13911.7
8967.44
16439.4
11505.3
9098.72
17548.9
11919.3
16049.8
48172.7
7230.88
17769
11065.2
5421.53
6310.93
8650.52
8582.69
5185.34
18577.6
11655.1
12635.5
14404.5
7584.16
7869.61
14533.5
18582.2
18509.2
15959.4
7663.62
19037.7
8898.76
6079.54
6174.76
10350.9
23227
8578.27
7545.64
7581.77
38787.6
8139.4
12091.1
9083.08
14595.1
14748
7808.2
14037.8
13131.7
7335.25
9734.09
7793.04
11069.3
9551.9
9784.19
11505.3
3735.53
7524.73
11362.5
15610.7
11057.1
11550.6
10146.3
17290.5
41244.7
13827
6998.25
14213.3
12340
10956.2
8045.87
6080.45
20961.5
7384.8
7707.48
12227.3
15097.9
12279.6
10759.9
6479.09
8058.91
11100.8
11154.1
5905.47
25554.5
10595.7
13738.4
12051.1
25348.5
11716.6
27616.9
8331.43
14979.2
10931.3
21992.7
25567.5
14610.6
11268.8
14913.4
9825.01
10033.2
22769.8
15031.3
15108.2
11670.8
8962.23
6838.3
21999
5281.34
7653.46
7096.29
7862.48
11601.8
7702.96
15801.6
10821.5
8288.65
13566
29593.7
14013.2
6445.07
11507.9
10396.2
6442.41
11956.8
14922.5
13141.6
22178.8
5285.82
9926.5
6561.15
12992.1
14590.2
11328.8
14962.1
6481.15
5655.78
11132.8
23263
9237.58
6159.1
14855.3
8776.93
11429.4
15041.2
14160.3
5972.03
9464.05
8647.23
10136.9
12927.2
11576.4
9683.1
39485.2
14202.8
10787.3
8869.8
6515.33
12070.5
9107.24
19865.2
21632.6
10591.4
18194.7
5398.95
30637
17847
13994.6
6983.45
19191.1
10604.9
22934.1
13808.9
8648.04
7995.4
31046
16382.8
20977.5
10754.3
8312.34
14111.1
13810.2
8014.6
22318.7
91618.1
8610.95
6249.58
19963.6
9892.99
13984.2
23589.7
9521.26
15267.8
10794.2
46611.1
9669.56
8781.41
9559.38
12076
5208.26
13748
7820.16
5447.36
4925.65
7376.82
9192.2
6981.39
15279.7
20870.3
6515.45
11926.7
10221.3
9096.67
25618.6
12690.5
6785.19
9204.92
11120.1
9274.49
8349.25
18771.6
6765.12
9385.4
12014.8
11312.8
62914.9
7688.65
7578.33
7537.58
10545.9
7620.96
15900.1
13198.4
7078.57
8564.32
10631
9147.55
8681.09
28300.3
10670.8
61145
6623.75
5580.56
22019.2
6612.58
11667.3
8211.59
12494
9733.85
19532.3
16314.4
11156.3
12450.1
16557.8
15272.3
12040
8552.19
24458.3
9364.85
7445.42
10963
6532.49
15139.5
5685.95
11023.1
16676.9
9436.64
4133.34
13194.1
9564.68
11417.8
6833.89
7450.64
4403.41
15159.6
12242.8
7601.43
9633.06
6516.36
23441.1
11979.4
12353.9
7199.8
8137.61
16105.6
29190.1
17004.1
15148.8
6401.11
6656
12950
15887.8
9463.7
7163.52
20157.8
7066.1
6137.83
22689.4
18729.3
11253.8
16289.8
4784.33
8863.68
20325.6
26303.3
18305.2
4797.52
19598.8
16267
33561.5
13448.2
5131.19
10185.7
19118.9
11394.9
9073.43
6780.6
8158.44
5439.44
10366.3
11642.6
7209.15
7766.35
6663.38
10835.2
7831.64
28143
19094.3
6012.05
7208.43
8249.99
25911.5
9584.39
6328.39
6064.85
29729.3
17671.6
8305.39
9001.45
27476.5
6413.99
7685.66
13550.4
6808.72
16133
31751.3
6283.09
5459.79
18837.8
8713.69
13774.3
25181
6888.58
14169
5935.7
8563.63
16219.1
9668.47
25490.9
8003.75
9415.12
9100.25
12135
7730.35
8951.63
7455.58
13382.6
12446.4
18275.6
9739.8
9331.81
36984
21334.9
8369.67
7119.16
17567.8
6914.81
7868.2
8171.95
9342.78
16866.9
9935.22
6109.38
7216.7
26459.4
5892.41
12599
13240.4
9019.63
16278.3
11327
5101.76
9390.79
12154.2
11810.8
5721.2
6741.26
22641.7
11344.7
19453.2
4734.32
9364.53
16140.2
14669.7
8846.7
8465.59
32051.1
39018.9
7016.6
18458.2
14420.5
19581
12547
9819.26
36294.8
5354.86
10330.2
12519.3
10209
8611.49
13912.5
9542.49
13684.2
11516.8
13289.2
15159.3
5632.29
9057.08
29788.7
7807.12
20572.3
5854.64
12337.7
6737.42
8208.85
10191.1
6337.88
19645.9
9039.85
20444.5
6582.34
15735.7
9422
26167.6
18615.1
13906.9
4008.17
66052.9
30370.7
10575.1
11770.3
11266.9
16874.3
17363.8
25298
29842.3
5968.84
7186.79
11263.5
24013.6
9328.08
11162.1
12183.4
31013.5
15980.6
6681.13
11294.4
10728.5
4954.22
12424.6
18229.7
6763.17
13396.9
7777.8
29262
14025.8
12440.7
14760.7
4037.2
8107.72
5401.37
16392.9
8753.31
20758.8
11326
40893.4
10410.3
14623.9
17716.7
9672.97
9403.58
11415.3
12325.4
7014.23
17823.3
10303.5
7317.39
17567.3
16052.4
12293.5
6721.94
7183.96
6976.6
13704.5
10456.8
18399.1
7546.16
9145.31
22010.9
6960.66
7194
28768.8
9035.06
16987
15227.5
13318.7
11356.9
11013.8
22799.8
15623.6
11449.2
16256.5
21023.1
10453.6
11287.1
10256.1
22396.3
9861.47
46378.4
7686.68
4143.7
9477.76
9700.85
6433.6
8217.56
14984.9
5901.55
13493.4
11507.2
12284.6
5869.21
6485.91
12523.4
7563.37
5753.87
9535.98
6832.36
9098.41
12038.2
6846.09
4438.78
15163.2
11295.7
19036.6
34590.4
10056.8
20458.6
10636.8
17300
39683
19290.6
10813
11008
13983.4
21975.7
7950.02
7769.58
7940.24
6784.69
8160.81
5335.17
7428.38
12795.4
6615.15
4076.28
6866.04
9590.67
6234.8
10092.1
11183.9
7327.24
14110.6
15970.3
14574.1
11340.1
14555.2
16714
20200.1
9135.63
24088
8742.94
11895.5
6495.26
15060.9
11083.7
8017.88
8077.31
10435.9
13474.1
8417.31
8928.72
6243.84
10079.5
8721.41
5692.19
8796.29
4992.26
8051.51
8096.28
10964.5
5001.04
7831.73
12833.3
7286.05
9142.11
13035.2
5117.08
7081.01
7687.19
11158.1
16678.8
14484.6
9734.6
8547.79
8860.74
10680.3
6034.61
21997.3
11254
8008.8
7009.78
17246.6
9632.16
13423.2
25968
18432.7
7825.25
16771.4
13115.7
9246.33
8194.13
12849.1
10031.4
40010.6
6319.72
4132.69
7744.91
14254.6
10286.8
18698.7
6221.97
11203.4
21151
20600.6
7224.98
18099.2
11875.4
9650.72
7959.78
19453.4
20348.6
12980.3
9375.92
6848.61
7644.2
39743.2
4474.09
6621.62
13070.4
16998.6
30866.4
14230.3
7438.07
7367.08
18809.5
13470.6
23009.5
10054.4
6887.81
16302.2
21233.1
8582.45
9372.53
17389.4
10418.2
12688.1
14724.8
12610.4
10107.4
7398.85
7371.52
7389.13
13604.8
7155.94
8571.1
14062.1
13838.4
8124.08
9676.81
36820.5
9501.93
11418
19855.9
7191.87
7415.29
15915
8137.54
6094.36
14549.4
6209.71
4454.55
5695.48
9311.76
20497.6
5285.16
13475.6
10947.1
5050.4
8762.5
5226.25
6099.9
6290.73
8928.74
9022.87
7619.26
7091.8
7611.23
12884.2
29745.1
6613.66
8148.28
7946.97
7868.08
5847.4
4343.36
6815.79
20844.4
23783.6
5647.99
42041.4
10239.6
7705.31
18403.8
19100.2
11393
21856.8
4686.78
8825.58
12671.7
5355.2
17761.9
12044.3
18633.2
9773.89
5897.8
17921.3
7028.17
9081.34
9886.3
9357.7
16895.9
8337.58
10069.9
15918.5
9523.92
19925.1
6860.34
6769.6
4834.37
8378.69
7986.27
9146.04
16305.8
7024.8
6710.76
29153
9082.09
13815.4
12286.7
28632.6
13068.2
9185.41
13948.7
12749.2
5946.62
7135.08
11474.8
12399.9
9209.73
14341
7498.31
9928.12
9534.93
26088.9
7738.44
31841.2
11738
19429.3
13129.8
14082
14459.3
12989.6
11522.9
12108.1
12682.3
8497.91
8890.27
11557.7
9963.67
11024.9
15663.9
23824.7
4010.08
14649.6
16372.2
5992.12
10867
12219.7
10160.9
12947.7
18741
20178
7520.34
7612.92
13502.3
6792.05
12940.6
11230
11209.9
9335.51
8779.19
11630.3
7311.97
5032.35
16285
13875.8
18837.6
6319.99
17736
12216.7
9051.78
7572.68
11240
7971.04
5358.9
7949.64
14828.4
13334.7
12576.3
5835.43
7987.3
11772.7
7155.57
8107.33
10516.7
7504.13
26688.5
23804.2
18643
18528.4
10366
10413.7
8396.95
6447.62
12737.1
6014.33
7770.22
6732.61
8954.35
6528.96
5558.49
8373.48
4176.85
9822.88
7863.39
6880.49
11870.3
7718.39
45948.3
6666.2
12512.3
8663.89
7879.32
7033.23
7473.5
5645.95
5971.24
5804.87
7256.1
8120.9
8114.76
19057.5
8185.31
5878.53
5434.98
10405.1
11850.5
21021.4
5320.27
28809.4
9596.19
11825.4
15061.6
12807.6
5978.37
18157.4
16465.7
6958.78
13446.4
8897.24
14430.3
13937.5
29701.4
14913
12786.7
12201.6
9497.35
6781.07
7176.34
10012.9
6247.57
7554.47
17583
10801.5
13059.2
8030.07
8952.68
9109.25
6694.51
10513.2
11661.6
16061.2
8630.83
11313.2
8295.21
12737.7
12682.1
6423.13
10962.7
11579.3
8113.77
9494.21
6568.3
9674.44
11161.8
7571.06
18554
7116.15
8011.58
45205.7
7689.09
20044
13491.7
10883.8
12070.2
5578.65
8902.81
18827.5
35094.1
14669.7
8166.58
6656.47
14009.9
7093.59
8468.33
11917.5
28121.4
5852.08
8317.44
20677.4
4450.47
16893.4
8783.74
24157.7
7032.19
7770.95
9753.27
6928.68
6319.09
13056.2
14009.8
6719.91
10854.5
8933.16
30229.4
14117.7
8576.54
5997.82
9334.59
15153.2
4497.1
12148.1
8975.54
76035.6
5174.37
11894.6
10694.8
13077.3
11869
28907.9
6576.83
13562.9
55415.3
8233.92
12953.9
5461.32
11147.2
8527.8
28608.4
20785.8
10604.8
8958.05
16439.3
14816.2
9904.05
15503.6
7210.54
21082.7
13123
5311.65
10458.8
6720.87
7665.08
7514.71
14453.3
13397.4
27092.8
5983.7
11060.3
7227.22
14700.1
16448.9
13438.6
11354.8
13685
11615.1
19081.4
6687.46
9178.95
5449.43
7541.2
14212.1
7439.18
15391.7
15689.2
3992.9
4950.58
7764.14
4846.78
9108.32
12490.1
14540.6
18255.7
13238.3
9336.97
48009.1
10403
9825.8
9778.78
18345
5267.57
13128.7
13073.8
22199.3
17892.2
7048.1
17598.3
16659.5
6941.1
8441.64
6339.24
8805.67
16610.9
25027.6
9638.15
9975.38
5747.59
10290.8
7349.39
5665.52
17085.1
20114.9
47933.4
24730
9897.62
7615.73
13385.1
8518.52
6052.08
7387.28
6169.59
7021.74
19635
15751.5
5438.91
31028.9
7303.85
15717
8473.72
21945.6
21735
14044.6
12274.3
5410.24
8552.71
3745.34
7470.13
8841.98
14266
28379.7
12296.9
16107.7
9027.21
15438.3
17248
20918.7
11904.5
9056.63
16619.2
7063.13
27066.8
13478.7
8925.66
9546.77
13921.4
5608.74
6641.76
6355.39
11424
15063.5
20936.5
7633.33
11155
7903.15
15763
5100.16
5132.15
6171.57
29397.6
7730.1
16109.8
10326.2
7201.62
25803.3
12965
5793.45
7045.92
6397.21
7761.98
17389.7
7557.63
16282.4
5957.34
4919.09
8824.75
21813.4
48068.3
12298.6
14921.8
7676.99
8522.74
6049.89
11491.9
10145.4
19395.9
5982.61
13073
5168.98
20190
8547.73
16655.7
15793.6
6195.81
21403.2
10822.1
5708.45
12690.6
7645.35
9871.12
7632.16
6869.93
14165.8
4939.99
5469.51
9421.69
29207.1
18451.1
7570.73
13525.7
24969.9
9530.35
6475.38
12618.4
7419.46
18501.3
8092.92
12806.9
16666.1
22778.1
66262.3
5568.78
13211.1
10169.4
6532.46
15839.3
11714.7
8175.17
7140.21
14753.1
8479.09
17355
39863.3
10067.1
12694.1
6327.09
21901.7
15793.7
15651.7
25038.4
15542.1
14332.3
14228.1
5657.41
9303.04
7775.47
8983.04
7006.27
5997.8
11109.7
14089.6
14220.3
13808.8
7458.64
8766.83
36363.7
8544.37
8810.34
10534.5
7665.87
7443.6
4389.88
23838.5
7662.52
15763.2
9802.38
8689.59
16058
22713.5
7897.92
14028.1
17226.9
10249.8
21033.5
8845.7
11011.8
15347.6
13154.3
12191.1
9364.33
9262.01
9518.84
13517.3
7475.26
6474.46
24419
13806.5
8987.65
7496.42
11315
17065.8
19623.4
10600.6
23125.8
15060
9388.79
20660
8198.43
6557.41
9710.02
7676.48
10729.3
10950.6
6995.92
11047.3
6872.63
13052.1
8592
11554.4
7267.48
15554.7
9624.17
13601.4
8871.95
4817.21
9478.38
24194.5
13576.4
8738.63
7273.54
9180.77
11065.8
14846.7
21183.2
23332.7
9240.12
8359.76
14137.7
12750.1
16598.4
18283
13712.3
8461.1
17832.2
16330.4
9701.24
8650.92
6516.55
16184
64644.2
6052.77
9911.28
9676.69
4386.61
29769.3
7479.85
10040.1
6693.78
6131.42
10216.9
8856.76
7614.6
7897.96
9962.04
7777.33
7559.26
8962.72
7199.58
7562.39
9484.4
9240.26
12091.9
9091.25
14508.9
9987.86
17841.8
6367.41
9263.14
11954
8139.04
16435.4
9061.7
10029.4
12232.2
11167.1
5354.84
9155.97
8984.27
14218.4
15364.8
16927.9
9991.13
5667.77
13581.7
4831.86
18245.9
10406.5
16345.9
4020.3
7324.57
15927.9
10696.9
7568.38
8151.35
16909.9
7005.47
8918.02
4557.77
6185.33
13239.8
9536.15
30720.3
23200.4
6283.88
5474.4
4461.5
20393.1
23823.5
9024.11
9357.59
12582
8337.35
23100
7382.6
9229.21
14745.9
10267.1
7675.67
6284.71
7302.09
4969.45
13773.3
22099.9
17608
10085.9
14203.6
8762.52
22887
12050.2
37608.8
15800.2
12698.3
7488.13
11798.6
19635.6
15596.2
11264.8
7308.69
12752.6
14068
13646.1
18229.5
6063.41
12727
7728.78
11681.5
7293.84
8403.88
17118.3
7976.53
7567.28
7539.15
14346.3
5979.34
8559.5
20045.3
22958.2
10702.3
11439.8
18565
5829.8
13752.6
16847
20357.2
7468.05
26040.3
17282
18026.5
14382.4
36668.9
14626
5136.8
12807.4
7940.99
9782.31
27948.7
14984
4829.05
6868.47
6343.91
10196.4
26708.9
27548
37791.6
10630.7
6210.51
12044.5
15320.3
11064.2
20832.1
9411.88
11905.6
11672.6
14138.2
8671.08
10811.8
12348.8
3985.28
20399.2
14776.3
5493.93
9855.58
7345.19
8763.41
12628.6
9345.73
19245.7
6898.12
6491.32
7225.78
9034.62
21823.4
5990.53
19000.6
14980.1
15603.1
22536.8
18708.6
7649.14
4633.55
13759.9
9823.36
23093.9
5841.38
14975
7874.25
8189.18
7142.11
22572.1
13570.7
6831.16
9145.12
8450.84
12078.7
6771.04
8522.83
10030.2
18170.6
14122.8
20906.7
11912.8
9269.85
16403.7
13337.6
6532.11
11481.2
9158.72
18943.4
4154.93
9098.29
9746.89
9650.94
6148.76
9965.22
10002.9
8755.37
8492.53
5848.78
13833.7
12516.1
11713.8
16709.5
9398.7
10087.1
6184.64
11975.7
7947.04
16447.4
16943.1
8809.91
33195.8
21820.8
14918.8
12579.6
5256.7
12756.5
6454.83
9780.42
5011.65
3994.84
6176.19
10799
12168
6346.64
4657.25
25933.6
8579.33
5091.52
7494.78
15019.5
45554.3
13497.7
10984.9
6873.25
7226.07
5839.32
5494.54
17170.1
20429
13823.4
18969.9
26937.5
26970.9
11568.1
8845.93
12033.4
22651.4
25467.6
9516.82
9626.91
9464.25
10011.5
9949.72
6061.34
13777.1
4361.98
10156.5
8188.23
6174.97
12918.9
6936.26
11272.7
10723.8
6913.54
6215.37
9411.84
14627.9
5736.41
6265.15
6885.83
8020.56
15610
10399.4
5470.61
8646.83
12598.5
14748.7
8417.1
11544.8
28103.5
6602
6202.59
10161.1
19633.8
18786.5
22626.7
9024.37
17121.8
6672.01
4763.39
8420.55
10693.6
7992.54
7227.86
7573.61
15165.8
29279.4
27702
9704.98
11950.2
28395.3
10244.6
8989.37
7806.47
6671.19
12751.9
6565.44
16790.7
4890.83
6590.33
8113.35
21169.3
11774.7
19982
34689.4
6961.32
7118.56
5018.87
5833.56
8106.27
13342.2
10401.3
13250.9
5415.72
9056.2
6505.57
9743.59
11666.6
7278.42
10738.1
13504.2
9346.86
9162.21
12840.2
19128.3
14736.2
20595.5
7413.42
12787.6
11497.3
12810.2
20364.9
5429.94
7263.7
22603.2
5748.79
13808.8
4680.56
32101.4
16303.9
7997.55
12232.4
7365.03
33871.5
26076
15231.4
15007.4
7007.75
9459.07
8834.22
6667.05
6566.12
9882.92
5787.3
10195.9
6257.78
8151.46
4945.1
4951.34
21877.6
8018.85
17272.4
15949.9
15119.1
20117.2
5847.67
7975.35
14356.7
11101.6
7638.28
6750.72
9871.61
12744.6
8415.67
9064.21
6910.27
13167.9
12812
8488.02
41293
8616.08
8944.2
16923.6
4288.5
7959.31
9776.99
11234.9
5618.55
17166.4
8838.42
11786.8
6373.63
13228.2
4542.08
14921.3
5854.82
6369.56
13672.3
58853.2
10499.3
10043.2
22450.5
12720.1
6800.85
7739.26
8508.92
5914.48
38502.9
11013.4
5609.83
15192.8
7307.52
11678
5634.7
9921.51
7108.71
12336.5
9536.69
19207.2
12014.6
5830.82
11361.6
7435.16
6054.87
17727.6
14114.1
9672.18
7240.07
11646.2
7835.64
9908.52
9046.94
14457.3
19780.6
9229.41
20915
9639.32
11213
11169.3
21793.1
8302.68
7392.73
37313.2
5751.62
18736.2
19525.2
7363.66
8797.61
13356.4
10034
10188.7
19275.1
19597.5
16075.4
14603.3
13825.1
5189.03
9280.22
42180.7
9700.33
17367.3
10713.5
8280.58
9838.83
14315.4
9821.9
20237.9
13111.8
16778.3
26789.8
10736.6
9772.98
11423.7
8406.73
6234.23
10544
9690.47
7018.14
7503.42
8915.17
6938.98
8663.09
6002.88
24328.8
11264.1
11715.7
6330.23
18518.6
11739.2
4250.68
63824.9
16128.9
10638.9
40040.2
11752.9
9004.51
4304.89
6118.69
10731.9
7538.6
11552.8
13295.5
13440.2
7673.64
9717.75
8781.98
6205.4
7321.76
19216.2
17546
23871.5
16535.4
21266.3
15316.2
12130.6
10443.4
7393.35
7230.05
30854.3
4158.52
10767.7
8796.3
19477.9
15500.7
19187
15605
25041.8
11068.4
8508.96
9182.59
12875.3
5595.53
49011.3
10042.9
11241.1
17622.6
10664.6
9552.12
6312.87
23131.9
6991.32
6163.73
7696.84
12786.3
11492
9430.34
16987.1
6437.28
9285.82
11438.8
15047.1
9873.72
7316.84
15519.8
8177.37
8018.76
9040.04
9508.6
11155.8
14855.7
17862.1
19235.3
8805.48
9074.87
4098.2
16431.2
6244.63
4504.83
5851.45
6520.94
6938.87
8818.16
9274.57
10059.9
13573.9
20386
11373.6
4673.47
10121.9
7026.98
19622.2
17166.7
8054.96
13170.8
31035.1
9693.83
11397.1
14163
5667.84
34207.4
18375.7
8687.4
17849.6
18711.2
6596.32
9222.19
9687.45
7877.84
21212.2
8727.83
5275.25
5119.06
7579.45
12073
6377.73
8586.96
16066.9
23381
7344.23
14315.9
11604.5
12849.7
9837.08
5897.85
7860.66
11172.4
5493.32
4949.98
14030.1
23104.9
8231.34
14594
6956.94
9950.56
7889.69
56547.4
27437
14327.8
20878
9485.46
8732.3
9754.09
10405.2
14745.8
9753.69
14540.7
31770.3
16078.4
11275.5
9457.95
16855.6
8011.26
32861.3
9572.98
12344.2
5628.87
8774.98
17674.1
34264.9
11825.1
5430.15
10289.8
8349.5
7446.42
6588.51
10165.5
20466.2
15544.4
18248.6
40297.2
4735.6
11706
5333.25
9688.57
6520.07
20207.8
12104.6
8919.43
23862.8
11231.8
8517.31
5504.59
16748.8
7597.04
10903.7
49866
11609.9
10924.4
8421.21
44545.6
15571.3
13311.5
7333.55
9158.9
12121.6
9347.55
8570.71
19934.4
8247.45
6170.74
7013.83
16135.7
8753.49
7813.98
8339.46
7041.13
8669
14007.6
11367
5478.11
6856.62
11458.1
5392.37
17053.3
8538.26
5744.76
15103.9
6986.54
10454.4
19089.8
16016.7
14270
3421.78
18325.1
7514.95
11300.1
7544.69
9135.44
24886.1
8676.35
4599.62
11145
9973.1
7440.15
14967.8
15829.5
5883.4
30350.5
16400.7
18505.5
13399.3
8492.73
27772.4
5857.9
6020.12
7251.65
17685.5
13134.2
7373.77
7861.75
11909.3
15696.8
11536.1
9363.5
9588.47
9330.44
9732.27
7927.37
18353.9
7139.39
15033.8
5682.74
4988.76
6271.68
9898.43
17790
51550.6
14684.2
6734.09
6205.18
8579.49
6127.54
7866
6916.85
6694.98
6847.16
12623.8
10848.9
19098.9
13806.4
7112.93
8204.58
16410.3
6122.71
14031.3
8463.31
11223.3
11902.8
10133.6
10466.3
15109.4
12971.7
7556.22
20298
11235.6
18254.8
18735.2
11798
9246.92
6239.03
13528
5332.06
12598.1
15485.5
15741.4
7353.41
15925.9
18040.9
15941
12228.2
10854.6
5698.86
14226.6
13035.7
7642.59
22439.4
17364.1
5921.7
15935.6
13165.6
20346.7
6366.02
8177.39
10186.5
21089.8
14875.9
11844.6
22592.5
13741.1
8561.85
15149.3
6433.07
5346.8
36492.8
39553.1
8346.77
8951.18
9491.82
6450.68
5578.01
7175.37
5832.56
7659
10487.9
13561.1
8999.73
14288.2
4648.93
10667.7
7562.01
28966.2
7721.45
12026.6
22175.7
11914.9
14963.3
12003.9
8989.51
8322.82
11797.5
17242.3
6775.5
6014.52
11528.3
11136.3
15364.8
12879.5
7350.42
9846.04
14488.6
13719.6
14384.1
4864.33
7235.29
6214.02
8033.96
8705.87
7682.87
8621.83
21027.3
5029.45
16309.6
7794.74
7979.79
7060.24
8742.37
14899.2
11751.7
8022.07
5385.7
20348.6
9830.12
7247.61
11893
9268.07
13399
16400.1
7598.75
4470.94
4353
10212.5
6360.57
5675.79
10005.8
27415.8
6738.93
7655.82
17782.5
7663.49
20704.2
13581.2
14160.8
8857.37
19509.5
18698.5
6621.82
5930.98
6555.58
7239.51
24405.2
5995.21
27665.3
11063.5
7517.18
8214.36
12196.3
7402.47
11083.2
9240.04
28750.4
8160.84
12320.7
5028.56
7243.1
10222
5403.25
8407.11
7010.12
36675.7
24388.2
15746.3
17620.2
5129.38
6918.69
7123.45
9417.51
6469.19
5719.69
6927.27
8374.06
15472.1
11166.4
10579.2
6514.54
7619.92
13784.6
10085.5
12167.7
13442.7
8012.65
4114.68
8915.16
8038.85
25218.9
12426.4
7749.84
10219.9
30005.7
5464.62
7116.32
26014.2
13989
6426.3
10014.7
14945.1
11464.1
5077.1
9026.11
7446.39
13652.8
6729.96
7551.86
17468.3
8867.12
10895.5
7900.77
17672.8
5974.88
8341.07
7624.11
5402.4
14690.8
7236.6
6100.86
15496.1
15242.1
12609.3
15441.8
15730.9
19296.9
18814.4
30886.4
9307.44
9271.23
7875.47
39718.1
4797.84
9545.99
21300.6
7975.56
32698.8
9301.4
7374.88
9046.32
9337.88
6425.14
17646.2
24056.2
7264.79
13371.8
16519.1
6258.74
6819.75
14162.2
10628.4
18337
14664.1
13219.5
7465.93
9502.76
17404.8
10869.3
13199.6
4652.4
3009.95
4940.42
4474.87
5637.4
13939.9
7274.27
8776.25
19702.3
26269.1
19568
16292.9
17038
15468.6
11700.7
10781.6
7960.02
47520.2
19123
16139.6
15725.5
5753.64
13477.8
8670.25
7705.35
10349.3
12774.3
6963.89
18923.4
7237.81
6494.15
18153.5
6554.32
8208.87
25526.4
8403.24
11894.4
26973.6
9509.86
20254.3
7142.94
33872.1
11500.2
12557.7
10093.6
7535.6
26576
12908.9
25365.8
13369.3
16656
4591.96
18240.3
6935.34
8455.86
10266.9
7072
12446.2
9971.53
8187.06
11243.8
4899.64
19847.7
10040.3
7712.93
12136.1
13965.9
18822.7
13692.7
5457.31
12349.1
9508.03
7145.05
8568.22
8813.82
6426.45
10467.9
14328.8
4447.96
15637.1
4639.2
8935.94
8645.64
8621.92
13019.1
7068.2
14319.8
10758.9
15099
8859.17
22068.4
15784.4
10760.1
11828.2
5763.49
10497
20950.2
9254.68
12292.3
7964.61
15958.9
6685.65
27199.8
5851.23
6248.77
11131
25819.9
6254.73
8974.42
8917.41
10357.9
12082.4
5060.44
20366.3
8636.81
39587.6
15886.4
9157.96
12332.5
8654.74
33915.5
9527.21
21484.2
12970.4
6194.36
6774.21
6615.2
9865.1
11260.2
8349.61
10560
18624.1
5898.66
19433
7352.11
5239.91
5423.88
6597.32
9828.2
13447.6
10594.9
7176.86
15691.2
5693.43
9860.22
6968.63
14317.4
5693.32
18515.8
9410.71
10504.2
20698.9
13031.1
4950.82
8363.51
9578.24
11554.2
18360.8
8712.88
10398.7
8263.6
14722.6
8050.57
7105.58
5597.51
7860.88
16277.6
11999.1
16890.9
14404.7
8298.13
7872.28
4379.46
8629.92
7412.29
12233.2
10741.3
37638.4
28172
36849.5
8866.63
4972.29
4556.3
6455.79
34303.5
62509.5
17187
6950.62
9083.91
16325.8
8431.7
14924.8
7129.9
37826
12964.9
8548.92
8349.91
6956.34
10264.5
11259.9
72573.1
27355.5
5611.22
7585.56
11106.2
23045.5
6452.94
17377.4
9309.94
14521
5371.36
9539.08
6221.26
14178.4
10290.5
12265.9
27884.5
8102.22
9423.04
7540.47
8850.03
11156.9
11712
8244.37
41752.3
12858.9
9183.47
21921.7
8068.28
28722.5
10468.4
5977.34
18236.2
13894.7
11313.8
9355.67
20514.7
16830.4
20176.9
8099.22
6816.73
8012.89
13714.9
10310.4
9028.66
45240.6
10553.2
12847.1
6628.99
4944.7
11765.2
18746.6
13711.1
16333.3
16343.4
8491.22
16216.8
8999.98
7224.09
12869.1
8808.49
13280
7977.24
15396.5
9533.7
13198.9
11427.4
6022.2
7327.84
7563.45
10955.3
15259.8
12443.3
30875.7
18928.5
10160.6
10200.5
10915
12426.2
22614.9
20677
6828.32
5430.13
6033.8
9707.1
8382.39
14440.6
29656.7
7056.93
8640.38
6208.25
26797
13551.6
30894.8
18186.8
9468.5
16368.9
17646.2
5569.56
16950
9613.62
5427.06
4780.6
6281.28
5300.9
21794.9
13517.9
9003
9952.68
12540.8
5174.66
10648.8
17023.7
7921.38
6569.65
23608.1
6163.71
15187.1
13468.5
6455.49
12785
8630.29
13523.9
7743.27
7184.23
6550.63
11562.3
6638.05
12477.8
14462.4
20428.5
9301.1
7096.36
6466.64
13332.4
27286.2
15759.3
50522.7
9893.09
7005.36
18605.7
16623.3
13783.3
9941.55
8589.37
11407.4
10732.3
24720.8
9106.31
8340.93
39725.1
8816.31
7355.81
16816.4
9011.58
8113.09
8243.62
9723.84
13563.7
9093.89
7923.67
13500.2
9781.07
7381.66
8645.34
3765.81
56759.4
8741.95
11953.9
11075.1
11155.7
5106.13
6668.02
8048.99
54698.9
25976.1
11626.5
11777.6
19991.4
11938.5
12369.1
28138.2
17631.2
11141.9
8760.97
11265.5
15952.5
25062.7
6792.11
7801.75
11666.6
8678.19
8482.92
6642.75
10136
10492
23096.6
6538.81
11905.2
5776.69
7930.75
14921.8
25223.1
12328.8
5729.73
5241.54
14698.7
32743.8
7575.01
6815.42
12803.4
30136.9
9646.75
15161.9
9430.84
9781.71
7945.95
7854.16
3724.56
7535.32
11985.8
5429.88
32387.3
11706.9
6845.48
5087.19
7863.03
17236.7
5758.58
7511.14
24683.8
9047.66
31742.8
7263.39
7720.19
11300.5
11216.6
3821.88
7321.85
11027.4
14546.8
16471.5
13517.1
7596.62
5007.76
12797.5
14355.9
10574.9
15037.3
6950.02
9671.79
10667.7
8325.25
8819.55
8703.28
7571.41
8969.87
15149.3
15867.2
18947.4
7419.56
10669.6
8812.58
9429.81
9831.78
29607.3
9891.92
12682.4
4408.6
18672.8
6985.99
16850
8060.18
6644.43
27493
7555.3
19848.5
8772.13
8214.02
12068.8
11345.8
19280.5
15729.2
7196.04
6555.52
10229.7
9334.99
13042
13252
8530.59
10971.8
19160.3
11448.7
8533.42
8272.04
9873.22
7215.02
7951.99
14000.9
8149.76
6074.85
12058
13053.9
32602.6
11996.5
20021.9
10624
5585.32
23719.3
10647
13920.5
5740.71
16354.4
7548.72
9584.67
9451.04
27064.8
16966.9
11471.3
6649
17828.4
9988.47
11200.8
3857.35
29304
21694.6
10490.9
22058.5
10649.7
15538.6
10697.5
13617.6
17761.3
10353.9
15223.8
9071
9026.59
10979.5
6854.02
17702.5
6207.88
6023.94
21431.7
17385.3
22232.3
19526.6
9943.27
12965.9
24957.9
13795.5
130418
9368.2
9772.79
6358.11
15503.7
5820.3
8197.25
8569.66
9761.35
17593.9
19703.3
12684.7
9465.76
5636.89
11726.8
7548.19
7554.67
17459.4
27864.4
13859.7
10035.8
18537.1
8549.67
5776.4
5831.77
23542.6
8213.95
25270.1
11483.5
9588.87
12833.2
7584.24
23642
16489.9
12393.8
8808.77
20295.2
14051.9
14767.9
15822.6
12481.7
6677.34
4563.48
16773.8
17859.5
5941.41
15480.5
14565.9
8955.08
21378.1
5326.11
5194.93
7092.49
9323.31
9042.89
25698.3
6756.22
8411.99
6837.09
15149.7
26625.8
5365.52
20403.9
9964.6
4881.14
15577.1
4560.54
41412.4
9056.2
14310.7
6109.05
13069
9581.57
18185.3
9140.88
6646.42
4902.54
32726.4
11273.6
9816.66
8936.66
11491.3
6861.32
7718.86
7696.65
11808.5
11227.6
10000.2
10478.5
70976.2
12481.2
12334.8
12777.1
7767.1
10574.3
18880
6760.54
7871.14
13421.3
8124.48
7905.87
6852.45
12855.3
14480
10441
11872.2
19999.3
12731.3
6512.52
10821.1
9205.08
5959.65
9542.41
41421
14185.5
8380.99
20223.1
11452.8
5989.9
9328.81
7411.96
32980.5
7570.32
29491.8
12457.4
7498.49
11201.7
14622.1
10542.7
11703.5
5976.58
20185.6
8242.27
11617.7
12837.4
9862.94
15047.5
7207.37
9795.93
9628.92
36960.1
10940
47748.4
51141.4
8568.5
7028.85
7841.33
30633.8
12181.7
8575.86
13740.9
12915.8
7723.99
8043.58
5818.76
9957.19
9294.3
7520.86
9877.69
8123.88
5535.66
35632.8
14336.6
19543.5
12079.1
10364.5
7324.5
24925.2
20528.4
7087.01
23348.9
7096.85
15930.1
7279.77
11028.7
9776.79
15147.5
11142.8
16475.9
8658.73
6660.97
11458
6008.92
5850.31
8035.95
19511.6
12909.8
10689.4
12523.1
16618.8
16607.9
23984.5
8094.84
25108.5
8378.17
15590.4
4469.74
9020.49
8386.43
13981.5
19107.5
25126.8
35861.8
9376.77
12689.4
12637.5
6656.93
14836.6
8831.36
12767.2
7988.49
5164.98
6541.16
16802.2
15994.4
11879.9
9560.31
9064.64
12487.2
7837.92
7713.34
9995.58
11244.2
9098.47
12256.4
15168.7
10038.7
11624.6
10913.1
6468.49
18452.3
15119.8
14157
11486.2
14239.5
9470.8
41850.1
21467.1
6913.71
39384.2
15774.3
28336.1
12605.7
7752.21
5529.93
21951.5
11069.4
12110.2
11168
4896.52
4887.47
20255.1
4545.5
13482.6
11836.2
11830.2
10492.8
10959.2
8875.08
8305.07
11424.8
9496.01
13355.7
5687.41
4090.64
7464.29
9009.09
8597.05
6711.17
7625.36
7327.94
7644.11
12005.3
8951.33
7880.12
17574.9
15926.7
19146.2
8324.12
8815.61
7341.24
13385.3
6925.87
9245.45
15540
7357.04
9572.97
24526.3
8976.6
12202.4
11011.4
10067.2
9410.11
10549.4
15834.3
7889.17
11962.3
8665.69
10686.7
22876.3
18037.9
8878.35
6222.8
13504.4
7405.09
26991.2
7585.05
8199.3
6202.11
10632.1
9604.69
10477.1
19417.2
7700.31
11379
27310.4
9002.56
8315.96
15916.5
20013.8
36512.8
12014.9
19719
10253.9
10489.8
8571.58
7344.91
9926.04
8014.36
8723.39
15408.1
10823.2
51741.7
5332.52
20246.3
5239.21
6765.01
7664.33
9764.69
10316.6
13174.7
11966.2
6501.85
14860.3
7399.82
26538.2
9831.25
10329.8
6792.89
10866.3
3802.27
9938.46
10810.4
11191.7
7612.69
5884.05
16107.7
6949.05
8996.66
9251.58
14085.8
5630.98
9105.04
13793.9
6992.14
12006.7
14796.4
8315.39
14211.7
9272.22
20419.5
28062.5
9848.02
16472.9
13128
53612.5
8389.26
13894.6
9748.45
7980.76
6559.02
11128.5
6578.61
18330.2
8451.59
5148.27
7404.83
6677.64
17509.4
5726.58
9137.37
6900.1
10718.1
7272.22
15852.2
9510.14
24347
16408.5
6060.94
3447.85
17091.4
10378.3
11449.5
19744.4
6300.32
6467.88
10078.2
8009.67
8874.97
4281.81
22315.3
33422.7
31886.3
11264.5
8368.92
9311.53
17094.3
7334.3
13144.9
11573.9
10358.1
14900
5556.89
6333.98
6633.61
9852.8
13804.5
4917.92
11224.7
4808.55
17299.3
14017.6
14197.1
9559.71
5587.15
27033.1
9480.98
5755.83
5316.8
8513.4
12080.3
16699.4
5900.75
11376.7
9185.25
18859
11162.4
8343.58
3919.74
13760.8
9499.82
6445.81
11610.7
11289.2
12752.5
52539.9
5562.34
22415.9
7197.99
16735.3
13991.9
21409
13716.3
10221.5
8208.49
16652.7
12688.9
4858.21
11860.8
11423.5
5494.44
21103.9
19189.5
12613.8
5302.89
23705.8
7910.43
6181.05
11131.2
18115.8
6863.16
22256.3
7528.52
10200.6
6066.2
7814.92
8600.07
7013.07
15013.6
6809.89
18234.6
19643.6
16152.1
15479.3
9432.31
6751.42
10754.2
7447.37
5955.38
10863.6
7274.34
25371.6
6044.84
12119.4
11278.7
9310.72
6842.13
16290.3
8685.77
10989.7
5340.04
7876.75
19723.5
4537.64
50837.1
12780.9
6163.91
6199.1
7137.59
7011.14
16161
19858.9
4984.85
14525.3
4772.9
10347.3
6578.69
25705.9
9997.02
4897.14
13979
7199.41
11347.3
9732
5171.97
12579.4
23251.9
14716.1
5453.33
11268.8
5977.24
20202.5
10575.7
12820.5
16522.8
10760.8
5634.42
4372.27
16972.5
11192.5
9331.17
13143.6
16339.5
8219.05
6679.1
16941.4
7134.88
9807.45
8183.58
5621.66
10472.2
9878.17
19545.5
13087.8
14076.5
7793.72
12158.5
11495.2
9102.38
15738.7
9937.01
7595.1
12781
7027.66
37145.4
8823.24
14436.2
12542.7
21136.2
10355
15478.2
16345.4
6954.04
40614.2
8877.47
6832.75
6509.9
11163
28131.3
12628.2
6908.24
19858.3
3617.3
18280.3
11228.6
9703
13060.1
7521.85
7543.93
23919
18334.9
11979.7
6317.87
17520.4
7517.12
8301.51
10139.2
9783.96
8154.23
10980.5
10924.1
6760.55
8742.02
8840.63
20780.8
13171
9473.07
6165.15
9132.04
4328.87
21684.1
6868.87
27289.6
16058.7
8408.63
6410.4
6756.99
15484.3
6196.82
9898.24
14697.7
10378.7
8621.75
6722.66
8840.7
9108.99
19086.7
17686.7
11854.3
4721.63
7081.02
12882.9
28301
5239.46
16699.1
20761.4
8351.43
6865.79
6505.22
12071.3
19286.2
17755.8
8460.97
7359.5
6591.55
9535.37
8091.48
21085.6
16325.7
7245.74
13666
8240.59
4494.41
5731.21
4535.85
10745.6
6008.93
5716.91
8731.03
9523.19
9454.6
17099.6
6215.04
11341.8
17212
6526.95
25815.9
25652.1
8194.92
17391.8
10758.5
11635.5
11007.2
16228.9
8749.24
6800.54
19932.7
13542.1
16961
10018.1
28038.3
7519.41
8446.4
9369.47
11323.6
13481.8
24183.3
5032.11
18741.9
14744.3
10743
16778.6
17301.6
10461.5
34852.9
9360.12
15385.1
15711.2
10811.9
33163.9
6122.07
8558.13
40180.5
18443.7
9595.46
6342.75
21547.9
5019.39
17202.9
13564.9
9632.14
13518.2
7773.45
21776.6
6347.75
12064
20066.5
13156.8
23727.1
29826.5
9167.34
14720.3
7071.87
9506.09
12718.1
29241.6
14156.5
5324.12
10380.1
10132.5
5804.21
10742.3
7582.89
14588.8
13321.4
21202.6
18905.1
14742.3
5630.28
5500.13
6443.8
4797.79
12300.8
16081.3
13047.9
13915
6178.39
8003.13
13664.1
7029.29
9115.4
22644.3
9013
12373.5
9305.61
7431.07
16746.9
9762.8
11504.4
17577.4
9783.24
5872.44
8637.23
7834.07
13768.5
9890.08
8385.87
21040.1
16444.3
16236.2
10891.1
14014.3
10412.9
6351.26
9064.63
10568.2
5357.44
9039.82
3839.4
12125.5
6731.49
16270.5
5972.91
13433.6
18379.8
7617.19
10579.9
17371
46527.7
9172.48
7261.79
8428.08
6853.41
9776.98
7993.3
8914.73
37925.1
8317.62
9143.16
3809.19
5381.74
7758.03
9661.31
8694.34
10592.9
7469.69
4921.23
6921.47
8413.38
18802.5
15832.4
11937
5757.79
18365.1
19723.8
10423.9
7588.75
22920.4
18567.9
9740.46
9971.78
10576.5
14995.9
20451.3
14238.4
12347.2
14730.8
13373.7
6854.03
10883.3
9833.92
5923.46
11680.7
9165.63
19361.3
8645.94
5863.85
12272.5
13054.1
8654.19
5135.18
10302.1
6252.8
27890
19699.7
11186.1
10800.4
7987.15
6572.34
9952.09
12742.7
10210.8
30204.6
7012.83
10295.1
10342
10017.8
12362.2
44056.6
9469.38
5356.17
10834.9
11933.7
26312.6
7813.47
11470.4
12818.2
7287.63
8105.01
10970.6
15238.9
6252.25
9564.7
23814.6
9340.78
7665.22
10400
7164.32
10761.1
8098.08
14235.9
8352.04
9082.87
9841.79
8819.68
15166.6
6633.03
7028.14
20458.3
12304.1
14640.8
12780.3
10121.9
10195.1
30968.1
9533.95
8934.69
9981.91
19105.5
9029.29
7276.61
6593.75
20344.2
6874.98
29002.4
7992.17
6025.26
9467.49
7187.08
5404.42
5186.99
10363.1
9964.98
15246.9
12832.9
10663.8
7490.77
9418.62
9911.51
8694.95
11236.4
10334
12507.8
9558.46
5970.37
8796.18
5265.16
8349.29
38298.9
15616.5
9247.12
10395
14017.9
14217.3
13220.6
10296.5
10852.9
5617.8
4935.56
4741.62
9361.69
5255.54
7493.13
10665.8
16126.2
22962
6820.44
26346.4
9635.65
9342.98
12767.4
3751.63
9851.13
16109.3
7789.97
9899.7
19195
12224.2
14447.5
10925
32562
9664.46
5094.97
8642.42
5937.16
20385
9472.47
24764.7
8506.64
7878.97
10332.5
11055.9
12315.2
10805.4
9984.12
9878.74
16876.1
9551.49
20475.8
8820.59
8071.16
20714.8
6845.46
4948.59
8686.52
8029.77
7846.44
13661.8
6919.51
16829.1
8678.47
5474.73
5342.7
15273.4
12653.3
10833.9
13611.8
9715.46
12044.6
5555.14
7501.23
6412.54
4983.92
13433.3
14832.8
13332.9
7504.81
8553.48
8951.08
12044.2
13792.6
5941.28
6755.41
11888.8
22937.6
8081.35
23674.6
8299.8
8196.94
19315.5
10157.6
6037.12
9840.26
6831.28
36222.8
10363.7
6956.15
44745.8
10409.2
8724.14
13531.6
7955.47
8064.42
4736.77
9214.26
6795.51
8880.5
16232.5
23055.8
16493.4
10242.9
10029.5
12305.3
5959.19
11973.3
9074.11
36711.2
5235.86
7637.58
6776.05
10344.2
55940.4
18710.3
17777.2
7678.46
26289.4
7072.74
19643.3
10452.8
14921.2
12678.2
35698.6
9590.17
11070.7
7841.99
51648.5
8062.91
8704.57
18171.8
6866.03
11007.8
12862.6
10717
26223.1
7329.77
57310.7
13292.5
8642.78
5815.67
14735.4
7722.37
22887.7
15630.4
10689.7
21142.5
7328.86
15780
17020
11691.4
6907.78
6669.93
19078.7
13702
15600.6
11435.6
8716.48
15298
38611.6
7090.88
27382.8
7183.77
42167.9
22315.3
6095.58
22770.8
7526.85
5885.55
16835.5
7948.02
6565.23
43192.6
12592.3
13648.3
16769.7
5417.75
7479.65
23465.3
36381.6
7448.32
6210.22
12083.2
23904.5
14472.4
6511.29
19764.2
6764.85
19563.2
12561.8
12009.5
12718
5061.6
22573.6
7803.8
8025.53
11264.1
21587.3
6636.56
13082.3
9670.21
8162.66
19845.6
23357
39722.8
9846.65
33096.8
14543.5
6816.02
8151
12130.4
50311.8
9055.08
21314.5
7943.77
9333.93
14642.8
15080.3
15066.2
7727.39
8051.64
10552.7
7474.67
7092.03
19414.7
6991.9
7424.01
21444.8
6117.74
8068.46
8840.34
8693.12
10430.8
35999.4
14150.1
6862.4
10724.2
10284.3
8101.48
17887.3
17833
20770.6
4879.92
9646.29
27835.7
12220.7
15850.7
12180.4
12444.6
17690.6
6081.73
18009.8
9414.01
21442.7
19039.2
5489.3
6838.4
9766.55
9448.73
9192.09
9090.41
17329.8
12131.3
7940.93
13381.1
17645.6
5009.5
22949.2
5768
7307.83
10435.5
5785
8555.63
5273.45
19173.1
14018.9
11944.5
9049.08
4540.05
22864.2
8923.04
4621.97
9989.44
13419.2
7614.78
9205.86
6734.45
6768.87
12061.2
6312.35
7175.22
10287.6
6148.44
8639.37
9515.2
9967.83
31750.6
6974.31
9290.23
8526.2
7450.91
12200.9
8569.23
12260.2
5607.31
12004.4
5463.79
18857
21098.8
6958.13
14316.3
24950.8
13734.5
6502.69
8009.95
9590.67
10258.9
4584.49
10545.4
9251.19
7389.74
8879.85
6130.19
8378.38
16297.9
17323.2
7905.47
15758
9065.1
3812.91
9056.94
7126.19
7190.84
10268.9
10138.7
12868.8
4913.13
15633.2
15219.1
14193.6
4656.57
38976.1
10253.8
10448.9
7380.15
15970.4
23746.5
11564.5
11940.4
7527.43
5945.82
8305.46
7608.9
6232.03
13712
8067.96
16001.1
13071.3
11079.6
17223.9
25283.3
8982.6
6595.73
14671.7
15962.8
17590
5040.31
6082.09
8090.56
5551.98
10674.5
27290.7
22195
14559.1
9407.26
6973.79
6078.41
7976.52
9829.15
16435.4
5868.69
10044.8
17658.2
14217.7
8479.21
16563
12331.6
8674.23
18954.9
16039.2
23621
13628.2
13678.5
19355
22287.4
34356.8
24420.8
5975.61
8793.25
19681.4
6700.38
7543.93
12771.2
7423.02
15839.9
5930.32
8767.11
25153.5
8636.66
11102.9
4692.43
39809.6
5420.33
16205.8
17648.8
7276.5
15378.2
7685.75
15861.4
8754.51
6680.08
6607.53
14147.4
8751.67
15085.6
13779
9549.28
16475.7
7631.03
18056.7
8636.48
16570.7
7516.11
26440.3
8521.17
4015.81
6588.7
10739.4
10040
5213.28
4333.46
49387.1
10038.3
8423.66
10386.8
9207.04
6386.87
7234.55
14126.6
14798.8
3815.92
7680.76
12031.1
15089.2
7075.83
8778.83
23289.8
8734.98
5525.62
15894.6
5725.8
7039.13
13878.4
11843.6
14782.5
49629.7
13017.1
7983.04
4904.78
16951.4
4893.92
11237
12935.9
17516.7
14188.1
13457.2
14499.7
15312.3
6258.33
14018.6
21627.5
9013.45
4391.02
32206
18673
9475.09
8052.88
6329.19
5858.05
17620.7
8724.14
15476.8
14276.5
45321.7
6835.25
15084.6
13098.9
13896.8
8741.49
21207
20723.8
6239.52
18610.2
30837.7
6141.31
7203.06
19874.7
6209.52
6517.29
17483.3
24527.9
14605.2
5548.11
16239.7
7546.07
8323.78
9907.17
18937
14875
12454.3
10641.2
21257.4
8903.63
7483.34
9178.34
12489.4
8515.98
9013.31
10204
7128.52
17650.2
7522.05
9286.08
8128.21
33351.9
10850.7
13851.1
28683.6
7561.62
6602.54
17003.2
14142.8
12232
10262.1
5175.26
12257.5
57798.1
5123.02
13522.5
17535.7
7369.05
32476.2
8664.75
8901.88
12157.3
19871.9
9114.07
8824.66
12392.7
10486.1
18257.9
20736.1
9124.76
30471.7
6229.74
43015
4911.02
10627.7
7238.97
6252.06
10169.6
5528.17
10045.7
12375.3
11698
5032.34
17506.4
9989.21
16290.1
8034.83
7960.35
15301.2
25270.3
14717.5
9186.61
7168.66
19421.8
26081
6018.98
10905.6
16889.1
5360.25
12474
11403.7
14847.3
9276.11
6530.73
6177.42
8524.61
8438.03
5419.57
5346.19
7099.52
6596.54
6840.87
7366.02
8505.2
22045.6
8073.3
13974.1
6326.55
38680.9
6816.69
16764.9
16740.8
11060.6
6549.52
7887.5
11823.8
6883.21
31136.4
27491.7
11571.6
19022.8
9889.48
11380.7
13194.3
7541.36
11102
11026.3
6937.48
8586.12
9121.79
15691.5
7054.17
18878.3
18483.6
16388.9
8708.54
5250.21
12426.5
16514.1
6006.85
19762.1
17679
16323.4
14608.5
11023
3617.44
12677.6
18605.8
10971.5
6763.14
12751.2
28295.8
20304
10325.5
6533.06
12925.4
7161.78
12148.9
22663.4
6271.87
29314.2
13684.2
9965.17
14788
8920.15
12981.4
10377.2
21922.8
15293
11251.1
7576.94
5262.38
9508.74
6317.95
10986.5
8063.59
8090.18
14936.3
37153.1
14343.2
6027.01
4546.12
4954.33
9524.83
9376.78
7580.98
13679.2
19151
6238.13
7317.86
15715.8
8870.29
7213.8
9849.21
19935.1
8590.37
32352.8
7765.42
7182.32
14980.5
8941.6
14041.6
13577
9449.82
14967.6
10129.9
10465.1
7397.48
14355.1
17528.9
24119.7
15012.2
6116.24
14873.4
10588.1
6240.16
10282
20117.9
11731.7
21629.3
13791.1
5499.91
18370.1
19929.4
10171.7
6269.93
35335.4
8517.29
29552.8
9188.31
7246.9
17234.1
9031.8
12051
9221.18
5794.72
12962.1
8289.76
9830.45
11751.3
9980.43
25544.7
9430.47
7135.56
14499.7
26319.6
11982.7
45643.2
12592.8
11779.4
7873.39
14554.4
9814.1
6868.14
9982.64
9377.68
7057.94
16112
5340.58
13851
16663.6
7445.37
9831.43
13223.4
11369.8
9240.73
11885.2
7132.12
8586.26
25340.2
8147.77
14444.1
9625.89
14410.1
6069.58
7744.58
9110.58
11084.4
10797.9
8342.87
5253.24
4487.93
7651.28
17881.8
15629
7171.86
5665.86
12283.1
9283.05
7718.88
36081.7
7314.8
15660.3
11993.2
6674.69
18014.7
6542.27
8435.3
8659.2
42024.2
26771.4
6354.97
18841.6
9179.46
4994.99
5504.81
11488.2
7570.31
8454.88
10847.5
8451.61
17772.1
17099.9
20728.7
17284.6
17978.4
8648.87
5473.86
8901.52
19287
10101.8
6004.96
9183.98
9066.63
20681.5
10140.2
11118.9
10649.4
10037.8
10485.7
37354.5
7822.49
17335.3
5435.76
8452.3
12781.6
6864.76
15724.1
12869.1
5547.28
10929.8
7302.48
11297.7
7009.68
7537.86
6635.76
10475.5
6881.73
22628.6
12645.5
22789
6724.62
8879.26
5722.88
11159.3
6175.36
13056.8
20141.1
18430.4
8917.42
7800.56
10245.7
24846.4
5960.62
45601.1
24340.5
31156.7
7985.65
7546.59
12084.6
10489.3
16935.7
21461.9
26396.9
11884.4
8678.65
5759.68
8722.12
39630.3
7379.66
6591.4
9130.81
5443.43
12965.1
7651.95
15015.1
9400.34
7379.57
6382.71
14808.7
10581.5
5862.1
14318.5
5245.35
7174.7
34963.3
8880.88
4246.66
9787.55
4979.77
13421
10761.1
5161.21
13126
12637.9
5523.4
23538.6
5581.49
6666.36
9168.12
10952
24423.1
8892.03
20646.8
12240.2
8724.02
11521.5
10160.5
14494
11924.8
21200.2
11787.5
14354.9
8356.45
6524.1
19345.1
5795.44
7010.83
22429.8
13031.1
14523.6
20254.5
11577.3
12926.6
26119.5
8330.45
8638.22
21783.1
14219.8
6339.89
9015.62
8459.42
11258.9
7548.49
19526.1
6899.46
6442.91
15667.3
6933.7
11484.9
12978.1
5914.79
9628.61
10671.8
25998.7
13653.2
7729.02
6291.21
8967.4
24262.8
11176.1
5753.16
10677.3
11416.4
6574.68
9045.33
17339.5
9502.25
8028.82
8410.94
10478.6
14093.6
12129
7828.01
14297
19435.5
25126.3
10382.1
11703.9
10374.9
8927.66
7870.45
6526
14003.6
13025.6
19451.9
15729.5
5836.27
7326.04
7603.71
6003.53
11722.7
14511.1
24039.6
10651.8
9793.1
11583.9
9021.55
5277.59
10370.2
5869.39
18981.6
11162.9
21105.7
8113.08
17063.5
55892.1
7951.68
12224.4
37595.5
5885.57
11241
10870.8
43711.6
19183.4
11132.7
6063.22
16817.4
8320.06
7730.75
15734.3
7492.64
16054.5
15443.7
5414.67
12372.9
30320.5
10148.8
9678.1
9630.44
9034.08
10460.4
7728.81
8121.69
11666
24200.9
6096.52
13248
9538.39
11780.4
9675.98
7970.31
5628.2
5592.86
11692.2
12803.7
6984.09
19718.7
49844.3
22671.7
44299.7
10604.8
12312.8
11309
8051.46
6795.31
9240.36
7775.94
25160.8
7386.88
18524.7
9674.98
14354.7
7449.24
6682.99
9854.42
6091.3
7922.25
6451.05
15490.9
15957
19190.7
6756.65
8375.25
9334.52
10490
12784
7705.08
12180.7
12064.7
7053.04
9366.8
13116.7
5677.66
16370
9296.91
43779.8
9619.14
9239.82
17347.7
8074.89
5237.24
22743.5
7778.55
13226.2
20340.6
6924.66
11044.7
9351.66
11683
24973.8
9829.31
10187.9
20106.3
16239.4
6798.27
11031.5
5619.1
6312.46
9219.51
8182.61
12890.3
8023.61
15113.5
32201.6
35902.5
6283.08
9698.24
5615.73
9465.22
5305.17
9627.45
6793.58
13371.4
13324.4
14629.4
18190.1
7743.53
10821.3
10593.4
6069.37
65786.2
21110.4
9609.53
10519
11100.7
16784.8
13571.8
15105.7
7716.55
5046
15400.2
16903.5
7619.76
8967.01
9169.99
14660.4
12579.3
10424.9
6425.96
18680.6
9113.03
18941.9
10025.5
7108.24
5547.6
15392.3
11550.5
10433.4
5896.34
17323.5
7668.91
6510.42
11558
15919.6
4641.93
7185.23
9095.97
17877.7
7301.61
4530.63
6328.12
5908.43
4320.73
10000.8
5976.42
31896.7
14403.1
22512.7
9504.95
12187.1
10696.3
16004.4
11465.8
13491.8
8822.51
10912.5
8920.42
15339
17393.6
22412.7
8865.24
9288.39
5253.56
23464.5
9439.85
10691
6665.15
6120.81
10236
13656.5
6862.27
10184.9
10804.4
6047.6
11080.5
7825.96
6176.95
11110.7
8656.3
6103.64
17427.4
8640.46
17613.7
28829.7
3906.5
21694.3
5857.03
7929.67
4889.02
23634.1
11258.1
26582.1
9982.47
9910.32
6282.41
27607.9
10420
30837.8
6952.25
12815.4
5451.84
7578.79
13291.3
20665.3
6612.72
9358.37
5745.75
17383.6
7938.88
7568.84
28178.5
8770.19
4229.76
6312.2
13383.6
8247.16
9088.91
8404.9
15205.1
12899.5
6187.91
21104.5
10801
22814.1
38110.6
6719.64
8877.46
16014.2
5623.81
14614
5581.55
10073.1
12923.9
5789.24
19735.2
47726.6
33861.6
7942.09
9549.75
9139.44
14044.5
8702.86
10668.4
18207.6
5356.68
16842.9
9758.78
7658.31
9226.81
37979.6
11529.2
16982.2
12197.4
8028.37
7257.52
10268.3
11065.8
21404.4
12710.9
11978.9
13574.1
12347.4
9928
13222.9
18330
6623.11
7467.66
13710
34908.3
9086.68
9559.6
28295.8
11539.2
24172.6
8798.1
8325.2
6525.74
9498.11
16690.9
17800.3
9441.79
19754.5
9323.46
8121.25
7498.53
15728.1
7565.57
13795.1
6993.55
7989.97
10669.5
8941.47
7200.93
11969.5
9652.96
16139.9
24483.8
16072.2
8795.32
17586.2
9488.7
20059.5
8850.34
6197.25
9759.99
45043.9
45863.5
10266.8
11694
32954.8
9882.26
15857.7
14823.5
12909.1
8799.81
8233.8
8659.81
10002.7
6663.93
8632.42
15726
10143.7
8868.38
13709.2
7601.02
11614.9
11200.5
12090.2
17146
9735.2
12224.3
9347.75
11496.5
5468.02
7167.93
7684.23
7892.5
11034.9
8330.03
6920.47
7403.48
12269
7885.18
6181.75
7456.03
9317.08
8724.65
10640.2
16683.3
7274.88
9324.47
12376.9
13468.9
22876.2
6953.67
9701.32
9346.33
12852.4
8226.64
39800.6
15985.7
7597.59
8676.67
4991.57
14163
7854.49
10851.7
7365.47
41191.8
18623.6
9144.24
8562.46
5938.25
15514.8
8892.81
13084.2
10311.8
34966.6
11035.4
14225.4
10561.4
8248.52
13873.8
13738.1
9280.08
9624.65
6432.96
8496.72
39066.8
5909.88
10037.4
8763.77
7634.7
8931.42
18358.1
6886.52
5925.26
7813.48
5920.41
8225.9
8553.89
7295.3
14866.3
9935.6
12666.6
11405.9
34964
35405.6
6935.33
7011.68
15473.8
16507.1
9517.68
35004.5
8110.7
6483.86
6058.7
21964.4
7031.99
5520.11
22598
7377.05
6213.16
11820.9
9677.24
17299.6
13823.5
14049.6
31344
11103.8
6727.21
19240.5
6735.09
7066.01
8522.11
8046.97
8188.22
7088.39
7510.67
10607.8
9051.3
8639.74
24474.5
7792.45
6747.42
9255.29
11345.5
15807
5950.22
5755.46
6823.15
12432.5
6243.14
17776.1
10599.5
12914.9
40333.8
7261.38
10481.9
6204.77
5616.26
9960.44
9528.94
7291.92
11951.5
11386.4
8709.5
34265.4
9580.31
14508.1
4845.13
15131.7
13406.4
12398.1
13738.1
7933.82
11565.8
44140.5
11709.2
12446.9
12702.7
17247
10721.2
5682.09
39115.2
8559.03
8721.49
6686.88
10486
8571.38
17606.6
9402.25
11669.2
8097.8
12881
11805
23711.5
36148.4
7003.07
9683.63
7300.96
8840.65
16263.7
3586.04
11671.1
26976.2
10345.3
8182.74
19543.2
6539.91
18875.5
8463.26
5217.69
7613.63
17493.3
8870.09
5240.45
6228.37
28273.7
6432.87
17914.3
13224.4
8635.26
17387.3
11450.4
11813.1
14933.5
6235.17
12542.8
6418.61
11143.7
18842
12212.4
22487.3
14108.7
13334.9
37589.3
9430.22
6668.68
11701
7509.12
7599.73
8832.7
7168.74
13815
4235.59
8693.29
11281.5
11748.7
22124.4
22704
7315.26
13559.9
13033.9
6751.79
12460
33462.2
14123.3
7700.43
7815.15
20067.4
4497.65
19917.7
9976.52
9377.1
8109.28
10950.3
11087.7
6117.08
12047.8
10202
23848.4
16030
13163.2
9534.41
17396.4
10862.9
7392.8
8261.06
10698.3
6390.99
18429
13115.3
16256.1
15008.4
5301.41
8719.07
8720.63
4904.06
50359
30421.9
5746.76
13669
7659.59
10491.3
5460.85
9789.71
7307.34
8977.28
6828.14
9725.37
21442.9
12962.3
11877.4
8216.13
7786.95
27198.6
9976.67
6738.28
53897
6851.24
14334.7
22302.1
10500
6172.34
11817.8
12274.7
8477.6
21405.8
27011.1
33586.4
9083.13
19639
13342.2
8629.07
7652.77
7300.46
37965.8
8610.71
24268.1
11476.5
12779.7
4687.96
8074.93
5437.49
10038.4
13201.3
12997.8
9465.5
34041.4
7551.51
15843.4
8014.26
6887.43
15336.4
15866.4
11544.6
5554.71
5714.08
7668.68
9121.31
9178.25
13209.1
19028.9
21151.2
17444.4
17910.3
14074
13280.1
12464.5
24725.7
7111.47
18373.9
20711.5
8982.82
7217.29
5401.27
6816.58
16283.9
6150.03
12650.7
22003.8
9924.2
6896.37
11001.8
12605.4
8706.19
26867.1
8841.71
12714.4
9391.31
16948.7
19884.6
9425.12
15163.3
13667.7
14632.3
6780.6
5966.64
8701.63
16836
5460.8
10380.2
7631.63
13714.4
9896.23
18889.9
4167.23
12486.6
13826.4
16833.2
7731.25
18994.5
21679
8534.95
11070.9
6908.4
7916.2
14587.7
14779.2
5127.69
8578.43
6556.84
6719.23
16303.5
4342.1
8788.83
9759.26
20633.9
7099.02
10023.1
12762.2
4361.98
8798.19
9071.78
4736.56
9063.48
7744.1
7294.27
10634.8
19108.1
6699.96
9438.15
33545.5
15112.6
12854.3
7063.54
17883.2
17379.1
10371.9
4289.94
14317.2
12223.1
5742.89
5972.53
14631.3
9792.13
13095.9
9258.59
29482.2
10173.4
15545.3
11997.3
9861.72
16657.7
6072.24
10816
15836
9191.2
12981.1
10515.5
5977.48
6286.4
6628.76
18256.1
7321.52
9150.43
12424.2
12431.4
7186.73
9629.82
8355.71
7828.57
10199.7
11516.3
10400.6
6779.05
5364.06
8725.78
3966.9
8795.75
76033
17758.1
18674.6
9568.86
7673.76
9416.05
10345.6
9382.48
6383.97
13653.4
8626.92
18751.4
7001.48
17931
7314.24
11102.9
6799.27
7063.8
12794
22143.3
8867.14
15485.5
5955.34
23216.6
16988.1
15118.2
8447.82
8496.94
8208.84
17090.9
15055.7
6135.67
10939
6161.13
7188.61
9644.97
15163.5
7692.16
7749.83
8005.27
14104.6
7649.23
11872.8
16274.5
11616.4
26986.8
17743.8
8950.66
8931.89
14742.5
10972.7
4080.35
10141.6
8816.2
24525.7
7602.63
25273.4
17085.9
8054.04
10631.5
9161.03
19507
44624.6
15062.4
8666.27
15494
9551.08
5668.38
9085.4
13697.6
8627.57
21904.9
7110.12
6815.77
6074.26
9487.44
5122.93
10178.7
6362.86
5298.26
9044.99
13669
6227.24
14577.9
8307.5
7541.68
33289.9
10364.8
8798.29
29001.9
8086.24
65608.1
19813.7
9208.35
7352.96
12197.7
16253.9
19690.3
10331.1
14099.4
9059.81
27884.3
30440.9
10977.8
7711.21
16014.4
26075.8
7759.67
16906.2
6953.84
7867.25
9675.42
8398.3
6394.39
7293.85
9560.74
17843.9
8334.36
12995
9149.71
17899.1
6501.75
9226.24
6224.15
8248.69
24835.3
6781.62
16305.7
6960.05
10573.5
6744.74
8791.42
6549.95
20734.5
9330.31
4920.55
21075.8
10556.3
7584.33
25633.3
8347.1
39253.9
48725.3
10683.8
31153.7
6307.44
8195.13
13369
7152.73
11324.7
15554
8116.71
5607.55
8867.01
17816.2
24919.1
20217
6099.16
4905.81
9005.51
10681.5
15263.8
7014.46
7707.02
6774.92
27608.1
7103.27
8319.68
26181.6
15572.9
8595
30234.3
9744.69
13610.7
21117.7
7384.1
13438.4
8650.36
8510.46
15755.3
8363.76
14659.9
22202.1
15039.4
8517.1
10167.6
8677.96
11664.2
7970.64
9025.94
9262.27
14489.6
5826.4
8248.65
18047.4
9554.59
7461.8
5931.59
14331.9
10505.9
4810.95
19330.6
18177.2
9332.64
31494.9
13142.3
21661.8
9442.06
15221.7
13793.8
4987.34
16846.7
8674.89
9150.78
11199
8227.77
12933.4
13134.7
5530.91
8982.76
9635.99
16550.3
22104
4814.73
19155.3
9878.76
4965.96
6368.54
12128.3
10439
53297.3
8332.88
27235.6
16905.5
4065.89
15660.9
11502.7
12626.1
39912.7
8136.54
15225.9
6510.61
13143.3
10098
6146.06
5921.35
11649.9
14315.7
6895.08
7071.3
13268.4
4822.55
17686.1
15430.4
8839.95
8340.56
7193.04
9335
20964.3
14475.1
16289.2
5323.5
6597.26
9308.43
11487.2
8125.14
7829.73
8586.47
24738.6
10169.2
7042.85
13604.1
13892.1
17768.3
12194.5
13125.6
10997.4
7889.78
15155.7
10290.8
29296.2
10934.6
15705
15393.6
9077.19
37839
8314.51
14599.9
10406.4
18869.5
7668.93
55146.9
4918.23
13305.3
5045.35
5305.87
14185.4
5413.28
6950.03
82725.7
12616.6
12168
6255.73
8989.14
17262.5
11046.6
26952.4
37077.5
7535.02
6259.45
4418.05
13997.1
42415.5
5569.32
14107.1
4906.09
11760.7
7875.82
23864.1
7294.12
19806.2
10671.3
10715
7101.78
8451.14
12228.1
10485.7
30199.9
20503.2
14164.2
11865.2
29457.8
11156.9
9410.73
23967.7
23557.6
15779.6
26605.8
4080.42
10834.1
11861
8544.47
9640.86
15031.7
14760.3
9886.76
7960.5
13766.7
5986.43
28590.4
15789.5
5233.06
7345.36
7081.78
8745.38
10107.1
7794.9
10880.2
17523.6
6760.12
10453.6
9186.57
6874.44
15471.3
14334.3
15018.3
9616.63
9442.27
10805.1
20346.2
8300.87
16402
9595.09
4522.6
10514.5
23783
15491.9
8038.39
4650.51
4747.44
11841.6
12759.2
20324.2
10625
15910.5
7748.59
27062
9839.45
22087.9
12733
23079
10873
21190.1
12466.4
10926.3
9043.31
13638
7099.16
22443.5
10828
5768.3
13564.7
17996
8815.34
27978.1
10055.1
5880.8
7264.71
8980.1
45303.8
6770.48
16406.2
20348.8
24749.8
12096.6
7576.84
19495.9
6632.63
10146.1
6666.4
6678.61
31871.1
9083.17
13392.6
4778.24
5993.22
24901.7
9488.04
9389.01
7649.66
15785.2
7529.95
5517.15
13662.3
25890.6
6218.88
25609.2
8698.2
10110.7
7769.78
13383.9
8922.82
8115.23
8804.46
9732.01
11248.7
9839.99
15228.7
13956.8
49900
7102.88
18659
25238.7
31886.8
16097.1
6192.9
18595.8
11519.3
4229.15
9082.44
12808.9
27890.5
7852.22
16592.2
8299.3
6294.78
11243.2
6946.35
5662.27
3496.87
12703.2
10861
47672.4
6511.57
9552.3
17908.8
20419.9
8556.19
10840.5
31675.5
12331.1
10689.7
8911.8
10173.4
21872.8
6916.44
5764.39
14313.3
5406.74
11888.5
6325.06
12509.9
10173
20797.9
19798.1
7129.29
14370.4
11828
14673.8
12365.5
6959.34
17366.4
10501.9
11737.8
5072.31
12347.5
8520.22
6004.67
8432.48
12398
10977.6
21232.4
12560
9920.52
8198.09
31227
15437.8
30481.8
5715.37
7069.54
9063.2
12884.2
18213.2
12209.4
11636.8
7758.95
8044.08
10762.4
10302.2
7076.61
6483.91
7732.28
19074.1
12430.2
10190.5
9238.7
6794.04
8324.21
10319.5
8887.39
17476.1
7877.26
6726.23
10028.9
14453.8
13088.1
18746.4
12635.1
19158.6
8854.97
22249.1
22159.2
19070.2
6995.81
13171.8
7302.56
21825.2
9048.25
19661.6
11342.1
10378.7
11886.8
14677.4
11675.5
15335.9
12643.8
13523
11333.1
7336.26
17207.8
17286.1
20835
18858.8
10608.1
14409.1
6600.36
8361.35
19010
7420.14
6210.17
8747.87
10732.6
11435.3
11749.1
13034.9
14353.1
6804.17
9276.64
20809.2
13072.3
13821.2
5998.77
9033.11
30802.4
8894.16
18016.2
8957.64
37465.9
6155.44
10021
13223.9
6723.61
12264.1
7725.98
15544.9
16258.8
21089.1
36636.4
9156.19
10118.3
6427.52
6739.85
9080.89
6756.89
33609.1
7805.45
7610.44
27535.7
14336.7
25220.3
8030.92
63163.5
6360.93
11240
10036.9
8484.87
14386.3
8058.26
7238.27
28574.3
15933.6
13918.3
14515.5
15620
14111.8
16670.8
9084.11
16177.2
6107.83
5057.7
7866.69
42511.3
7779.63
4321.75
6851.41
13345.3
13716.1
16820.2
10523.4
19603.2
5927.88
8141.61
7796.37
36839.5
13130.4
5878.3
7273.9
10348.3
12498.4
69118.5
12065.3
18794.8
15671
5591.65
15705.6
10049.3
16100.8
20158.4
8188.4
11187.2
8119.44
11046.7
42573.5
10869.4
6557.39
9034.55
16892.9
9196.76
17569.8
7804.65
15598.1
22945
13647.9
8428.11
54751.3
11385.6
8375.72
19468.1
13280.5
24562.1
31918.2
6916.23
12946.1
17588.8
9774.15
6412.39
6367.28
10582.4
7430.76
6501.69
8877.48
5279.9
9619.58
6740.77
8232.98
8982.28
8536.27
9568.56
15735.1
15915.3
12205.1
8327.43
7227.8
11793.3
7887.65
24360.5
8853.54
10501.7
19511.3
9767.13
12274.8
9251.85
17934.1
10629.3
15777.3
5394.12
18367.2
10437.9
9435.42
6325.56
5843.22
13687.2
15544.8
14468.6
10730
6458.45
30113.7
9393.05
13695.3
17096.9
9711.36
8773.43
41647.8
8214.8
7669.86
5785.67
7190.24
10981.9
18429.9
26806.7
14674
11690.5
13151.3
33771.9
4896.73
6385.21
8636.83
15439.5
12617.7
63880.2
10026.7
13042.7
12026.9
21412.7
15705.5
11994.3
6430.48
6770.89
18601.2
32414.5
7403.15
9516.62
22998.5
14052
18566.8
6004.49
12982.4
20976.8
19411.9
9334.54
7126.07
15737.3
29603.4
20820.8
5661.65
12337.7
8659.14
11607.9
8571.46
7974.04
31877.8
10412.7
8522.35
8045.82
11926.1
8671.69
7870.65
5498
12698.9
10379.5
10215.2
14300.9
19854.9
10079.3
20544.3
16931.1
10708.2
10239.6
9209.04
30107.8
15407.3
5555.15
7634.69
9069.7
7357.63
5561.33
12257.1
9991.8
5667.85
34859.9
14554.7
6989.51
8572.1
7383.69
10267.3
10956.6
16975.5
8860.7
10307.9
10036.1
67194.7
4760.71
10000.5
16762.4
10775.6
18658.5
6395.09
6430.82
20520
15923
4247.4
10501.2
9311.8
7021.99
8857.28
12068
9000.7
5305.23
9409.21
6019.18
14149.7
9084.41
43775.1
10906.5
9679.09
4236.25
11946.9
9680.54
16342.9
15926.6
8505.44
13489.5
7319.65
10156.1
7927.3
11552.3
10647
11352
11653.1
9979.95
11792.5
22559.4
13900
6506.84
15989.8
13565.6
10257.4
15992.8
8022.88
6589.25
23228.1
17383
11211.2
12829.5
9014.31
15556.8
10710.4
9733.98
9214.13
19179
18906.8
8123.22
12679.8
9418.24
10151.7
9167.85
5216.97
4866.06
18589.1
6112.95
9075.56
8693.67
8877.28
12424.5
6439.86
14929.5
11564.3
14037.5
9765.03
14988.1
14151.4
13244.5
7542.35
11040.2
7055.16
12244.5
13086.6
13387.4
17910.5
6253.81
14331
12829.8
15850.7
9201.26
8154.37
14757.6
9231.15
6994.38
18597.9
7060.71
11538.5
7049.91
7062.31
11005.9
4760.03
7295.98
9555.31
7017.29
13818.3
15612.7
26141.8
4967.94
21674.7
13815.4
26999.3
7953.71
18886.4
17849.2
11905
21345.4
42988.6
6625.36
5868.72
6471.04
13286.1
10095.7
22466.5
14882.1
7704.44
24523.8
17593.7
9819.43
9699.01
10851.2
35635
13268.1
9438.4
15477.8
5767.63
12273.9
15127.2
10547.8
9045.82
5869.6
13493.9
7625.63
18189.6
12838.2
5328.3
8916.16
40474.9
16711.1
10618.6
7438.62
21270.6
8671.46
12569.6
9237.35
19717
6442.98
21290.5
10963.8
5673.78
11949.9
6605.61
22916.5
8538.89
6718.77
9459.42
10842.6
10507.1
7500.53
28671
7541.93
34958.3
4358.91
16670.9
11416.8
6710.86
6795.12
14092.7
11906.5
12869.4
17598.8
12456.6
9676.28
10850.5
30513.7
23451
7568.86
4729.06
5205.58
7282.12
21943.6
8533.87
4996.2
11381.3
9724.89
6770.36
5416.84
6694.04
8592.75
12076.6
5430.69
6957.16
7563.96
10605.5
21007
6956.12
11918.7
4285.73
11598.1
15841
18882.7
10652.4
15375.6
14304.8
4693.3
16363.2
8858.32
10279
7706.57
9043.26
26357.8
13731.4
4844.16
12175.5
8105.41
23048.1
8024.86
6736.86
11377.1
7635.91
8958.11
10506.9
7732.16
6516.3
6956.36
14328.8
8255.42
13472.1
10708.4
7993.85
10535.6
10075
21208.7
8350.91
12888
8960.05
9533.1
6246.73
10923.6
14634.1
13425.4
10086.9
15987
8578.35
9528.3
14719
8730.89
33799
26446.5
15458.4
3405.12
6440.11
14227.9
9085.91
13839.7
8004.37
9975.48
7797.15
15066.9
5844.38
10732.1
20553.7
5993.16
15348.7
4524.63
15630.1
16357.2
8327.75
14850.7
9571.31
9479.49
7655.11
7543.46
33622
6617.13
11956.6
18308.4
4887.93
7617.29
15731.1
7431.01
11337.1
7118.95
27149.6
12630.4
17581
12859.3
13250.2
4645.95
17966.9
30055.4
10259.9
22676
13059.6
9387.81
15103.1
8817.09
6402.52
20131.6
25293.7
14002.6
22229.3
12289.1
12184.9
16411.1
9289.31
11117
9238.76
15935.2
11245.7
8509.71
31397.4
9608.35
9816.22
6159.99
5788.86
15555.3
7228.07
9683.88
11321.2
9865.88
11368.2
8093.46
12792.8
15621.8
6159
9796.96
8139.25
11990.1
15788.1
7932.59
9460.37
12503.4
7587.23
12986.9
23965.6
4978.12
8529.18
8123.58
7721.37
11236.8
15340.8
11614.8
8237.35
9675
11472.9
16276.9
13851.6
6749.69
7709.83
14979.9
8650.79
14843.4
8193.79
11012.9
15525.9
7274.55
16640.8
24717.8
6521.17
16741.7
22795.6
16762.8
10634.8
8094.74
10067.7
15231.4
6682.66
14488
15663.5
13451.5
10795.2
10131.6
6583.12
4980.8
17187.5
6309.71
7410.35
15558.8
7634.89
7125.58
22534
8425.49
17531.9
9023.35
15972.6
14150.9
7975.55
10953.2
7292.36
7806.32
12229.7
20045.2
16481.9
13229.6
9691.75
10421.5
12346.3
10567
13065.9
12969.2
28939.7
16882.3
15652.7
9237.01
12709.8
9569.5
5634.39
13571.1
6568.94
8205.36
10809.5
8410.33
7959.21
5476.43
13832.9
10200.2
7307.25
17301.6
6587.76
25031.3
10022.3
4742.15
6494.74
19671.3
13958.7
6268.84
10375.2
12911.1
5619.86
10227.2
9214.75
13382.8
9384.32
5357.44
10037.9
19108
10060.9
18366.6
6215.64
6907
9005.27
9996.39
6479.37
18672.5
14860
12576.4
10194.2
9451.57
10542.3
6220.23
3815.45
7830.83
8005.93
8019.7
26960.6
46079.9
8192.83
10613.8
27961.7
8146.5
10684.8
10024.1
11528.5
12431
7964.19
16348.4
9462.67
10834.9
6712.91
6478.08
5436.44
7871.93
10756.3
11369.9
9016.25
7138.41
21448.2
10774.9
11591
18986.7
22043.7
9596.78
6530.84
10088.3
7478.61
8879.56
11238.5
7208.8
9676.59
11712.4
4987.5
7809.51
8151.24
12114.3
29532.6
30145.5
8582.31
13816.4
7304.28
9029.88
13042.2
14783
7703.31
6089.88
16436.1
13706.5
13750.4
5115.18
8558.7
9163.74
8537.36
7411.21
7698.06
22819.7
17742.3
5872.37
6830.66
6259.73
11757
14546.1
31836.7
13488.4
18990.1
18947.7
11226.8
10364.1
23212.6
17875.4
35029.3
16474.2
7070.96
9441.33
8230.05
7305.68
12883.8
14582.6
12106.4
4659.94
5565.98
15112.4
5674.68
8031.2
8322.28
6050.87
27768.4
31596
14034.8
8487.4
5873.46
8520.4
14429.6
14125.5
9950.6
7677.58
13083.2
12727.6
4948.84
22624.4
13441.2
10226
27437
9830.84
10933.2
8582.24
9622.92
10640.6
16222.5
5729.05
11027.2
6001.14
5655.38
16811.9
12526.4
9727.19
7956.68
15641.2
6373.31
15680
5352.29
10803.7
9602.06
10274.3
48696.4
11826.8
11467.3
4678.98
20199.8
5676.13
15639.3
7560.99
8959.6
13604.8
22507
13763.8
5102.27
13528.4
13372.3
6353.81
11204.7
13827.1
7908.96
11786.5
15023.4
9909.59
7492.41
12819.9
5142.04
6931.81
6133.41
7642.64
13498.2
8519.55
9130.93
16243.3
5186.01
12410.9
5236.23
10660.7
7933.14
9864.78
8957.6
5407.62
8391.1
6174.18
6019.82
11477.6
13693.4
26935.2
7405.66
8963.77
6335.06
10699.3
9804.36
9000.57
12787.2
5266.42
28855.2
5316.99
6475.17
8660.7
6489.39
11500.5
7736.65
8547.8
11340
8555.46
12657.2
6687.66
7418.85
11244.3
22817.1
7130.18
6952.92
7646.44
8282.61
7037.06
5372.72
15965.4
28058.2
23012.3
8022.4
7393.82
12047.2
16700.2
5895.47
9722.18
6257.19
8673.9
10525.6
5668.04
7597.41
12613.2
14700.7
12207.2
4380.3
9905.34
17538.1
6821.61
20891.2
20660.3
8624.62
8278.67
5719.56
18925
4770.87
15863.4
4169.51
4279.44
12543.5
15297.6
15536.8
10478.3
9918.68
12765.4
8465.92
9853.97
13887.5
23202.2
20891.1
11138.1
7280.25
6191.2
6817.81
9456.07
7545.26
9428.9
24326.4
7129.81
29010.4
15434.7
19836.6
25131.5
5217.51
9231.16
8636.67
11229.9
4894.29
26260.9
6875.7
13366.8
18973.2
8800.88
9754.84
45066.7
8134.52
7375.69
7671.39
11809.8
7268.58
7488.37
11904.5
10425.1
24759
9449.41
15592.4
10605.6
6977.35
9005.22
15633.4
6672.57
11470.1
18602.1
7599.37
18169.9
11001.3
10088.6
6992.68
5139.98
16073.2
29707.1
11034.3
14044.5
7048.46
4937.19
12460.3
9073.79
9155.19
9004.48
10179
8274.53
13177.7
11013.2
10988.5
10632.6
24362.5
9811.22
12508.9
8633.95
8784.14
6445.01
6448.25
9051.19
6501.07
4666.65
22601
10508.3
12570
11321.8
11319.6
11431.1
6031.2
5177.95
6869.12
4299.56
7470.59
15758.1
9938.92
22065.9
11277.2
9229.71
6694.29
6329.97
21488.4
6195.61
14683.9
11063.4
9550.84
30683.4
10769.7
10694.4
5987.57
8200.03
9688.97
21052.1
12127.1
12999.3
4609.88
15860.6
20553.9
8160.77
12198.8
5875.77
7029.48
6595.89
20861
22638
10770.2
11751.5
5964.34
8085.84
13430.6
18706.9
6209.48
16612.7
6830.54
13925.2
6131.53
11498.9
7793.29
9787.11
12504.5
13061.7
15761
4539.64
5902.06
5571.69
19912.4
13026.9
10364
15813.2
21573.5
6042.59
6868.58
28641.5
7256.58
9482.32
17525.1
7845.34
8538.79
28652
25924.9
16997.3
8463.2
7145
22555.1
17834.6
4960.82
57335.9
8587.94
9171.61
15981.7
4584.3
13982.7
13763.5
19145.6
15781.7
9709.44
9473.24
10508.8
8691.53
7492.04
6757.83
8059.18
6660.83
19554.4
9827.42
13584.2
5335.36
6955.3
18653.9
18748.4
6948.33
9756.2
5952.71
7728.83
11944.7
6247.22
16853.9
15774.9
19345.3
18290
8220.95
19671.9
21727.2
11004.8
6313.71
8705.84
30235.9
6399.83
26652.1
7146.83
12593
11215.9
8134.93
11180.9
12978.9
12019.4
15152.9
7382.88
7901.69
16285.9
16837.2
10981.7
16851.6
6707.93
25248
8731.79
7651.85
9436.53
11509
35235.8
5550.03
13766.8
13813.1
7555.22
22257.4
15970
6939.71
17337.9
10401.3
8956.67
7928.5
7624.71
5920.03
10750
8725.2
29963.7
6046.65
34603.6
6902.16
8476.09
18210.5
26593.8
14262.6
8685.93
6797.11
7004.03
5958.83
8309.14
4640.5
14755.6
10071.1
13641.9
5278.94
15447.3
14523.7
5412.25
5649.87
7647.19
10899.2
9861.23
9150.64
14880.1
12259.1
22068.4
13601.3
10013.7
11261.5
13803.1
11768.1
19923.2
18661.3
15560.3
8610.05
10573.1
9239.14
12089.9
4583.78
14238.5
5581.63
19905.9
49690.5
11398.5
11727.4
10236.6
16489.7
25736.2
15924.8
14700.1
9924.75
9525.63
6926.55
5964.65
23424
4822.53
6974.2
10767
9127.47
12359.5
10468
9324.27
7090.76
11357
18624.6
8064.95
20321.2
6306.69
8250.74
15908.2
37293.2
12700.7
7478.15
7278.4
8228.21
13690.8
9966.32
9037.38
6053.5
13404.1
6491.99
8250.04
21770.7
8177.97
16232.7
10182.7
12012.1
12658
17452.1
7612.96
13837.6
6775.59
13170.8
6769.41
7661.01
7633.13
6373.36
7820.66
26519.2
9181.91
14652.8
17875.4
17147.4
8788.64
12561
6203.62
13493.4
9315.75
11342.8
14345.9
9853.06
7651.04
18764.6
24543.2
5847.68
10393.8
27873.3
8724.8
9417.58
7727.73
7277.42
40133.7
9100.87
21537.9
17332.7
13553.8
7337.48
13320.5
6858.97
13587.9
9580.56
7495.06
17418.5
8765.42
8498.7
19341.2
13587.3
18493.8
16780.2
12312.9
44190.9
4206.37
10191.5
5990.05
9323.79
11185.8
5865.05
7118.15
18775.6
8548.49
18688.5
7102.22
5843.14
14344.6
4667.7
8198.28
8568.78
6604.08
23785.7
4762.04
9119.44
12974.4
13609.1
13714.6
6601.76
6633.66
17140.2
7118.41
10301.4
16459.8
10276.8
6435.94
8812.62
3803.74
8531.88
7158.96
18546
12420
7066.34
16178.3
5426.38
23626.7
8873.83
18243.6
11770.1
8063.44
6981.56
6595.31
13354
14261.1
11583.1
10654.2
11417.6
29967.8
9256.29
8512.17
5642.64
9285.6
8269.1
9449.55
5448.75
5854.15
10899.8
27145.7
7401.27
8039.09
8602.85
20896.6
7774.75
11910.3
15874.1
23065.8
21368.6
8853.56
7859.02
6529.73
16430
10172.8
6108.16
8948.9
14534.4
6585.53
3860.06
8883.39
9485.14
13953.6
9936.21
5673.95
8735.91
19987.3
27292.9
11479.6
7453.39
8288.45
9700.32
20525
7508.24
17210.9
22826.3
18774.9
17414.8
10388.5
11054.4
6263.9
6090.49
7645.82
30618.9
7560.38
9572.8
12022.6
12503.8
8471.73
7504.91
10040
18234.8
5148.5
5780.82
5264.4
6795.54
17097.1
31461.9
18593.6
14104.9
14116.9
19504.9
8756.91
7532.87
10560.7
10346.9
20042.7
10630.7
7168.68
25326.2
10302.4
10363.2
20588.6
6708.32
7830.65
18219.9
8854.72
24335.7
5109.65
11975.7
6869.55
9578.51
8941.14
9726.45
15529.1
19663.6
5272.43
20876.8
7202.9
6056.88
15026.5
7457.67
14333.8
7737.16
7817.29
14994.5
20733.3
6311.28
10448.4
11245.2
9920.37
18046.7
10166.6
12286.8
7214.97
9380.96
6630.82
13392.1
5562.38
14517.6
24340.8
8011.34
22818.2
8707.98
10070.5
4472.27
13612.6
6623.82
4707.76
21372.2
7340.71
8049.15
8607.43
19786
10855.9
37462.3
5894.87
9005.89
13416.2
15219
7998.59
5706.87
4418.73
7186.87
22027
6226.33
13059.6
9141.46
7451.59
6279.19
8258.25
9564.69
7665.41
7894.38
7058.94
13063.9
13322.4
10483.4
8033.04
14145.4
7570.98
41395.4
23528.7
12632.9
8156.99
6551.9
24067
9705.22
6842.85
9634.07
24908.6
19227.4
13263.3
16145.5
10609.1
26445
46280.9
10038
5189.1
6533.99
8562.06
11601.4
4687
45502.9
10150.6
8008.16
18919
12208.3
8971.64
11493
18391
7462.54
23179.5
12804.9
9101.96
5642.13
19220.1
11941.4
15034.2
15205.9
29833.8
7770.27
5796.18
17150.4
10381.8
17134.2
6886.49
6137.11
8760.69
7443.47
19888
8864.18
6680.22
19578.9
5023.33
29898.9
13546.4
11745.9
5661.26
6163.4
7630.26
22526.6
11494.7
4575.71
8342.32
7979.2
10817.3
5848.4
8624.02
5681.12
28750.6
9669.1
10468.6
8577.61
20564.5
4437.83
9704.35
26016.5
18781
19199.4
12789
7604.5
23140.4
12476.1
7700.44
22583.7
7453.29
4724.15
16528.4
14275.8
7803.36
6556.97
22403.6
11661
6434.47
7151.12
8819.8
7401.1
15927.7
10527.3
11516.9
10005.6
10208
5468.72
28334.9
40984.7
19321.6
6044.4
24202.4
12516.8
18068.3
8084.63
10149.2
9171.1
5406.25
9990.15
8447.94
11162.5
20541.2
10824.5
16926.1
9235.7
5756.56
10876.8
16871.7
11481.6
48013.2
11001.7
6024.08
5553.72
11014
16597.8
14050.6
14343.3
8073.32
30272.2
45371.9
7322.33
5546.24
10067.4
8548.04
27085.8
39366.6
5420.19
16863.9
10328.8
7032.74
17814.1
10757.2
7992.85
5929.66
9695.96
6855.24
8692.39
15801.8
24007.4
7975.44
28800.2
25406.5
10262.7
7948.18
8040.27
11817.1
12759.2
11843.4
5860.95
15618.6
17338
6023.21
13922.7
19339.8
14577.4
16081.4
15734.8
18353.2
12198.1
23595.4
7516.79
16454.2
9068
7185.01
4222.54
13977.3
4986.47
32789
5126.74
15341.6
12431.1
7724.22
17120.1
9619.06
7281.76
24977.7
19184.3
25662.4
15846.5
18900
8391.73
6648.17
18509
15244.5
12400.4
32435.9
10005.2
6346.09
11132.5
34529.3
12061.8
6790.62
11050.1
9249.99
18082.3
13006.3
9408.97
6207.29
6795.05
6382.83
17809.2
15618.6
9216.88
22722.6
7273.29
11045
12565.5
17655.9
6533.75
8344.38
7742.31
7903.3
7675.67
13969.3
9410.93
3814.22
5600.52
7180.03
12633.9
17605.6
7290.78
6408.98
9706.79
23400
6219.78
14401.2
9991.41
24873.9
8451.45
13054.9
15238.5
12102.7
14186.7
8960.5
20426.9
17056
17277.6
21360.8
9667.57
9574.49
6386.95
10397.4
8417.95
12892
11910.2
8458.44
9507.09
32715.8
14317.3
11234.7
21287.1
17418
9341.63
6501.88
29877.8
9648.07
14557.8
19163.7
22893.6
10632.5
15534.1
7461.63
23143.7
22987.3
9331.72
7250.38
9790.62
6329.14
9704.77
7734.94
5122.9
44168.1
7074.79
9094.26
23114.7
8256.32
4350.67
11690
5964.57
13788.4
10197.4
7905.32
5390.77
11887.2
44836.5
8039.1
17733.2
6566.64
19236.5
10557.2
10669.4
14090.6
10234.8
7098.53
9761.33
6043.33
14008.5
22460.1
16206.7
20747.2
6841.44
11268.2
7917.38
23150.4
7290.94
14314.8
27088.4
9940.54
8800.72
8485.64
15831.1
6504.49
8305.35
9296.71
4515.06
44718.5
21360.4
10173.3
13774.7
7928.28
7267.4
37188.1
10448.1
19052.9
8377.71
12127.8
35130.5
24878.2
14443.9
20421.7
23994.7
15140.7
5201.84
7944.68
8128.64
8711.16
7063.29
8114.39
9945.42
15011.4
12156.3
10255
13150.3
10423.1
7281.93
6551.98
8706.28
13639.5
5507.34
10110.2
38168
8959.3
23611.3
9712.88
23314.4
11912.7
6957.72
14095.1
10856.9
14848.6
5590.73
5469.22
4769.27
27913.8
6226.08
25925.8
19705.7
6298.95
3369.63
17931.5
19525.5
14778
6997.46
10871.5
21936
15974.3
8141.48
15728.7
16333.4
10626.5
9085.24
4496.25
21625.5
9029.23
9383.97
15267.7
14236
19313.2
9349.3
9060.58
15695.7
12385.3
16872.4
6998.9
8251.09
16463.2
4368.11
19897.9
9233.69
20315.2
16954.9
5859.13
12829.3
7465.45
11633.6
10214.3
9567.8
21947.6
7657.53
8476.3
28043.2
8150.11
11468.3
12592
39490.7
6038.93
29334.3
20803.9
14878.2
73113.7
8379.02
9761.3
7084.8
14255
14188.6
7862.94
9182.93
4848.55
8275.45
11219.9
9338.87
8291.66
10102.7
13244.8
9881.64
10682.4
5677.9
5609.1
18678.6
15828.1
12870.4
7148.47
13542.1
5507.13
15928.7
10748
12157.9
4874.56
6587
8346.77
9818.87
8342.58
16263.8
36118.7
15045.9
6891.93
11721.7
4882.58
10693.3
10904.8
8501.52
8440.5
6032.45
12106.4
46552.1
14709
8476.87
8003.8
17997.6
6915.28
29614.7
8415.04
11595.5
5479.45
12933.5
3819.52
5946.82
6850.39
5467.74
15879.3
7544.49
11411.7
7641.53
9810.19
7657.72
15067.2
32410.4
5390.94
6746.47
26550
14698.8
21229.2
12480.9
11943.2
9377.12
4072.8
10023.3
19636
22588.3
10650.3
23495.3
13724.9
8096.2
16868.9
23106.7
18103.8
5627.78
11922.8
10838.7
11248.9
5809.02
16326.6
8015.98
11758.5
10165.2
12414.6
12262.1
7584.88
22055.7
9451.37
14739.3
4473.83
9442.37
11090.9
19874.3
5770.19
6936.16
6722.86
7878.96
12876.6
8398.51
11300.6
10570.5
7565.99
13508.9
16563.3
9575.65
7380.66
11056.4
14762.3
13475.9
8687.42
24783.3
12611.5
13802.7
18081.5
11411.4
8085.19
11458.2
11848
15598.3
11244.6
15733.5
7035.61
9694.38
13133.6
13008.6
11387.9
16391.5
6121.11
5943.89
8813.68
13707.8
12324.2
11598.2
10964.3
18988.2
14324.1
8343.87
13259.8
8139.71
8367.14
13202.4
9256.76
10563.8
5250.03
18811.3
17682.4
18393.8
8928.12
9621.57
17807
14981.7
12640.1
9973.65
6919.37
11864.3
9037.36
22824.3
15618.2
6341.81
8536.46
14667.9
26182.5
10166.1
12234.6
7723.84
29448.5
12088
6894.56
13491.5
16662.2
18691.8
7126.62
7592.85
12334.9
7339.63
8652.37
10423.7
9201.14
19064.9
14433.8
13402.9
42327
6681.35
10039.5
14240.5
9079.51
9745.03
4354.69
50006.1
16735.3
6347.88
9602.83
12857.3
7531.26
3973.49
11332.8
10064.1
10332.3
36933.4
5378.78
7703.37
10905.8
3980.05
7070.29
6589.77
9518.47
8429.32
9392.22
11806.5
7637.86
15931.6
19183.4
12342.9
20718.9
52076.5
11922.6
6184.4
6673.22
7441.74
9280.06
15791.3
7238.94
30046.5
6368.49
10127.8
5678.75
11161.3
6469.55
8685.4
23177.6
23454
8085.26
8043.85
6820.39
6252.6
5818.62
8092.01
6320.09
8659.67
12562.4
11962.4
12484.4
6286.58
7929.67
27391.9
7084.35
17280.3
17737.9
6815.44
17849.5
6973.66
6538.89
30397.7
17991.5
18686.9
9009.13
36464.4
7039.13
11208.3
10113.4
10535.1
7875.01
9958.55
24345.6
8443.73
9776.87
17533.6
6120.75
15437.9
9460.86
14623.9
32083.2
9031.78
11923.2
9914.54
6559.3
14765
11316.5
8316.84
19849.5
34010.4
14387.5
11957.9
8013.69
19930.9
10814.8
12738.6
6803.39
5468.94
7471.31
6739.71
8249.98
5301.64
14815.4
12750.1
15325.3
12658
11279.5
7336.06
4363.04
36736.2
6653.34
43006.7
6700.15
23075.6
5696.05
10347.7
6711.9
18565.5
6763.56
26863.7
5298.68
9687.35
14847.3
6556.31
18830.7
5205.96
12582.7
15056.5
7876.22
6048.07
9212.05
5939.13
7815.47
4411.92
15578.4
15243.4
10408.1
5993.81
8028.06
17572.1
13305.3
8388.44
5869.58
10677.7
7468.88
13411.9
16817
13889.1
28195.8
4631.99
23393.1
6480.15
4795.94
10742.8
5647.6
9617.99
13660.7
14282
12630.4
10642.5
13533.9
18839.6
6204.36
17082.1
6439.48
12665.1
12730.8
14331.6
6193.98
7273.58
23975.1
32631.8
6550.01
7914.35
11728
6179.05
11584.7
7757.76
8563.7
15431.1
7564.03
17707.6
37394.6
13688
8575
16862.3
14609.8
11091.1
10600
11282.2
10681.3
12736.1
9309.55
8521.3
7288.37
8072.63
7681.89
18157.5
16762.7
13260.4
20990.8
6193.16
11940.6
9023.69
20856.4
14395.9
6940.52
10351.6
29722.2
9751.74
12431.2
6322.43
14603.6
13396.1
8790.15
6946.23
9603.56
10455.8
34172.8
7738.33
6494.03
11530.4
14321.7
5069.01
20739
8810.82
12679
6576.6
8411.4
10788.6
8043.13
