4804.66
4641.13
3615.98
1821.35
4483.75
4139.32
3354.45
3743.78
1963.46
2409.2
2187.35
4449.7
6103.04
2594.06
2681.19
4978.97
2820.35
5105.87
3159.15
2891.6
2718.13
3460.32
3522.29
4500.13
4591.41
6255.35
2275.63
3879.45
3745.33
3677.9
2374.39
3174.14
5564.77
1913.98
4199.41
3077.94
1755.54
1618.36
3176.61
3703.84
2432.04
7458.2
2359.42
2900.22
2236.07
10681.1
3578.39
3114.51
3342.79
4474.05
3144.58
7002.17
5450.28
3890.4
2631.75
3548.69
4777.56
2038.57
3351.96
5231.05
5029.95
1907.11
3249.86
4040.33
2897.58
2578.49
3428.13
2444.07
3099.39
2630.73
2974.77
10703.5
3132.17
3874.68
3169
7203.32
2039.03
3954.62
3937.82
3304.67
5304.33
3057.72
4297.49
1824
9241.74
3870.49
3651.27
3326
2689.13
3236.98
4221.72
2413.75
2314.5
4856.49
3036.4
2507.28
6978.46
2274.14
4211.79
2998.11
4971.71
3325.52
2683.4
3392.74
1907.81
2461.46
2654.08
2909.8
4994.75
7468.43
2389.3
2180.65
5599.3
2188.01
2077.48
4485.51
8011.57
3783.4
3008.53
2067.56
3925.14
6144.33
4426.82
1845.49
7198.15
3229.43
2755.05
5266.67
2623.8
11901.8
2811.28
9658.86
3106.45
11860.6
2340.05
4147.85
10531.2
3166.22
6334.45
4028.87
4543.12
8246.63
1947.31
2448.11
3057.97
2229.16
5005.73
2713.67
2096.75
7265.78
2300.07
1995.46
2014.75
2706.47
4872.99
6752.01
2985.85
13192.2
2288.3
7640.05
5313.9
4563.76
7503.78
2658.88
7435.49
2844.56
3718.83
3247.82
2646.91
3421.85
7830.56
3108.56
4349.76
3763.49
3346.04
3279.14
2570.81
2811.03
6929.41
3099.26
4163.63
3494.16
4835.89
9025.17
2079.78
2481.05
6146.09
5524.23
2684.1
4341.8
4526.31
6371.34
4848.01
3170.97
6426.95
5762.96
1916.59
3659.58
5879.48
2669.36
4362.95
7628.32
3819.17
2835.9
2353.78
5520.96
2066.46
12952.7
9400.04
5584.6
5304.67
2974.22
3012.54
3889.35
2911.61
2548.54
7841.85
1650.45
4430.62
4191.34
4793.3
2188.43
5962.42
3982.43
4716.68
2844.74
4960.9
6520.58
3752.01
4185.71
4172.28
8713.97
3333.52
2843.43
2162.59
3597.6
3189.27
2920.73
4126.58
2466.5
3749.72
4232.99
4384.14
2664.07
4510.25
2747.26
2298.3
4418.66
3354.76
3533
2877.87
8056.99
2616.8
4994.32
8039.69
4767.32
3570.61
2814.19
3296.16
3393.96
3014.57
1969.67
2624.26
3442.69
3700.62
4067.48
3625.82
4126.23
6679.59
4821.69
2562.85
3372.97
2864.25
5512.32
3207.34
2549.71
2301.78
5999.81
5594.17
5838.29
9614.2
2831.02
3998.47
7681.51
8067.44
2513.06
3356.83
6292.58
2115.48
6745.18
6510.46
6825.32
2648.76
3135.55
9657.83
3143.92
4162.11
2493.26
2237.69
2562.31
3097.31
3065.05
3569.14
3620.17
2973.88
4865.32
2459.31
3761.35
3763.4
2671.86
7033.11
6731.74
6774.24
3833.72
3391.37
4229.04
1785.56
3008.38
3743.41
3482.16
1900.1
3159.72
2913.06
8504.04
4977.41
2095.2
4079.78
5710.15
10429.8
1932.09
5943.14
1967.45
4010.22
3210.78
8485
2526.89
3274.78
2330.72
3138.61
3054.18
4889.48
3316.18
4175.4
2255.77
3615.54
3430.21
3454.66
8283.92
3417.47
3626.15
4633.89
5684.42
4213.5
2569.76
1392.33
9397.66
2806.98
4059.54
4735.41
5660.49
3244.08
3937.23
2978.98
8166.89
3972.48
8591.08
3238.06
8083.71
3564.09
3603.76
4303.33
3908.11
4251.35
4286.2
2224.24
4058.84
3296.12
2063.56
3265.2
3144.24
3633.9
2864.03
3261.13
5434.9
4280.89
16484.4
2798.7
2150.44
3035.18
2040.38
2165.86
3314.59
12551.8
2597.88
5724.96
3389.12
3083.85
7181.49
14464.5
4140.93
2272.21
3935.48
3298.99
7008.57
2472.59
7624.01
3977.89
7196.48
3107.42
3374.23
6387.43
2040.11
4102.99
3924.18
2401
2712.8
3344.5
2640.04
1994.96
2920.81
7409.27
8638.82
3466.98
4401.96
4356.29
3148.18
5399.63
2826.87
6473.16
4619.19
5831.51
5456.88
3919.99
2274.09
3501.35
3786.92
3475.34
5134.38
2423.27
3486.07
4117.06
3949.23
3300.11
2486.6
2804.86
2123.91
6177.5
3537.82
4009.33
4510.35
2418.24
2750.62
4562.58
4415.29
2008.74
2020.19
9973.7
17213.4
2832.7
2592.81
6752.9
3118.81
2743.72
1490.22
5391.02
4519.37
6084.38
7313.13
2817.27
3581.01
2687.34
2925.16
5856.51
3122.22
4766.01
2919.09
6888.69
4336.96
2127.04
5438.85
2441.67
2230.65
3735.72
2724.98
1965.93
5241.52
2756.83
3431.62
3321.9
3492.99
6098.85
5060.23
4375.4
4602.47
3936.94
3910.51
5546.09
3592.08
3583.24
2004.31
2955.34
4447.71
8844.29
2732.52
3952.58
4649.23
2466.75
3952.77
12560.3
5005.01
4751.16
5017.45
3144.91
2683.68
2444.75
4262.92
3470.6
6904.47
5120.59
3440.23
1714.13
6268.43
3778.64
4502.06
8513.61
3927.41
2157.81
5511.04
2985.06
4756.22
1791.3
4275.8
5779.27
3939.51
3354.41
6467.15
2741.23
2832.42
3291.17
6070.22
3201.68
3304.06
3355.78
4085.27
4894.95
4257.95
7332.48
4771.94
2388.05
11620.5
4537.04
3129.24
2178.59
5948.44
5315.48
2054.13
2091.63
2231.58
5659.46
3360
3450.58
2968.2
4670.43
2554.88
2400.31
4934.51
3867.82
2842.3
5887.03
5984.94
5340.11
1892.61
1925.98
5160.68
7170.2
5198.02
5584.83
4909.09
2598.49
6963.19
3135.57
2474.27
8433.2
2338.65
2090.61
5518.01
3281.04
7643.71
2595.75
2215.08
3773.32
4384.58
4844.82
2594.41
12211.5
8150.42
1837.3
2169.56
2925.15
3091.16
3607.75
4075.12
4087.12
2644.62
6586.43
2933.22
3913.92
2326.77
4538.87
2724.33
2819.14
3809.75
6735.22
4288.39
2190.33
2879.38
9857.92
4159.54
4098.42
5807.83
5186.71
5379.68
4523.35
4157.94
1979.85
11342.9
9214.25
1784.72
3010.95
7783.43
3440.43
2109.34
3612.16
6162.95
2541.89
2385.06
3569.41
2557.66
2781.96
3600.64
3158.42
3492.91
3651.1
5409.91
4207.34
4199.54
4294.09
3754.84
3422.16
5118
2223.29
2882.25
4774.65
6753.36
3730.75
4972.65
12612.2
5232.28
2670.28
8924.44
3832.39
3289.11
2146.5
3775.82
2121.56
5616.15
8677.88
2801.73
4539.74
2713.67
2442.09
4654.2
3562.65
4348.91
4252.97
4241.51
5188.32
3111.63
4452.74
4036.33
4379.19
2273.19
4857.05
5565.06
6451.58
6072.77
2140.47
5268.99
2584.77
2886.65
2378.06
4905.07
2220.65
22499.2
2386.96
4358.98
14458.8
5222.6
2963.46
4912.36
3975.54
4952.72
2507.97
2136.95
3757.03
10784.5
3655.88
4613.63
2622.78
2967.23
3244.48
2250.49
3389.43
5573.63
2377.32
2941.5
2130.06
5324.82
2317.2
2358.69
2452.36
2843.36
2910.5
6287.81
6176.06
4020.43
4928.97
5464.64
4282.75
3748.38
2788.24
7100.01
1786.45
3227.77
5840.94
18302.8
2529.35
4491.55
3667.26
12623.4
4344.89
4017.89
4334.29
8283.5
4517.05
4576.81
3525.7
5924.71
4623.48
2760.55
4794.03
4359.86
2823.87
2542.71
2938.12
2724.97
10701
6095.77
2384.72
4243.42
6201.64
2147.6
5490.69
2592.27
4093.07
2447.53
8354.46
4513.25
5647.34
3600.86
4870.68
2500.41
1803.54
3153.26
2528.7
8836.76
1846.63
5844.07
4048.47
7563.66
4810.32
1952.4
4801.72
2678.68
1809.75
3214.33
1755.54
2929.14
7636.47
5060.07
2104.95
7420.87
4645.31
3604.43
4966.59
3375.15
3945.84
8748.11
4635.44
2333.46
2259.55
5752.79
2602.29
3515.02
5449.18
4583.63
4342.26
12148.1
6249.94
4704.13
4420.24
3204.63
2592.76
8687.27
2150.66
5373.94
4381.53
3275.21
1718.04
3263.23
2806.21
2499.6
2966.17
4303.26
2186.06
2746.59
2357.67
3681.61
3077.13
3963.49
3768.1
4583.71
2421.62
4357.3
5354
3861.17
5426.03
3332.2
8883.44
3966.04
2498.79
3043.25
5133.36
2351.25
3798.47
3745.38
3433.8
2726.53
2737.32
2180.37
1899.72
12103.3
2553.29
6056.61
19248.6
2478.47
2664.65
9270.91
2985.58
4333.76
3015.82
2827.18
2013.74
4522.21
5000.22
4951.83
4947.9
3159.35
8386.41
2851
5331.71
6805.03
4586.89
3924.98
6395.29
3876.42
3087.04
6685.91
5011.32
2753.11
2516.37
2872.76
2540.02
3217.19
3847.54
3867
2817.11
2770.69
4443.05
2869.91
4160.89
2613.79
7458.39
3082.42
6911.45
2181.54
5017.27
9907.07
3349.75
5078.78
9794.06
5156.43
3649.73
1922.17
2245.43
2717.75
5294.94
4463.66
4258.79
9338.42
2903.8
3630.49
4490.16
3375.46
2773.05
4366.09
3519.58
3545.83
1896.53
7712.41
1833.07
15149.4
5651.66
7003.72
4393.07
2265.04
6074.06
6778.67
4457.88
2891.53
3935.56
4434.44
5224.38
3717.74
2422.66
2498.04
3392.07
2444.67
2630.73
2821.28
3923.75
7303.98
4247.72
2875.72
2997.59
2831.15
6084.33
2721.71
6477.91
7194.49
3805.32
2623.45
4924.1
4035.4
3050.86
3310.66
2647.84
2708.48
2233.88
4541.09
7234.54
8197.56
2696.98
4415
3475.45
1969.17
4556.9
2507.39
5591.97
3467.8
3083.65
3112.25
5691.84
5378.13
4412.89
21387.1
2779.31
3030.16
3342.23
4159.57
2802.99
4027.79
2625.74
2832.85
2477.21
2484.28
3626.67
4345.98
4668.1
4765.42
4130.41
5641.72
2640.91
2581.26
3227.47
5371.91
2767.19
5940.84
2774.15
4554.17
3467.13
5060.62
6142.71
2773.88
4454.98
2405.03
2492.47
2509.36
4502.61
5350.45
2866.83
5555.27
5232.63
4071.14
1904.55
2295.07
4220.77
2770.62
2844.57
1784.6
10664.9
3258.32
2195.72
2635.59
3095.69
7616.8
2720.31
2885.56
2703.44
2671.33
3235.49
20342.2
4990.51
1922.78
1931.08
5480.92
5848.53
5418.96
2171.77
3483.4
2720.26
1807.33
2974.72
2854.93
3870.72
2758.11
3133.01
4758.18
5514.53
3491.11
5158.06
15471.6
2166.29
4707.2
3444.87
8817.15
2542.02
4067.02
5199.06
3266.48
2663.83
7069.48
4071.29
2256.38
9872.8
3185.47
1942.91
3785.41
2600.19
5887.36
2486.4
5704.02
3044.72
3127.86
2779.07
5273.24
4792.43
6066.63
3038.93
4264.31
5623.6
7861.23
6380.96
2646.94
4243.23
6334.36
4139.66
2333.68
2752.31
3302.91
2133.5
5541.96
2572.35
3079.19
3969.58
2898.07
2824.47
7916.05
2864.09
2676.58
2949.76
3635.75
2365.73
3251.75
4045.38
3014.4
11089.7
2577.62
6076.51
4373.72
2269.06
18253.1
11850
2517.92
3309.62
3518.09
2766.51
4563.22
13533.1
2968.03
2838.67
3382.36
3676.74
2958.93
7548.73
3400.77
7000.37
4007.74
3346.28
2413.85
2251.98
6536.54
2341.38
5636.39
3687.81
2536.8
4220.76
3106.18
6916.78
5149.7
4157.25
4940.25
4024.26
3388.93
7254.51
3706.65
2613.96
2711.08
3123.27
2885.45
3080.48
6682.22
2987.17
2231.22
5340.12
2206.57
6484.48
5749.98
14911.6
2188.32
7311.05
2556.89
3188.84
5499.41
3564.28
2851.47
3756.31
6635.47
9277.49
4829.89
3782.45
2034.36
5201.44
6782.64
3617.54
2262.5
3427.79
3320.64
5292.75
2348.26
2035.54
2407.6
6853.67
3849.11
11223.9
3018.29
3598.38
2358.63
2108.37
1694.61
4829.32
2323.69
6195.39
3663.2
1533.56
2308.27
26494.9
3806.54
2669.45
3981.47
3228.7
5581.52
1982.85
3881.97
4048.08
2828.42
7141.09
2940.96
2288.04
5672.68
2816.55
2754.54
4272.29
4079.41
6715.63
3713.23
2497.38
3420.81
6332.47
2904.29
11086
4544
5508.66
4563.17
4181.42
2952.28
3045.67
2209.92
3381.14
3559.72
5376.21
2373.15
2512.69
14255.4
3710.97
3105.32
4239.53
5419.94
2768.66
4444.45
7456.06
3702.48
2258.67
2501.66
4570.29
2299.89
3535.96
21173.1
6878.8
3118.88
4458.03
2867.52
2364.05
3386.5
2392.14
2831.18
6391.06
6546.37
11361.8
8957.39
4787.13
1981.08
2101.89
2474.27
2461.77
2326.84
2191.43
2602.59
5476.58
3593
2418.28
5016.32
2443.02
5108.77
3291.78
5567.16
3037.8
3763.52
2279.9
13676
2592.75
3532.26
3965.78
8388.67
2623.03
6675.8
3317.37
4394.24
6899.17
2593.11
4839
8097.56
2418.89
5350.65
5433.14
4811.86
3097.47
2714.16
9340.56
6660.51
4695.59
2957.11
2481.37
2694.98
5365.59
3586.57
4677.97
2668.08
8829.1
2057.62
5701.34
4777.74
2325.81
3974.16
5384.81
6133.67
4729.22
4726.49
2800.73
2865.76
3696.87
5557.23
2902.45
3887.09
3340.91
6735.58
4189.42
3494.77
3007.5
4147.25
2756.27
1676.88
2093.09
2980.32
17378
3483.08
3233.06
15193.3
8457.36
4612.81
15458
5344.44
3750.25
3159.98
3070.74
5256.37
2896.42
3648.68
9953.88
4911.14
5334.83
3466.56
2490.14
7665.54
4046.33
7097.91
6785.58
3574.08
4745.07
2259.71
2552.51
2555.01
5575.93
4258.64
4870.81
2838.94
2826.05
7436.46
3767.61
2296.08
1734.7
10411.3
2892.51
5302.58
2210.42
4493.66
5462.27
3304.81
2602.69
5940.79
4971.76
2668.22
4052.47
2954.33
4136.52
3392.21
5599.7
7037.64
4788.26
3190.65
3288.58
6053.29
5834.33
16891.6
4405.88
3950.54
4370.78
3517.92
3777.58
3255.29
3615.53
3814.81
11786.9
2659.22
6438.83
3775.07
3325.75
4144.05
4498.69
5841.27
3902.3
6382.38
4730.2
5573.77
3684.03
4606.98
3624.65
3947.1
4518.26
3956.08
1894.3
3686.1
2360.88
3049.69
3856.14
4976.86
5517.23
3006.26
3496.84
2498.96
3086.65
3076.96
2756.9
10774.8
4770.82
3014.85
2077.62
4012.31
4975.82
2448.14
3687.72
3908.44
2379.53
2157.77
4050.69
5389.78
5562.59
5683.92
4066.82
10383.1
3380.79
1602.59
3464.54
2337.52
3977.73
2502.07
6626.47
2587.31
3639.83
5723.84
2183.51
4715.44
2000.71
5238.14
6159.45
2448.56
6125.03
2785.96
6149.29
6158.24
4560.35
10194.2
3659.27
5499.48
4736.41
6006.19
3473.7
3150.56
6947.58
3704.23
2870.1
3546.27
2467.93
5191.88
3505.25
3917.89
4248.58
3451.43
3943.96
7953.44
2393.6
2066.38
3185.12
5254.47
3363.72
2937.21
5272.25
2241.33
6375.17
2309.5
4445.84
3239.73
21219.1
2405.53
2785.02
3496.31
4963.04
3721.55
3405.91
1858.46
2417.79
2707.52
2108.95
2003.28
1979.91
9201.13
2766.43
2987.55
5448.35
4720.21
4539.99
3982.41
7777.53
3452.93
2328.45
3317.87
3164.49
4847.29
2054.35
2164.73
2348.78
2831.99
2860.79
2322.49
4488.24
4659.76
2553.11
5994.84
6047.56
7811.24
3990.95
3437.52
6235.95
4227.74
1991.07
4559.8
2230.09
2632.16
6937.86
2805.04
5275.04
3188.17
3169.18
2395.68
2688.74
3505.9
3508.82
5004.97
3199.25
3011.22
2241.54
4549.64
6722.29
1407.71
3564.76
4008.84
1820.05
4594.46
2498.1
2826.31
2388.48
3942.63
4615.97
2763.28
10019.8
5371.89
1896.97
4982.94
4218.75
4007.48
2668.51
2590.44
4811.57
16470.3
3042.41
3756.54
11244.8
2605.47
3529.38
2561.61
3843.08
4255.15
3875.99
3708.9
6626.17
3905.53
3562.57
6205.31
1802.85
9689.6
5680.91
4654.68
4968.89
3859.01
5822.25
6431.86
3348.67
3577.18
2817.19
1426.83
2018.04
4386.05
3157.75
4111.06
4671.88
3401.94
2946.71
2898.44
7449.57
2196.14
6380.09
8762.87
2820.09
2450.47
2270.42
2233.72
4003.45
4505.07
2245.6
2928.09
4296.27
6436.93
6504.85
2393.9
5099.7
2648.02
2123.67
3438.54
3257.92
2179.19
4632.72
4675.44
2761.74
2414.61
2821.83
4174.1
2443.6
4803.6
2264.81
2767.26
1671.27
2673.8
2967.12
5338.41
4747.86
3273.56
6644.76
2499.24
5180.99
4711.27
20357.7
3988.1
4802.28
2821.9
4637.6
3740.94
2407.8
3653.21
2646.93
2624.27
2319.07
5660.35
2647.57
12369.7
6987.8
5116.78
4347.79
7013.71
8674.1
4716.24
1808.7
5335.1
2888.23
4835.82
3676.34
3792.91
5523.28
2630.14
2646.63
2134.31
4431.7
2806.35
2586.38
2745.19
4948.63
4374.99
4093.05
5988.85
5072.67
4899.46
2410.02
5214.41
5707.55
3815.45
2623.14
10666.3
7295.75
3647.57
2868.91
5175.41
3813.74
2175.04
2684.12
2443.65
3316.89
4701.18
2569.49
3032.85
3195.97
2814.71
4064.46
3230.97
3083.15
4238.66
2716.44
3495.34
2145.87
2238
3553.97
4856.1
2866.11
3029.54
7752.19
5713.22
7035.36
2619.8
2870.62
2153.47
6944.56
3558.83
4249
3036.56
7312.42
3844.64
4258.84
3281.38
3240.03
3291.92
2056.86
2376.52
2282.4
3683.24
2987.77
5658
9712.53
4316.09
3059.24
1790.56
2037.32
13787.6
2684.28
3986.82
8479.62
5922.59
6196.81
13758.7
2992.21
9282.49
2614.78
2478.71
2396.47
2402.1
3978.95
4380.32
2228.76
5166.38
6260.02
8069.35
2620.34
2763.31
4021.67
2948.91
2824
4830.58
3534.1
2659.68
3210.45
4377.46
2869.25
6640.53
2964.58
3149.17
2711.99
4528.83
4230.61
3411.9
2320.73
2384.01
2624.09
3546.57
4321.36
2611.26
2748.15
7415.25
1581
3990.94
5860.87
3462.3
2803.49
3280.72
4298.7
4555.28
5798.16
3275.16
3077.09
1997.82
3826.5
3692.63
2086.11
2884.83
3092.55
2793.26
5289.02
3415.43
4961.04
3620.36
3457.5
6054.03
4400.18
2395.02
3104.52
1594.42
3229.53
2255.05
3873.68
2571.68
6117.12
5446.26
2986.75
6337.45
3894.95
5968.52
4008.48
3946.08
2918.9
2897.23
3577.98
3122.92
2330.67
3219.3
4520.07
3073.14
10710.2
3188.49
2192.47
2592.43
4505.22
3889.78
2896.82
7949.94
6093.44
2816.78
2211.42
3631.71
3039.32
4775.34
3126.17
1981.07
3468.15
3185.36
5060.6
4347.98
7469.91
8891.16
3730.7
3876.86
10621.1
7320.83
7451.12
2847.8
7544.05
6092.61
2170.85
2465.89
5360.51
6955.89
2320.07
3899.34
2664.53
4649.41
7602.02
2267.93
6827.43
2646.77
3773.74
5411.46
4300.85
4241.43
9837.23
2366.91
3258.1
3338.08
4285.39
4651.23
4079.06
4399.55
6572.84
4697.14
6479.04
3492.69
3634.31
3538.47
4226.95
3048.33
2430.96
1899.22
2300.53
3517.88
5515.79
3909.83
4702.56
3927.84
5380.33
4096.26
3350.45
3093.68
6704.73
3038.13
10942
3924.05
2855.66
2776.71
3659.18
2783.53
4478.45
3867.13
3044.92
3195.75
4131.1
6357.96
4286.76
3939.05
2289.85
3073.78
3024.26
2777.6
2475.25
3252.81
5046.34
1905.39
1723.32
6518.94
3710.49
1913.06
4637.06
7275.51
2437.2
10405.8
2619.79
3657.66
2822.95
3080.65
1943.94
3500.93
3006.04
3849.63
1705.33
4792.07
4645.43
2938.31
2885.88
5027.54
3780.16
3780.44
2897.43
2856.85
2884.41
6595.15
3991.37
1763.88
4581.98
2684.44
4127.23
3364.23
8864.4
3812.6
2533.88
2716.86
2785.71
4104.71
4033.11
4112.83
2359.29
2755.92
2202.5
3043.43
6986.62
5513.24
2995.86
5907.81
3468.74
3038.76
3035.18
3184.39
2746.8
2777.82
2236.82
3054.31
3590.98
2315.9
10721.9
3629.33
3024.38
9042.89
4998.12
2377.83
2351.53
3020.25
1802.89
6550.74
4969.49
6955.21
4055.18
3355.68
6221.61
4405.43
3453.37
2808.61
7854.27
5202.63
2839.54
3041.75
4307.05
2538.99
2180.01
3787.71
4760.34
2221.55
12791.4
4738.33
3255.85
3298.61
4943.23
4434.81
2424.63
2052.48
3898.18
3063.31
3310.38
2409.61
2782.98
3895.53
3027.14
4007.94
2215.04
2856.95
4146.64
5242.17
3260.43
3639.57
5016.02
3839.91
2543.12
12342.5
5376.04
2884.78
2315.1
2277.56
5229.09
1634.7
2828.26
2930.9
4725.96
2096.54
3052.88
3037.17
2598.81
3479.45
4028.11
6590.36
4139.93
3644.97
13116.9
9839.96
4715.46
2451.11
3185.06
2768.93
2291.94
2948.97
2545.45
3458.81
3609.77
2456.59
3881.55
2558.53
4324.6
4425.68
3640.19
3062.08
4122.28
6493.08
3394.87
2271.69
3904.6
6899.6
10868.9
4219.67
6091.17
4150.88
2133.06
2842.69
2894.81
3867.17
2117.37
3182.07
2571.56
2951.51
6489.95
2508.16
2516.43
3811.86
3022.78
3245.2
2340.58
4003.34
4264.22
2375.8
7217.36
4953.51
4405.38
4670.85
2694.2
2643.26
5776.7
2457.95
5482.54
4496.38
4761.67
3922.97
2434.02
4866.91
3358.05
3039.19
4044.91
8560.33
3029.18
3106.66
5488.89
2810.65
3767.86
4440.67
2052.65
4692.09
2593.27
8444.66
2157.14
4417.73
3988.45
2743.28
5656.72
3447.65
2341.72
3001.17
4335.82
4477.24
7176.53
2341.23
3395.67
4250.43
4169.78
3671.93
4629.06
3820.24
5448.75
4621.51
1984.01
2078.2
3473.66
3291.23
5226.16
9788.25
2227.32
2219.93
4354.99
1963.48
6565.74
3546.79
3166.08
3774.57
7154.21
3189.22
2175.86
3098.63
2839.28
2522.72
3028.22
3386.29
3422.65
3172.89
3728.6
2544.73
2855.89
3892.55
4912.85
6220.81
2723.08
3417.85
5908.88
5980.21
5198.43
7036.04
3900.87
4441.07
4066.34
3707.98
2703.61
2793.52
6143.72
3315.18
6044.42
3360.2
17144.7
2492.39
3845.63
4234.84
10894
2806.62
2652
2508.54
9466.13
5119.37
3879.94
2875.38
2544.13
2242.76
2354.35
6035.52
5065.97
2714.8
3005.39
2094.45
2962.03
5978.3
3664.56
6265.6
3960.39
2428.13
2343.54
5915.59
4780.43
2808.02
10358.6
3552.43
2144.41
2463.61
3943.06
2532.89
2593.36
2998.69
6001.13
3021
2879.37
4441.13
4832.53
3169.64
6076.46
8011.42
5675.59
2927.06
3056.7
6226.54
5347.85
3052.83
4370.87
4644.08
3146.81
5021.28
1850.94
6477.68
2580.77
4709.87
2853.28
3806.37
1936.74
1695.94
2907.97
2908.02
3996.45
7955.44
1826.02
5462.17
3063.64
4896.99
2843.33
2673.71
6390.78
3467.25
3590.46
2832.77
1901.84
3912.03
12526
8654.2
8031.34
2974.09
5811.26
2830.63
4045.08
3426.03
11605
2471.47
4617.79
11436
2922.33
2466.77
5509.4
4580.09
2863.46
7953.23
3294.4
7535.14
2939.32
4551.44
3372.28
2108.5
11772.2
2518.69
3751.44
1936.27
3299.45
5860.94
3169.12
2915.81
4443.02
4531.79
3639.68
2022.05
7902.85
5128
3514.99
3941.66
2942.81
3116.3
6462.14
3750.45
3867.08
4443.55
4141.16
5723.15
3515.83
2299.49
3698.05
2017.91
3522.54
2258.65
3620.07
6922.6
5291.64
4016.67
5318.09
2277.39
4021.13
4763.24
2869.57
2811.59
2435.72
2992.06
3169.37
2436.14
3335.75
3394.43
3099.13
4426.72
2811.18
7028.41
3026.38
2813.61
3656.74
3098.4
7147.72
2333.31
2348.77
3216.51
2130.51
2918.69
4386.6
3345.37
5275.56
3322.81
3501.18
3169.75
2451.24
2653.65
9421.65
2833.24
15862.4
1861.71
3863.78
3513.37
2487.2
4785.53
3728.51
5630.57
4707.46
3895.95
1993.91
6196.06
8259.77
6923.51
4619.84
2518.66
2601.18
6788.86
3691.96
2549.22
3419.89
2663.31
2714.94
3394.12
3500.1
5242.18
3558.08
12026
9361.98
2732.99
5944.12
4197.6
2112.05
13499.8
3191.47
2793.22
2701.06
4868.7
2489.51
4480.53
6440.61
5441.87
10143.9
3706.22
2508.25
2558.41
3566.88
7932.45
2275.12
4334.64
2188.91
3554.96
4009.82
3365.46
4352.85
6310.16
7567.13
3056.05
4111.21
4292.06
2750.97
5985.15
2679.34
1733.97
3257.6
3679.5
2196.94
2554.9
7094.23
3599.18
4398.99
4329.06
6828.93
5190.05
5844.75
3256.56
13549.1
2897.02
3076.97
2249.72
4611.53
6479.93
4999.43
2902.14
2039.85
2965.62
2539.23
2694.24
2575.81
2226.45
5438.29
4160.3
5526.09
3935.13
4433.13
3173.44
4550.54
16337.8
5076.13
3745.71
2507.53
2463.27
3613.45
12256.4
4148.32
7967.15
3894.52
4555.54
9633.74
3130.64
3149.51
6542.14
2560.76
3903.87
2860.84
2442.68
3250.16
3782.38
5115.96
3651.09
5436.78
4537.98
3063.2
5486.57
4586.73
3318.88
3590.76
5727.54
3827.7
2617.48
2420.54
2960.29
2608.66
2222.97
3539.13
4141.65
7165.17
7359.62
2634.6
3184.15
2102.07
1998.36
3769.61
4125.51
5753.62
3598.05
15590.9
4452.63
3939.87
5627.82
4337.01
2504.33
3167.46
4459.38
3806.54
7120.98
3479.33
4184
4609.66
3608.75
12153.3
5196.98
2371.32
1978.32
10467.9
2107.54
4195.02
5764.21
4463.37
6178.05
3469.76
1906.56
3736.49
7811.32
3468.16
3031.42
1904.55
2804.77
10634.6
2918.94
2639.99
2845.14
1961.74
4936.68
2910.46
2535.6
3692.41
2475.14
5586.5
3342.74
1778.23
4876.62
2860.73
3347.14
3190.03
2564.31
2311.42
3248.46
6317.72
5518.64
5619.15
3919.63
2837.59
6678.61
11134
3096.39
2014.5
5927
2445.31
4914.89
6804.87
2839.92
3166.37
3083.06
2638.83
8780.82
6016.97
6174.27
1881.59
6238.24
3560.81
4416.29
2897.43
2368.59
3378.37
6024.98
3356.96
4255.16
19911
3940.21
9201.35
4452.94
2587.24
1974.55
1605.24
4572.91
3325
13475.6
3639.06
2560.87
3616.75
3447.24
2464.2
4402.1
3476.4
3524.25
3978.6
9816.15
1324.09
5986.03
3871.51
1616.11
5663.86
8114.46
12107.8
4702.98
4421.52
5182.62
3961.17
2940.76
2010.79
3261.48
2288.86
3993.62
3087.82
2726.71
3147.45
11740.1
2909.25
2679.12
5233.34
4901.54
4359.56
5343.93
3413.7
3263.26
3155.19
2340.74
2907.72
8338.83
12398.8
3042.98
5008.77
3432.46
9853.97
5843.31
2439.4
6814.73
4528.77
2677.27
2654.05
2699.33
3378.35
7732.87
1828.97
2797.55
1889.78
10791.2
5045.13
3074.6
2421.95
5428.4
2948.13
2229.39
2885.64
2447.86
6355.09
4604.14
4569.82
2182.68
3173.66
6201.44
4820.12
2396.22
2595.06
2409.8
2627.08
4353.67
4382.05
2723.73
4490.64
11788.8
6743.9
4474.65
2070.38
1918.76
2514.31
2794.05
5206.53
5854.5
5738.43
4703.37
2666.13
4528.32
2485.21
3888.29
2974.62
3249.59
3909.05
6246.1
2487.12
2685.49
3441.49
3763.89
3971.41
2894.84
3603.95
6129.87
2724.31
5276.55
3553.43
2043.44
20730.5
3487.97
3508.16
1758.82
5106.96
3401.52
2747.47
5242.62
2840.56
2936.66
3714.12
3030.84
3689.64
4004.84
3444.89
3281.9
2882.1
4264.82
2449.69
1883.28
9492.8
6088.48
4294.51
2747.07
3333.9
4206.76
3226.56
4290.45
5007.69
3988.51
5024.39
4873.46
4639.01
4344.16
9892.52
2541.65
2352.2
5405.67
2956.35
2930.31
3266.79
2914.72
3760.96
2746.21
3374.52
4269.95
5083.34
7240.29
2514.57
3506.75
3142.84
2836.65
7146.03
3931.12
1808.62
3206.34
4184.35
2986.38
2519.05
5941.93
2773.82
4303.4
4082.39
3463.24
4548.43
2895.96
2038.42
6315.19
7761.41
7501.71
1976.42
3711.81
3761.33
6280.24
2376.44
5085.16
6376.54
8395.67
7219.47
6453.02
6240.91
3500.79
1852.8
3998.89
2964.62
4617.83
2662.1
1484.01
2299.89
4093.17
2797.11
3591.14
3777.53
2417.12
3563.97
5616.57
1724.81
1489.54
4075.99
4677.1
3553.17
2565.48
6686.73
4929.19
15089
3564.78
1610.42
8475.28
2572.04
6328.28
3570.77
2581.57
2468.98
14973.4
5680.31
3593.49
3520.5
2610.72
2465.14
2485.34
3559.72
3420.53
3046.95
5117.31
2159.89
3607.39
6005.23
5132.79
2637.5
8522.98
10396.5
2353.27
3000.09
10724.5
5956.53
2865
2331.82
3924.28
3228.25
3968.47
2019.07
3463.05
4232.41
3055.14
5975.06
4863.66
4561.92
3793.79
5437.25
2175.89
6886.13
4335.28
4539.41
4553.56
4622.23
2764.8
3617.41
3525.35
2355.55
2279.33
4225.42
3371.02
3125.7
5023.77
5606.07
5644.83
2994.79
2339.06
3304.91
6451.65
2527.87
1767.87
2156.04
3791.43
3793.06
3552.05
2844.74
10785.5
4975.74
2585.68
6365.39
3823.82
3130.61
4974.92
3004.59
3717.53
5361.11
3566.06
4104.35
2174.67
7588.48
5898.71
6255.79
3307.59
3365.06
3644.2
4141.42
6291.51
2468.64
6345.04
6239.43
3150.32
7700.71
4405.42
11727.6
5819.49
3350.11
3423.41
2853.09
6607.89
2263.32
3003.64
4828.81
3371.44
3193.84
2881.76
3015.41
3467.9
4669.83
2607.78
3207.76
3948.44
13117.8
2082.47
2758.28
3584.76
4390.53
3530.82
2822.93
5162.16
3606.81
1382.52
4884.54
2856.34
3565.64
19920
3175.33
3656.82
3363.32
4298.36
5053.79
4331.37
2584.69
4221.53
2350.92
2575.36
10249.6
2775.87
7264.51
3021.73
2579.33
2766.44
5659.99
1810.01
4140.72
2420.24
2146.66
6976.35
2499.15
4572.82
2747.04
4183.8
2311.51
7882.9
2867.97
2509.96
2860.26
2042.54
3284.7
4527.76
3923.26
2764.27
5036.76
4794.4
5772.54
6923.06
6103.01
2219.29
2040.04
2013.57
3775.48
14809.6
2759.16
3340.13
3656.96
3567.42
7465.22
8316.59
8443.83
2718.12
2779.35
8795.59
3336.93
2477.39
4774.76
4165.2
4731.3
2529.15
5591.8
4860.09
1933.83
4377.14
3679.54
2840.07
2695.42
1886.23
2448.59
4091.67
4618.84
1955.88
3199.77
3445.15
3334.63
1579.21
3909.93
2737.08
5731.75
3966.59
2743.2
2857.59
3965.5
3306.14
3721.78
2914.44
2245.53
3275.24
3743.53
3071.68
6021.76
2488.56
3224.65
3955.27
2299.58
2801.04
5647.43
2938.44
7816.72
2612.93
2936.09
3122.08
4092.87
5005.82
4142.42
10675.6
3085.34
2622.62
2914.65
2060.04
3782.28
3948.27
2203.43
4007.7
4793.95
3086.12
3543.85
11018.8
2968.11
5970.43
2686.5
2741.33
2025.53
4424.51
3032.41
3027.73
9632.48
2103.66
3557.65
2617.03
3427.62
3679.03
3738.39
1745.99
4770.94
3737.64
10909.9
2589.6
6350.92
3752.82
6461.4
2257.36
3247.25
2412.2
3287.76
4707.94
9615.52
4046.13
6022.98
3572.9
1701.91
3091.84
4206.03
3668.98
5064.23
4784.96
3437.04
4580.23
4227.41
2206.3
1856.02
4333.88
4002.48
6021.43
3421.37
2064.88
3750.43
3564.91
2897.31
3268.77
3287.71
5178.61
3747.61
6709.24
1828.97
9920.62
3352.85
3529.56
3308.01
7915.13
4562.18
4175.67
3783.01
3297.83
6177.07
6648.52
3916.58
2985.72
5461.22
4406
2545.57
3635.81
2939.06
5051.48
3129.42
2494.64
3252.79
1841.18
3710.56
2433.99
4336
2598.36
3108.5
5731.35
2736.96
8259.56
2371.73
2609.24
3935.67
2231.83
2928.85
3999.18
3015.86
3360.09
4882.04
3089.09
1872.78
2626.32
3116.28
6729.76
4118.64
8705.71
5407.72
3737.16
4113.37
2585.9
4378
5240.31
3851.59
4556.97
7147.42
4550.51
5275.43
2661.7
1913.08
3830.16
4698.41
6365.08
3714.35
2679.41
2136.6
2269.5
4968.26
11385.3
7115.91
3051.95
3206.47
2082.39
4010.4
6159.15
6438.69
9752.61
8032.58
3868.05
2364.51
2261.77
3490.97
4815.07
5402.28
3377.39
2544.6
4680.2
3027.18
2293.66
2406.12
4847.97
4189.92
5664.71
3506.31
7503.29
3176.5
5480.51
3104.02
2224.38
3145.04
2997.92
5123.47
6080.8
4494.89
1956.54
4289.28
4112.11
2471.45
3247.22
4297.97
2790.25
3255.97
2887.93
1887.12
5695.5
4271.51
2897.58
2513.67
3596.1
2447.33
1969.18
2522.4
3408.07
5353.1
4327.72
3397.42
2733.31
3335.7
10656.5
7650.49
7222.19
2453.69
3597.62
2224.05
4580.57
5559.79
3944.87
14727
2334.75
5298.88
2667.29
6323.53
2441.06
7936.67
5694.72
2213.97
14056.6
2369.59
4192.87
2044.91
2538.05
3453.58
8472.89
4448.07
3040.52
3536.23
2390.69
3613.17
1667.44
3749.08
4468.09
2993.34
3422.53
2185.88
5236.55
3301.1
8992.13
4427.68
16874.3
4427.63
2842.23
4222.01
5165.26
3996.26
2951.08
3989.81
5975.75
2606.14
3272.65
3965.95
4155.87
2207.33
3035.36
3021.06
3288.12
5141.85
2768.34
2547.17
4848.44
5994.52
2975.24
3675.92
3179.47
6366.15
2778.17
2686.45
7012.91
3546.75
6545.88
3964.57
6179.29
4032.16
3787.54
6073.04
3892.95
2196.45
3675.69
5124.53
2766.09
3922.35
3220.56
3132.26
5851.17
2397.92
2694.43
4195.07
2088.4
7612.39
3001.87
3444.55
5565.08
4873.02
3795.96
6410.95
2479.72
6874.81
3733.37
5541.95
1814.03
2243.6
2429.6
4617.31
2984.51
2378.51
4322.93
7471.84
3291.99
2621.08
2623.83
2565.76
9752.24
3601.14
3688.74
2707.16
3267.96
5039.62
2961.09
2000.53
2920.44
1773.04
2402.98
4491.79
7602.91
5893.39
4248.73
3998.49
4651.22
4300.75
4767.23
3610.49
3515.19
7799.69
12055.8
5534.61
2139.16
3704.68
3513.91
8502.61
5202.54
2264.74
3099.97
2270.64
2287.55
4022.65
3332.21
1899.61
3433.17
2834.39
2552.56
5048.96
4868.09
3183.47
5770.91
6110.4
4630.23
3285.45
2797.21
4476.03
12784.4
4884.77
3809.88
3425.29
2415.52
7023.28
17941.6
9959.01
2001.79
3023.94
3177.43
2076.01
4488.59
3550.43
5594.29
2160.88
4899.74
2113.95
2472.41
2106.14
5779.49
10426.9
3616.66
2915.07
4761.13
2165.43
5167.87
2217.88
7533.25
3791.65
1904.94
2458.52
6274.36
5861.34
4873.08
2917.57
3370.22
2624.89
10692.4
2277.89
3860.57
5505.97
6621.72
4564.75
6053.3
6936.87
5391.48
3417.41
12327.7
5689.11
2954.4
3864.88
4568.65
3308.06
4456.13
2537.02
6343.77
2529
7527.51
3332.45
2808.24
3067.97
4288.77
2368.41
5129.91
4555.51
3687.27
3002.14
2985.5
4263.07
2421.39
3777.18
3581.07
2562.35
3319.58
7554.34
1919.88
3998.44
4118.98
3046.31
2655.86
3750.3
7002.48
2011.51
2127.16
5461.03
3303.73
10303.7
2419.8
4684.66
3181.96
3607.98
6538.81
4677.51
3066.69
1870.14
3310.1
5110.75
8624.27
3997.54
2184.52
1962.98
6683.06
4562.01
2719.29
2636.12
2587.01
3419.98
8971.4
5644.04
2674.92
3650.42
4289.33
7660.05
2251.86
4521.62
16379
3545.04
3413.79
3561.73
2737.23
4380.62
5305.78
1933.83
1924.12
3205.21
1922.27
7903.17
2104.45
3271.84
3587.61
1742.48
5312.53
3356.86
5895.73
6202.3
3872.96
4397.38
5597.28
3663.11
3605.33
1587.25
7491.59
5747.68
2372.96
5900.69
3146.06
4821.01
2564.35
3746.57
3743.68
5248.12
3158.7
6906.22
3998.18
7934.94
5686.87
5650.59
2511.1
1775.79
5546.24
5232
2672.88
6320.24
3776.62
5552.26
2803.24
3248.06
2368.45
2479.98
2237.07
3741.39
7094.7
4465.52
5596.52
7762.63
4732.34
4441.62
3735.39
1870.82
3197.63
2884.82
2614.02
2589.17
2299.42
14421.2
2059.3
5973.21
2962.52
4147.79
5448.11
3714.01
4956.38
4594.07
3615.65
2359.48
3000.34
2155.62
4275.74
8704.24
3650.35
2891.96
3983.67
5267.91
2231.58
2585.79
9030.75
5179.41
4871.23
2476.69
3208.65
2248.64
2475.88
1854.39
1923.43
3787.65
4350.98
9340.49
3180.75
4174.26
4665.02
6686.22
2931.46
2475.68
8695.09
2995.21
4762.84
5292.88
2363.48
3286.29
3536.11
8249.08
3139.81
4157.83
4687.94
11113.9
6782.56
4149.98
2684.66
7919.9
2785.35
2925.54
9373.78
2956.27
5351.4
3726.75
4629.09
2698.65
2938.33
4252.42
2481.63
16732.2
2483.13
1994.43
3894.81
6445.04
4129.96
3088.85
7528.82
3609.73
3213.03
4151.12
3006.87
5687.76
2661.44
2507.09
4112.02
6771.76
2899.42
2959.77
4102.86
11286.5
7126.28
4101.62
4942.52
4147.79
3510.19
5279.86
3402.56
2530.04
3213.74
2883.5
3341.74
3432.11
3583.28
4099.08
3981.66
6419.66
3265.23
4182.69
10435.2
3076.32
5951.06
2367.99
3755.8
2766.93
3381.46
15418
2642.66
3367.89
1678.14
4410.74
3804.01
8929.24
3923.43
11184.9
4122.36
5394.19
4293.83
4562.9
3460.3
2767.35
2829.9
7863.98
3703.3
4935.12
4602.38
2815.17
2401.68
6289.71
2891.47
3367.98
2226.54
2830.06
4446.59
3138.97
6280.49
3839.59
11700.6
3023.46
2103.36
13582.8
3862.68
8055.38
2679.47
4150.29
3145.49
6313.19
2995.68
4532.71
3389.63
2303.44
4188.32
4298.32
3549.76
2831.05
5689.5
5688.83
2401.32
3003.83
3522.22
7547.86
3177.49
3486.72
5539.06
2203.28
3458.14
3308.28
4825.43
5916.36
2975.73
3843.32
6835.54
3254.21
11307.5
4941.03
4219.2
10893.1
3741.37
2856.98
6374.18
4439.57
3752.36
2636.13
2998.72
4651.56
6382.87
5928.2
4025.26
3211.19
2082.02
5515.68
3410.9
6315.29
3364.25
8957.36
5785.23
3102.15
3717.39
2305.93
4582
2712.76
2783.45
4000.27
6479.75
2654.56
3882.15
2045.76
4087.36
1693.9
6163.06
2411.72
4328.66
2199.63
2499.31
3846.25
2696.91
11495.4
5041.71
3037.41
3885.81
4820
2390.5
4261.69
1737.61
3173.87
3705.83
4196.34
3438.56
3971.87
9779.1
8015.48
3294.93
3736.92
5334.96
6277.77
8300.67
3502.13
3535.76
3218.91
3589.51
4503.4
3084.24
2828.9
2948.78
4455.9
3130.49
1674.73
2408.3
4469.68
5155.36
2497.12
3551.01
2976.88
2158.78
5225.57
6364.27
3946.19
3470.41
4481.61
2822.71
3859.17
4798.18
2637.68
2353.94
3535.13
4279.34
3734.12
2449.19
5142.81
5107.53
3542.71
4862.52
3484.34
4690.17
2925.43
7281.29
6246.85
6092.04
4543.08
2860.21
2537.67
2828.39
5846.78
6254.57
4394.48
3131.9
2441.64
3600.31
2497.21
4764.1
1903.08
4107.09
2667.24
4848.2
6255.9
3844.56
2980.66
5580.91
3438.84
5532.18
3180.16
8348.56
2228.55
1838.29
2233.13
3246.3
2675.5
2161.18
3806.33
2255.18
2003.19
7356.98
7843.11
5722.95
5973.87
3290.16
3546.86
3589.46
3109.24
9037.44
2582.21
3521.46
10176.7
3357.31
7656.15
3778.9
4676.19
6278.46
2344.01
4051.23
3288.28
2984.11
2807.03
5036.18
4908.65
5110.03
3285.73
2013.26
3934.83
2848.34
3024.39
4033.81
2632.38
2969.92
3074.8
3197.65
4194.61
5401.22
4977.38
4805.36
2773.32
2645.85
1905.76
2939.81
5099.91
3438.1
2588.28
2442.36
2982.2
1776.11
2735.47
1857.33
3457.92
4741.9
2967.45
8950.03
5954.03
2080.4
1943.62
2578.09
2892.89
6386.5
2480.1
3014.35
1694.05
2614.23
6385.01
3717.89
5819.3
2457.26
3846.73
3067.69
2708.48
3124.15
3561.09
3945.25
4480.43
7043.01
3977.27
6940.06
3716.94
3749.84
8303.92
8314.04
4358.97
3385.69
2144.41
3328.72
6843.85
10989.7
4223.89
4615.11
2796.04
3808.56
2915.62
5267.68
5155.45
2756.15
4247.52
3061.43
3799.45
2755.93
2927.61
3133.22
2908.22
2680.49
3484.39
2863.55
2968.78
2770.06
5197.73
6618.51
5598.35
6183.83
2862.34
2461.05
7511.37
1910.36
14905.5
3259.8
3747.01
4472.17
34835.7
4392.01
3924.73
2867.02
3449.49
3541.58
4258.71
7738.4
3357.25
2752.58
8899.66
3062.43
4249.03
1733.29
5761.76
7424.66
4067.97
4226.32
4206.84
3778.53
3132.32
3106.61
5074.49
3546.56
3204.73
4147.42
5126.95
4070.09
6702.03
4475.28
2417.21
5814.72
2898.23
4323.73
5336.53
2460.2
3194.21
3253.03
2840.74
3152.7
8882.21
3149.49
3905.63
4180.3
19850.1
3400.48
3685.5
11494
3655.95
2659.31
4925.42
3441.02
2740.87
2474.27
3000.73
3979.51
2393.68
7154.93
2839.17
3280.57
3025.8
3854.69
3875.04
3401.08
2335.07
3335.66
3355.11
3866.24
2565.6
3032.06
2754.76
6251.07
2713.56
2528.18
3171.35
5971.85
3267.2
4012.38
3903.31
2580.75
4130.68
3177.52
3967.13
3120
5544.8
3569.11
11629.2
8625.99
3227.89
2045.03
6390.06
2440.96
5324.94
4588.44
2188.39
2626.32
2598.82
4035.29
11092.2
2277.07
2153.87
2784.96
3973.36
4261.07
3214.31
2741.45
4420.95
10808.1
3185.87
2380.96
5104.7
5104.9
4178.76
3116.91
4574.49
5119.08
2163.96
3321.5
2871.89
12858.4
4258.68
3273.32
2984.48
2724.62
4289.48
5635.05
2770.22
2877.54
7253.87
5241.73
3784.24
1803.9
3370.32
6605.11
4223.67
13401.4
3730.82
4089.9
6308.46
3467.68
4158.56
3451.16
4220.97
3366.84
3412.77
2363.95
4939.88
14872.8
3125.33
1967.27
2846.42
3585.84
4425.08
5448.04
2598.63
3578.78
2459.71
2252.01
4571.29
2947.77
2929.56
5061.05
3684.66
3049.44
2218.83
2812.22
3651.92
3031.42
5569.08
5022.99
3794.8
2075.97
1880.67
4693.61
3691.29
2882.78
5300.87
3134.51
3793.45
3238.35
2112.31
2366.6
2964.04
6897.37
1532.59
7227.65
3923.56
3138.49
3686.57
1915.13
3711.54
1760.34
4407.07
3614.75
5205.5
2890.59
2949.39
4125.64
6016.56
5239.04
2383.19
5369.69
3578.98
5408.1
5144.16
4611.34
3476.2
4519.14
3809.34
8136.67
3416.65
5306.64
2957.18
1829.63
4341.62
4113.38
4363.29
4805.63
3847.27
3227.7
3706.85
2697.18
3011.84
3049.11
1753.16
4419.18
4908.74
2407.83
3150.92
4626.26
2351.75
2330.38
2157.04
4366.3
3473.61
4681.53
4967.56
2122.26
4040.23
4748.16
3901.48
3209.71
4207.48
4441.41
3267.7
1900.92
3646.3
7634.28
2900.46
5308.3
2811.82
3382.95
2804.36
5097.26
9557.88
3890.08
5608.33
3667.63
4968.7
1528.72
2493.9
2836.67
2307.57
2498.28
3385.59
14734
6650.4
8350.72
6050.43
3768.5
5414.93
10227.5
2264.98
7396.63
6027.36
4475.82
7682.44
6838.99
3313.18
7120.4
4935.21
5438.93
3253.76
2764.58
3226.45
8688.6
5042.2
3123.02
2501.45
6117.73
4263.24
4979.81
2341.17
4678.8
8201.54
3932.26
1964.5
3991.72
3927.02
9275.03
5369.41
2724.83
1912.2
4763.7
2499.22
3404.35
3978.52
2503.28
2753.4
2846.75
6885.34
2481.38
3931.23
4553.55
5417.33
3594.99
3784.7
3887.14
7694.18
10491.8
2922.06
2864.36
3937.4
4105.07
2335.02
7670.32
2983.84
2681.34
2155.76
2980.04
3416.54
2133.38
6094.07
2700.16
3618.63
11888.3
3868.06
6900.83
3897.38
3230.09
6009.88
3178.93
2718
4127.99
1490.51
4778.49
10347.3
3787
2024.31
6020.71
2486.04
2733.29
6097.17
7139.82
2537.01
7453.2
2479.29
7858.1
8020.12
2387.22
6143.12
4102.45
2186.15
5143.85
1897.81
1788.66
4696.92
5065.42
4997.48
3033.78
5449.59
2990.23
6696.23
5559.9
2366.15
5901.25
4476.84
3522.4
9291.69
2837.26
5010.7
6684.85
3526.09
2764.6
2632.8
6865
2675.1
8829.2
6306.76
2911.29
3597.01
2452.12
2901.87
3934.13
3031.96
13657.4
2432.84
3913.93
3331.9
4184.19
5412.16
2360.01
3482.57
3031.53
4413.03
4354.71
3105.48
2542.96
4656.59
3536.56
1798.34
2170.94
3409.72
5982.38
4468.37
4354.38
3411.16
3261.73
7524.48
3619.14
12394.6
4538.05
2972.32
8864.94
4817.36
6520.09
3233.06
8870.98
4281.29
3334.34
5732.12
12050.5
4563.13
7045.84
4893.51
6621.81
3823.01
1794.74
3753.36
4316.59
5716.2
3312.58
3403.35
6405.85
2314.34
4819.85
2756.34
3230.72
2841.71
3815.47
1856.16
7417.86
5965.11
2495.91
3385.87
3752.72
8469.86
4277.36
3061.49
2878.65
4339.03
11707.6
2016.51
2072.7
3022.48
3407.44
2327.08
8547.53
5156.76
2969.72
1541.32
3619.17
2234.43
2628.43
5666.37
2879.77
2693.57
4088.75
3108.8
4537.8
6082.38
3114.48
2904.02
3243.11
2874.58
3566.94
5177.07
4082.67
6635.53
4108.24
5548.27
4360.49
2608.24
7303
2652.82
3759.9
4911.51
2738.8
3554.8
5889.68
2988.91
3383.28
2674.75
9041.62
3272.7
2664.2
4363.6
6174.78
5493.2
2325.63
6307.07
3306.62
3377.39
3654.39
3367.88
1905.56
2138.28
6897.79
4670.26
2417.41
5865.28
3988.2
4491.84
3162.83
3012.59
2853.92
7027.19
3971.54
8262.27
2749.45
2703.07
3313.3
6672.54
3561.33
6606.3
4178.3
3496.98
4072.74
6002.44
2644.46
2319.63
3163.99
2357.46
3725.69
4567.38
4488.96
7923.28
2779.48
8285
7999.81
2264.9
4445.81
4471.62
2537.31
2958
1979.46
4370.39
3503.41
3461.66
6128.6
2494.25
3137.61
3100.85
3638.46
2767.4
2862.69
5964.92
2240.08
6031.26
3269.92
5853.09
10224.9
3995.89
2524.67
6456.27
4523.56
4520.7
4309.85
4326.5
3049.27
5116.77
3180.93
5107.75
5411.17
4635.03
3174.81
3535.24
3769.22
3906.62
7690.83
4172.21
3667.78
3188.55
3916.08
2832.96
3453.16
2112.91
2886.78
6000.78
4763.48
2372.08
2733.8
1718.02
4285.93
2699.92
2199.12
4099.1
2806.51
2895.86
3961.59
5191.23
4983.12
2241.42
3608.39
2447.49
3405.36
3685.52
2811.35
4030.07
3822
2732.55
3257.27
3782.47
4350.19
6479.74
3913.26
3827.89
2388.15
1913.43
4019.01
4945.12
5112.79
7051.45
3368.95
7000.72
4008.12
5634.54
3097.92
4353.04
3765.9
7897.26
2224.52
5347.98
1772.31
2526.96
2581.73
4760.86
3277.41
2757.56
3557.76
3616.62
5680.55
6835.14
2979.93
2438.17
3331.66
1468.44
9083.8
2881
11763.2
2230.38
2666.62
6246.16
3120.89
10804
3674.28
1699.91
7795.39
4159.68
2457.65
3147.06
2189.05
2490.25
7615.82
5829.06
2818.8
1668.4
5259.4
3204.42
2905.53
2943.42
8359
2847.58
1935.34
3413.44
5082.66
2390.29
4307.59
3361.29
2608.82
3315.29
2194.05
2871.18
3662.78
1983.58
1737.95
3685.57
4669.24
4484.82
3188.68
4409.94
5822.74
2618.21
1918.32
3048.29
6688.9
9123.21
3623.04
6399.46
2296.67
4904.8
3914
3198.71
8277.63
4206.65
3654.34
3774.85
5485.3
4190.59
6929.62
6074.46
2672
2560.9
4527.26
3054.85
3291.42
1880.13
7016.19
6992.05
8190.21
3317.95
3954.04
2938.11
2739.86
2889.69
6008.28
5680.68
5496.13
4583.36
4018.41
2293.73
2194.19
2215.47
3130.41
3889.02
3806.8
4355.29
1966.45
8701.51
5502.12
3335.47
4171.04
2989.24
11133.3
1821.34
2652.87
3673.82
5798.11
2930.19
3218.28
8112.15
3000.63
4143.9
1751.3
5810.22
3867.17
2962.57
1746.18
3306.3
3873.91
3477.03
2145.72
9326.26
17669.7
4077.89
3205.59
10383.6
2366.11
3841.91
3156.92
14550.8
9717.27
5350.13
2510.12
3636.7
5803.28
5672.02
8277.13
2820.52
3202.47
3406.1
4241.84
4794.15
3528.45
3608.22
6932.17
9063.03
3712.02
3128.6
3948.5
2952.76
2938.21
3453.28
2492.27
1679.98
4642.91
3511.88
3413.33
5990.67
4240.05
1919.26
3106.09
6804.78
3093.71
4494
1969.53
7654.79
3035.4
3250.13
3101.16
4587.71
5193.17
3608.6
5379.13
4926.78
17390
5065.59
2447.7
3299.52
2037.13
7457.56
3400.29
4699.03
3093.45
5621.75
4503.57
3285.63
12103
2343.83
4265.54
10473.4
7983.44
3030.45
3798.63
2907.4
2857.5
2585.29
3275.21
4289.92
6737.8
4750.93
5508.18
2849.32
4503.22
4887.72
6409.85
5021.59
3518.48
4091.29
12453.1
8105.07
2836.2
2102.26
4258.06
3840.68
4669.48
12390.4
5960.12
2230.91
2798.96
4912.38
3369.16
2851.53
3037.32
5946.63
4091.69
2556.66
4896.39
2218.12
4389.81
4689.85
5306.76
4835.65
2077.91
7991.15
3835.42
3743.44
5577.96
4279.39
6077.25
6402.43
2876.75
4081.22
4484.8
3051.41
7128.83
2915.15
2643.8
4355.85
2088.77
2771.31
2864.2
3539.52
3407.84
3972.71
3736.65
2591.4
3157.06
1982.39
4349.91
2651.66
4649.37
2881.73
12627.5
3512.44
6306.13
3080.44
4325.44
4243.02
3218.91
7655.98
5549.64
5700.63
4035.23
4158.98
2959.27
3842.41
3558.73
6368.83
4478.8
3658.53
5709.08
3264.45
3663.65
4331.13
2215.39
2167.71
2124.2
7199.46
3946.99
4091.35
2903.21
2222.65
2778.76
3120.62
4140.12
2675.12
3116.06
5520
3931.41
3134.89
9846.35
3547.47
4713.41
4297.82
11254.8
4013.18
3123.25
4402.55
2314.92
3751.51
4980.29
2495.6
3827.85
2699.03
5079.2
4938.25
4909.71
2258.32
2577.36
7638.53
5073.21
6670.45
3612.27
2698.29
4466.79
6028.85
7238.87
1741.38
2361.84
2121.36
3223.81
3709.21
6334.25
2775.52
6976.26
2286.98
3177.98
5105.04
4061.57
5929.51
3471.49
1942.78
4929.41
1569.2
5644.68
3078.26
4821.69
4275.81
5241.87
3965.94
5810.97
4678.4
4933.19
2340.51
3335.7
5661.93
4085.01
2638.99
2033.55
3915.16
5663.55
2501.66
5788.1
2685.57
2833.47
2952.65
2421.58
3639.01
4178.31
5785.45
2728.17
3244.65
2629.55
4445.8
5517.5
3492.72
4991.11
2763.93
3718.69
4102.93
3678.47
2955
2197.22
3324.39
2525.65
3337.21
4782.72
3199.54
3692.87
2717.93
4772.84
9768.94
5839.82
3443.95
6648.41
7138.18
2256.77
3658.3
9567.36
3396.96
2698.04
2137.5
3198.73
3431.36
2938.56
4012.06
2135.37
11664.9
4207.48
3692.79
3481.81
3822.44
1487.75
4529.43
7858.18
3976.51
2225.48
1739.86
2792.2
2262.07
5350.42
6409.57
6528.69
2686.83
2802.74
2602.91
2308.27
1796.41
3421.87
3469.19
2898.01
5108.19
2781.31
3569.17
8832.68
3315.52
7913.13
4051.14
5570.35
6383.56
2163.46
3137.49
3344.22
2053.73
2980.73
2929.4
18301.4
5144.49
9256.76
5236.83
3086.69
3850.68
4065.13
2269.49
4643.09
3000.23
3478.82
5641.34
3801.69
2818.14
3166.75
3704.6
10019.5
7026.44
3226.14
3532.69
3565.64
4111.07
2918.55
2345.17
3901.68
3870.12
2011.69
3619.43
3014.51
2671.42
14987.4
3775.79
2592.33
2279.65
4042.53
4147.62
26888.9
2272.52
5575.9
4394.04
2872.62
5834.11
2979.5
7006.91
5731.24
3135.04
3899.93
6581.73
2153.39
7804.54
4638.83
2873.9
3831.21
3850.67
5985.3
3791.27
4976.52
4240.17
2897.39
2786.15
5621.22
7464.19
2411.59
5261.31
3337.93
4852.15
3055.51
4566.4
2876.33
2711.26
3745.48
2502.23
3153.9
4706.66
5531.59
5500.44
2476.33
2875.96
4422.96
3114.37
2515.39
4005.3
2496.1
7315.37
6517.26
2500.81
2390.4
4822.43
2137.69
5685.56
11819.7
17984.5
2866.44
8357.25
2926.97
7452.03
3041.66
4069.55
4921.16
2126.91
4193.89
3521.9
2903.54
4612.77
3030.49
1537.76
2040.94
3341.02
4279.6
4045.41
4246.25
6885.03
2498.13
9166.46
7169.59
2658.26
4310.91
2582.88
4048.33
6647.31
2274.93
2886.95
3918.39
4200.38
2699.6
2329.85
5045.6
5480.12
5933.37
3804.29
2986.19
3727.42
9112.68
2042.7
3158.62
3486.94
3072.79
2400.5
3011
5050.31
4688.89
2893.95
3233.15
1861.73
3388.94
2869.24
7186
4750.35
3289.61
4556.96
2416.67
3378.28
5804.03
2697.76
2265.53
4045.08
1520.69
2862.83
3662.72
3472.24
5701.62
4753.08
4845.97
12143.7
3501.1
3035.71
3859.46
9476.91
5359.43
4658.55
2858.5
3078.16
4153.39
3344.23
11638.5
4972.59
2613.5
4093.75
2490.95
4097.57
2821.95
4865.2
3104.75
1878.61
2615.41
2871.63
2677.63
2839.84
4762.01
3605.51
15544.9
2509.06
7227.05
2222.88
3387.32
9690.7
3730.13
3358.58
2958.67
5132.95
6540.35
2763.79
3112.17
1925.14
4033.64
3538.6
3938.95
6104.88
3134.77
4043.56
7640.54
3348.87
2080.77
2471.01
4454.98
2529.85
4633.65
4065.71
3172.83
6234.4
4172.5
3407.81
3848.13
2369.49
7096.64
5875.48
5027.07
3214.63
3730.75
3398.97
2906.71
5164.48
2627.92
2048.52
3855.47
3409.35
2486.68
2798.98
3351.22
4505.3
3044.42
5035.12
4200.62
5838.16
2748.41
2104.99
4600.83
4176.11
3912.09
3547.48
13088.8
3630.56
3570.09
1855
5113.96
4408.6
3497.36
3264.47
3553.37
2200.91
4109.88
8054.36
2791.55
4788.07
2865.39
5219.45
3156.28
4402.85
4661.54
4331.26
2524.73
4106.04
9644.46
5950.35
7004.5
5129.74
3835.56
2320.85
5833.67
2105.13
2493.42
1959.4
7646.33
4516.16
5801.99
5195.84
5509.49
4404.6
5588.62
2815.35
5701.48
2360.89
2380.55
2844.77
4552.22
2083.15
2975.79
2607.67
1866.76
3669.43
4203.14
1990.36
4451.31
5576.52
3383.54
2699.46
4844.49
3909.2
3633.11
1524.02
4960.47
4101.17
4287.62
4965.18
3457.37
2670.29
4216.35
5770.67
2609.45
4174.66
5355.71
3967.71
4123.53
4397.54
2032.83
3150.39
5648.52
2491.3
4023.68
2769.49
3084.02
7515.12
2617.94
6757.81
6168.37
2534.63
4267.47
2861.78
2167.28
3721.92
2796.86
4729.81
4156.81
10639.3
2349.52
7845.16
4872.01
2251.99
3246.56
4519.08
4531.54
6591.51
3657.18
3858.69
8302.83
6915.85
2979.55
2680.12
4162.98
4491.41
2902.96
4356.09
5187.65
5000.52
4157.72
4461.97
3844.02
2671.97
9372.66
4779.74
2384.56
2419.14
8147.19
3752.97
2862.1
5822.42
6466.16
3591.13
2372.73
5145.9
4177.03
2230.13
2606.02
3387.1
5031.35
4446.68
2455.92
5524.32
4440.96
8494.87
3820.12
11044
2588.92
3829.84
2778.16
9976.21
3922.65
2876.01
2146.33
4493.16
5537.2
3439.53
5562.03
5236.16
2430.47
13639.1
3314.17
2414.01
3345
2794.33
2086.07
3705.82
6361.18
2421.98
4113.51
3314.97
12755.4
2558.43
3025.58
5813.88
8141.44
3188.72
5287.47
2003.88
5041.54
7980.07
7160.78
8439.75
5458.47
2466.98
2898.87
5740.97
3782.98
4381.8
11048.2
2636.86
3303.37
2456.25
4400.99
3689.67
16530.2
2047.33
2435.98
2242.81
3269.21
2380.44
5659.73
4086.46
3765.99
2689.5
9509.11
3302.06
2156.73
3794.46
4174.28
4240.25
4646.47
3766.68
2614.72
5194.82
3347.46
5382.96
5732.87
2069.04
3058.6
5102.02
3105.4
3104.52
10826
7474.89
15771.6
3489.13
2424.61
3576.74
4345.79
3733.68
3924.86
4064.48
3316.78
1882.89
3960.03
3144.93
4312.81
8089.92
2872.31
2515.26
15165.4
5348.87
2242.13
12370.8
2673.6
2496.82
3478.69
8526.08
3831.61
3971.82
8922.46
4245.73
2761.52
2057.83
5857.66
3714.37
4543.09
2883.36
4194.61
5410.73
11145.1
3896.7
8223.39
2853.4
2880.95
9580.63
3702.06
2057.61
2042.08
9871.28
2443.46
3919.32
6044.98
20997.1
1536.34
7518.78
4565.53
4900.23
5846.87
9222.65
2902.21
4882.23
3848.9
4547.01
4544.16
2449.76
2023.91
4279.05
4072.63
4536.64
2196.08
9288.07
4504.39
6765.86
2599.11
7568.94
1860.56
4952.63
2347.91
9468.04
2548.34
2874.28
2533.48
3263.45
2098.21
4112.81
4149.75
5665.25
5368.58
2674.47
3510.79
9214.04
5743.01
6421.02
3500.4
3137.76
3681.81
4437.04
2262.89
5928.66
5281.35
4253.22
1836.78
5601.65
3551.52
12421.4
3694.56
6255.58
3785.15
3999.11
9559.37
3079.84
2413.57
2156.96
6864.44
3410.24
3960.89
2560.47
3753.52
2755.96
1557.69
4063.51
2711.66
3906.54
2808.21
2471.56
2475.72
5888.97
3216.21
18598.2
6442.66
2288.15
6228.47
5198.23
2621.58
2981.65
1806.69
9725.36
6968.32
3781.57
1556.27
9489.78
3014.65
4450.91
2377.2
4935.99
7074.81
18317.9
3507.27
5212.6
11785.5
4535.81
4376.98
4279.19
2482.27
3341.41
4482.34
2796.1
3808.19
4072.76
5190.94
2880.39
3041.29
6808.66
4593.59
2948.02
3224.73
5910.68
8341.14
4402.8
1841.19
2743.69
6827.93
4444.47
2176.01
5601.14
5595.94
2944.46
8735.36
2168.96
6230.88
2996.97
3248.87
6446.42
3179.74
2657.11
3397.2
3651.34
2771.38
7688.19
2812.05
2724.37
3025.42
3462.08
3831.51
2784.97
8665.19
4286.16
4227.41
3354.31
6747.37
2956.26
3409.52
2134.41
4286.53
6728.66
3082.97
5853.48
5244.45
3410.32
2854.91
4332.1
5095.92
2135.38
3528.93
3996.55
4940.45
2307.2
5303.55
5036.92
6432.93
7534.26
7852.11
3450.2
6908.72
3075.2
3220.93
4652.76
5518.59
3883.76
2124.78
3019.79
3887.08
6769.46
4287.77
3476.17
3119.4
2010.38
7033.6
3202.34
4839
3923.42
5101
1600.01
4738.16
3572.8
3090.34
4839.45
3111.19
3307.13
3427.91
2933.61
4610.01
3784.17
2807.19
8064.95
8586.95
1516.8
2562.41
2344.1
6413.05
3064.36
2651.65
3628.43
8697.91
4766.58
2609.57
2158.28
7742.12
3557.01
3311.18
6832.42
2772.45
1998.39
3565.82
2661.05
4011.14
4247.27
5833.45
2391.14
2120.28
3834.61
5768.83
2505.9
1928.83
3515.98
6870.19
6257
2109.73
7118.69
6142.67
2122.34
2254.52
4090.87
5508.57
6235.14
2831.83
3285.47
4704.59
4108.55
2709.81
3652.05
2753.53
3348.63
3975.6
4220.51
2411.48
9793.56
4056
2774.71
3005.34
2391.05
5344.33
8219.5
5355.62
9830.41
6024.29
3873.31
1740.14
2891.5
4839.95
2021.39
2841.7
3294.28
2307.32
4194.14
2839.66
3262.58
6838.44
4679.43
2523.35
10293.4
4408.14
2816.83
1933.28
2047.97
2614.59
28774.4
4586.31
2325.3
2905.72
1989.51
4546.17
11422.4
4081.65
3392
3360.7
3513.59
2924.87
3696.83
1864.75
5903.67
4071.33
7908.3
4278.55
2918.3
3083.39
3081.59
4095.73
5155.32
4759.55
14217.4
2610.65
4954.86
2590.15
3847.11
13579.4
3699.38
2615.79
4475.98
11944.5
5558
2531.84
5748.14
4479.26
4130.63
3050.63
2824.74
4019.3
2191.38
5877.57
3042.35
3068.2
9410.54
3309.02
5597
5072.19
2394
2494.92
4719.09
3775.9
5782.49
4433.66
3551.7
2630.54
1935.95
5533.91
3686.25
5272
4572.1
2635.56
2273.68
5478.03
5690.14
5395.32
4404.35
4386.28
3464.5
4601.29
4560.6
3490.55
4794.7
6618.54
4541.86
10960.2
2552.76
5054
5800.75
3375.28
3369.94
3764.23
2294.69
2580.15
4397.1
2485.5
1588.88
5976.77
2109.12
3282.69
9662.79
2954.74
3654.81
3526.37
8288.77
1941.94
14539.9
3510.02
6234.89
4396.9
2457.35
4756.39
6415.99
4411.55
4675.4
2997.83
2990.81
6422.02
3930.43
5614.69
2701.7
12467.4
4094.49
4425.39
10409.7
3797.61
2444.66
4952.26
3525.53
5986.41
3754.43
7251.87
3519.99
4573.16
4872.51
3852.91
2721.71
6100.94
2640.51
2114.68
3054.29
4808.3
6452.09
2415.6
3353.07
2609.9
3200.4
5342.16
3258.18
7123.68
2871.98
9142.27
2117.29
2326.87
2756.6
4854.68
4379.19
4276.92
4091.08
3160.14
3812.26
5789.32
2967.74
5421.82
2994.05
3306.3
3869.87
2985.57
4545.85
3011.51
8676.81
3095.59
3702.42
6040.43
2482.03
4033.57
3230.95
2551.1
1865.3
3202.07
2413.73
6653.36
3820.54
6246.06
3860.6
6553.34
2877.44
4884.42
2381.97
3276.3
2429.97
13472.5
4128.9
4633.16
2117.49
3015.61
5050.39
4164.94
3648.31
2457.49
2706.37
2784.59
2807.21
3573.48
4410.51
1378.01
5584.47
2621.14
2971.52
3790.78
2166.58
2556.24
3163
2434.96
3432.16
2843.94
3779.65
1808.97
2311.08
2953.23
2890.14
5583.2
5099.58
3879.94
5273.62
3493.37
8258.23
5897.09
14982.8
10941.8
8823.02
2471.2
4385.18
6786.22
1603.28
2280.98
7111.83
7417.2
3025.44
9429.78
3090.22
2824.94
3584.36
7307.43
3689.82
2686.81
4154.66
2324.96
2049.63
2204.39
2301.83
5998.8
3151.89
8609.38
1634.06
4681.55
14778.9
2409.82
1583.5
8082.14
3418.58
5586.86
6211.91
4467.76
5342.69
2594.83
4392.45
2839.95
3368.81
4809.42
3731.46
3211.91
4463.64
4373.12
3596.46
4825.38
3884.72
2989.86
4868.01
2711.05
6134.6
3351.23
3689.07
2130.69
2608.7
5234.25
3090.06
7419.39
2125.97
2413
8294.14
4267.17
3459.64
4050.76
5811.92
4332.31
2578.84
3013.54
6800.12
6018.53
3317.68
5750.17
1985.26
4716.94
4497.75
2993.35
5880.18
5765.07
2725.17
3056.83
2647.05
3694.48
3068.27
2562.22
2203.07
3004.4
3121.19
2325.59
2758.37
3869.22
3558.28
3114.73
5638.24
3012.31
3126.31
2605.54
2424.23
3546.28
4808.6
2685.35
3561.75
3971.48
4137.55
4060.57
4741.98
8829.34
2113.04
5929.37
2987.18
2611.33
3458.44
4647.78
7677.2
3150.91
6725.15
2605.66
2298.64
3459.62
10102.6
3743.95
4475.29
6057.42
3661.14
3549.5
1908.43
6304.55
2564.55
3961.29
3565.32
5298.24
6660.93
2932.22
2888.5
6475.43
2926.48
9275.64
3196.2
5116.96
10584.5
7101.11
7109.33
1993.97
3456.41
3516.07
4614.38
2957.16
1845.7
5830.38
9769.05
2254.68
2234.61
4728.96
2870.36
6319.65
3858.54
4131.63
3348.2
3401.46
4158.3
3772.71
2994.78
3880.39
3238.24
2318.58
4924.95
2962.68
5669.38
3414.23
5031.27
3903.67
3900.93
3647.06
3115.62
5426.74
3449.45
2394.6
3343.24
3713.31
7183.59
3842.84
2195.46
9047.52
3734.21
4606.01
3282.42
3758.31
3227.83
5270.08
5502.73
7660.45
3381.59
3874.81
3392.62
2358.73
2514.23
9354.01
2729.55
3319.67
2459.45
4748.05
5741.13
7232.73
2824.92
3227.98
5362.31
8975.3
4195.76
2437.75
3953.04
6024.1
2159.52
3577.3
3799.6
4365.63
2375.89
2233.4
3316.59
3842.06
2172.22
2822.83
4354.29
6330.66
2538.91
4024.32
2206.02
3042.26
3997.92
5021.85
3842.67
6232.29
5505.71
2158.76
5221.62
3543.73
2588.87
1889.52
5518.01
6395.13
4745.97
2892.02
2936.59
2354.14
4162.71
3049.86
3836.94
2453.55
1695.82
2588.36
3863.1
3995.43
2483.53
3117.5
2876.51
1721.12
5398.11
2459.72
6548.76
2631.97
3501.07
2430.88
1833.61
2911.32
2571.49
11615.4
2536.75
6061.35
1682.11
11470.1
2005.43
9887.32
4027.92
4441.8
4076.83
7441.85
1950.43
5035.65
10329.4
5486.61
3483.99
3704.01
4429.6
2600.22
2577.93
4264.64
4602.43
9356.59
6960.52
7111.07
5622.97
2767.64
3826.01
7790.29
2319.57
5081.94
4363.79
4097.14
6538.16
7194.02
4716.25
3532.46
2818.74
3509.16
2470.1
5515.83
3280.23
2461.2
6206.8
3766.48
5260.15
2697.55
2727.82
3850.01
5934.12
4491.06
4431.04
3752.43
2463.67
3177.57
5214.05
3728.53
2137.17
3314.93
5632.55
4925.06
2396.06
4372.34
3075.14
3780.09
3462.61
4238.78
3161.03
15060.6
4164.57
3917.11
5109.38
2625.92
3649.66
2411.59
5690.1
3157.46
2323.21
4246.83
2725.47
3752.06
9014.32
3188.36
4946.71
8898.22
1976.8
2352.05
4517.01
3788.57
4767.05
2241.92
3935.08
7016.36
5605.46
3394.95
2877.85
3300.34
3494.04
3816.47
6707.72
2903.66
5321.37
1701.9
4986.19
2246.17
3638.65
3838.66
2260.04
5789.23
2690.82
2684.48
3380.88
2645.34
3207.7
2585.41
6440.67
4395.33
2694.44
4119.12
6247.71
9674.6
12029
5528.49
7033.09
6172.16
3703.35
2133.18
4141.34
2848.39
2637.78
4005.96
1739.58
2859.18
10658.5
2962.5
3515.82
5188.87
3007.87
2723.31
1920.42
4043.7
2476.9
3241.74
8877.58
13791.9
7117.27
3521.48
3950.16
6563.48
13668
5829.8
5273.49
2504.51
2623.18
5487.46
4025.59
4745.37
3181.6
2351.53
2265.67
5468.26
2607.91
4622.27
6806.05
2802.06
2812.53
1948.17
3777.83
6941.08
5370.21
3108.5
2510.7
6565.56
2653.68
2304.27
2980.23
3934.56
5805.94
4341.62
2252.18
3599.59
2961.18
4548.47
3830.89
3491.77
2503.36
2041.03
1941.31
4800.14
2072.83
3730.86
4684.49
5407.06
2296.76
2986.31
3203.46
3207.49
8717.09
4308.32
1927.15
3245.12
6156.73
5971.47
3196.76
3183.05
6369.86
4097.04
3969.85
3928.87
3272.89
3766.56
3647.4
3274.99
4103.32
2347.61
3541.16
2446.54
4550.06
3293.84
2447.23
2155.65
2047.84
3524.89
3885.36
3778.82
3017.08
3756.1
4938.2
6560.61
4229.26
5262.18
3111.45
9404.46
6619.52
2593.83
1762.92
4680.99
5792.82
4112.73
3168.8
6004.7
3742.47
3521.14
5646.47
3034.32
2310.68
9348.51
6468.47
3420
8610.36
1971.68
4412.9
11110.8
2208.34
4121.72
4317.91
5046.94
2294.81
3621.82
3575.98
9489.13
9126.4
5730.12
3981.79
3544.11
2420.91
2717.46
2286.45
3482.55
1731.68
5008.38
2690.57
7198.74
1968.65
1823.51
7113.04
1741.88
5906.1
5022.58
2636.91
3161.72
4012.96
3851.24
3648.48
2814.69
4069.19
4429.86
6400.18
3203.55
3889.1
5326.49
8367.85
12600
3755.95
5969.35
3206.64
4140.42
4778.76
3575.27
2561.48
3230.91
2503.66
2483.38
2924.23
4063.21
3447.5
4667.29
4570.85
6468.98
2983
5339.63
9986.13
4305.7
4679.98
6228.68
1897.34
2467.89
2693.36
4135.89
2708.39
5444.74
2729.46
3947.88
1943.94
2876.83
3845.23
9253.85
3184.02
5131.88
6090.12
2939.12
3035.13
2718.37
4779.44
4092.19
2972.47
5021.54
12759.9
4676.42
9148.14
2565.59
2300.74
5713.73
5424.43
5002.17
3242.54
5405.79
2401.46
3794.72
5635.66
2799.09
3327.69
2642.02
5143.03
2755.67
2493.05
4143.98
2422.71
13167.6
1841.22
5427.65
4658.15
4872.89
2585.76
5937.38
3326.32
3134.33
8585.49
2802.1
2885.86
3491.52
4365.82
1824.31
2086.79
6832.63
4487.96
2508.72
3930.98
1622.85
3785.83
3783.47
3086.81
3958.24
3120.49
4251.57
3373.07
2074.14
7771.21
4023.53
3509.86
3157.42
2556.13
8067.31
4297.37
4718.86
3009.79
4008.17
2882.5
3951.4
2839.65
2398.97
6427.29
7830.7
2860.25
3128.78
4372.4
3318.06
2673.84
4358.41
5738.79
6015.26
3877.52
5370.62
3523.74
3907.44
4971.49
3252.78
5343.73
5743.73
4141.64
1791.47
2285.51
2743.49
8163.33
3285.62
3393.49
2371.82
3691.98
2825.5
3803.42
2980.52
5880.62
1841.66
2670.95
6165.39
12355.4
3067.02
2670.74
2106.85
3923.41
5885.77
2668.8
5632.22
2874.36
2511.37
4723.76
2313.92
3394.41
1881.46
6464.55
2557.62
2969.76
2802.38
23410.9
8147.91
2919.45
5598.68
2991.28
6271.99
2549.52
4475.41
2283.6
3058.12
11301.3
4679.59
5024.97
2141.79
3099.39
3381.87
3981.04
3671.77
3494.33
1847.81
2376.05
4064.48
3417.91
4118.37
2627.74
2242.46
2736.84
3806.99
2643.22
4563.21
2572.34
5544.45
2433.6
4325.17
4634.45
6966.22
4893.45
1921.41
7335.88
2380.98
3122.7
4773.62
3112.14
6901.69
2260.88
8790.99
5645.23
7623.86
5482.12
2534.16
3086.68
9250.63
8763.44
5978.41
3699.44
7047.09
3338.27
6479.01
1623.5
4119.36
4528.13
2556.96
3462.4
3485.21
3561.08
8706.06
2928.34
3965.68
3276.33
5978.46
6379.01
4376.94
3196.09
4541.61
1937.36
3046.2
3998.35
2871.33
2048.58
2667.37
6706.32
5169.21
3011.96
5373.9
2248.88
3735.66
2605.56
3853.11
3199.25
3005.17
4999.48
3125.14
5374.52
3835.08
5315.98
7752.61
6278.63
5010.63
4605.73
4046.45
5061.89
3411.16
6110.55
2970.74
5021.52
2460.35
5014.64
2774.29
4023.84
3137.73
3838.9
4439.51
7597.9
3913.9
4337.72
3299.35
5675.53
1717.94
2999.21
3116.76
3109.43
3555.21
1678.35
5440.26
3030.2
7407.44
3341.9
2522.55
3982.28
3630.83
2070.58
6638.92
5054.61
4615.87
5214.73
5002.63
2912.96
3901.68
3389.73
2348.01
2860.21
3843.37
6970.42
1929.71
2407.65
3152.21
5705.91
3313.43
9577.9
3714.03
3618.95
2865.84
6533.33
2799.26
3829.15
2617
5797.05
4048.31
6577.11
4697.6
2084.44
2809.9
2715.84
5042.25
1792.71
3560.2
3547.04
2917.36
2666.38
9493.6
29735.3
3122.86
2912.42
1974.8
12135.6
8899.9
2751.64
3214.44
5297.9
2858.99
3733.68
1970.21
3761.61
4330.07
4358.94
4034.41
3250.83
2760.88
2570.76
3863.73
5538.1
7155.59
3082.86
4805.88
5496.07
2432.1
3520.34
4673.8
3748.44
5659.91
4091.76
3565.09
10602.3
2694.64
4501.59
10562.6
3936.4
2362.92
5854.28
5497.54
6802.54
4275.56
3616.29
3054.27
2800.65
5150.97
2792.28
4469.22
3100.47
3727.69
1915.63
6182.32
2262.73
2300.83
4966.83
5262.93
2176.86
3061.83
4556.53
3626.06
2587.98
7862.24
3377.83
4505.24
3122.81
3163.81
6547.35
3222.52
2526.8
2696.93
2463.5
1839.66
3328.68
4794.04
3821.31
7627.92
2420.12
3993.19
5199.36
2507.46
3342.57
6442.16
2720.74
3709.35
3426.44
7083.94
13249.6
10262.1
2734.9
11213.1
4222.07
3676.13
3693.29
3629.94
2805.73
5134.13
2118.26
5764.13
2732.56
3360.69
4137.5
3010.33
5002.66
2990.85
2583.28
2420.18
10736.7
3685.07
7069.68
8651.13
3741.31
5195.72
3083
7617.38
17176.6
6862.08
4027.27
3926.04
7757.72
2635.06
3721.42
3349.41
5005.45
3334.69
4726.77
6743.78
5159.58
2657.61
2244.8
2876.32
2969.2
2675.27
2494.84
7522.55
8117.45
6371.15
6687.07
2748.75
2217.07
2532.74
9653.43
3123.99
2894.79
5060.5
3970.64
8222.8
8429.36
2835.1
6924.98
6576.84
2691.55
2979.35
3699.74
11347.7
5162.21
2032.64
6070.23
5198.78
4616.05
2272.76
3491.72
2960.38
2249.02
7639.23
4363.49
9971.76
2721.65
2244.72
3275
3451.68
3909.12
7638.75
4418.66
7312.28
4172.64
3185.71
5424.62
4274.18
3459.82
6187.06
3516.97
3399.57
7861.95
5613.55
4684.63
8334.27
4098.64
18513.1
7071.37
11521.1
2720.53
5381.58
4056.62
1837.72
4213.29
3064.55
9116.04
4232.77
3388.26
6506.98
2851.91
4289.92
3203.07
3006.33
4967.7
2721.5
3170.02
3363.96
2014.41
2299.83
6319.54
3478.72
18593.2
2676.54
3852.33
1605.58
3069.98
2609.13
5117.31
8602.65
2579.83
3110.75
2869.78
3751.43
1756.69
2757.4
3038.96
1742.82
2332.49
3189.96
3166.45
3454.48
3281.83
4291.79
4415.44
15804.8
2522.76
4756.43
2824.44
3575
4622.24
3385.18
5055.11
3565.62
3085.56
6144.71
4141.33
2731.24
32335.9
2295.78
8792.71
2286.82
6267.78
4858.29
3238.6
3292.54
4058.27
3759.46
4034.59
2185.21
4872.83
3924.53
5188.06
2276.21
2914.3
4254.15
3431.54
2425.1
3567.16
5426.65
6130.13
4331.38
4823.1
2533.31
4375.98
2705.74
4931.14
2789.06
10296.6
2744.01
3343.01
1980.84
7588.72
5849.04
5212.98
5871.23
3673.68
8702.07
3453.93
2553.36
3625.09
5330.34
6672.79
7702.66
3579.37
3461.03
3221.84
3217.22
7209.86
3310.67
2680.5
5559.64
4124
2865.67
5089.1
2522.74
4084.86
12060.2
3924.24
4287.31
2755.27
4812.64
2722.98
6325.53
3487.03
3160.05
5203.47
2699.95
3298.35
9610.37
3472.12
2562.89
4530.65
3648.9
1873.79
3899.23
3052.98
2950.28
1805.16
5956.58
4730.88
7829.58
7022.95
4479.3
5058.91
7312.47
4504.67
6021.22
4342.35
3146.91
3120.72
2447.91
2352.61
3531.09
2785.94
4173.3
2739.8
2224.92
5971.64
5495.61
4419.96
2662.12
5116.76
1970.79
2555.06
7894.4
3622.92
2785.04
3448.15
5443.74
9221.31
9515.29
4917.06
2470.29
2400.69
3377.38
6790.36
3840.58
3648.85
2594.89
3488.84
3926.23
3470.93
6380.44
5778.6
2277.2
3129.71
3638.48
5325.77
6805.82
1721.46
3648.54
4663.49
4315.93
2001.43
6548.9
7058.93
2536.79
2242.19
3421.98
1810.57
6013.25
15116
3337.68
5485.42
8265.6
2867.47
3133.5
1682.05
2300.63
6107.11
2646.77
3753.54
2727.45
3029.76
2529.96
11457.1
2209.06
3966.1
7897.47
3378.46
2223.93
5147.62
3397.4
5926.4
3316.71
3242.23
2385.14
4087.23
3939.68
4230.39
2733.9
5614.34
2584.13
5199.6
4939.52
3297.74
8677.74
2935.41
4166.94
3087.17
3659.46
3498.04
2071.54
3218.21
2437.12
2764.27
3423.44
5212.49
3300.75
2312.7
2698.16
2738.59
5428.66
2101.53
4401.61
2368.26
5927.76
3924.19
5689.18
6348.02
4187.64
3140.88
2945.56
3820.56
12789
2734.53
3005.73
3121.8
3992.73
1885.71
3305.62
3709.19
5276.36
14765.4
2787.47
3397.22
3206.2
3985.2
1725.66
5414.02
3402.69
5335.8
3193.53
1919.38
4455.73
2433.33
2619.31
4013.9
5900.05
7531.65
3036.45
3309.13
4104.21
4407.02
2339.54
6207.06
4597.85
4511.24
2517.04
5695.47
2134.01
3637.66
3239.86
3314.49
3440.64
7053.18
3754.77
1641.17
3107.66
2032.66
4654.37
6500.84
4741.2
3872.77
4255.66
7482.04
2807.35
6319.65
3108.76
11768
3697.41
3420.1
4635.32
5320.85
3736.25
2906.75
9001.12
2389.05
7038.08
2854.99
4151.38
6540.94
3843.25
6136.43
4037.22
2642
16090.1
12782.4
8982.38
5661.08
3071.42
4025.17
2124.15
5346.44
4132.52
2798.65
11262.8
2378.4
2779.74
2358.05
4629.37
4266.79
3595.49
6927.28
3467.04
2720.14
3850.02
2900.99
8410.86
12305.2
3957.13
2222.24
2832.14
4757.88
4798.33
4236.24
3276.71
6091.23
2467.07
3978.29
3876.34
3492.75
2273.95
12190.4
2664.9
14445.2
5078.77
1978.36
9457.53
2847.34
3620.2
3440.19
6376.74
8303.53
6592.7
2474.88
2745.92
4367.29
5723.75
5795.98
11362.9
2791.43
2501.82
3005.48
2144.95
3804.31
3717.58
3692.88
2795.71
3501.45
3408.04
3611.04
4552.65
5477.73
7000.02
3985.09
4380.14
3095.54
4334.55
5468.77
3653.52
2464.82
6641.5
6867.93
4888.42
3144.04
2914.85
7247.3
3229.78
5003.89
4930.92
1950.08
3975.3
3289.54
5385.48
3741.44
4860.85
6313.53
2570.19
2529.11
3429.48
4972.21
3337.16
2584.44
4247.82
5959.26
3809.88
7974.4
8686.86
3174.62
3690.87
3545.9
2942.25
3856.96
6967.71
2890.64
4273.65
2788.86
7184.61
10115.2
3459.32
2042.86
2118.16
2640.75
10093.5
12402.5
1849.26
1798.06
7310.42
25753.7
3108
8883.11
4596.24
2763.93
5417.06
7578.16
1760.8
3288.94
4021.86
3306.14
5409.33
5106.37
7509.18
4591.25
7449.32
3054.08
2942.86
3600.8
3738.49
2021.11
2277.51
3457.57
1558.07
2006.56
3532.71
2113.61
8710.54
3202.17
8108.25
2545.36
4263.42
4513.65
3081.52
1772.57
5656.64
9476.92
2683.75
2619.34
4853.25
2472.95
2904.45
2167.4
3581.66
4510.26
8617.4
3100.84
2875.13
2896.99
3651.77
2473.03
2781.59
3628.09
3066.06
4030.76
2949.37
2745.86
3038.11
2903.49
6734.92
5045.69
4452.89
3185.7
3761.54
2167.06
2726.75
4473.97
8366.41
3090.85
6737.02
4024.95
10001.5
16936.8
5087.35
4087.91
9397.08
2428.7
1959.2
2410.17
3187.66
5439.46
2724.22
3526.09
4512.15
4040.82
6457.48
5395.35
4224.52
2737.64
2829.81
4713.45
2882.18
2907.14
6231.31
4034.97
2038.38
2570.47
1864.97
2301.82
4531.81
4655.31
4276.61
4393.64
6469.15
2391.29
4846.77
8972.18
8232.15
6195.64
2099.75
2476.03
2776.83
3989.1
3364.2
5221.07
1999.93
3207.33
6271.44
6099.42
4514.84
3027.74
3601.51
9313.47
12231.7
8979.93
2322.67
2599.01
3295.58
9359.97
10490.7
4025.43
2227.45
3177.62
4628.29
3295.76
2425.82
6957.87
3277.43
6216.7
2485.07
1733.95
5441.93
2181.48
4294.38
2594.95
2610.42
2845.48
7251.26
3201.93
6444.91
3712.15
4529.83
5175.29
6193.94
2368.12
9655.16
4803.62
2231.36
3690.2
2187.89
2640.12
3406.32
8026.81
3583.01
2503.42
2385.23
3172.37
1951.93
2064.09
5775.98
4643.68
2557.94
6251.28
1903.25
5045.24
4289.8
6022.3
4051.77
2686.55
6360.89
4198.44
3430.78
4040.39
13602.7
6749.49
3081.84
8158.6
2315.94
3566.34
1789.5
4715.36
5035.42
4183.75
3877.57
3187.94
1995.47
2532.41
2941.6
2973.91
5351.79
2057.3
6287.38
2892.69
11605.3
4334.51
3596.89
5230.68
3854.9
1974.78
7426.05
3295.52
3486.95
4486.46
6383.75
3573.44
2065.07
2719.14
4114.37
3521.28
5603.58
1536.19
4240.07
6093.19
1815.34
4761.22
2929.24
6583.89
3417.03
8702.99
2435.91
2435.61
3079.43
2917.01
4252.54
2514.12
3175.17
1902.46
3775.65
4654.44
9606.54
4947.93
3758.65
2961.42
14628.8
5888.89
2453.6
2351.15
4190.01
4183.86
4045.67
2952.75
3410.21
6452.12
2925.94
3954.32
3920.67
5244.58
4221.21
3036.4
2561.44
5456.17
6147.99
3523.12
3443.71
2674.92
5653.77
4813.27
5090.33
2871.78
2600.11
2638.7
2226.8
3792.5
2232.33
2373.93
3420.88
2255.3
2344.94
4906.73
2567.42
18531.8
6906.05
4363.7
3111.3
1563.63
3790.85
4688.3
4262.13
2390.09
3847.27
8437.24
9824.13
6339.45
2882.72
7340.38
2241.22
4197.54
8371.8
2540.49
4435.7
4344.77
2895.47
8851.19
2722.63
4787.63
3634.89
5549.24
2984.25
9255.37
6454.54
2241.16
3681.17
3365.99
10058
2117.06
3332.52
7160.27
2093.28
6830.98
4614.62
6590.95
4402.21
2609.11
6690.98
9549.61
2448.39
2860.86
8541.98
2955.32
2918.92
3269.98
2880.73
3028.98
3528.45
1905.23
2649.49
3234.66
3688.62
2625.83
3585.4
3673.17
4765.11
3151.73
3706.89
4337.25
2255.87
3189.76
4101.69
2223.7
3260.31
3264.7
2451.98
2882.25
5177.16
2909.43
4006.53
8949.73
2340.78
3185.89
2019.4
3647.56
2471.22
2842.4
3273.11
2896.03
4666.36
2974.84
2729.79
2059.56
2992.7
1944.61
3561.94
3388.76
5430.15
5821.11
2651.28
3636.41
2842.14
2878.31
9263.39
2489.08
6662.97
1953.68
3423.16
4663.96
4686.05
4855.52
2408.33
11655.1
4158.4
4778.16
4710.97
4656.9
3900.68
3516
3506.33
8195.79
2703.93
6730.31
1493.7
5950.68
2456.43
4151.32
6312.21
7446.61
6077.65
3746.11
7585.57
3311.32
4304.13
4153.69
4056.99
3549.71
3017.91
2805.17
5946.67
5081.82
5248.15
2595.53
2376.81
2875.04
2984.87
1917.66
2374.75
3463.97
3567.35
3101.52
7850.1
4708.26
1649.86
5497.36
1818.02
4288.5
2147.59
2876.89
6738.3
8845.41
2253.32
4198.24
7097.72
3187.36
4110.19
4139
4861.61
4600.98
5019.56
3345.05
2019.61
5160.66
1890.9
3750.16
3474.64
3785.6
4509.52
3044.55
4188.25
5411.48
3026.47
4794.6
8836.4
4968.99
4278.91
4458.01
7105.05
4872.01
2362.59
3791.84
10757.2
3180.06
2750.06
4988.49
3225.11
7390.88
2764.2
2468.71
3143.67
2489.61
5386.65
4287.95
3081.64
3804.9
4632.44
4039.84
3565.48
2117.43
4796.69
3777.19
2603.84
2072.68
2398.37
2194.31
6042.93
2282.67
3152.11
2134.27
3276.44
4352.57
3901.03
4937.03
8259.03
4544.53
3072.96
7118.38
4113.42
2362.46
2737.93
3665.18
3516.36
2291.38
4615.39
3400.14
3918.41
4227.59
6974.18
4616.79
7737.99
9874.98
3402.09
2203.39
4647.04
3146.65
5902.24
2700.86
2507.37
4939.95
5441.71
3696.56
2873.9
4087.84
2936.72
4689.87
3734.64
2357.32
9029.08
1994.15
2866.92
4232.48
10288.3
2930.78
4359.01
2903.93
4168.9
6084.89
5918.71
4713.99
4550.55
2714.69
3689.01
2723.69
3364.38
3735.58
2776.25
6776.59
3592.03
7780.31
2736.02
3124.71
7929.69
3077.24
4168.3
2171.66
2199.83
6213.49
10662.9
7398.14
3570.17
2274.31
2656.17
4219.58
6764.43
4449.57
3652.51
3639.69
3020.19
4146.38
3314.75
6218.07
2893.79
3084.43
3587.83
3197.59
3102.95
3383.4
2128.3
3497.75
5186.91
7073.6
16666.1
4535.4
2621.08
3006.62
5233.48
5180.68
5578.82
2336.08
2972.86
13920.4
6486.82
6931.88
8207.57
3828.31
2896.31
4400.03
2578.15
4788.15
5096.75
3060.18
2223.66
4061.38
3990.99
3279.68
9803.85
3836.03
3424.24
4279
3035.61
3056.52
4034.14
5739.91
5451.32
4303.41
4020.01
3303.52
2082.68
2761.6
2411.15
2511.54
9108.76
10641.5
12119.4
3737.25
3502.97
2618.16
4171.87
5146.96
2287.53
4215.44
4389.44
3584.95
5004.68
3079.61
3109.22
2895.9
2134.85
2968.3
4425.7
2006.23
2476.41
2917.39
2376.14
3196.75
5046.1
5689.68
3269.91
3091.71
1536.75
2296.36
7565.21
3959.46
2327.09
2967.75
2067.52
2504.13
2395.28
6552.74
4404.47
3094.67
2624.31
6668.27
10755.5
9266.67
4295.65
3261.47
8187.74
2301.02
4360.53
3325.38
2972.07
5590.41
6646.07
6116.57
3767.07
2535.56
3434.69
2724.21
4837.09
3251.57
4221.56
5503.91
3441.66
4319.84
3090.91
1602.76
1837.76
4821.21
2992.88
13589.8
1840.28
3349.72
4918.07
3582.24
2114.52
4059.92
2844.84
5170.54
5017.83
6618.74
7332.12
3678.38
4302.78
2904.4
15794.6
3932.04
3412.27
3185.79
2615.41
2729.64
3305.93
3418.05
2593.1
2670.99
1945.65
3602.72
3009.9
3685.46
4224.47
2693.7
12248.2
3454.58
2713.19
1972.87
5424.75
5143.54
3391.17
1592.85
17265.2
4304.49
3470.52
2076.82
4678.32
2807.87
3140.07
2733.04
4494.86
4212.83
6773.15
4040.08
5557.07
2910.9
2084.33
3257.4
3891.93
7050.24
5977.28
4395.95
10383.2
2987.8
5503.06
3757.35
5368.56
3142.46
2532.98
2262.27
1940.67
3304.01
3199.08
8410.32
3860.57
8378.46
4299.51
6322.02
4153.76
2152.14
4129.58
3418
7544.3
5637.36
6693.57
3474.53
4674.97
6009.36
2582.44
2221.77
2504.81
3626.79
3006.3
1821.41
3722.52
2612.81
5215.98
2261.23
3633.51
5677.61
4100.01
3636.37
2846.43
5846.59
4921.27
6451.86
4823.38
2896.31
2701.14
3626.22
5170.25
3813.19
16035.3
2420.75
5911.68
4155.23
3083.14
3511.25
3002.67
5386.67
3231.82
4885.48
10238.5
3274.07
5797.5
14466.2
3606.82
3415.12
4142.96
2890.66
6071.42
3837.57
2964.3
5121.9
2756.64
2740.53
3194.94
4415.39
4865.41
5795.87
2479.65
3603.27
1902.92
3180.34
8435.18
1873.52
4275.12
2430.59
2857.08
2509.16
6348.64
4712.38
2297.19
3533.38
3502.93
2986.54
3668.15
2822.2
3614.88
2659.29
3728.43
4539.58
4753.26
9144.73
5662.25
6944.84
3159.05
5477.98
3327.12
3592.13
4024.23
2653.89
2177.39
3541.3
5875.18
3783.49
14002.5
4856.98
5991.35
3280.09
8004
3345.96
3990.45
5931.17
5612.18
10425.3
2353.46
2301.64
3451.82
5544.6
2209.87
10539.9
3351.84
4033.9
3964.08
3245.55
2040.73
2066.04
5472.61
2763.64
4272.71
3928.62
6970.05
5014.05
5379.29
3344.08
5028.28
2212
1731.62
2146.65
4036.06
2889.08
1837.03
3520.01
3569.24
5548.53
2848.51
2432.91
8267.72
4268.74
2040.63
2542.88
7626.81
2802.01
3926.17
2673.15
5997.79
16814
2004.64
6186.04
3083.47
3115.61
3116.21
2801.14
5239.92
6612.05
8464.5
5370.29
3089.63
3076.55
4258.32
5205.09
4014.11
2536.78
5687.2
2935.43
2057.86
4408.81
6691.56
2863.23
4207.67
5081.47
3950.03
3737.35
5403.01
5986.53
4492.34
8587.38
3736.25
2491.35
2264.04
2040.01
9126.48
8949.53
2886.39
2911.43
2835.56
4481.27
7892.18
9316.96
5080.95
5018.61
5603.76
2232.9
9933.36
3755.99
5087.99
3163.18
4572.89
2363.74
4645.19
2582.48
5352.96
2544.03
8140.2
4195.59
3487.75
2534.83
2295.26
5251.41
7367.37
3061.79
4374.79
4109.39
11131.8
2161.71
2961.77
3156.53
8299.45
1729.96
5242.05
2496.51
2821.83
4802.83
2912.38
2772.67
5216.36
3050.46
2767.67
4524.42
7314.06
5394.35
2836.49
3348.18
2400.61
4999.48
5253.87
3314.03
2391.86
19816.1
4008.2
6247.22
4084.68
2010.55
5436.17
4735.01
2405.18
3749.98
4491.09
4231.29
3428.2
2856.52
5263.34
5852.56
7478.2
5366.26
7089.82
3144.44
6050.55
4076.27
1565.51
2767.5
4114.19
4299.85
2868.47
2590.2
3752.73
2469.78
4923.38
3770.06
2992.3
2818.51
3554.96
4504.94
2933.59
2283.63
6775.65
2557.12
3727.87
3335.6
3834.08
3395.83
4603.78
2379.54
9031.2
5211.93
3224.23
3107.3
1932.64
7400.75
2404.73
2837.18
2403.47
4641.97
5195.21
3995.55
7284.09
7641.19
4349.91
3721.02
2355.05
5024.98
4580.23
5525.51
7627.27
5231.44
25578.8
4109.36
2660.56
2429.97
7867.21
5686.72
3833.87
3339.15
4153.98
5294.66
19557.5
2913.21
2867.41
3832.82
3288.33
3906.54
3588.95
2354.61
2678.6
4425.95
1787.01
8688.89
4056.44
5267.38
11523.1
4204.38
7898.88
5132.44
6392.77
1762.77
5279.36
3230.28
2693.83
3005.08
3312.39
5582.02
8394.59
4059.27
4257.23
5141.93
2562.54
5529.19
2051.51
11407.7
4772.21
5135.62
4725.86
2809.13
7638.12
2800.47
4044.02
9042.27
4115.67
2688.64
6589.35
1962.83
2712.05
5056.18
3563.24
1938
3907.19
4720.04
3181.97
5093.17
4394.67
6600.1
4008.82
6944.4
2400.99
4669.51
3987.68
3442
4127.9
5067.86
2044.52
4875.04
6125.59
1951.82
2334.68
1810.03
3226.4
3338.67
5421.35
8790.47
2826.89
8357.03
5026.45
8144.58
4006.04
5683.2
3095.57
3341.48
5489.63
2509.77
4606.53
20673.9
3177.8
6796.45
2637.18
7717.9
3036.8
3783.68
2374.5
2191.94
4090.32
2747.98
3699.91
5927.36
3731.92
10537.5
2374.97
2446.49
4483.49
5524.31
2143.9
4423.5
3703.41
4490.79
3518.39
2134.04
7400.28
3612.75
3764.71
2817.23
2774.32
3635.68
2153.09
2903.98
3041.86
13480.1
3387.78
3675.14
3467.51
6448.64
3560.75
2544.67
7105.77
3296.68
3491.17
4614.27
3098.55
6062.59
2920.28
3921.32
4545.12
4944.49
4537.23
4243.49
4860.5
3925.49
5550.51
2953.11
2298.48
6091.38
5189.67
4015.81
2450.44
3726.78
4765.84
2813.05
13928.7
11357.7
4121.87
4509.09
9553.63
4173.83
6343.34
1801.2
5410.2
3943.51
3277.73
3044.64
3780.63
3688.23
3135.04
3188.52
2202.68
1622.27
6280.78
8034.41
2622.69
2501.23
3020.95
2135.8
2910.46
4669.12
2643.52
2767.05
2101.18
11237.7
5512.83
3097.86
1955.21
3944.77
1740.69
7061.05
7642.62
3673.62
2469.34
3661.54
2531.78
4293.42
4643.75
4367
3691.93
2301.5
2893.6
4811.69
8056.06
1511.54
6179.51
1957.86
4769.8
13440.4
3345.63
4691.47
2764.52
4027.13
2668.83
3032.69
6288.81
2581.8
2634.03
5236.52
2308.38
2814.41
8096.91
5149.84
3310.27
3625.31
5532.62
4197.48
2256.85
8970.08
3449.27
2517.97
4809.21
2887.3
3206.05
1905
4716.07
4575.76
3393.62
5108.33
2752.08
17444.7
1627.82
3781.34
5637.5
6171.92
2093.14
4162.81
4410.06
7500.56
5677.81
2454.67
2543.61
2837.64
3067.71
7508.93
3809.04
4072.51
5319.23
4595.13
4146.19
8321.57
2344.74
3433.93
2928.29
2543.42
3154.16
2367.4
3421.61
2444.98
3248.21
3482.21
2578.78
3128.15
1797.14
3770.98
4025.1
9184.39
2119.54
3582.08
2576.36
2685.37
2813.69
4538.63
4483.96
4296.62
1956.2
5786.61
3004.72
4164.69
3723.28
2781.16
4129.94
3611.55
4110.58
4062.6
5805.54
3548.39
2062.45
4293.45
3837.55
3894.78
6957.97
2446.36
4094.04
2852.76
5883.31
4014.97
4686.77
4920.66
6045.43
2256.97
3831.84
3191.62
3188.95
1945.35
2340.38
2747.81
4140.61
4090.9
2293.44
3313.35
4883.37
5463.72
4440.22
1966.56
7132.7
2635.98
3464.83
3784.46
2689.57
2311.38
4068.73
5544.96
2778.08
5354.93
4681.94
3088.49
6148.74
3953.73
3304.67
2035.38
2316.41
3652.04
3851.07
5583.39
3362.51
3145.34
7073.83
2187.52
2848.2
3346.2
1769.84
2676.37
6483.63
13948.3
3294.97
2486.22
5445.71
2619.05
3584.64
6350.94
2176.75
3732.31
4873.4
5810.72
4213.94
2469.2
3759.56
3452.48
4268.82
8489.08
10407.3
3069.42
2522.92
4396.02
3301.9
3098.71
1762.41
4899.03
3319.91
3313.07
8659.5
9485.44
2636.43
1874.96
2660.83
4536.92
3838.22
12028.9
5943.15
4509.72
4440.14
2738.62
2042.16
7257.18
3965.18
3649.59
5330.53
2609.76
7718.78
5535.61
3593.06
3091.7
8961.94
2972.01
6874.48
4046.85
6166.07
7100.03
3449.48
1646.35
3115.11
4885.36
7208.76
3341.67
3109.19
3591.45
4084.62
5730.7
7464.53
2250.97
6228.98
3793.52
1514.9
4709.01
5594.83
9180.39
3475.33
5524.54
11395.8
2603.6
8824.89
3283.16
2793.49
2026.99
3561.82
2496.64
2840.79
3573.22
10822.1
5220.03
3756.21
3540.38
8330.09
2145.35
5576.45
2446.21
3288.46
3248.82
3681.14
6686.26
2322.75
8186.66
4335.98
10102.7
6462.98
2941.11
6090.38
1778.46
4309.14
6833.38
6560.53
4398.86
2681.15
2553.79
2580.47
7516.15
2635.34
3680.04
3497.4
5260.7
2663.85
5640.99
4646.14
4404.88
5178.99
3823.1
4480.58
1866.72
3029.89
4798.62
2337.69
4463.74
4239.33
4475.76
2220.2
3688.02
3482.59
3504.91
4977.72
3581.54
4615.93
2160.68
3955.12
3763.14
4087.84
3309.56
3626.92
3339.08
3566.07
5131.44
3591.65
2258.45
3099.04
7315.37
4656.52
4119.05
2196.13
3541.67
4032.62
5883.76
2584.19
4232.55
2551.94
5064.9
2078.55
3503.54
2913.61
2521.69
4316.7
11238.8
5524.59
3185.75
4689.11
2909.62
5806.92
5424
6970.41
2220.55
3675.27
2176.66
1912.73
2976.9
2788
2675.36
2380.78
2592.68
3232.08
10201.5
5280.89
4004.97
2644.16
2077.98
4036.38
1235.94
2555.78
2541.12
1900.51
5129.67
2577.53
9938.63
2799.51
2451.34
2517.77
4565.39
3759.74
2827.22
2758.47
2957.76
1971.12
1922.49
4034.6
6379.78
4534.04
4097.37
2354.49
4678.35
3889.17
17560.6
2811.45
2794.1
3280.96
3136.16
1966.59
2458.83
2954.55
3567.63
5305.94
7172.38
3284.55
6645.83
7013.15
3741.79
2240.99
2029.13
3317.22
2764.89
2535.23
5655.93
3578.64
2198.69
3436.54
1752.41
2290.7
4739.29
2855.82
6285.06
4422.2
4058.89
3168
2690.49
2560
4387.16
4304.91
2403.22
7143.58
3143.37
2184.53
2178.8
3952.14
3356.29
2680.95
1963.83
2954.24
3575.83
2967.55
2750.29
3310.3
2058.09
3405.38
4392.29
2595.79
2487.08
3410.32
3458.86
3377.1
3429.85
7599.48
3437.12
9527.12
3965.27
4312.01
6912.63
3096.13
6398.97
5263.16
4162.97
5054.1
7262.25
2477.71
2715.91
3774.33
2443.11
1908.5
2030.54
4681.03
4396.62
2962.91
4810.93
2314.91
2602.64
3699.75
2400.99
3578.54
2505.52
5446.49
10691.3
3923.39
4617.87
2317.57
3502.4
14888.7
5767.84
3421.22
2668.7
7162.48
5804.42
3115.8
3039.95
2116.03
2364.22
5767.1
2562.65
2735.19
6235
4300.34
2737.22
5823.53
1668.78
5126.73
2269.1
2293.12
4169.96
4951.2
2513.17
2838.74
3860.99
3113.72
4113.22
5973.44
4341.49
5722.45
6781.82
3256.46
3324.55
8077.32
2853.49
6104.02
1943.42
2517.66
2248.91
5397.4
2668.89
2594.06
1998.76
5613.21
3416.31
4327.21
9396.7
2767.31
3121.67
5212.57
2376.76
2507.2
3288.04
3211.24
5372.3
9254.14
2905.64
4184.12
2364.79
5059.41
3912.3
4038.54
2137.9
2526.36
5266.47
5681.32
2961.27
3404.01
7210.2
11384.6
3162.56
2909.56
3701.44
2705.59
6731.7
7898.98
7627.21
5973.93
2595.63
2153.11
2294.98
3673.57
3725.85
4510.7
2937.41
2403.07
3294.3
4430.92
6289.93
7006.4
4322.61
3324.21
3141.45
3320.92
1612.88
5287.06
7579.74
2860.33
9433.69
2074.96
6080.93
2859.57
3430.36
2966.14
4696.77
5562.41
7063.79
2665.33
1383.85
2501.11
3100.05
3093.9
3008.86
2311.06
5119.07
2504.49
3246.23
2993.73
7304.72
2401.53
3407.55
7273.44
2159.08
3121
32567
12256
2282.45
6400.83
2565.32
3172.5
5409.25
3078.01
4145.25
3537.38
5197.08
7022.03
3079.24
6267.12
4742.26
3121.66
2431.77
2953.65
7643.43
2136.55
3737.12
2251.64
4366.63
5572.76
2070.86
2366.45
2179.05
6151.97
2286.42
4012.23
2787.77
5941.52
3861
4632.91
2740.77
8702.83
3626.82
5302.53
3698.59
5101.3
3399.98
2924.86
2831.3
2894.43
8630.54
9098.49
5337.22
3614.52
3435.23
1409.06
4891.54
4752.13
3021.2
4601.85
2839.08
3709.93
2710.8
5258.01
6655.48
5851.34
11455.4
2434.29
3499.57
7905.68
6735.4
4152.8
3219.11
8142.43
3114.85
2365.67
2823.82
5771.45
2918.48
1712.98
3214.1
2341.8
2729.63
2991.34
4256.2
2546.37
2747
2423.12
1575.7
3460.25
2902.57
5471.06
3133.5
2986.4
2976.01
3589.18
2906.95
3527.32
5929.83
3882.29
6931.44
2362.32
5532.14
2270.82
7615.44
3364.64
3497.76
3515.86
7733.57
7385.4
4945
3098.19
2563.01
5480.33
4398.2
5025.19
2219.29
4721.48
2816.63
2967.24
3313.53
3957.66
3498.74
2650.46
3434.64
2893.81
2183.62
9368.48
10328
6727.35
8449.51
6036.78
2374.69
5642.56
2429.15
5606.89
1784.79
8610.9
6025.67
2326.79
9273.56
5698.38
3744.78
7490.12
3031.05
3808.72
2385.17
3812.51
3738.12
2625.51
3582.85
2679.8
2671.32
8436.37
4288.86
4717.59
2767.84
2045.62
2760.5
3518.72
2802.53
2418.07
2292.05
4685.45
3577.41
2959.34
2993.1
4655.32
4303.8
6522.87
6235.86
2055.1
3664.39
4144.36
3295.72
4588.79
4166.28
4039.23
5455.09
3455.97
20417.6
2205.49
11061
3527.84
6072.56
5650.36
3529.59
3516.85
2473.66
5498.59
4437.34
2115.43
2333.95
3177.31
2594.53
6120.37
1804.15
6469.64
3978.39
2954.42
3528.78
5036.72
3374.18
1969.07
2577.52
4645.01
3868.66
6075.89
9250.94
2162
7925.24
3207.43
3279.99
3455.92
7004.36
5775.19
3009.71
4130.14
2417.38
2565.64
3852.2
4116.94
2505.51
4758.24
3298.11
3861.48
2179.09
3598.52
5420.14
6154.44
2804.2
3658.08
6353.59
3759.73
4517.35
2501.96
3754.51
4797.13
5307.25
13661.4
9297.54
4015.14
2830.28
7543.91
2064.85
3474.95
4737.44
8702.81
3974.89
3325.56
2241.9
1704.31
3033.71
13514.3
4674.51
4277.33
6495.34
3868.54
3271.69
2368.07
3929.64
3859.75
6259
3799.96
8554.93
3218.15
21312.9
3987.06
2113.2
1993.73
2256.97
4233.52
3112.59
3017.68
2882.05
3475.93
2710.78
2044.62
3578.9
2124.84
2561.25
3862.16
3993.68
2180.72
5665.15
1942.29
3440.04
2049.06
2922.6
1777.55
8451.41
7643.28
4586.67
2906.54
3990.05
3880.51
3059.58
2368.95
7851.64
3463.16
2808.13
5361.95
3669.1
7959.46
1899.71
9299.53
2341.66
7488.45
2427.61
5614.84
3858.04
3637.66
1979
2646.36
3441.1
5202.07
4910.88
4027.77
5002.26
3505.87
2879.53
4750.42
5281.24
2241.13
6465.8
3813.94
4478.14
2438.05
7636.16
3476.78
3312.44
2981.25
4061.13
2781.62
1367.9
5932.45
2466.54
6120.98
3916.67
2632.12
8517.83
2982.47
6340.46
5813.62
3077.63
2457.68
9879.35
5008.42
2948.66
2728.64
4238.99
4312.17
2861.1
4811.6
4803.49
4985.64
5316.55
6988.02
2587.05
2020.64
6152.63
2111.34
3153.35
3380.19
2912.43
2238.83
4179.36
2620.15
3543.3
5815.85
2886.85
6922.67
3239.69
4768.1
4794.03
5823.98
2506.14
5337.67
3812.45
3489.61
4093.3
5564.42
2020.09
5760.54
6196.93
3258.04
2943.28
5054.64
2265.93
5089.86
5817.54
1627.41
4241.35
4596.6
5726.01
3654.03
2437.5
2951.47
5771.1
3180.99
4676.68
6749.99
2601.56
3447.15
4432.63
3353.29
