27745.3
9879.66
11917.1
4369.08
5132.86
14161.5
9416.45
8556.54
5380.04
14121.3
7492.62
4340.1
13978.2
17014.2
13301
11848.9
25388.6
9207.47
15922.6
8326.12
18550.4
5633.59
9938.77
12337.8
8754.08
8458.53
9364.1
44767.8
8078.88
8930.61
11275.4
18651.7
42234.7
8164.38
8522.09
19810.2
16344.2
6323.29
9115.08
7663.8
5347.82
12636.1
24955.6
7400.87
22403.4
14025.6
8767.59
18088.3
9610.63
33125
17164.2
13779.6
5818.91
7956.93
13002.7
12225.6
9436.88
15386.9
6865.77
17096
11518.9
6870.28
12856.2
33068.7
10970.5
6091.7
10244.9
6273.61
14933.5
5486.55
21294.7
6653.79
8036.03
7017.49
16927.6
8281.04
19320.9
44885.2
20398.7
13906.1
11686
10437.6
7389.36
18991.6
6218.07
7919.51
17876.6
5388.45
11590
10453.7
12379.8
51030.3
12285.4
16842.8
8806.66
12757.9
8023.33
23245.4
8084.37
8834.33
11222.8
12927.2
7644.41
10609.6
43517
7288.81
22426.6
10711
9847.47
8028.79
14695.5
9022.08
15925.5
7869.03
21173.6
8851.18
9475.16
14518.3
8353.66
15047
17034.1
15777.3
20616.6
9075.97
18084.2
12671.5
13801.8
13172.9
11194.1
10075.5
9196.95
5070.09
9032.37
6457.87
14781.1
25986.5
4893.22
7004.64
12730.7
24523.1
30254.7
11832.4
15583.8
39255.6
8433.89
8332.87
12942.3
9653.57
27909.4
4628.09
13454.7
5143.23
18092.6
20195.5
9678.93
11072.2
6305.85
19232
16640.2
21418.7
39531
10518.1
20431.2
7923.18
12461.4
19068.1
18505.3
11682.1
14867.5
13034.2
11377.7
11673.9
7006.48
13069.6
22840.7
10132
23887
10897
15057.3
10699.5
6741.77
14127.8
11418
5561.57
11036.5
9705.44
5523.69
6896.87
10090.8
8051.12
14552
11232.2
5775.23
7413.4
8001.74
6118.7
17620.4
15494.7
17893.6
8509.61
11931.4
9257.23
20050.6
11641.5
10537.7
6322.64
13961.1
10994.1
11031.3
4562.46
7870.7
7523.78
5109.07
6862.97
13077.9
8174.2
9598.31
11972.9
29067.7
12228.5
30848.6
16059.2
7660.86
8579.25
8296.41
12411.6
16968.4
28455.9
8877.83
12105
8377.71
11121.6
23136
4545.07
7385.28
9099.9
22793.6
7494.84
5778.97
13290.7
8061.25
18596.8
8781.7
5827.92
11677.7
6182.04
12308
8755.57
19062.9
10564
8239
15937.2
10917.1
8199.74
10468
13768.9
13487.1
8616.83
20652.6
17716.2
11321.2
14874.7
28931.5
13135.8
9371.88
6975.08
15319.9
5377.27
8339.01
9063.77
17137.5
8306.31
6213.27
17149.7
7879.35
16635.9
28417.5
6844.36
22436
8806.43
8278.92
5882.37
20300.6
5609.47
12426.5
13043.5
7365.11
20374.1
18115.6
5960.35
9086.99
22245
14461.9
10320.1
11190.7
13921.8
10100.1
7586.42
18100.6
5815.21
12141.5
7442.43
12940.6
20084.5
6466.71
24399.4
16352.6
6345.75
10135.5
10338.5
11336.2
10931.3
14602.7
20391.9
18019.7
12064.8
12167.1
6243.42
8788.34
14416.9
10598.5
12744.7
7553.05
7353.88
7232.67
8288.5
25400.4
13178.3
5711.17
25979.1
14063
10297.2
13548.8
18765.2
7849.16
23286.3
19928.9
7477.29
6277.9
9316.28
19636.3
8840.42
39423.2
11536.8
7192.67
5282.85
13453.8
4734.59
22855.8
9125.16
10038.7
7557.07
7909.87
7293.67
27952.7
15180.3
22226.7
4407.33
18822
6722.93
7127.37
6896.99
17379.2
7297.27
6309.35
12912.6
12148.8
17883.3
42561.4
22735.7
8103.82
22686.2
5302.61
8066.94
20112.8
6349.24
7992.52
8004.93
15153.3
9169.35
8796.65
29147.7
21608
5713.51
13324.9
10777.2
13230.4
9587.8
41781.6
8960.8
4789.32
9838.27
15925
6673.23
19365.7
16164
16639.5
24250.8
20685.6
5510.2
7931.59
16832.4
5526.53
8189.76
12324.8
19003.5
9973.1
17745.5
25296.7
18546.7
14539.7
7755.69
8862.53
7036.37
16467.8
8068.66
7991.27
19679.7
7819.06
13944.9
10787.3
6204.93
28594.3
13394.7
10738.7
10404.6
9105.19
7452.22
5255.18
7592.56
13676.6
12906.7
10378.4
16159.1
19048.4
7041.59
13651.3
5735.68
21216.9
6739.42
13522.6
26474.3
6490.16
10264.5
22088.4
13899.5
7482.98
14382.8
25184.2
7930.17
8558.84
24581.6
19169.5
25451
12445.8
11627.5
31801.2
9152.43
24919.9
9622.1
21060.4
7624.88
13447.8
5650.4
6321.25
9648.54
12610.4
23328.6
7643.8
5118.05
11828.1
9413.05
10065.7
21339.9
17704.9
9244.76
17247.9
7536.31
14687.9
24055.8
5631.69
17798.7
17092.8
6908.17
8359.74
11546.4
16462.8
9417.89
26006.7
20446.8
10863.7
15651.1
16204
11349.1
10005.5
9098.62
20389.8
11219.5
30758.7
8103.06
11107.7
13682.6
13019
10719.8
8161.74
11363.4
10159.1
11544.6
16570.9
7683.44
9928.65
7056.95
8979.65
10421.3
24479.1
21058.1
20894.4
10675.2
17660.7
13421
6109.04
8854.84
10205.4
20790.5
7735.17
13161.6
12022.4
13931.5
7755.61
30715.1
12380.7
14709.5
12018.3
12178
9030.54
22345.6
16822.8
12609.7
5769.16
12174.6
8882.75
22113.7
7771.72
14924.7
11684.3
4811.06
10405.5
15112.6
16953.2
6745.33
9080.55
16953.9
19290.1
6848.82
16713.4
16093.3
14671.8
14947.8
18890
5951.25
12096.2
6776.24
37598.7
4907.68
7554.04
7192.2
8430.6
12294.2
15018.8
19763.9
6813.69
11753
4455.82
17677.3
8617.15
5191.55
6208.72
14007.7
19132.7
15334.9
7467.63
7978.67
13191.4
9034.07
10670
17078.8
38755.3
7854.15
3977.98
35686.6
18369
6405.65
10891.7
19837.3
10680
11588.3
10516.7
6016.93
17704.4
7717.05
7001.66
17387.7
29395.3
9848.69
37369.9
14335.7
13465.8
26082.8
8982.66
16805.5
8491.72
13316.8
19662.8
8824.51
8368.17
5875.7
10279.2
8458.32
52011.8
8908.58
22918.7
9730.82
9982.19
35013.1
20700
11515.4
10132.7
8580.17
7463.26
9714.56
42144.9
4935.85
9141.95
6143.74
9489.69
9431.31
8871.92
20812.7
8007.18
14772.3
14799.9
15849.5
24311.5
7628.5
7921.4
5368.52
8623.96
21556.1
21751.7
24543.4
7277.19
23200.8
6742.13
9738.79
12084.9
10581.7
9093.68
7613.09
13717.4
28668.4
8007.83
9051.4
20028.9
15904.2
9909.87
8614.48
34796.6
6111.28
8548.26
6097.02
10196.3
10389.8
16917.2
15850.9
21180.7
9632.68
8128.26
8283.22
9927.64
12937.7
9430.58
51848.8
8440.83
10246.7
11570.4
8641.07
12243.6
9969.59
12176.8
16603.4
9239.82
26783.8
12948.4
27329.4
7888.28
19618.5
8225.84
7016.07
18225.6
13394.3
9089.91
9375.32
11182.1
8548.02
11067.7
12111.1
6757.21
38908.3
19741.6
45685.3
10732.7
31356.5
6326.11
5174.98
22386.8
9183.67
12529.3
11955.3
11607.1
9581.65
21850
4674.1
5426.61
12650.5
14928.3
8860.13
38232.8
6852.9
27687.1
6553.59
12105.1
7874.76
49072.8
15865.1
9312.47
18676.6
8369.24
8803.26
8950.04
19617.2
10111
22340.7
7784.38
11235.4
8994.09
6627.75
14401.4
11209
7969.34
27108
8400.7
9761.15
32081.7
7916.57
18922.1
9596.01
8907.47
10691.2
17635.7
8714.54
57413.3
5855.87
18535.3
12722.3
13509.7
9153.36
26626.8
14875
10053.8
8891.6
10592.7
19440.6
16187
9557.2
6473.51
8976.99
8605.25
33301.9
16433.8
47395.9
14210.1
20163.9
25106.2
11094.3
6312.91
7286.43
12463.1
7584.71
16516.7
7017.78
6898.67
18112.9
8567.1
12502.3
10705.2
5380.42
16708.8
8344.77
10643.8
13928.9
16667.4
10543.5
7735.14
12964.3
20817
23852.5
9613.09
17994.4
5641.43
6262.94
13990.8
11512
21894.2
19682.7
36433.4
7708.66
13305.9
6758.94
12642
10237.7
5877.51
23663.5
6926.91
20138.4
7574.03
9992.08
7483.27
6879.82
10109.9
11586.7
8443.87
10832.7
6316.02
8351.18
19321.7
6672.59
8727.27
10197.3
10843.3
28286.6
4903.43
12268.1
29142.7
51768.1
12968.1
27651.9
12278.5
9767.42
12773.4
18177.3
14160.1
12835.4
5149.25
8081.41
7304.23
17610.4
7412.92
11526.2
11433.3
8591.34
9772.7
9678.19
12364.9
6362.76
15275.4
8140.7
24827.3
6173.96
11255.7
11596
13900.8
43116.7
13973.6
8604.79
8062.9
9326.83
37171
10515
12889.5
25870.1
8993.11
12085.1
10308.5
10202.5
31916.8
9452.52
8529.45
10492.2
9755.26
6442.8
5226.93
7037.99
13080.9
10634.5
10983.2
10452.4
5529.28
6132.66
7144.26
15972.1
17819.5
10304.5
7073.78
9189.7
12183.6
7261.46
11526.8
7733.14
14288.8
10489
25205.5
12487.4
12924.8
33327.2
7655.14
15729.3
17690.8
17180.3
13111.2
16964.5
8251.76
7470.72
7076.39
33873.8
11698.5
12663.6
8634.85
10550.5
26043
10014.9
27942.2
10030.8
8311.38
16510.1
6386.54
25305.1
13741.7
18921.5
12557.1
13995.7
8014.32
5402.67
15963.6
5775.28
9724.27
12858
11923.2
5388.6
4582.65
9640.21
9214.18
7097.2
7129.21
9799.88
8499.12
10350
9695.74
6007.63
6451.36
40340.7
10477.7
6984.57
11562.2
11842.4
16485
10006.7
7874.05
7070.73
18674.6
19045.4
7429.46
16208.4
7641.26
16658.8
15717.4
11637.8
31813.2
4191.69
16107.8
12189.2
14556.1
16491.7
11222.6
36506.1
20749.8
15964.2
9677.19
15456.4
23284.1
5755.99
31152.4
6951.74
6870.73
8519.81
9611.2
7751.26
26843
8794.07
12618.8
23059.3
8894.07
36286.5
9719.9
11491.8
13768.3
25566.9
7543.88
7451.93
8547.16
8174.84
9325.83
11747.5
8341.34
10727
5662.66
10338.6
9297.59
16933.4
6143.44
23133
9483.21
4302.33
24109.2
16542.5
6744.01
18550.7
13081.3
13956.1
11292.1
12952.5
6942.09
7754.97
15478.6
23742.2
15417.4
9547.7
19857.8
7084.03
14787.3
18424
6308.54
4308.4
24329.6
9321.61
10013.9
10030.6
8749.52
6994.75
15455.7
6837.03
15937
36929.3
9949.7
6075.06
7417.33
7010.74
11144.6
10419.9
9982.35
18568.3
5545.41
65758.6
15284.7
10517.2
8369.35
12977.2
11271.6
10627.1
4407.31
8887.23
19522.1
11934.1
16659.7
24929.5
36284.6
24828.3
20446.5
10381.3
8387.77
12568.9
7769.97
22158.1
35021.5
6703.19
17799
6863.04
26969.1
5147
15268.4
14552.4
7378.8
16395.5
23123
30038.7
15699.6
4973.05
15587.3
7062.64
19075.5
38404.2
18717.8
7592.95
8758.61
9908.13
9237.5
15906.8
7995.28
12087.3
14509.7
39449.5
17778.3
15344.3
15979.7
15038.8
19362.6
5799.65
7864.54
10410.4
9451.24
9375.41
17478.5
16275.3
10982.8
11041.2
22202.1
8141.06
11599.7
7950.48
18046
8070.48
8843
31253.4
10570
12280.6
9295.49
11876.9
17901.2
6232.76
13942.1
11529.8
7859.81
8497.33
19783.4
6232.21
6195.18
12307.3
12770.4
14342.1
27307.5
6991.46
12829.6
11465.9
12007.9
7033.02
10099.3
16949.2
5567.14
8404.01
15474.1
12814.7
14968.4
7953.51
16542.5
5929.94
13611.6
6206.07
8053.27
8592.09
7375.22
7344.87
5247.73
18424.6
10144.7
5992.34
9732.39
6186.88
13179.6
15590.2
5685.56
4475.38
5491.58
12752.9
10566.4
9869.08
10850.5
8508.01
9375.17
21930
25345.3
11825.5
12195.3
11999.4
12218.7
20558.1
7568.18
10410.8
9596.11
23251
11846.2
8038.55
25491.9
12294.9
13493.1
16428.8
6614.91
14228.7
10648.8
6469.65
5931.09
6151.57
8163
5945
13506.6
18188.6
13627.8
6241.34
20986.9
8319.14
7980.83
23770.4
14010.8
15928.7
10553.4
14320.7
11889.4
11742.8
8481.87
33788.1
10990.1
6108.87
17374.6
10615.4
9229.16
19840.4
21326
12654.9
7977.94
7309.32
6835.33
12276.6
9329.87
29569.9
20276.6
21894.8
17590.3
5566.21
13503.1
12506.5
9213.61
14629
35534.4
16911.1
9023.15
21862.2
18067.7
11337.6
16201.2
10758.2
12429.4
6824.92
12148.2
38396.2
41115.3
6952.29
16721.9
26201.4
4139.34
19524.8
5043.5
10608.4
5671.19
6525
21631.7
14760
8059.22
10184.6
17181.8
5581.93
15586.5
12704.7
8284.83
4161.12
11433.9
9558.04
16421.1
10566
20708.4
6799.56
12645.6
6438.46
9087.38
10882.3
6173.31
17896.9
6842.76
6349.71
14069.9
17921.1
6450.75
6036.89
8801.92
6725.23
8770.64
7677.93
6230.51
5978.29
6513.69
30313.4
10112.1
14533.5
16440.4
13029.4
13851.1
21988.5
18256.9
10077.8
8302.86
17173.3
16231.4
16183.9
8079.52
10307.8
9143.18
12190.9
28595.6
16986.4
16468.2
5069.74
5129.14
3510.66
7562.53
21804.2
17562.8
9169.68
13206.5
8234.43
12071.5
6284.48
9866.02
9636.87
10829.6
8565.31
38754.8
8246.23
6616
27860.2
11365.2
14564.4
7858.12
6746.05
7209.64
14802.9
16805.9
5453.71
8071.56
57110.2
9124.91
21925.9
8577.34
10124.8
16899.3
14869.8
8200.26
9879.24
10583.1
19975.1
9732.84
24424.5
13565.3
6327.31
27471.7
17667.4
5675.41
43754
11485.2
8174.04
8510.43
8335.96
7425.86
6200.05
28382.6
6849.67
7204.62
14808.2
18417.3
18624.8
10416.3
11376.8
9903.76
17953.4
14113.2
18288
7298.72
10361
12786
9163.38
14827.5
7178.78
30235.6
17282.3
9522.74
6606.66
21139.8
7414.91
8498.91
4748.26
15548.4
9684.3
10758.1
23487.1
8120.8
9908.94
25327.6
7737.08
16370
8313.22
38464.4
6618.82
8298.19
12043.2
8070.04
17205.5
12858.3
5681.03
29883.9
10318.9
17058.3
15056.8
8440.57
16012
6179.99
5990.66
8979.25
11454.4
10546.5
15893.3
8003.51
7396.53
28471.6
11160.1
16458.6
13861.4
26402.5
8141.06
17885.6
6097.74
9650.01
11567.3
7525.91
5672.14
18216.3
21477.9
6663.96
13673
8760.41
8878.43
10369.7
16804.8
6826.52
13838.9
6128.35
7332.03
8242.5
8182.32
16792.6
12787
25773.8
15168
7890.11
25049.9
41427.1
9086.87
12299.3
18042.7
8385.09
14070
9538.2
4573.08
9512.07
8590.64
26264.4
16422.7
23108.3
10404.9
6304.7
8925.7
9582.22
6856.3
6619.26
7019.89
21459.2
7064.12
11370.5
9923.78
13717.6
5214.93
7394.07
6779.3
14974.5
9311.23
29799.4
8641.99
16561.4
13548.9
8670.24
5561.85
13529
11389
6385.96
6750.08
44047.3
11100.6
6436.46
6765.71
8284.2
11523
10055.7
11734.3
32870
16116.8
8904.6
7573.74
5923.92
13334.6
9104.77
12905.3
24006.1
15988
16045.4
5063.74
11429.2
6214.95
10350.8
9305.94
10347.4
8309.15
6435.85
9105.26
32519.1
12223.1
12389.5
6548.94
33844.6
11638.7
7296.36
7435.29
12233.3
20086.5
9465.32
10428.1
8905.5
11637.4
6258.15
12455.4
7566.23
9119.3
29938.2
6501.81
6363.7
8197.6
10697.2
24718
9220.7
18243.2
9582.94
9310.39
4980.74
7791.44
8538.11
12127.2
9318.86
9516.98
21517.8
27089.1
28949.4
7025.22
20349.5
35218.3
18570.3
11869.8
50713.4
8909.58
67724.6
14457.6
10755.9
19753.6
12133.3
6423.81
5548.37
5817.65
9865.56
13845.4
7508.19
7600.26
24547.7
12895.4
8351.03
24428.7
17043.6
15667.7
13371.6
8924.67
7631.75
14218
10265.5
7104.78
12121.8
9290.44
44474.6
18773
15484.1
19180.8
5472.4
36186.4
10513.6
21766.4
45972.2
6910.31
23312
14076
15680.4
9052.37
12248.1
8010.61
9963.9
18313.5
10253.9
13824.2
14253
10235.9
16158.9
14497.4
8803.28
22507.1
32623.6
7117.53
11280.9
6494.93
9553.5
16682.9
12681.3
13145.8
9362.4
19995.3
19660.3
6877.89
13005.8
6829.92
26054.9
13557.8
18027.9
12637.5
16256.6
19695.5
7876.68
23475.6
24232.1
28762.7
5500.39
14108.8
7950.48
8188.8
10097.6
16173.2
8445.09
17522
6030.74
17892
30618.4
18968
8600.9
10856.5
12293.9
5861.69
34400.5
10136.5
15299.8
10027.9
18691.9
9102.18
11266.6
50572.7
10643.7
18084.2
8319.84
22557
10772
7158.46
9010.74
6347.09
15421.2
10331.9
14856.2
15531.5
67707.1
6745.23
12981.1
12515.3
18122.3
16093
20167.6
12601
13972.9
7926.87
6162.38
7614.55
15038.9
10460.2
6085.61
19281.4
12648.3
40297.4
6820.59
9280.34
8009.68
11789.4
21036.9
13792.2
26358.9
10192.9
12086.2
8332.17
34061.1
30962
10722.2
9245.11
32805.6
9049.66
8573.55
6757.43
19876
6422.21
20204.5
13394.9
18425
11426.7
40913.2
7498.85
8468.92
8795.16
11735.5
35440.1
7390.58
5572.01
4770.97
14638.7
24452.9
7355.57
19856.1
14944.8
8109.94
12875.6
31780
21022.2
8432.09
12575.2
15366.4
11804.3
16507.1
8445.26
6179.44
7719.43
6134.7
21430
19517.8
15187.4
21106.6
11057.4
7668.12
5308.81
13341.9
21527.3
20227.3
9302.95
9473.89
5878.94
13347.8
14251.9
9199.3
10524.5
7265.05
29295.2
7708.36
11137.1
29607.1
8333.55
11147.4
26832.7
12769.7
30406.8
14774.5
14620.2
10657.5
14362.9
9699
5176.76
7953.73
7917.11
10416.7
8239.04
19534.1
7782.6
27848.7
8563.21
13493.8
11239.5
10555.8
15133
25025
9433.31
5891.01
18387.7
8358.48
18780.1
11744.5
11767.7
11110.2
20145.7
29096.9
16539.6
7234.04
9423.77
4519.87
21249.1
9367.2
8139.12
8456.43
8361.69
10882.8
47753.9
14463.8
7337.44
7721.11
12184.6
6528.4
11443.1
16673.7
30709.3
10249.1
14922.2
6607.71
6244.3
5516.91
6936.19
17964.4
10718
43452.4
9151.61
9786.55
10479.6
6777.71
24511.7
5700.91
11913.6
24002.5
9446.41
6537.88
8839.45
16922.7
20434.6
6845.53
12627.5
14333.3
25343.1
19751
5458.7
31699.4
14263.6
17323.2
14011.9
9511.27
8322.73
9457.25
10866.1
17854.9
21265
15119.7
34003.9
9701.06
9799.78
4783.7
13651.9
14853.2
9152.09
32198
11649.2
13907.7
54606.3
12263.3
10860
16153
8436.99
6873.76
14961.9
14939.8
14719.9
14840.3
7750.69
14340.9
11850.2
7504.38
6444.46
6009.13
13948
14343.7
44753.5
9166.63
8097.88
15682.4
5967.58
15807.1
11851.9
20745.9
7335.09
17938.6
15322.9
17118
5371.27
11100.3
12071.2
22584.6
22332.5
21456.4
14687.1
6789.02
12234.8
10896.7
30758.2
19119.2
11018.6
12606.4
9814.78
22435.4
9415.52
6611.7
10102.9
11195
7030.62
6301.82
16907.7
20937
7501.71
11822.5
29447.6
15691
24633.7
8016.89
27008.6
18729.9
9348.39
10392.5
11927.2
67441.7
11168.3
29179.6
10354.3
11238.7
16474.8
6506.93
12176.2
10238.7
20007.5
7623.03
9388.56
8386.99
12841.6
15127.3
10203.7
13658.5
10403.4
8353.2
11234.2
6723.8
14009.3
6198.65
8746.46
16275.3
16391.9
9532.36
14014.1
13950.1
14732.8
10926
9376.36
6750.75
5339.26
10653.5
20725.4
7544.7
9251.46
13198.7
8553.4
7376.02
12665.2
7212.17
13137.5
7467.69
11488.1
12792.4
6427.93
12834.5
9243.54
7172.96
11301.9
9841.3
14813.3
9204.94
15003.7
11158.8
4830.88
10553.2
10661.8
12572.9
17187.4
6335.49
7692.75
13449.6
4931.93
10305.3
9178.96
14406.8
16491.1
8505.46
28986.7
9090.2
7627.7
16814.2
6351.31
13729.9
16273.6
9754.51
12668.5
13784.4
18666.9
8546.14
6411.11
13681.1
8048.53
29684.8
8990.57
7400.8
8637.89
19573.3
8384.08
7210.98
10583.1
4151.95
9198
16070.9
34720.4
12327.2
10846
13866.5
10332.1
16370.2
8752.56
6141.94
8102.3
6055.97
13538.7
21616.6
12681.1
8295.14
10085.2
7156.16
24163.9
8136.55
7902.96
23910.9
57827.6
7348.07
14149.4
21278.7
33146.4
20759.4
12345.3
7147.43
14485.9
17364.1
12787.4
12339.6
13257.6
13761.9
6562.81
15019.4
11647.4
6196.24
14879.2
22903.1
9521.9
7236.66
8745.31
9894.23
10296
14621.8
4508.29
11235.2
10889
13454.4
6660.18
4591.94
14293.2
8147.42
16260.3
10321.8
11178.3
19255.9
7948.64
7830.4
29865.4
15766
14164.7
4921.93
5724.37
7571.73
17402.6
9331.59
18747.1
8124.37
12993.5
25281.3
15619.1
23320.9
11456.2
14410
14968.8
19568.4
7380.95
16811.5
6806.11
11192.5
6047.87
6104.53
9193.54
6956.78
7411.21
7929.18
8326.84
14453.2
27805.5
9596.68
20659.6
9819.13
8901.81
17669.7
14085.2
9832.64
36787.2
15018.8
5872.59
6337.94
6809.1
14788.2
11774.9
14019.1
18118.2
5568.52
12142.1
22559.5
8778.08
6409.11
9534.21
4397.37
9378.37
22875.7
10464
16786.5
7974.25
37289.5
16597.4
10750
16605.5
16484.1
9460.37
13629.6
11114.3
12644.8
18714.3
13381.2
33241.4
5698.85
20569.2
7630.48
9323.86
9905.83
17305
9894.2
11380
10305.6
19013.3
19422.3
7455.34
4783.18
6861.86
22789.1
6681.08
14499.8
10071.8
9381.82
79182.9
7260.61
9254.37
20327.2
19074.3
12488.2
7490.5
4043.27
12273.8
7574.26
7953.35
14507.2
5014.81
18592.4
8417.1
10085.1
9103.81
15377.9
9853.01
14096.4
7365.12
6481.21
12768.6
13078.6
17668.3
10340.8
25373.4
6687.89
4631.43
10818.5
11238.7
11922.6
6803.71
8808.05
8602.31
19111.2
6221.85
7441.76
7934.15
5711.87
9666.63
20944.2
10230.1
21624
9036.72
9284.42
12917.4
6040.23
5976.95
22989.4
5596.1
19943.3
5518.56
4228.42
20574
12903.7
21157.3
5038.02
15114.3
7688.86
15387.8
6452.18
6599.59
4953.76
7984.23
12371.3
8681.76
14482.3
16835.5
4972.3
7251.37
10481.1
7521.65
12087.5
11033.4
25666.2
14805.6
10248.1
16539.2
14736.2
10296.4
11137.7
7625.48
17402.9
34424.6
9274.79
4227.33
7402.1
24452.8
14888.2
16134.2
9054.19
20752.6
16088.9
9759.14
10583.9
11689.7
9162.46
12249.2
22829.8
19222.7
32689.7
20449.3
35872.6
7874.41
9536.47
13485.1
8986.73
8736.43
9071.71
12474.7
10368.8
36364.5
14534.5
6401.4
6348.99
28080.2
10347.9
9448.21
9814.63
10269.9
6035.93
20182.5
13643.9
8237.38
14804.8
9820.47
6943.49
10269.4
6623.97
13534.4
11209.9
7841.07
23286.1
16547.4
9103.53
14193.2
11278.1
9112.01
31035.7
14124.4
9196.02
12089.7
10625.6
29347.7
5616.11
19155.4
4825.72
11432.7
13617.1
14035.2
11920.2
10409.3
26288.1
27803.1
11987
9118.57
7337.05
8055.32
20580.8
10462.4
19640.1
47522
25154.1
3399.75
9383.54
10540.5
18618.9
14702.8
12718
9268.86
4537.93
23345.7
17011.5
9627.71
5869.31
5259.09
6673.65
17266.8
14682.2
20992.6
18064.5
8545.28
5292.89
10362.5
6675.62
51070.6
9809.91
20043.5
6597.69
4501.78
5075
18675.4
7072.39
10432
9006.46
9080.31
10898.2
6915.88
8602.64
8939.4
5336.48
22314.9
13853.6
18275.1
10835.9
22214.3
27264.7
13236.6
12761.8
6393.11
10750.3
7346.66
12345.2
6400.92
6594.39
12086.9
9714.21
9276.78
13110.1
12108.1
10978.1
9938.12
9765.79
8743.25
7317.67
13218.8
8972.08
16517.4
13405.6
12318.3
5519.79
7625.86
12751.3
12520.1
5337.3
11135.9
15437.8
17581.9
8219.01
32763.1
9080.8
7733.1
6860.24
6153.32
17918.7
9178.46
20265.5
8089.49
12909.3
8784.91
14393.8
9962.09
14861.4
9090.95
6493.38
8477.67
10436.7
8259.08
9828.7
12067.6
11637.5
3940.73
26876.4
10279.1
8967.33
10865.7
14550.1
8968.01
8403.87
12303
17366.8
13885.9
25178.1
15924.3
7726.33
14764.2
16397.5
21710.7
32492.4
4203.94
14444.9
10110.6
4931.87
9511.37
10886
12631.1
9691.48
10190.5
7316.79
10451.4
14039.3
8509.81
13187.3
9090.74
17123.4
13912.2
14937.3
9702.52
17495.9
26713.8
13589.2
11625.6
19184.6
9207.21
9303.61
7946.89
16923.3
16870.1
9542.18
11544.5
11126.3
13305.7
10979.9
16108.7
11880
22359
9174.34
13648.5
14657.9
5183.42
11685.1
8201.73
23235.6
9537.05
9066.29
27928.2
5927.51
6987.21
14452.3
6835.18
8935.7
12747.2
9844.14
27900.4
19368.6
19523.1
10084.7
28910.6
11213.5
4279.58
13590.5
9512.19
7044.89
26560
10805.8
19024.4
39780.4
15137.6
21693.9
7668.67
17887.4
12842.5
11308.5
6055.84
7199.52
13596.6
25401.2
11077.5
8851.79
13551.9
6578.06
15676.5
19073.4
9794.73
17299.1
13201.4
4815.45
6475.25
17286.3
6358
5603.21
8933.53
12213
6720.34
18912.1
6944.66
11096.9
11833.4
8836.92
25936.3
12112.4
11583.2
23118.5
9265.37
31208.4
15611.9
8842.67
9990.4
10327.2
12815.5
8451.66
20348
23118.1
11472.4
17271.3
11417.1
11915.7
6917.22
6411.77
10576.5
7474.74
29077.5
15521.2
9214.94
21946.4
7868.64
17862.7
7963.78
8353.24
14031
31596.3
19073
7512.35
11863.5
6995.2
12113.8
14989.3
22916.7
11520.4
4482.15
10323.9
14226.2
7796.22
13132.5
4676.84
11529.9
75651.3
10773.3
10777.7
18354.7
15675.2
14594.9
12488.3
7107.54
8169.05
20936.1
19129.2
13225.7
12192.8
8378.16
16846.2
7118.93
13586.7
6550.36
15801.4
8981.82
11167.6
10737.4
5095.09
7409.71
9393.49
6857.87
16305.2
9180.71
11714.5
17239.1
25679.4
10290
15449.1
8487.29
4757.75
35035.6
21640.3
6562.32
33859
16669.8
7282.56
11263.3
23819.8
13920.7
8975.67
8923.03
11045.2
20613.5
12863
6734.03
9308.65
20601.4
19868.2
8613.51
12661.2
25345.5
14268
17797.5
13925.9
10141.8
11005.4
17818.2
11434.2
25766.7
16441.8
8657.29
7417.87
37123.9
6016.91
6520.23
6683.3
34466.9
7274.71
20112.6
8374.64
6277.86
11573.2
15777.3
13146.4
6443.84
7083.27
5659.84
16115.6
11356.2
5875.89
8517.87
14239.5
15307.7
17310.1
18284.5
13920.6
6893.39
3684.25
60988.1
25523.8
12978.1
32633.4
20022.8
5699.17
15630.8
11194.8
24506.9
15399.3
20567.1
16109.3
9640.38
12456.4
5620.88
14939.9
6148.4
15059.8
15180
8381.85
15032.8
8168.96
25415.7
12593.3
10689.9
6825.98
9702.11
7461.61
15008.4
7959.67
11023.1
16556
11993.1
11547.7
25254.7
9650.1
8421.47
15921
8623.33
12253.8
11038.9
17022.1
14949.8
16871.8
10072.1
16422.7
10474.2
15499.5
12530.2
16366.2
14842.6
10222.8
18717.5
19951.1
12059.7
13821.6
10859.4
14335.1
10759.5
7976.59
16507.4
14129.3
10456.9
19255.9
6075.95
12730
12251.4
6750.66
8866.13
6306.41
6551.9
15780.6
15821
7288.63
11266.1
5261.77
11954.4
23429.5
16645.5
21687.8
9905.33
18076.6
29005.5
9407.7
18909.1
25154.6
21808.2
20696.6
7426.48
16399.3
5288.16
10239
5256.88
20379.9
6613.14
6903.89
20191.9
14064.6
17509
9627.12
9415.21
9501.59
19451.5
8595.89
12711.6
10548.5
9408.66
44913.5
11415.2
6012.47
8299.09
4939.77
10069.8
11399.8
7248.26
5552.72
7844.25
11690.7
7989.2
8119.77
34586.2
9852.56
6644.78
7457.14
17255.3
12542.3
7224.48
9210.08
10260.2
12753.6
28702
8302.1
15020.3
9905.6
12912.4
11353.7
8663.13
14412.6
7136.68
35367.5
26103.3
5209.45
14744.2
9297.08
12412.1
20890.2
27176
7297.07
14774.9
60856.3
11291.9
6573.78
10153.6
29513.8
6840.41
7547.53
15803.7
5224.44
31003
7616.95
7365.19
9600.23
8589.37
15241
5570.43
30986.4
16405.9
17451.9
10839.3
9476
9514.9
6451.31
18782.4
15470.9
8432.86
7835.5
8332.01
14247.1
9108.69
7961.1
10759.9
19351.1
8643.84
31129.8
13235.2
10078.6
38933.6
8169.29
14648.4
11173.1
10881.8
29689.7
15983.3
6872.01
9675.31
16189.5
14762.2
11610.5
31932.2
5808.79
9663.31
9790.81
5265.43
37311.3
15191.9
7043.46
12183.4
13436.1
21917.8
11438.9
11572.2
10713.2
30380.8
6875.07
9139.18
8711.7
13006.6
8215.33
13527.6
8127.27
5050.09
9225.83
13325.8
13475.8
7437.41
15162.5
10065.6
9676.27
20648.8
16695.8
9025.89
12486.1
24997.7
8589.96
14973.7
26962
17478.6
18784.5
18759.4
5608.77
7470.26
10691.7
11616.5
4769.57
8028.63
15563.6
6411.77
19461.5
17816.8
7183.49
7322.43
6612.39
7744.67
8459.92
18119.8
6437.97
10221.7
19772.8
15622.6
12810.7
28009.6
10702.5
15137
15142.4
31852.7
5963.35
11583.6
30539.3
19415
9764.55
17150.5
19385.6
18082.2
24586.8
4716.04
7827.3
18545.7
9932.99
10990.1
28308.3
15218.1
72834.1
10587.9
9157.85
35099.3
6963.37
10983.2
16474.8
35773
9258.69
7949.68
9798.16
10087.4
5802.38
5945.96
8902.85
42325
7858.26
7494.06
11516.4
8718.36
11802.3
6441.04
32715.9
10960.5
8597.22
7187.66
13967.8
28825.5
13356.9
5523.72
19380.2
9153.86
8099.75
14804.2
12948.1
17150.1
8343.13
39400.7
20717.9
9059.06
27843.4
21421.8
14129.5
5430.35
16006.3
7630.99
5931.38
18464.6
59098.8
82257.7
11589.4
10168.9
22400.3
15730.1
10037.9
9691.06
17638.3
15753.2
23227.5
24530.8
27076.8
13420.7
7888.19
14486.4
6809.15
28602
9315.42
5360.06
10831.6
34371.2
25198.4
12650.7
8190.77
14399.7
4084.12
12980.8
10664.6
12594.6
7736.54
7766.42
9090.19
13670.4
29275.4
14452.2
11992.7
15281
9626.06
23042.1
12636
52565.4
20974.4
40299.3
10062.9
19277.7
6850.42
6485.26
10966.5
23295.5
10529.3
6422.94
69912.7
7987.39
12851.5
7008.8
12040.8
17266.3
13343.7
7288.77
25187.6
6710.01
21886.6
10745.1
19099.3
19480.1
10932.4
12857.5
16379
8741.63
26146.6
36834.9
11465.3
9645.69
8330.94
7054.12
17108.7
12218.2
8126.67
10531
13406.4
7228.65
7632.09
18850.7
32056.4
9696.49
20335.3
14668.8
18781.6
10197.2
13060.5
4342.4
12355.1
38482.8
13861.6
10105.3
12273.3
9322.07
6331.11
10093.1
5491.2
23289.2
6066.17
26450
11736.9
8840.04
10644.3
23656.9
47940.6
6735.88
36421.9
27964.2
7171.58
25249
12213
7208.4
7614.6
7474.76
9787.45
6876.97
5495.91
17360.3
27643.6
28164.7
7792.82
8773.52
8189.73
6130.3
21525
10154.3
7968.3
19378.4
9398.93
13067.2
10596.5
7115.48
13807.5
11677.7
12124.9
7362.66
17956.8
6115.66
7569.63
10993.4
12830.3
26332.5
8484.78
13356.1
8067.12
14205.4
9265.66
8854.81
7231.3
29261.7
20193.2
9222.25
11828.8
25918.1
15488
22781.8
12142.7
16902.8
8289.54
10067.2
11390
9381.17
10983.3
78131.7
8987.29
6826.23
6065.01
12284.4
10701
13213.1
46266.1
11825.1
17506.3
20147.4
19311
18410.2
5417.51
11019.9
15433.6
8066.34
9527.64
15904.9
8437.88
8350.96
7974.09
9152.93
11986.6
24897.2
8164.57
13388.5
12842.2
35010.3
11315.2
7173.67
7536.54
9321.11
27998.1
8038.91
6992.35
4869.93
7510.63
5143.51
18456.9
42595.7
9924.13
20598.5
8194.23
10191.8
20049
14148.5
9754.4
8502.69
19933.4
11479.1
5716
24319.7
6190.01
15802
22510
11216.5
8181.2
5553.39
22224.6
17152.1
11835.6
9135.04
10716.2
8014.92
16805.9
20755.5
29611.8
13411.4
8597.32
28952.9
17091.7
7407.7
5680.58
6833.65
7372.49
10517.3
13869.3
18416.4
8969.2
9721.31
13273.2
13772.7
8783.46
10540.3
11887.4
13219.5
8338.95
14013.9
8934.84
15341
33636.8
16787.6
8908.84
7947.46
16696.7
22301.9
11206.7
11424
6326.92
11472.2
19038.6
10884.7
7534.16
12039
16437.7
10801.7
12054.4
22213.2
9862.91
5489.79
13425.5
30345.6
14316.6
14286.8
8429.95
6775.55
7489.4
9308.19
8831.14
19736.5
16673.8
4278.67
9398.25
7194.75
14749.6
9911.02
9961.13
10808.7
6056.33
15417.5
6671.32
15872.3
7151.8
8565.21
5760.54
16372.7
16584.2
10893.1
8466.59
16803.9
19787.9
10852.2
10238.6
12823.5
28960.4
12021.4
11790.4
5333.04
8511.07
14932
17234.7
19413.5
59248.4
16522.5
9450.38
9408.35
10552.7
6240.41
8405.18
20843.3
7061.68
7150.18
7031.23
28489
30168.5
15535.2
28528.4
7442.24
15337.5
10293.7
9559.55
22282.1
6373.17
6673.29
11876.3
17530.5
8273.58
6430.44
20084.8
20452.6
9065.45
9704.71
22978.6
14774.1
13377.5
9127.12
9642.22
6098.63
22984.3
9751.29
11046.5
19176
18758.2
11965.1
13263.4
10257.8
11696.7
7422.35
57520
11347.7
11992.9
6588.53
6409.74
12149.5
8618.76
10495.6
9447
6727.05
6280.68
15442
6227.21
24811.3
12480.7
5704.04
9146.34
16130.9
16240.3
8404.03
35100.9
7969.58
33030.2
8708.97
14249.4
11206.6
7488.36
6435.12
8611.05
6392.04
14600
6421.31
13676
10916.2
10274.1
8847.08
7138.69
21209.9
5425.74
13389.2
6901.91
30354.5
27601.5
8613.5
29306.7
30307.4
12354.6
6152.27
13748.7
8518.18
6251.12
9235.12
10216.2
10925.2
8052.39
20235.6
18645.8
10279.1
23555.1
16048.9
15869
7990.15
16744.8
26118.7
5784.8
5987.93
13158.3
13126.9
12425.8
46868.5
8468.57
4400.99
11717.1
8202.4
19272.6
11754.9
22754.6
26937.1
20564.6
10349.9
20863.9
16831.6
7294
4658.68
15230.5
6725.77
16505.5
10223.7
10993.9
6256.84
10017.7
8934.51
15329.4
10876
13226.7
8969
16975.3
35369.9
17096.3
8322.01
9088.88
7726.09
7340.74
12779.8
26837.2
8828.34
11317.6
7544.88
9649.53
5645.83
10528.5
15608
9648.39
15507.8
9193.81
26360.2
17200.1
15212
18628.7
14797.3
10535.9
9597.21
21830.7
20548.2
5928.92
11914.5
15236.7
5093.98
25710
14540.1
10377.6
9875.28
6882.04
14333.1
8448.31
7690.57
28260.6
15171.3
5504.72
9661.6
12987.8
11790.1
16492.5
18955
9156
6542.05
17762.3
6495.74
7198.63
6263.93
25655.5
31885.1
10648.3
8540.84
7412.31
8107.97
17681.4
9241.22
13088.5
24634.1
35307.1
25158
12305.6
15408.2
18681.8
10419
13159.8
37090.2
26457.1
12352.2
10270.8
6029.91
18001
9426.69
6718.63
9402.99
10809.5
9194.11
17673.9
16084.8
8964.44
8027.44
7807.29
16458.2
7298.18
13254.7
19590.2
24731.1
22455
4623.37
12263.8
7145.41
35407.9
14984.7
8677.22
29157.9
6849.17
5957.86
13569.1
31203.6
7746.12
17022.8
16656.9
5655.28
9801.63
44142.3
7047.92
8241.11
7717.6
12669.9
20277.6
9245.2
10421.3
7145.57
9464.34
9281.38
11510.4
33703.2
42846.7
12224
22027.8
12714.9
9664.08
29351.2
10764.8
15036.2
9530.49
9404.25
11849.9
50125
11091.9
5899.17
14770.7
21507.7
6805.24
23420.6
9141.65
7756
31717.9
9350.21
32414.9
13866.5
10430.4
12167.1
6480.95
19545.2
16942.3
11544.7
10616.5
9385.14
11565.1
8029.65
18986.7
12953.8
18756.2
9550.91
13850.6
20064.6
12294
6002.53
14743.9
12531
6477.83
7964.25
10432.4
9569.78
10909.2
6891.57
9548.93
9273.55
64451.6
9283.25
84495.2
6952.57
10855.9
9563.88
6736.74
10017.8
14279.4
19266.1
7589.49
11059.1
7482.47
35635.7
7936.58
7471.5
6630.51
13211
11254.2
9053.6
12588.9
10532.7
34797.5
28138.1
29035.7
9525.01
6312.14
9159.25
8201.75
42301.5
22080.1
53708.2
4950.75
8808.21
20282.3
15012.6
7405.93
6545.12
10563.5
10367.2
13169.9
13263.7
20651.3
8769.08
9027.09
6064.74
8070.7
13855.4
36605.4
21671.8
22744.1
7634.17
5939.49
12059.6
4798.14
28359.9
10547.1
5452.54
7752.59
13619.8
17820.8
18544.4
13588.3
19211.2
45012.1
7911.65
21549.7
7489.39
35743
8616.52
16418.1
11929.4
21313.4
5456.08
26308.6
9205.16
7321.66
6897.04
8757.06
6303.88
8673.92
27970.5
13843.9
8281.17
12035
18303.5
16548.2
20032.8
22715
9736.85
23339.3
26224.5
26401.8
19396.3
5363.91
25144.2
32812.8
9353.73
8628.66
15042.7
8432.97
19556.9
13024.9
24392.4
6546.7
9220.56
25380.6
15532.8
8226.8
15222.6
6013.38
15438.9
17690.5
6006.68
9109.95
7966.14
6483.24
16059.4
12218.3
23060.8
24447.1
16973.6
10866
9696.11
6300.44
8604.47
11352
22759.2
8402.58
13994.8
10800.9
12446.1
11448.1
6652.61
14452
21861.5
27728.1
20158.9
13855.5
15970.2
13497.3
16545.2
8278.71
10656.7
15362.2
6380.23
24034
25160.5
7118.78
12187.5
30177.6
9759.25
15725.9
14425.8
8811.62
15775.1
13301.6
45189.2
9268.07
5859.98
11351
11596.3
23648.1
8162.15
15509.1
53798.1
17902.4
6087.99
11133.4
17307.2
13867.7
30671.6
14968.5
23653.6
12174.5
9492.74
13311.9
7820.62
29692.9
27299.8
15791.9
23342.8
7737.37
5934.86
23056.8
15777.6
4166.83
9080.82
4308.77
11807
9652.16
8886.98
4707.04
9586.74
16232.3
8816.89
14439.4
6287.46
5759.92
14805.2
10517.6
6438.77
19603.7
8710.01
30981.9
17730.9
5065.78
7140.53
6715.02
13517.6
9432.48
5005.11
14436
11362.9
28838.9
26239.1
9454.87
22369.1
8567
21140.8
8514.17
14451.1
12321.3
7188.68
5921.32
11467.6
6959.96
11675.2
19489.2
7229.57
10483.1
10334.1
19228.2
16789.8
13440.6
11772.6
7997.17
12880.9
9894.82
25533.9
28446.7
6941.87
9644.66
6449.24
8316.64
8136.27
13019.7
12462.7
7122.7
22366.6
10579.8
13645.3
11462.2
8013.64
8491.53
15398.9
8704.1
14876.6
8771.6
11636.6
12248.4
19591.5
6932.72
9887.37
7483.25
6095.85
10816.9
4851.86
17916.1
8173.94
7198.32
5343.22
18409.7
19487.1
6110.84
7855.97
9756.46
8934.92
13454.7
28308.3
12294.8
5740.79
8701.47
4083.96
7151.51
7866.62
14947.5
14095
6953.23
30977
9245.21
10518.5
7831.21
7054.65
15136.6
8813.81
7520.7
18614
6186.61
7992.76
14701.6
22587.4
9516.98
7197.85
9772.53
8936.91
15724.4
17730.3
21467.6
19642.6
10961.5
13827.4
16252.4
16632.2
5139.23
16994.7
16089.6
18072.5
9220.88
9793.54
14981.2
10386
9998.67
21191.9
12758.9
8083.04
16499
15064.8
10471.8
29720.5
8038.97
6728.48
8599.21
9074.6
20404.8
9515.61
14949.6
14743.8
6976.53
16489.7
12451.2
13368.5
8914.21
17182.7
7022.65
17090
13337.2
13333.4
19329.9
10523.7
5093.49
12524.4
13249.9
7659.01
6613.69
14993.6
5957.61
15640.2
12146.7
9106.45
25973.6
6336.03
10109.5
9629.02
9979.54
5950.61
9634
15213.9
8883.21
6284.88
9168.94
11231.8
13514.4
16886.4
29494.3
14490.9
37974.3
11302.5
61352.3
14727.9
14062.3
13434.5
10679.9
11627.9
17099.8
14266.9
6663.03
9128.67
9512.88
28955.8
9120.28
14607.7
24017.5
9166.69
32496.1
7787.69
8244.16
8484.44
22299.8
8993.24
22919.1
12310.5
11502.2
9843.76
11291.6
5622
9252.58
14081.8
14294.5
14834.5
7534.54
11992.4
7166.89
7657.5
6345.83
15111.5
16348.9
11306.3
13293.3
7075.43
13163.8
4962.45
10196.4
11189.7
11645.8
8662.64
12237.7
12840.9
8619.9
7463.48
7338.21
12804.5
8279.46
6797.02
23450.2
12438
7882.44
7536.54
19225.8
23715
7106.78
8989.87
6245.58
14939.9
36636.6
5710.95
8523.26
8383.87
23347.7
26449
5253.86
15878.3
9462.3
9687.46
19458.6
9935.91
6344.35
5844.34
7184.07
22032.4
19799.2
15378.5
7929.69
11064.3
7822.95
12640.4
5985.19
12675.3
9427.68
9571.93
5665
44160.2
14086
9766
9738.8
31547.8
11013.1
12301
15779.2
9519.17
13163.5
8114.19
19133.7
10712.1
13343.5
8257.8
14013
8152.5
7402.84
20430.6
12151.9
5935
15485.1
6947.37
8844.39
11860.8
8541.04
8193.17
12676.4
9562.96
11326.7
10514.8
6697.35
20322.6
7253.83
19628
9412.22
14521.5
8533.77
5242.08
5107.33
5341
11052.8
19276.2
12736.4
7055.76
17840.9
31418.2
28092.7
10089.7
9276.77
30650.7
13442.5
10893.1
12287.3
6637.75
10228.3
43457.8
21833.1
11842.2
10427.9
6550.73
10556.8
9994.88
9663.75
8032.33
6584.76
17191.5
8358.79
11803.4
9670.53
8292.35
8581.09
17854.2
11368.4
8812.54
5823.51
11914.9
29360.4
19186.7
14794.7
7570.18
11130.9
8628.08
6186.4
11848.7
21614.5
9306.37
15228.2
32871.9
8662.52
16129.5
6734.67
7923.67
18548.8
14961.9
11527.1
26265.2
6885.08
7938.31
12442
16838.1
23433.4
9794.25
10223.7
7089.93
10183.5
11851.9
14084.8
6807.73
19817.2
5231.34
6499.97
8608.23
9818.91
11889
26465.4
8909.45
29882.6
11447.3
14068.2
6133.95
6108.66
5887.54
7392.21
8180.98
9046.21
7931.11
14086.7
12535
21103.4
14334.3
10061
8822.6
5226.74
11826.3
20947.7
17305.5
13391.9
11242.8
14577.5
5561.76
14668
14501.2
3471.42
14678.1
17639.5
16715.2
8533.98
7353.58
6148.84
16463.9
13720.4
17125.5
25067.4
5783.42
12915.2
10323
11996.7
11146.8
9273.13
8943.1
9513.21
15890.8
24658.4
9373.89
11473.1
11159.6
8947.32
40409
14181.1
7536.89
7038.15
6902.85
7260.59
9431.25
13259.9
53563.1
5442.48
10584.3
13995.9
13249
21111
10155.9
5766.42
11731.2
19576
10729.8
8513.34
12761
7592.09
12310.5
19973.2
6119.55
6725.78
31085.1
7249.95
20908.6
10180.9
11197.1
11521.4
19007.6
9835.62
14335.3
31238.2
24907.4
16845.9
15454.2
4315.33
12280.7
16043.6
18014.6
11819.1
10650.6
18144
7064.99
8238.94
12610.4
11163.2
16319
11652.3
6135.14
11329.7
12889.3
17710.7
19598.7
6805.95
12407.8
14872
6820.33
9229.8
7014.77
11264.8
9575.93
50658.2
31672.5
8124.51
16119.4
8742.16
5268.07
22738.1
37253.1
17245.1
10914.2
9285.74
19003.4
13198.6
19333.3
6998.35
9278.51
7471.98
14241.4
42509.8
15598.5
8556.74
11870
9873.42
17094.8
12793.2
9248.41
15333.6
26861.1
4585.42
15082.7
24352
9258.22
5206.52
6875.51
8735.94
6541.99
16508
10197.6
19388.5
14772.9
28453.1
17236.2
11328.8
13336
19214.7
12209
6677.36
16310.4
10167.4
17193.8
8075.17
8954.9
6499.65
5206.74
26014.4
17081.1
15788.1
9868.93
6858.38
10129.7
7978.3
18412.7
12936.9
11671.4
10808.3
11367
29032.4
7812.09
12575.8
12424
14771.9
15585.3
40391.7
6071.58
10742.4
12726.6
14336.5
19694.4
5446.25
19722.2
6731.72
7862.39
10723.6
13258.3
8712.18
17704.9
8736.1
9602.48
6815.77
18500.5
7891.45
16046.1
3979.66
17999.6
15089.8
17799.2
8595.59
31089.2
7199.78
7880.96
8194.74
8000.28
7085.72
9665.53
5024.76
8446.58
12902.8
13118.5
13084
12916.4
16585.9
7376.08
5162.33
8677.95
39710.9
26323.7
11698.8
3889.97
5559.11
9799.39
14333.6
11656.7
7677.28
16761
22572
17278.3
10117.2
13120.7
14487.1
13675.1
17524.2
15495.5
18399.3
13184.9
11199.8
7741.74
7217.62
9159.92
9083.23
10684.6
7429.34
10127.8
13329.5
8105.2
34571.4
16044.9
9685.61
10656.2
14208.1
7060.09
11166.8
21962.1
6583.78
17477.9
5200.25
8094
15062.8
11508.1
8697.13
53816.6
8980.59
11488.2
15201.5
7534.86
8623.44
7048.33
8882.22
5574.43
8228.27
11781.9
13601.1
9746.57
4457.29
11836.6
5382.01
15556.1
5323.25
6733.37
7879.82
8176.67
7112.62
12699.1
19522.6
14229.6
13528.9
29345.3
29585.1
27373.4
9480.74
12152.9
7204.78
8394.76
10191.9
16820.7
21602.6
15274.6
17420.7
9173.45
10878.7
25142
11174.5
13735.1
9090.4
16446.1
18292.5
7410.63
16109.3
18885
10323.5
10747.8
24019.3
11044.5
32110.3
17254.7
17939.1
18457.6
7164.42
8357.9
13700.6
13761.1
6465.55
17370.9
8420.86
22599.8
9376.42
6260.45
11076.9
15289.4
6076.11
18386.8
8789.34
20237.7
10777
8956.32
7647.97
13703.3
17162.2
15138.8
14744
6080.17
11334.1
8341.98
10950.7
7446.16
25596.4
42160.1
9772.9
5175.52
14204.8
9584.76
7646.94
7928.82
6500.79
32915.5
55790.3
12186.2
8626.12
7241.88
24404.9
9297.77
16343.3
7588.65
10342.7
43047.6
12438.7
12791.8
11686.7
17180.9
16724.1
7411.55
8871.15
12410.4
11640.2
11901.2
14945.2
14196.8
15023.4
7784.51
19822.9
16407
7569.35
5277.32
26031
7680.72
19431.9
8747.37
7347.6
7769.91
6470.85
17035.2
18836.5
5023.42
11542.8
12647.3
31322.1
27038.4
4387.17
5376.86
13983.4
10318.9
5942.23
26859.7
22417.9
12103.5
13281.1
10409.4
8816.96
7013.08
7069.51
10657.3
23708.7
11058.7
13151.6
8789.69
6864.71
17718.1
10903.2
7721.44
4917.01
20143.1
23137
13011.1
9122.92
7098.79
9364.85
12259.8
7113.26
19324.2
14328.7
16270.3
13408.4
9958.55
7266.32
18547.7
10667.7
6805.84
17778.5
32154.6
14334.5
10078.6
10088.7
8793.9
8915.83
20173.1
8423.49
10220.2
6819.8
7344.54
19713.8
16653.7
14946.9
7912.03
9670.4
6716.46
10897.2
14235
7409.16
7009.71
11945.8
13591
7321.42
10263
12664.1
6820.29
9009.59
28836.7
14460.2
7416.28
9909.85
7917.62
9321.19
11275.1
16953.6
18105.6
14585.7
15241.1
23182.1
5862.48
14792.6
6381.96
10147.3
5417.71
8040.2
11950
5308.78
15494.6
10006.3
6795.48
30867.5
18024.8
46697.5
7817.51
17725.9
17532
6227.52
12707.1
8339.47
33346
10099.8
30816.5
16810.3
9668.7
14421.6
13947.7
13491.7
10276.9
17583.2
14455.9
13629.3
8869.6
14112.6
12523
6078.72
8588.33
21493.3
14847.9
39796
31443.9
11483.7
5273.81
7997.19
8473.25
9207
9393.05
10774.7
18906.8
18562
17118
7758.68
6465.57
9037.89
14068.7
7948.1
11172.9
10822.1
19514
9544.76
7455.94
20242.3
32383.5
7927.12
8896.54
29726.2
10055.9
12139.7
8434.93
15422
8762.86
13142.7
15413.2
8874.76
12135.3
7493.22
10988.4
15828.3
9351.61
20860.5
6398.19
10849.5
6545.53
11436.3
18065.3
6632.84
12476.2
10034
9151.87
5771.46
27091.3
13023.6
8910.47
8462.99
5404.66
11854.5
10160.8
8474.62
13894.2
9280.01
6473.42
7406.9
11497.6
10938.1
8040.68
7815.07
15715.9
30357.1
7437.34
19039.7
10493.1
8670.12
18682.5
8812.38
6607.59
10311.7
5844.71
8040.35
9258.24
24729.1
6303.41
12944.2
14087.4
12601
6324.38
13997.1
11785.6
7925.84
8346.53
9739.85
22581.7
17403.4
4720.57
15938.6
8574.73
20928.2
18729.7
11796.6
9163.58
27345.2
28084.2
29885.4
10132.1
8795
10232.9
13440.4
5501.06
9303.9
14792.2
8752.69
6871.91
10456.9
29979
12968.5
7706.49
11529
29221.9
7820.49
13486.4
6207.05
16572.9
6072.57
10862.2
6812.51
9362.89
8790.08
9005.37
8329.96
12861.7
27287.6
7086.37
8339.1
8323.03
13812.4
10854.5
11539.8
33736.2
15999.4
16528.4
8705.62
9194.69
14126
7260.9
16597.4
16609.3
8097.39
5875.92
10898.6
5574.23
20827.7
14660.1
9014.39
21408.1
8197.46
14286.1
12330.3
11633.2
4602.18
8046.09
19187.7
11003.1
11532.6
9221.95
25898.4
5669.85
10751.8
13232.7
6616.63
8628.47
24262.6
7282.17
14011.2
40552.2
25767.3
8419.69
18699.2
8003.63
11495.2
13223
6954.41
59496
13095.5
15164
8363.21
11716.5
16950.3
14290.1
16174.9
12224.4
13619.2
10887.3
7874.02
8266.18
10080.7
4982.22
21851.4
40673.2
10988.1
9653.39
15602.5
5307.81
17879.1
5393.13
6965.2
16969.8
13566
14969.5
15197.8
13199.8
7140.12
7582.79
8699.94
18018.2
19132.8
5007.81
24362.6
11077.5
10159.7
8129.63
8524.13
8129.63
26294.3
9471.55
59615.3
14837.8
13013.5
8371.27
12109.6
8263.44
15810.9
10200.1
15360.4
7492.36
25207
23006.6
9074.04
7970.88
7033.21
28823.6
9895.52
18271.5
7327.45
6328.43
16505.7
27936
5963.88
29877.7
6515.75
11420.2
20450.3
10556.8
19650.9
13283.4
10516.3
8798.08
11735.9
9666.1
4388.24
9775.67
15311
16037.8
23469.6
26703.5
12183.2
7474.41
5645.87
18717.9
13294
36515.2
12392.7
11597.4
9855.43
10458.3
13181.3
8475.19
7631.44
8679.43
16588.9
11470.4
11809.8
6092.44
24504.8
6520.54
10689.7
11639.1
19392.4
11427.9
29074.1
12058.9
9962.19
18885.8
29187.2
19736.1
7962.58
5975.31
8983.78
5144.73
15941
19206
15139.3
13944.7
8259.41
9121.16
13178.8
14500.7
12564.8
6836.42
8888.98
6585.41
14332
8792.14
10722.1
21582.4
13156.2
7965.45
13500.6
8673.81
5036.88
6828.71
20790.1
10585.6
46388
19772.1
9934.99
7905.87
8350.45
26045.9
15722.3
7659.42
14593.7
5883.64
13345.2
15478.9
30001.2
11696.8
24092.9
10751
15458.8
5405.65
16177.9
11750.1
11306.6
11562.3
15414
5800.96
9405.14
15140.7
14515.1
12909.4
8666.46
17148.7
16842.4
12003.7
14978.3
6324.07
5192.2
30027.4
14276.9
21578
13111.9
16542.6
28282.5
8594.59
15452.6
12213.4
10435.6
6141.67
18435.2
4268.51
12003.4
23895
10460.4
15184.3
12322.6
17126.7
14562.7
25498.2
9414.82
5441.88
8964.1
16638.6
13562.2
45379.5
11362.6
13114.7
10364.9
14142.4
9740.61
8962.44
5203.39
13047.4
8709.85
15037.6
13106.5
14327.4
15786.6
5688.44
18256.8
86238.9
7178
11833.8
12023.8
7846.12
11429.1
17036.8
10797
8037.97
7433.8
11229.7
15105.8
13275.4
16077.7
8456.58
16612.8
10418.9
11095.3
16399.4
7997.67
6977.81
7035.66
9656.26
39146.6
6142.53
18853.2
5305.37
15209.2
47694.1
6564.74
6694.53
19424.9
7383.41
5887.02
10831.3
12748.6
6308.38
10495.3
9242.39
18027.6
7656.35
38044.2
20197.9
8307.66
8867.95
13229.3
10889.9
8274.17
25563.4
11834.2
9604.5
11402
15660.6
8531.78
13414.9
19319.3
4629.1
10969.3
6886.14
11019.5
13732.8
6480.55
6611.57
9711.89
17330.5
15955.1
19528.2
28577.7
8507.51
11511.7
8620.57
9543.87
12584.9
8301.89
11443.5
9020.71
7710.34
38479.9
22015.6
20007.6
7132.22
17215.7
12302
27778.5
6352.58
8718.06
8551.86
19553.5
7395.94
14036.9
12331.2
13236
10710.2
15167.5
7868.36
7389.31
15451.7
5271.12
10204.2
9588.58
7081.11
8833.3
14252.4
9123.64
10634.4
6647.13
13830.8
5380.32
6088.6
11303.4
5555.68
7372.66
9373.25
35109.6
10310
7911
6406.21
9804.35
12078.9
15058.1
49724.1
49557.6
18591.4
11875.3
12674.2
9765.4
16354.5
9869.42
20909.3
9865.71
13215.4
22639.2
12431.1
8338.41
17981.3
10587.3
23571.9
12374.3
16493.4
11841.8
15554.6
7490.2
10669.3
24977.7
16151.8
19520.5
24710
5654.28
14889.7
16526.2
12008.3
14263.5
9417.26
10412.3
17055.2
13830.3
27247.5
12178.9
15461.8
20091
12432.3
8940.66
22354.4
6769.66
8491.37
28508.2
14930.1
5721.91
20643.1
16392.9
27721
4563.3
8142.35
9626.93
7123.21
23646.6
11754
19736.8
6559.14
13605.1
13197.3
13731.6
9086.49
12312.9
7556.53
11742.7
13112.7
8774.11
9718.23
5224.05
8830.73
4912.73
40912.8
9432.21
8608.37
5079.84
10259.6
7762.73
40703.9
16239.9
8308.75
10253.1
17061.1
8725.61
21698.2
11283.3
12155.1
11866.3
16323.4
6318.43
11467.8
20034.4
4928.35
15514.2
4495.92
7674.29
6755.83
11941.5
15085.1
10987.3
34079.1
10433.8
14893.7
12751.9
10531.9
21945.1
9123.47
6848.03
9451.82
39424.7
8962.96
9853.85
7139.37
11795.3
5557.21
8883.52
10915
6628.36
21109.7
10603.1
9217.06
12342.5
12622.6
10957.7
11603.3
7348.39
7177.98
8159.32
10458.3
8127.02
7235.62
10610.7
10170.3
8976.78
16691.8
6260.57
13406.2
12779
54553.1
14265.1
22935.4
22644.7
17634.9
14083.5
7553.47
6178.29
11141
16481.1
16641
9524.85
10428.1
18978.8
7592.48
17088
29373.1
9869.61
6177.82
9364.89
5945.61
5958.16
24406.6
11047.7
7452.06
8608.74
9632.9
10175.6
16798.3
7236.36
9366.28
11149.4
17397.9
21328.1
12277.6
8154.63
14669.4
23457.7
12148.5
4964.43
8539.39
11552.4
7276.18
16920.7
15570.5
20525.9
6592.73
30999.8
10139.8
4429.92
5960.82
15981
7087.95
7902
7065.93
11345.9
7694.87
14264.2
4740.86
9306.67
6948.68
8901.15
15446.6
13696.4
22124.9
12961
8501.71
9575.15
6061.15
15625.8
7385.64
17013.7
11280.7
7211.97
8775.02
6438.62
29102.1
7769.05
16083.6
21938.2
7959.08
12388.4
7019.93
10672.6
15244.6
29247.8
9479.65
31405
15199.2
12406.5
15660.1
16767.9
8141.35
11643.1
10851.7
9066.69
13257.9
16252.1
5333.23
4636.32
6046.36
5171.41
10656.7
11922.7
9691.74
13787.4
10486.1
18845.2
19498.8
7621.48
6812.84
26114
12912.9
5620.02
9656.1
16813.2
8088.53
4151.44
16011.4
7680.17
16754.6
7759.75
4691.49
8029.87
20777.9
8374.85
7085.18
9182.33
36016.1
12458.2
7944.14
25722
26157.8
13259.1
18120.1
6806.62
11250.9
8134.05
10356.6
8148.27
7782.7
21705.1
18187.3
10393.6
16006
13142.4
11894.4
16585.3
8713.25
7935.99
21730
14572.3
28359.6
7924.46
35578.9
15371.3
8231.49
22522.8
10706.8
19232.5
11536.1
8927.93
11080.9
7835.94
5909.45
11890.6
7509.07
5606.58
6839.64
16785.9
13765.8
9717.2
9934.74
31549.9
12837
17845
6579.17
6536.56
12007.2
12255.9
7355.12
7794.75
4145.11
8556.65
6243.74
8722.67
12250.9
4584.03
14459.6
10893.8
11624.9
8502.97
11641.1
10670.4
8280.48
9738.23
20671.3
11523.8
14733.3
21498.6
10710.2
6032.82
28211.9
10024
18644.6
9827.99
23137
33865.4
14521.7
9323.67
6706.33
7863.69
10256.9
14165.7
11152.4
5477.65
14454.4
8354.08
9284.98
19596.6
7551.03
13528.1
14569.3
8171.41
7209.54
6578.84
8223.86
5445.37
14884.4
7353.47
6129.77
10350.1
38017.1
10789.5
19799.2
20445.8
9789.75
6061.45
15510.8
10213.6
7219.42
10385.4
9935.7
21581.8
7085.28
8364.91
8402.83
8885.53
7614.2
8833.9
14825
18803.7
5552.91
25071.2
13689.2
8464.64
7618.73
15972.8
8402.24
27441.4
10565.2
10329.8
10913.3
10975.3
20663.8
39573.9
10185.6
16583.8
7853.3
17546.1
11457.9
12841.7
6567.23
10984.3
11354.4
14173.5
14430.4
11830.3
10986.9
9275.86
6791.78
15124.2
18555.7
14291.6
6901.63
4038.37
18236.4
9990.1
16995
8111.85
12912.6
7037.18
12763.2
8803.19
9663.02
11414.1
24491.6
9931.24
9696.25
8155.26
7346.28
7784.96
15980.8
13730.9
13952.8
5898.31
16785.4
19543.2
8929.63
6028.62
12530.8
8145.25
6413.16
7323.31
13448.8
9452.85
23540.5
7833.95
13653.5
9757.2
5588.83
6437.23
11942.9
15419.1
19446.8
22819.5
12477.6
5984.87
10514.3
8371.6
9114.29
10496.1
7974.95
7520.36
10386.9
8920.16
16686.2
5541.42
7520.24
6616.49
30751.1
11596.5
7260.34
7281.84
9064.9
24211.6
8747.88
7308.34
11189.2
5747.34
16097.9
6128.66
8037.85
8388.3
14340.2
46709.4
23034.2
7899.62
7269.83
8612.36
13351.2
11249
14403.9
24344.3
20244.9
8827.41
8422.7
13945.4
8198.57
7030.95
18797.3
16188.5
17762.3
12667.9
12024.4
8547.25
10874.5
13005.1
7622.52
28306.7
10961.8
13187.9
8076.24
7492.46
9507.69
18830.2
21782
23814.9
10540.3
6376.55
11590.7
8333.62
4642.91
7139.13
17707.6
9897.37
12914.2
6404.66
9354.17
8806.76
7526.36
11585.4
19141.1
9863.17
9547.73
11424.6
14266.8
10983.6
7735.06
19898.2
9257.15
49104.2
6738.83
7322.89
17017.6
20744.1
10527.5
8579.34
6024.35
4837.98
8224.32
5937.46
21163.1
11003
11482.8
30484.1
27204.3
5747.72
13019.4
6079.37
10384.7
11805.9
6797.56
12970.5
17960.9
22536.6
8058.29
8603.07
4901.96
22542.6
14171.3
45744.4
9312.8
10386.8
7053.99
14146.7
19376.6
16657.8
10665.7
10207.1
16974.9
9477.71
9041.1
6527.5
6221.62
14698
11595.2
12629
6820.47
8284.96
10590.7
17657.5
7697.7
11563.4
14888.2
12764.7
8547.03
4569.48
8249.78
6565.13
6588.92
18102.5
22419.2
33403.8
7214.86
17052
16524.4
14095.8
6915.71
6891.94
29755.9
15649.1
8740.1
14695.9
8765.91
10645.2
6798.21
18572.7
11984.4
6010.44
9080.54
3994.38
39923.6
16577.8
9054.07
11187.8
14471.6
29005.8
21014
10578.6
40206.2
8733.14
13373.9
41338.7
9580.57
34713
6653.56
7952.49
17004.2
10269.8
16887.2
36730.1
23709.7
18356.6
21102.7
8352.11
6116.46
16271.7
21102.3
11442.6
11880.9
19601.8
9291.61
10154
9280.16
13168.1
8519.56
9629.02
8075.7
7175.87
4970.78
78594.3
9925.23
7237.09
9916.87
61524.9
16064.9
7875.51
7952.29
69967.7
21418.7
15362.9
14700
10546.7
16415.4
19701.4
11776.4
16319.7
7397.6
38109.9
28916.4
13834.4
24743.2
22371.5
6702.93
10417.6
13638.1
9620.2
16323
14208.7
7502.7
5999.4
43250.6
8266.49
5703.02
6412.21
17739.4
28581.7
9709.27
13672.3
8467.53
8591.33
13330.4
5361.65
19935
8244.83
10300.5
8505.68
9908.6
18191.9
7792.2
11299.4
8880.8
9220.77
8557.2
11601.7
11906.8
19110
17638.7
14211.6
18036.8
12101.2
26312.6
15308
18973.5
7077.86
7850.77
8497.41
17300.9
9071.17
6652.1
7576.24
10606.4
18250.8
12610.6
8001.29
20800.2
10669.7
13648.3
21559
9202.62
9855.54
14349.4
8356.41
29234.8
8215.01
14532
6740.67
8853.82
14125.6
8235.78
9131.99
12303.5
21180.2
9753.3
4884.11
11389.7
7131.24
35498.7
9758.19
14264.9
9895.58
7948.1
7144.02
9404.15
11551.6
11705.1
13623.6
10683.5
9965.65
5684.17
7645.67
6602.04
9591.11
13117.6
10742
10281
7426.6
25858.2
7371.93
7269.31
18199.4
14771.1
11083.9
16462.8
18156.3
14269.6
8866.12
19968.4
6543.39
7819.55
12294.7
17699.3
9741.29
6829.61
6210.63
12049.9
8559.03
9957.08
8533.25
10410.9
32968.8
10324.8
5770.86
17167.7
15717.4
4990.61
17391.3
6745.48
13404.7
12296.9
16579
14130.4
8042.03
10982.1
17340.2
6592.78
8975.09
7818
6530.75
36090.6
35476.1
13348.3
21507
8906.72
10032.2
7363.44
12349.4
15233.4
6655.9
10103.5
34658.9
7071.12
5913.01
8136.02
13804.1
7321.72
11148.3
5606.46
10462.2
21045.2
7873.65
14753.5
7624.13
13414.3
31013.4
9633.83
4270.92
13382.7
13885.9
13497
17198.2
6117.4
6154.74
9157.74
8318.97
23859.3
9588.4
6455.95
7547.15
9895.01
9598.25
16050.8
8178.11
5789.18
11815
18386.3
36030.3
8096.38
26208.7
8603.89
4953.04
9959.76
16598.5
11281.5
14053.9
19615.9
10761.8
7338.32
8564.4
8255.53
13294.7
11721.5
12665.2
9793.99
11190.2
20345.4
13209.7
15312.2
24221.7
12440.2
5494.4
22716.8
10228.8
8585.33
10489
17823.6
9219.29
12448.1
18396.8
33640.5
11719.4
5914.41
14306.3
7017.18
6545.27
10867.7
7704.24
9851.83
12637.8
14761.9
6027.59
12301.2
16604.4
11374.4
24918.6
7624.8
13924.7
4880.68
9478.71
9771.82
7560.89
20312.5
17402.5
7413.11
9617.14
23820.5
5374.98
17354.9
13545.1
28333.1
10493.5
29438.2
18492.9
14852.1
5956.05
8640.39
6320.86
8326.74
8867.42
8194.73
10000.3
8184.66
19811.9
10901.3
42492.5
12537.9
10656.8
14626.6
9023.41
10039
10106
8062.34
12992.6
10960.9
28902.6
10486.6
18408.1
14752.7
7730.66
19667.9
10807.3
9501.55
7346.73
6834.3
5948.86
8766.02
11796.5
17162.5
28638.8
9192.65
8210.01
10363.2
7555.3
10585.3
8732.77
16780.2
24717.1
8796.22
9497.42
6799.48
4630.09
12306.6
8863.62
28054
7263.07
7864.59
10485.2
12776.5
7721.23
12077.1
4686.05
12018
22505.8
6130.69
18552.7
5846.14
17472
12657.7
25459.9
17456.3
8695.09
16554.9
6267.58
11481.6
17441.4
12146.8
8518.69
23306.5
8634.72
23437.4
5506.25
10881.5
39048.1
11844.7
11608.5
7621.24
5674.64
10163.9
6947.85
8994.98
9927.04
15488.4
14410.2
8633.72
11511.2
26358.5
7474.42
10805.2
27380.8
6754.76
8674.52
19933.8
6793.4
4303.53
21585.3
14857.5
12180.7
10229
6044.9
9512.78
18485.5
22649.1
9725.82
11976.9
19526.3
15220.3
8402.52
14542.7
7202.05
7597.48
11941.8
4690.61
17039.4
11474.6
13142.1
7977.28
13541.2
9801.01
12470.5
9668.88
7121.38
8391.18
9995.72
35161.4
10376.7
7422.11
12250.9
18127.6
14154.9
13758.5
19469.2
11168.3
6804.35
10426.8
8524.73
11193.4
13622.4
7124.36
7276.35
16552.7
12832.3
25583.6
4353.3
10891.9
13562.7
22167.9
9340.45
10784.9
15538.4
6385.44
9734.85
9159.18
19667
12938.9
14168.4
19292.9
16169
12435.3
10521.6
10651.5
32883.2
9848.64
9566.12
7374.05
9160.54
23165.8
25698.6
5122.69
6287.17
21732.8
14407.3
9600.18
10811.2
9185.12
23150.1
15522.2
16120.9
4673.19
7393.68
6366.27
10967.2
12539.4
10288.7
17822.5
12850.7
11699.9
26233.9
12909.9
12843.8
10312.1
6619.63
9065.93
9320.82
6907.31
5027.43
11568.6
19473.2
5852.94
4061.83
7017.85
19472.6
5923.6
12902.1
18696.5
17954.1
8198.62
7478.2
6499.91
18975.7
21187.2
10295.8
7764.97
6326.29
5335.32
5940.24
11353.1
16409
7789.1
10065.1
9264.58
8187.56
7159.77
32903
23779.6
10552.2
6261.88
18186
7850.69
6556.58
12312.6
10881.1
15259
28705
22638.7
8657.54
19556.5
16302.3
9982.42
49575.1
16797.2
9830.75
21311.8
8058.42
14550.8
8418.11
8212.02
24520.3
8669.79
8454.13
6844.53
10773
8960.5
19445.9
6479.05
10727.7
8365.37
21245.9
12386.9
4201.83
9235.26
9994.32
21804.3
7471.27
38872.3
10237.6
9336.63
11262.6
7377.65
9334.65
18419
20615
21205.5
9076.39
10461.2
21589.3
7661.24
8377.56
20190.1
5730.11
17842.3
7899.24
7611.78
6880.06
9350.11
15675.9
9751.42
15055.9
23669.8
22440.7
15074.6
15532.8
15482.5
17024.7
8331.23
5311.83
16445.9
10780.7
19312.2
21328.4
15110.5
21954.7
6436.37
6401.49
9528.22
7013.95
24745.3
12587.5
40067.8
16538.2
8749.19
9475.44
8688.39
9149.57
13888.3
9401.44
10065.3
7032.66
5474.59
5753
18712.8
18386.9
13956.2
29684
10893.7
20410.7
15826.2
16082.8
36402.5
17640.2
4434.4
22537.1
15736.6
10847.6
9212.87
22966.8
35501.4
22433.2
7420.45
19294.8
6747.28
15237.6
17086.7
5972.77
10624.2
10964.7
9342.29
7895.33
19467.6
10970.4
12758.2
6633.86
13994.5
6856.39
7624.72
5152.23
34501.1
8066.17
10498.3
9684.51
16288.3
11184.4
16169.8
16803.3
12079.4
7199.9
16427.6
6866.7
5221.4
14695.8
5745.91
10007.1
17871.2
6401.43
15520.3
5254.01
7843.87
6585.3
14103
13387.6
5165.37
11603.1
21666.8
11983.2
21680.6
11775.2
13506.3
6818.84
16055.3
7405.09
15088.7
16224.3
14757.4
15368
7277.5
23162.9
6331.71
13210.1
17101.5
9420.26
19345.2
14596.2
22774.7
16741.7
8939.38
6530.9
11451
14520.4
11547.7
44080.5
9454.48
13950.1
19978.5
9998.55
14457.7
24337.2
9500.56
23140.1
9606.04
16169.4
8737.7
8940.49
9751.6
9264.27
5162.08
16298.3
8396.88
8658.67
11980.9
13256.1
8677.97
12599.9
12556.1
14588.1
9290.96
17199.6
22826.5
10741.1
6576.45
18113.4
10571.5
10665.4
21691.9
18573.4
5666.73
5520.27
12463.8
6830.14
47879.8
15877
12047.4
44228.5
9146.32
8579.85
4212.06
17255.1
9976.15
16768.1
11267.1
16029.4
13649.5
5738.68
22564.6
9706.43
5562.31
7080.14
17617.6
8706.53
6445.46
4938.23
7902.56
24515.3
13640.6
13937.2
11520.1
7479.65
15301.1
9703.14
13057.1
12655
41624.5
14074.8
10090.1
7096.92
6954.45
11417.1
5959.38
5151.84
11121.5
7193.62
18325.7
31634.8
15420.7
8743.96
14668.4
6886.85
19216.3
6850.18
13276
11396.1
16012.7
16556.9
6549.98
39233.3
18691.2
12664.4
23543.9
6609
12241.4
10185.9
7307.76
23531.6
6184.38
12056.8
6672.72
31950.9
11180.5
13470.1
10603
9163.58
9229.7
5872.79
16492.2
16935.7
9436.83
4908.45
8566.4
21366.9
9954.57
25033.1
10047.2
12002.9
30137.5
8217.35
14072.7
7747.28
22705.3
8181.53
14204.5
10416.2
8352.06
6582.9
17463.5
11549.7
50759.8
17767.9
10160.2
13936
28812.7
5421.42
21552.1
47000.2
10218.5
4595.17
9688.65
8498.06
26291.4
12274.7
11364.6
9619.71
5525.01
19670.2
12865.1
9416.28
9515.24
11180.6
8267.22
26215.1
4525.78
16660.3
13744.5
10045.9
9298.77
7754.58
9131.86
15529.3
14722.2
44049
19421.8
26486.4
13530.3
8681.91
17714.7
17117.5
32058.6
5942.56
6925.74
17911.6
9815.74
7398.79
7342.34
11396.3
14580.9
8846.88
17631
9632.51
16597.8
9091.19
29722.6
9470.29
8491.96
13740.9
11530.4
13067.8
13544.9
25284
6749.73
9373.51
13965.5
18046.1
11331.7
7909.61
10554.6
6371.19
24901.8
15249.1
6435.32
10615.2
20368.5
12305
13283.5
5828.43
22931.4
9292.33
20068.8
9479.69
18865.7
16984.3
16449.5
18021.1
6062.7
8470.62
24156.1
8533.55
17161.4
13658.6
10807
26495.3
13875.6
18850.1
6194.72
14741.4
14557.4
40250.5
11343.1
56708.7
10074.6
14735.2
9521.96
10392.9
17708.2
39290.5
19129.6
36435.2
6786.64
6757.2
8372.16
6120.34
18711.1
5863.66
7735.28
5319.86
22150.7
16035.8
15702.2
9880.66
7395.92
6762.01
14400.7
8888.98
14893.2
10588.7
24626.9
7825.45
21481.4
5563.32
6189.59
5830.06
7340.97
14303.2
7072.22
9913.83
15386.9
15933.4
13153.6
8730.76
14182.9
10342.7
5356.41
32115.7
10512
13201.2
12350.1
9769.26
10765.8
16005.6
21885.2
3898.35
6324.2
5407.25
7887.47
9236.38
9108.09
9435.33
21253.2
16122.9
6788.23
11606.9
7444.42
16473.3
17681
12921.8
18019.2
11129
11966.8
11964.5
20579.5
10257.8
16003.6
20606.7
15588.1
9857.51
14893.1
11493.6
8308.32
10187.5
6262.98
10767.5
13864.1
13413.1
6060.31
15062.8
10781.5
21673.2
13240.1
7330.87
9916.46
6153.66
15688.8
30173.7
33158.7
9854.88
11873.5
8788.31
10410.9
13506.1
11015
16358.8
6694.35
22517.8
28168.8
9032.72
10709.5
22640
17399.4
12352.4
50761.2
10992.8
20913.8
6944.08
14682.2
9430.71
16680.8
7549.46
53901.9
18468.1
16182.4
8121.48
16242.9
5345.35
7434.04
7047.69
8758.01
11278.7
14358.6
15823.5
16251
11059.1
8987.42
14728.7
13290.2
14726.8
10148.1
8256.9
9120.72
16230.6
13349.6
8707.29
13144.5
203769
34096.4
8823.18
6830.84
11370.5
37442.7
7141.16
6699.4
20563.2
20304.7
35437.7
6786.58
7085.05
23985.1
9007.33
6275.57
14606.2
19128.3
10943.3
10350.5
29391.3
13874.6
7900.76
14548
8970.95
12358.7
11674.5
19009.8
10119.4
8906.02
10738.9
9878.19
10731.5
18265.1
6982.71
22030.4
6398.67
6429.02
19039
12265.4
9697.81
7022.35
12776
10427.3
12293.3
5792.3
10616.2
6846.46
14226.2
13644.2
17315
39574.9
12801.4
7060.68
9136.46
8831.03
5432.46
6225.53
15675.1
9438.47
16537.3
14552.6
7020.23
20143.8
8125.61
8752.38
23742.4
10757.7
7664.71
15749.7
11780.1
14002.6
18821.2
11068.5
9238.62
4961.65
18496.8
7140.41
9120.03
12323.4
10443.3
18660.3
19764.1
6429.35
7737.02
7675.49
11285.2
8819.73
5979.96
8885.57
8746.64
9884.69
10397.3
10616.6
16388.7
22908.3
8446.56
9472.27
18130.7
20901.5
12608.9
7731.06
10834.6
12223.2
7071.2
29723.4
7758.18
6759.57
11086.5
6215.51
9132.66
6003.72
9573.05
32422.5
9615.61
8103.69
19937.3
36847.5
15834.6
6828.14
16255.5
19778.3
7150.28
4529.25
8681.29
10585.9
7787.8
8080.61
15239.7
11514.9
5010.68
16993
6272
25322.9
16555.6
35806.6
18874.5
12658
9466.89
7620.3
17987.1
8279.95
6028.54
9094.22
12301.8
6557.28
8582.37
15595.4
12394.4
9503.29
10858.9
9054.51
11426
7413.35
6855.38
9298.13
17815.7
7572.23
19085.8
7246.16
5881.71
16009.6
17667
8606.73
11544
13935.4
6731.88
5895.12
28221.4
6207.32
13764
6881.37
18675.2
6269.47
11502
9005.53
14000.2
29723.4
13821.1
5408.4
15281.2
7055.12
8602.87
7143.08
14079.6
27435.9
8441.46
29125.4
8096.79
13861.6
7372.5
105915
8059.93
7098.74
8969.5
40157.8
7234.51
9206.01
33186.9
11253.4
5388.03
18808.4
13080.4
4652.09
13589.9
14042.2
20088.4
6140.82
8960.26
20006.6
8467.82
7107.28
8577.37
13421
10512.8
6171.92
6343.62
10467.9
14675.7
15240.7
28442.2
3749.65
6635.25
27688
18835.6
5984.39
14453.5
11816.4
8102.47
7387.76
33863.7
7427.08
11729.6
9275.08
12856.7
7263.71
16708.8
15237.8
10994.2
38333.2
8464.01
22747.3
12127
11332
19231.4
70302.2
25986.9
5708.66
39464.7
10857.4
13604.4
12557
11594.7
10016.6
15616
17838.3
26751.3
7528.06
29470.5
8672.68
13960.7
12058.7
15845.3
12787.6
18656.1
8069.6
13057.5
9750.56
15040.9
8982.18
7036.69
10150.4
4430.46
11832.6
10239.5
9732.49
15361.2
31735.8
15670.5
14587.1
7278.36
8049.96
22408.6
24265.2
9294.58
16189.4
18773.7
7792.05
13161.9
14664.4
15186.8
8986.39
6668.14
5498.57
6618.1
9500.83
6485.03
6668.4
15373.3
11645.4
14354.7
9769.3
27310.4
10751.2
13908.9
8415.02
14706.4
5022.43
8273.1
23484.8
29185.5
8519.49
6530.95
13673.2
31337.5
10506.4
16754.7
6058.13
21617.6
9592.26
17047.1
8188.46
23783.9
5865.7
17030.8
10076.3
13089
5568.81
19750.4
10043.7
15289.1
8747.59
14079.5
12777.1
13871.4
15125.9
5504.49
8932.31
9846.41
7936.61
6485.48
10283.9
13924.5
7449.1
21050.5
7822.11
8531.69
10859
7815.72
10367.8
7713.5
6648.97
8161.42
18612.5
32140.4
12020.6
6438.81
7386.2
9476.4
8956.44
11132.1
6225.29
10372.6
27894.1
24043.8
7897.67
103146
21991.3
14299.8
5195.67
21247.8
6740.3
5707.86
22371.1
8621.98
6342.68
6342.62
10254.1
9656.67
10721.8
20481.1
4999.94
30787.3
11027.8
16049.3
9775.42
22282.6
9377.14
9984.03
9351.69
25490.1
13982.3
10598.7
6499.46
20994.5
11709
11028.3
7186.58
15186.1
5650.08
15934.3
25417.9
16495.9
11459.7
11317.4
36669.4
5792.99
16035.3
9517.49
18327.2
5699.43
58395.8
5318.74
16140.1
5987.7
6248.09
9001.76
14991
17616.6
6017.55
10724.6
12561.5
33400.1
18572.5
8146.75
12630.6
17026.5
6318.75
6474.74
8890.35
6821.46
34112.2
7679.02
16000.6
12889.5
4500.52
8190.42
4732.22
10761.9
7426.7
4605.99
8880.69
13894.2
11248.1
14906.4
13459.8
4523.28
10245.4
26549
10717.8
21563.5
6642.53
13833
9802.45
11377.2
13761.7
14495.6
15265.6
10127.4
7736.14
10145.3
9309.49
9905.13
17463.7
17525.8
33345.9
12268
7233.41
9571.91
6909.84
5867.79
6154.93
8591.9
14946.9
11103.3
68080.9
27579.6
32569.4
10679.4
20527.8
19148.4
5350.35
10831.1
31058.9
13656.7
14031.6
8325.23
9318.33
6681.93
15653.5
9021.43
12351.5
9326.35
54059.5
13822.1
18526.2
14416.9
16515
21526.3
7267.15
8180.62
9071.34
19750.4
10306.6
13803.1
7594.46
112860
5501.56
14395.8
16508.7
5110.7
27002.6
13534.9
6730.68
12151.3
9125.2
9399.81
15480.1
5777.62
14956.6
6785.71
27416.9
6333.96
20433
7439.13
9186.81
10373.3
4137.52
21174.3
8226.81
11807.1
10492
8230.95
11117.1
10213.3
7538.99
4412.81
4690.32
11318.6
8435.09
17116.7
16877.6
14809.2
10134.2
15904.8
7723.6
10975.7
17460.6
11942.6
8899.19
10389.4
8121.54
14475.8
7868.49
6588.74
6076.37
18513.4
10106.8
8300.85
7323.65
16817.4
10775.3
4742.86
7572.44
16691.1
11278.1
14805.9
6884.61
11294.9
22450.6
4502.51
8152.58
5471.77
14139.3
17113.4
10825.3
11390.1
5884.94
5280.28
22304.6
8108.84
10970
11597.8
5796.04
39272.8
8347.56
4547.85
5889.93
13780.9
18304.4
11221.2
20495.4
6706.32
15586
10133.4
61366.2
23073.8
15016
6971.24
10177.2
7100.59
8564.66
11534.5
12421
14813.7
12527.1
14710
7622.13
12263.5
7019.73
13159.1
12984.1
20965.9
29253.8
10808.6
9161.75
8296.45
9466.53
10135.8
7466.74
16773.6
40232.3
10076.6
11218.1
26237.6
10481.3
5613.41
9777.94
16956.2
10363.8
20196.9
17538.3
10021.3
10922.1
17937.5
17347.4
16798.8
8828.74
23560.4
30863.8
12192.8
9315.04
7396.57
12103.2
14580.8
9982.77
12003.4
46746.2
10341.8
12737
6321.34
11334.5
14005.7
15023.2
15421.8
7474.16
7200.57
13747.3
8031.33
13317.1
6024.27
6298.93
8449.13
12369.8
19766.5
8505.06
16273.3
35223
19260.7
17664.4
12155.7
14753.4
7526.74
16472
8869.91
12899.7
11398.6
18778.8
9226.35
21271.4
8829.5
14703.6
13091
14125.2
8278.36
7277.79
11022.4
14147.5
14436.4
12825.7
7421.57
11377.9
12894.7
12062.2
11983.2
20906.4
14262.9
9858.08
14201.8
7596.05
11358.8
10758.6
14826.7
18537.8
10263.3
10275.6
10009.9
11756.3
9858.62
6609.88
9303.03
60885
9365.11
10975.2
12831.4
14879.9
4573.77
22991.4
10916.1
9669.51
31024.9
11380
8624.19
13125.8
20227.9
21304.8
10527
10834.5
29405.6
9307.71
5394.74
5676.56
6383.74
16238.1
12614.1
37802.3
36438.9
14589.7
8361.56
6398.02
16002.8
16723.5
11822.7
8983.05
6718.19
6696.46
24403.4
12339.2
8279.62
12931.7
6150.84
10441.6
16312.6
11841
7318.89
11142.5
7350.84
13885.3
8897.52
7880.19
11578
9589.13
7351.13
19833.6
14712.4
6280.64
18898.5
6295.02
62089.5
6188.99
16482.7
7725.5
10398.2
5990.33
16238.3
7700.88
12208.3
15039
14960.1
9973
11407.9
22941.8
9135.32
9252.99
9944.68
35712
12128.4
8084.88
17536.2
26235.7
7746.84
18835.4
4367.67
17250.2
7768.02
10822.2
10405.2
10853.2
6152.75
7444.09
12412.3
7778.24
8880.81
17673.6
6750.3
13078.7
16139.6
10245.3
23902.5
9028.2
22996.4
10602.2
41891.4
14076
14183.3
14016.4
25048.9
8749.46
20277.7
19121.9
9634.74
9447.17
16540.6
13617.8
41436.6
19542.6
20606.6
14372.2
5708.83
7471.64
10071.3
8691.24
9386.64
11741.3
6708.36
15314.1
14071.4
18408
17500.2
8541.47
9649.35
11013.2
12222.4
18339.2
19080.1
11932.4
9067.7
14369.6
9553.14
11624
6627.81
8532.43
9234.96
6713.18
9324.46
7209.66
12889.6
25642.8
10472.6
6791.38
4890.86
15746.4
11922.6
20310.4
8827.83
10739.5
9045.27
8697.15
14420.7
8829.14
9965.95
14057.7
15403
14481.4
4726.56
16809.8
6038.17
5772.5
12744
7362.01
16872.7
4891.35
8992.19
8452.42
9672.56
11393.9
15328.6
8276.04
30500.8
27544.7
18496.6
17311.1
6426.66
10669.4
8837.41
10082.4
6372.18
10820.7
26552.3
21121.7
10432.2
8372.25
21034.9
4636.76
15685.2
5654.36
7603.85
19463.1
16473.7
6441.47
14085.5
8920.1
7866.68
14163.9
6415.25
7393.59
6597.92
44339.5
9693.17
9494.27
15584
10043.3
17969
9718.15
12337.7
47769.3
10464.3
16151.9
9964.2
13407.5
17650.1
13754.9
9826.22
15650.9
10375.6
14947.1
5723.64
8656.18
5479.43
5454.46
13362.8
9428.4
28445.1
6124.09
6623.82
34788.4
9669.71
8545.34
5348.13
6154.04
21894.1
11343.9
34671.6
12433
10058.9
16169.5
18952.3
10999.6
39943
4375.11
7030.86
4523.44
10287.6
7087.66
10046.4
27196.6
10657.6
12554.6
27660.1
7310.91
7939.39
7642.31
16283.8
7481.24
8242.2
8074.87
8018.71
6994.59
20945.1
17605.7
12884.7
17182.6
6378.53
15452.2
15237.8
6132.23
5905.79
37057.9
8491.37
5325.11
11464
7798.59
13818
18222
7779.91
6949.28
8780.18
6091.94
15691.9
9952.98
12031.5
6685.16
12953.1
22788.5
8788.66
17710.5
28177.6
11662.2
15154.3
13904.3
15222.3
6072.37
10033.7
18739.9
13396.1
12933
9122.74
8319.48
35516.7
10321.7
35849.7
8862.03
32777.4
6870.01
24304.2
4755.46
8685.56
5368.75
5915.73
11024.1
7312.13
10122.4
9617.91
13633.9
11435.8
11280.4
7534.87
5380.89
27889.9
24157.9
7834.89
6924.37
29048.5
10408
24252.6
20212.2
19005.8
8831.87
16273.3
14642.4
11650
3494.64
6891.35
7905.74
5637.4
14058.1
47788.1
13583.1
15630.2
12849.4
7675.72
8493.76
6499.56
8693.17
9436.24
10727
5680.84
15154.5
18502.6
4626.68
18352.1
4923.95
9441.6
4868.03
32922.8
9409.61
13087.6
10343.9
22506.9
9453.18
13082.5
16999.2
15901.9
20346
16126.5
8240.95
15624.3
32099.3
12693.1
16515.1
10974.9
22229.9
21262.7
22628
7121.54
9610.9
18011.3
9858.8
20692.4
15760.9
13097.3
6733.86
6069.76
15166
19563.8
9624.06
8573.95
11918.6
5109.6
9335.16
8837.52
31489.8
14716.6
10299.7
3674.61
8943.45
56755.3
8747.85
5707.24
12428.5
34386
6694.1
18571.3
10768.9
9433.54
18796.4
17282.8
10112.7
20478.2
4813.92
19558.6
12010.3
12061.8
7247.73
16153.9
11044.2
18415.8
9992.92
12475.7
11010.3
50407.8
8152.64
13581.8
12749.7
5931.44
26747.1
9372.17
21800.2
27543.9
10672.6
6798.29
7897.95
13304.6
21210.6
25654.2
13184.7
20349.4
15653.2
11230
5606.06
7413.88
12960.8
9019.15
17924.2
12163.9
14555
22744.1
14367.5
10090.3
27856.5
8492.32
10033.8
15975.7
6988.37
14459.6
22651.9
9582.93
17556.7
6592.7
11721.9
12266.2
11527.6
9852.33
8628.76
6673.26
5779.72
4306.65
10274
12455
16605.1
65161
15385.4
4301.06
7581.22
14999.1
11900.2
10834.4
11555
15244.3
8622.92
16539.8
16230.5
5822.14
21519.8
10271.6
5011.27
11031.3
9412.13
10449.5
9840.5
5834.16
8015.95
6673.98
20096.2
21487.2
11467
7166.96
12506.5
7494.22
6411.85
5849.55
5592.76
7138.13
8344.12
22017.6
18478.3
50468.6
7134.64
15466.5
21735.6
9013.96
8918.91
7183.58
6987.67
8707.76
23051.5
18242.6
8455.82
20381.4
10094.1
6084.44
9728.55
7945.05
14326.5
13813.9
15878.3
13346.5
7165.79
23443.6
11962.9
5342.44
17218.2
31200.3
5244.2
13568.4
10346.4
4893.53
18779.1
8999.27
7380.1
9970.24
8693.1
7279.04
12319.6
22632.3
20549.7
10860.1
10933.6
17511.6
12857.9
11448.8
13181.5
8897.92
7390.7
18097.7
11729.5
8147.24
11271.6
44460.8
17179.9
13553.3
12415.5
23801.1
11835.8
12410.3
14504.6
9809.72
6576.59
25938.3
11983.4
6610.08
39533.1
11124
13396.7
8807.17
6713.09
8067.49
9013.55
16249.4
7146.48
11411.5
12267.7
39692.9
7519.87
17259.6
7030.21
6869.15
7665.76
10183.1
16233.4
10580.5
7957.75
9827.21
14474
20718
7820.64
26596.1
13120.6
6908.86
9128.2
12266.3
5905.53
9951.12
15806.2
14541.1
11019.2
12344.1
23478.5
19794.3
11248.7
10439.3
7179.36
7045.55
23861.7
17661.4
7268.86
8765.52
25237.4
16276.7
11763.8
14130.8
23964.5
15698.8
9001.96
22880.6
21889.1
16258.9
15226.6
12203.9
8293
19437.5
10419.4
8461.58
10900.4
5697.1
21359.5
14963.5
7018.24
11898.2
14053.4
9002.2
44438
8166.64
5671.53
6984.17
12387.7
8245.78
16095.1
4853.89
5356.15
11868.9
12873.9
17832.7
4976.43
18896.9
11377.8
11671
10494.5
10849.8
8162.76
12385.4
7035.48
7568.33
8180.79
10072.2
7804.38
8821.81
5816.82
17661.3
21857.9
10029
19676
10985.4
8571
17924
18109.9
12889.5
11214.1
10698
21594.2
8204.62
12286.4
7233.92
13658
6861.11
9779.04
15118.8
10781.6
28485
26951.3
11080
6687.96
13886.6
22637.8
13415.1
8320.96
13050
7148.68
10787.7
4558.53
6374.65
24653.5
8618.69
21412
13730.6
17114
7883.08
3368.96
13981.9
9479.63
11203.4
12105.1
33302.7
11721.1
7825.38
16553.8
8919.63
22293.6
11708.7
11745.3
6484.28
32951.9
5994.72
10299.7
9928.47
14598
6354.96
7972.41
15692.1
7186.42
12056.1
29541.1
6256.94
15300.4
7779.32
27991
7653.21
6164.71
12652.9
14451.4
14626.3
11126.5
21886.9
11840
11135.4
12031.5
10212.7
11559.5
13170.1
6818.45
9517.9
17864.6
16419.9
7448.87
25532.4
6791.72
20295.2
10505.6
6264.04
5285.02
6446.73
20832.9
30819
7513.38
9701.59
15492.7
35314.5
15466.4
11804.5
6310.09
26787.9
10394.3
22339.2
9904.83
9473.34
30974.2
10695.2
10195.1
23342.7
33087.6
16806.9
8199.89
7622.46
5273.13
7681.49
7887.05
21126.6
11230.2
10118
18100.7
13768.3
9936.3
9184.2
52578.1
5266.52
11968.9
26452.5
16273.7
24374.8
9900.49
16950.2
19531.7
5831.79
12030.1
7241.11
30431.9
17268.6
6031.89
11799.5
8674.91
39353.2
15081.1
9598.2
10121.8
7035.64
10480
11844.6
8864.64
9706.76
7514.06
25360.3
8831.38
5168.05
11214.9
22079.5
9546.77
11770.2
12712.1
10598.6
10873.1
11078.1
9865.27
9577.22
10081.1
32116.8
6448.35
7328.29
17131.5
4553.19
15016.9
19262.4
7277.57
5739.92
14913.7
4287.37
6430.38
15679.8
15659.9
26111.9
18020.4
6120.57
6444.05
10982.1
18589.8
13565.5
16472.8
10128.9
6895.01
7168.5
10051.8
17243.8
10936.6
7937.39
5682.9
9037.47
13183.5
7879.26
12774.6
17340.9
31062.9
7807.42
15985.5
9342.11
7018.82
10614.1
20590.6
6329.06
4846.87
8791.66
9265.5
7739.06
8709.87
8799.03
17965.5
9916.66
7920.02
15715.7
8255.05
9545.68
9339.67
8768.02
16017.6
10543.1
11640.3
12882.6
20755.5
11310
11678.8
9077.59
9969.67
17318
30225.7
11120.9
19191.4
37484.9
11004.4
12794.1
13499.1
23331.4
10595.9
16882.3
15711.3
8594.64
39655.6
8009.03
11521.7
14448.2
6007.97
19993.7
6793.53
4268.82
9369.59
11650
7296.5
7578.11
23333.4
11286.8
8576.48
34320
12409
9660.67
40670.4
8577.75
4211.95
11702
34219.4
22017.2
15287.8
22573.8
8015.14
10372.2
11936.6
26725.9
17873.4
5837.09
15229.8
6425.19
23967.4
8460.27
19286.3
6697.31
10912.6
22078.4
10476.8
9024.08
10108.5
7425.06
9960.5
7367.26
9018.01
7960.87
10713
9300.86
12578.3
8979.19
19660
12191.6
12937.8
7795.78
8944.48
7586.47
15736.4
8239.08
7182.05
13171.8
8257.86
12768.5
7562.51
7904.15
9499.75
7743.94
11873.1
12457
9971.11
17690
5343.26
18670.7
24340.5
12356.8
22605.9
7638.02
11639.8
7129.72
5660.12
5900.89
13075.4
4203.56
17650.9
7256.19
8879.69
6657.44
10181.7
29254.1
16066.2
15680.9
17548.1
20250.9
8064.38
17445.8
12186.6
12830.1
20019.4
6449.75
12530.9
7720.77
23253.2
11449.7
10375.7
13723.2
11660.2
9836.9
13756.2
11254.4
10320.2
7115.79
9744.88
18491.2
12957.9
9433.56
13126.1
10671.6
9473.85
6266.6
11959.3
7407.44
33098.3
15191.2
7590.34
14892.7
21907.4
6572.43
12453.4
6523.39
26151.6
10064.7
17040.5
10495.4
11461.2
8968.8
5986.89
21399
9037.5
26770.4
10641.9
10770.7
7307.13
17505.8
5981.94
6858.63
18411.5
7234.16
8159.84
10500.2
14682.8
5336.95
11158
27138.9
26811.5
27757.2
9752.96
5248.52
6164.58
9898.05
22034.4
36281.1
13894.2
7480.72
8745.56
10168.7
10831.3
6422
34491.7
13531.5
9387.01
19045.6
10779.8
15040.9
10851.9
8994.4
8893.43
5839.27
9183.5
7893.15
6823.94
12315.4
9534.71
7783.6
17993.3
8632.3
28826.1
10500.8
10306.7
7780.02
21161.1
6119.17
7103.6
10522.2
21900.7
9134.96
10898.8
23189.4
13593.1
7629.86
10053.1
26164.8
14859.8
14693.9
24207.5
12441
8359.94
8721.52
7390.91
10598.9
21070
8660.53
10764.5
13466.2
28809.2
20977.7
10831.6
25297
9480.31
13566.6
13000.5
6306.87
11398
14001.9
25035
9958.37
10635.8
9740.97
11062.5
17330.9
11459.8
8613.77
9148.41
5938.48
8459.02
14786.6
19764.6
7617.23
11108.2
13229.5
8164.22
11092
8264.04
18384.9
14259.1
18593.8
6208.52
3536.19
7831.67
12696.1
5518.7
5837.22
9210.32
10184.3
17238.2
12088.7
7056.88
8293.35
6375.85
7017.15
7264.41
4523.55
6245.7
8885.98
12015.1
16078.6
17437.4
14696.6
12101.5
14685.3
24633.9
37695.8
21645.5
10550.5
5699.28
8527.68
7956.64
7036.82
19919.1
8036.55
77911.8
7565.38
7740.13
6390.63
5118.01
6649.77
8140.3
35669.4
6850.03
25074.2
17803.5
6763.93
8754.11
6653.74
9900.93
11778.1
27173.9
12532
30469.4
9058.7
11546.2
11171.7
14421.9
12366.8
11096.8
5708.87
5284.2
18485.9
11294.1
9307.25
11773.1
8877.96
14755.4
7578.75
10275.9
21367.8
24895.7
15870.4
9403.49
7656.75
32444.4
22573
6616.77
12100.6
4367.8
19660.8
9263.81
10489
6229.86
11497.5
17292
25480.9
29215.5
32214.2
14615.1
24727.2
35373.3
7041.61
9055.07
6650.01
13289.2
10662.5
9474.92
15654.7
8286.52
13449.6
5442.73
11419.3
16399.5
18827.2
11754
8550.19
15134.8
15679.8
12284.7
11126.1
8042.37
14389.7
14003.2
10509.5
23277.7
11336.5
9089.22
8584.53
8480.78
21743.8
25681.2
15551.9
13352.3
7019.98
11483.5
7460.57
8530.06
7663.88
9028.03
10356.3
19433.8
9618.45
15442.4
11912.2
16503
6543.15
11212.8
16884.1
6438.28
10061.9
9602.03
5801.8
34163.1
16475.2
21318.8
12277.6
10664.6
19717.7
13314.9
14736.3
6729.32
13219.5
9293.08
30803
18913.7
9618.79
14819.6
4832.01
9856.2
9908.37
6487.42
11427
7996.23
12769.5
5059.83
12123.4
8484.02
10001.1
9629.35
28287.5
8226.45
10901.4
9971.8
15414.3
8340.09
6208.87
9600.24
31015.7
15013.8
15003.8
9570.69
21495.6
22783.6
8507.54
15440.8
14603.8
17669.8
15332.2
10257.5
13632.5
16728.6
21931.1
7759.24
20469.9
20137.1
15536.6
6243.97
10998.3
9277.85
8583.88
14558.7
32093.9
8284.08
10054.5
17731.7
14128.1
8205.65
36601.4
36074.7
4968.77
7460.12
10969.7
40908.6
12584.7
12648.7
9327.82
8875.26
37478
18254.9
13128.1
23199.3
14637.9
7368.7
6950.48
20222.4
9408.87
8809.34
8372.7
9862.89
22657.3
10377.5
97186.9
46049.7
14249.2
17283.2
4840.4
12886.7
12115.6
18280.7
5870.59
16704.5
18091.3
14409
12426.4
12760
11754.9
6719.75
8907
11005.3
13674.2
24539.7
9553.8
8666.02
7757.99
11241.2
21599.1
11716.4
14963.7
7506.43
14326.1
21328.1
10780.9
19603.2
9693.48
6435.08
10624.1
4177.5
9586.09
9726.89
8331.01
20091.9
8158.74
16723.6
8704.98
13450.1
12651.2
7983.89
12915
17647.9
7901.3
11894.5
8667.68
48785.2
14141.4
5287.87
14047.1
6153.53
10083.6
23987.9
9837.82
20806.6
6330.49
6329.64
13296.7
7698.5
10581
16935.5
20052.8
17868
8489.4
9317.55
13962.8
19576.2
36168.9
14806.3
9812.79
8738.23
8899.27
5883.59
21187.5
18515.6
20805.6
6370.26
13068.9
10945.8
6518.24
12432
9198.35
6517.43
22310.3
9339.02
8739.2
12950.1
8605.91
21125
11713.9
11246.4
5007.7
8386.04
6429.54
4548.63
20513.2
11657.3
12071.8
28467
26133.7
6136.17
4629.56
7750.88
8812.23
12475.5
32434
12922
14973.8
7159.37
12894.5
23409.3
17997
15848.2
10728.2
7839.52
4664.23
20366.5
10441.1
7894.26
7267.68
13712.9
21552
16250.7
10368.1
12126.9
7311.88
4924.37
3937.51
11415.4
14486.2
10442.8
10857.4
14650.9
8547.24
20327.8
9802.33
12322.8
5578.18
6472.67
10965.1
32577.4
12109.1
8792.93
9200.21
30053.7
11057
6387.32
22615.2
8272.74
16298.1
15768.7
5836.58
5311.33
38308.9
16809
7848.59
21652.6
48556.6
17490.5
11842.6
8981.75
7276.04
16503.3
16353.5
17910.1
14331.6
13994.1
6945.63
13385.1
11248.8
12401.9
7068.68
12977.5
31435.7
9345.53
5538.8
11628
16716
8798.3
7053.85
7238.84
12165.5
22019.5
17785.7
10608.2
12418.7
6566.64
9751.16
24748.5
14194.3
11312.4
18824.5
7014.69
14868.1
11076.4
7426.56
9562.92
8581.56
10461.5
7738.27
12801.1
16094.4
12181.4
7809.34
7813
22676.6
23918.4
24662.3
14482
6643.03
9144.96
7448.78
14425.5
6904.94
7592.09
21442.3
7988.8
4346.59
9724.57
12895.4
15858.1
24776.7
11362
13570.9
7048.36
8896.59
10194
7482.57
8168.38
6415.5
9794.14
19763.2
13690.5
7646.74
15266.1
9194.83
5222.56
11726.7
5396.29
11262.4
18387.1
8823.45
9931.08
12543.2
5488.31
12171.8
16406.4
7835.42
8470.44
38221.4
6030.97
16049
5320.58
15932.3
20381
22097.3
19887.9
23640.8
8991.59
19138.5
32410.1
19303.4
36051.1
10841.7
9369.51
6998.72
22071.2
5016.37
3515.11
11323.1
5441.33
18208.7
23215.2
15127.3
16230.8
8665.6
6800.22
34065.6
23113.9
12404.6
10866.4
15222.3
10057.4
17679.8
9209.77
7917.83
19628.9
10526.1
17613.6
19592.8
9849.97
15255.9
6846.09
8761.45
14836.9
5748.32
29856.2
10598.4
18006.4
9900.23
29530.4
13088.4
13286.1
10341.6
6796.42
16431.2
13406
10997.7
10398.3
8528.95
17061.2
21463.2
8796.86
16526.8
10521.7
12919.6
6395.27
8314.75
17742
20318.3
13173.1
17721.9
6142.88
14869.3
5683.94
6503.61
19140
12199.9
16524.6
7815.54
35248
9879.03
7044.23
36543.5
9452.83
20066.6
9614.86
14181.4
9232.75
34350.8
7683.9
7944.85
50556.4
12075.9
15009.3
18511.7
9160.33
8547
6030.6
20501.9
7575.66
24010.7
8022.22
16955.2
10603
12548.2
16863.6
12100.2
18823
6878.73
13821.7
13617.6
13845.1
7916.5
15844
6715.95
10556.9
5847.5
13083.7
8614.68
24560.2
7761.03
15548.3
10811.6
15269.8
8750.19
11366.7
17136
10255
11038.3
8855.76
20527.3
8155.89
6252.32
21104.7
5889.89
6726.05
9453.83
17351.6
5563.72
20527.1
10874.9
35840.7
6388.43
42994.6
8517.88
6211
11665.6
8106.46
18144.7
46674.9
6328.76
5557.27
8393.8
4758.46
10591.1
9219.64
7449.22
10617.9
11825.6
5412.22
22255.7
32283.8
6540.62
13429.8
31862.3
9633.83
14247.7
6866.01
15089.5
8801.84
5700.73
44462.4
9170.23
9997.07
11727.6
10477.8
7004.62
18448
5393.99
24280.3
10165.6
10708.7
8973.24
7130.33
11338
15089.9
14582.9
11405.7
9940.58
13582.9
8593.1
7673.67
4549.45
10596.8
8522.32
12053.3
33903.7
10295.8
6636.56
4672.94
22553.2
16306.8
7876.7
10969.2
12801.1
5942.36
10282.9
8973.37
23764.9
36438.1
11389.8
12340.3
9670.51
20670.7
10307.6
9158.26
18978.2
9329.11
47142.1
14135.8
27345.1
16918.8
19239.2
28556.3
12828.8
11338.9
29108.3
19642.5
10556.3
8060.95
9817.73
11893.1
21869.8
6913.82
5312.52
11702.6
12828.8
7416.61
8018.88
8481.89
21582.7
14887.7
7799.93
43421.1
6809.29
14911.2
9181.87
6655.2
9409.4
7692.54
31752
12252
11657
5282.79
7539.11
13057.7
8489.97
15003.3
10755.5
14123.6
7707.57
13605.2
22341.9
14026.5
8927.54
12245.9
9027.97
9388.08
8402.87
20173.9
13522
6807.92
10947.7
10061.8
10601.8
16001.8
10775.8
9393
6535.07
5449.4
16081.3
15697
30022.8
12421.6
14827.7
16432.1
16601.8
10613.3
8912.72
61804.8
18018.5
5220.33
12935.9
8699.23
9309.15
10578.2
7845.13
5732.29
11821.6
10589.3
14170.9
28877
6806.15
14271
41855.3
7677.06
15520.2
26360.6
22328.3
6751.94
24879.4
9493.01
16325.2
14066.9
9678.33
12216.5
24570.5
5458.31
58675.7
6742.37
9423.36
15760.3
6942.42
9358.42
21003.8
19265.5
11108.7
14646.2
10008.6
11201.1
13290.3
13064.7
10275.3
11058.8
7455.31
17564.4
7339.95
30215.4
14522.4
7458.84
17504.2
9321.9
13218.4
4334.49
11449.7
16072
21873.5
24398
23934.9
8145.29
16254.5
17195.1
14356.6
6862.22
24220.6
21898
14526.9
11203.7
21491.9
6077.25
52009
12053.6
7136.53
10833.4
6778.35
11686.4
17081.6
9058.32
7979.29
14700.3
9734.87
25142.9
13124.2
11141.7
12813.8
10457.6
8944.62
8397.06
13648.9
8575.84
32640.7
18165.3
14398.4
7852.11
10684.1
16823
8345.45
5839.02
15063.4
17816.4
16799.6
10962.3
7878.24
4672.01
14365.3
16649.9
7000.36
17915
10699
5678.02
10917.7
9176.01
9310.6
14486.2
5080.22
25387.5
9331.52
12773.7
5692.86
19570.3
6935.5
12617.9
15039
10298.1
17757.7
27724.6
7191.71
6733.89
9469.27
6082.79
9736.24
9835.84
6935.35
9976.16
7723.17
7758.19
12472.8
7755.64
9754.41
15794.6
14747.8
19197.1
8655.37
11082.9
11057.9
19797
12747.5
9129.66
11427.2
7315.74
4868.03
11374.5
9283.06
15218.6
10284.5
5849.85
7597.9
7462.99
27635.3
24778.9
12478.1
10006
8552.18
12107.8
19748.9
20232.1
10258.5
5998.63
7996.76
13898
10116.5
4494.74
10508.5
7338.69
12306.4
5706.03
8070.61
9284.31
6732.57
25757.1
13682.3
6313.27
8137.38
16412.5
7038.55
18308.4
39188.3
13803.3
12217.2
15776.5
6357.31
39834.8
9692.1
12730.2
14982.9
6654.41
10077.6
6478.45
5545.61
9916.34
9611.78
14410.9
14805.2
9987.47
6814.7
10096.3
6320.58
10981.6
7716.17
38314.8
19198.1
13124.7
5970
9088.82
6715.58
11302.2
18352.8
9054.42
19579
5749.61
10008.4
7894.46
6862.79
12021.9
11613.3
11283.7
9538.5
9235.5
14981.4
9067.86
11481.4
22827
9393.56
7680.48
14880.9
7111.97
9974.6
13393.4
7303.16
13927.1
20567.8
9833.83
16716.7
18164.9
8347.14
16465
12767
9744.02
8661.5
9379.98
14510
10783.6
8352.81
12100.4
19614.9
17470.8
6485.71
27499.2
8201.51
7729.67
8171.6
32570.3
8596.54
20757.9
14812.1
15155.5
4719.86
8229.81
8168.53
19080.6
14788.7
28295.5
8129.18
36619.4
6391.29
25742.5
10013
10715.1
8249.72
25790
11131.3
5118.68
9807.77
11710.1
