2971.1
2889.87
2323.36
1889.99
2667.38
1680.67
1583.84
1636.44
3274.78
3154.79
2135.47
2006.67
1769.82
1682.58
1439.62
2285.89
1727.66
1672.84
2387.72
2614.58
1129.43
1672.11
1827
1739.19
2641.48
1599.46
1611.57
1162.32
1684.34
3286.48
2343.84
2555.64
1921.99
1817.91
1713.43
1476.51
2075.57
1177.18
2426.99
1921.01
1063.39
1247.38
5680.69
971.772
1860.18
3074.19
3089.54
1388.16
1506.42
1255.08
1785.34
2154.45
1872.98
1609.57
3075.44
1561.56
1753.77
2547.74
1788.7
1875.13
5629.11
2046.45
1429.73
1335.61
1764.23
1300.7
1504
1876.43
1974.7
1528.13
1237.59
1701.99
1998.19
1955.6
1510.66
1239.26
1187.13
1081.77
1322.18
2465.04
2138.15
1490.48
1724.67
1699.49
1273.41
1118.2
1574.12
3974.34
1909.88
1520.15
1313.18
1893.52
1639.5
1504.45
1879.36
1281.95
1296.2
1669.6
1746.09
2859.74
3741.71
1489.57
1333.06
2957.25
1381.24
1998.35
1601.52
2513.1
1846.63
1706.19
1351.52
2285.03
2462.5
2507.19
3276.55
1941.06
1614.57
3405.7
2236.13
2079.09
1237.05
1359.99
1445.71
2720.81
1797.67
1826.49
3565.5
2342.84
1333.76
1394.9
1516.64
1281.42
1132.61
2017.93
1744.25
1691.4
1941.83
1497.03
1466.55
1104.83
1571.49
1737.03
1617.55
2499.56
2260.96
2364.3
2271.86
2188.45
2169.08
1375.54
1218.29
2489.85
1527.96
2158.89
1534.3
1433.56
1280.53
1976.92
1166.75
1519.47
1373.03
1561.75
2997.95
1785.87
1962.65
2600.63
2186.65
3175.01
1402.47
3486.12
2137.17
2366.82
2078.77
2076.86
1508.44
1971.73
1465.71
2655.44
2138.45
3363.31
1858.27
1096.28
1681.39
2037.5
1876.67
2050.93
1691.57
3317.39
1503.54
1778.27
1620.61
2311.57
2517.74
1275.99
2944.29
2224.08
1634.99
1816.51
1607.34
2167.73
1651.66
1442.2
1534.39
3717.05
1483.52
3726.29
1699.48
7294.35
1313.67
1512.23
4267.01
1701.76
1910.38
2470.61
1756.61
1519.59
2690.78
1733.94
2768.84
2196.41
3827.6
1520.84
1321.82
4467.09
1698.1
1576.99
2043.74
2125.46
1355.74
2690.93
1023.29
1811.82
1794.65
4300.97
4252.25
1973.67
2826.71
1871.51
6143.91
2881.83
1718.75
1534.44
1725.35
1150.57
3278.19
2202.24
2817.89
3170.19
1379.05
1460.38
2181.66
5363.39
1772.92
1706.37
1992.1
1466.57
1869.4
2536.25
2263.65
5413.51
1268.7
1999.48
1608.76
2033.81
1409.02
1692.82
1425.12
1398.51
2333.83
1881.92
1312.2
2238.52
2256.58
3383.03
2300.99
1552.9
2706.26
1876.22
4556.64
1585.15
2105.11
2046.52
2562.51
1547.01
1842.16
1029.04
1522.01
1863.97
1635.9
2377.73
1639.06
1804.56
1223.11
1667.37
1970.03
1447.69
2194.86
2343.61
1847.82
2159.38
1609.01
1789.71
2126.73
1351.1
2379.99
2241.81
1357.62
1930.27
2712.11
1645.77
1347.21
1906.28
2035.68
2698.68
1005.06
1378.23
1843.19
1561.07
2029.37
1951.23
1731.39
1693.61
1916.5
1384.41
1395.37
2282.68
1186.18
2244.82
1843.94
1415.56
2031.84
1223.8
1573.05
1812.27
2197.86
1583.2
1996.51
2179.8
1565.92
2263.26
2030.9
1428.27
2464.73
1523.85
2350.46
1398.87
2859.13
2024.42
7781.65
1381.53
1856.32
1345.01
4419.73
1657.34
1480.58
1552.21
1716.36
2793.39
2763.87
2464.54
1345.59
2354.88
1434.31
2022.34
2652.61
3150.65
1611.57
1068.63
2111.79
2115
1314.22
1597.1
2000.31
1249.47
1938.22
2528.04
2479.03
1770.47
1787.35
1169.89
1297.8
1042.93
1125.41
1360.3
2982.27
1454.65
2011.55
4938.05
2684.74
1960.67
1564.86
1979.58
1367.08
1699.86
1264.67
2711.45
1687.28
1295.99
1364.41
2244.22
2130.71
2398.88
1628.47
1630.27
2015.63
1953.71
1669.59
2207.46
2790.09
2340.63
1669.06
1943.95
2589.03
2114.74
1492.4
1761.2
1172.76
2185.31
2767.9
1918.98
1057.56
3018.34
2019.35
1642.48
1667.31
1775.44
1852.48
1462.34
1606.29
2262.57
1763.06
1478.53
1616.05
1963.14
2325.25
1597.32
1682.27
1490.5
1875.33
3049.94
1626.54
1536.91
1966.78
1360.83
2418.87
3106.79
1609.35
3692.44
3513.05
1773.14
1722.12
3721.2
2291.56
2564.84
2956.18
2066.54
2035.73
1701.82
1554.48
1941.29
2313.59
1242.95
6752.38
1453.49
1821.18
1532.98
3426.78
1731.15
1521.13
1335.57
3781.28
1311.45
1375.33
1660.23
2590.97
2463.06
1734.96
1265.1
1240.76
1411.45
1725.05
3494.91
1449.73
1086.61
3838.14
1358.72
3498.49
2151.6
3487.21
1546.67
2725.54
2185.36
1904.54
1325.22
1164.32
2850.19
3082.78
1097.17
1823.35
1855.28
1927.3
2305.61
3468.19
1271.52
2948.1
2972.04
1431.45
1730.06
1516.24
1284.54
1766.37
1849.74
1311.29
2535.65
2042.01
1892.64
2034.33
1731.04
2160.21
2202.6
1249.74
1918.91
1481.88
1689.3
2801.34
1609.94
1116.76
3243.42
1883.07
1071.17
1363.03
1717.67
1752.39
1380.16
1606.24
2700.62
2772.29
2405.98
1901.42
1335.91
1356.3
1830.4
2464.01
2815.09
1412.26
2119.28
2096.95
1635.96
1558.14
1564.39
1528.02
1905.63
974.154
3215.5
2182.15
2275.75
2629.18
1429.25
2479.76
1181.4
3170.9
1731.28
2351.6
1302.56
1347.55
1191.46
989.359
1917.09
1155.25
2053.97
2184.57
2370.71
2646.51
1357.07
2086.57
1676.9
1860.36
1826.4
1090.79
1444.1
2263.92
1839.75
2404.05
1498.13
1494.25
4473.02
1700.46
2343.41
2028.17
2798.75
2396.07
1863.13
2326.35
1995.96
1159.85
3000.41
1456.59
1780.78
1376.07
1607.47
1521.83
4524.14
1901.76
4058.2
2772.77
1476.19
1823.17
1609.77
4973.59
2312.86
1320.43
1535.75
1693.49
1540.62
2411.61
1208.87
1957.83
2288.19
3335.75
2408.15
1419.84
1183.8
1124.93
1655.46
1357.62
1508.83
1400.59
1729.32
1486.56
1409.8
1262.5
993.123
4108.48
1882.33
1034.68
1597.17
1843.37
1493.65
2933.74
1745.12
1912.1
2733.04
1547.99
3013.16
2523.58
1499.54
1672.98
1500.63
2909.08
1512.89
1535.39
1575.4
1569.74
1544.67
1125.42
2268.66
2234.63
1582.4
2518.57
2625.82
2614.3
1908.31
2027.66
1794.4
1591.65
2378.74
1270.18
2684.2
1687.5
2159.54
2759.24
1642.57
1371.76
2298.59
1181.83
2189.43
1299.85
2060.47
1406.97
1946.09
1402.7
1897.07
1693.81
1536.05
2380.35
1832.51
1439.11
2430.37
2882.07
2695.22
1814.68
1133.59
1652.27
1642.38
1473.34
1797.72
1865.99
1277.44
2028.26
3254.26
1877.08
2139.82
2005.96
1663.73
1552.81
1810.35
1580.05
2106.2
2719.5
1075.79
3053.17
1334.77
1409.08
2519.56
2085.4
1749.28
1810.11
2506.34
1592.31
2202.36
2271.91
2700.15
2025.25
2646.65
1761.07
2448.97
1852.09
2312.47
2471.55
1214.87
2529.18
2748.8
1961.56
1084.94
2272.42
2290.11
1233.73
1750.99
1488.27
1154.23
2441.53
1347.9
1663.54
1388.44
1465.15
2198.04
1454.51
1606.49
1463.67
1710.63
1473.77
1372.99
1553.6
2130.88
1885.09
1155.83
2505.78
1377.58
1427.98
1401.95
2217.5
1491.07
1389.75
2153.41
1920.32
1483.03
1868.68
2290.88
2644.06
1349.47
1274.5
1647.16
3097.27
1761.87
2318.16
1139.41
1515.83
2238.82
1982.92
6088.85
7026.1
2075.53
2672.41
2970.64
2741.24
3061.02
1987.26
1345.11
2072.6
1476.31
1339.7
2019.8
2616.99
2990.4
1356.66
1338.79
2153.88
1429.67
1685.97
1913.32
1332.77
1156.29
3359.07
1437.85
1878.92
2983.17
1486.66
1546.89
1258.39
1704.94
4072.78
1113.63
1099.5
1968.68
3050.66
1571.65
1420.96
3894.76
2106.76
1199.06
1317.97
2342.07
1298.59
1770.43
1606.51
1671.61
1973.12
1682.81
1474.39
1570.03
4566.48
1212.93
3066.14
2810.53
2088.63
2319.61
2165.45
2183.6
1803.02
2309.19
1562.78
1582.25
1968.78
1138.35
2861.24
1784.68
3106.17
1741.91
2050.98
3434.3
1566.92
1305.4
2009.96
2801.53
3092.11
1254.98
1600.97
1890.95
1121.32
1243.97
1862.94
1931.85
1964.47
2355.37
2015.15
1587.31
2094.88
1909.74
2080.1
1645.51
2065.79
1551.01
1291.77
1406.98
1504.62
1447.06
1613.79
2175.62
1448.64
1503.86
2347.4
1423.09
1917.01
1453.38
1547.67
2074.23
1302.64
1494.9
2159.15
1450.67
2883.68
1470.62
1638.03
1255.86
1775.28
2548.34
1726.45
1721.74
2401.47
2193.69
5976.84
2494.89
2225.85
1818.74
2259.16
1785.07
4982.38
3505.26
1662.56
2731.1
2191.18
1960.34
2268.94
1801.21
1480.18
3803.68
2648.51
1762.45
2091.29
3082.05
1980.39
1713.32
1740.33
1755.86
1979.62
2523.45
1335.21
1607.68
4195.13
2369.85
1862.38
1409.93
1955.97
1486.12
1639
2455.06
1566.85
1761.34
1756.73
1802.48
1497.17
884.47
2669.7
1466.52
1863.15
2225.38
5428.61
1808.28
1715.28
2238.47
1759.33
1570.38
1510.39
2683.68
1834.9
1701.34
2034.82
2358.6
2343.65
2588.27
1998.56
2903.52
1507.44
2014.57
1002.96
2377.67
1670.61
1320.03
1390.82
1253.87
1747.65
1528.51
2076.72
1188.17
2185.25
1307.12
1698.21
1752.01
1585.51
1601.24
1912.6
1786.07
2004.83
1723.84
1377.23
2085.58
1606.99
1353.56
2252.84
2406.77
1667.27
1566.8
1510.14
1739.54
2480.19
1177.8
1261.96
1406.94
2355.39
1558.03
1547.58
1859.66
2206.07
1837.72
1785.7
1669.72
1336.79
2444.37
1675.89
1954.14
1865.02
5072.97
1874.91
2134.14
2460.07
1705.85
2416.95
3912.46
1935.65
2061.89
2696.53
3032.84
3307.37
2309.53
1789.4
2133.67
1245.51
1515.89
2125.7
2100.89
4361.18
2544.24
1677.34
1435.66
2450.82
2170.75
1210.54
1439.35
1490.63
1699.19
2282.04
1794.57
2028.52
2796.56
2838.76
1883.14
1560.92
1364.65
1512.75
2755.12
1571.2
3091.54
3195.46
1300.09
1395.28
1567.03
2446.4
2870.75
1598.62
1310.01
2051.03
1884.3
1948.35
2119.72
2895.88
2470.73
1336.71
1191.39
1788.41
1909.42
1020.98
2166.94
1929.44
2378.74
3461.55
1698.29
2611.96
2332.76
1998.03
1252.77
1270.96
2542.82
3368.6
1439.54
2296.85
2354.25
2225.73
1955.76
2033.62
2457.72
1671.25
1161.32
2446.8
1938.53
2233.59
1916.88
2323.47
2519.88
1063.47
1354.34
1410.72
2116.28
2013.2
1178.48
2270.66
2366.41
1103.8
1731.14
5587.83
1688.16
2756.12
1408.37
2696.11
1957.58
2060.28
1573.58
1389.71
1259.4
1777.49
1148.52
1688.85
1502.17
1751.21
3284.75
2363.27
1963.02
1182.88
1654.15
2263.08
2695.57
2873.21
1655.35
2611.69
1651.22
1626.69
2015.18
2855.77
1437.22
1650.48
2388.3
2155.6
1847.83
1340.74
1694.21
1672.1
1409.7
1712.1
2320.16
2706.14
1615.73
1327.95
2574.53
1506.95
1974.07
1572.31
2322.98
1522.84
1412.49
1518.5
1796.69
1345.23
1103.16
1884.06
2447.61
1365.82
2040.69
1727.89
2003.23
2622.92
2121.76
2467.9
1585.79
2269.54
1001.21
4388.12
1530
1792.97
1553.48
1780.22
1596.98
2397.37
2094.09
1905.81
4880.16
2026.44
3976.65
4525.85
1493.33
3937.5
1702.61
1385.1
1496.08
1644.45
1271.11
1624.61
3505.6
1065.55
2175.63
2730.04
1843.37
1097.66
1220.56
1422.83
2363.29
2421.38
4723.13
3188.03
2197.48
1697.98
2296.87
3353.68
3134.07
1875.83
1927.29
3370.99
1796.26
2693.48
1664.32
2687.93
1820.7
1326.86
1867.15
1587.52
1682.17
1864.01
1755.13
2380.41
1948.65
2481.59
2052.85
1764.85
1515.51
2124.45
1361.95
1860.82
2139.9
2744.57
1542.99
2501.82
2728.53
1905.6
2833.94
3601.44
1703.73
1619.05
2916.1
1535.33
1682.64
2048.57
2783.4
1379.32
2568.85
2203.09
1479.37
1301.51
2316.19
1378.61
2567.75
1645.21
1213.39
1828.39
1665.75
1555.87
2519.73
2959.07
1638
1735.17
1035.52
2841.03
2256.61
1376.12
1560.16
2854.9
1465.52
3252.84
1767.81
1834.36
1476.26
1963.37
2116.46
2546.1
1598.85
3602.97
1247.59
1651.95
2170.48
2412.26
1631.82
1953.09
1606.22
1407.94
1600.57
1245.67
1591.06
1843.16
1320.04
1457.7
1402.21
1371.64
2104.82
1535.38
1547.24
1858.49
1740.6
1132.95
1965.36
2180.51
1566.16
1885.02
3417.18
1485.65
1190.8
2370.12
2922.27
1848.99
2522.13
1636.31
1315.36
1749.31
2826.61
1966.2
1294.62
1223.89
2234.16
1813.63
1796.07
1725.12
1458.25
2323.95
1071.44
1710.74
3224.38
1726.55
1913.39
1795.74
1721.73
2236.88
2005.71
7672.71
2890.19
1674.8
1331.43
1245.18
1710.53
1923.79
2134.41
2415.3
2474.26
1989.69
3294.39
1712.11
1467.53
1496.13
1945.16
1818.67
1902.04
1275.14
1045.04
1604.17
1655.48
2389.83
2012.95
1579.1
1940.42
3032.28
1248.65
1659.44
1586.33
1352.05
2450.9
3638.73
1844.23
1585.59
1675.96
1694.31
1528.3
1396.03
1738.49
1358.72
2173.74
2079.68
1144.71
1753.51
1976.38
1868.12
1127.97
1133.45
1608.21
2211.14
2085.19
3979.82
2461.23
1273.41
1441.91
2232.62
1345.11
3187.83
1255.65
1371.27
1247.09
1849.71
1616.24
1623.51
2084.2
1103.3
1660.83
3360.15
1592.71
1862.78
2651.52
1704.74
1820.34
1212.99
1658.71
1655.74
1143.08
2217.15
1939.29
1601.79
2204.09
1233.68
1250.73
1413.13
2014.02
2408.21
1766.53
1612.68
6503.73
2202.46
1426.41
1597.58
1875.83
1229.36
2362.23
1467.63
2263
1536.48
1658.96
1967.46
2168.97
1784.93
1405.09
1427.13
1245.95
1154.82
1471.39
1067.34
1996.8
1220.8
1874.26
2663.78
1228.11
2100.31
1735.92
2186.39
1769.31
3953.95
1595.1
3261.33
1461.76
2100.36
2028.25
1583.89
1715.07
2006.75
1113.72
2065.44
1718.45
1220.72
1806.72
2397.62
9504.02
1393.54
1741.06
1571.18
2069.79
1320.85
2772.99
2090.77
2068.72
2174.3
1323
1467.83
1874.42
2001.48
2332.11
2774.15
3498.97
2721.21
1282.31
1775.79
1708.65
1398.48
1885.76
1008.75
5941.34
1654.72
2579.76
2979.81
3013.08
1830.23
1231.61
2005.84
1764.63
2571.4
2161.32
2543.62
1745.08
1968.05
1624.74
1271.73
1682.64
1531.43
1107.67
1361.52
2077.56
1449.99
1356.17
2762.61
989.088
1761.36
1396.2
1302.48
2226.77
1415.62
2432.56
1783.29
3530.55
2455.46
1917.31
2831.57
2088.74
1954.37
1778.72
2102.65
1213.77
1174.58
2552.1
1829.83
3222.05
2216.76
1504.82
6711.16
1071.14
3431.85
1899.83
2593.7
1643.25
1930.45
2260.83
1580.12
1216.6
2087
2094.79
1541.35
1671.93
1501.76
1348.5
1588.96
1627.48
1296.48
2013.53
1363.67
1482.99
2516.25
1485.03
1758.17
1549.56
1659.07
1534.91
1385.75
1301.44
1511.68
2063.2
1350.4
1684.16
2260.73
2109.74
1648.73
1369.21
1779.01
1384.48
3867.06
1437.03
1307.44
1798.96
1422.06
1731.41
3515.23
964.154
1782.03
1541.96
2018.84
2480.38
1277.23
2411.18
2969.01
1423.12
1934.19
2974.72
2627.26
2427.6
2146.27
1426.62
4213.56
2738.15
1420.82
1514.93
1170.65
1260.7
1470.46
2006.8
979.083
1371.4
2228.75
1476.61
2181.77
1836.05
2249.59
1490.32
3603.03
2030.9
1769.29
1658.8
2042.9
1986.97
2710.76
1828.9
1245.86
2800.06
2025.85
2633.18
3249.37
2033.96
2077.3
2846.38
1415.27
1442.02
2810.37
1360.99
1703.89
2040.63
1924.49
2205.22
1817.46
1826.79
1205.7
1217.41
3042.19
1873.81
1111.97
3722.89
3117.67
1433.53
1005.94
1182.46
1470.71
3588.23
1812.93
2197.99
3479.74
2161.15
2612.58
2069.32
2353.1
3748.6
1650.97
1312.5
2601.85
1588.21
2143.97
1064.41
2399.41
3656.06
1416.97
1340.25
1574.91
1323.59
1615.44
2415.54
2216.15
2949.79
1409.62
1976.17
1243.59
1971.19
1916.35
1762.15
2390.68
2954.53
3619.53
1480.94
2282.48
2256.52
1717.93
2730.68
2060.09
2072.83
1490.69
1842.65
2647.09
1115.22
1857.92
1308.92
2401.77
1768.28
2104.26
1590.95
1246.18
2279.94
1475.05
1896.32
1681.92
1369.43
1563.87
1231.94
2645.04
2776.15
3000.08
2435.44
5296.28
2010.19
1706.57
2730.63
1434.19
2244.13
1239.5
1795.92
1704.59
1469.25
1431.37
2241.14
1219.7
1284.36
1332.21
5000.31
2316.3
1054.68
1846.97
2078.14
1307.27
3438.44
2669.39
1844.01
1634.2
1778.78
2262.62
1678.68
1336.22
1665.1
3704.02
1129.18
2026.73
2111.1
1068.18
2216.58
2961.71
1314.64
1884.52
2244.13
2429.97
1534.14
3398.53
1608.13
1730.7
2885.18
1761.06
1335.43
1542.48
1336.08
1256.93
1550.75
1389.97
1479.43
1757.85
2337.24
1549.66
2096.42
1632.85
2106.96
3978.81
3009.32
2875.36
1542.7
1083.96
1140.48
1191.19
6596.96
1750.79
1992.91
3044.05
3538.83
2260.17
1413.73
1637.54
3040.89
1805.71
1792
2900.35
2295.94
2062.47
1753.01
1825.63
1734.19
2249.12
1552.81
1399.49
1211.17
1523.71
3575.57
1461.07
1652.1
1328.28
3392.13
1812.14
4044.73
2109.32
1655.81
1675.85
2186.65
2073
1643.78
1844.15
2106.27
1930.67
2846.14
1565.99
2460.72
1629.75
2055.98
1409.45
2273.12
1635.3
1606.7
2257.76
1629.15
3187.25
3082.79
1724.56
2322.74
1862.03
2230.67
1343.35
3735.93
2011.22
1361.71
1572.56
1471.58
1863.19
1888.79
2459.32
1896.85
1341.89
1521.24
1448.09
1714.01
3296.37
1751.96
2142.28
1706.5
1885.71
2114.61
3514.81
1356.04
1676.48
1080.18
2329.84
2066.98
1227.57
1770.01
1509.85
1304.61
1582.94
1816.81
2543.94
1451.54
2107.31
1592.53
2111.3
3333.83
2562.17
4029.54
2060.42
1438.63
1932.56
1667.92
2667.76
2042.64
2473.71
3365.6
1982.07
2214.36
1945.87
2390.52
2162.09
2561.2
1815.44
2430.32
1424.76
2372.68
2468.68
2363.72
1562.01
1339.83
2147.47
2482.58
2320.27
1785.01
1904.77
1323.39
1372.93
1448.79
2386.9
1913.03
2391.84
1212.01
1615.54
2043.16
2032.17
3425.75
1364.1
1328.66
1457.39
2570.09
1631.66
2027.62
2423.44
1308.94
1516.88
1839.82
1919.35
2062.88
3237.17
2953.66
1792.48
1489.2
2085.81
1109.51
1637.31
1612
1595.02
2384.7
2226.74
1147.13
1981.82
2159.62
987.097
1218.22
1437
5357.71
2702.78
1454.21
1341.91
1565.06
1583.09
1833.98
1360.8
1800.48
1363.6
1886.68
2131.1
1398.94
2835.43
1174.95
1903.26
1631.71
1443.65
1838.86
3719.01
1595.92
1764.66
1212.91
1962.29
3179.76
1504.69
1324.24
2028.58
2425.52
1756.08
1617.82
1637.92
1205.98
2083.59
3332.53
1241.62
1940.25
1591.34
1662.75
1728.16
2772.09
1483.08
1961.55
1386.87
1518.12
1838.79
1430.39
1977.29
1661.86
2839.49
5273.4
2646.54
1880.92
2271.2
1795.49
3150.89
1384.43
1825.91
1146.38
2057.08
1789.29
1938.71
2043.34
1356.65
3117.77
1674.85
2441.69
4140.18
2623.46
1994.21
1434.18
1161.61
1406.85
2277.91
1663.11
1987.16
4692.94
1706.8
1929.25
2117.81
1872.35
1965.04
1390.65
1417.86
2916.08
3625.69
2787.97
3362.71
2223.96
1602.97
1906.7
4355.03
1728.11
1794.73
2774.55
1407.81
1580.07
1554.86
4216.88
2416.57
2234.9
2275.25
1759.02
2299.47
2509.18
1658.7
3211.38
2925.78
1700.45
1696.6
1965.63
2421.56
1590.19
2291.67
1181.09
1518.85
2062.87
2840.58
1447.22
1837.06
1918.34
2956.49
1894.24
3060.51
2247.28
3589.21
2132.87
1652.43
2430.09
1857.42
1470.09
1509.47
1714.63
1848.7
1596.81
2411.34
1492.58
1984.81
1470.9
2202.5
1543.36
2262.01
3541.36
1337.29
1646.03
1303.85
1660.55
1303.34
1680.29
1648.69
1707.61
2452.71
3747.14
1707.44
1717.76
1441.1
2603.47
4237.33
1266.04
1462.23
1975.19
1558.06
5431.75
2702.18
2508.62
1016.47
1298.78
1416.56
1506.89
4071.98
3968.05
1309.21
1859.32
1721.61
1642.33
2214.94
2820.06
2585.28
1707.89
1903.23
1640.94
1779.12
1014.97
3825.88
1432.36
1906.76
1862.93
1822.48
2991.58
1296.06
2475.33
2409.37
948.611
1654.31
2260.75
1851.53
2335.47
1579.69
2295.79
1475.84
1591.48
1650.49
3345.46
2535.78
1152.57
1761.56
2613.19
1340.1
3425.78
3363.5
1539.4
992.282
1847.49
2686.63
1412.89
2399.63
1852.02
1255.26
1428.05
1113.26
1613.13
1440.72
3293.92
1826.33
2407.09
1001.66
3249.36
1572.94
1906.83
2215.73
2189.39
1897.69
1837.15
1928.54
1005.96
1943.41
1814.42
2741.36
2415.31
2887.59
5072.52
2165.33
1732.29
1801.23
1829.93
1028.74
2759.35
3091.21
1679.2
2491.46
2069.18
1947.31
2020.79
1454.85
1211.36
1305.09
3187.23
1425.42
2240.55
2166.68
2284.04
1591.11
2185.41
1739.1
1960.28
1188.29
1487.43
1696.36
3025.16
2091.72
2384.77
1667.4
1493.35
1806.58
1577.8
1309.44
1756.19
1989.92
1486.13
1750.82
1288.8
2116.95
1407.61
1645.54
2395.25
1347.86
1503.18
2965.3
1602.35
1386.48
1377.94
3349.97
2363.05
1281.05
1667.56
1050.01
2143.74
3767.76
2076.67
3438.02
1651.32
1346.02
2148.61
2821.6
3581.34
1411.24
2436.19
1524.17
2900.6
3332.74
2092.67
2011.6
1827.94
1408.82
1495.38
1218.56
2076.32
1337.86
1861.87
2152.39
2125.95
1193.63
2183.77
1706.9
1778.3
1579.94
2053.49
1252.46
1993.86
1514.62
4615.49
1289.12
3896.14
2562.5
1874.74
1635.12
1909.36
1449.51
1583.07
2046.87
2169.34
1506.16
6295.46
1524.02
1170.95
1912.72
1530.93
3012.68
2033.21
2112.7
1504.86
2514.75
3022.56
1918.38
1873.4
1314.65
1863.12
2697.75
1671.82
1774.9
1282.08
1206.61
1994.22
2120.43
1339.32
1694.26
1344.05
2000.09
1547.24
3361.28
1580.88
1470.8
2490.23
1279.11
2460.88
2022.88
1502.45
2070.81
2450.15
1216.07
2239.61
1740.21
1490.24
2823.44
2269.91
1539.14
3594.28
2497.04
2734.73
1039.47
3237.25
1609.58
1970.26
2029.2
1823.3
1411.67
1288.98
1758.52
3128.59
2736.92
1327.29
1509.15
1278.02
1797.94
1312.9
1749.2
2255.29
2054.69
1120.75
1146.96
1463.45
1562.79
2127.21
2647.02
1798.41
1863.12
1223.48
2336.5
1146.48
2542.31
1651.68
1376.57
3460.14
1934.87
2048.6
1335.55
1639.18
1857.13
2121.34
1307.62
2890.38
1929.42
3434.66
1291.61
3398.55
1205.75
2265.34
1506.94
1611.85
2702.96
976.014
1860.7
3730.7
1480.75
1809.97
2380.17
1855.7
1762.63
2582.98
1721.77
1442.1
2370.97
1780.24
1578.84
1090.93
2521.4
1625.49
1712.05
2296.46
2048.09
1970.62
1293.43
1446.46
1796.15
1710.98
2003.94
2073.89
1545.25
2096.56
1861.52
2319.85
1661.78
2223.06
2346.44
959.423
2039.27
1886.52
8079.6
3004.04
1541.97
1748.61
2179.36
1823.78
1459.71
1674.69
1758.65
1345.34
1462.9
2203.24
1388.75
1949.97
1929.05
1946.6
3248.51
2688.78
2633.05
1534.55
2421.07
2097.56
2266.63
1256.72
1455.59
1862.45
1493.52
2071.39
2418.27
1747.16
2210.74
1177.46
2051.22
2471.54
2009.26
1502.66
1307
1526.72
1878.39
2690.72
1453.46
2277.52
1166.5
1559.24
1540.37
960.729
1314.18
1492.5
1264.65
1704.49
1791.18
2160.47
2171.2
1333.82
1789.06
3348.1
1100.15
3190.01
1920.68
1978.92
2027.59
2896.03
1134.15
1951.56
1178.63
2795.5
3865.11
1116.89
2194.26
2362.64
3055.08
1798.01
2398.28
2406.08
1837.87
2120.27
1892.22
2607.36
2961.08
1464.28
1865.04
1292.3
1572.79
2755.04
1742.19
971
2622.87
2419.14
1488.77
2866.06
1367.55
2845.74
2204.38
1891.12
2202.54
1594.75
2050.21
3871.62
2057.25
1708.38
3897.48
1314.64
1960.76
1442.1
4712.11
1652.52
1808.68
1304.17
1734.29
1255.9
1299.28
6409.97
1612.24
1205.8
2039.14
1999.31
2882.16
1463.93
1630.39
1735.66
2063.39
2080.69
1465.66
2749.04
1980.22
1526.3
2098.43
1824.46
1982.6
926.762
1702.96
1607.69
1879.55
1486.28
2082.01
1527.76
1303.03
1681.44
3083.06
1540.33
1550.48
1861.33
4243.36
3014.29
2019.8
1243.79
3395.88
1103.91
2196.1
1859.49
3423.61
1229.03
1177.74
2208.67
2128.12
1668.27
1535.4
2870.11
1920.45
2989.28
1519.14
1535.22
1919.55
1729.66
1729.12
1812.3
3370.97
2866.19
1123.24
2800.57
1919.86
1925.62
1476.47
1696.34
1685.57
1966.44
1390.35
1572.36
2388.71
5032.91
1402.75
1651.13
1135.83
1666.56
2400.86
2110.98
2696.7
1875.78
1923.58
5853.62
939.065
2165.66
3366.69
2088.53
2540.94
1196.56
2740.42
3631.11
1341.52
1639.21
1571.64
1588.42
1785.44
3387.88
1667.07
2503.87
1822.53
1181.62
1509.13
1418.83
1718.25
1600.56
2277.47
1343.78
2988.76
2337.09
2708.88
1295.37
1150.02
2024.66
1278.3
1436.62
1224.05
1697.49
1123.62
1452.84
2004
1670.77
1904.94
4776.42
1150.44
1214.34
1588.89
1537.68
1839.35
1780.09
2217.64
2724.33
1388.32
2045.88
2575.62
2149
1147.78
1959.68
2142.63
1612.17
1493.37
2606.64
1976.58
1319.62
2111.9
1366.91
1252.19
1629.38
2169.33
1473.17
1461.11
1968.94
1580.5
3288.36
3523.95
1988.98
1300.77
1607.15
1166.72
3446.1
2193.83
1894.52
1284.09
1939.11
2082.89
1913.16
1421.24
1467.61
2312.71
3512.47
1733.93
2377.18
1293.34
2523.25
2104.32
1608.73
2149.47
1185.11
1446.64
2734.13
1935.09
1751.5
4316.26
2214.67
2390.82
2165.05
3257.78
1823.64
1917.4
5336.62
1622.51
3268.03
3363.6
2513.15
2363.32
1274.9
1227.56
1952.65
1254.63
4193.38
1406.42
2485.37
3297.34
1396.3
3313.45
1385.62
1374.54
1384.77
4034.45
1595.27
2868.11
2050.22
3720.96
1688.72
1992.74
1954
3074.33
2936.1
1336.72
1679.03
1578.35
1327.26
1676.49
2161.38
2309.09
2459.71
1390.1
1843.62
1456.33
1456.34
2106.45
1583.57
1989.13
2163.96
3473.06
2424.05
2160.29
2336.59
3387.7
1356.57
2014.95
1562.64
1617.76
2321.57
2212.37
3174.05
1200.31
1413.6
2404.26
1274.51
1093.73
2734.42
2702.79
2000.01
1492.79
2109.8
2486
1126.1
2205.32
2085.97
1313.32
2017.95
1247.06
2581.23
2915.23
2072.73
1714.07
3758.98
1284.34
1445.51
1499.47
2740.77
1272.85
973.994
2011.28
1974.83
2166.42
2281.69
1641.75
1327.36
1844.78
2019.14
1596.37
1543.23
2191.64
1824.77
2347.64
2487.06
5507.75
2836.7
1970.96
1550.22
1650.49
1712.13
1587.15
3495.25
1988.5
3419.05
1156.93
1236.65
2320.22
1881.91
1987.52
2790.8
4405.37
2774.67
1090.72
1693.43
2715.39
2541.45
2698.76
2608.18
1374.88
1773.7
1878.85
1728.38
2417.41
1908.67
1682.68
980.356
2115.43
2100.24
1144.61
1265.11
1591.41
1208.64
1433.58
1817.47
1460.05
1929.78
1890.53
1630.01
2235.23
1074.49
1480.38
4827.31
2735.54
1628.05
1748.88
1470.74
2064.58
1957.48
2067.82
2355.57
1660.18
1591.57
4298.5
2213.76
1286.55
1438.19
1505.01
1314.14
2825.79
2309.97
1727.78
1746.01
1577.84
1602.77
2029.41
3693.33
1385.55
3378.11
2940.26
4076.28
2007.64
1405.7
2053.72
1384.42
1609.7
1783.35
5658.27
2112.76
3831.09
1279.07
2696.31
1907.48
1734.58
1477.13
3397.12
2270.73
1529.56
3559.07
1883.8
1115.66
1843.31
2494.71
2169.5
1752.07
2167.91
2366.43
2967.05
2948.98
1164.01
1637.22
2536.88
1814.91
1738.52
1350.14
3120.65
1869.58
2372.85
2457.72
2191.37
2344.79
1346.96
1501.66
1623.28
1878.74
1323.97
1061.99
1745.71
1439.11
1970.72
1102.74
2743.94
1294.21
2666.6
1886.45
2734.74
2264.77
2724.17
2571.35
1762.87
1922.53
2252.26
1544.43
3477.21
1934.38
1439.21
1677.18
1947.53
2047.94
5544.88
1263.7
1570.9
2117.9
2824.3
2880.4
2170.21
1555.9
1038.78
2173.02
1517.09
1492.59
1674.9
1855.64
2874.37
1097.29
1553.89
1608.32
4107.85
1550.16
2139.62
4001.07
2669.55
1600.25
1804.99
2114.87
1874.04
2324.94
1067.09
1564.11
1510.26
1693.85
2205.66
3686.35
2367
1980.17
1047.88
1212.58
2551.93
2858.1
1175.11
2648.61
4971.32
1767.31
1696.28
1905.01
2492.04
1577.85
2164.55
1515.46
1616.22
2645.43
1622.37
2346.51
2100.71
1417.99
2794.85
1855.42
1481.96
1647.41
2012.1
2665.68
1993.15
3238.07
2430.29
1752.32
1342.12
1220.81
1583.98
2125.31
1149.32
2231.08
4039.12
1495.38
941.065
1404.4
1378.11
1705.78
2937.09
1416.5
957.67
1322.3
2347.22
1590.86
1849.73
2161.23
1597.04
1977.95
1885.69
3873.47
1587.94
2084.41
1846
1654.36
1698.26
2040.26
1743.47
1899.21
3099.96
2006.87
2187.09
1980.6
2111.84
1322.62
2243.4
2321.98
5119.23
3143.15
4322.33
1559.79
1965.08
1502.72
2138.62
2860.88
1711.35
1050.65
1817.55
1928.5
1404.1
1602.71
2306.99
2388.6
2064.56
2065.3
1753.1
2041.98
1468.29
2157.74
2231.62
3067.95
4568.27
1225.35
2791.31
1259.86
1807.61
1196.09
2122.43
1206.15
1506.21
1902.13
1934.73
1493.92
1610.82
1737.93
1396.4
1175.19
2051.4
2005.05
5905.95
1863.05
1586.94
2458.27
1639.43
2088.85
2907.24
2085.58
1762.85
2390.94
1243.6
1609.38
2454.68
2363.6
2036.65
1957.07
1523.2
1593.94
1709.76
1822.52
3273
1331.05
2629.97
1538.4
1842.2
2049.15
2151.63
1666.5
3579.35
1838.31
1455.81
4081.95
1001.6
1426.48
1912.33
2957.38
1202.6
2518.26
1761.57
1978.44
1324.41
2563.74
2249.19
1287.7
3758.53
1732.82
2263.66
3103.3
2469.82
1568.1
1596.72
1726.97
2016.67
1673.67
2304.93
1280.05
1591.76
1708.35
2742.82
2707.12
1405.11
2620.22
1358.45
1786.11
2730.7
1807.38
1840.82
1538.13
1815.1
4038.92
1238.49
1913.07
3596.33
1441.78
1785.48
2194.29
1778.88
1882.47
1140.67
1766.78
1355.86
1945.72
1587.44
2964.79
1465.55
1908.17
2054.38
1751.12
985.137
2585.73
2052.2
2326.47
3037.3
1807.23
3067.84
1828.96
1342.3
3555.05
1656.35
1742.17
1804.39
1753.28
1320.14
1813.68
3611.41
1630.15
2262.27
1837.18
1767
1669.62
4526.62
1519.5
3440.26
3951.27
1160.41
1936.3
1319.74
2036.68
1392.87
1516.55
1804.19
1367.61
2565.46
1289.04
2232.75
1903.78
1132.07
1587.66
4665.12
3425.57
2469.52
1400.33
1620.71
7332.08
1584.96
1681.59
1078.57
2973.38
3195.92
1293.28
1954.57
3587.89
1793.38
1353.24
1745.1
1043.06
2214.17
2745.91
1414.77
1341.44
2110.58
1828.22
4693.43
2475.84
1597.58
1103.14
2742.78
2649.99
1717.31
1940.46
1274.95
1680.11
2385.94
1336.41
1605.17
3660.65
2827.13
1936.8
1832.23
1513.93
2831
1783.65
1416.83
1577.56
874.288
1480.33
2345.12
1736.52
1530.11
4590.71
1781.14
1789.35
1720.37
1995.95
1498.78
1520.68
2539.17
2055.34
2387.36
1257.38
1429.47
1922.22
1585.64
2475.11
2565.19
2700.29
1508.38
1783.43
1520.62
2599.24
3063.61
1783.56
1563.67
2122.03
1619.82
2703.04
1562
2020.48
1738.94
1985.7
1537.49
1391.45
3238
1452.32
1354.45
1550.16
3484.3
3480.78
1510.16
1513.55
1238
1028.08
2208.68
1771.86
2691.91
1201.63
2531.95
1920.55
2228.73
1396.79
1929.08
1432.07
1210.65
2595.78
2314.68
1504.41
1613.85
3949.45
1027.83
1506.75
1333.08
1673.26
2952.67
1532.42
2694.5
1799.89
1007.07
2216.04
2251.32
2137.4
1374.65
1764.65
2032.43
1458.53
2025.67
1237.42
2139.19
1304.58
1985.19
1534.77
1976.1
1583.24
2183.36
1183.96
1958.43
3907.06
2021.96
1889.65
2509.85
1386.81
1591.28
2191.72
1684.6
1524.91
6576.95
1969.62
2205.77
3866.15
1873.03
1486.69
2760.6
1273.36
1470.02
1891.28
3073.94
1599.67
2028.7
3125.39
2135.6
3038.23
1844.43
2392.23
1755.59
1420.4
1793.19
1709.34
1833.63
1580.07
2127.54
1989.56
1956.93
1303.3
2266.99
1475.13
2328.85
2335.94
1871.02
2573.57
1834.75
1480.78
3369.5
1790.57
2017.32
3514.24
1164.73
1148.17
2674.03
1808.67
2449.49
1906.39
1875.05
2073.86
1817.29
1547.02
1854.11
1232.31
1835.15
2034.24
1433.85
1874.75
1999.56
6816.6
1645.72
2100.51
2410.1
4711.89
1455.05
2337.54
1369.22
3541.53
1564.24
1459
1135.01
2065.44
1582.43
1503.92
1027.51
2579.54
2115.1
1010.49
3367.26
1884.62
1175.21
2163.85
1678.98
1327.24
2635.67
1592.72
4582.13
2584.14
1299.89
1555.27
1618.72
1324.81
1725.69
1274.51
1586.42
1884.52
3708.73
1779.78
1349.23
1804.99
1707.4
1596.96
2147.87
1040.02
1354.49
2730.3
920.47
2450.88
2590.38
1959.04
1482.26
1417.48
2138.95
1855.95
1945.26
1976.56
1593.37
7439.56
1905.18
1351.53
1849.93
1983.35
2078.84
2129.12
1240.33
2715.44
3150.97
2028.42
1659.14
2831.47
2272.61
1506.39
1684.75
1426.6
4077.77
1874.7
1272.35
1334.99
2008.78
2985.52
1311.79
1304.21
2828.07
1281.92
2591.79
2071.12
2107.78
1680.34
1193.79
2231.59
5260.52
4589.96
2137.67
2844.38
3298.76
2812.66
1009.64
1540.29
2000.94
2175.13
1043.36
3435.33
1459.78
1324.74
1967.11
2149.12
1594.89
1594.16
1256.63
5342.99
1757.88
1816.4
2245.55
1430.18
2436.09
2714.05
1809.54
3015.54
5525.77
2015.03
1763.08
2213.13
3544.51
1558.49
1672.94
1480.92
1887.35
2388.37
1674.98
1984.21
1579.71
1523.08
1678.57
2046.2
1269.79
1573.74
2502.57
1555.63
1464.23
3745.46
1979
2312.31
1296.45
1884.68
1262.21
2714.82
1153.32
1570.17
1877.88
2086.1
1534.35
1538.97
1943.8
2120.21
1668.31
2124.8
1973.03
2546.88
1801.23
1326.86
2590.24
1106.67
1684.8
1651.47
2320.84
1260.21
2218.99
1366.12
1076.09
2679.55
3205.91
2337.97
2406.26
1298.3
1597.54
2515.23
1103.61
1460.66
1495.19
2927.11
2077.17
1706.24
1523.22
1856.82
1828.1
1174.43
2215.85
2219.74
1219.21
2412.48
2604.32
1429.53
1394.5
2075.8
1545.31
1683.06
1280.23
2319.99
1495.86
1660.27
2433.33
2564.94
3796.27
1583.2
1819.17
2142.93
1400.37
1294.09
1885.56
1368.3
1430.8
1252.27
2205.49
1752.34
2566.65
2520.07
1506.44
1965.48
1954.08
4091.37
2219.52
1795.92
1424.12
1567.87
2198.3
4240.49
1540.05
1200.22
1958.2
1924.07
1338.58
1753.55
2956.69
1355.1
1540.88
2176.33
1885.59
3753.77
2288.94
1215.89
1409.1
2636.14
2475.87
1842.54
1322.2
1631.41
2656.16
2490.55
1791.91
1496.57
1841.99
2396.61
1266.35
1355.96
2933
1456.45
1589.47
1147.58
2257.23
1658.21
1840.7
1148.19
1528.49
4560.99
1764.3
5041.21
1283.24
2871.18
1777.93
1992.83
2689.13
2616.69
1766.05
2175.28
3480.79
1754.63
1123.93
1516.21
2179.17
1531.43
4834.47
1460.67
1855.87
1756.98
2350.72
1270.25
2647.95
1198.63
2693.79
1496
2416.18
2645.58
1901.32
2095.54
2198.47
3043.3
1661.45
1393.04
1826.87
1278.08
1733.68
1271.92
1514.28
1689.32
2358.91
1605.07
2066.18
1914.23
2575.15
1911.13
1120.54
2626.33
1653.27
1726.77
2081.74
1523.69
2869.04
2392.82
3040.59
1422.37
2001.46
2111
1717.23
2681.54
4949.47
3027.62
2372.15
1142.31
2099.55
3018.86
1777.76
1448.14
1925.09
1134.76
1436.58
1760.6
2190.64
2976.74
2759.52
1481.73
1118.74
2671.87
1825.79
1899.75
1928.12
3305.97
1327.78
1238.88
2819.15
1850.75
2003.49
1578.33
1423.19
2060.09
1241.15
1422.71
1821.67
1459.6
2139.45
1605.68
2544.69
2417.3
1453.35
1678.9
2135.37
1072.51
2477.65
1819.7
1698.92
1376.74
1553.56
1568.55
1406.12
1838.47
1349.41
1308.03
1218.52
1325.39
1680.72
1805.86
1649.27
1532.39
1866.11
5892.05
4066.05
2198.3
2963.82
1426.73
1604.11
1235.2
1824.29
1591.21
1785.64
1705.78
1872.32
1630.16
1835.78
1865.04
1559.01
1940.65
1592.64
3478.45
1504.2
1776.74
1264.68
2031.24
1549.58
1286.25
1453.69
2606.52
1665.33
1607.68
1912.28
1538.64
1083.28
2156.76
1672.64
1339.39
1338.92
1468.31
1975.35
3103.64
1104.97
1770.45
3306.73
1917.37
1099.72
2566.6
1590.12
3593.09
1331.13
1488.16
1888.21
1551.92
2711.12
1985.22
2171.95
3210.28
1334.58
4298.17
2022.27
1276.71
1400.06
2293.13
2401.1
1335.93
1601.66
2137
1688.72
1549.67
2757.47
1576.4
1499.37
1147.88
1580.17
1357.91
1661.04
1853.41
1936.04
5723.07
1785.99
2591.66
1644.51
1817.24
1313.02
1723.5
1497.32
2041.76
1923.27
2741.4
1575.21
2095.22
1347.09
3279.05
1146.41
1937.97
1101.28
1768.84
2927.83
1475.37
1721.98
1432.88
1380.15
1526.54
2485.98
1678.77
2227.31
2155.89
1634.78
1678.33
2069.94
3231.09
1451.82
2070.96
2153.67
1267.85
2007.5
8573.21
1993.89
1040.74
2195.77
2387.33
1771.62
2100.73
1723.32
1509.17
1422.13
1451.01
2293.13
2044.24
1298.42
1924.87
2088.58
2367.9
1647.56
2154.36
1459.26
2794.37
2644.31
1534.76
2418.51
1497.98
1372.13
1724.13
1633.51
1811.24
1802.13
1379.59
1140.28
1676.75
1273.24
2165.33
3852.77
2371.08
3289.66
2404.92
2560.72
2089.23
1997.63
1660.8
2972.27
1366.35
1585.76
2338.5
1969.12
1639.27
2270.38
1859.94
1968.47
2425.79
1351.88
1542.14
1240.92
2108.88
1701.09
2095.28
3136.42
1170.88
1822.15
1184.52
1809.55
2431.85
2664.13
985.552
1972.32
2387.43
1928.26
3302.11
2327.58
1424.05
1854.89
1223.04
1491.32
1356.63
1449.63
2743.33
2658.01
1788.87
2617.94
1457.16
1696.42
2975.49
3844.82
1975.71
1207.23
948.825
1541.4
1241.81
2186.61
1257.11
2265.97
1458.3
2033.66
3012.51
1765.6
1590.86
2532.51
2089.4
1533.6
9517.01
1722.16
1927.25
2097.64
1061.76
1258
1678.96
2885.96
2229.71
1244.76
1876.81
2194.18
1428.32
1477.85
1375.29
2439.25
3036.28
2200.89
1667.9
3112.16
1223.61
1630.24
2737.74
2615.21
2100.99
5926.13
1350.78
1881.89
1432.99
1724.12
1459.45
1885.98
5458.57
2798.97
1867.45
2516.72
1715.68
1468.83
1392.01
2973.73
1171.7
1341.23
2187.06
3071.62
3184.02
1297.69
1483.19
1846.4
2954.4
1601.14
2329.38
1526.67
1561.25
2123.14
2032.33
1188.83
2843.98
1354.93
2120.48
2121.66
1491.33
3589.16
1842.07
1423.71
1931.83
1345.98
1364.98
1587.36
1740.05
2654.74
1925.59
1232.54
1115.83
2157.5
2463.37
2314.76
2644.59
2276.97
1158.67
2142.36
2790.66
1472.97
2975.26
1365.41
1170.69
4677.95
1712.68
1969.41
2091.73
1886.67
1573.27
3351.11
2823.12
1262.11
1193.74
1590.86
1895.79
2319.79
3152.16
2305.77
1711.43
1878.26
1131.11
1430.06
1324.57
1801.03
1475.5
2284.49
1829.11
1482.06
2173.61
1145.88
3862.68
1235.8
1082.26
1165.72
1412.02
2194.82
3539.95
1343.82
2249.25
1166.75
2330.92
1558.5
1978.74
1586.2
1286.07
2274.86
3462.95
1581.02
3133.27
2439.87
1492.42
1742.94
1353.29
3337.12
2208.69
1403.3
1596.84
2120.53
2913.32
1189.27
1936.18
1373.74
3368.2
1382.56
4991.53
1403.34
1758.71
1114.16
1246.94
1804.21
1844.22
1886.45
2312.05
2598.91
1621.31
1763.7
2069.81
2872.8
2525.31
1437.94
3062.06
2166.36
1423.04
1837.33
2495.37
3171.8
1805.85
1914.67
5947.15
1276.23
1106.6
1158.23
2431.11
1432.57
2891.37
1631.72
1252.17
2509.26
3195.43
2247.08
1089.59
2732.35
1491.38
4507.59
2224.23
2042.02
1777.52
1664.04
1908.71
3179.84
2011.69
1167.3
1631.79
1932.66
1288.47
1610.84
1660
1260.94
1826.39
1470.19
6194.3
1890.57
1678.38
1277.96
2529.23
1611.02
1900.3
1960.54
1595.52
1071.34
3102.56
1664.64
2636.58
2924.54
3888.42
1914.47
1472.14
1845.84
1608.22
1942.82
1152.8
1939.85
2221.47
2263.9
1381.6
2725.98
2263.39
2112.02
2459.05
1032.03
1317.12
3280.43
1855.4
1596.58
2849.48
1524.28
1453.43
1565.57
3102.84
2170.85
2386.82
7119.87
3065
4413.56
2933.34
1412.82
1857.39
2711.18
1866.94
2257.17
1244.95
2593.87
2545.66
1759.68
1840.96
2774.67
2735.52
1328.32
1778
1148.73
2113.85
1307.61
2372.47
1282.68
1434.3
2185.36
1978.92
2125.77
1425.74
2207.04
3207.37
2865.47
1854.28
3000.54
1298.63
2288.73
3724.96
2103.76
1634.8
2176.78
1389.37
1227.79
1734.6
2361.72
4355.48
2104.29
1941.26
1462.82
1271.41
1863.96
1073.96
2590.06
1707.46
1411.49
1580.68
836.532
1741.04
1820.52
2196.86
2067.78
1270.98
2659.38
1564.6
1542.18
1995.01
3006.68
2846.92
1432.11
1741.18
1288.43
1920.86
1396.87
2205.54
1559.77
1858.9
2259.03
2478.69
1975.54
1946.29
1521.2
1391.26
2461.13
1275.7
2429.15
1640.43
2118.86
1775.07
2193.14
1529.31
2114.07
1593.17
1550.81
1434.57
2334.12
1741.39
1939.09
1903.04
1435.88
3984.15
2681.99
1960.47
2409.41
2187.67
1125.59
2165.73
2394.16
2102.71
1395.53
1764.55
2351.6
1476.14
1839.91
1721.31
1892.68
1881.25
2232.35
1629.56
1372.81
967.857
1592
1488.94
2952.86
2175.88
1829.81
1702.45
1992.03
1728.63
1276.14
1836.64
2264.66
1664.64
1224.4
1416.18
1408.61
1855.32
1904.61
1440.12
2211.97
1986.62
1988.49
3128.19
1843.96
2397.55
1879.65
1827.6
1535.96
1584.12
1628.88
2376.51
2542.61
1960.31
1364.75
2060.63
1499.09
1952.32
2107.27
1001.68
4385.49
1408.23
1699.11
1513.91
1464.83
1136.05
1177.96
2792.72
3090.25
2271.48
2431.48
2053.28
4107.58
1152.42
1317.29
1307.79
1573.19
3133.61
1718.71
1772.58
1940.74
1279.78
1813.19
1639.43
2769.89
1592.41
3169.04
1317.95
2059.4
2680.81
1482.59
1428.88
1752.12
2245.82
2683.87
1301.39
2347
2252.55
1905.33
1229.95
1599.63
1795.24
1713.88
1668.81
1861.57
1701.46
1196.35
2730.02
2353.31
1153.12
2070.54
1569.17
1920.35
1268.94
3085.25
1182.59
2459.02
2811.13
1086.51
1362.75
2040.3
2279.24
1525.65
2679.52
1778.32
2239.25
1865.31
2171.15
1386.24
1118.63
1545.87
1330.86
2359.02
1873.36
2543.15
1911.79
1232.08
3006.07
4895.13
1825.27
1282.16
1677.01
1103.7
1534.45
2351.61
1848.01
1707.19
1619.21
1327.17
2270.46
1101.36
1891.06
2753.27
2591.08
1577.84
1419.26
1329.49
3083.85
2846.6
3980.82
2681.46
1891.01
1423.65
1644.15
1659.16
4142.29
1361.5
1131.49
1652.28
1685.47
2081.56
1445.85
2182.99
1833.7
1784.08
1855.89
1527.17
1567.71
2589.3
1730.06
1445.84
2018.62
2917.79
1478.79
2873.78
2263.3
1164.6
2061.16
1449.38
4713.09
1459.75
1525.18
1690.04
2740.34
1580.19
1789.8
2451.77
1861.68
1554.79
2104.33
1045.99
3764.51
2283.52
3474.83
3380.3
1338.02
2585.22
2507.13
2047.14
3775.26
1799.28
1631.03
1790.12
1539
1639.61
1826.72
1820.93
1189.61
915.858
2119.89
2453.31
1424.81
1660.78
2626.35
2041.76
2333.47
3121.44
1450.47
3320.41
2329.57
1401.68
1704.28
1776.84
999.274
2856.78
1754.25
1216.27
1521.94
1146.77
2420.75
1966.36
2181.98
3648.6
1175.21
4136.66
1963.14
1992.46
1849.7
1428.86
1733.51
2185
1479.83
1835.22
1866.34
2312.45
2646.44
2548.22
2365.53
2521.87
1632
2018.22
1476.34
1746.9
1460.78
1691.33
1792.4
2177.48
2490.75
1845.91
2069.98
1629.18
1519.49
1721.81
2185.62
1935.98
1810.73
5258.88
1887.49
1180.71
2240.25
1444.97
1469.01
1718.36
1214.39
1506.04
2100.02
1631.58
2221.4
1382.16
1659.3
1300.96
1576.49
1547.37
913.071
2627.11
2027.77
1451.05
1978.18
1452.94
2829.8
2750.92
2287.98
1672.64
1691.21
2510.66
1950.66
4755.62
2725.02
1681.41
1417.75
1159.46
1307.49
1627.44
1731
1471.24
1976.69
1281.19
2066.54
1958.78
2108.57
2420.47
2630.26
1061.84
2203.94
1474.48
1593.4
2152.13
1753.64
1311.62
2973.27
2298.35
1517.85
3846.66
2441.99
1270.66
3163.33
1524.45
1495.24
1498.45
1507.86
3454.69
2140.82
1975.95
1744.57
2683.99
1274.75
2302.53
1844.1
1342.65
1522.29
1801.45
1685.51
1499.35
2556.54
2063.13
1419.08
1901.08
1466.8
2291.57
1174.13
1864.26
2300.66
2162.48
1745.48
1870.93
1351.57
2718.76
4157.86
4094.15
1304.08
1873.94
1942.48
1632.83
1861.09
1837.58
1547.95
1212.82
1380.16
1593.47
1459.75
1716.39
1608.07
1274.94
1724.83
1589.59
1995.03
2842.47
2395.39
1166.09
1939.82
1636.61
1941.75
1721.93
1148.88
1067.48
1191.44
2501.98
1771.01
1520.46
2566.53
2392.69
1519.94
4126.77
1608.28
2738.15
1706.75
1606.7
1982.19
1878.46
2204.79
1797.7
2672.04
1489.38
1362.05
1800.09
1394.5
1398.09
2342.51
1479.08
1749.53
1791.6
1929.95
1986.03
1740.07
1896.23
4229.43
3273.78
1985.5
1657.53
1366.8
2238.62
2350.27
1931.61
1668.03
2148.41
1987.15
1303.21
2510.06
1475.18
2444.82
1199.89
2677.91
1321.96
1242.54
2082.9
2589.13
1356.29
1568.75
1414.38
2249.47
3247.4
1251.54
3810.44
1508.01
1045.81
1783.52
1089.63
2107.12
1816.17
3264.57
1528.78
1878.61
1263.41
1738.21
2332.52
1353.76
1860.08
2959.91
1273.2
2773.09
1254.72
1717.59
2034.9
1150.05
2255.95
1247.22
1718.74
7113.09
2173.01
1726.74
2342.23
1982.73
2946.44
1955.96
2048.97
2719
3781.53
1711.58
3135.75
1715.15
2060.93
2458.8
1425.81
1798.53
1301.74
3846.59
1295.64
1723.39
2141.32
1813.69
4531.09
1677.49
2338.94
2233.92
2029.88
1396.02
1675.23
2323.03
2436.53
1750.29
1594.75
1234.14
1027.55
2017.44
6705.46
3188.1
1805.76
1513.95
2961.48
2482.66
1662.6
2166.07
1531.6
2253.47
1625.13
1415.56
1763.82
1591.43
1712.11
5188.16
1511.49
2242.06
2700.01
1755.38
2569.3
3593.44
1776.64
2779.59
1939.05
1360.04
1280.99
1378.99
2597.78
2402.93
1620.27
2188.31
2243.85
2511.9
1270.47
1640.84
1852.9
3543.45
1752.31
1408.45
1816.35
1487.53
944.642
2820.83
1482.99
1396.15
1821.89
2106.06
1687.98
1475.2
1428.07
2141.83
1551.26
2802.07
2434.74
4049.42
1443.57
1330.21
1338.97
3325.23
1663.27
1955.15
1625.62
1547.85
1790.38
1572.76
1385.53
2900.52
1736.44
2251.68
1594.4
2090.9
2369.29
1453.13
1841.52
1361.31
2590.47
1435.77
3211.83
2497.12
1679.61
2384.46
1169.54
1546.36
1232.79
2043.42
1473.37
1782.55
1849.76
1370.31
1163.45
4721.07
3332.72
1262.47
4112.96
1141.91
1384.61
2150.35
2091.9
1659.56
1299.61
2180.71
1451.98
1971.38
1564.47
1366.07
1856.53
1284.26
2093.09
2764.91
1672.1
5084.77
1434.81
2848.69
1674.37
1763.41
2068.63
2383.1
1319.18
1734.08
1985.54
3944.36
2080.53
1517.83
1347.39
1578.34
2651.87
2293.78
1713.4
1370.16
1927.06
1747.66
1273.9
2044.34
1901.78
1993.9
1379.51
1940.54
1976.15
1745.92
1431.6
1445.87
1874.66
1627.03
3323.45
4353.83
1678.48
1653.83
2947.33
2007.21
1288.73
1615.04
2153.89
1434.96
1081.51
2709.15
4116.05
2737.24
2427.45
3812.34
1543.68
1931.49
1731.71
2016
1508.23
1164.88
1845.51
1362.54
2472.37
1377.34
1444.12
2373.36
1509.82
1681.55
1927.85
2567.32
1568.82
1962.2
4778.12
1426.32
1612.85
1618.89
3347.9
1625.62
2322.02
1204.22
1556.6
1784.56
1959.91
1786.44
2076.67
2138.77
1336.6
1122.74
1364.65
1885.92
1837.56
2774.01
1148.3
2152.82
1747.89
2076.24
1842.8
1601.63
1535.71
1776.31
1357.27
1877.89
1630.08
2030.82
1826.11
1493.5
1803.55
3555.31
1785.38
1642.06
3151.1
1281.8
1309.43
2524.48
1453
1369.66
3280.09
1107.26
1960.72
2054.87
3747.92
1689.4
3480.34
1865.49
1172.63
2699.66
1476.61
1533.59
1322.95
1883.31
1342.09
1188.04
1960.96
1407.63
2442.49
1825.3
1379.89
1459.86
2464.35
1598.23
1447.39
3199.59
1555.59
2169.23
1741.43
1371.77
2624.7
1370.96
1594.12
1787.62
1492.78
3076.03
1629.16
1478.81
1786.6
1326.56
1257.93
2217.14
1560.42
1213.26
2069.53
1687.21
2325.27
1642.54
2041.1
1411.42
1641.82
1790.29
2764.1
1217.55
1413.1
1925.93
1675.78
1655.16
1729.57
2039.72
1675.4
1110.87
1949.82
1271.74
1869.67
1558.2
1584.4
1773.17
2846.21
1240.26
1544.33
1568.66
1706.14
1730.87
1442.41
1760.17
1866.35
3349.53
2260.81
1427.16
1836.14
1547.36
1617.33
2308.61
2618.51
1030.75
2212.59
4151.04
2263.54
1686.87
1705.84
3642.82
1910.37
2006.74
2077.53
1527.42
1908.67
1415.68
3096.09
2123.37
1757.81
2511.91
2200.97
1022.15
2222.04
1621.18
2798.98
2408.12
2349.19
1961.04
1789.77
2151.64
1299.68
2356.74
1282.77
3116.33
1194.47
1566.23
2067.59
1879.33
1886.45
2619.54
1514.81
1858.81
3129.15
3498.08
1470.09
2933.13
1388.72
1965.71
1969.58
1494.15
1305.79
1542.61
2386.18
2531.51
2836.72
2761.97
2691.31
1853.19
1775.08
1173.42
1287.11
2022.03
2476.06
1556.38
1535.18
1464.97
1836.85
5112.38
3424.44
1518.24
1967.07
2434.85
2477.57
1672.99
1663.23
3010.77
3777.58
1502.84
1957.69
1692.13
2726.83
1363.75
2595.04
1416.36
1792.46
2062.92
2566.42
1247.39
2614.09
2096.09
1405.57
1333.21
1603.64
1950.76
1915.27
1398.09
1057.1
2344.19
1525.54
2099.53
2109.45
2045.17
2220.45
2536.33
1716.51
1716.31
1662.55
3811.1
1186.48
2611.56
1548.14
1444.28
1828.75
1524.14
2818.22
1808.01
2999.34
1815.56
2788.19
1286.25
2589.63
1437.68
1779.76
2628.12
1861.92
3272.62
1495.19
1774.02
1469.86
1431.18
1686.51
3169.87
2151.79
2486.06
1631.88
1391.88
1497.08
1242.52
1388.88
1907.94
1648.66
1660.92
2102.93
1655.8
1880.76
1726.66
1538.97
2033.49
2332.15
2032.52
1470.04
1747.69
1653.93
2115.92
2209.15
2150.91
1645.74
1846.03
1461.7
1319
2220.52
1740.88
2074.6
1803.48
1240.09
4327.76
2028.51
1882.11
1242.39
1600.91
2717.75
1806.85
4134.3
1462.15
1230.86
1419.95
1670.72
1717.3
5805.83
1592
1344.63
1700.59
1539.28
1501.76
1595.67
1653.17
1866.84
1517.9
1794.39
1548.55
1561.67
2803
1338.19
1756.91
2290.25
1341.09
2603.69
3705.58
1422.83
1397.67
2724.32
2806.16
3637.59
1524.14
1353.9
2057.13
1511.86
2364.88
1914.05
1960.67
1874.72
1953.07
1309.31
2885.29
1146.37
1980.5
1590.47
1992.8
1190.47
1769.96
4344.84
1227.63
2461.54
2370.1
1647.79
1578.96
2502.22
2126.8
1589.4
1908.28
1485.77
1558.82
1357.92
1268.7
1575.23
3647.48
937.837
1213.62
2029.71
1249.86
1501.82
1774.5
1211.14
2187.95
1990.94
1788.53
1648.81
1543.34
1844.64
1343.78
2436.44
1751.93
2111.9
3846.62
2173.19
1931.46
2466.26
1175.55
1329.01
2616.86
1965.87
3737.38
1592.52
1583.42
1929.73
2728.43
1291.86
1778
1827.81
1870.58
1939.37
1783.34
1453.09
1729.65
1844.07
1387.77
1858.62
1523.89
1516.17
2044.11
1941.82
1571.66
2352.58
1265.36
1730.46
1633.34
1315.17
1776.17
1925.88
1771.98
3271.12
1900.62
899.025
1886.01
2227.81
1681.88
1553.21
2583.68
1603.55
1488.19
1323.29
1662.01
3011.18
1487.79
1232.56
2889.38
1628.08
1654.71
1916.89
4003.45
1684.71
1744.77
2476.25
2326.45
2743.01
2318.98
1273.85
2924.07
1457.93
2578.13
2454.35
2013.65
2005.76
2008.41
1550.61
5283.69
3261
1567.36
2013.26
1550.16
7697.21
1435.87
1778.03
1649.25
1669.33
1627.26
1740.05
1787.49
2424.13
1731.16
2378.66
1251.44
2292.63
1605.61
2474.5
1725.12
2407.28
2049.96
3276.05
2493.9
1797.02
1815.98
2470.79
1090.34
3409.54
2198.55
1360.19
2970.61
1709.12
2509.93
1848.33
1219.82
2572.71
1662.43
1894.15
1459.23
1474.12
2040.21
1516.42
1381.39
1258.56
3355.24
4307.22
2022.49
2054.06
2056.24
1640.95
1846.12
1073.82
1286.27
2055.17
2974.23
1389.88
1559.33
940.153
1677.98
1895.68
2446.81
2036.66
1574.22
1666.35
1964.55
2559.45
1875.83
3219.57
2101.53
3822.98
1345.87
1098.13
1456.1
1442.35
2577.5
1482.27
1350.5
1810.24
1356.35
2637.54
1942.04
1364.99
2129.86
1748.91
4488.54
2836.86
2335.88
1990.72
2541.91
2815.21
1671.03
1209.87
967.933
1302.7
1867.26
1802.77
1905.76
1691.03
4241.51
1306.66
1688.22
1523.86
3433.11
2036.25
2094.34
2053.18
1172.88
2045.17
1042.25
1855.85
1758.15
1101.79
2048.1
3415.68
1526.19
1763.4
1368.65
1523.33
2025.79
1139.53
3109.74
2022.6
1454.61
1473.56
1962.59
1274.45
2199
1430.16
1863.01
1863.81
3460.95
3128.82
1942.41
1463.73
1600.63
1389.51
1329.95
1445.64
2443.59
1504.42
4072.05
1468.51
1780.71
1845.16
2337.47
1217.33
2773.45
1509.17
4273
2774.36
2269.63
2273.13
1926.25
2216.9
2721.65
2747.71
1287.66
1405.26
2836.53
1656.75
1188.81
1524.83
2867.61
2942.72
1981.11
1737.87
1567.35
1182.76
4574.99
1401.55
2370.21
4138.76
9519.35
2544.69
2504.35
1891.85
1694.24
1908.96
1348.48
4096.42
1579.43
1123.78
1531.18
1873.1
2725.47
1819.57
1540.26
1518.18
4523.96
3598.72
3912.21
2382.72
1842.27
1488.45
1335.24
2794.87
1694.02
3240.47
1600.09
1785.03
2236.46
1171.72
1740.39
1544.74
1702.01
1227.34
1833.33
2338.98
1587.33
4733.69
1706.71
1864.22
2950.59
2478.61
2634.74
2186.34
2519.16
4626.88
1783.26
1125.61
1604.32
1212.48
2859.8
5422.98
1527.36
2194.45
2102.92
2451.87
2301.14
2666.3
1326.55
2039.46
1452.51
1665.4
3189.29
1478.16
2165.8
1425.2
2774.02
940.677
1629.8
1304.26
1168.08
1226.08
1843.17
1521.96
2570.18
1420.47
2024.27
2235.05
1896.06
2023.69
1781.74
1740.22
2125.16
2479.4
3789.72
1336.51
2237.87
1145.17
2030.72
2254.67
1476.49
1401.33
2117.13
1221.5
2124
1628.95
1049.72
2579.94
2903.79
1557.28
1949.12
1541.06
2428.92
1940.39
1686.07
1466.72
1683.74
1169.93
1851.55
2153.51
1425.31
1745.54
1420.15
1882.57
2173.69
2055.51
1690.36
2679.16
1374.68
4265.16
1367.29
1457.45
1034.77
1542.83
2156.55
2592.66
2153.8
1409.97
1724.55
1836.54
1263.36
1151.77
1476.59
1997.61
1747.6
1310.06
2188.39
1431.64
2022.12
1898.82
1307.83
3360.22
1962.95
2087.29
925.76
2673.49
1799.37
1073.61
3163.29
1941.91
2119.9
1714.33
1832.77
2617.59
1614.32
1832.25
1671.01
4195.14
2104.38
2807.06
1315.23
1352.83
1928
3197.17
2194.23
1383.7
2804.22
1878.6
1583.13
1311.38
2757.12
4603.42
1784.28
1863.35
1770.45
1273.83
2121.94
3391.22
1265.03
1413.63
1522.13
2516.64
2644.54
2429.12
2214.06
1902.41
1565.22
2146.57
2278.22
3363.39
1479.83
1440.42
1331.48
1376.4
965.387
2055.72
2823.44
1630.05
1850.11
2329.08
2211.13
2157.99
1319.15
2127.01
2279.06
1522.8
1894.77
1250.31
1228.59
1831.16
1648.75
3857.35
1454.15
1665.34
1797.2
1862.19
1638.04
1627.16
1235
1707.36
1666.78
1678.23
1290.77
2315.32
1464.52
1813.26
2222.3
1693.86
1764.77
1301.42
1432.08
1360.39
1525.15
2540.17
2076.1
2524.06
3475.13
1896.86
1485
1322.67
1707.72
2818.4
1458.73
1810.97
1668.34
2261.02
3220.35
2512.37
1134.51
1728.2
1395.76
1345.16
3189.33
5793.79
2839.44
1020.16
1471.4
2453.68
1934.39
1705.13
2119.25
1565.19
2071.84
1878.67
1903.37
3373.79
2128.06
2083.66
2313.1
1572.59
1857.25
2129.66
1578.13
1794.24
1239.45
2300.12
2514.92
2205.02
1420.9
2795.82
2865.3
2151.31
2454.65
2052.49
2329.11
3021.6
1014.55
1544.39
1608.44
2368.38
1421.22
2501.88
1743.23
2317
1946.66
1833.84
2279.27
2694.98
2146.26
1276.36
1717.37
2107.14
1435.68
2117.84
2049.74
2719.01
1917.71
2143.3
1970.24
3086.59
2099.19
2712.28
1503.76
1745.57
1564
1759.17
1729.21
1406.49
1681.87
1073.24
1447.68
1653.35
1924.26
1364.43
2817.49
2779.87
1051.09
3055.48
2036.93
1484.4
1031.25
1664.75
1855.12
3750.15
1231.75
2090.82
2105.96
1239.99
1989.86
1846.76
2554.19
2113.26
1621.35
2886.71
1537.61
2784.37
1137.97
1810.76
1534.31
1379.09
2473.12
1362.12
2929.62
1841.38
1674.93
1565.12
1590.25
2257.72
1225.14
2617.43
1170.52
1445.38
1651.59
1320.58
2158.87
1331.51
1463.95
1011.68
1133.4
1803.3
2881.79
1750.86
1217.47
2429.29
1684.12
1595.94
1534.92
1401.22
2214.75
2669.01
1304.47
3176.7
1848.51
7756.28
1849.93
1965.65
1995.51
1801.98
2682.29
2083.9
1425.42
2369.22
3186.68
1853.9
3189.12
4903.92
1601.81
1269.67
1218.25
3164.08
1338.7
2028.27
2430.99
2386.94
2920.83
1036.78
1775.22
4268.19
1483.21
2682.25
2324.42
2292.31
2534.63
1925.62
1755.91
1107.85
1414.37
1660.73
2325.7
1248.2
1384.46
1448.87
1502.48
1677.81
1543.53
2174.12
2414.44
2202.02
1998.4
1829.1
1709.57
2415.92
1948.65
2427.41
1938.54
1621.43
1926.94
2750.25
2086.58
1771.17
1777.77
1953.17
2814.73
1741.21
2938.56
2227.49
2376.47
1705.17
1714.91
1761.76
2834.45
1485.93
2276.68
2266.94
2857.44
1826.73
2001.6
2621.66
1614.52
3030.06
1149.35
1904.79
2281.79
2842.61
1679.88
1350.16
1293.79
2974.62
1428.77
1401.68
2032.85
1209.27
1813.42
1375.02
1150.75
1574.38
1744.18
3414.34
2062.92
1412.08
1784.04
1766.2
4738.15
1529.29
2042.69
2206.49
1939.24
1449.91
2203.46
1721.82
1474.87
1302.94
2224.69
1979.23
1775.96
1406.97
3678.27
1985.88
1490.77
1489.25
2212.28
1587.65
1787.34
3383.34
1666.63
2531.4
2070.64
2263.88
1958.37
2310.21
1541.84
2071.65
2122.54
3414.04
1679.53
1512.28
1834.16
1686.46
2086.51
2675.04
1454.42
2446.45
1406.04
1899.5
1227.96
1260.28
1950.1
1579.48
1542.7
1546.7
1834.42
2408.67
1786.83
1485.53
1482.8
3047.07
1716.18
2010.61
1934.67
3592.84
1335.48
1417.02
1903.29
1427.62
3520.69
1885.9
1719.46
2692.83
1883.99
4022.2
1293.37
1307.16
1486.68
1998.8
1325.44
2741.6
1244.81
2659.24
2652.19
1442.61
2239.74
1217.93
1277
1549.25
1713.49
2180.39
1799.28
1835.65
2604.03
1547.43
3467.42
1303.53
1178.08
2331.39
3821.43
1721.76
2263.64
2000.55
4290.36
1767.86
1725.3
1390.09
1418.78
1946.8
2364.13
1722.72
2793.34
1545.3
1677.58
1648.82
2730.59
1128.25
1806.43
3376.77
1689.2
1770.61
1560.05
1925.04
2221.52
3987.7
2027.69
2666.3
1622.32
2196.92
2199.24
6047.64
1959.06
1686.4
1366.09
5046.35
1773.75
2585.29
1831.03
2367.83
1786.19
1131.81
2359.11
3715.17
2296.55
3976.22
1926.67
1873.37
1970.36
2486.59
1003.62
2012.76
1943.24
3412.74
1624.48
3293.55
1061.46
3377.3
2381.99
2486.42
1109.26
1557.38
1834.87
1377.36
1224.84
2011.18
2264.41
1883.21
2452.72
1358.11
1973.15
1670.91
2494.02
1930.02
2499.01
3106.77
1773.13
1421.56
2041.48
2159.78
1571.34
1163.54
3244.69
1631.73
2776.48
1498.35
1898.42
1806.12
1729.26
2996.38
1747.72
1394.93
1330.75
1443.25
1268.38
4599.29
1778.43
2029.95
1369.56
1772.16
2729
3085.44
1062.57
1884.04
4197.81
1572.2
3348.15
1345.98
1503.69
1493.19
1943.99
2134.18
2183.33
2300.27
1552.98
2081.15
1483.23
2798.28
1594.77
1521.92
1452.15
1273.43
1758.88
1298.62
1624.73
2779.5
4554.39
1583.62
1598.05
1748.12
1358.44
1867.41
1259.04
2290.15
1302.44
1784.24
1658.67
2536.49
1719.76
1253.72
1629.41
1614.94
4073.77
1986.27
1898.6
1772.44
1670.85
1676.06
1478.42
2006.67
1574.19
2295.48
1661.89
2051.58
1169.62
2462.15
2274.02
2101.63
4022.5
1723.2
1853.38
2404.71
1887.02
1402.24
1979.05
1171.53
1830.02
1171.01
3475.67
1311.52
2249.2
1829.23
2093.3
4094.27
1415.75
2265.84
4714.12
3796.79
1320.67
4527.86
1252.3
1949.47
1849
1420.06
1208.94
1319.85
1509.1
1454.26
2829.39
1434.99
1934
2537.38
1467.09
1297.26
1806.07
1260.96
1364.55
2673.08
1855.05
1370.02
2831.46
2131.81
1228.03
2365.43
1763.97
1390.91
2012.6
2748.51
1303.8
3562.86
1687.06
2295.86
1754.45
1638.69
1956.65
2271.75
3572.35
1710.03
1551.67
1905.06
1551.08
2044.2
1263.72
2276.3
2506.36
1370.31
3971.97
1420.39
1815.79
1820.27
1877.71
3892.55
1643.49
2246.13
1904.39
1671.38
1531.16
1796.39
1454.02
1318.2
1407.32
1529.06
1676.04
2200.49
1749.04
2277.25
2289.34
1808.97
1296.9
2993.5
1696.49
1281.42
1520.48
1855.08
1633.95
2983.54
1672.57
2279.57
1270.97
1610.72
2013.37
1701.29
4771.42
2992.72
4710.4
1465.78
1569.34
2134.55
1914.8
2029.72
1783.05
1472.67
1580.7
2291.64
1844.24
4169.45
2718.37
1332.49
2850.71
1613.3
2750.07
1382.92
1657.21
1226.92
1776.57
1745.38
2828.24
2530.17
1903.77
2937.67
3483.85
2985.79
4477.45
1656.91
1445.33
2607.67
1418.88
1812.14
2196.75
948.801
992.533
1458.46
1733.76
1575.56
1079.67
1466.48
1092.83
1505.2
2159.12
2218.94
2615.32
1884.34
4028.06
1753.02
2486.71
1147.48
1080.01
1190.91
1924.76
2727.48
1060.85
4398.95
2052.04
2058.04
2897.45
1861.85
2237.09
1640.78
1410.3
1160.94
2199.81
1287.07
1590.72
2354.72
1245.22
2612.28
1736.7
1448.36
1713.18
2036.47
2050.34
1302.44
2218.84
2109.63
1788.6
1612.78
2336.94
2224.11
1529.08
1235.55
1932.99
2455.9
2694.79
1835.19
1483.49
2118.09
1780.77
1564.5
2303.53
2716.04
1671.8
1652.82
1285.77
1550.5
1419.02
1289.97
1371.36
2172.86
1771.6
3176.12
1243.99
1304.29
1921.15
2172.26
1679.53
4998.34
1578.17
2030.19
1927.91
2022.22
2226.78
1760.77
1110.7
1261.97
2377.15
2446.93
1349.92
3907.28
1448.54
1693.66
1853.23
11840.9
2122.11
1701.61
1665.69
1191.52
1402.4
2976.75
1432.46
1934.79
1393.71
4148.35
1231.21
1143.43
1766.03
2321.98
1615.22
2024.01
1763.5
1269.53
1926.01
2224.32
4120.46
1743.18
1612.53
1838.45
1420.71
1317.12
2112.72
2316.35
2750.63
2318.01
1339.31
2342.36
1079.46
1392.38
1982.58
3264.49
1044.99
3006.64
1572.01
1665.83
2851.16
1611.3
1310.1
1390.33
2328.66
2646.95
2073.59
1748.68
2601.78
2502.86
1406.06
2907.75
1609.6
1644.93
1271.01
1720.72
1776.68
1074.33
1585.62
2524.09
2586.05
2856.99
2525.28
1619.02
4066.99
3159.38
1554.7
2632.43
1653.86
1761.31
1186.38
1702.05
1279.52
1649.16
1728.35
2062.75
2482.35
1730.44
3265.1
1796.18
2467
1811.21
2258.19
2727.65
1061.09
2385.73
2324.63
1279.7
1156.21
4945.09
1649.08
1804.78
1861.11
2589.54
1337.2
1463.3
1504.77
2274.49
2851.95
2414
1845.53
1842.88
2027.6
1256.39
1277.23
1330.81
1533.95
1240.77
2360.67
1962.48
1786.28
3132.01
2311.47
1770.28
1704.57
3119.64
1193.57
2357.65
2061.42
1969.26
2376.86
1139.8
1402.41
1587.95
1780.71
1421.96
2221.97
2362.42
1628.33
1711.08
2054.9
2251.5
1499.8
1784.46
2222.93
1664.99
1721.3
2219.25
2646.41
1580.09
1971.57
1380.04
1508.52
1504.02
2649
1308.91
1741.86
1693.15
2001.91
1588.28
1305.85
1858.8
1279.98
1859.52
1681.85
2040.12
1333.22
1514.25
1783.11
2532.4
3500.43
3469.54
2527.49
1332.21
1494.77
1554.9
2053.78
1924.1
1668.31
1925.55
1776.19
2192.53
2354.28
1317.77
1467.31
2161.14
1087.06
1896.83
1166.2
2821.57
4170.07
1867.94
1178.16
2376
3468.24
2189.61
2239.43
2509.12
1938.01
3891.31
3628.09
1854.28
2049.44
1373.17
1932.5
1337.48
2136.3
5360.52
994.232
2004.98
1462.36
4037.25
2470.48
4732.05
1248.69
1861.46
2092.36
1617.94
3077.92
1951.14
1333.79
2823.79
4794.28
1320.72
1404.3
1995.21
1455.22
2326.44
1604.93
3346.34
3362.31
1661.31
3982.02
2504.07
2433.58
3024.61
4904.16
1865.73
1680.83
1564.56
1732.98
1551.72
1625.72
1487.1
1425.08
2056.67
2716.82
3481.74
2687.55
2292.33
2989.98
1592.94
2950.87
1943.75
1307.79
1542.3
2432.59
1681.32
914.693
1928.61
1304.16
2865.76
2224.61
1482.33
2368.31
2673.97
3995.8
2562.55
1055.8
1874.07
1855.09
1838.39
1885.79
1934.75
1277.76
1869.13
1976.75
1906.18
1220.93
1580.98
1255.9
3640.17
2388.15
1885.66
1134.95
1784.86
1939.62
1732.65
2565.74
1607.51
1527.53
1601.03
2660.86
2570.47
2576.59
2008.53
3432.79
4504.76
1868.78
1419.67
2663.9
2326.93
1508.51
2726.38
2815.71
2008.23
2670.92
5083.07
2363.85
4162
2241.79
1408.07
1775.74
1452.76
1698.87
1584.3
4294.07
1388.11
2434.68
2057.88
2912.45
1818.54
2252.91
1678.19
1521.39
2082.93
2352.01
1752.02
1564.47
2268.17
1462.09
1669.96
2195.99
1462.84
2118.17
1696.53
1780.46
1898.47
2687.69
1934.13
1229.39
1836.42
3158.59
2133.4
1299.81
1508.25
2405.12
1396.61
1950.51
1956.78
2100.45
2428.22
1481.39
2710.7
2196.37
2245.88
1984.55
1711.99
1978.07
1819.95
1761.9
1048.25
3462.04
1433.77
3589.61
2179.34
2895.79
2260.3
1723.57
1091.01
2588.05
1474.25
2030.65
2108.24
1518.2
2034.76
1569.07
1920.8
1061.44
1642.22
1690.05
2835.86
2790.47
1757.18
2376.16
1810.41
1196.96
2922.22
1518.39
1914.62
2295.62
3628.55
2848.42
1837.05
2325.37
2726.22
2643.03
2023.72
2090.31
1538.24
1969.21
1402.6
1779.07
1451.45
2376.96
1521.9
1809.42
1344.33
1986.4
1728.83
1262.79
1137.73
1961.2
1280.11
1676.88
2497.7
2151.39
1801.95
2053.11
2517.53
1856.26
2157.23
2754.39
2075.24
1804.81
1864.55
1305.21
1627.55
1709.68
1164.68
4824.57
1219.2
1317.86
2029.38
1095.59
1451.87
1752.88
1189.51
1989.88
1328.85
1517.55
1891.86
1895.14
1563.61
1642.34
1749.99
1987.76
1223.95
1335.67
1539.02
2118.04
2853.64
4048.97
3031.02
4745.28
1703.62
1813.41
1285.26
1616.95
1830.56
3129.34
1321
4070.39
1707.04
5261.63
1466.7
2152.25
1876.36
1459.59
2268.42
1358.39
2300.36
1163.52
1978.15
2947.36
1842.33
1660.64
1128.83
1326.2
2232.79
1898.97
3836.97
1439.63
1673.65
2207.86
5750.51
2096.08
1250.98
1736.7
1886.28
2003.11
1018.57
1370.49
1695.74
2763.68
1499.03
1690.84
2704.61
1377.84
1312.93
3474.79
2081.97
1849.81
2116.17
2661.58
4267.2
1945.39
2430.75
2382.66
1089.22
1528.87
1399.12
1981.92
1776.39
2459.23
1598.76
2358.47
2788.91
1680.55
1360.66
2913.37
1302.86
1163.08
1390.7
1237.9
2348.16
1535.75
3106.74
1135.09
2374.24
1492.13
1313.28
1277.11
1420.79
1862.48
1685.05
1430.06
2753.42
1435.72
1479.95
1494.82
1567.55
1614.89
1402.7
1312.81
1813.43
1356.16
1884.01
1252.2
2607.97
3869.58
1449.09
1350.37
1954.35
4122.26
2553.67
1732.82
1524.5
1675.77
2312.74
1315.04
1512.3
5277.08
3366.81
2515.93
1662.22
3390.85
1794.1
1995.32
1890.23
1977.69
2293.04
1391.02
1476.2
1495.69
2065.22
1939.27
2516.26
1865.87
1194.93
1093.62
1211.65
1425.63
1939.28
1155.03
1149.97
2107.11
1042.39
1254.52
1546.97
1621.43
1206.59
1389.48
1315.21
1704.43
2847.51
1934.24
1733.24
2258.7
1028.44
3208.31
1427.81
1437.47
1196.92
1639.85
1384.77
2155.3
2078.31
1257.72
1783.38
2098.1
1986.9
2351.21
2135.99
1637.28
2555.74
1682.41
1436.24
2293.71
2283.2
1342.23
1576.67
1805.69
1831.96
1678.31
4949.63
1644.29
3031.34
2047.14
2003.46
1973.64
1290.48
1821.75
1613.98
1417.17
2175.14
2944.4
1861.59
2187.63
3290.95
1185.05
2300.76
3283.67
4885.98
1310.03
1541.04
1714.55
1030.69
1595.46
1343.15
1614.02
1896.22
1115.97
2177.32
1758.55
1719.28
1735.99
1399.97
1936.93
1991.83
1339.94
2296.31
1663.38
2193.76
2081.49
2063.98
1629.94
2232.46
1706.78
1663.91
1696.15
2704.9
1452.75
1870.46
1819.07
1591.25
2246.89
1566.26
4316.92
2144.63
3833.03
2855.87
1398.88
1168.75
1924.91
1413.75
1704.23
1677.54
3174.75
1677.12
2124.98
1245.43
1877.26
2178.86
2252.24
1375.4
3496.91
1530.79
2204.96
1165.05
2160.68
1993.9
1518.11
1931.94
1758.81
1893.13
2184.1
2335.87
1615.17
2254.17
1890.45
1873.86
1168.34
2238.68
2462.04
2775.71
2143.49
3171.97
1893.59
1671.89
1467.51
1731.29
1453.01
2718.54
1202.87
1785.18
1853.54
3052.28
1765.7
4270.84
1181.02
1177.07
1427.2
2359.28
1633.41
1746.68
1516.76
2249.48
1932.99
2126.55
1081.9
1590.69
1226.09
2155.26
1397.23
1588.63
2733.59
1987.06
1661.75
3483.89
2394.22
1843.1
3901.39
2047.73
1569.17
1191.99
3964.63
3496.64
2192.21
1877.13
1315.22
2546.79
1708.79
1116.22
2019.41
2004.4
2050.13
2769.07
2321.61
1790.56
1841.22
1653.82
1212.6
3532.39
2178.59
1669.95
2435.31
1272.45
1621.26
4269.56
1439.83
2471.71
1283.03
1663.34
1531.98
2331.1
1227.82
1673.6
1465.5
1325.06
2070.04
1204.12
1946.09
1761.92
1644.37
1237.42
1740.47
1382.03
2495.75
2693.35
1382.26
1587.37
2664.57
1392.29
1405.84
1774.17
2351.4
2493.76
1385.92
1454.98
1714.27
1759.18
1065.19
1820.42
1708.37
2844.68
1972.44
1593.8
1500.58
1706.52
1500.61
3088.23
1713.72
4498.14
2519.47
1552.87
1748.19
2579.11
1316.02
2686.38
2397.24
1656.68
1356.31
1508.19
1923.27
2250.75
1700.22
2068.3
2245.79
1782.41
1252.09
2545.51
1487.91
3826.62
2214.02
1441.47
1666.92
2406.03
1476.26
4726.32
2090.22
2134.55
1634.77
1101.33
1381.21
1665.56
2639.1
2722.62
3950.69
1962.04
1438.77
1604.63
1047.22
3232.46
1687.06
2381.65
2470.57
1921.09
2252.91
1234.83
2149.87
1943.07
1984.88
2157.15
2238.52
1410.83
1015.92
1475.97
2424.27
1765.09
1498.64
2251.65
1783.36
1472.38
2328.98
1278.79
1350.88
1736.8
2960.59
1484.39
2284.92
1836.81
1085.3
1667.05
1644.12
2721.37
2837.26
2539.24
2114.59
1354.87
1493.54
1945.26
3159.61
1232.42
2502.65
1432.41
2537.06
2085.92
1557.12
1249.13
1407.83
3442.5
1736.58
1406.82
1902.82
1405.29
3198.26
1444.48
2624.22
1545.83
1461.94
2742.82
3753.2
1926.62
1821.27
4549.03
1710.09
1571.29
1939.43
3231.44
6932.39
1674.18
2256.19
2410.4
1093.15
2602.25
1618.75
1698.84
3012.79
1732.5
6102.4
2492.24
2205.49
1286.95
2003.37
1911.65
2089.84
1967.94
1885.98
2345.36
1299.2
1447.29
1363.02
1799.81
2068.18
1433.44
1390.77
3986.33
1909.71
1753.19
2468.29
4118.33
1659.83
1953.34
1685.08
1439.03
1680.73
1388.47
1435.26
1488.79
1204.08
1675.89
1722.72
2470.67
1333.56
2086.71
2395.39
2199.06
2442.03
2495.91
1297.67
1381.37
1406.56
1809.45
1353.4
1753.05
2585.79
1183.64
3157.61
1744.65
2185.02
1621.98
978.876
1424.75
1901.79
1195.93
1370.81
1376.95
1080.39
1823.35
2241.47
2319.24
1370.14
2616.9
1926.47
2379.8
1240.9
1324.55
3438.48
1288.79
1641.64
1660.54
2908.69
1672.67
2247.79
2824
1781.61
1750.71
2020.94
2975.27
1982.25
2638.44
2973.73
973.939
1452.25
1235.72
3613.27
1721.3
1536.33
4354.32
1457.69
1577.38
1614.1
1937.22
1713.92
2063.66
2770.86
2915.13
1885.9
1608.24
1398.75
1337.99
2798.78
1727.87
1843.49
2498.77
2256.36
2164.6
3156.45
1865.25
1942.16
1435.58
1440.61
2368.51
1564.65
1657.41
1480.29
1741.51
2145.31
2346.67
1480.85
1147.84
1452.99
1712.4
2073.25
3196.25
1759.44
1337.38
1672.39
3426.71
3113.89
2031.02
2200.45
1324.84
2195.38
2055.67
1483.93
1546.81
1748.72
1686.96
3205.37
1147.22
2144.46
1668.86
1499.83
2025.31
2008.08
1988.91
2066.73
2058.4
4095.8
1193.72
2067.71
1917.32
2291.14
2893.22
3104.48
1974.01
2434.9
1653.53
1278.43
2228.64
1273.24
2271.45
3142.04
940.468
1318.49
1822.46
1704.61
1475.78
6364.64
2087.86
1883.1
1297.72
1182.34
866.968
1394.35
3434.18
1844.84
2131.21
1908.79
1418.73
1494.02
2375.81
2761.56
1470.84
2108.18
3378.36
1580.22
1485.62
1236.63
2648.04
1213.19
2135.83
3499.91
1975.03
1259.65
1695.27
1570.59
2009.4
4310.77
1726.75
2164.72
1199.02
2640.68
1637.04
1073.45
1707.76
1800.42
1865.21
2894.97
1658.9
1799.09
1346.02
1120.64
2020.6
1431.09
1912.48
1829.77
2023.3
1396.86
1374.67
1843.17
1044.9
1099.13
3938.51
1372.06
1335.39
1798.02
3272.42
2978.16
2355.63
1250.65
4728.77
3575.01
1438.49
1927.91
2569.86
2590.07
1834.79
2122.32
2430.09
2262.59
1706.1
1398.37
1556.25
2357.12
1266.14
1236.97
1978.74
2772.64
2581.86
2287.35
1724.66
1859.23
1533.15
1684.49
4208.56
1566.04
1508.23
2947.84
1536.05
1469.78
2020.78
2473.14
1791.44
1543.05
2704.54
1635.06
2721.06
3080.18
1830.2
2143.44
3448.02
1850.41
1343.9
2232.3
1414.95
1619.05
1716.23
1976.54
1133.56
1225.38
1496.25
1859.92
3223.59
1535.34
1559.67
1591.24
1581.34
2329.97
2277.68
4744.89
11606
2306.78
2775.94
3288.94
1647.63
2893.1
2177.21
1586.09
5069.22
1463.67
1803.12
1211.37
1720.04
1793.4
1877.58
1086.17
1271.72
1366.99
2484.74
2181.84
1145.63
1161.04
1046.75
1477.69
1917.4
2363.03
1863.83
2279.02
1401.72
1989.96
2422.06
1358.71
2358.72
2162.38
2630.01
1680.16
2069.67
1401.53
2813.59
2391.12
2954.66
2799.53
1513.91
1855.56
1489.71
2517.69
1883.33
1920.5
1764.43
1437.28
1605.53
1846.16
1882.67
1626.63
3151.25
1398.38
2108.52
1423.64
2047.64
1682.56
2377.66
2461.73
1484.44
2431.38
1550.26
1754.96
2291.08
1844.7
3161.74
3063.78
1976.62
1335.28
1909.4
2430.39
1852.99
1302.02
2158.53
2246.72
1783.42
2054.17
1650.25
2783.4
1891.63
1439.39
1335.12
2451.53
1432.44
1423.76
2579.15
2400.71
3270.75
1995.29
1744.9
1704.23
2466.39
1361.33
1733.91
1306.29
1762.81
1528.91
1664.23
2306.24
1927.73
2068.85
1182.92
2232.27
1705.15
1889.42
1912.44
3315.17
1417.81
1389.33
2447.78
1432.05
2594.03
1248.85
1853.19
3356.29
1715.09
2402.47
1280.01
1080.68
2555.69
1860.29
2438.48
1644.95
1405.11
2290.89
7469.8
1079.28
1851
1067.17
1943.44
1326.08
2774.53
1703.5
2948.16
1397.2
1722.65
1549.4
2343.1
1720.59
1044.03
1428.43
1876.5
1296.3
1388.97
1886.43
1409.59
1464.65
2211.34
1582.96
1339.52
2440.6
1732.28
1265.48
2600.72
1647.85
2848.36
2720.12
2693.58
1661.94
1181.69
1013.12
2978.09
1370.96
1622.15
2425.09
2432.77
1387.22
5051.05
1909.01
1405.13
2174.98
1365.23
2287.04
1900.44
1999.97
2551.78
1494.02
2475.82
1795.87
1739.59
1737.14
1033.98
1937.05
3643.39
2266.05
1851.33
1474.64
1548.55
2020.79
1806.84
1073.91
1261.28
2298.35
1571.97
1193.65
2822.29
1971.72
1335
1425.54
2252.71
2914.68
1891.82
2085.4
2414.08
1239.85
3706.44
1330.97
1771.27
1937.09
2182.27
2140.08
1686.09
1338.73
2337.92
1531.55
2594.33
1967.26
1346.89
1507.77
1699.69
1053.77
5027.43
3183.03
4439.39
3608.24
3064.11
1374.91
1267.04
1360.2
1964.57
1733.89
2190.57
1669.95
1962.68
1311.51
1508.2
2529.95
1979.14
1886.1
1058.07
2499.11
1317.62
3028.99
1968.2
1642.8
2182.77
1365.57
1987.74
2153.75
1194.71
6351.77
1833.08
1262.18
2109.25
1464.11
3789.75
1393.48
1696.44
1669.81
1007.96
2689.31
1351.5
1862.36
2164.58
1872.64
1165.56
1196.35
2718.77
3528.46
2561.79
2480.22
2299.63
1257.28
1498.91
1225.54
1813.31
1950.92
1776.91
1287.81
1621.14
1158.18
1410.67
1481.44
2367.37
4907.63
2000.26
1247.93
1433.05
1005.96
1352.62
2965.41
1903.84
2731.86
2332.29
1772.04
1439.9
2640.39
1571.84
1485.84
2038.54
2582.53
1514.2
2025.93
2345.26
1724.9
1932.52
3064.99
2018.56
1314.25
1350.57
3087.95
2282.74
1349.42
1672.03
2054
1386.85
1102.07
1474.76
2748.83
2287.37
1253.99
2115.41
1717.27
3356.04
1655.68
1362.92
1559
3073
1632.05
1712.09
1600.84
1884.81
1990.83
2085.66
2519.22
3825
1690.97
2661.71
1482.03
2296.33
1573.8
2221.19
1807.32
5617.6
1354.34
1911.01
1107.42
2515.02
2690.41
2223.66
1487.86
2197.57
2901.9
2254.98
1372.84
2090.88
2566.54
1701.18
2110.68
3519.14
2564.67
1359.14
1544.02
1451.23
1636.22
1285.69
2172.49
2282.17
2664.38
1870.95
2002.49
2330.22
4267.95
2075.56
4926.16
3484.6
2483.31
1496.01
1766.29
1201.46
2669.94
1948.69
2788.32
1337.75
4317.47
3077.65
1633.19
2655.73
2140.32
1213.51
3347.11
1492.1
1946.07
2557.45
1670.74
1731.35
2876.85
2202.44
2102.27
2870.32
1300.38
1511.06
2423.26
1983.73
2426.67
1695.55
1588.72
2559.42
4670.65
2436.04
2194.25
1299.92
1210.64
2052.61
1736.98
2767.18
2118.84
1328.63
1471.63
2066.08
2344.02
1683.3
1165.19
1409.71
2095.95
1449.98
1512.57
1303.06
1479.6
1728.26
1437.18
6470.16
2329.28
1839.27
1954.12
1047.8
2138.93
3652.48
1598
1188.09
1460.86
2181.19
1426.96
1714.74
1814
2114.34
1316.07
1768.53
1415.38
1174.79
1580.81
2687.99
1577.52
1655.8
1562.59
2017.27
1908.57
1277.98
2078.56
2037.44
1438.44
2691.84
1125.34
2080.84
1626.11
1882.11
2239.12
1151.45
2025.35
1410.4
2588.84
2857.49
1505.68
1822
1688.4
1611.96
1892.94
1438.33
1302.03
2228.45
2053.66
2006.19
2062.24
2680.74
2033
2092.11
1299.62
1551.49
1812.98
1312.97
2295.12
1408.64
1514.76
3965.3
1965
2111.9
1572.54
1559.44
1182.89
1327.63
1112.28
1258.19
1584.77
1143.96
2108.91
2520.43
1266.77
1573.93
1718.59
2341.05
2702.58
1858.18
1799.47
2082.82
1793.82
2134.47
2854.96
2937.48
2535.54
1558.4
2652.99
1612.51
2433.78
2274.51
2870.62
1752.35
2357.36
1537.05
1300.09
1592.85
1854.19
1495.92
1802.09
1687.72
2011.64
1198.65
2211.64
1485.37
2909.81
1958.08
1776.1
1918.5
3347.52
1339.67
3214.99
1465.88
2700.6
1943.3
1729.84
1289.5
1433.82
1760.64
3829.67
3567.38
1992.69
1887.42
1431.83
1219.22
2553.53
2800.8
1898.57
1473.87
2198.94
1227.92
3231.53
1925.97
3594.59
1815.88
1230.71
1533.81
1230.7
1783.86
1812.93
1362.57
1569.45
1741.16
2299.72
1291.99
1463.85
2007.44
2294.97
1335.5
1552.03
2567.23
1127.99
3031.61
2345.09
1928.74
2136.92
2177.06
2030.06
1587.04
1141.01
1895.13
2214.05
1304.74
1442.7
1766.8
1638.57
1551.28
2479.36
2840.97
2173.22
1431.12
2514.54
1588.35
3840.39
1833.21
1404.65
3409.23
1330.6
1452.04
2032.48
2026.32
1872.39
1680.89
2738.65
1997.83
3484.13
1739.12
2270.62
1561.08
3929.98
1579.3
3773.69
1921.25
1847.75
1277.95
1315.64
1152.45
2361.58
1458.2
1428.86
1404.57
2285.35
2386.21
1851.38
1459.15
2547.72
1863.08
1215.31
4468.68
1407.26
2272.34
1744.53
1599.69
1390.78
1131.82
1796.39
1459.51
1661.37
1236.07
2746.34
1273.58
1598.1
1468.94
1822.22
2930.39
1549.62
1531.7
2014.32
1917.56
1578.98
2125.14
1092.16
2775.74
1155.92
1678.02
1975.2
1885.77
1802.79
1445.92
2413.12
1402.54
1480.66
1396.79
3903.66
3452.52
2351.83
2156.37
1915.03
2478.65
2543.81
2122.8
1331.2
3134.1
2760.26
2179.4
1689.52
3478.76
2299.42
1508.65
1725.43
1414.8
2574.86
1654.7
3610
1853.45
1528
2569.7
1504.75
1456.53
2153.27
1579.01
1498.11
1995.35
1878.66
1516.81
1676.47
2365.2
1918.88
923.601
3107.17
3050.92
1354.56
1635.37
4166.93
3074.52
1749.22
3088.8
3104.04
1628.74
1883.12
1020.76
1759.99
1207.9
1612.6
2309.19
1783.81
2212.68
1285.9
1416.95
1931.1
1505.37
2606.95
1365.18
2430.7
1775.53
2932.65
1506.43
1362.02
1520.05
1245.39
1549.31
1817.98
2693.35
1962.97
1692.87
2336.66
1531.89
1892.03
1973.63
1416.96
2096.17
3195.52
2259.78
1590.64
2795.12
1368.99
1594.64
2037.81
2492.6
1939.04
1164.71
2499.16
1609.63
3887.81
2191.49
1766.84
3659.43
3878.91
2307.9
1451.63
4572.32
1570.41
1882.09
2714.81
1882.25
1241.71
2517.75
1927.85
1715.51
2246.93
1683.59
1477.91
1914.95
1953.59
1070.6
1373.64
1832.37
1504.36
3863.82
1806.88
2897.23
1760.2
1449.66
4440.31
1503.89
1338.93
3340.11
1319.55
1436.91
3703.04
2019.6
1919.58
1674.63
2409.98
2031.39
1985.23
1795.29
1778.22
1321.18
2839.85
1370.52
1907.24
1646.83
844.985
1964.17
1724.33
1702.5
1319.48
1402.49
2328.34
1017.34
2159.52
1640.36
1724.15
2253.68
1606.68
1547.26
1810.32
1230.24
2239.36
1599.65
1612.23
1231.99
2285.36
2617.59
1612.52
1801.24
3151.19
1391.61
2687.06
1153.68
1276.04
2027.85
1482.56
2136.35
1143.49
2469.76
1228.34
1397.6
2587.87
2214.39
2371.89
1671.11
1590.68
2238.59
1796.44
2597.22
1730.44
1513.81
1470.56
2323.27
2098.78
2214.12
2403.99
3069.45
2211.03
2017.61
2141.3
1299.76
2958.6
1909.48
1768.22
2098.29
2088.11
2903.17
1633.61
1901
1352.63
1753.32
1281.79
2619.16
1727.81
1816.53
1647.05
2393.52
2739.44
1316.78
1238.02
2180.19
2398.72
2858.23
1892.77
1773.53
2476.48
913.013
1134.22
1705.19
1641.38
1718.33
2017.22
1940.14
2184.76
1635.88
1645.49
1788.22
2334.57
2435.18
1398.89
1095.44
1374.87
1060.38
4497.47
1799.87
2820.86
1712.62
2195.72
1411
2367.74
3243.16
2923.51
1641.86
1390.92
1509.91
3184.67
1291.82
2096.51
3560.79
1854.91
1707.92
1297.17
1593.23
1426.12
1911.97
1569.58
1504.04
2229.74
1752.12
1425.43
3418.24
1381.6
2157.04
2554.02
1475.64
2351.91
3428.6
2364.32
1829.84
1208.04
1941.33
2714.1
1690.13
1661.35
1823.17
1600.16
1182.23
1455.91
1075.18
1566.12
1200.87
1756.33
1428.25
1103.63
1957.96
1241.53
2306.97
1564.07
2528.87
1103.33
1428.97
2127.95
2095.54
3056.33
1635.03
1003.29
1095.7
3049.7
4197.38
1924.2
1207.49
1241.26
1724.03
2794.19
2473.39
1363.66
1066.14
1599.14
3383.22
1439.28
2368.2
2034.16
2278.78
1219.07
2964.96
1776.91
1699.43
1469.9
1167.03
5473.1
3481.5
2122.17
1240.75
3405.65
1821.02
3107.97
1552.21
1483.06
2599.11
2194.43
1743.13
1961.4
1701.39
4181.05
1516.86
1632.36
1230.58
1408.71
1828.65
1455.81
1844.09
1629.07
1344.69
1875.98
1552.4
2044.87
1590.02
1466.88
2672.13
1190.62
1279.07
1397
1712.64
1709.61
1019.62
2365
1408.13
2319.23
1289.83
1342.8
1637.47
1539.77
1792.08
2518.48
1730.81
3242.64
2354.35
2329.52
1764.9
1737.88
2506.55
1688.58
1579.57
2042.17
3189.81
1631.06
2050.88
1406.69
1295.13
1425.3
2361.06
3206.91
1366.92
1324.49
4293.39
1272.85
1299.76
2684.1
2267.61
1187.54
3396.09
1641.01
2764.25
1885.31
1972.87
4295.56
2205.22
2008.84
1800.76
2468.79
1911.26
1271.29
2257.88
1566.04
1977.49
2086.32
1660.66
2057.7
1523.21
1248.03
1950.66
2069.65
1837.1
3404.54
2521.02
2725.19
2086.34
1214.75
1506.4
4498.68
1267.81
2036.36
1161.43
1948.77
1908.12
1208.17
1361.91
1074.98
1290.51
1517.46
2310.7
2201.29
1135.6
2487.42
2394.84
1835.96
1475.17
1313.1
1417.96
1125.45
1463.38
1371.07
3316.55
1125.8
1549.43
2602.71
4812.17
2730.57
2988.58
1465.37
1433.48
1996.48
1485.47
2065.8
1382.4
2159.69
1216.6
2175.44
1667.52
972.299
1173.3
3064.16
1310.88
1457.28
1173.84
1478.18
1132.79
1720.04
1645.15
4028.79
1616.41
3458.51
1686.84
1487.19
2407.44
2880.98
2138.33
4658.91
926.699
1326.91
1847.26
2270.94
1328.55
2166.83
1627.78
4413.81
1841.42
1674.81
4896.01
1719.63
1913.51
1151.39
1411.62
1321.39
2111.86
1684.51
1175.91
2229.88
1931.57
2656.75
1505.09
1396.81
2300.04
1610.17
2251.29
1354.68
2151.12
1820.22
2107.04
1308.15
2497.83
1362.84
1365.21
1342.4
1641.74
1174.54
2304.13
1344.36
1865.51
1323.66
2514.37
2884.2
1624.48
2336.94
1072.07
2755.85
1241.32
1935.52
2666.44
1492.94
2549.66
2340.44
2235.9
1158.84
1906.62
1785.71
3137.12
1156.39
1912.29
2121.86
2294.54
1409.07
3266.46
1606.07
1301.03
1449.27
1736.44
1600.16
1443.33
1906.09
2107.87
2094.07
1483.85
3348.49
3017.59
2579.36
1563.85
2351.65
2235.03
1989.19
2915.44
1867.92
3303.19
2849.61
2552.5
1393.19
3979.13
2769.58
1736.64
2001.78
3965.6
1936.1
1541.87
1870
1684.87
2336.74
1624.56
2002.19
1484.97
1684.48
3570.59
1799.84
2673.6
2385.95
2573.52
1382.88
1772.53
1474.87
2623.6
2174.83
1183.19
1368.74
1384.35
1572.73
4079.11
2254.98
3028.67
3063.56
3109.24
2467.62
1383.1
1295.54
1830.75
2694.88
2304.22
2493.34
1357.25
1703.9
1497.2
2354.04
1553.74
1288.04
1697.31
1978.52
1353.3
1476.51
1229.9
1740.08
1557.37
1974.17
4099.83
1369.33
2768.46
1632.95
2477.07
1371.82
2409.89
1696.18
2355.23
2552.42
1185.65
1558.33
3419.86
1865.01
2432.46
1278.66
2417.05
4014.75
1499.11
1775.48
1752.95
1647.01
1767.23
1528.86
2349.3
2811.77
1775.45
2633.27
1366.76
1083.82
2141.98
1754.3
2541.43
1698.64
3653.15
2131.04
2240.55
2994.08
2853.61
1639.77
1412.2
3477.45
1869.06
2943.78
3847.3
1848.89
1541.19
1498.1
2012.6
2088.96
2037.92
1957.29
2166.68
2975.08
3600.93
823.713
3029.53
1894.43
3045.11
2457.32
2734.3
1483.39
1745.85
1549.28
2867.93
1511.43
1700.57
2358.97
2885.56
2654.68
3420.74
1639.13
1054.13
2139.87
1727.67
1911.33
1248.05
1654.51
2066.97
2320.32
1495.9
1484.84
1797.34
2048.72
1856.92
1756.67
1670.5
1995.46
1159.19
1181.04
1518.06
1672.92
1895.98
2290.87
1824.2
2178.01
2155.92
1176.12
1005.68
3706.59
1558.79
3280.82
1921.48
1565.59
1433.59
1315.1
1488.74
2158.89
2115.71
1641.37
1901.01
1655.57
1549.68
1435.28
3710.55
1551.25
1267.89
2305.34
1517.51
1475.4
1166.36
1986.7
2329.94
2247.82
1896.22
1885.71
1268.8
1266.31
8297.01
1742.09
1746.81
1663.92
2246.81
2345.79
1527
1721.99
3125.45
3100.86
1401.34
2061.06
1702.66
1233.01
1426.05
1200.93
1485.9
1535.54
1364.42
2716.18
1860.31
1343.07
1529.74
1618.21
1606.95
1906.74
1472.47
1660.19
3723.9
1968.23
1493.11
2016.16
2338
1805.16
1888.25
1299.07
1466.64
1402.88
2390.49
1202.26
1498
1577.78
1397.03
1911.49
2778.15
2219.11
4199.01
1711.44
1852.73
4488.75
1597.5
1469.23
2008.97
1747.95
1524.9
1501.03
2001.9
1756.58
1584.28
1772.15
2007.81
1667.65
1291.52
2267.19
2718.54
1484.31
4180.79
1994.54
1912.7
1174.12
2994.93
1736.38
1061.37
2571.78
1728.54
2810.88
1391.04
1601.14
3122.18
1644.82
1599.64
1669.23
1413.72
1314.63
2069.78
2717.99
1313.72
1516.19
1792.71
1442.23
1218.73
2157.75
1425.26
2828.08
1579.36
1360.56
4142.18
1390.48
3249.26
1837.76
1628.35
4168.14
2980
1292.52
1488.52
1376.34
1503.95
1737.88
2306.9
2408.9
1414.99
2106.51
1551.38
3249.92
1300.39
1944.15
2246.21
1260.2
1724.74
2055.59
1319.95
2587.95
3200.85
1869.23
1981.24
2047.97
1340.85
1281.84
3001.21
2074.31
2305.11
1850.33
1347.05
1147.58
1474.21
1617.04
1946.75
940.75
1900.97
1816.98
1968.71
2982.39
1784.02
1632.5
1344.92
1637.84
1378.46
1399.75
2026.82
3021.76
3539.08
1849.65
1422.56
2298.8
2321.82
2245.89
1285.92
1792.18
1414.34
3604.05
2640.3
1847.76
1414.85
2392.06
1347.09
2073.83
2188.48
2669.38
1932.95
1696.39
3497.16
1338.02
1469.84
1845.49
1633.51
2450.37
1953.15
3834.32
3051.94
1888.65
2182.33
1632.09
2133.72
1399.78
2505.56
2419.77
1550.1
1893.73
2378.52
1614.41
1473.65
1324.14
1551.95
4328.19
1941.67
2199.74
1411.4
1598.69
1885.7
3383.58
1334.88
1406.71
1475.39
2503.83
1539.95
1301.54
1625.67
2630.43
4722.83
2197.81
1110.77
1550.85
1524.94
1726.48
1587.36
2285.41
1765.32
1903.99
2748.42
1293.26
3647.87
1982.56
2709.31
2673.15
2350.14
2944.81
2002.16
1883.99
1203.09
1938.15
2168.94
1577.41
1283.38
2176.85
1608.92
2250.55
1982.32
1938.63
1048.09
4660.11
5711.4
1960.88
3028.95
1346.28
1502.69
1972.52
944.248
1738.23
2255.75
1647.49
1690.97
1348.67
1984.21
2783.58
1542.49
1498.14
2326.89
1460.42
1933.81
5114.35
1323.37
1731.68
3707.58
1929.72
1356.77
994.199
6593.15
2823.69
3254.28
2998.58
1408.73
3240.62
1722.21
2085.37
2208.11
2573.55
2941.56
2938.72
2170.25
1471.9
3237.08
2265.34
1443.34
1392.91
1971.18
2996.41
1010.98
1348.81
3676.36
1643.59
1714.42
4268.72
1389.65
1654.31
1293.35
1728.04
1526.26
1251.85
1501.83
1489.52
2941.96
2028.73
1481.43
1444.71
1534.81
1552.78
1754.01
2532.36
1464.86
2689.41
1456.96
1082.01
1497.42
1301.39
2205.12
2237.75
3109.89
2688.88
3348.84
2189.64
2155.2
1804.75
2172.59
967.134
4040.8
1890.19
1515.21
2566.24
1180.48
2922.3
1457
2363.48
1545.76
1722.97
3576.24
2216.76
2610.12
1754.97
1740.33
2058.64
1739.14
2418.23
2142.31
1641.41
1883.71
1233.62
3207.89
2108.2
2626.28
1218.11
2112.99
1566.75
2638.24
1170.61
3463.65
4677.66
1348.27
1483.72
1491.41
1200.32
1569.11
981.222
1850.43
1830.24
2133.86
1500.61
1584.92
1387.08
1865.3
1514.43
1591.96
1035.24
2166.31
1649.98
1977.32
1598.51
3586.72
1842.2
1957.94
1491.68
1226.07
2772.76
2718.51
1054.1
1656.02
3812.2
1953.24
4378.26
1338.83
1518.7
1510.65
2143.18
2177.72
1437.87
1966.08
2335.95
2699.19
3629.54
2149.22
1661.07
1961.26
1529.45
1892.29
1627.86
1154.41
1377.47
2628.59
2672.03
1728.8
2324.74
1655.82
1186.58
1594.7
3129.33
2249.34
2403.1
2023.83
3316.39
1783.63
1874.79
1405.32
2396.7
1659.57
1713.19
1374.52
2072.98
1180.99
2398.51
2087.97
1720.89
5438.89
1888.8
1617.59
2222.59
1978.57
1674.33
1752.29
1625.11
1435.25
1841.7
2852.53
3627.77
2853.7
2550.01
5041.88
1346.59
1615.98
2416.01
1780.34
1732.37
3918.21
1676.53
1563.08
1430.59
2928.72
2557.72
1086.54
1495.28
1755.24
2228.2
2845.38
1338.01
2047.33
1014.89
2474.62
1601.47
1559.39
1855.37
1160.07
1954.38
2060.38
1342.91
2764.33
5254.88
3745.38
1819.5
1397.97
2439.52
1658.46
1749.99
1265.29
1413.71
2194.19
1438.59
2037.17
1583.69
2254.87
1168.71
2439.83
1478.21
1525.56
1641.08
2934.54
1574.21
1536.6
4744.12
2274.63
2080.92
1426.06
1832.39
2374.53
1379.52
1884.32
1094.56
1645.13
1321.8
1352.64
1609.09
4679.42
1452.41
1973.8
2409.86
1227.47
1133.13
1957.52
1276.23
2103.15
2739.02
1566.71
2103.56
2068.69
1775.86
3055.89
2296.33
1415.64
1768.37
1779.62
2361.79
1736.56
1336.71
3504.17
1949.31
1301.21
2034.71
2060.68
2388.09
2071.98
1697.16
995.468
1956.06
2055.74
3566.73
1338.55
2094.12
2638.04
2342.83
1695.05
1602.75
1428.49
1485.11
3284.03
5866.64
3852.78
1501.71
2738.7
1466.58
2303.79
1508.43
1823.76
2080.8
1967.12
1559.06
1865.6
2060.89
1806.63
3561.28
1145.19
3236.84
2080.17
1885.97
2165.16
1460.01
1581.84
2293.45
1184.63
4142.36
963.499
1874.82
1375.7
1651.48
1028.87
2521.91
2027.52
1603.96
1464.85
1503.28
1454.85
1318.3
1961.24
2703.87
1680.58
1842.89
1610.16
1430.78
1512.28
1713.7
2609.14
4052.88
2240.28
1307.82
2123.68
2673.35
1723.91
1958.62
1703.27
1791.51
1351.69
1976.23
2681.54
2163.99
3386.82
1990.89
2218.37
1920.73
1362.91
1618.28
3589.1
2026.07
2106.35
1837.7
1477.82
2325.35
1686.78
2910.32
1563.42
1972.56
1709.77
1348.72
2353.4
1218.19
1416.63
2283.8
2899.4
1547.39
1699.96
1910.9
1971.21
1455.52
1329.09
1709.7
1603.28
2114.38
2987.49
1810.44
1644.82
2692.95
1612.5
1952.13
1654.2
1680.03
1219.85
2166.61
1999.42
2440.53
1943.29
2110.63
2966.75
2420.07
1424.09
1138.89
1533.01
1562.99
1720.59
2086.54
1165.8
1577.21
1857.37
1656.27
1633.26
1565.78
3593.85
1426.07
1431.09
1196.47
1775.94
2790.15
1360.42
2941.72
2180.37
1241.72
