13927.6
5928.56
9313.05
3580.99
3883.89
7662.6
5666.33
5744.49
4213.81
10103.2
5425.57
3203.63
7375.2
7931.86
6455.49
8964.31
18515.8
7330.76
8485.64
5928.64
6505.63
4593.11
6574.55
9734.65
6441.97
5596.88
6688.25
16193.8
5655.87
4761.01
6362.71
7715.24
18784
5156.38
5120.01
9169.72
9181.89
4593.49
5681.08
4986.48
3436.65
5886.97
13602.3
4261.16
14772.9
7248.83
6059.06
10845.9
6006.32
14774.9
12303.6
10256.9
3796.89
5635.92
9995.73
7815.98
5189.89
6936.51
4547.44
5996.48
8151.14
5672.79
5513.01
20114.8
6192.16
4279.71
4948.84
4364.46
8674.01
3613.22
7244.84
4249.2
5479.44
4816.61
6882.39
5294.51
10469.8
15786.8
7970.2
7950.86
11191.9
6429.46
4266.74
9800.95
4751.51
4688.23
12356.8
4538.3
8895.47
5841.86
7939.28
26738
10618.3
7324.59
5865.93
6186.3
4623.32
12067.6
5301.65
5391.74
5324.01
6656.81
5343.47
6343.23
14663
4216.91
9559.77
6633.6
5443.55
4939.2
8976.04
5840.14
11096.9
5230.06
18712
5978.48
6562.66
8753.8
4852.03
9035.08
6395.6
6095.46
8826.24
6192.15
7513.67
7131.54
7019.98
10603.3
5184.77
7083.94
5466.15
3297.7
4715.69
3958.98
6820.16
11989.1
3739.76
4681.09
5848.49
11301.5
16202.8
5712.94
6482.04
16179.2
6844.04
6313.83
9103.9
6614.96
10778.6
3143.22
8708.63
3711.82
9763.48
9094.79
5796.96
7353.17
4820.11
7868.51
10217.8
9049.51
17875.9
5774.31
13472.8
5369.58
6790.15
11639.1
14206.3
7358.23
5810.54
8869
8702.3
6107.46
4860.3
8172.59
14218.3
6400.01
12767.9
4933.2
10442.6
6372.32
4727.32
8645.71
5950
3417.11
7054.82
5298.48
4034.84
6109.7
7072.71
6015.18
7120.63
6114.99
4580.72
4096.87
4546.4
4696.71
9222.57
8167.01
12005
5146.62
8649.64
4562.07
9908.09
9817.34
6326.95
4585.2
9019
9740.57
4621.13
3168.73
5258.43
4359.16
3566.61
4749.51
6985.28
6167.27
6303.8
6785.99
12868.7
8695.85
14931.3
9375.71
4379.65
6129.25
3938.44
6170.56
8692.87
14158.7
4684.89
5941.8
4528.5
5973.11
11196.4
3577.68
6698.04
5689
16316.2
4064.7
4236.76
8135.59
4536.66
8450.43
5422.76
3897.54
6740.97
4098.92
10015.5
6527.89
9205.09
6106.8
6042.88
8074.23
6971.62
7051.94
5905.6
6851.16
6184.93
7549.25
13681.6
8664.67
7018.76
7577.32
15851.1
10075.5
6726.44
4444.09
8577.02
3832.36
5904.68
5320.76
7738.32
4173.54
5303.74
9452.16
5368.66
9133.98
11734.6
4245.52
14086.4
4935.37
5240.39
4392.6
9096.66
4205.28
6716.62
5949.54
5772.68
12476.6
6800.67
3853.18
5038.9
18063.1
8443.87
6041.34
5765.71
7199.3
6337.61
5685.14
9165.84
4397.29
9364.84
4627.08
7133.1
10280.6
4714.06
12947.5
6861.9
3654.93
7298.85
5516.01
5717.61
7352.95
9349.94
10757.9
9043.13
7780.44
6902.25
3369.1
6491.96
8678.46
8293.72
9090.64
5137.43
5213.21
5436.4
5086.39
11981.7
7134.96
3715.26
10212.5
6069.24
4689.61
5906.57
12421.3
5428.97
10874.4
11935.6
5099.8
4116.34
5101.13
10446.9
6372.01
12865.3
5270.31
4098.66
3912.23
8809.21
3302.63
8261.51
5627.36
6399.12
4021.6
5113.79
5819.21
9138.26
6108.02
10446.1
3714.5
12392.4
5537.4
4788.71
5688.47
8070.03
4811.17
5127.75
7115.96
9069.05
8377.17
16543.6
8277.17
5587.82
8634.17
3930.47
4665.85
8587.9
5970.46
5011
4226.98
6966.23
4873.8
5025.78
8753.5
6074.62
4337.08
6535.95
5852.99
6203.6
6802.34
15324
5122.08
3706.83
5930.26
6732.54
4909.64
14733
7299.62
9158.48
11047.1
9317.2
3864.26
5091.13
8457.69
4450.06
5061.84
5997.78
8316.5
6059.38
8374.91
13751.3
9318.18
6314.81
4386.52
6469.11
4928.66
8008.7
4946.58
4147.96
8348.16
6475.25
7732.66
6516.62
4874.05
13024.9
10361.6
7218.96
5410.89
4916.31
4941.28
3792.24
4740.89
9784.85
7407.43
5402.56
9245.45
7595.34
5170.8
7198.45
4492.23
12636.5
3932.05
8609.27
11858.1
4683.11
5688.49
12483
6998.44
4472.57
8453.09
16963.9
5266.92
4789.48
15251.3
10670.1
23267.6
7499.22
6448.58
13739
6297.33
13696.5
5454.08
12283.1
4411.77
6592.83
4329.63
4705.66
5747.96
6893.03
8584.39
5528.98
4300.9
8240.38
5015.48
6147.78
15561.3
10211.5
5653.23
9197.12
5484.41
7272.01
10583.4
4463.59
11676.2
7382.33
4319.7
5425.62
6334.78
8657.66
6088.28
16865.3
9168.67
6323.31
8518.21
7050.84
6058.1
4759.73
6194.35
8203.37
8047.98
14514.4
5468.85
6127.36
9954.59
8523.93
7996.05
5768.17
6530.75
7259.77
5155.9
10077.6
5121.3
5219.63
4742.08
5268.13
7996.71
13079.7
10404.3
17694.5
5944.58
11616.8
7084.8
3578.25
7690.05
6332.69
16469.7
5890.11
6444.72
6614.8
9182.94
4625.43
14191.9
6289.86
6844.55
6596.17
6393.89
5922.71
19045.4
7385.54
5330.14
3787.7
9420.88
6498.61
9171.61
5232.27
8378.8
7753.69
4125.98
6486.98
7462.49
11115.1
5181.27
5161.25
8081
10652.7
4406.52
12559.7
7193.6
11531.8
5503.93
11655.9
3795.17
7045.97
5250.05
14593
3372.11
5521.79
5615.74
5103.78
6672.52
9753.7
13411.7
5021.98
6012.83
4154.6
16335.8
5010.76
3147.97
3851.24
7361.25
10346.5
7962.71
4632.76
4909.71
6354.39
4381.69
5951.67
9649.98
12882.6
6605.2
3352.54
22202.4
9151.42
3738.07
6076.68
9595.44
6010.58
8141.6
7492.42
4687.06
7876.68
5972.26
4850.24
10220
16170.7
8054.96
19900.6
8466.41
6938.71
17767.8
5307.81
8990.28
5822.75
8953.37
7106.43
4989.29
6752.37
4120.1
4787.72
6067.83
19702.6
6545.43
9161.5
5391.06
5507.3
11930.9
7775.77
5887.54
5764.36
6002.45
4344.17
5204.14
17585.8
3183.24
7920.01
4022.38
5254.72
4778.95
5745.61
11352.5
7606.45
8440.41
8485
7544.72
10372
5319.96
5298.98
3869.58
7210.86
10722
11533.6
7826.62
5455.44
12553.5
4121.77
5452.37
4935.93
5661.72
6099.12
6612.74
6486.19
15097.7
5631.67
5477.97
12599.8
9076.61
6627.91
4466.37
12422.7
4355.07
4734.4
4280.24
6465.08
6511.32
7738.89
11547.2
11581.4
5560.59
5735.11
6717.14
5324.91
7079.33
5475.87
28255.4
5579.7
5753.97
6816.99
4977.93
7965.58
6307.11
7437.29
6418.12
5011.88
10673.9
5823.36
11634.4
4706.22
12821.4
4708.45
4959.1
7739.34
8548.9
6287.08
5881.98
6746.92
6514.32
4863.95
6947.8
4838.22
21648.1
11514.9
16659
5452.33
10211
4514.15
3882.03
10947
4441.03
7128.84
8000.23
7461.18
6700.59
9078.76
3697.98
4884.4
6483.95
5056.9
5106.55
12546.1
4754.42
10377.1
4843.15
7403.34
6011.01
29646.1
7244.92
7264.26
10934.5
5351.06
6167.57
7011.19
6834.28
7432.2
9130.92
4432.94
5727.92
4761.82
5017.5
9408.92
8132.55
5249.27
12534.7
5216.33
5331.74
17598.9
4997.5
8893.3
4367.89
6200.37
5144.36
6914.47
5909.06
26388.3
4368.99
7845.32
8920.97
6413.92
5929.73
11817
7661.02
6491.63
5237.76
5317.56
14369.7
7710.44
4525.26
4873.85
4771.07
6229.24
14622
9347.23
29252
9403.98
9280.52
15550.2
8494.4
5163.29
4965.22
8674.98
5842.98
9562.25
4228.12
4182.83
10755.5
5464.38
9725.22
4713.25
4029.83
9494.85
5552.15
7047.06
8432.29
8566.48
5388.71
5816.96
6922.25
12844.3
10944.3
4893.69
11046.8
4393.92
4221.7
6485.26
7796.07
8500.05
10772.6
16399.1
5046.4
9445.83
5177.29
6054.46
6647.64
3987.94
14047.4
4192.55
11423.7
5350.34
6457.21
5011.3
6004.79
6054.39
7530.01
7781.2
5516.6
4489.41
5204.72
11276.4
4880.52
6757.44
5893.4
6822.67
17272.8
3426.91
6446.43
10510.8
28434.7
6570.86
9468.44
8302.73
5470.47
7524.79
9548.63
6921.71
6557.13
4540.69
5608.82
5853.7
7763.86
4750.72
5441.27
5197.71
6136.88
6121.23
5014.98
8120.04
3697.64
8540.41
5058.1
12325.6
3939.4
7162.72
6213.63
9293.53
17025.8
6560.77
5985.01
4695.83
5694.27
14648.9
9970.9
8164.34
12161.1
7136.89
5080.66
6664.99
7184.77
12338.9
6195.49
5790.24
6315.58
5593.23
3891.63
4201.01
5115.56
8184.53
6397.33
6741.88
9094.49
3890.66
4140.71
4803.07
7701.38
10085.3
6428.77
4694.7
5529.81
9739.16
5125.63
6384.94
6076.05
7816.15
7504.11
11521
6348.94
6223.63
13333.9
5944.1
9698.58
12241.3
10100
7822.08
10192.9
5070.54
4670.66
5504.59
20853
5497.39
6302.11
5659.64
6067.31
13949.3
6015.02
11492.3
4966.3
5544.7
7695.66
4178.35
14837.4
7279.04
8811.2
8809.72
9006.13
5581.98
3922.43
11401.9
4160.49
4993.14
9817.89
5953.68
4920.89
3235.88
5432.3
6405.26
3644.72
4209.01
5428.09
4815.17
7189.75
6510.55
4001.7
4275.29
24404.1
6761.65
4715.78
6941.76
4852.77
8739.63
7104.96
5037.53
4744.81
8007.2
7580.08
5328.06
6525.4
5326.47
6801.89
7218.19
5835.94
14403.3
3040.32
6682.32
7844.32
10268.1
9288.99
5220.69
15522.1
11779.5
8978.62
7139.62
7817.37
11439.2
4783.81
13909.7
6132.49
5294.45
6807.32
5687.37
5371.94
12712.7
5180.27
8132.22
15885.9
5294.21
15136.7
5205.68
5475.99
6419.26
10558
5234.4
5876.32
6767.33
6002.22
7008.22
7605.75
6599.04
6492.41
3863.12
6703.22
5738.57
9948.61
4913.38
9834.92
6671.49
3145.08
18197.4
7153.1
4959.96
9769.06
6888.8
7405.53
6543.18
8635.58
5568.97
4742.37
6952.23
12918.2
7634.18
6116.94
13148.9
4376.5
5801.69
5748.7
4050.2
3343.94
9604.08
6619.16
6531.55
5487.93
6234.61
5515.57
7818.7
5153.18
7868.22
16540.1
7905.66
4288.79
4757.79
4794.84
7276.03
7022.93
5975.52
10185.2
4038.27
26285.8
8076.67
5743.15
5902.46
6258.08
6361.1
6108.35
3721.02
6769.15
9694.22
6406.62
10101.2
11824.4
20175.6
14902.3
17456
7894.25
5462.58
7396.31
4088.76
13223.7
13867.7
4075.54
8096.62
5671.42
12348.5
4220.49
9885.78
10425.4
4739.41
7698.61
9816.46
14217.3
8453.31
3545.93
8780.77
5859
8200.04
12790.4
10829.7
4309.74
5167.63
4900.31
6900.69
6954.67
5128.87
7809.52
6900.56
22673.7
8966.23
7398.71
8770.61
9636.71
8062.29
4062.83
5421.74
5879.25
5947.19
5066.7
9374.85
9327.26
6068.53
6523.61
10323.9
5426.29
6251.38
5335.16
11453.2
6264.94
8133.53
21320.9
8804.75
7748.76
6299.93
5164.1
10217.9
4029.84
8085.81
6503.07
5386.33
4703.15
7595.95
4112.81
4196.76
6116.2
6575.63
10244.9
13078.1
5452.36
6373.86
7118.73
7710.66
5145.17
5922.83
8661.78
4509.04
4818.65
7774.61
7452.73
6057.62
4408.41
10682.3
4938.93
6593.6
4761.26
5447.11
5470.75
4510.95
5041.56
3960.66
7384.37
9142.52
3917.07
7931.16
4734.61
6507.26
7709.64
4874.63
2988.05
4256.98
8404.53
5508.58
8376.12
7311.19
6695.89
5998.97
11870.7
15472.3
9573.96
6465.08
5682.24
11484.3
9159.64
5571.86
9797.26
5772.25
9804.8
5561.7
5806.31
9479.31
6189.45
6150.24
8909.33
4749.62
10654.3
7561.62
4957.8
4818.79
4333.79
4687.64
4093.87
7326.62
9271.14
6581.27
5204.98
7968.78
5271.93
5448.12
12610
6920.21
9559.64
5241.94
8453.15
6305.94
6988.84
5703.39
15802.2
6494.21
4466.38
10114.7
5906.6
5632.54
11290.3
10942.8
7308.08
4922.99
5529.2
4775.15
7330.7
5313.58
16624
12570.1
9781.63
8326.3
4268.16
8680.08
7155.49
5636.5
10171.7
14035.4
9601.32
5625.1
11557.5
8312.56
7447.3
10285.3
5750.23
7972.15
4320.96
7642.07
29763.5
18681.4
5068.04
7363.11
10288.2
2833.77
9288.09
4327.11
7392.79
3740.67
4791.31
11726.3
7051.96
5771.11
4398.59
10965
4107.39
11657.7
9573.38
6316.35
3439.82
8058.15
5604.13
7647.24
6493.25
19827.5
4352.94
9986.73
5020.89
5586.92
6043.12
3904.31
11628.5
6108.58
4589.75
6576.39
7368.22
4713.62
5156.25
4691.44
5613.03
5247.77
5442.81
4336.76
4396.83
4919.19
16569
5866.54
8573.87
9346.87
7453.19
6608.94
11808.8
12356.4
6707.19
6421
7926.99
10248.5
8593.45
5591.28
7090.49
5650.46
7455.61
18003.4
7153.28
9359.82
3600.42
4344.91
2802.7
4441.79
10927.3
7920.06
6711.01
8638.12
5939.37
7293.8
4249.94
9097.62
6865.62
5988.67
7337.5
14349.4
5256.72
4197.57
10481.1
6941.46
7021.42
4844.58
5720.51
4968.74
6878.01
7080.14
3855.06
5527.39
32038.5
6933.51
9276.9
6701.52
7265.42
9433.17
8720.94
4635.27
5799.03
6255.37
7565.27
5058.18
15670.1
7460.32
4505.74
12534.1
7417.81
4364.05
20405.1
6222.2
5453.85
6636.72
4437.93
5059.49
3822.06
15583
4101.6
4676.25
7722.07
10589
7860.92
6874.31
6338.02
6125.42
9009.61
9267.38
8471.61
4043.47
6019.4
7717.63
5134.81
7609.01
4926.95
10241.2
9095.01
6895.18
4953.51
10123.4
4268.64
4477.09
3881.28
10688.1
5708.6
5256.91
14877
5222.61
7227.86
9301.97
5641.24
8389.31
5124.84
16957.8
5287.2
4421.82
6721.1
5347.76
8986.12
7740.31
3979.65
12200.9
6999.71
6978.08
8324.68
5930.3
5758.11
4155.19
4050.44
4396.38
6666.03
7042.86
10487.3
5116.44
4946.06
15681.7
6801.35
7795.32
5811.26
8823.66
4043.3
11303
4551.62
5323.25
6683.93
4555.97
4270.83
9622.19
13751.7
4006
6598.66
6177.71
6039.05
7531.08
10378.4
5432.39
11200.5
4366.32
5374.09
5265.32
6477.33
10239.2
7178.94
10099.1
8579.14
6324.34
9690.19
20096.9
5356.38
6865.74
8081.45
4604.86
6718.07
6653.47
3098.68
5725.66
6764.87
12802.4
6722.23
9494.75
6528.74
4364.61
6809.4
5772.08
5916.45
4885.09
4704.09
12957.7
5002.61
6855.06
4628.39
5813.99
4017.03
4697.82
5238.24
9589.07
7480.92
8972.78
6379.92
8157.83
11511
7972.78
4556.01
7067.54
7390.06
4396.5
4550.18
16465.9
7521.33
4857.28
4451.38
6034.08
6962.43
5657.69
4535.06
22786.6
7574.7
6403.71
4665.16
4157.38
7238.89
4565.71
7073.08
10221.3
11720
8682.45
3647.17
8333.68
4064.26
4828.44
6577.6
5836.8
4500.92
3860.56
6363.77
11699.6
5752.78
6722.33
4434.89
19363.3
7382.49
5526.31
4064.88
7651.81
9769.66
5576.8
6305.32
5341.72
6777.83
4183.17
6031.24
4498.37
6027.67
20634.9
4303.3
3954.99
4558.6
5928.64
13793.5
5035.3
13376.5
5949.95
5081.76
3700.12
5214.01
4748.77
7307.8
5561.03
4598.22
10200.7
12648.7
15198.7
4848.73
9624.23
17781.8
9457.64
7282.16
12085.1
5644.89
36285.1
8072.25
9074.91
12552
7924.98
4933.65
4785.47
4059.48
7415.46
7005.54
4825.09
5604.13
9601.03
7052.5
5753.3
13937.2
10729.5
8008.28
8671.46
5337.06
5125.06
6521.39
8266.38
5865.42
6076.24
5246.15
21839.6
9754.68
8534.25
8941.54
3958.98
12452.2
6071.28
10935.3
21710.6
4432.44
14148.8
10583.3
10560.7
6211.23
6543.55
5256.78
6240.89
10251.9
7206.68
7626.19
8345.68
6280.08
7332.8
9656.41
4909.17
12806.6
15171.3
4721.71
5357.14
4493.82
7121.5
9974.1
6351.97
7418.19
5348.69
8568.27
11099.3
7242.55
6295.64
4905.16
16213.1
6187.49
9269.54
7545.31
10153.6
10454.2
5704.86
9432.25
12403.2
15430.9
4624.76
9740.68
5037.3
5967.71
6736.45
8887.6
5566.85
12674.1
4554.44
9613.75
20276.2
11630.9
5659.57
5832.06
5993.75
3951.1
12508
5846.04
8970.21
5354.02
12484.3
7766.75
6786.21
30798.5
6142.62
9323.79
5938.04
10810.1
7298.3
4238.52
5922.5
4575.88
12849.2
5458.28
5572.66
14921.8
40514.8
5142.5
7306.73
6744.2
7491.7
7593
17946.2
5144.74
8950.47
5088.68
3702.33
5082.38
7431.11
6083.56
4442.86
7135.29
8049.12
11071.4
5176.94
6536.76
5302.4
5496.88
7907.67
9583.88
14641.9
7035.01
9281.82
5719.89
13169.9
8415.9
5262.88
5247.53
11274.3
6145.57
5363.63
4192.84
11633.3
6837.4
11586.6
6523.29
10377.2
4907.08
23338.7
4983.94
7202.45
6655.62
7623.26
19800.3
5467.96
4528.26
3792.98
5767.34
9629.9
5704.13
8930.98
9083.93
5370.92
6360.2
15475.7
7408.8
5700.3
10981.3
9993.02
5563.16
7848.76
5530.23
5690.17
4882.89
4273.59
13935.6
12755
12190.8
9230.15
5692.29
4536.91
3551.4
7944.37
11326.8
6395.53
4287.3
7268.25
4223.46
7945.26
7030.08
5763.45
6203.72
5529.74
9662.93
7255.33
7002.33
11768.4
4609.45
5104.74
11819.5
6769.43
15359.8
8526.36
9949.88
6742.38
7303.84
5864.96
4951.88
3889.55
4615.96
7071.83
7216.25
9032.83
6645.24
17899.2
5445.23
10087.3
6000.4
6181.06
6809.34
11209.6
6888.18
5157.73
9368.47
5301.57
12069.2
7800.25
6572.51
5652.7
9009.3
11372.8
9223.25
4409.4
5709.64
3799.95
11891.4
6527.41
6082.64
5922.15
6149.7
8741.02
24567.4
5943.18
5324.6
4779.93
8011.42
5038.42
6304.34
9943.92
16191.9
5812.84
9184.84
3867.7
5352.88
3798.23
4656.6
13186.8
5290.42
11740.2
5922.24
7745.46
6964.94
4142.15
13305.2
3890.77
7430.7
13058.3
5979.21
5647.49
6230.63
10597.6
11181.6
5016.64
8585.85
9782.96
7057.74
10759.5
3573.47
12687.3
8744.18
6384.91
6834.64
6013.55
5622.3
5333.29
5167.38
10013.3
10623.8
7779.52
15596.2
5086.11
4682.66
3772.43
11396.9
8448.42
4944.14
19897.2
6100.12
13149.2
21782.8
5832.29
7457.82
9014.9
7894.63
4778.83
9388.8
9132.43
12069.9
8480.75
6912.99
7336.6
6182.65
5481.87
5222.92
4119.56
7976.98
7192.89
12615.3
5458.92
5495.96
7767.21
4057.83
10704.5
7703.46
10821.1
4370.05
11416.6
7456.37
10622.4
3735
6170.54
8206.52
10427.9
9852.26
9117.54
9882.32
5152.94
6324.33
6137.92
18576.1
9977.84
5895.96
8190.95
5456.27
13872.3
7273.82
5137.12
5350.95
8433.11
4753.29
5924.63
9437.55
10271.2
5430.73
6389.18
12960.2
8771.49
12556.7
3895.31
9034.54
9558.03
6317
8110.72
5468.68
22240.2
8180.64
9760.91
6121.92
5735.53
10599.1
3974.37
8490.8
6522.34
9967.02
4804.92
5482.07
5535.82
7333.2
6654.44
5255.04
5970.04
6559.12
5751.46
5001.04
4506.62
8458.02
4347.5
4712.24
9749.82
13490.6
4992.84
6740.5
7345.8
7445.66
7035.88
7981.79
4092.83
4374.58
6875.41
8211.82
5699.02
6063.93
7517.34
5601.98
5234.66
9432.78
5014.72
8635.48
5699.44
7980.2
8506.59
4952.07
7784.51
5674.49
6237.47
9592.12
6187.11
8814.9
6138.32
7986
7078.11
4018.02
6913.05
6552.36
7622.98
10661
4748.96
4681.12
10839.8
3621.66
6485.71
6312.99
8422.61
10533.4
6683.09
13936.3
4999.13
6174.83
10864.4
5421.06
7224.48
6924.3
5868.43
7052.84
7049.9
13453.7
5717.94
4309.78
7891.11
4276.96
14936.6
6463.34
5391.76
4946.31
10210
5857.07
5651.31
6314.01
2974.63
6949.39
8332.28
17385.1
8905.83
7295.99
9250.31
6138.2
9566.9
6133.12
5090.79
5267.16
4288.94
5744.24
9801.5
6334.05
5944.55
6178.41
4213.36
12050.9
4533.42
4218.34
10064.6
19057.5
5333.23
6309.74
13188.1
29347.4
13052.8
7606.06
3759.18
8362.02
8047.68
7143.07
7555.79
5876.63
9922.24
4613.75
8334.92
8010.81
4531.48
7914.24
11586.8
6439.98
5397.25
6450.71
6078.21
5798.59
7771.04
3553.86
7211.68
5475.44
6976.78
4274.22
4155.15
7849.19
5418.49
9629.82
5253.21
9464.38
12122.4
5933.12
4879.32
14122.5
6746.52
9749.46
4125.88
5015.73
4140.59
15125.2
5404.45
10580.7
6742.99
11079
12054.9
7685.08
11652.1
5117.24
5974.56
8069.77
10608.4
5576.88
7709.38
4031.5
5201.69
3440.41
3999.46
6028.26
4679.35
4294.15
5034.13
5585.39
6101.34
16381.4
6153.98
6447.04
6040.34
5509.04
8043.49
8176.21
5819.27
14931.5
9024.58
4161.06
4462.75
4725.9
8840.44
5393.18
6946.12
12057.1
3963.2
7796.87
17458.1
6209.97
3942.83
4931.06
3785.79
5792.09
10222.1
5322.9
7581.71
4507.85
13243.3
7660.43
6149.77
15237.6
11779.8
7585.12
6004.06
7090.37
6040.61
8290.36
8871.17
23654.1
3885.01
9723.41
6139.7
5809.43
5903.14
9141.1
5703.9
8799.83
6010.02
8856.51
14342.5
5812.14
3786.59
5172.63
10264.2
4400.31
11947.6
5769.65
5831.1
33631.4
4931.35
5543.51
8373.88
7997.33
5034.85
5306.94
3085.43
8523.54
4814.9
5067.45
7409.32
4338.44
9935.53
4851.21
6700.37
6606.25
8081.28
7338.95
7386.2
5304.11
4001.87
6518.36
8586.97
7672.03
7280.21
14382.9
3966.66
3641.38
9484.44
5608.39
8708.92
4264.96
7423.56
6576.18
6990.04
3911.02
4749.36
5003.15
4239.97
8903.91
13220.2
8168.88
11431.8
5836.44
5805.16
7319.56
4270.39
3910.27
18556.4
4125.55
10357.8
3958.62
3586.23
14275.2
8726.43
12377.9
3965.29
8712.68
5239.12
10802
5668.54
4379.98
3365.29
4417.02
6078.98
5652.18
9165.61
7878.63
3766.4
4421.66
6228.1
5200.99
6300.42
6478.9
10396.2
9416.01
5521.43
11771.8
8899.25
8581.75
6725.51
5506.47
9421.73
12791.9
6536.03
3526.65
4079.92
11749.5
7359.45
9642.16
5484.7
18473.1
7544.07
4806.78
5147.15
6122.4
4682.52
7093.64
10717.5
10110
12867
11135.9
18072.8
5412.09
6414.37
8679.28
5810.52
6082.51
8044.4
7538.35
6593.78
16850.5
9470.65
5362.26
4094.68
11191.9
5867.13
8372.39
6514.44
6565.03
4167.79
10283.2
7150.65
5214.54
8602.06
4688.31
4611.96
5559.47
4134.72
8651.32
6293.85
4785.23
17508.2
12636.9
5841.71
8633.56
7780.26
5587.51
14099.2
9098.26
6157.84
7179.93
6102.07
9001.31
4318.13
14202.6
3462.68
9021.51
10961.1
7423.95
7328
6046.18
9774.2
12565.3
6758.51
5266.08
5068.53
4865.48
12169.2
6137.69
9737.15
13151.1
17260.2
2509.41
4725.35
7046.98
11261.5
8683.77
6551.45
5528.47
3310.54
9103.82
9115.52
6161.02
4125.37
4409.54
4210.01
13288.3
7131.8
10439.9
7366.28
5013.04
4402.47
7514.04
5360.63
18625.7
6809.87
7824.69
4757.84
3510.29
3697.79
12637.6
4514.58
6061.83
5024.29
6481.12
6042.74
5303.37
6283.54
4759.36
4335.8
12462.8
6731.52
7754.63
6753.2
8690.3
10438.9
7028.31
6479.05
3910.53
5851.61
4190.5
6395.82
4510.46
5557.25
8782.32
6297.34
6617.26
7035.23
10191.8
7527.08
7087.63
5779.48
5544.37
5091.14
7099.46
7483.56
13496.2
8577.08
6525.16
4297.72
5290.13
7300.23
8509.66
4086.25
5293.8
7280.96
8473.02
5830.52
19108.8
7455.95
5863.76
5156.91
4794.35
9843.16
5622.46
12328.9
5349.31
8792.95
5483.92
9345.64
6102.4
8360.27
6024.89
5026.61
4653.87
5461.25
4754.94
6697.82
7391.39
6338.8
3173.75
12477.2
6445.22
5534.5
6249.02
9613.39
5688.95
5528.67
6974.87
8121
6308.75
14572.2
9127.96
4123.17
6243.62
6696.39
11948.7
14269.9
3163.82
12434.3
7619.13
3905.14
7361.05
6711.52
5434.02
5820.98
6520.69
4403.31
5871.39
5549.03
6944.24
7677.74
5491.85
7084.92
11909.8
12329.1
6286.41
10712.5
19849.1
9491.52
6348.88
7439.3
6681.33
6208.01
4556.49
6451.98
8096.52
6668.75
7059.3
7714.18
6248.49
7314.99
11771.6
6021.15
14254.2
6162.67
7717.07
9684.53
3943.52
8202.1
5005.56
10972.2
7029.64
5261.68
11610.2
5496.61
4507.2
7621.2
4897.63
6642.34
6890.98
5513.96
7615.91
9612.53
5521.79
6601.21
13279.8
7060.72
2975.85
6249.77
6378.77
5038.92
13464.5
6577.26
11995.7
16289.6
9465.29
16084.1
5467.47
10567.5
6891.16
7445.45
4581.62
5191.07
6996.56
9941.71
6637.96
4394.49
8077.08
4204.76
7920.47
8150.72
6236.1
12974.9
6785.87
3916.35
5211.87
9859.54
5144.17
4192.44
4117.84
10510.4
4278.85
7601.99
4712.21
5473.3
6614.85
5696.41
10159.5
5693.02
7441.31
12835.4
5940.57
17141.6
7476
5834.79
5630.19
5932.15
8793.53
5083.41
13779.4
9965.27
9972.43
7605.1
9621.28
5925.47
5423.13
4465.2
7181.13
5850.12
16196.1
8927.12
5902.76
11622.5
7505.94
7509.4
5128.01
4833.27
8646.79
16098.8
14271
5169.76
6420.86
5239.7
9415.79
7480.19
14510.6
8049.4
3301.68
7881.66
7308.16
5140.06
7868.76
3472.77
6791.11
39384.9
6942.52
6727.56
11536.8
7152.45
12138.8
7740.97
4391.93
4788.42
9858.59
8834.74
7652.55
10171.7
5086.19
7455.29
4920.37
12319.1
4228.93
7581.15
6099.95
6466.24
5843.46
3683.64
5479.21
5366.53
3875.46
8810.16
6316.9
7136.6
8260.31
15799.1
6245.89
10519
5259.89
3593.65
16933.9
11880.2
4781.23
15758.1
9406.62
5738.04
7833.73
12052.9
8894.89
7365.48
6570.11
5675.94
6920.64
7324.29
4066.59
6661.59
11732
7285.08
6157.73
7834.84
10523.5
8028.28
9250.27
7325.44
6467.99
6335.49
11147.2
6117.41
13282.2
6607.11
8959.56
6124.51
13474.6
3834.69
4676.5
4869.79
17075.3
4828.77
10945.3
5549.75
4278.91
6557.41
8585.89
7075.85
3714.12
4059.47
4197.45
7899.6
6051.07
4414.4
6687.74
7962.91
9852.26
8318.7
9717.62
10589.2
4466.27
3070.05
28684.5
15722.9
8821.3
16989.9
7112.64
4431.19
11033.6
5040.12
8666.24
7136.19
12694.9
9518.93
7188.22
7181.46
4344.43
9884.48
4616.89
11959.3
8890.74
4861.9
7456.76
5937.51
13061.5
10697.6
4857.67
4301.94
5471.68
5457.86
7717.34
6053.66
5518.64
8219.94
5924.1
4864.34
12684.5
6176.72
6199.79
11732.8
8272.84
6415.17
7176.18
12584.2
7551.47
8213.06
4761.43
10221.1
6634.39
8912.46
7000.23
8454.07
9587.24
7306.32
7622.74
10689.5
5870.09
7233.55
8943.76
7413.38
7551.46
5101.27
10968.1
8674.17
5751.64
9531.26
5588.26
6091.68
7389.76
4052.67
4947.37
4077.08
3775.4
8099.49
6776.27
5028.92
7180.35
3192.29
9672.18
13028.1
8168.94
12136.4
9068.79
10980.8
11995.3
5678.33
13774.2
8960.05
9015.64
11086.6
6490.04
8547.63
4182.8
7089.43
4113.95
9112.38
4421.58
4971.76
7767.85
9491.69
8964.92
7925.33
7413.58
5819.57
12013.3
6177.24
8244.34
6729.83
5247.82
17306.6
8358.66
4707.86
5126.91
3571.93
5033.5
8189.29
4791.43
4031.88
5621.03
10436.5
6046.42
5105.3
10232.9
5340.64
5005.76
4277.52
11656.6
7897.26
5410.28
6715.17
6337.89
6601.31
10127.4
5771.71
8834.43
6377.57
9421.68
5669.68
5479.88
6588.14
5186.57
17659.6
11010.5
3784.26
11419.7
5935.33
6785.55
9916.22
8841.02
4343.35
7231.71
32573.9
6537.69
5191.88
7727.79
9820.82
6474.32
4533.41
11234.1
3519.13
13601.6
4426.14
4763.87
5357.46
4850.21
7121.53
4387.12
15813.5
10230.6
7338.7
6282.27
6205.79
6261.37
4019.75
9482.74
7854.77
6640.7
5379.66
6256.03
7383.97
6220.64
4564.97
4933.25
7757.91
4883.14
15242.3
5322.79
6138.73
22197.7
5238.64
9631.27
8370.68
6834.73
14352.4
7579.81
4621.14
6310.73
8869.96
7583.03
6155.68
11211.3
4443.48
5958.38
7032.95
4574.66
15348.3
7171.52
4450.61
6786.59
7599.03
13264.4
5790.36
6002.79
6631.19
19239
4968.2
5267.21
5210.18
9723.88
5231.48
6554.63
5760.62
3954.58
4932.06
6313.48
6343.96
5652.05
8410.26
4997.77
5054.76
9683.37
12521.2
6188.45
10043.9
14459.8
6930.48
7649.9
13930.1
10349.7
7669.53
8794.81
3902.62
4478.35
5000.26
6307.53
3499.81
4814.52
10462.6
4208.26
7317.07
14186.5
4745.91
4516.09
5817.57
5013.96
4822.18
12876.2
5749.51
5649.77
8559.16
9044.45
7941.25
7164.46
6453
6584.35
8992.4
13199
4645.63
6579.79
12199.8
11622.4
8060.03
10213.5
8332.74
8977.74
11536.8
4595.36
5031.87
9927.91
7028.2
8444.48
10652.2
7797.1
21951.6
5474.82
6971.36
15177.6
4378.99
7232.11
9862.32
12227
4969.69
4850.6
7080.84
6236.78
4041.26
5636.85
6157.2
26755.7
4559.53
4964.04
7525.04
5311.84
6656.7
6109.73
11096.9
6712.95
5916.18
4643.84
10148.8
20264.4
7440.6
4126.43
10279.1
5092.33
5538.36
8152.95
6226.53
11684
4992.52
12229.1
9192.97
6584.39
12860.6
14264.4
9057.62
3678.46
10204.3
4126.64
4353.92
10669.4
20437.3
28080.6
5505.61
5157.26
11129.7
10567.7
6379.21
5614.92
10558.6
7991.79
10194.5
15651
21853.6
7611.97
6309.64
9036.16
4714.13
12627.7
6512.87
3595.37
7591.69
14830.8
10973.5
10054.8
5202.53
7836.41
3121.12
7435.63
7962.06
6834.78
4863.19
4551.39
5040
7366.86
13964.9
6277.07
7641.34
6742.74
4992.95
9728.59
10177.8
33389.8
8955.4
13933.3
6849.54
13824.1
6869.98
5543.42
6824.51
7633.33
7241.46
4080.19
31788.6
4886.29
6992.37
5091.37
9142.81
8041.38
14977.8
5839.03
12855.5
4440.65
10060.5
6011.73
11898.5
8945.52
4415.75
7133.38
10641.3
6339.38
11930
12213.4
7089.56
6611.54
5376.79
5257.55
9896.49
6922.88
4794.59
5650.02
8153.89
5543.71
4754.21
8404.19
18159.4
5945.89
10767.1
7981.15
11264.4
7197.34
6047.85
3318.88
7077.1
16587.1
8145.16
7746.22
5585.19
5759.38
4643.35
6275.47
3435.95
10760.5
3687.89
14094.9
5943.87
6665.24
5494.29
12033.7
20759.1
4717.8
14739.7
14477.1
4416.45
9702.19
5633.02
4517.24
5603.42
5147.61
7013
5067.31
3840.72
11820.3
14402.3
11379.9
4523.01
5951.84
5880.13
4433.83
12377
7654.22
5128.26
12295
6438.77
6463.51
7275.74
4871.65
8182.89
6473.23
6778.4
5858.29
8033.62
3790.72
4551.57
11244.5
5781.66
18019.8
5390.71
10146.6
3735.63
11864.4
5424.59
4929.39
4251.07
16149.7
12899
7855.66
6346.03
12272.7
13585
9186.37
6159.65
12577.4
5758.85
6087.61
6983.78
5653.22
6187.28
45158.2
6742.8
4989.72
4076.19
6298.78
7750.61
6804.07
16186.3
7291.95
8014.24
10909.8
6254.91
8365.53
3853.45
5780.59
9519.21
5978.65
7261.62
7663.56
5942.93
4872.14
5330.65
5718.27
9306.16
11790.3
5712.92
8620.48
7832.94
14580.5
7330.22
7577.07
4851.61
6933.08
12931.5
6862.31
4548.5
3493.55
5013.91
3970.13
12035.7
23953.4
5698
10320.7
5183.28
7302.69
9062.64
8717.35
5238.93
4879.86
12499.7
7068.05
3708.13
8948.89
5031.54
8578.2
13035.4
5631.09
4834.34
3786.71
18668.9
10233.6
5991.93
5349.04
8050.47
6109.27
8492.22
9462.15
10018.5
7133.12
4835.73
14294.6
9103.06
4815.86
4024.11
4343.68
4889.34
6848.55
8421.56
9460.3
5285.14
5060.37
5889.37
6572.75
5912.59
6008.74
6929.14
6850.65
5301.85
8091.02
5538.97
10598.3
16590.8
9717.34
6674.29
6119.84
13611.5
16036.9
7375.98
7778.01
4748.09
9815.99
8019.34
7975.46
4954.76
6083.84
7045.3
6578.77
6312.11
13002.7
6202
4104.71
5684.7
12939.4
10936.5
8212.1
5333.67
5361.11
4730.43
5455.81
6972.64
10212.5
10184.9
3943.54
6935.47
5630.12
12902
6177.15
5429.55
5860.35
4226.62
6768.36
4742.7
6573.24
5275.14
7000.54
3952.85
9614.38
8973.17
6980.31
6151.53
9242.01
15054.8
5630.3
5692.75
6769.67
17471.7
6933.19
7381
3943.37
5570.78
6783.04
11688.7
8478.1
29802.8
7475.07
6991.88
5514.96
5664.78
4497.32
4213.42
13192.8
4744.39
5987.8
4820.9
17311
14174.5
7483.03
21780.1
4672.56
8552.98
7282.64
6960.69
9608.74
3746.68
5147.25
8315.05
9350.83
5828.09
4487.54
6934.25
16474.5
6794.47
8304.85
8449.77
8132.06
7421.47
6669.82
6647.9
4809.46
11629.2
5318.32
6663.37
10148.1
7280.98
6022.79
7605.12
6093.95
5908.87
5088.36
17872.4
6301.84
7438.57
5556.18
5202.4
9453.68
5051.76
9407.63
6952.18
3815.85
4385.57
13597.1
4416.86
9494.39
9937.43
3991.54
6114.36
8095.76
7096.86
5012.96
11424.1
5733.17
14443.6
5839.56
6740.01
6150.62
4547.99
4513.65
4830.54
5235.2
8655.26
4689.75
8485.15
5761.23
5585.27
5773.48
4542.9
7078.2
3700.08
11147.9
4176.99
15799.6
10560.3
6759.03
15416
14743.3
8168.36
3945.01
7205.04
5899.83
4400.45
5405.62
5636.27
7290.05
5430.15
10312.7
10943.6
8911.18
8479.9
12044.6
7231.86
5441.63
10225.8
10220
4002.9
4316.99
8389.01
8683.25
6042.89
21569.5
5075.21
3280.9
6598.8
5110.01
9575.21
5844.94
7909.65
17090.1
13688.5
7201.72
9664.59
6165.45
4743.81
3945.27
9672.37
5208.4
10173.5
7326.65
6729.69
4353.44
6474.69
5669.4
7913.57
6869.56
6616.87
4990.43
11208
13445.7
7436.86
7947.43
7127.04
4900.57
4885.5
8950.86
9878.98
5516.56
4868.83
5494.98
5519.2
4597.2
6070.02
6317.54
7080.91
7242.69
5931.24
9811.18
12405.9
8794.73
9033.05
10940.4
8099.24
7540.47
18411.3
11605.7
4715.39
8108.6
8185.67
3201.68
12066.2
9150.73
6238.41
8023.73
4732.17
9739.07
4507.93
5438.9
12339.7
8847.78
4134.22
7755.45
6876.56
10967.8
7697.03
9974.89
7842.29
4999.74
7798.77
4775.17
5401.04
4110.48
18339
12897
7524.2
4926.74
4919.25
5300.71
11917.5
6280.15
8867.96
11609.3
21179.7
13329
8958.85
8865.4
7296.73
8481.96
8736.53
20921.6
11565.3
8734.09
6971.73
4406.73
8152.93
5796.83
4444.66
6156.87
7791.43
6658.37
10705.3
12294.6
5331.09
5017.25
6063.85
8570
4511.11
6343.45
13509.7
17425.4
11140.6
4086.03
7420.19
4825.05
15831
5751.47
5241.19
12290.3
4009.1
4477.75
8628.72
15359.5
5811.91
6911.07
6101
4225.92
5485.9
15229.7
4214.89
7309.28
4430.27
8955.39
11224.2
6936.76
5927.44
5915.44
6298.87
5112.04
6441.96
16211.5
12271.9
7015.22
10529.6
6690.27
5860.21
15403.3
5095.58
11539.2
6185.18
7232.62
7428.86
22364.4
7053.81
4007.94
9295.05
12658.8
4084.63
9030.07
5231.15
5774.98
14858.4
5101.58
16309.9
8191.37
5846.66
8060.2
4091.79
9440.73
8401.41
5413.28
6284.13
6907.91
6104.03
5379.76
10066.6
9728.07
10439
6054.87
7209.44
10937
7222.62
4210.62
7764.96
6778.3
5399.52
5076.17
7079.96
5570.31
7762.06
5262.73
6619.48
4842.73
17849.6
6284.46
24813.2
4862.27
7507.86
5204.85
4480.59
7349.92
8279.66
11868.1
4639.65
7409.8
4520.57
14997.1
5836.54
5061.44
3961.45
6119.93
9305.82
5388.57
6143.2
5952.34
17505
14471.5
16403.9
6957.98
4441.23
5699.5
4660.52
16953.1
10588
28130.8
4025.65
5388.28
9704.05
9767.06
4375.09
4130.33
5592.72
6495.01
10275.4
6422.28
12781.6
6955.42
6958.34
4153.63
4589.48
6203.63
20511.5
11477.3
10155.2
4419.18
5133.87
6617.96
4048.8
10309.2
6951.59
3467.14
5409.21
6492.31
12264.8
8534.29
7497.07
9560.26
19082.3
5015.09
14013.4
5769.05
58597.3
6121.84
7699.42
9685.51
10434
4350.41
11736
4497.99
5324.22
4762.5
6542.49
3860.92
5780.85
24986.5
8436.23
4835.91
9061.62
8552.65
10005.8
8937.24
8896.5
9250.5
10936.3
12142.4
14975.6
7558.2
4269.08
18930.5
19691.9
5119.59
5629.88
11241.7
5577.52
13545.5
7254.16
18910.6
4107.11
5609.74
13122
10240.9
5759.39
8002.38
4236.53
9174.81
6405.52
5238.25
4594.21
4946.12
4600.58
13327.6
6647.22
7985.82
14951.5
10411.8
6749.24
6068.4
3932.06
5109.77
9259.37
17714.3
6303.43
8396.54
7229.34
7537.41
8005.47
4811.76
8454.73
8177.57
10537.8
10757.1
7270.64
10001.5
10419
8002.54
4345.48
8102.71
10969.3
3790.82
15631.5
9562.56
6538.01
7122.39
12692.5
6571.74
11715.4
6974.74
6114
9814.5
7347.73
24219.1
6218.54
4089.37
5607.13
7180.28
9555.75
5598.46
7470.55
22015.9
7301.83
5277.3
6230.97
10720
6671.01
11395.9
8721.89
12782.2
5010.76
5427.23
10183
5806.37
10533.3
14122.4
5570.74
10242.2
4578.03
4451.07
11625.8
9826.74
3092.6
8569.36
3328.17
7536.19
6268.5
5337.06
4233.35
5217.44
8069.2
6778.45
8470.08
4983.96
3983.88
10275.4
5874.02
4615.66
6438.8
6449.17
10986.5
11526.2
3744.05
6246.2
4063.09
7212.9
6116.12
3462.55
6138.65
5572.87
16160.3
10160.7
6878.41
7817.47
6938.05
8720.93
7647.57
9749.97
7443.88
5268.6
4097.54
6564.32
4773.23
7149.02
9990.31
4361.54
6343.71
5390.82
6796.88
15087.2
10051.8
7230.99
5257.49
5962.44
6008.84
10724.8
12210.6
3833.37
5540.66
5192.86
7281.3
5161.57
7306.38
9596.65
5444.37
12099.2
7559.16
6447.08
6504.81
6112.85
4861.6
8016.68
6028.03
8342.92
4559.25
5869.65
6416.91
9701.64
4132.29
6463.22
5272.47
4038.02
5528.31
3698.72
7883.55
6935.36
5157.54
3990.74
8661.9
12478.1
4146.32
5079.85
5371.08
6014.35
7652.2
13099.4
6561.71
3488.84
5219.11
3286.77
5512.73
4730.89
7539.9
5826.54
4507.77
21715.7
5325.37
5702.28
6647.3
6246.04
8760.27
5521.64
5403.1
8349.35
4140.2
5689.83
8126.72
14410.6
5630.82
5956.55
4981.19
5386.38
7796.66
7865.69
11959.9
11802.8
6244.32
9924.54
9726.28
7680.56
3578.68
8916.19
11893.8
7681.36
4970.41
4910.52
9690.5
5596.67
7015.73
8924.58
9753.79
6218.59
11156.5
9901.77
5851.59
17143.6
7501.69
4364.04
5338.48
5250.3
9378.63
5440.38
11940.9
6753.57
5773.54
8618.97
8798.19
9145.56
6257.14
9180.65
4633.24
8248.24
8290.45
5482.65
8587.93
6344.5
3980.89
8975.42
7249.51
6024.84
3990.33
9397.48
4105.28
11098
6179.11
5763.22
10114.4
5261.76
8209.7
6819.22
5456.52
4578.94
6145.55
9647.05
4986.92
4612.34
5546.38
8754.28
10553.2
8636.14
19698.6
7899.58
18755.9
5119.83
23626.6
7153.13
8650.45
10723.7
6890.6
8292.89
13788.8
6845.05
4994.8
6105.67
6570.28
21248.4
5697.27
12900.7
10191.1
4885.94
23186.8
6411.12
6896.58
5852.29
11672
5628.7
11442.2
6587.27
6896.29
7547.96
5660.95
3633.86
6891.18
7663.33
8596.95
7880.41
6521.41
7860.63
6052.13
6414.81
4252.46
7308.56
8724.59
7339.02
7890.42
4145.31
9611.88
3861.93
5343.52
5865.74
5100.94
4627.94
8902.27
6911.74
7663.32
4777.98
4837.34
7152.43
6110.9
4533.93
11207.4
8681.09
4782.02
3959.3
10495.7
8037.9
4963.46
6775.62
4318.34
7366.6
18540
4473.15
6564.66
7000.78
13189.9
18937.2
4153.04
7861.79
6136.08
4721.39
10796.4
7315.5
4483.79
3969.88
4947.95
13471.8
14924.7
7729.39
5118.44
6229.32
6777.41
8887.95
5056.46
6343.47
6197.25
5569.72
4232.45
26549.3
6974.36
6688.41
4426.74
12826.5
5472.88
7392.89
8232.41
5265.81
7276.45
6465.82
9480.13
5835.93
7134.42
4829.17
8752.65
7243.54
4773.72
12596.7
8473.95
4632.43
7877.25
3552.17
7344.89
8439.66
5558.84
4820.02
9103.56
6210.36
8139.22
5639.1
4387.88
10310.2
4654.38
9428.32
5398.51
7210.73
5352.89
4163.33
3616.8
4002.32
6845.48
10098.2
7048.81
5186.1
9043.22
11534.3
22733.7
5249.87
5211.59
15873.8
8240.45
6130.81
7571.52
5215.55
5699.05
14360.1
10544.6
9856.5
7692.09
4852.81
5428.76
5971.92
5559.65
6588.51
4658.16
7557.37
4787.44
7920.63
6356.1
5015.02
6412.39
8950.3
8112.7
5729.84
4094.4
8028.68
13254
11278.8
10466.8
5111.85
6841.56
5266.96
4407.53
5335.15
13847.4
5345.29
8510.54
16074.8
5082.27
8034.3
4227.72
6462.79
10948
9370.09
7456.94
11762.6
4308.45
6167.58
5693.46
11454.4
15138.6
6992.9
5772.92
5977.86
7857.02
6383.06
8498.9
4655.87
7494.91
3528.59
5012.23
5875.42
6012.5
6833.31
13764
5657.9
11124
6999.33
8543.7
4350.98
4566.44
4575.36
5918.23
5791.82
6914.97
6060.48
8170.74
5928.72
10239.4
13911.9
5641.85
6605.08
4702.26
9440.45
8002.68
10615.2
9680.72
7208.94
6644.13
3693.78
9900.07
8103.56
2547.38
7056.18
7139
7784.05
4709.57
5321.2
3987.75
9734.01
9527.73
11268.1
12258.3
3769.12
6611.76
6739.6
5953.89
6686.82
5796.56
7054.64
7099.9
9914.04
13668.2
6128.93
9159.37
8221.56
5862.48
13923.6
11180.4
5227.66
4322.38
5551.87
4543.66
7028.67
9612.56
24165.3
4318.69
5857.82
8444.36
6466.18
10256.1
7128.57
4385.32
7789.44
6756.73
7454.24
4337.16
7234.63
5837.04
6900.36
8245.88
4729.58
4287.77
13217.9
4807.87
11875.3
5684.18
7085.77
7674.98
8158.64
6826.88
7298.5
9710.62
8804.06
7820.86
10633.7
3949.02
7202.17
8968.56
8033.93
7415.57
6796.62
9460.99
4699.77
4992.98
7264.55
7777.72
9499.16
5980.34
4513.13
7101.23
7394.84
7860.06
8075.95
4937.45
7892.88
8058.7
5734.58
5958.18
5817.13
6271.08
6179.04
18874.8
14680.5
5014.24
7332.14
5294.41
3744.34
9827.61
17115.6
11618.3
6400.69
5895.97
9423.99
10520.5
10953.2
4875.55
3948.83
4591.25
8006.36
17527.7
8805.36
5336.14
9032.16
7016.15
8325.21
7656.35
5100.63
7519.21
9558.23
3213.15
7241.24
8002.92
5937.82
3609.87
4053.43
6420.97
5294.91
9542.76
7283.11
11508
9771.94
17204.4
10323.6
7401.57
6592.91
10016.7
8078.27
5563.22
7723.71
5532.49
11525
4543.09
6068.06
4866.12
4079.27
17348.2
9011.56
9372.71
5802.47
4820.21
6090.5
4282.72
11072.7
6945.3
9670.76
9291.04
6514.14
11597.4
5958.07
5615.77
7107.99
8800.43
9848.08
10924.8
4474.03
7142.39
6881.06
10332.9
6853.69
4163.88
9703.34
6451.03
5256.02
7989.25
5201.72
5674.79
8112.33
4934.96
7398.99
5125.76
9806.37
5272.23
10534.5
3336.27
8352.5
7023.54
7572.74
5750.11
13990.2
5178.46
5225.85
4622.69
6186.78
5210.46
5368.26
4066.05
6611.55
7223.71
6690.79
7797.98
6999.45
10891.5
4734.27
3917.94
6038.96
27584.8
12395.3
8865.06
3009.95
3739.05
6402.25
8658.2
7890.88
5546.11
8117.19
10315
10003.3
6548.75
8764.36
8932.23
6619.52
9705.1
7021.53
9436.32
10492.9
6911.2
5773.71
4646.89
6785.06
6722.47
6715.49
5161.26
6098.55
6418.1
5615.16
14138.9
7636.51
5124.95
6993.96
8035.68
4082.84
7737.43
13155.3
4872.43
11161.5
3962.59
6196.38
5923.16
8159.59
5023.39
25451
6401.43
6257.67
10159
6104.46
6547.43
5090.65
5172.55
3907.91
5393.33
7039.81
6474.56
5563.99
3155.4
6895.22
3711.54
10445.4
3891.52
4019.69
7551.93
5399.96
4570.34
7050.76
10361.9
8860.84
7717.27
11093.8
11990.8
15518.7
5913.21
6983.16
6192.59
5443.79
5879.14
10850.9
11691.2
7661.06
7028.66
6453.21
8465.41
12751.3
8079.72
8350.68
5482.27
10675.4
11413.4
4480.48
7469.13
9118.48
5991.89
7412.65
10740.1
4657.76
11324
10107.2
8959.03
7368.02
4855.01
5364.79
8103.7
7031.44
5216.42
8083.99
7473.46
10253.7
6151.87
4365.74
6692.99
7642.56
4703.55
7707.18
5500.67
13149.7
6916.93
6827.51
5197.14
8565.17
11451.2
6828.92
10688.2
3919.13
6657.99
5411.94
6493.73
4816.58
9846.81
15108.9
6543.4
3848.82
10988.4
4767.26
5471
5943.2
4461.34
13476.6
22111.3
7325.48
6353.41
4623.34
10533.4
7834.83
9195.56
4587.15
7004.65
13820.8
6838.15
6462.03
7526.75
8265.35
11194
5707.06
6852.28
8278.83
6696.22
6601.67
7713.89
7797.42
10132.8
4509.62
9028.35
8664.55
5349.63
3494.48
13403.3
5254.24
6288.86
5918.61
4425.65
4035.71
4115.09
7932.82
11967.9
3897.72
8856.72
6914.3
17879
10141.2
3046.34
3705.68
10051.7
8313.77
5306.28
16655.8
19523.3
5364.2
6980.67
4923.89
4967.01
5718.79
3380.58
6287.98
8080.05
7646.59
6920.97
5282.82
5402.39
12065.9
4564.03
5368.77
3555.2
8317.27
8399.96
7669.11
5121.16
5100.39
6244.4
6799.01
4198.29
10082.5
6930.62
11163.4
5847.66
7156.52
4549.84
10850
5660.3
5036.26
9231.09
16935.2
7863.09
6764.73
6916.29
5694.58
5343.92
11069.9
4649.65
6302.97
4891.97
5405.45
12273.5
8095.86
8303.29
4662.36
7449.27
4175.16
8213.53
9255.37
4759.19
4880.55
6481.43
11638.1
6040.64
6963.72
10866.3
5261.67
5903.16
21308.8
7494.2
6528.93
5583.52
4992.36
5508.52
5863.24
9899.12
7197.79
7340.16
11634.7
6591.37
4346.09
8596.02
4128.89
7817.36
5289.47
4024.54
6460.28
4463.19
8054.39
6044.54
3913.24
9837.91
8665.15
22314.5
5454.64
11890.2
7875.66
4025.78
7653.67
6322.56
13014.8
5272.06
15849.4
8200.07
6679.43
8557.42
7332.1
9300.6
6334.01
8632.62
7521.05
7171.62
4511.07
9643.41
6869.77
5336.27
5613.31
9784.53
7272.35
23583.7
13271.6
7180.59
4773.42
6392.54
4893.11
6006.02
4823.36
6881.08
12538.3
8316.72
7899.3
5576.98
5294.57
4658.83
7600.3
5626.66
5957.95
4900.96
7658.32
5793.37
4282.6
11208
12151.1
5389.97
5619.49
15451.9
7652.63
5806.51
5090.55
8849.86
6716.17
7814.38
8720.42
5902.32
9517.15
5690.26
7624.22
8015.44
5094.17
9692.34
4706.63
5669.2
4742.71
6920.37
10293.7
4514.56
8581.43
5034.81
6610.93
4403.06
9855.79
8055.69
4938.78
4618.01
4260.28
7285.47
5343.29
6396.28
9001.19
5788.7
4644.39
5454.46
9191.26
7610.5
4184.89
7209.12
9778.4
13082.2
4854.79
7086.09
4498.6
4197.72
12131.5
4472.69
4081.62
7063.84
3854.23
6467.94
5459.03
8425.21
4155.22
7856.7
8844.57
5569.59
4662.83
8259.92
8354.34
5377.04
4573.29
4243.57
10450.1
9934.26
3837.82
7962.73
5320.27
15155.4
9758.39
8913.79
5725.22
12088.7
18339.1
11278
5540.32
6074.5
5440.15
7123.68
4912.3
6467.04
7110.5
6079.66
5202.88
8198.29
13925.9
6635.47
6018.21
10458.1
10471.6
6269.33
5843.21
4579.47
13171.5
4388.63
7533.48
5221.35
5527.78
4821.33
6097.52
5435.13
10102.2
9376.51
3285.56
5592.93
4834.45
6801.45
7241.5
5269.2
15555.4
9677.96
6466.01
8571.18
5734.09
7993.96
5025.22
8484.02
10978.4
5234.1
4197.65
6736.64
4728.55
11035.6
12954.2
5163.44
17052.8
4678.03
10799.6
6586.41
6292.05
3415.42
5097.66
8630.66
6104.57
8725.93
5238.5
11326
4327.17
8304.55
8994.68
5210.88
5454.4
10652.3
4545.16
8664.09
18918.2
9810.7
5825.91
6941.43
6008.46
9531.37
5897.69
4996.61
20479.1
7164.66
8819.46
7180.23
7002.19
7175.46
6472.56
7380.33
7729.75
6505.37
6562.97
5390.84
5502.56
5972.38
4258.04
10034.4
15856.6
6036.13
4964.15
8951.72
3800.56
11446.7
3744.35
4667.81
8481.06
8350.66
6774.09
10100.6
7838.17
6378.21
4750.72
5524.58
8592.73
10464.4
3485.35
8909.09
6103.71
6068.1
6072.54
5968.6
4946.51
13394.5
6939.48
27692.1
8705.56
6864.75
5146.44
6001.54
6849.02
6235.63
5953.92
7573.12
6239.75
15972.5
11514.1
6105.61
5754
4416
15221
9310.43
9242.46
5124.38
4505.56
8379.37
11580.2
4184.36
17017.4
5949.36
5893.23
11833.5
7225.44
10636.8
8910.36
6667.54
6289.87
7222.52
5347.12
3959.1
6925.53
10675.7
6389.1
11744.9
10724.4
7704.45
4637.26
3615.41
9168.27
10373
17017.6
8789.06
6960.87
6604.38
6386.07
7502.71
5250.36
6094.41
5068.49
7295.15
6323.45
8597.17
4363.39
23762.8
4341.8
6516.45
7195.8
9313.62
10262.9
9734.85
6518.54
4709.16
8444.27
12482.6
9275.83
5169.75
4836.61
6636.03
3736.64
9201.06
8887.92
6820.23
11216.9
4911.4
4844.58
8093.46
6910.09
5520.52
5074.01
6436.57
4222.85
9459.59
5884.54
7209.1
9364.67
11160.5
5264.23
6886.55
6193.89
3539.4
5261.2
9923.79
5952.1
14487.8
9032.85
6318.36
5278.89
4559.92
10882.4
7711.87
4415.72
8773.19
3881.89
9400.67
9822.22
12448.6
7246.3
13583.8
6455.34
9573.51
4518.96
9081.82
5621.31
5348.29
5531.84
9062.21
3616.17
6793.43
7260.8
7862.17
6397.07
5967.83
8910.23
10456.7
6647.79
6657.4
4590.06
3634.77
22648.3
9539.98
13391.4
6386.93
7942.3
10253
4821.08
6894.02
6628.13
6805.2
4017.54
9143.66
3837.88
7304.71
7808.63
5882.17
8369.44
7354.38
7338.18
7336.45
22657.5
5218.57
4017.73
7036
10180.9
9882.02
25470.3
6148.94
6752.45
6687.04
7824.93
5520.88
5410.7
3705.7
11183
6047.8
7588.07
6683.88
9883.59
11431.7
4648.62
13066.5
26262.8
4632.47
7201.7
5979.99
4766.26
5720.81
8506.93
6891
5331.11
4734.58
4758.41
8935.77
6881.75
8256.17
5003.36
12978.5
5361.77
6367.32
6841.45
5787.56
4799.46
4535.81
5941.45
15744.2
4419.98
10711.9
4309.23
8648.01
29300.2
4751.88
5001.71
7065.26
4636.66
4084.25
8380.79
7337.08
5099.21
6085.96
5353.04
12951.7
5655.95
19185.1
9891.68
4750.71
5249.64
7986.34
6702.51
5166.18
10926.3
7678.3
6301.38
8784.57
9706.71
7619.21
8160.66
10331.2
3274.44
6490.5
5118.43
7652.61
7900.27
3699.86
5380.3
7279.78
8501.15
8767.18
8283.63
12968.1
5942.96
6830.85
4772.85
5897.6
8301.73
4698.03
7086.16
6554.79
5518.11
19892.3
7784.45
8723.67
4588.49
10423.8
6667.5
22667.7
4200.65
5569.42
5592.86
12122.2
5179.71
7284.35
8528.62
6861.6
6210.72
7481.06
5223.56
5313.56
7800.65
3669.23
9031.61
4249.8
5273.03
6484.02
7963.45
5455.32
5928.23
4272.96
6810.39
4182.99
4844.58
6609.09
3534.94
5044.97
5115.98
9186.55
5974.54
4632.05
4567.38
6148.19
6605.58
8414.49
21058.2
12048.7
7788.78
6301.1
7406.7
6468.65
8179.74
6533.36
9851.22
5791.83
6565.09
9838.98
5489.8
4976.93
7335.63
7000.6
12303.4
6332.6
8842.2
7565.68
7539.85
4471.1
6541.93
13548
7994.58
12489.6
11971.5
4949.73
8128.6
8697.24
6321.58
8103.01
6098.32
5710.22
7273.4
9884.37
13124.5
7831.12
8681.56
14085.2
8984.23
5218.97
12234.3
4796.85
4911.25
12519.8
8183.97
4241.7
10662.1
9113.07
18641.3
3630.43
4807.55
5499.78
6105.61
11164.1
7110.29
8199.61
4158.98
7008.1
8284.22
7564.91
5631.15
7157.37
5023.23
6694.54
6109.99
5781.45
5223.63
3697.63
4943.57
3463.69
15252.7
7416.43
7324.84
3425.37
7466.17
5333.57
18611.9
10535.4
8515.63
5650.08
15109.2
6023.98
9025.51
6536.36
4675.03
8276.25
10866.5
4322.88
8856.04
8845
3439.28
8914.29
3568.66
5094.35
4286.82
7821.33
8729.37
5481.45
14621.7
6452.12
8685.51
6498.07
6573.87
13401.8
5521.87
4363.82
6303.15
17474.9
6179.79
7004.76
6219.55
5897.03
3909.61
5270.97
5992.07
3968.67
11553.1
5824.62
8730.71
6987.17
5948.7
6590.35
6063.81
5131.43
5875.71
5412.82
6292
6054.89
5969.5
7687.41
6975.72
6202.47
9208.98
4594.49
6962.11
7806.23
25718
8448.35
11537.7
10640.3
10410.3
7329.78
5583.35
4788.32
8359.2
7745.14
8733.64
8478.11
8029.84
13705.9
5394.95
7381.26
12568.5
5165.61
4445.25
5443.43
4083.77
4171.62
10729
7584.97
4734.23
5612.72
5961.24
5401.6
8406.89
4748.6
5324.22
5726.44
8929.81
11274.4
5335.27
6229.18
8766.06
11860
6955.33
3866.77
6428.46
6781.97
4684.72
7264.23
8067.96
8452.25
4352.51
18590.9
6180.61
3364.85
4139.08
9020.39
4734.08
5541.76
4469.65
5603.33
6154.51
8059.27
3475.7
7694.91
5357.65
6379.92
8816.84
6595.42
10660.9
8907.17
6434.39
5593.25
3905.57
10464
5397.05
7711.29
6708.08
4826.91
7075.42
4885.29
14566.1
4590.35
7610.75
11279.4
5323.11
7190.78
5012.06
6621.17
6781.85
19931.7
6163.29
13764
6287.07
6852.78
8270.58
10212.7
4727.16
9387.98
6822.02
5546.5
8484.85
7814.05
3569.67
3429.19
3966.74
3632.68
6266.24
6040.31
6144.02
9272.7
6571.67
9432.67
9249.86
4337.06
5496.58
10234.3
11439.2
4174.22
6076.71
5839.77
6482.56
2946.16
12829.1
5822.14
10354.3
4450.43
3670.11
5680.63
9274.72
5320.21
5329.31
5507.3
18297.4
7313.83
6936.91
25520.6
8688.66
7324.54
8304.77
6698.2
5818.15
5302.32
5146.93
4847.08
4724.1
9354.06
10207.9
7892.55
8587.67
6578.36
9259.52
6248.84
5991.46
7433.62
14548.6
7867.51
17399.2
5908.72
15360.9
13885.5
4410.8
12469.2
6069.92
7315.71
7585.58
5404.62
6413.69
5633.05
4627.41
6767.27
4754.35
3847.96
5296.71
12500.6
7337.56
6077.4
4440.79
15591.6
7393.76
8394.46
4389.66
4839.4
6198.24
6759.93
4627.1
4862.1
3390.54
5073.93
4657.73
5541.96
7719.26
3804.16
6091.7
6368.34
6252.17
4499.94
7204.88
5438.43
5422.43
5228.81
11710.6
9503.76
7443.43
10872.7
6602.21
4545.71
12259.6
6203.71
8675.59
5315.05
11366.7
16619.3
6517.89
5542.97
4724.96
4376.03
6325.26
6921.19
6451.5
3922.58
8429.01
5920.65
6582.15
11133.2
6104.85
6975.52
7517.05
5049.55
7676.19
4832.67
4782.59
3805.56
7532.23
4870.79
4064.1
5752.45
16573
6016.74
13717.5
9981.46
7083.29
4228.92
10795.5
7329.31
5883.54
6392.46
5775.65
9863.96
4348.52
5676.15
5726.28
6088.83
5566.38
5097.35
10492.8
5740.07
3860.37
12508.8
8728.37
6472.94
7536.19
9210.88
6357.72
9908.19
4634.55
7464.74
5841.92
6246.53
9414.51
16125.7
6329.29
10199.7
5601.9
11202.8
5674.15
6357.32
4511.87
6808.97
7021.72
9945.48
7668.43
6445.7
8152.52
6319.35
4951.53
11861.7
11870.3
10345.2
4579.43
2953.13
9104.49
5687.9
11062.1
5870.34
7488.33
5478.96
7619.96
5879.35
5247.05
7702.07
11898.5
9575.17
5953.41
5894.29
4931.79
4550.01
11998.6
8053.15
6573.34
4117.54
7284.13
7833.52
4655.3
4133.11
7145.92
5712.29
4172.13
4142.73
6446.97
6669.13
7993.03
5590.55
7254.81
5580.46
3970.46
4908.01
6782.96
9051.78
7780.51
13682.3
8006.65
4903.17
7475.4
6385.74
4996.2
8812.44
5217.28
4952.37
7087.65
4886.16
11153.4
3702.1
4673.36
4743.3
12150.1
7319.75
4389.29
5527.16
4966.11
7160.08
6161.92
5170.09
5534.77
3935.68
9180.83
4815.71
4645.97
5610.79
10062.9
23430
6968.82
5737.37
4239.89
5133.35
6305.39
7411.37
7991.74
12345.9
9983.29
5954.42
5014.65
6427.42
4856.51
4759.04
9948.55
10385
15573.5
7586.96
10928.6
5954.95
7767.09
8521.54
4120.01
19181.2
8646.01
12991.9
4299.41
5578.32
7921.28
7934.09
25701.4
13557.8
9096.26
6272.39
7328.83
4734.58
3497.49
4581.1
12839.7
10279.9
6771.9
5407.57
5185.33
4092.97
6044.77
6352.64
8921.52
6207.82
5359.9
5355.22
7052.76
5009.75
5179.58
14760.1
6126.17
23888.7
4727.02
5412.61
13131.3
12699.9
6398.31
5294.13
4023.29
3872.47
6668.05
3717.38
10250.2
6124.76
7014.47
20997.3
9114.81
4268.15
6864.48
4290.73
8133.42
6461.24
4749.24
6294.03
9298.85
12056.3
4693.25
5853.92
3695.93
13656.8
9327.07
23931.4
4666.53
5893.17
4273.43
7294.62
11785.7
8098.6
6929.39
6984.48
11149.2
6234
4531.09
4523.9
4690.72
7691.51
7853.09
5947.35
4904.97
5733.88
8406.81
9721.77
4540.77
6334.7
7213.03
8051.01
4786.68
3849.72
4496.52
4765.86
5723.56
7817.88
13903.8
16776.5
5809.01
8510.9
7747.57
5336.2
4510.44
4681.15
12663.2
8925.21
5020.73
11396.6
5043.14
6383.2
4448.27
8144.01
6281.12
3580.48
8035.14
3352.19
25102.9
10098.3
5859.5
8082.16
8046.64
15083.3
14144.6
8647.34
19300.7
5921.77
7356.66
13226.9
6885.53
27764.5
4119.85
5751.56
8223.87
5367.76
6965.53
12967.8
11470.4
9547.77
8815.62
6730.24
4042.79
9630.63
9947.77
5935.68
5891.76
9832.02
5217.75
9416.21
6509.31
6611.61
5409.32
6181.79
3986.7
4721.1
3442
34336
7651.14
4494.91
5417.48
25361.8
11155.2
6006.3
5574.73
45589.9
10953.3
7352.33
6563.2
6620.29
9915.38
10190.5
7826.19
9742.6
5647.8
23430
17580.3
8815.44
21748.3
11791.5
6097.06
5113.53
8193.97
5625.54
8038.66
7892.37
5211.81
3981.16
13508.4
5316.32
3950.52
5431.87
9865.8
10442.7
6212.16
7852.88
6444.26
6376.45
6065.87
3646.62
14502.6
5434.21
5004.54
6117.75
9928.02
10268.9
5512.56
7530.68
6263.84
8089.14
4660.44
9314.98
8109.05
11267.5
9208.1
5697.82
8537.64
7086.75
13229.2
10617.8
7875.66
5764.87
4733.65
9961.63
7409.76
7398.17
4354.14
4272.03
7359.21
7385.04
8242.63
4824.37
10012.7
7238.58
8211.24
12426
6473.77
7424.65
8218.83
7545.31
10146.7
4660.43
8198.45
4504.22
4854.46
9520.77
5165.39
6308.05
8892.65
11487.5
7078.61
3769.49
6911.1
4710.24
11591.9
7227.13
7514.66
5549.16
5809.74
5511.43
5545.92
6155.26
9577.16
10576.9
8003.85
6682.03
3476.48
5354.15
5554.53
6131.95
8486.79
7432.82
6997.29
5038.6
9304.87
4392.02
4291.9
7906.23
8572.74
6814.94
11768.5
9918.23
7073.42
7229.15
7920.14
4335.39
4315.34
7216.58
9559.39
8059.85
4594.78
4457.73
7222.15
5557.86
6276.59
5746.44
6203.03
18926.2
6669.89
3531.13
6920.78
10066.5
3241.52
9606.4
4456.18
8969.33
6712.27
7727.63
9040.08
5637.97
7459
9239.72
3946.77
5716.88
4791.06
4912.58
17083.7
14465
9150.28
10475.2
6085.52
7428.26
4763.42
6920.25
7728.19
4661.51
7481.31
21070.9
4819.18
4597.44
5279.98
8497.09
5486.14
7428.05
5275.1
8633.34
13922
5856.29
6316.7
5223.13
9277.55
22006.8
6364.1
3174.19
9951.64
8502.48
6947.89
8840.79
4691.49
3538.59
5631.11
3719.43
18540.4
5240.65
4786.37
5393.25
5680.02
5722.07
7616.49
4489.37
4370.31
7253.79
8404.47
13059.7
6167.07
11489.5
5625.55
4026.28
6141.81
8876.17
7414.23
10366
10142.8
6846.27
4004.76
7905.32
5434.65
8979.24
7306.79
8151.11
5490.35
6429.37
9998.71
7839.9
8415.04
15726.6
7605.81
3944.72
9849.32
7294.43
5764.05
5451.99
10270.5
5309.28
10245.4
10789.8
14901.5
8059.88
3832.69
7609.71
4903.16
4973.48
9018.51
4420.44
4686.24
8900.99
8287.79
5702.31
9882.35
13212.3
6013.81
6796.56
4522.69
9927.81
4291.82
5420.34
6031.18
5801.17
8440.34
9148.09
4805.67
8207.77
9446.41
3997.4
12449.1
9018.29
10067.9
5430.06
21877.6
11360.1
7644.42
3782.31
5849.43
4285.53
7480.04
5742
5274.73
6316.22
5202.35
10254.9
6088.66
19661.1
10956
6660.86
6996.76
6775.47
5591.54
7075.47
5212.15
7165.24
7421.97
11211.6
6970.98
11243.9
8250.71
3786.28
11106.9
8756.51
6103
5966.77
4374.23
4348.86
5351.66
9326.91
10485
14346.9
6563.11
5306.62
6463.92
5475.94
7212.37
5631.6
9974.28
15903.7
7134.67
6475.94
5352.44
3816.71
6471.45
4893.19
13941.8
5018.36
5327.02
7938
7301.18
4935.05
7427.7
4393.22
6133.22
11708.5
5566.43
13016.9
4096.55
13679.9
5283.59
10733.8
10839.5
7416.65
7370.82
4605.81
6729.47
9191.49
5981.92
5377.08
11847.5
5945.06
8608.26
4020.98
7202.24
14440.6
6233.77
7482.65
5118.69
3669.01
5820.02
4847.3
4921.37
5531
7546.53
11836.6
6640.72
6309.06
9663.6
4179.13
6167.82
11257.3
4791.52
6167.51
9436.73
4392.72
3200.11
8929.08
9081.83
9710.87
6459.03
4642.48
6694.07
10670.3
11218.6
6472.98
7004.05
8843.98
7885.57
4538.5
10174.2
4996.26
5618.34
5097.89
3425.23
12414.2
7165.23
7177.32
4899.08
7859.76
6506.31
7126.47
6619.67
4665.9
6573.84
4729.77
17852.8
5597.41
7196.33
6800.75
7100.98
7619.75
7379.62
10407
7358.21
4507.16
5561.49
6172.46
7293.82
7953.74
4676.37
4962.54
9320.61
8245.37
14601
3192.1
11521.8
8993.63
15405.9
5847.24
5797.45
7252.57
3809.88
7427.4
5415.86
13746.8
8823.52
6315.16
12069.9
9056.39
10784.7
8459.93
7577.06
11703.8
5866.34
6887.84
4187.82
6353.71
12696.6
7754.17
4162.26
4364.81
12760.4
7224.63
6089.18
6075.73
5406.92
15936.4
7783.94
9170.37
3513.62
5091.44
4873.41
7923.31
6519.18
5298.16
8472.43
7275.58
6168.22
14325.4
6732.34
5672.68
7129.08
4638.34
6431.63
5836.44
5235.2
3155.52
7598.55
11046.1
4557.31
3406.55
4681.63
9014.95
4514.71
6931.58
9206.93
8502.04
6056.99
4578.44
4412.76
7023.96
10182.6
7551.29
5061.94
4843.59
4012.44
4225.06
6986.77
12384.8
5793
5325.22
5426.53
5356.5
4360.07
14186.8
10225
5903.38
4766.38
8644.99
6083.15
4415.29
5821.84
5922.16
8508.14
16415.9
12269.5
5475.23
8651.54
8830.22
6249.52
23063.5
9044.15
6256.13
7633.68
5077.95
5958.09
5403.22
5156.69
14724.5
5640.86
4875.68
4961.41
8216.95
6439.04
7438.44
4969.43
6229.31
6310.58
8259.03
7234.17
3057.25
5378.1
6267.18
11515.2
4611
24369.6
7879.1
8199.57
6827.57
5963.68
7605.86
8649.42
12706.2
10249.8
5721.86
5499.87
10212.3
5007.67
4837.94
9304.53
4643.36
12829.3
5341.22
6212.4
4568.74
5838.95
8130.62
5798.99
9499.51
15200.2
11027
7997.98
7337.17
10972.9
9478.24
10871.3
3961.54
9354.15
5593.12
8674.6
12593.3
6198.08
9814.47
5057.16
4810.54
5308.39
4920.29
9601.13
7240.83
8959.48
10920.4
4620.33
4969.62
5379.67
10105.2
7278.5
5694.25
8151.76
3892.66
3382.26
4032.88
9077.51
10780.3
6277.75
10471.1
6518.19
8687.17
7791.18
8913.8
15353
11491.5
3247.91
8137.86
9632.96
5625.49
5406.06
8234.96
13498.5
12348
5177.14
13012.1
5053.14
9566
8458.54
4235.3
6903.57
5686.55
7236.29
5455.39
7885.83
8184.48
9254.57
5038.44
8059.53
5492.71
7278.01
4170.13
12142.6
5135.91
8893.57
7579.27
8534.08
7140.71
7979.53
9691.96
6598.85
5118.17
7927.24
4755.43
3599.74
6766.25
4419.87
7245.95
9133.29
5019.78
7847.26
4091.16
5332.85
4575.44
10672.1
7278.96
3914.15
5526.31
9839.88
7353.93
9297.13
5689.2
8020.26
5005.4
8270.87
5928.54
6580.26
13523.4
8458.29
12908.8
5041.62
6477.22
4869.49
6900.95
9774.12
6027.54
10366.2
6792.86
7968.27
9531.98
5845.69
4613.22
6088.45
7898.33
6058.24
24816.1
5049.24
7039.12
12995.4
6413.03
7867.41
10250.6
5771.3
11654.1
6470.27
10401.3
5233.83
6873.91
5746.81
6329.03
3856.26
7701.11
5086.3
5795
9405.38
8735.32
5291.78
8065.15
6404.66
9206.75
6585.18
9275.66
11863.2
8288.7
4978.07
7515.38
7883.36
4997.28
11752.9
8612.31
4069.66
3984.59
6999.84
4936.18
20306.7
8017.04
5658.86
16726.1
5344.71
6267.02
3268.71
10046.4
6375.78
8197.54
8286.51
6400.7
7610.73
4026.09
14615.4
5897.02
3998.44
4594.07
7709.04
5355.37
4462.04
3935.71
4945.85
9582.33
10467.3
8178.75
6728.09
5192.41
7959.01
7118.87
6071.19
10010.5
17185.3
6361.89
5372.34
4976.02
4477.29
5257.14
4584.46
4398.31
4965.36
4187.12
7565.07
16114.7
7572.73
8331.39
8269.09
5679.23
9396.16
5266.15
7230.17
5453.31
8452.75
7346.22
4370.32
19686.5
9463.9
7211.42
16121.6
5176.74
5907.58
6039.47
4775.27
9189.25
4803.41
6373.77
5083.64
10386.1
6367.75
6763.83
5614.01
4895.78
4970.28
4578.59
7313.45
8683.44
6172.5
4274.54
5176.19
8246.82
6977.96
12837.1
7081.28
6682.67
10686.4
5469.27
8946.02
4507.47
10917.9
4416.42
8634.77
6348.33
4887.52
4245.94
17505.8
4729.72
16151.6
10888.4
8019.82
8913.37
20976.3
4947.01
9218.89
17927.1
6206.69
3603.66
6921.24
6055.08
12902.1
7908.07
6771.25
5141.08
4688.88
10159.3
6874.17
7300.49
5660.27
6803.3
5305.46
8407.66
3503.45
9935.79
8567.86
6971.91
5078.16
6295.74
4753.84
7113.66
10589.6
20232.1
13758.5
15649
8046.11
5812.53
9915.56
8917.86
23516.2
4583.85
4825.23
10707.1
6219.03
3891.2
5726.18
9195.14
5578.66
6025.17
10653.5
7453.99
8649.9
6461.51
11793.8
4680.6
6064.72
8435.54
6159.5
7162.49
7931.02
8171.28
5091.84
5436.42
5988.66
7233.83
6675.42
5086.19
5799.45
4734.51
12298
10762.7
4381.43
5052.88
17326.5
7177.32
11484.3
4185.68
13390.4
5508.71
7524.72
5715.41
13189.2
8076.56
9572.11
10748.8
4241.9
5962.66
10558.9
4680.28
9761.35
6302.18
6198.08
14617.1
6030.67
11146.9
5211.35
7619.78
6538.31
18111.5
7421.58
16600.7
6380.97
6193
5914.76
5945.58
7390.76
19718.1
7526.66
16365.4
4304.94
4284.11
4860.16
3859.25
8435.41
4846.94
5534.26
4663.39
7526.33
8404.3
6152.48
8105.89
4927.43
5212.85
9948.91
5665.61
7810.67
6013.06
17420.7
6719.89
9876.53
3898.98
4816.98
3950.35
4935.55
8069.17
6807.78
5693.67
11557.7
9797.25
7347.65
5393.95
6920.65
5653.19
4239.25
15050.3
5913.91
8669.14
7905.31
7484.72
8359.26
9513.52
13331.7
2774.24
4587.79
4360.16
7237.24
6203.23
5754.68
6342.56
12502
5578.41
4605.35
8673.24
6099.8
8993.37
8658.01
9991.92
10758.4
7120.38
5649.83
6809.5
11502.4
7104.54
10756.6
8096.92
7744.06
5707.66
7560.74
8983.54
4897.55
5810.46
4160.31
5403.54
5457.97
8935.03
4489.14
8973.36
7197.21
12150
7578.64
4946.26
6111.39
4658.53
8143.63
10638.3
18415.4
5905.88
8206.72
5528.81
6212.55
5655.59
7176.74
6460.43
4621.05
10965.3
17735.7
7955.38
7669.92
10350.6
10315.7
5753.89
25631.5
5377.48
9252.06
5891.09
13567.4
5452.48
9106.96
4984.38
26720.6
8709.45
11335.2
5903.23
8567.67
4629.69
5251.12
5415.35
5915.29
6677.46
7794.99
11881.7
8208.88
6773.36
5939.55
13574.4
7712.5
8784.13
4803.9
4504.31
7234.42
6956.84
8965.57
4640.14
9808.59
84341.8
26559.9
5830.44
4113.83
6051.81
12808.3
4459.54
4946.79
9023.81
10505.8
20071.9
4811.63
4818.51
12646.2
5009.61
4503.07
9549.67
11147.4
5224.4
6654.36
17125.5
6759.71
4667.86
6321.96
6851.58
7773.99
6537.87
8832.09
6174.3
5180.05
6363.93
6511.49
5392.98
11519.2
5107.1
11097.5
4404.58
3965.53
8916.94
8986.8
6386.58
4607.28
5860
5693.2
7756.3
4102.8
5421.58
5976.47
11779.1
7606.42
7868.3
23896.5
7015.31
4447.13
5697.42
5838.79
3634.36
3731.46
8468.96
7405.88
8687.25
8415.31
4333.6
9066.92
6006.48
4506.23
8700.77
4481.22
5144.81
7312.5
8523.83
6216.85
6522.66
6116.38
6657.81
3694
11266.8
4538.93
6570.38
7565.03
8376.72
9390.11
12207.8
5090.49
9105.68
4820.37
5696.72
5431.36
4409.49
6186.86
5017.16
7180.04
6863.96
5530.5
6352.29
10947.1
6218.1
7315.98
10206.6
8725
9392.12
5414.45
7569.59
9022.93
4545.73
10557.2
5240.89
5730.02
6929.02
4386.19
8115.6
4943.52
5400.12
11890.4
4539.09
5774.93
10305.2
12303.8
5839.81
4556.6
6303.87
8527.37
5137.9
3776.28
5171.1
8108.04
4991.01
3995.44
8463.73
7274.93
3899.55
12608.3
5041.71
9702.19
8502.2
15017.6
10075.3
8455.7
5053.62
5061.47
9737.37
5230.19
3931.95
4829.27
6814.76
5451.39
4417.23
7925.25
8227.83
5260.43
8645.39
4492.78
6782.83
4530.54
4211.32
5329.89
9654.16
7113.2
13675.7
5425.24
5395.21
7254.16
10373.2
5832.59
6714.94
8885.42
4235.08
4940.58
13115.2
4055.67
6820.92
4655.68
8576.71
4408.55
6562.22
4988.82
8705.14
15276.5
9562.72
4135.37
8003.2
4532.02
5933.71
4369.56
7106.47
13647.6
5450.68
13754.8
5202.83
9274.43
6011.92
36973.4
5304.42
4549.11
4495.57
20123.2
4612.94
7514.11
18037.4
6501.68
3903.21
9245.92
9447.09
3715.41
10578
7364.95
10814.8
4334.86
8004.3
7592.04
7510.19
4701.16
5920.42
6771.79
8687.21
4453.9
3885.99
5400.05
7487.66
7327.4
14694.4
3308.87
4383.91
16449
7282.04
4293.32
6481.69
7437.34
5205.34
4565.4
15129.4
4676.84
5628.81
4886.09
8249.81
5009.1
8927.97
7721.28
7028.8
14191.3
5395.06
13936.4
6521.08
5998.97
9916.6
26445.1
11656.7
3882.25
31877.6
6394.81
8189.23
7272.62
6827.28
6736.72
11891.8
11158.3
18689.1
5539.65
13305.7
4571.14
7922.56
7574.34
6543.39
6805.95
9326.26
7103.26
9649.11
6030.34
10371.5
6306.92
4217.17
7723.04
3393.55
8035.91
5459.74
5430
9717.84
9888.61
9399.3
7001.25
5059.98
5516.01
14817.6
8437.48
5062.45
9820.99
10739.2
5533.87
6660.73
8130.56
14256.8
5933.22
4106.27
3739.54
4591.74
6716.9
4444.23
3748.22
7160.14
6214.27
6755
5558.03
10508.8
6118.26
9073.47
5018.24
7905.2
3734.66
5239.67
10673.2
18156.9
5305.01
4771.68
7221.45
12470.2
6281.74
9082.16
5722.24
11683.4
5750.66
12573.2
5333.77
9998.62
3998.27
11009.1
4630.91
6056.79
3964.13
11220.4
5490.16
7412.69
6060.7
7489.28
6641.01
8854.93
7467.55
3720.83
5417.11
5296.68
7486.09
5641.42
6907.04
8645.88
5067.45
12170.8
4728.51
5794.49
6933.07
4907.52
6186.34
5147.14
5216.28
5593.65
12006.1
19632.7
6864.57
4862.17
4315.11
5732.66
6590.72
5900.37
4835.71
7567.49
12014.1
11261.5
5171.5
39771.7
14351.3
6602.54
3817.96
10672.7
6020.47
3809.83
11026.9
5132.74
4685.52
4977.87
5629.68
6124.72
6483.4
12580
3451.67
14339
6044.78
8947.79
5410.31
12144.6
4977.51
5796.79
7394.96
11921.9
7336.78
6816.05
4831.13
6950.06
9603.01
6888.34
4446.08
7978.87
4737.71
8467.96
12050
7334.08
5792.76
6062.84
17592
5021.75
6026.98
5817.8
8873
4299.09
31586.4
3799.03
13170.4
3860.61
3957.31
4629.8
6475.73
23175.3
4805.67
8189.33
8771.84
14209.9
9339.89
5551.6
8005.76
8902.85
3680.39
4995.83
5896.9
4097
21204.7
6238.92
9301.71
9123.97
3327.73
5341.11
4010.68
7378.07
4245.91
3371.96
5887.76
9005.86
6701.44
10009.9
10758.6
3648.69
5244.62
8854.62
5394.52
10615.8
5259.13
7376.72
7408.92
5202.66
7549.52
7163.33
6255.34
6365.86
6079.42
5783.87
7041.43
7607.28
7443.61
9727.61
15226.6
8690.58
4658.32
6021.46
5705.96
4264.32
4096.38
6440.42
7227.34
9228.37
32630.6
12421.3
16464
7023.74
11369.9
9151.59
3784.35
7734.53
24569
7773.53
6880.34
5071.84
6450.46
4337.9
7983.52
5862.47
10189
7179.02
32994
6801.63
10465.2
9751.3
10188.6
11092.2
5630.54
4967.76
5449.6
12517.6
5893.8
10222.2
5432.59
34175.5
3782.03
8269.36
7345.83
3370.38
15293.4
6885.67
5620.91
7570.71
6398.51
6123.46
8162.87
3671.99
8859.46
5150.31
13005.5
5048.97
9217.93
5115.51
6563.51
6449.41
3417.12
13209
5061.46
5435.81
7245.35
5222.34
7379.82
8146.33
5749.23
3682.06
3711.69
6359.12
5111.34
8742.54
13708.9
7337.64
8771.73
11972.5
3879.64
7483.3
10054.6
6087.87
7017.72
7659.43
5001.55
9825.29
6249.72
5509.12
4200.34
10739
7290.8
5114.12
4719.06
11496.5
5639.37
3635.13
5402.68
11228.2
6513.34
6750.81
5056.93
7749.82
6634.66
3511.34
5286.28
3696.05
8565.22
7856.43
5197.41
5574.13
4387.87
4290.43
7170.16
6243.06
7339.72
4890.92
4011.59
18105.2
5553.67
3341.45
3270.34
7738.05
10860
5593.32
9238.42
4562.47
9200.12
7177.3
27791.2
10048.9
7977.3
5086.5
7533.28
4959.52
5236.32
7245.81
7086.51
6698.41
7998.43
7516.87
6277.23
7604.28
5582.03
6234.62
6270.76
9770.1
11217.1
9308.7
5095.1
4757.39
5378.48
7473.34
5167.77
8018.14
17756.8
5227.79
5570.47
11770.4
5110.07
4322.03
5103.98
10158.2
7102.9
9557.44
8271.23
7761.85
5181.34
7948.1
7938.97
8837.62
6598.93
6573.44
11630.8
8372.59
6961.73
5014.72
6166.66
9153.39
6030.6
7771.46
15973.6
8021.06
8517.42
4461.38
7357.25
6613.35
17875.3
7586.62
5406.03
3979.04
7679.78
4501.81
8608.3
5511.3
4482.21
4622.91
7444.35
8908.53
5960.42
8546.41
19817
7567.61
9686.53
7720.68
9524.73
5046.64
9057.67
5817.37
7309.56
6555.94
11607.6
6011.18
7294.76
5037.39
6747.75
6901.85
7343.68
4769.64
5156.07
6607.8
7239.75
7736.51
11178.8
6568.1
6445.82
7169.88
7144.74
8742.68
8998.65
7756.25
6106.26
7218.6
5982.08
8453.95
6712.96
9136.94
8148.65
6144.03
9494.56
7925.9
6619.51
6707.1
3921.89
5439.85
19212.8
5064.8
5229.08
6569.1
7593.14
3533.41
6302.8
6093.97
4770.12
12883.7
6777.69
7091.7
8547.47
10016.3
8662.29
10993.9
6711.7
15404
6438.34
4518.55
3504.92
4373.73
16024
7859.92
17622
21652.1
7708.52
4089.29
3890.55
8606.17
8341.28
6698.16
5775.97
4554.73
4840
8896.93
7631.45
4735.28
5873.85
4018.75
6336.87
11808.4
7986.25
4997.12
6565.94
5393.6
9935.07
5488.68
4572.92
7472.57
7157.65
5305.72
8701.82
14411.5
4444.41
9425.14
4707.08
25502.9
5175.58
10152.9
5764.48
12909.7
4288.35
9278.48
6603.75
9957.99
9923.93
8829.2
6157.98
7265.62
10138.5
7128.43
5701.1
5946.04
9972.11
6178.93
6300.98
10403.9
18952.3
4409.99
10356.4
3639.56
9440.01
6011.64
6933.22
5084.84
6246.56
4091.25
5170.44
6358.3
5504.95
7244.11
7019.59
4826.48
10369.7
6564.32
5751.8
11094.3
5954.25
14481.6
5639.8
14662.4
6543.43
8638.09
7985.64
6665.78
4727.75
7788.46
12037.9
7181
6064.13
6860.02
7114.96
15711.9
8876
11290.1
12012.5
4920.86
5250.69
5681.79
6176.6
6002.12
6891.93
5056.38
6169.65
6450.8
8560.22
9374.88
7008.38
6203.39
6380.89
8616.8
7432.56
10840.5
9127.35
5999.43
7751.98
6654.42
7087.93
5008.61
5373.51
5714.24
4202.49
5868.86
5189.46
7891.52
9522.75
7508.38
4264.38
3319.73
7588.36
9030.09
7854.51
4157.84
6226.98
7498.68
4559.28
9681.33
6649.04
5492.45
7814.68
9930.81
8644.83
3145.99
9463.85
4399.49
4210.64
7351.01
4816.17
9113.67
3679.24
6569.72
4528.57
5648.47
7358.31
7492.37
5087.7
16612.9
10261.5
8073.83
12167.6
4272.83
7206.98
4682.9
7006.33
4963.17
5814.67
12545.4
10872.4
6797.7
5146.15
6782.6
3900.69
8094.29
5814.01
5363.52
9658.38
6860.96
4154.72
8562.42
5249.43
4735.87
11194.2
4993.49
5376.03
4121.46
27137
7509.14
4935.53
9081.46
6111.38
7992.95
4624.82
6781.82
17331.2
5718.3
8466.38
5828.78
8124.9
12044.3
6506.81
6661.27
8220.45
6801.85
7370.38
3811.26
5440.63
4178.86
3219.13
6855.09
5822.59
16494.6
4270.61
4278.89
10875.4
5496.45
5383.12
3787.42
4198.22
12270.6
7300.18
19056.2
6131.26
4714.45
9230.41
13029.6
8458.12
13790.1
3080.2
4735.11
3232.18
6228.19
4135.48
5789.83
10377.9
6203.7
7562.87
9542.72
5352.68
4699.45
5512.67
9830.33
4571.8
5660.63
5726.52
4147.76
5632.54
10995.4
11558.9
9273.55
11277.7
4580.43
7976.23
10484.3
3845.55
4293.2
20737.8
4760.86
3976.11
6694.92
5096.81
9258.43
8451.73
5572.66
4862.86
5892.96
4984.9
9914.55
6437.66
6203.8
5121.32
10336.7
12023
4543.43
8131.6
23429
8174.05
7879.32
7023.16
9113.78
6425.82
5313.52
10862.5
9595.65
7871
5554.65
4734.62
15777.4
7619.45
23335.8
5372.8
15682.4
5466.48
10107.1
3916.34
5513.4
3788.47
3174.46
5472.03
4905.23
7330.68
7027.17
7256.27
5460.4
6815.46
6011.12
4049.29
13991.5
17208.3
5835.49
5334.63
15154.1
5497.51
12674.6
9050.84
14196.6
5393.13
8079.01
7813.56
6548.62
3081.06
4635.29
5123.64
4306.53
9678.42
19489
7532.08
7352.73
6834.46
4643.44
4956.67
4710.67
6374.61
4575.84
6484.62
4499.48
9493.71
11333.2
4137.53
7584.71
3508.29
5731
3229.74
15698.5
5789.59
6988.67
6866.11
12054.8
5960.27
6075.45
10809.9
10060.5
8313.37
7113.4
5364.23
12955
16169.5
8271.51
7369.05
9136.7
9895.78
8000.96
10925.7
4907.91
6710.94
7631.19
5039.23
11906.8
6566.79
9072.75
4907.78
4135.1
6173.18
9409.54
6576.37
5443.67
7772.86
3423.67
5893.1
6047.27
13719.7
6400.61
5096.31
2943.1
5699.31
18596.7
5234.8
4574.25
7793.81
12195.1
4999.52
8828.35
8403.89
6102.68
8136.77
7111.93
4819.03
8516.8
3452.88
7698.68
6411.67
8146.56
5396.25
8854.29
5134.17
7480.21
6394.96
5984.94
5663.4
16770.6
8431
6479.17
12300.8
4236.19
12505.3
5671.63
7224.07
14236.5
5462.6
4292.98
5402.75
8402.18
13573.7
16153.4
6582.47
11999.1
7016.9
7181.57
3459.2
7050.89
5913.76
6100.14
11472.1
7799.37
9013.6
16230.5
7170.04
5827.64
10817.4
5415.47
7419.76
10647.8
4046.49
12806.5
8092.08
5305.24
9116.03
4694.23
7557.36
6396.86
6891.54
6187.68
5685.1
5596.22
3954.75
3643.73
6351.86
8502.34
8323.86
24664
8259.62
3278.04
4582.49
8819.64
6183.21
5180.19
7138.61
6946.51
4718.57
9139.2
8860.41
4558.06
16556.2
5070.05
4018.86
8430.69
6894.85
7404.71
6384.38
4057.25
7581.43
3958.75
10323.1
8770.69
8405.97
5387.64
5852.57
4904.12
4314.34
3658.81
4538.27
4390.1
5459.85
12580
9693.36
16023
5126.55
8778.36
11403.3
7086.11
4277.11
4535.57
4806.84
5081.34
10559.4
13772.5
5148.38
8655.67
8024.92
4545.01
5253.69
4274.31
6182.21
6955.19
10152
7624.28
5279.05
12777.7
6175.63
4373.3
10229.4
11093.7
3812.49
6973.19
6426.85
3664.34
13006.2
5287.62
5011.02
8123.54
5567.88
4924.34
6229.22
9437.74
9339.67
7298.3
4922.44
15668
8433.97
6631.07
8251.22
5688.99
5155.7
8552.63
8571.03
4870.32
5926.86
19022.3
7913.62
5767.26
6070.94
11053
7458.9
6867.2
6671.8
4695.54
4482.9
9622.44
6135.45
4913.64
13410.2
6235.16
6460.22
5378.83
4365.32
6299.25
6839.34
6203.1
5145.04
5846.37
7215.29
21443.4
4731.21
10052.8
6073.44
6367.18
4906.34
5827.82
6644.04
7112.91
5607.14
5985.08
7640.67
11014.2
5529.72
14345
8345.01
4934.06
6087.76
6193.81
4370.95
5152.4
9549.85
9814.95
8364.48
8299.74
8225.8
7668.01
6407.95
5052.84
4911.8
4538.11
10072.7
7212.59
6211.66
5583.19
9985.54
7361.11
7742.24
10336.3
12223.8
9292.49
6521.45
14215.1
11371.7
5463.39
7487.38
7608.92
5323.19
9020.1
6251.51
4794.79
7352.91
4060.16
10712.2
9709.36
4831.45
6112.95
9255.27
5781.53
24483.5
4612.05
4331.21
5649.68
7964.66
5968.81
12615.1
3991.51
4374.73
7253.18
7544.71
7230.41
4025.13
7559.82
6722.66
6484.15
8438.27
7187.89
5398.58
5103.42
3978.84
4494.43
6587.18
5838.47
4792.02
5981.86
3826.49
9042.5
12740
6079.11
11191.6
8333.88
4306.7
10693.2
9547.16
7235.12
6716.41
7560.31
9106.21
5660.9
5572.65
4659.22
9786.96
4971.45
4994.59
6949.57
6460.85
18099.1
8698.9
8310.63
5279.38
5820.13
10273.7
9292.56
4978.96
15510.3
4885.42
6639.5
3568.82
5076.4
17845.4
5263.25
8391.21
6447.28
9168.57
4446.42
2992.7
6025.41
5721.63
7368.44
8358.08
15579.6
6420.24
4888
10414
4862.36
11820.8
10010.5
6299.65
4016.06
11661.7
4154.32
6671.4
5999.1
8067.52
4957.29
5331.49
11595
4715.08
8068.39
15470.4
3580.06
11693.3
5063.5
12389.2
5350.39
4451.67
7101.88
7662.01
7108.44
5517.94
9577.19
9205.76
5761.25
6783.2
6065.35
7006.53
5647.31
5163.89
7661.69
8699.81
11600.5
5992.35
14769.5
4563.76
6734.55
5867.76
4289.7
4297.79
4278.93
9044.26
12448.5
5078.44
5682.95
11153.4
18822.9
7150.63
6928.68
4275.99
9891.62
7937.9
8353.34
6239.1
5811
9730.89
8093.75
5884.52
10119.6
18103.1
9003.71
5715.69
5035.94
3817.08
5763.9
5336.08
12351.4
6456.96
7839.24
9792.93
6922.76
6464.89
6087.56
12797.5
3942.31
7014.22
11951
7705.98
10588.3
5243.2
10018.2
9125.16
4180.68
8060.81
5060.43
12877.9
9552.37
4497.36
8014.12
5999.91
19584
7161.64
4964.02
6056.79
4200.07
5848.67
6722.01
6207.47
5588.16
4977.05
11734
6780.18
3327.66
7136.16
13143.8
5431.81
7167.44
9881.21
6054.15
7091.57
5680.48
6012.35
6551.06
6139.92
14829.8
5060.13
5376.74
10489.8
3619.46
7745.71
14914.7
4179.88
3774.39
8132.12
3019.97
5008.26
7105.69
10062.1
17100.1
13274.4
4513.33
4435.47
6587.43
12067.6
7236.81
8154.49
5991.27
4672.84
4599.13
8475.4
10187.5
6058.92
6381.2
3747.25
5700.94
7345.75
4982.45
7394.38
10436
13540.8
6729.52
8723.96
6142.81
4963.86
6015.19
11246
4085.73
3664.99
6485.12
4917.09
5820.78
7392.78
6126.29
8417.62
6378.23
5245.94
8493.92
4728.1
6653.52
6881.4
6358.86
8064.51
5576.88
6279.87
9289.06
8691.7
6760.11
8924.22
4903.51
5928.3
14652.1
12623.9
6789.78
10800.9
17879.2
7011.56
5807.86
9276.3
7485.62
7480.42
10828.2
6236.06
5208.44
13940.3
5350.74
7265.18
8171.13
4830.59
8149.39
5812.5
2953.09
9134.53
6664.9
4928.23
5195.89
12109.1
7296.06
5596.14
14804.4
5859.13
5663.51
21779.6
7273.2
3680.36
6410.3
11601.9
8357.73
7483.5
9527.1
4693.77
5519.03
5749.1
6750.05
9549.23
4089.01
8400.23
4497.91
11659.6
5897.15
9925.59
4112.93
8089.51
8987.69
6684.97
5183.98
5088.98
4380.44
6917.94
5770.63
5327.94
4924.99
4911.58
5192.5
7379.62
5814.31
9442.38
7032.33
7970.38
5872.02
8702.03
5681.65
7619.88
5970.69
3651.09
7153.35
5548.48
6824.57
5524.69
4849.8
7537.71
6299.66
7089.06
5833.94
7724.88
10989.2
3645.44
9182.54
12244.4
7036.83
12056.4
5927.97
8139.33
4353.29
4030.43
3867.8
8030.5
3542.71
10419.5
4074.62
5554.02
4419.22
5474.54
11361.6
8995.61
9040.73
11043.5
11392.9
5799.73
6968.7
7654.64
7053.75
9184.03
4640.45
8712.71
4188.49
11716.9
7220.71
6068.52
9006.84
8182.6
5908.28
8312.22
6733.88
6423.83
5183.12
6016.25
10224.5
7397.18
9121.87
6996.18
5504.35
7876.73
3925.61
7688.67
4693.72
14193.1
8143.28
5224.9
7901.86
11752.8
4775.22
10589.9
4073.45
10855.8
6402.73
10901.1
6414.35
6804.39
6825.31
4455.45
10120.5
5762.9
10574.8
6398.36
7672.57
5089.87
9573.96
4190.71
5004.46
9366.91
5121.12
5420.61
5533.45
9978.33
3936.19
6247.57
15422.2
12376.7
17009.9
6529.88
3451.39
4200.15
6785.85
8823.53
12009.7
7446.41
5083.35
5416.63
7452.68
8084.63
5123.18
10923.8
8122.99
8066.56
13024.2
6018.26
8382.29
5040.33
4924.44
5907.37
4489.36
5701.65
4611.04
4458.68
7649.57
5520.2
6485.93
12677.5
4943.39
11877.5
8337.41
6804.4
4760.5
10933.8
4641.73
5478.8
7241.59
7774.58
5231.23
5717.84
10100.6
8107.02
5546.78
7260.03
12264
11102.9
7934.51
7915.87
6432.92
5271.57
6049.39
5117.9
6128.63
7728.54
6977.93
7533.63
9531.77
15194.9
9953.05
6897.38
11738.5
5105.75
7080.02
12164.5
4376.92
6706.18
7599.89
10529.9
6459.35
8093.58
6209.47
6874.37
9638.07
6130.6
4531.82
6366.88
4463.27
7524.84
7585.45
13058.9
5448.09
5314.21
8236.34
4882.82
6640.01
5837.5
7271.37
8039.69
9154.46
4009.3
2969.95
5060.32
7934.2
3593.44
3800.04
6510.78
10376.4
6956.5
7083.7
4493.33
7559.08
4329.49
4473.33
4584.94
3561.75
3717.26
5100.27
6735.48
6450.27
12282.4
7027.98
5614.65
10828.3
12289.2
29624.7
9491.02
5718.92
5682.63
5856.64
6451.97
4927.17
15334.8
6122.13
21297.1
5789.25
4846.24
4104.7
3930.74
4616.73
7236.69
14048.9
4687.31
15384.4
7410.17
5527.89
6131.75
4945.39
7307.34
7406.93
10013.7
7440.46
18659.8
5019.98
8360.39
6724.74
10054.6
6580.96
7711.4
3808.45
3759.83
9643.08
7171.26
5879.35
6660.26
5541.81
7675.6
3773.38
6141.53
9069.97
13083
10266
4386.61
5563.42
13922.4
18064.7
4627.52
6459.4
3899.72
10649.2
5054.56
8261.38
3701.01
7442.69
8036.6
12404.9
13689.1
12904.1
7377.44
11644.2
16401.6
5020.87
5113.95
4078.08
7586.16
7117.12
5623.11
9607.75
6651.54
6901.46
4173.42
6566.09
10246.7
9982.83
6976.13
5035.73
6171.63
9318.68
7278.14
4830.62
5912.03
7253.48
5903.97
5710.52
9138.02
5587.3
6855.59
5595.3
6615.93
16296
13998.6
8697.88
6184.11
4369.52
6177.71
4659.67
5523.88
5172.95
4971.64
5427.79
11901.6
6879.76
8895.9
7286.42
10862
4120.45
6959.33
10656
4135.52
6665
6025.3
3962.24
13427.8
8516.01
6497.88
5935.98
5733.36
14942.9
8801.64
8798.96
4690.65
9401.82
6418.75
11055.5
10719.5
5464.56
10942.5
3292.82
6889.54
6206.51
5918.77
7812.33
4545.35
10304.6
4268.63
6349.91
5012.83
6670.78
5671.14
15174.1
4811.8
5275.47
5709.5
8920.49
5485.54
3884.43
5850.95
9995.55
10536.8
10750.6
6560.02
10432.6
15313.9
5548.08
8732.76
8509.71
10587
11096.6
7427.05
7519.6
9395.23
9865.66
6173.15
12648
9957.16
8070.42
4246.18
10408.5
6807.95
7171.49
11671.1
15717.8
4906.43
7094.62
8320.75
5732.31
5783.38
14565.6
12107.9
3077
5450.65
4997
24707.6
8471.84
6660.6
7322.85
4970.13
10900.7
7880.35
7747.39
14871.4
8820.68
4902.9
4546.88
10272.5
4638.88
4845.58
6035.2
6130.7
10886.6
6772.89
34726.7
21026
5793.16
10089.6
3729.25
9635
7664.21
8504.93
3969.56
10358.8
8625.07
8143.86
5915.53
7650.32
6339.38
4576.69
4689.41
6787.87
7350.03
14423.5
6562.25
6745.21
6071.55
6371.5
10927.2
6692.51
7489.5
5789.71
7957.71
7963.84
9624.53
10831.7
6436.34
4446.69
7025.95
3291.9
6312.94
5946.67
5107.53
12028.9
6193.58
8694.9
4780.45
6557.3
7244.77
6041.53
6552.06
8469.23
6013.86
7720.43
4834.44
20599.8
8566.69
3703.52
6335.13
3998.71
6153.9
14097.4
6368.43
11390.5
4595
4127.46
8709.78
5572
6551.58
10197.4
9054.57
9293.48
5582.96
6785.81
7290.36
16698.8
13518.1
5766.54
5413.43
5658.55
8428.07
3397.73
12883.2
7346.97
9575.27
4914.21
7670.71
7048.13
4600.57
7068.56
6445.16
4321.66
17594.9
5720.41
6374.52
7884.65
7552.35
11668.6
5787.17
6171.6
3522.54
5569.59
4406.02
3390.05
8605.04
8331.99
6137.42
12989.3
17670.5
4724.37
3596.18
5404.9
6196.81
7406.82
15275.8
7106.79
6043.46
5197.19
8450.56
9487.5
7939.86
12233.3
6020
4071.52
3838.72
10583.8
5505.32
4677.81
5293.44
8356.67
9285.63
6504.41
7486.85
7640.25
4423.27
4020.8
3263.56
6112.4
9110.75
7482.28
7423.46
10459.6
4924.12
7179.5
5659.73
10277.4
4048.9
4598.44
7390.87
14117.7
6600
5500.23
6759.45
15987.8
7865
4411.98
11442.4
7757.98
7820.51
12571.7
4257.28
4433.85
17025.7
10034.1
5549.99
8728.83
27161.3
9459.21
8686.88
4581.6
4445.69
10190.2
10634.5
10228.9
7800.42
7187.46
5005.43
7045.7
7295.28
6243.71
4683.1
7035.65
13768.8
5242.64
4368.63
6506.81
12494.5
5802.58
5405.59
5220.93
7111.29
7823.19
8481.12
7025.87
8638.77
5699.42
5077.85
13049.4
7078.9
8281
23274.8
5445.17
10630.2
9994.57
4252.94
5937.83
5872.28
6578.06
5035.88
7550.13
8995.7
5988.84
5912.94
6290.51
13871.5
8252.31
12112.6
8692.82
4581.29
8876.07
5847.54
7834.75
4089.32
4587.3
9474.78
4785.02
3426.58
7187.32
9306.22
9951.53
12218.6
6985.22
7664.08
5317.39
5454.2
8113.38
5789.44
4747.39
4505.84
4749.17
7488.5
6338.16
6424.92
8617.5
5338.14
3508.59
5836.68
3639.54
5885.41
13248.4
6951.42
7287.43
8425.26
3768.15
10213.9
8793.81
5705.23
5962.68
24440.1
3527.7
9481.03
3954.12
7108.14
9259.92
11329.7
8079.12
7220.57
6552.79
8733.17
19273.2
12516.2
22641.1
6804.78
5889.29
4733.55
13354.6
3726.17
2979.52
6087.84
4346.26
8949.25
12279
8834.92
8664.42
6534.53
4218.37
14901.6
12502.2
6581.49
5875.02
9462.52
4842.22
12894.9
5056.37
5687.47
16562.4
7985.69
9600.93
7857.11
5733.65
8749.43
5907.16
4404.07
6578.18
4455.8
17464
7204.9
9464.31
6607.87
12047.7
9363.07
7544.41
4602.75
5008.12
9175.48
7938.33
9763.19
6622.85
4999.67
7268.19
10079.2
7292.43
9198.83
5911.76
10407.1
4707.63
5208.96
11068.1
12024.2
9725.54
8097.14
4549.74
10422.1
4240.15
4648.34
12879.7
6293.24
9445.8
6575.5
16145
7466.26
5650.71
20058.2
4977.07
11811
6419.35
8431.71
6570.3
13733.8
6769.36
4693.54
14570.6
9080.19
9188.94
7625.03
5884.12
5437.91
5673.63
11219.3
5476.35
10649.2
4867.94
9656
4815.22
6238.62
9693.3
6402.88
8035.22
5275.64
7475.59
9220.37
6772.41
6042.53
7306.93
4230.05
4968.65
4927.46
11751.4
7119.77
19598.3
5644.37
7195.97
7119.03
9423.26
5703.21
6369.22
8873.85
5895.79
6170.46
6061.97
9399.62
5359.42
4960.8
15332
5162.09
4671.3
7387.17
7146.49
4125.94
17136.8
4724.09
10369.6
4062.86
15245.7
6403.38
4676.2
5540.24
6346.81
7854.98
24195.7
4605.76
4251.92
5421.43
4067.27
5761.16
5866.04
4547.82
6669.24
6236.27
3726.72
14049.2
12073.4
5139.25
10904.5
11183.4
6165.55
8220.9
4463.42
9304.09
4435.69
3983.54
16802
6269.83
6295.55
4971.37
6575.93
5477.55
7978.11
4439.82
17510.6
6542.1
4925.93
8312.54
4575.02
7055.05
11269.6
7314.52
5658.54
5174.08
6499.84
5469.6
4473.73
3092.81
6886.14
5556.51
10636.7
15655.8
5684.38
3919.06
3421.45
10553.6
10331.3
4774.2
8740.45
7970.41
3966.98
5885.88
4520.46
9788.86
21900.5
6563.2
8698.22
7552.57
11917.3
7331.95
4905.57
8113.22
5666.89
24443.4
8880.08
11353.9
10571.7
7069.16
12684.5
6303.02
9307.16
13244.4
10900.2
7921.99
5847.62
6756.43
6910.34
9839.91
5660.1
4539.36
6943.22
8535.89
6231.96
5277.4
5598.68
21386
7577.44
5089.75
14650.8
4424.8
7072.51
6795.58
3645.78
6927.13
5153.27
17530.8
7535.05
6771.45
4026.03
5186.22
5402.38
6684.12
7747.8
6689.15
6500.47
6163.18
8385.06
11193.2
7563.2
4879.39
7012.57
5352.81
4885.77
5496.1
10155.3
7328.86
4550.83
6229.01
6546.18
6384.81
10199.5
7313.1
4943.02
5575.75
3645.31
8071.71
10091.3
10163.3
7072.64
7355.58
19391.6
9072.51
5752.38
4558.99
31318.4
10384
5192.35
9670.34
5391.55
5705.24
6226.86
5493.73
5708.72
6554.54
7267.52
6767.91
13314.5
4509.26
9745.46
20707.2
4074.37
10298
14262
13278.2
5717.5
9621.12
5558.5
8506.79
6793.72
9130.21
6472.26
10108.8
3934.56
17445.2
3963.47
5991.15
9889.14
5122.39
4681.34
16016.8
10651.9
5201.24
8838.43
7293.66
6687.38
7802.62
10573.2
5826.54
5582.99
4868.78
10552.1
5301.88
10390.2
7187.33
4373.45
7149.83
8082.6
10642.3
3482.47
6822
9648.42
13018.8
10587.6
14582.8
4670.17
7987.26
12262.4
8724.13
4547.03
12158.8
9858.92
7300.86
5910.32
12916.8
4626.05
15123.2
7582.83
4436.83
7864.52
4443.9
6665.95
11003
8071.92
4570.14
6733.76
4859.04
13599.3
6723.01
6212.68
5950.77
5589.88
4700.25
6286.79
4671.87
5333.07
15385.2
7106.44
9700.69
5679.99
5261
7568.96
4763.7
3915.64
6264.67
11881.1
6198
7777.73
5049.25
3653.65
6448.99
12174.8
4418.87
11523.6
8696.36
4424.76
5917.91
5838.84
4799.54
9692.9
4343.09
17518.4
4656.62
5403.13
3888.37
7298.15
5035.13
9457.62
7737.23
5936.54
8701.22
11344.7
5493.71
4874.92
6942.78
4582.28
4976.13
7682.63
3812.9
5002.84
5844.25
4258.63
6357.78
6508.01
6065.03
7782.81
7311.96
12482.9
5225.59
6483.84
5850.61
9476.92
9006.66
5031.02
7414.91
5250.01
3660.83
5691.09
5219.91
6455.63
6562.91
4633.98
6130.43
4158.64
9452.87
11595.3
7770.9
5802
7151.47
8896.68
8196.75
10071.5
5924.33
4895.92
6289.98
8946.99
6742.69
3834.6
6402.34
5602.59
9032.16
4559.7
5641.31
5817.63
4508.65
23050.8
6995.77
5156.94
4536.99
8547.76
4936.54
13234.2
20442
8222.38
6164.91
8880.82
5293.21
13471
6415.2
10536.2
9604.5
4652.06
7536.22
3948.12
4025.53
5351.89
7717.21
8062.35
9838.78
5154.43
4900.41
5111.3
4232.72
5551.08
5239.22
27325
6945.21
7414.69
5142.9
5628.92
6031.18
8283.18
12576.6
5446.44
9295.12
3851.09
6926.14
5661.27
4238.66
5899.51
5988.75
7585.58
5934.82
6733.17
9391.3
5870.77
4952.25
10018.2
4920.65
5851.33
6298
5417.22
7147.3
6278.21
3953.16
8779.99
8184.99
5318.79
7765.45
7979.45
5715.74
7893.82
10407.4
5042.85
4605.74
6189.22
6664.93
6906.69
4903.46
7476.99
14826.3
9225.67
4367.36
19220.3
5407.9
5090.35
6365.99
19116.4
5305.61
8505.47
5266.08
8742.86
3848.34
5550.17
5594.88
7952.7
9633.17
10614.3
5006.45
10206.5
4415.09
16918.1
5070.53
5429.17
5448.63
14202.4
6818.45
3886.91
6620.14
6795.88
