1908.21
2489.53
2768.93
4077.94
2535.3
1827.3
2675.29
4017.28
2981.87
2346.65
2058.59
2264.88
1775.73
2166.85
1918.38
4399.91
3300.99
1878.43
2011.36
1665.36
1905.33
4424.65
1679.51
1346.98
1924.62
4023.11
2361.66
4024.23
2938.46
2979.04
1729.69
1887.91
2186.55
2748.24
2206.15
3127.04
2503.74
3040.77
2569.06
2272.75
1923.87
2671.16
3591.59
1629.07
3902.77
3359.02
2808.49
1999.25
1563.85
2134.38
3806.35
1843.16
2622.99
1601.69
1616.24
2393.77
2764.85
3650.31
2627.15
1869.83
4028.19
3112.81
2093.25
8680.62
3005.32
2012.58
2132.59
2150.69
2045.95
2795.25
3662.16
3534.18
1887.6
3445.93
1825.14
1993.27
1781.04
2288.66
1382.24
4331.33
3154.54
2960.28
2639.61
3438.13
3687.65
2148.26
3137.17
2933.18
2105.75
1723.13
1883.26
4426.86
5118.87
1967.29
1718.44
1814.49
1187.83
3617.73
2217.11
3594.08
1885.04
1686.5
2485.96
2304.15
2424.94
1666.46
2927.52
2376.08
2467.4
2273.58
2629.26
1821.42
3643.37
2586.04
2645.4
1503.33
3016.68
4712.18
3207.07
2213.21
1600.06
1902.46
1630.42
1927.27
2614.02
2204.91
2195.17
14139.4
1504.57
1961.27
2966.84
2097.13
1344.89
1627.43
1468.3
2410.84
3176.34
1837.48
2225.22
1720.24
2257.32
1863.18
2610.19
4889.11
3379.57
2754.31
2602.48
2538.42
1969.73
2763.16
5122.75
5005.82
1859.87
2439.51
1956.64
3119.23
1840.37
2535.4
2188.89
2141.99
1906.78
2179.71
2410.82
3010.96
2174.34
2734.84
2222.2
4228.17
1882.33
2814.28
6525.88
2070.91
2426.64
2688.41
3095.11
2377.81
2436.52
1672.84
1901.24
3676.57
2238.31
2589.52
1971.65
1859.77
1883.83
1893.81
2978.74
4492.52
3048.03
2496.81
2768.92
1358.4
3443.81
2248.68
1449.42
2518.51
2498.35
4865.86
3792.93
2680.74
4460.87
1914.56
3588.62
5123.74
2492.22
1850.65
2052.23
2278.06
1693.23
2004.78
2374.52
1788.32
5615.42
2023.67
3278.7
2671.05
2199.25
1663.4
2676.69
3158.93
3592.32
2924.58
2522
2364.05
2429.91
1506.33
1729.53
2425.68
2409.2
3432.74
1749.95
3700.44
2750.64
2206.67
3619.32
1908.89
3211.57
1947.24
1808.24
2120.69
2172.41
2310.55
1696.34
2536.82
3294.11
2414.45
4591.39
2418.63
5159.79
1903.22
2715.01
3398.14
2875.89
3745.14
2554.95
7733.31
4660.12
4924.88
4965.65
2682.81
2537.74
2060.01
2612.48
2435.42
2165.52
2235.19
2045.4
2758.04
4393.84
3052.82
2445.68
1775.5
3848.36
3160.53
3414.66
2369.79
2497.64
2650.82
2496.73
2547.76
3057.3
3765.4
4275.43
3268.71
3024.26
1581.62
1856.39
2558.92
1884.99
3058.72
2562.35
10548.4
2878.7
1992.41
2792.94
1714.52
3752.97
1670.44
1800.05
4546.44
2163.97
2134.68
3973.97
2133.59
2675.38
3283.85
2391.37
2981.61
4774.17
3320.64
1900.88
2819.88
2919.66
1956.87
2461.45
4164.21
1965.78
1962.1
3828.95
3085.67
3441.5
1269.37
2496.32
2381.28
2476.09
2202.74
1992.29
2971.57
1875.13
1802.37
2019.05
1480.62
2253.88
2362.75
4136.84
1729.91
3298.32
2998.22
2283.73
1486.28
1671.94
2136.7
1457.22
2244.23
2305.71
1627.49
1644.87
3834.72
2510.42
1460.57
1946.63
1579.01
3553.55
2755.34
2196.86
1293.85
2738.31
2757.21
2829.38
3697.94
1681.28
3401.02
1772.46
3083.38
2158.99
2494.33
4266.47
2407.53
2476.36
2612.5
2827.83
2573.1
1736.76
1717.44
2479.73
1742.7
7565.54
1750.69
1877.16
1480.1
1583.55
2457.81
1770.65
2060.93
2100.28
1837.81
2871.8
2097.81
2727.36
1595.38
3172.02
2279.29
2628.39
1878.08
2695.33
2203.62
3241.79
1720.76
2399.09
2199.71
2119.84
1990.5
3150.5
2947.24
4051.83
3618.08
1714.75
6565.3
2056.99
4592.32
4835.29
1990.11
3852
3736.18
2517.02
3212.32
2290.64
2263.27
2824.58
1697.22
1694.58
2758.23
1658.2
1505.31
4358.41
2357.74
2987.35
2125.34
3564.62
1947.61
3067.68
2987.47
2739.32
3149.99
2964.67
3717.44
5342.83
3355.45
5544.98
2023.02
2464.3
2361.55
1874.92
3234.11
3466.19
1632.66
2289.4
1956.43
3303.23
2796.21
2889.95
2115.08
1974.26
4490.46
1702.86
2455.59
2787.63
5770.59
3593.54
2187.67
3504.91
1443.13
1681.32
1830.3
1516.23
1998.89
3754.05
4698.18
6482.44
2542.4
1824.52
2384.56
3889.03
3623.3
6405.95
1702.53
2445.48
2015.7
3273.51
2608.22
1682.83
2156.15
2111.96
2321.74
2732.32
1892.36
2007.87
2327.67
4955.33
2637.31
3494.53
3189.39
2028.87
1729.45
2035.78
2109.2
3571.85
2751.72
4372.33
2072.45
2051.89
4028.6
2186.42
2150.1
4063.55
1684.17
1840.85
3113.15
2284.87
3283.65
2239.98
1877.15
2819.73
4740.75
3370.74
2791.91
2287.83
2201.24
1636.85
4371.73
1547.41
2851.54
2216.31
4610.49
3432.18
1513.43
1842.7
7145.49
1829.31
1779.24
2374.35
2033.05
2822.35
1989.57
1895.72
6725.58
2020.98
2904.6
2441.76
2061.01
3029.69
2687.08
1713.87
2393.24
2698.12
2582.34
2020.33
2259.49
2335.8
1825.13
1609.57
1892.85
3253.53
2383.18
11431
2233.18
2834.89
2217.26
4639.77
1891.61
5065.6
2666.55
1989.99
2202.43
3407.13
2343.54
1721.93
1957.97
2292.29
3279.45
3285.15
2587.54
3924.27
2831.68
1784.12
1454.22
2091.06
2240.94
3911.74
2648.95
2820.45
1992.27
2044.16
1945.65
1263.45
2515.8
1977.47
4456.61
1842.68
2503.14
1817.58
1971.25
5382.01
2046.85
1876.55
8032.55
1749.86
5041.41
6377.35
1632.38
2282.74
3854.96
6315.38
3602.97
4110.7
2493.1
1892.17
2343.35
2888.38
2902.29
2832.08
2124.07
1926.82
2388.86
3978.71
1969.87
2857.79
4330.05
1532.16
6324.55
2194.27
9485.92
3263.5
2515.67
3085.45
2305.68
1996.76
2526.12
2562.89
2206.95
3246.47
1383.18
3521.02
1708.83
1673.78
2774.5
4695.78
1852.79
2994.48
3844.52
2649.76
2066.7
2103.31
1599.92
2641.83
1889.47
3312.37
2908.46
2936.73
2103.62
3312.2
2510.21
1534.19
2095.9
1952.05
2830.96
5002.73
1707
2227.7
7903.55
2381.51
4233.84
2238.28
2920.93
3359.46
2299.06
2220.97
2453.34
2285.83
2659.63
2128.03
2002.51
2707.93
2872.63
3876.91
3460.02
2535.24
4396.56
2591.84
2211.39
3086.73
2888.62
3171.09
3298.78
2497
2611.37
2441.46
1967.71
2751.9
2000.2
1685.08
1742.17
1613.77
4560.98
2505.14
8281.01
1790.98
2408.28
2254.41
4709.81
1603.9
2726.82
1982.12
3077.63
2923.36
1654.89
1804.4
3609.65
2652.91
2843.58
2446.94
2040.19
2166.58
3493.45
3762.07
2377.2
2143.03
6109.79
3822.92
2062.59
5277.62
1862.97
1501.81
2200.94
1504.28
2835.32
2328.69
2630.99
2554.13
2177.42
1808.21
2629.09
4334.83
2939.36
2651.31
3521.21
4389.85
2142.23
2796.75
1839
4467.52
2286.68
1858.39
1678.46
1621.74
2149.74
2099.33
4417.18
4671.74
2507.59
2079.05
2011.97
3571.79
1455.57
2146.72
2270.14
2242.23
1562.45
2186.06
2752.11
2955.37
4279.43
1961.14
3007.5
2236.64
3126
2755.55
2075.33
1905.52
2148.56
1727.29
2133.38
2868.68
2928.95
3027.38
1708.85
3013.22
2131.97
1962.9
2013.41
3663.73
1879.45
7000.17
2971.83
2107.14
3258.31
4019.79
5044.19
1869.93
2630.18
2329.1
4338.16
3346.8
2797.2
1914.54
2011.27
2300.99
1372.63
2207.95
1811
3001.33
2123.62
2651.51
1989.65
1899.63
3441.71
2186.97
2537.9
2288.15
2201.53
1529.34
2811.12
2499.49
1634.26
4332.98
5497.87
3156.28
2459.03
2833.3
2317.91
3137.45
3611.15
1970.42
2763.46
2610.08
2290.44
2625.63
4058
2199.12
1990.6
8785.71
2517.5
1789.16
1718.79
2585.88
4269.37
2022.39
2076.12
3921.44
3846.15
1959.22
2878.51
1403.76
2846.91
1361.82
2783.71
2804.58
5061.34
2582.23
2568.13
1679.74
1628.85
5278.86
2813.63
2714.21
2464.11
2294.48
2598.03
2005.44
2426.6
2441.03
2855
2579.8
1431.1
2068.84
2202.55
2050.8
1929.19
2925.09
1876.98
3499.23
2709.47
1665.04
2526.07
2476.21
3252.17
1486.43
2871.16
3194.25
5772.4
2536.64
1907.64
4575.51
2307.77
2206.07
1951.43
1382.53
2070.15
5832.23
2865.95
3383.14
2330.57
2863.29
1569.28
3310.17
2619.04
6674.75
2137.9
2140.61
1536.8
2361.5
1822.14
2522.33
2015.3
2587.27
1820.26
1972.69
3176.02
2211.2
4228.65
3022.77
2671.29
2342.1
5225.54
2968.47
4124.74
3656.86
2628.44
1977.68
4206.61
2318.99
1604.18
4063.45
4400.75
1956.89
2836.59
1642.85
2807
3189.61
2141.72
1464.03
2258.96
3362.39
2031.49
2571.85
3122.47
3354.32
3256.39
3977.89
3509.84
1464
1581.42
5216.15
2723.69
1362.32
1933.75
2096.84
2400.35
4079.75
2203.21
1814.36
1669.52
3989.35
3967.1
2504.05
1720.05
7096.06
3092.49
3223.67
7339.48
2544.6
2192.1
4374.14
1862.35
1833.15
3157.75
2789.29
2567.21
1844.66
2126.09
2034.35
3312.08
4351.7
2168.27
1961.62
2480.17
3662.96
2106.97
2370.08
3290.33
2584.81
6458.73
1917.39
2081.94
5560.28
1458.41
2588.33
2803.23
2241.17
2154.87
2147.07
2786.27
3621.2
2226.97
2165.57
1532.3
3921.19
1674.29
2333.84
2844.75
2057.03
2399.46
2514.26
1424.23
1603.09
4007.86
3581.8
3210.21
4419.08
3468.77
6687.36
1942.7
2132.17
2353.32
1842.3
3677.08
2174.5
2909.98
2947.82
3307.07
2919.56
2099.76
2260.88
2572.3
2775.63
2779.38
1608.46
3340.76
3445.59
3745.21
3230.6
3286.51
1954.93
2568.84
5038.32
2545.28
2885.52
3826.24
2607.83
1735.39
2185.46
2009.05
2079.6
2898.11
4078.66
2352.27
1828.83
2386.88
1927.68
2365.5
3063.89
2223.05
2398.1
3607.82
1788.22
1847.87
2649.04
3151.81
1804.22
4123.9
2055.84
2288.74
1919.41
1944.7
2219.57
2104.19
1973.15
1881.95
4327.33
2872.7
2564.05
2240.64
1686.87
4205.94
2707.98
1572.5
3201.06
2507.9
2779.33
2562.14
1608.21
3042.25
3559.01
2635.43
2903.58
6071.42
3107.69
3386.14
2673.38
2587.72
3091.64
3372.99
2224.99
2256.91
2914.07
1934.1
1926.27
3635.05
2370.14
2833.16
3954.22
1385.97
1694.74
1516.14
4417.11
1455.64
3325.38
2140.72
2470.48
2520.79
2363.9
7032.42
2265.45
2574.34
2221.13
2370.02
1742.99
2513.92
2344.73
2278.01
3923.91
2405.04
1806.2
2751.11
2254.56
3700.28
2337.74
1848.56
3262.28
3142.95
3086.4
2858.47
3411.92
2304.32
1829.54
1894.13
1935.79
1583.06
4560.5
2011.5
3297.96
1338.9
2257.75
1948.65
1621.18
2612.46
2578.73
2544.18
4188.72
2599.11
2904.51
2870.37
1632.14
2280.95
2106.96
2066.72
2245.02
2425.92
3128.68
2295.37
1337.6
1982.7
3688.19
4903.68
1644.29
2979.21
3013.69
2337.55
1560.77
1926.56
2378.69
2563.58
3064.99
2425.85
3105.17
3765.69
1634.38
2662.81
1880.56
1659.82
1875.61
1930.18
2970.39
3143.48
1528.8
2057.97
2649.48
3159.01
3735.23
2686.76
1596.11
1718.04
3262.19
2518.93
1797.1
3273.95
1841.38
1949.65
3702.19
2114.82
1782.53
2948.52
2604.61
2138.98
5585.39
2849.37
1399.68
2353.77
3566
2817.33
2441.11
2486.7
1838.93
2236.21
1769.32
3022.22
2085.5
1769.39
2123.12
3097.22
2102.92
2442.39
2378.78
2272.47
2586.83
7427.8
3666.54
2825.69
3941.76
2181.39
2316.71
2989.19
2045.83
3100.09
3084.58
4320.64
2160.26
1852.21
2547.57
2624.32
2203.58
2881.02
3000.32
1860.37
2606.47
2016.01
2477.25
1495.05
4236.21
1670.28
2329.44
2630.85
1410.66
2615.26
2570.68
3956.5
1458.44
1730.59
2849.68
1628.58
2638.6
4866.91
4224.72
2476.57
2986.82
1923.96
2210.49
2245.67
2372.6
1690.08
1969.93
3355.22
10585.6
1797.28
2858.46
1461.91
3859.93
2024.57
5078.23
2551.35
1989.4
1793.11
3289.27
1917.2
2221.51
1952.45
2689.58
2141.09
2239.59
3082.72
2169.29
1964.59
2280.4
3012.92
2200.04
3321.58
2173.59
1513.02
2140.53
2162.75
1681.2
2457.16
2298.04
5609.22
3057.56
1704.33
4650
2864.58
2126.07
3839.94
2437.29
2071.28
2314.09
2574.47
2835.37
3281.11
2560.42
2738.78
5509.7
1982.79
1339.47
5803.13
2388.42
1916.3
5106.36
1790.42
3330.62
3257.96
2614.02
2597.47
1903.13
3460.38
4160.26
2768.11
4674.36
3811.58
4132.1
2229.54
3515.66
7038.09
1866.83
3032.34
1760.12
2709.47
2653.61
1946.79
2848.24
1308.65
3119.62
2398.52
2549.98
2240.37
2019.03
2474.97
4951.19
1562.03
1850.51
1977.45
3074.21
2192.1
2347.29
3324.69
1359.37
1841.92
1850.74
2497.19
1711.46
2718.15
2097.78
2055.53
3074.1
1917.6
5062.95
4944.39
2770.5
1936.86
3658.65
1685.07
4990.95
3178.91
2736.9
1959.01
3316.98
1420.44
2641.86
1719.97
5072.44
1699.36
2805.47
2537.91
1921.48
2258.38
1608.72
2054.7
3448.81
5911.4
5161.58
1925.87
1804.25
3324.55
2005.43
5858.7
2017.58
2067.69
1890.54
5297.51
4334.13
2656.68
2262.64
3859.64
1822.46
2147.14
2198.16
2696.68
2646.72
1647.79
3150.86
2677.55
2558
3518.5
2186.42
1904.64
2616.6
1843.31
2254.46
2495.8
3071.56
2498.91
2686.57
2293.97
1673.95
2882.74
4117.14
3846.33
1573.1
1578.32
2377.25
3316.44
3124.65
1880.87
2735.22
1895.32
1743.36
2324.15
1910.88
1358.78
2608
2312.31
2222.73
1739.39
1878.35
7085.94
2045.99
1680.2
4126.24
2485.55
2082.2
2302.07
1954.42
2376.74
2349.19
2070.74
2121.27
1778.35
3966.64
3527.26
2142.89
5131.24
2277.27
4258.23
4264.55
1989.55
1925.39
2381.09
1734.01
2416.37
3615
2185.06
2531.67
4597.32
2882.99
1838.2
2142.69
2684.97
1933.35
3320.56
2190.47
1894.54
2628.99
3917.63
2574.51
2507.21
1392.78
1822.83
1665.99
2420.02
2669.27
2487.39
2145.07
1957.51
4628.24
2437.79
3508.19
3155.25
2097.9
2676.5
3999.62
3549.3
4724.34
2704.86
6084.1
3579.67
3934.56
2664.09
2785.57
2629.73
2817.45
1773.45
2060.38
1671.06
3600.75
1815.11
2893.38
1710.12
1705.32
2526.88
3525.46
3003.65
2252.38
2200.61
1920.28
2996
3529.94
1936.18
1680.77
3029.59
2518.49
5933.6
3108.33
3177.43
1694.97
2149.06
2450.12
2088.68
3328.82
2209.43
3994.84
2384.27
2053.46
3272.12
2159.93
1943.83
2597.61
2672.58
2795.21
2208.57
4097.48
2295.93
2133.54
2449.29
2074.64
3423.43
1676.88
3105.52
3197.35
4363.93
2456.98
3360.27
2661.27
2224.29
2784.11
1896.87
1937.14
1655.36
2314.09
2950.02
3194.07
1624.67
1890.67
1575.8
1595.13
1849.32
6270.39
2293.77
4529.03
3367.39
2974.03
2220.68
3380.64
5169.78
3231.12
1988.16
2824.72
2677.51
2412.88
2265.41
2203.23
7503.29
4196.31
1341.67
3474.83
2991.66
2334.88
2213.03
3700.51
3580.25
3035.36
2549.63
2521.1
2479.08
2799.03
2125.08
3529.38
1923.89
2873.57
2177.79
2349.29
1660.82
3464.09
2465.07
3577.87
2634.59
1909.22
3915.72
2496.78
3206.87
4968.43
2386.69
2935.75
3113
1976.4
3010.42
1864.97
2826.21
2359.35
2438.92
2871.34
2365.57
3641.93
2103.37
1720.59
2507.26
3435
4249.27
2870.78
7202.52
1721.13
3443.28
2861.28
1519.58
1952.11
3371.76
2040.32
3217.6
1482.13
3245.66
2647.03
1769.75
3426.26
3099.28
3867.38
4114.23
2846.95
4253.02
6354.58
2117.91
5500.46
1982.9
3439.19
3343.37
1981.95
2244.9
2568.19
3538.12
1953.11
2945.62
3323.39
3256.19
5429.82
3932.7
2059.59
2528.26
2941.82
7676.79
2315.17
2006.58
2072.88
2188.8
2264.09
1686.17
2447.56
2094.18
1660.36
4027.29
3643.36
3076.69
9407.99
1999.49
5247.31
1475.79
6843.17
1124.15
1407.09
3005.85
3638.1
2709.52
3077.57
2020.94
2209.91
2240.88
2240.39
1932.45
2186.23
1511.54
3914.55
1875.26
2894.01
3074.24
2068.93
2820.27
2993.38
2941.32
4024.07
1586.56
2138.82
1805.41
1829.36
2051.99
1890.87
2020.24
2108.46
3066.21
2182.84
2875.87
2315.01
2106.21
3307.79
3087.8
4046.03
4498.63
1375.97
4426.64
2081.58
3111.75
1454.04
2259.42
2723.49
9139.47
1620.84
1731.21
1784.82
3997.24
2576.12
2349.91
3007.64
2914.48
2340.32
2631.36
6072.66
2486.54
1764.89
2585.02
1770.97
1981.26
2148.28
2633.38
2592.6
1937
2560.63
3557.03
2279.46
2417.48
2174.92
1811.02
4596
2236.9
1665.94
2684.78
3288.2
2217.78
2684.47
2235.25
1976.17
2431.64
2060.08
2719.68
2274.82
3298.77
2570.2
4093.23
3728.09
3159.39
3307.33
1559.04
1890.87
2778.89
2043.22
1734.94
3073.01
2313.86
2414.14
3854.35
1909.11
2521.76
4099.6
2168.89
2796.01
1618.31
2113.18
3725.35
3057.51
3863.73
3670.92
3585.24
3004.01
3306.47
2674.11
2235.47
2214.64
2470.53
2348.79
3411.22
2003.31
5808.81
2497.38
1977.26
1589.42
2196.62
2766.48
2627.24
1909.74
3846.38
2046.86
3575.37
1680.92
1950.07
4321.57
2248.71
2076.11
4764.13
1323.61
2575.79
2794.05
2327.13
2202.64
1845.45
2939.45
1592.13
1760.99
1574.59
1867.73
3472.08
2234.1
2533.04
1561.42
4477.63
2140.79
1928.42
4313.29
2908.95
1700.22
3602.8
2549.47
1866.26
2783.29
2147.07
2128.24
4535.62
1947.86
2942.19
4903.72
4328.12
2084.69
2349.37
1631.97
2572.04
2206.39
2605.4
3129.49
2108.45
3070.98
3570.95
4943.87
2184.66
3501.4
3157.31
2706.36
2481.67
1896.19
3890.76
2576.56
2818.17
2418.89
3166.23
2241.8
3998.84
3940.02
3075.3
2751.06
1553.97
3470.39
2457.35
1682.82
1600.34
2315.74
4342.37
2311.78
1697.69
2268.41
1935.66
3102.29
2779.86
2728.51
2336.29
2377
2539.48
2946.51
2196.77
1966.33
2472.78
1852.34
1712.69
2834.61
2088.14
2626.28
1914.16
2501.42
3103.17
5968.35
1726.44
3499.65
3294.54
3316.01
2444.06
2532.65
2583.19
3964.75
3430.86
3614.5
2411.26
2079.19
2983.21
2384.12
2298.23
1907.39
1573.21
1336.56
2781.71
1909.97
4188.31
3414.38
2474.34
1954.82
2969.52
1455.04
2631.57
2488.18
7662.57
2040.18
6694.67
2531.35
1809.2
1902.4
2886.83
3439.91
6222.29
1897.22
3472.01
2054.16
3016.04
2712.73
2007.46
2031.16
4353.63
2671.17
1456.77
1991.84
2120.85
3509.32
2821.14
2041.88
2353.85
3652.28
3372.2
2261.4
4503.07
4957.82
2947.68
4059.71
1617.69
2148.63
3073.44
2533.46
1921.4
2796.56
6520.36
2193.74
3147.58
2868.35
1563.02
3779.92
2366.77
3528.13
1914.01
2586.57
2827.13
3570.35
1984.31
1407.48
4235.09
4191.47
2062.31
2590.65
3713.55
2619.63
3731.95
2829.12
2078.01
3593.63
3303.68
2767.76
3169.56
1787.66
1855.03
1880.01
2333.89
2311.74
3686.42
4969.37
1393.4
1672.8
3813.03
1800.26
2237.54
3148.51
1822.35
4206.46
2539.83
3228.01
2371.48
2307.22
1610.11
1740.07
2029.34
3458
2273.24
1935.14
3044.62
3749.93
3816.99
3699.57
1723.84
6847.08
1867.14
3082.26
6008.58
2849.99
3364.96
2045.41
2477.13
1752.13
2298.44
2295.4
1252.81
2403.39
2175.22
1960.43
1365.77
2076.91
3008.48
2727.74
2916.43
3569
2427.63
2363.41
2105.78
1794.3
2464.82
3073
1537.82
2491.73
1927.28
3189.41
2934.39
2899.46
2739.92
2299.91
1968.28
2806.01
2537.55
1939.84
1942.04
2152.56
2392.37
3170.44
1655.92
1866.5
2080.88
2126.28
3323.19
2381.53
1532.19
5088.2
2786.43
2471.61
2292.75
3466.31
4535.62
2397.53
3201.98
2081.39
6612.48
1534.78
2713.85
1528.95
3034.58
1719.62
3234.58
4761.96
3075.22
1712.01
3908.64
2206.55
2094.62
2149.84
2627.92
3034.83
1876.67
1923.14
2131.17
1950.84
1492.19
1934.8
1445.28
2463.58
3060.85
2656.7
1680.11
2689.32
4212.76
3898.58
2389.56
2465.8
2339.3
1821.52
1711.49
1230.8
3218.22
2242.85
1785.27
2378.63
3425.37
1859.27
1950.56
2078.28
2812.32
2935.39
3410.33
4264.58
2748.06
2217.89
3126.9
2311.38
3742.33
1822.58
2519.12
2774.67
2098.68
2127.08
2117.46
3301.44
3765.81
3397.24
3025.79
1385.52
2895.42
2789.41
1883.26
1431.16
3966.37
3330.62
2732.32
5730.16
2524.47
3902.95
1813.8
2364.06
2916.29
1430.54
1990.57
3701.05
4815.45
3080.38
2535.74
3841.85
2382.63
3816.4
3231.19
3482.15
2874.92
3974.08
3372.9
2126.41
3082.7
1451.23
3881.5
2141.22
2396.82
2114.83
4100.15
2252.89
2513.24
2808.13
2415.85
2664.59
3508.31
3237.63
3645.12
2787.04
1976.36
2061.26
1992.99
1944.05
1935.88
3490.82
2223.55
1927.79
1970.14
3745.37
1734.48
2560.58
2563.52
1778.95
7651.01
2657.15
2090.05
1673.69
2286.06
1783.49
2884.23
3493
2364.61
4899.43
2282.5
2538.15
1919.51
2893.47
2397.44
3549.33
1342.34
2698.1
2492.5
1811.22
3486.6
2563.65
5035.4
2075.62
1588.97
5075.77
6250.07
5164.01
2305.05
2186.46
1641.5
1770.39
3738.04
2938.44
2902.21
1602.87
1897.76
1978.39
1842.64
3106.22
3315.53
4257.84
2782.29
2236.37
2909.31
1978.36
2758.78
1981.37
2102.82
3115.07
2526.94
2373.63
3803.4
2234.85
5131.9
2636.07
2386.53
1422.5
2582.05
3745.17
2463.41
1535.85
2010.77
1590.85
1762.26
3166.51
2146.01
2097.3
2211.86
5800.45
2725.15
3434.17
2788.66
2339.97
2986.37
2727.7
2333.56
2331.63
3227.04
3329.13
3866.27
2177.93
4228.11
2951.37
1886.63
4782.54
2568.94
1905.33
2061.99
2133.45
2273.43
2687.01
2694.45
2132.27
2313.8
6723.77
4579.63
3763.15
2297.49
2326.68
2099.7
2486.19
1931.35
2276.59
2146.41
3723.32
4679.77
2799.04
5741.25
1440.6
3816.43
1768.12
2544.25
2826.94
2928.56
3394.17
2166.78
2928.71
2192.25
2575.27
1630.57
2952.97
1957.85
2320.13
2013.06
2333.82
2233.5
2178.14
2436.51
5575.95
2343.86
2209.15
2726.54
2621.73
2728.06
2200.95
3741.05
2879.54
3008.89
3703.13
2039.95
3185.85
4236.91
3002.77
3447.37
1463.43
2396.49
1921.22
1793.87
2322.7
5115.74
3811.88
2297.22
4000.89
2170.21
2443.39
2204.99
1856.65
3206.95
2249.46
4386.03
2934.46
1956.08
3038.04
8116.56
5937.35
1948.79
2646.5
2497.19
2660.45
3017.06
3035.92
3000.09
2703.98
1538.46
1471.38
1761.03
2319.79
3067.3
1838.35
2629.12
3793.82
1959.22
2301.24
1775.28
3277.7
7875.65
2822.3
3579.3
1623.02
2071.96
2819.33
2364.66
2474.66
2385.78
1974.21
1755.46
5853.77
2883.76
3565.83
4167.48
2378.36
2251.04
2447.42
2130.16
2065.76
2058.56
3047.55
5182.61
4096.56
2256.43
5278.64
2553.08
2745.77
2031.26
1652.5
3668.06
4182.11
1537.11
4971.15
4836.07
3177.2
2313.29
1769.22
2134.17
5877.5
1937.66
4917.56
3294.31
3212.75
2798.26
2080.52
1630.88
4992.1
2089.56
2294.85
1947.48
5947.94
2291.87
6131.24
3229.85
1409.09
2403.2
1507.6
4089.47
4394.24
2443.95
3033.91
2355.63
3471.21
2599.1
2840.43
3826.42
1809.19
2588.52
2216.74
3416.58
2035.37
1523.36
2123.47
1468.78
3108.24
2259.96
1507.09
3868
4797.5
3979.53
3226.99
2272.05
3667.64
4336.21
4109.63
2427.67
3882.76
1771.73
2286.12
3702.3
2376.69
2461.93
4916.4
1873.26
3932.44
1915.67
1677.22
3003.36
2713.35
2247.55
1804.66
2894.22
2683.15
2058.42
4237.84
1876.73
2861.19
2865.71
2024.72
2652.44
3694.87
2856.6
1983.55
1147.95
4054.13
2045.85
4193.14
2836.61
4674.5
1660.16
1615.41
3425.58
3039.55
2204.06
1762.09
2017.48
4591.79
2848.93
2153.14
2881.76
4281.36
1972.4
2890.09
2193.25
5365.42
2402.99
4501.55
2460.64
2842.1
2526.1
1883.25
3228.14
2768.43
2374.22
2183.45
1845.92
1852.64
1738.74
3195.12
2166.26
1487.39
6115.32
2605.06
2527.43
1408.03
3478.94
1714.03
2790.19
5252.34
2283.17
2416.43
2340.36
1622.46
3027.22
1819.24
2371.88
4571.33
1962.95
1857.54
2607.81
2170.18
2408.97
3703.63
1837.49
1674.62
2229.64
3643.37
3594.57
3131.74
2425.64
4108.56
1955.08
2020.88
1597.87
2608.2
2263.91
2409.07
4778.71
2098.78
2934.23
2530.99
3566.78
1787.64
2653.23
3733.76
2355.08
2292.76
1956.17
3641.87
2111.11
2514.76
2052.45
2126.52
3761.84
2225.55
3932.75
3619.07
2014.41
2334.95
2175.49
1995.06
6619.6
1828.85
2411.28
2177.79
1938.73
7660.65
2575.21
2648.81
1719.61
1814.21
2106.63
2213.81
2246.54
4077.27
3178.96
2272.09
3403.9
2526.48
2270.47
2661.99
2111.73
3497.34
3881.04
3738.2
1998.77
3404.8
2406.43
2876.54
1595.69
2172.77
2950.3
3261.76
4391.26
1715.43
2625.79
4021.26
2797.54
3146.29
2991.03
2360.66
5198.93
2764.72
1703.63
2093.97
2601.71
2348.05
2956.81
1434.43
2857.17
2936.68
2500.07
4316.56
1961.02
2345.02
2399.12
2473.96
3604.22
2403.18
1882.96
1588.23
2991.3
9213.01
2551.03
2066.79
2029
3341.84
4232.13
1595.44
5577.39
3700.2
1994.55
3857.89
1819.29
1981.36
1745.08
1179.81
2391.45
1462.33
1729.56
2478.67
1779.33
2132.31
3661.65
1758.72
2763.95
2779.7
2094.46
5033.52
2796.7
2161.59
2892.32
2988.66
2860.62
3105
3471.84
2193.03
1443.58
2086.2
2555.23
4382.35
1634.75
2370.76
2292.06
3117.47
2477.33
1825.2
2626.47
2493.95
3101.87
3039.62
2024.03
1967.4
1984.21
2561.27
1367.71
3754.05
2616.48
8367.07
2256.17
2462.64
2017.52
2397.26
2590.92
2474.34
4211.68
3561.11
6720.07
1905.6
2232.31
2427.67
1670.21
2207.71
2886.76
2173.89
1750.29
3625.54
1864.24
3272.79
2038.56
2106.35
1520.54
2752.55
2258.79
3784.06
3144.77
1963.69
3635.34
1707.52
2040.61
3161.31
2320.42
2206.12
2773.71
1848.55
1699.94
1787
1983.6
3800.95
3076.19
2471.27
1915.82
1833.59
1929.93
1891.79
11794.1
3497.53
2392.97
2096.03
4827.83
2321.49
1770.49
2563.14
3209.24
2053.1
1466.03
2643.82
3245.91
2457.39
2076.32
2706.22
3370.27
2865.07
2160.72
3582.06
2460.57
1955.79
1896.46
2083.3
4048.88
2510.81
2428.57
1774.19
3823.11
3177.51
2414.53
1662.29
2721.78
2582.27
2663.76
1988.86
1550.69
2229.44
2760.69
1804.48
1890.12
1945.27
2995.44
4685.67
2276.81
5225.68
4176.37
3557.79
2618.91
4062.59
2094.41
3527.14
4234.4
1465.08
3366.01
1900.66
3881.04
3137.68
5982.75
3069.09
2278.59
1978.75
1950.77
3553.56
2182
2172.61
2835.98
3757.34
3214.99
2518.63
1715.5
2209.65
2677.63
3210.41
1507.97
3412.49
3813.89
2052.28
2488.75
1594.26
2206.78
1959.41
1916.41
1470.02
2386.64
2040.13
1678.92
1317.11
2837.1
5531.52
2338.12
3909.08
3345.84
2354.08
2121.63
1794.62
2248.4
2108.66
3258.17
2746.13
2467.31
4165.04
2315.49
2744.43
1581.25
2811.67
1803.77
4666.07
1922.07
1938.23
2178.15
1523.77
2639.54
2675.54
2217
1980.68
3156.01
1851.85
3166.24
1573.03
2593.28
1793.3
2412.04
3291.47
4262.72
2765.02
2977.94
3162.07
1954.35
1838.93
2327.75
2659.39
4040.18
2825.06
1792.64
3146.7
3002.39
2547.73
2063.78
1591.66
5408.51
1882.8
2095.52
3129.64
4978.32
2626.81
1529.36
1317.08
2668.71
1799.75
2640.36
1359.07
3815.65
3578.47
2911.46
6153.04
2286.55
2315.5
3129.52
2284.44
3690.3
2177.31
2001.91
2295.53
2154.41
2100.3
2594.88
2068.46
4327.13
2077.41
2522.68
2359.41
2151.63
3214.73
1945.2
3984.5
1733.88
1761.6
3326.36
3095.42
2118.85
2594.28
2834.7
2225.26
1208.73
1818.8
3754.08
4983.91
5901.35
2978.85
2440.62
2022.03
1804.26
2682.09
3502.09
2769.12
2326.96
2197.05
1756.19
1868.35
2848.64
2075.13
4600.44
2198.73
5182.34
1541.4
1809.02
3583.05
3735.72
2231.51
2458.02
4742.46
1591.7
1657.44
1680.95
3473.73
1730.04
2709.52
3025.75
4026.06
2906.71
2096.01
1243.77
2508.43
3041.17
4080.5
2109.36
2302.46
2200.61
2860.76
1919.52
2302.7
3663.92
1675.99
2332.06
3686.26
1800.85
1990.49
4448.1
1788.34
2262.36
1743.28
1614.93
2517.51
2763.07
3924.8
2931.34
3816.97
2400.42
3764.55
1858.12
1792.32
2539.47
2749.65
3647.91
2458.32
2451.13
1618
2499.35
3001
2084.11
3303.93
1931.89
2710.46
2045.16
3142.41
1971.07
1988.68
2570.13
2003.43
2699.73
2192.96
1989.59
4422.12
2688.34
5141.55
2826.52
2023.95
1660.33
4139.97
2916.25
2738.25
2345.66
2888.85
2431.66
2373.88
4027.75
1786.01
4157.07
4422.99
1670.16
1763.55
2475.51
3384.06
2503.75
2997.77
2192.87
1672.61
2320.86
3306.73
2069.71
4700.72
1807.53
2460.07
2491.32
2028.49
3063.89
1849.87
1996.11
2033.95
3075.94
4008.91
3482.08
1831.1
2267.57
2285.83
3829.97
1902.43
3128.14
2383.68
2110.85
3683.32
2625.86
2720.69
2494.88
4467.88
1436.3
3623.13
2716.96
1509.2
2554.82
3458.63
1824.34
3315.11
2582.16
2271.48
2804.05
1956.39
1774.52
2358.44
1911.52
2280.09
4969.52
3972.97
5962.7
1414.12
3422.52
2433.88
1982.76
1757.8
1456.48
2903.22
2147.01
2614.92
2799.78
2522.63
2055.24
2368.79
2281.69
1927.42
1889.06
5114.56
2083.77
3306.53
2426.53
1748.25
2557.69
3470.4
2026.92
2364.66
2725.33
1708.02
2914.93
1907.16
1855.77
4037.45
2275.56
1691.37
1505.18
2589.44
2243.66
2069.93
2277.14
2391.79
2916.67
3201.71
2895.83
1602.33
3221.3
4062.09
1744.97
1908.34
2819.13
2205.43
2490.8
1158.18
4612.28
1638.82
6861.35
1626.29
4697.49
1639.42
2110.29
2977.33
2425.04
1602.82
2816.97
1624.44
3388.44
2743.91
1867.43
1874.1
4862.76
1959.07
2537.11
2439.87
2551.57
2446.14
2472.57
2065.48
3425.33
6256.54
2594.1
2202.35
2379.24
3413.33
1779.41
1946.29
1877.93
2078.74
3459.66
1725.24
1298.55
4483.86
2603.53
1830.15
3439.59
1515.41
1831.13
2480.43
1767.93
2908.78
1793.76
6023.19
1372.58
2825.29
1934.94
5486.75
2846.28
3835.54
3317.89
4211.12
1781.55
2404.82
2379.8
1545.06
4128.89
2071.45
2483.72
2495.05
4089.42
3066.55
2044.73
1676.72
1652.74
2726.3
2582.29
2314.21
1529.46
3883.41
3300.04
1971.61
1809.54
2232.54
2515.62
4279.61
1475.58
2105.41
1593.47
8266.9
2580.33
2099.8
1214.38
2597.33
2117.75
2124.81
2380.27
1866.59
3207.6
1683.34
2025.16
1835.08
1743.09
3107.26
2281.55
1827.1
2103.72
2123.91
2360.67
2943.88
1888.88
1875.75
2555.67
4097.62
2862.92
2099.32
1981.51
2085.72
2336.89
2437.22
1740.85
2212.23
3146.51
2094.49
2740.63
1892.86
3378.75
3050
1992.74
2324.15
5847.26
2388.32
4078.47
1441.3
1825.8
1446.11
2426.18
2389.68
4453.34
2044.67
1955.05
2353.09
1833.79
2119.63
2129.82
2130.74
3274.01
4098.9
1673.06
2353.07
2594.91
2557.03
4663.59
1811.57
2540.46
10594.3
2691.66
2174.43
1453.19
2559.63
2023.01
1947.29
2041.36
2148.81
4055.62
1896.97
6337.87
3733.07
2660.64
2813.7
2555.8
2536.67
1781.92
1999.9
2020.32
2586.18
2338.32
2548.21
1847.65
2662
1949.89
4481
2723.77
3703.6
1942.67
2734.99
1971.99
1936.81
1965.15
4963.27
4291.14
2135.23
2877.05
1611.18
7059.56
1954.11
1941.82
2059.75
1639.19
2309.19
1943.03
5682.71
1816.66
2073.22
2885.36
2303.18
1361.74
3862.32
2181.38
1956.92
3466.76
3393.98
2717.65
1642.29
2027.24
2582.46
2274
3288.02
3407.18
2145.04
2126.89
3565.03
4517.77
2301.61
1491.33
3176.29
2294.5
1668.17
3015.27
3181.26
2180.3
1867.54
3857.42
4120.16
7539.51
3895.49
1996.16
5219.46
2086.9
2100.03
4540.07
1734.51
2732.4
2419.16
2219.29
3540.77
3437.93
4022.66
2517.03
1273.01
3992.42
3642.37
3447.2
4213.11
2006.32
2007.69
3589.09
1779.16
2902.44
1861.16
3683.08
3607.62
2367.84
1891.15
2809.46
4000.63
1855.6
1877.09
3959.76
2823.67
2277.77
2454.3
2305.41
2418.49
3187.93
3175.37
2113.13
3868.82
1968.71
2730.48
1925.12
1217.89
2935.45
2626.91
2717.74
2764.08
3206.74
2289.82
3254.44
1574.3
2154.32
2922.72
3611.25
3250.18
3820.31
2504.64
1466.11
3053.64
3102.84
1556.03
4005.91
2919.19
1561.04
1595.49
2082.2
1808.03
7681.13
3412.25
3324.69
2579.3
1837.93
3269.72
3525.22
2273.25
13318.5
1569.44
2523.28
2770.31
1484.33
8058.24
2184.82
1926.22
2330.15
2209.77
2724.23
3740.96
2502.41
1986.63
4510.31
2936.95
3081.41
1748.72
2002.42
2177.39
2825.72
1656.71
1942.5
4028.23
3635.7
3029.36
1893.21
4518.48
2349.91
1419.44
1908.89
1358.99
2105.76
2414.2
2078.28
2440.37
2497.6
3785.02
2212.46
3159.88
3182.49
1792.14
1147.65
2396.14
3594.69
2408.85
3381.83
3284.63
4391.27
2478.12
1881.5
1802.91
1786.42
2647.62
2923.61
1872.96
1546.72
3588.93
2011.03
2634.48
2104.34
2294.52
2182.74
2216.32
2315.17
3154.34
2211.8
2595.79
3021.87
3884.06
2581.74
2216.29
3304.46
2111.65
3367.66
2788.37
2234.63
2341.97
1376.63
1828.9
2650.89
1772.1
4929.23
2162.56
5777.49
3162.88
3911.6
1783.66
3056.38
1322.07
3440.56
2379.63
2383.42
2688.13
1788.19
1700.59
3105.98
2613.03
3229.92
2048.49
1967.5
3556.5
2406.3
1922.79
3324.15
1858.82
2516.46
2864.35
2775.98
2068.19
1738.97
2324.99
3243.75
3578.52
3049.07
2174.72
1901.86
2947.46
2412.77
2117.21
5811.12
2373.62
4481.53
1877.69
2475.53
2806.86
1941.72
2015.91
2085.06
4315.49
1692.16
2524.69
3356.78
3537.11
1785.88
1590.79
2798.6
2045.93
2368.25
2125.33
2683.84
3981.91
2269.77
6422.96
2103.43
1912.22
1834.93
2045.2
4442.72
1955.97
1785.86
2284.57
3088.17
1798.07
1922.71
2069.96
4121.51
2659.38
2130.97
2896.94
3709.25
2050.1
1749.88
1751.37
3149.6
1926.61
1814.49
3603.18
3605.32
6230.99
1755.65
1839.56
2193.89
2624.35
2109.18
1891.57
2567
3176.1
3116.53
3070.76
1890.69
1941.57
4720.96
2035.61
2045.33
2943.16
1635.29
3276.44
3463.3
4518.35
1639.47
2141.15
3503.46
2334.64
3955.29
2818.29
1678.51
3249.12
1974.91
1904.52
2021.61
1701.94
2075.15
3461.81
1779.53
1633.82
2275.67
2077.35
2158.63
3078.18
3027.7
4328.35
3470.29
2479.61
3705.21
2085.75
2721.76
2442.3
1539.06
3511.74
2948.85
2028.46
2397.97
1824.72
2152.02
2743.22
2588.4
4078.04
2743.6
2924.98
2109.89
3367.29
1921.55
2662.69
2621.93
3683.92
2926.16
2340.77
1704.85
2501.64
1554.57
2197.79
3114.41
1808.37
2662.01
2509.93
4245.22
1567.06
1640.55
2856.86
2354.65
3414.45
2133.54
4581.83
1543.62
4116.49
4308.39
3140.8
2194.76
2261.04
1708.41
3369.09
3934.56
1932.97
2586.46
2218.97
2572.23
1502.36
1561.13
7104.35
1605.95
3095.94
2097.14
3263.63
4037.23
5215.71
2646.43
1921.43
1838.46
1973.42
3211
2681.98
1887.27
2019.86
2688.42
2158.85
2090.23
2495.79
2822.42
2340.75
1793.01
2160.28
2122.68
2089.41
1818.79
1768.24
1617.93
1617.96
3675.25
2242.15
1591.15
1824.19
5457.68
2364.46
1783.89
1609.94
2833.44
1709.19
2768.24
2879.37
3328.42
1475.92
1948.13
2652.09
2126.36
2438.34
1935.88
4776.13
2717.93
3907.62
2165.83
1712.64
2666.27
2348.35
2184.61
2726.17
1919.4
4895.96
7877.2
4368.25
1738.32
2008.45
1961.69
3950.86
3690.85
3304.51
2905.79
3708.23
1923.04
3527.2
2161.44
2554.81
3501.53
2907.15
2561.47
1850.41
2682.97
2187.93
1749.17
1720.36
2554.64
2200.36
3374.33
1724.92
2829.13
2254.46
2324.69
2460.56
2533.38
3133.22
3307.51
3176.56
3108.05
2300.77
2099.48
1614.7
4253.03
2040.66
2596.3
2428.85
2403.03
3305.21
2821.77
1939.2
3604.88
3962.62
1960.31
4198.26
2322.38
2240.81
6834.41
2321.21
2091.35
2284.21
3117.06
3766.15
2210.68
3409.76
2995.91
2589.61
3436.8
3519.1
2651.65
3934.62
2484.66
2662.53
2245.45
3476.97
1647.56
2389.78
1969.05
1879.99
4925.03
2740.29
2252.49
1599.4
2679.28
3690.11
1920.89
1757.09
2545.69
1853.15
3254.72
3661.85
1918.2
2744.3
1785.56
2948.72
2860.54
1918.33
4712.11
2477.3
2070.9
2639.6
2198.36
1761.51
3368.25
2138.57
4150.57
2773.22
1761.76
2410.27
2799.09
2778.16
2972.97
6593.75
3867.41
1887.39
5701.85
5557.81
1674.32
2709.53
3662.94
2242.83
3120.05
1713.77
2661.34
2177.6
2135.04
1416.51
1787.05
2930.65
9078.97
3106.96
4517.63
2169.16
2345.38
2245.84
6159.85
2308.83
2646.03
2301.94
5084.74
1370.24
6280.6
2819.74
2051.94
2012.4
1664.01
2210.12
1756.04
1871.06
2700.09
2663.88
2272.88
4023.35
3537.26
2364.9
3420.29
2010.21
2419.96
3066.22
2959.61
1572.13
1618.8
2119.42
1939.91
2475.52
2267.11
2162.65
2179.13
4131.57
2965.58
2856.86
1749.72
2285.01
2691.66
1738.52
2581.9
1790.34
3448.07
2354.98
3181.01
2890.09
2175.39
2453.52
1902.1
2926.91
2975.88
2655.21
2981.53
2650.52
1928.46
3701.34
2493.12
2520.29
4167.81
2557.87
2139.06
1940.56
3816.31
1820.96
3126.01
2364.71
2914.48
2227.21
2579.82
2767.02
3501.03
1502.95
2172.73
2104.09
2100.24
2103.93
3589.55
2306.92
1711.37
1858.22
3631.25
1972.2
1537.51
2688.1
3359.83
2052.11
5575.15
1457.28
10214.4
2050.71
1824.63
1632.91
1923.31
3257.95
2219.04
1629.26
3147.42
2334.01
4463.51
4819.85
3418.31
1752.32
3693.64
1608.04
2617.18
2566.58
2690.09
2498.09
2317.02
1976.64
2342.06
3308.89
2952.29
2068.84
2413.73
2983.69
3409.98
2265.75
4756.69
2633.15
1766.52
2233.8
2417.66
2863.15
2642.51
3256.92
1858.42
3365.52
1893.72
2602.48
4558.31
3643.35
1982.49
2729.46
1828.48
1948.58
2790.85
2313.05
3769.05
2419.7
2474.86
1594.63
2859.12
3081.19
4347.64
1616.82
1946.58
1828.07
9604.44
2352.58
2934.9
1737.58
1877.95
3020.68
2613.75
7151.84
4198.87
2404.06
1491.12
2636.8
2516.51
3447.81
2218.62
2654.21
2108.46
2504.09
2341.72
1916.11
2470.94
2973.82
2651.37
2326.6
2922.79
2132.43
3153.08
2137.29
8431.88
2514.97
4016.47
4200.71
2550.4
2291.03
3198.38
1844.9
2058.38
2395.15
3321.54
1848.06
1581.81
1897.46
3299.52
2921.77
2059.47
2889
3054.47
6291.69
2348.13
1855.53
1702.31
2385.64
2450.24
1497.03
2137.8
2247.55
3767.1
2388.5
2917.63
2435.16
1497
2372.2
2105.43
2834.11
2092.15
2134.21
3884.71
1501.83
2523.35
2330.14
2316.31
2720.98
1914.78
2451.89
2223.97
3113.13
3267.8
2162.22
2507.97
2086.87
2298.32
1889.16
7978.82
1545.58
2780.19
3382.8
2317.23
1928.92
3195.49
1816.51
2001.01
2461.88
1727.65
3240.6
4686.37
1961.16
2004.71
3986.79
1648.68
1596.46
1821.92
3606.51
1623.19
2293.15
5932.84
1972.81
3833.83
7909.23
2071.41
2441.22
2715.49
4055.07
1741.65
2127.19
3460.89
1593.11
4820.29
1842.2
4165.09
1754.52
2208.05
1771.75
1800.28
4253.19
1843.15
1626.17
2084.04
3500.65
4037.35
2921.24
2454.78
1779.63
1810.74
2894.81
1736.29
3865.34
3188.29
3530.3
4027.73
4088.27
1845.89
3080.38
5104.94
3747.57
2424.2
2495.64
4314.32
1774.94
1603.36
2993.75
3742.5
5108.07
3372.03
3257.74
1989.84
3340.1
2116.24
2713.8
1566.5
1910.93
2114.86
2014.89
2645.82
2950.29
2068.69
3828.79
4145.3
2495.27
4358.84
2228.86
2498.34
3011.61
1870.95
2315.21
2696.33
2961.97
3728.55
3544.5
1458.88
1972.16
3603.84
2118.87
3743.53
2638.33
2082.61
2360.37
2338.76
1740.01
2010.05
1931.05
2107.23
2650.94
2059.51
3080.38
3416.46
2826.72
2422.25
2050.85
4395.28
2412.34
2264.81
2476.59
2680.89
3611.95
1682.51
2510.54
2843.03
2194.14
2425.89
2082.9
1787.41
2323.44
2965.28
2654.93
2095.86
2142.27
4035.7
2905.43
1987.31
2517.08
1790.87
2203.52
3331.08
2380.9
3799.25
1496.74
2446.6
2313.41
1934.12
1636.41
1554.55
1995.42
8629.45
9505.92
2664.05
1281.99
1869.82
2434.54
1748.98
2330.86
2878.14
9597.74
3899.07
2034.28
1928.33
2012.2
2608.85
2182.32
2766.19
2775.45
3336.82
4700.21
2869.93
2390.84
4819.56
1854.82
2002.98
2490.81
3482.29
2049.01
2583.71
1561.54
2535.18
1984.95
2163.93
2763.57
2005.82
3147.69
2137.74
4220.3
2060.16
4080.5
3366.02
3086.69
2325.04
4017.47
2484.1
2442.52
2523.51
4111.72
1807.7
1329.92
3093.44
2506.68
2412.82
1426.8
3248.63
1861.43
2232.93
2649.18
2506.39
6299.05
2235.76
2242.99
1783.73
3431.07
1801.53
2072.83
1963.46
1691.33
4446.46
1846.04
3130.73
1490.28
3042.12
2380.75
2482.36
2009.29
2457.72
1957.02
2201.19
2038.25
1854.14
2311.84
2088.03
2170.52
1798.77
2591.6
4833.49
3764.24
3335.57
1647.35
2492.49
2210.32
2567.44
2663.25
4283.91
1867.95
2678.63
4935.16
1577.38
2351.96
3782.34
1691.41
3109.75
1906.03
2367.21
4088.61
3159.34
2061.68
6501.48
1959.17
1925.69
2308.99
4093.63
1918.61
1852.42
3132.26
4405.28
2063.73
1777.41
2726.39
1561.29
3106.89
2268.3
1439.58
3659.54
2255.55
2536.92
3656.33
1835.74
2704.16
1757.48
3264.25
1831.44
3201.87
1700.3
5320.65
1983.2
1997.04
3367.34
3406.99
1915.8
3579.38
3333.93
2204.7
2634.03
1932.69
2057.31
3494.94
1557.15
1753.65
3832.25
1724.67
4452.51
4764.48
2707.37
2046.71
1924.18
2398.59
1294.53
2749.62
2332.9
3539.2
1713.89
1866.14
2608.86
2840.26
2727.52
3730.45
3043.96
5428
3589.98
1447.96
3449.26
3235.73
2619
2847.12
1726.05
3887.24
2652.53
1997.28
5616.72
2286.67
1906.5
1894.02
2273.29
2003.97
1902.02
2851.31
2944.08
1902.7
2397.34
2578.29
2120.94
2411.17
1514.34
1854.36
4013.31
1795.59
2394.5
2105.02
2325.95
3691.26
2000.48
2410.12
2980.61
2186.49
1941.65
2814.07
3138.08
2668.62
2343.76
1399.59
4479.79
4139.77
2216.26
3270.49
3623.98
2016.87
2169.13
2943.2
2324.95
2807.4
1511.37
2432.23
2442.03
2018.78
3036.69
4137.51
2116.22
7882.69
2337.78
3305.34
1715.2
2194.91
5142.54
2739.76
3661.95
2488.32
3088.9
2140.15
1434.54
2690.89
5376.86
2461.19
1911.78
2505.37
4264.27
1814.22
3679.02
2562.89
2650.02
4755.05
2731.42
1465.76
7292.81
3495.28
2467.2
2231.06
1793.95
1836.09
5527.5
2040.12
1482.98
1742.76
2439.45
2663.45
2135.1
2659.58
2057.7
3273.95
2122.24
1564.74
1362.09
1958.8
1621.07
2025.06
2715.81
1853.45
3653.13
2602.03
2876.11
1510.61
3129
2361.69
3034.79
2149.38
4121.39
3599.33
1422.82
2611.12
2393.12
2170.67
3027.05
2249.79
1593.58
2533.04
1663.85
2127.98
1804.51
3074.56
2638.84
4239.58
3166.81
5203.95
1617.03
1658.42
2663.08
3721.43
2494.45
1983.92
3977.93
3168
2040.09
3854.53
1843.25
3053.49
2113.29
4893.9
2113.84
2210.77
2428.53
5308.66
1383.28
3626.39
2536.15
1422.83
1699.94
4901.29
5798.08
2404.32
4162.8
2991.97
2170.11
5466.04
2060.88
3337.77
2295.27
1965.91
1799.17
1841.46
6714.19
2602.57
2849.42
2613.73
3574.98
4070.32
4082.99
4784.12
4188.09
1994.31
3288.46
3039.45
2673.41
4573.53
1738.8
2693.34
2311.41
1733.92
2359.56
2651.54
1622.11
3825.14
2927.13
3650.85
3196.1
2658.76
1776.72
2036.78
2812.34
1756.95
4666.63
3949.59
2988.74
2310.27
9334.02
3094.95
3821.02
2599.61
2587.82
1941.24
1891.45
1597.89
2486.59
2332.87
2073.66
1644.27
1996.19
1492.91
2158.34
1885.73
4709.25
2218.32
2318.97
4374.24
6485.71
2114.26
2812.07
2763.07
1941.9
3148.59
2901.92
3505.93
1659.26
2330.85
3180.63
3557.99
2505.96
1545.81
2108.63
1710.03
1985.66
1905.69
4666.98
2429.49
2338.87
1709.73
1715.11
1966.81
2589.6
1460.83
2247.96
1807.4
1888.29
4153.6
1823.44
2250.17
4312.98
2232.29
2765.31
1291.89
1743.99
5580.14
1771.55
3186.53
2284.47
2021.88
3041.44
3237.35
1426.7
2846.57
2085.77
3680.06
2897.64
4000.22
1578.38
3010.89
2780.53
4431.43
2071.25
2228.34
2874.81
3100.07
2937.62
3305.81
2717.26
2594.4
4231.64
2365.25
3276.83
2486.73
1902.6
2978.39
3695.78
7081.66
1352.64
1969.37
3874.31
2662.24
1653.63
2969.05
1957.87
8259.08
2733.9
2700.89
1991.92
1947.27
4915.65
3308.58
1478.3
2888.11
2005.32
1467.15
4784.26
2055.65
2353.34
2160.51
2569.09
1923.25
1963.07
3716.95
2338.52
5514.41
5186.03
3866.67
4137.3
1833.93
4747.04
3301.23
2664.87
2378.48
2338.01
3338.22
2430.71
1549
2597.45
1964.36
3128.52
1731.99
2218.93
2658.24
2477.79
2280.14
3637.83
1912.27
2662.41
2283.44
1906.73
2535.58
1916.46
2367.05
2253.2
2237.86
3435.02
1771.19
2291.8
3350.72
2043.27
3099.87
1785.78
1879.56
2346.58
1878.91
3483.07
2114.14
3016.26
4385.4
9751.05
3080.14
7567.94
2271.99
5988.94
1630.72
1998
1813.13
1678.48
1808.72
3796.85
2572.06
2893.88
2676.35
1968.77
1350.75
3183.76
2235.06
3978.02
4843.47
1960.83
1711.23
2853.9
3567.1
3653.96
2342.76
2784.16
2911.91
4393.16
2375.22
2185.28
2445.16
3921.06
1759.38
2021.36
6236.66
1789.39
2223.32
3006.99
1648.83
2473.82
1714.25
1537.16
4269.76
4515.06
2750.36
4058.49
2995.48
1912.8
2228.55
2095.52
4601.5
2815.82
2820.42
2343.57
4055.98
5960.95
3439.51
3226.73
2087.1
1810.06
1760.13
1658.51
2291.11
1829.68
1996.28
3808.35
1908.36
1502.75
2102.09
1514.52
3660.53
1985.47
4147.8
2546.3
4612.56
1793.3
3273.82
1695.19
3253.61
2978.88
3125.57
5133.58
3298.44
2352.32
2916.48
6391.82
2888.47
1820.86
2027.01
2605.03
1929.81
2630.55
3269.77
2073.18
3730.35
2052.33
2132.33
3584.86
2604.05
1506.37
2641.3
2446.96
1697.3
3129.43
1932.89
5832.01
2633.37
4066.15
6675.37
1845.66
3114.32
2741.73
2514.26
3895.64
2856.6
2543.99
2591.15
2005.36
2089.5
1946.17
2555.56
1630.56
1649.61
1549.52
2702.86
3661.44
3753.29
2128.54
5589.33
1729.88
1675.1
2853.76
2365.31
1887
2853.24
2599.94
2427.6
2652.08
1728.44
4082.93
4002.28
3836.55
4311.07
2102.21
2119.8
3314.66
2265.44
1307.5
3284.68
6643.65
3943.73
3723.6
2549.49
3363.5
4666.58
1879.12
2764.99
1497.25
2429.76
5284.69
1995.24
4063.7
1700.47
3304.92
1546.18
3782.62
2373.9
2807.12
2495.67
2069.71
4098.69
2237.02
2824.26
3172.14
2103.43
4605.67
3701.75
2505.4
3535.69
1603.34
3572.48
2126.99
3855.28
10420.4
1807.85
7752.79
1855.34
1407.77
3895.52
1637.51
3509.78
2685.2
1515.08
3939.57
2110.47
2378.18
1565.6
1879.68
3852.94
3121
2468.44
2420.98
2887.65
1923.16
2315.55
2743.43
4691.84
2024.42
1905.73
2424.52
1921.78
3189.71
5082.33
2708.28
5462.28
3283.57
2360.89
3334.32
1557.34
2995.39
1686.18
3248.1
4280.92
1804.29
1864.51
4829.38
2938.74
2405.04
1731.3
2022.58
4520.82
1727.73
2714.59
2193.05
4329.59
4875.51
2361.83
2936.35
2255.18
2411.84
2770.14
3908.76
2093.66
2367.33
2003.37
2373.08
1937.88
2364.39
1567.16
1833.15
3440.09
2075.16
2362.79
3193.47
2072.84
1748.41
2753.12
1861.5
2964.35
1888.73
2460.46
1985.21
2914.71
2265.96
2612.29
2353.97
2014.74
2190.96
2805.3
2580.25
1707.07
1826.2
1946.73
1842.35
2584.35
2929.25
2921.17
2998.17
1971.09
3005.78
2016.44
2674.49
3742.93
3648.67
2021.13
3651.03
1443.23
1321.13
1598.5
3395.85
2604.23
2032.11
2871.77
4206.7
1458.16
1777.07
1684.01
1881.34
3595.07
2320.7
2420.88
2120.65
1762.22
3110.86
7645.5
2723.98
1957.54
2212.93
4066.97
2724.77
1956.17
3924.88
1712.36
5013.68
1916.51
1947.59
2589.22
3083.65
3660.07
1778.12
2417.17
2259.12
2214.84
2443.95
2154.89
2726.94
3887.98
1731.72
4834.76
2162.94
1904.12
2130.44
2042.51
2911.94
2153.9
2834.25
2137.83
4420.07
2051.87
1107.98
1562.18
2331.18
2682.77
2334.04
4651.4
2686.35
3264.46
2075.05
3420.2
2546.34
2107.89
2782.16
3711.44
3526.05
2357.6
2723.96
1933.46
1685.33
2079.44
3217.9
3126.91
3554.82
3783.65
3301.62
4329.9
6139.68
2072.39
3094.98
1993.2
9017.94
2470.7
6777.12
2798.64
3401.57
2225.98
1693.2
2265.74
2640.25
3808.9
3356.23
6628.76
1809.16
2351.72
3555.71
2733.28
2158.41
2018.39
1826.39
3883.28
1561.22
1432.25
3194.58
2760.86
1874.12
4675.55
2017.24
3831.92
3032.02
1975.41
1925.66
2897.68
3629.58
3427.34
2081.63
3250.85
2804.11
2769.48
1489.07
2877.52
3447.66
2603.35
2365.89
4729.93
2139.93
2051.77
1919.65
2072.14
2735.03
1725.82
2782.44
2293.42
2917.96
1883.52
2982.12
4107.46
2015.63
2705.15
4142.48
1205.36
4344.12
3795.97
1735.81
3568.74
2224.22
2998.76
2203.85
3546.06
3072.01
2824.45
2834.53
3562.56
3611.73
2442.31
2115.96
1905.61
1952.23
3154.75
3531.11
2086.36
1652.57
3657
2724.08
1648.08
2560.04
1651.22
2397.3
7395.16
1791.49
3008.46
1416.33
2198.98
4422.49
1961.26
1515.26
1654.19
1850.11
2039.99
3603.96
1883.5
3894.31
2900.26
1770.06
1850.66
2763.5
3069.66
2490.01
2993.23
1854.7
2632.4
3677.12
2717.63
2601.9
3331.57
2012.55
1907.78
1723.3
5130.67
3265.48
1824.85
3417.51
2087.26
1997
1743.99
2518.12
7544.8
2079.06
2580.72
3727.23
2780.18
2108.42
2177.76
1614.2
2612.95
1673.15
4138.22
2320.02
3225.27
4180.22
2237.76
4410.82
2223.84
2597.71
1494.2
1852.14
2211.22
2788.01
1651.23
2831.73
2296.95
3301.75
2341.47
2049.08
2416.27
8827.99
1896.76
3736.76
5064
2693.96
4177.81
7112.33
1928.51
2756.62
3328.11
1917.5
2685.52
1545.14
3149.68
2004.86
1577.16
4688.33
2562.71
2861.97
2296.2
2964.08
1899.82
2119.22
3365.64
2671.54
2473.11
2745.69
2433.29
2042.39
1753.71
2692.56
4533.22
2259.17
2092.2
2499.93
4128.85
2651.86
1898.11
2289.24
3331.71
2775.34
2422.34
2288.56
5216.08
3154.92
3272.79
9395.11
1661.33
1823.16
1737.07
2733.94
2191.48
1995.42
3522.16
1809.29
1886.89
1849.07
5612.99
1665.39
2384.37
1456.18
2326.21
2963.76
3268.74
2628.02
4713.77
2484.06
2067.84
2087.89
3008.79
2197.14
2932.44
1685.3
1719.97
2869.73
2741.37
1986.35
2186.05
1879.74
1434.24
2688.74
1931.5
3879.77
1630.8
2302.52
1871.71
2125.12
2361.91
2233.65
3078.28
3023.73
2029.92
2792.93
2718.12
1776.78
1640.42
4427.5
2919.43
1486.44
2440.02
1802.91
1964.87
1791.58
1888.57
2963.93
4339.46
1697.93
1329.97
2502.25
1314.59
3280.76
3525.59
2307.46
2600.72
1985.35
1764.05
3450.46
12234.9
2691.46
1780.72
3333.25
1773.63
1306.16
3082.86
2720.24
2582.74
4128.13
1803.51
1520.02
1704.49
2490.19
1928.08
2446.04
3236.34
2282.57
3017.59
3106.14
2560.23
3571.03
1923.02
2595.62
1528.04
4348.83
2694.39
2287.23
2139.66
4065.84
1378.62
2477.53
2105.86
3105.27
3097.31
1782.45
4925.68
1914.43
3804.54
1841.88
2801.64
3393.21
1729.26
1743.13
1351.12
4462.47
2715.69
3211.83
2329.59
2654.81
2717.09
3425.47
4776.42
1878.2
2725.58
2544.34
1954.07
3137.8
2389.08
4529.23
2552.7
2375.3
1714.1
2779.98
1925.56
5936.62
4239.28
2874.22
3572.33
2754.75
3189.42
2390
3013.02
2468.61
2233.37
3247.66
2498.76
1837.8
4893.48
2603.55
7284.41
2831.68
4085.38
1901.52
2344.76
2761.26
2477.11
3186.6
2335.56
3339.15
2317.37
2253.37
2052.35
4680.42
4252.98
2497.09
2941.1
4213.05
2338.42
2989.25
3520.03
4126.59
6987.61
2976.49
3272.84
2081.4
1693.95
3293.77
3005.26
2345.84
2364.11
3669.14
2620.07
1914.13
2008.2
4417.9
2926.55
2293.11
3999.76
2941.79
2590.84
2155.16
2171.32
2061.83
2362.31
1292.12
1995.12
2438.5
2260.72
1924.28
2545.37
2912.5
2607.85
4391.82
2599.86
1734.65
4984.64
2787.29
2395.94
4632.66
2409.29
2539.6
4129.89
2514.93
3293.61
1538.96
9462.71
1755.64
1527.42
1874.63
2966.15
1815.27
3663.54
4689.13
2933.11
2024.98
2090.99
5131.04
1770.78
2174.82
2532.05
2949.39
2179.2
5360.05
2559.18
3129.69
3626.95
3544.12
1934.86
1794.7
2421.9
2534.89
3916
1931.02
2981.39
3869.36
5023.11
1527.03
2020.83
3021.01
2091.9
4805.09
1769.88
2356.99
2042.48
2362.15
2121.86
2203.67
2460.04
3113.51
2305.77
2242.57
3549.25
1716.24
1824.98
2660.89
2191.89
3044.81
1795.35
1702.05
1931.88
2214.87
2863.98
2620.9
1922.81
2913.8
1678.38
1880.52
3483.95
4566.13
1698.89
4844.23
2267.4
3157.88
4116.06
3429.87
2636.77
4196.84
3123.46
4416.18
4236.22
2807.06
3723.67
2363.25
2537.07
7708.31
7757.04
2997.82
2970.21
2915.41
4521.39
2224.2
1851.38
3012.87
1942.41
2487.68
1876.73
2744.21
9997.47
2251.1
1695.05
3070.88
4938.17
2185.52
2477.87
1857.5
2181.07
3233.74
1988.52
2333.95
2630.16
2969.76
2897.76
1529.38
3234.32
2020.78
1910.24
2307.22
1955.15
1795.24
2103.98
2063.22
3684.79
1292.99
3002.83
4251.74
1621.89
3630.78
1847.73
2312.72
3938.11
1766.72
2299.47
1977.71
1950.55
1788.71
1946.35
2721.56
2765.55
1719.7
1712.28
1595.42
2575.31
5530.15
3803.25
3057.32
2823.79
1505.23
2671.35
1250.41
2009.34
1703.91
1938.97
3626.65
2434.67
2472.67
2119.74
2568.56
6276.39
3130.35
2092.87
5534.16
6235.95
2145.45
2803.01
1455.01
1593.44
2030.65
2719.17
6142.8
2891.94
2491.79
4840.45
2326.23
1642.23
2291.53
3259.16
1947.08
3343.69
2358.33
4119.44
4326.69
3569.16
2202.34
3502.75
3266.51
3655.61
3755
2617.34
1881.81
4863.73
3582.04
2651.2
2896.56
5721.04
3265.9
4370.9
2837.31
2222.14
2419.78
3273.6
2802.35
4249.15
3157.96
5184.7
2269.63
1849.61
4438.95
2073.9
2158.58
1869.86
2030.61
3355.94
2474.27
2863.74
4530.37
3550.99
1588.48
2161.45
2232.15
1907.94
2674.31
3994.26
2170.03
1597.19
4119.69
2782.42
3520.24
3526.62
4035.57
3891.8
3392.82
3064.67
2101.92
2224.75
2749.56
2052.52
2678.08
2835.84
3072.03
2653.56
1842.03
5455.79
2746.53
2970.77
2675.16
6435.3
3861.5
2805.62
2148.42
2690.17
2291.7
2094
2729.5
1854.09
5205.76
1463.71
2938.02
3943.45
1915.64
1753.79
3057.38
2266.54
2685
3119.5
2698.05
3621.36
2218.54
5173.39
2730.69
2478.25
3546.42
3723.45
1272.88
3017.77
3201.97
2203.42
2882.77
2358.36
2376.12
4243.71
2051.59
5926.2
3499.99
2217.4
2185.1
1760.63
1678.51
2407.85
2124.53
2362.89
2179.48
1672.52
1781.21
4984.25
3541.95
1906.62
5019.55
3351.13
2398.77
3445.48
2068.41
2319.34
1699.41
3063.01
1377.77
2388.39
3001.08
1778.96
5586.61
5793.93
3707.07
2078.03
2206.33
2248.81
3296.55
3387.47
1471.26
3018.21
4273.77
2890.83
2141.31
3358.68
2213.12
2657.26
2535.43
1695.47
4177.57
3425.84
4181.91
5741.88
3670.99
1909.54
2622.51
3553.16
2047.1
1858.67
2828.81
1497.89
2731.45
1877.86
2170.93
4734.01
5021.72
2417.62
4916.63
2736.88
4488.09
3216.57
2938.88
3918.55
2040.84
2386.98
5871.27
2335.23
2230.19
2948.42
2234.29
3254.06
7355.84
1803.76
2846.67
2172.71
5568.2
1857.14
2409.45
5777.14
3933.13
4714.6
1806.89
2031.31
4407.05
3719.5
1242.35
1835.23
3300.44
1625.32
2781.34
2271.02
3025.99
3439.48
2027.08
3008.49
1500.11
3028.08
6031.44
2900
2492.56
2217.26
1971.56
2513.59
2562.78
3107.97
1754.69
2992.02
4127.1
1850.17
1697.93
2419.29
2441.04
2770.23
1966.93
2982
3009.78
2086.18
1691.95
2235.22
2302.27
1817.78
3969.78
3614.8
2069.33
1667.17
2019.59
2529.32
1940.63
3046.93
4088.79
3041.33
4949.99
2457.56
2080.96
2427.17
3715.45
1487.6
2211.13
2540
1660.43
2878.78
3190.42
1854.98
1887.83
2308.98
1520.52
2414.07
2222.02
1928.99
3762.04
1608.71
4032.44
2921.66
3197.22
1985.06
1755.31
5276.27
2733.14
2118.38
2685.69
4210.47
2978.02
1959.72
2038.17
2710.3
2347.68
2779.77
2271.13
1973.53
2121.26
1880.16
3040.71
1816.82
1799.98
2635.75
3788.95
3874.84
2209.13
3899.51
2113.24
1789.31
2004.48
2392.49
2606.03
2709.13
2261.73
2090.03
1299.67
2060.74
2254.61
2707.69
2792.5
1918.44
5700.95
3472.85
1629.02
3590.35
1801.65
3472.97
2016.18
1885.89
1860.71
2737.1
2144.81
3147.72
2004.85
2370.67
2812.61
2663.49
2225.21
3287.58
4544.06
2808.31
3707.7
5496.18
1300.26
2175.39
1993.23
8518.4
4483.51
4224.99
2979.99
2781.42
1661.9
1659.22
2939.33
3637.57
2360.08
2218.19
2215.76
2136.87
1407.48
5090.7
2511.32
3285.03
3827.75
1599.05
3176.41
1847.56
2161.29
2623.95
2646.79
1443.57
2376.36
1498.86
3111.33
2012.18
3336.4
2612.87
2139.1
1850.08
2609.62
2476.79
1873.81
1871.87
2260.98
1662.17
2458.82
2136.24
2073.98
1465.88
2586.29
4272.58
2546.46
3918.62
1848.94
3256.75
1938.48
3700.79
2074.75
2092.75
2745.23
1261.9
2925.7
2083.3
4218.78
1925.6
2346.03
2280.17
2718.98
2482.36
2394.02
1932.19
3505.27
1997.45
3470.88
1783.47
3266.87
2270.24
2968.73
2125.19
2128.06
3874.72
3339.46
1655.3
3354.21
5527.43
1304.18
2164.14
3313.59
1985.45
3161.45
3287.27
2335.31
1641.3
1919.31
2717.73
2869.91
3670.5
2642.99
2750.55
3820.01
1709.87
2675.33
1431.14
2168.38
4345.04
3651.97
2837.43
2544.12
1982.79
5007.42
3518.14
3076.93
2660.79
2208.54
2502.1
2264.34
1572.47
1990.62
3041.55
2875.61
2107.81
2305.29
2279.63
3134.36
4848.36
4418.8
2974.11
2986.24
2782.8
1932.09
2705.51
3665.12
2231.72
3438.6
4211.12
2154.4
2029.07
3601.28
1807.63
2651.65
2597.25
2301.18
4538.47
3089.54
3167.3
1751.87
3988.35
3420.63
2005.01
1546.49
2194.94
2477.78
2714.17
2158.62
3311.89
2059.32
3077.48
2700.14
2948.86
2596.47
2646.14
3169.38
3387.13
2181.46
1950.37
2123.87
2261.17
2897.46
1786.05
2180.02
1788.82
2197.2
2139.78
2367.73
2788.89
1946.72
2149.24
2424.3
2988.63
2149.85
2222.73
3043.67
2610.06
1778.04
1775.25
2796.04
2009.48
2868.35
1847.87
1701.19
2333.21
4766.68
3297.52
4875.01
4903.78
2036.66
1868.46
1985.63
2106.74
1582.18
3642.84
7742.1
1934.27
2596.31
1544.15
1907.05
1970.34
7619.15
2674.51
1603.38
2763.82
2126.12
2260.51
2650.19
4745.19
2383.02
2132.27
2062.35
2115.51
3375.74
3127.69
2018.69
3813.55
2913.17
1533.12
6013.46
3285.53
2544.97
1813.24
2406.55
3014.03
2383.03
2899.46
2108.5
3499.67
2184.51
2746.14
2172.42
1882.84
2539.91
2335.03
2985.91
2162.5
1943.06
2574.32
2690.63
1843.56
2077.93
1944.88
4287.51
3126.49
2389.73
2427.49
1881.07
2414.94
2180.34
1718.9
1796.46
4268.12
3300.08
2326.36
2461.45
1747.96
5567.76
2831.1
1983.76
1976.28
2425.77
2614.66
2952.09
2727.18
3810.45
2217.27
2513.01
1908.71
2358.63
2818.45
4471.29
2859.53
1794.66
2835.88
1662.36
3229.39
2611.61
1919.23
2050.61
2715.51
2963.26
3273.66
2046.18
2636.34
2231.73
5893.78
3457.29
3123.49
2429.15
3335.03
1864
3222.23
2458.52
2470.04
3187.13
3312.99
4182.92
3224.07
1880.31
1968.74
1511.21
2624.18
2694.49
4472.38
1787.74
1930.01
2453.2
2170.46
1981.51
2469.18
2011.39
2123.98
5735.28
1662.92
2348.61
4108.48
2133.8
2150.51
3547.17
1815.45
3091.01
5324.34
2231.21
2000.12
2483.8
2144.74
3602.46
1928.38
5476.4
1410.32
2279.81
6713.6
1799.18
1682.5
2887.98
2342.91
2708.34
2296.48
3183.32
2184.44
3959.06
2226.9
2233.94
2524.45
2968.93
4626.2
1874.78
2411.31
1833.1
5674.65
3443.42
1784.08
1580.29
2127.54
1677.17
3187.37
2849.32
4433.65
3428.59
2331.87
2119.29
2286.55
3024.71
1838.92
3721.51
2624.97
3911.01
2597.04
2330.2
1866.52
1707.71
4417.94
4478.86
3422.18
3081.47
2808.1
3508.37
1978.62
2074.08
3457.36
3862.41
5450.26
1854.47
3052.58
3212.43
6566.97
6190.07
3465.47
2622.64
2254.71
3664.82
1799.29
1992.71
2203.9
2480.54
1512.06
2058.07
4669.26
2444.77
2289.32
2708.37
2685.77
2211.32
1985.42
2974.91
2151.01
3568.5
3279.01
1948.16
3906.64
2019.15
1731.53
2107.52
2626.75
2278.47
2419.36
2714.77
2674.91
1278.04
2702.71
1799.8
3243.78
2424.81
4377.36
3217.5
1784.29
2668.13
1566.04
1757.73
1997.3
3209.98
2772.76
3588.59
2197.03
4052.26
2326.46
3032.69
2197.97
2079.29
2537.5
2057.46
2493.23
2168.52
2264.77
1871.17
2889.45
1988.27
1574.97
3847.41
1890.17
2479.18
2949.4
2718.44
2493.37
2783.88
2111.04
5128.77
3129.45
2530.96
2855.31
2135.4
3095.34
2887.93
2537.4
2640.14
1783.46
3786.54
1924.61
4916.24
2341.13
3174.93
3481.92
2437.58
1761.03
2243.32
4709.17
1929.21
4520.54
1691.02
2144.22
2659
4123.08
1869.15
2057.21
2371.16
1711.05
1336.01
3101.65
3545.91
1657.28
1934.81
1813.9
2460.81
3318.05
2696.86
2430.81
2277.05
1640.64
2976.97
2675.97
1447.33
3813.92
2566.86
9481.37
2984.59
2508.93
1977.61
2215.95
1976.37
2986.8
1619.6
1661.11
2923.57
3022.23
1861.17
3312.79
2551.82
3969.03
1751.73
2129.31
1963.6
3322.47
2802.37
4023.27
1936.59
2165.88
2440.42
4536.25
1345.95
2780.53
2769.52
2275.15
2348.91
2360.75
1425.39
3214.99
2221.63
2184.73
2801.2
2448.25
3043.01
9489.9
1837.98
2248.07
2980.23
2262.56
2233.81
3544.93
2854.27
1759.38
1899.88
2004.9
7150.25
2956.71
1796.68
1786.43
1900.63
1864.52
2206.14
2840.87
1940.86
2088.84
2263.82
2806.37
1819.11
2769.13
1826.05
1917.17
1620.61
1817.97
2405.29
2059.58
2171.11
2485.79
2322.9
1751.76
2971.94
2483.26
2217.84
2705.42
2473.7
2736.38
3625.19
2759.33
2542.72
3056.44
4227.66
1704.2
2165.7
2262.56
2278.29
1627.68
1492.73
6896.98
1645.2
2346.48
2720.54
3220.48
2195.23
2596.28
1831.06
3460.76
1657.79
2804.65
2326.59
3981.48
2703.35
1620.7
2852.35
1844.6
2211.12
2329.69
2779.79
2972.66
2507.1
2363.47
5904.24
2166.5
2292.62
1755.03
1661.6
3323.8
3429.05
3079.79
3529.98
2916.47
2627.47
2958.27
4065.13
1594.16
3685.1
1886.12
4531.26
3479.47
3599.77
3338.7
2195.54
4375.27
2056.47
1644.42
2702.18
1249.14
2050.82
1291.4
2844.08
2022.22
1786.73
2211.97
3282.34
2811.48
1587.96
3403.25
2789.43
2630.97
2505.27
2256.36
2080.44
2347.27
3769.09
2336.42
4218.85
4925.21
5428.79
2269.71
2853.52
2812.81
2558.28
2121.06
1664.13
3804.66
2614.9
4973.39
3349.96
4374
3719.81
4412
2235.85
1749.21
4229.5
1951.12
5256.43
6233.08
1759.37
2622.65
3316.22
1355.63
2556.76
1654.44
4204.07
3526.03
3624.95
2339.62
2600.08
2268.75
2776.58
2457.2
1414.5
1933.52
2399.11
1617.66
1991.41
3443.6
2115.23
1707.9
3212.25
3458.72
3248.28
2081.46
1991.97
2490.86
2410.09
4393.37
2821.48
3041.85
1993.93
2335.41
2331.78
5419.24
2575.33
2122.12
1874.3
2447.68
1976.49
3112.62
2516.95
3199.55
2774.58
4213.64
2074.79
1952.64
4532.16
4184.63
4493.97
2424.12
1318.5
4678.39
2807.62
2462.39
2142.75
2930.17
2440.63
2444.6
2411.29
4892.23
3598.07
3538.66
1958.28
2349.96
2676.86
2043.64
1914.11
2396.34
2689.14
2372.1
2465.33
3419.38
2855.04
1487.18
3099.26
2023.43
1583.34
1834.58
2213.71
2811.15
1886.82
1950.39
3693.71
2152.19
2188.33
2864.2
2120
2388.69
1793.83
2217.42
2354.36
2547.47
2649.81
3501.37
1789.03
3932.69
4080.31
1527.43
2411.19
3352.94
2371.04
1761.27
3240.51
2009.5
2841.26
2802.97
3851.52
1861.08
3411.44
1871.57
2178.33
2496.1
2382.99
2948.71
1677.65
3000.58
1648.94
2792.91
4265.25
2400.58
2980.17
1558.28
1795.91
2448.4
3640.83
2284.82
5637.26
2265.66
2969.43
5008.66
2874.96
1509.31
1868.14
1939.19
3056.74
1884.63
1547.31
4873.92
4878.47
1667.78
2525.3
2287.89
3965.06
2013.5
2477.88
1619.5
2438.15
2100.7
2599.81
1679.61
3219.26
2129.13
2372.49
2401.9
2625.37
2013.85
2005.29
2017.37
3092.59
3655.26
2234.57
3147.56
5496.98
2863.1
2151.93
1633.54
3240.42
1723.8
2351.33
2265.33
3323.9
2025.14
2822.01
1989.4
2629.68
2209.95
2058.47
2993.74
2794.26
2218.36
3807.51
1546.26
2068.1
2142.03
5084.3
5732.57
2559.59
2761.35
2613.44
2246.66
2260.6
3179.43
2589.87
1692.53
3105.65
2442.27
2156.65
2257.33
3244.72
2887.09
3247.12
2732.32
2918.92
2655.09
4212.15
4428.12
2355.58
1979.17
2883.37
1922.64
2209.37
2705.22
2768.78
1426.87
2464.39
2555.65
3278.39
1654.56
2548.19
2246.92
1750.71
2352.43
4845.25
1619.41
2044.74
2021.72
4290.97
1990.17
2461.47
1792.11
1581.11
1986.05
1834.96
4227.17
2056.56
2196.25
2163.61
1897.97
2415.92
2310.58
3440.41
1539.28
1591.22
2057.19
2461.86
1715.34
1726.05
2713.87
3324.91
2145.54
3462.98
2281.48
2901.91
3111.24
4139.2
2267.81
2381.39
3164.41
2088.16
2173
1950.04
2222.92
2481.99
2718.21
3861.31
1835.21
2752.54
2485.15
1510.71
3050.55
4130.82
2122.03
2273.81
1488.71
12087.3
2271.58
2154.24
2495.17
2469.5
4085.52
1826.48
2152.17
2465.12
1863.58
2087.08
3380.32
2155.51
1295.91
1940.12
2302.7
1626.79
4117.42
1677.73
2932.53
1703.55
5612.13
2465.66
2399.73
2688.43
3411.72
2418.25
4574.8
1423.27
2722.49
6574.79
2109.71
3806.88
4655.38
1613.13
2370.95
2307.27
2737.98
2968.42
2759.9
2547.25
2501.41
2343
2374.3
2115.52
2309.5
3719.63
2146.56
3092.9
5287.92
2170.06
2188.83
3083.69
4443
2915.41
2186.86
2165.41
2331.33
2670.72
1772.27
2977.04
1527.78
1933.83
2268.2
1692.64
1594.04
3218.37
1689.89
2928.67
2282.63
2566.12
2434.11
5294.81
2640.86
2171.9
1551.42
2526.39
2514.33
3319.7
2293.38
3321.57
1950.94
2654.8
1736.67
1866.47
3573.87
2112.8
1837.89
3992.24
4511.13
1814.74
1920.31
1277.82
4120.18
1952.99
2462.18
2471.77
1850.86
3297.46
2226.91
3590.54
6678.23
2425.76
4060.91
2578.56
3111.93
4913.32
2906.88
3138.12
3831.9
3510.21
1621.66
1860.48
2376.65
3085.46
1497.33
2123.08
3038.15
2944.64
3883.42
2481.24
2224.2
3591
2039.21
2153.58
4920
1863.5
2403.23
4071.02
1530.74
2774.23
4275.87
2170.55
6305.82
3698.32
2037.47
4099.64
4312.48
4781.95
2653.95
1605.14
2138.11
1878.36
2688.35
1596.85
2114
2413.02
3803.8
2382.6
2995.29
2935.87
1863.43
1728.18
1564.9
1584.72
3003.3
3175.03
2696.09
2511.69
2030.6
1824.14
2434.56
1776.67
2289.04
4584.31
1660.38
1852.43
2123
2408.16
2032.07
2634.82
2548.28
2414.33
2717.71
1116.54
3506.51
4730.76
1991.13
1548.2
2496.74
4247.67
2315.96
1953.77
2351.12
2106.46
2465.98
4657.75
2364.19
2978.09
3696.46
2565.38
1804.06
2114.6
1858.06
4745.29
3983.54
3694.42
2664.05
1513.27
9042.78
1609.87
2572.04
2310.44
1435.44
1788.4
2272.87
2131.34
2763.67
2846.51
3135.58
3373.93
2449.48
4804.37
3146.34
2959.95
1662.74
1463.91
3089.47
2017.74
6059.28
2571.91
1936.81
2746.58
3047.69
1917.81
1947.18
2841.12
2315.45
5026.92
3931.46
1779.67
2714.22
1732.05
2075.68
2929.78
1654.59
2638.78
1630.34
1999.93
2053.88
2233.3
2494.13
1975.06
3035.18
1519.93
3610.1
2129.57
2005.1
1785.93
2513.2
2301.73
2648.55
1989.69
1844.01
1913.14
1687.76
2786.61
2325.74
2924.62
2147.89
3712.22
3746.24
2531.97
2723.49
2293.43
2554.55
1986.06
3376.86
1719.94
3132.84
2619.76
2552.46
3955.07
3562.04
2461.9
2540.25
1659.82
1306.43
2761.18
1690.12
2626.08
4087.06
2513.6
2312.35
3413.39
2433.12
3357.64
8996.79
2699.89
1807.03
2413.45
1991.57
3331.56
1781.11
3099.82
2972.56
1639.16
1874.9
1692.69
1875.81
3754.88
6999.92
2581.23
1847.37
2535.94
2247.34
2341.81
2307.6
3339.84
2520
2598.79
2078.42
1923.44
2505.91
2424.85
2629.58
3545.86
2769.71
1636.28
2348.3
3898.99
1899.39
2280.85
1891.55
1735.12
1579.54
3254.74
1767.9
2263.15
2309.01
3381.48
1986.04
1703.67
5256.4
3384.55
2948.11
3620.12
1617.64
1709.13
1985.31
2062.08
1770.92
2404.78
1605.08
3787.85
1887.29
1717.36
4401.08
2989.44
3048.81
4289.2
1779.49
3428.53
2656.78
3942.43
2827.35
1977.34
2103.48
2011.53
10738.9
4300.38
2027.14
1619.2
1407.72
7555.92
5431.92
2814.79
1481.19
1553.25
2189.24
4930.65
2128.48
3429.86
4337.03
1797.95
5142.35
2598.76
2093.18
2245.1
2623.1
1869.86
2230.82
2522.87
2875.13
2930.6
3030
2098.55
2558.05
1646.53
1751.57
2768.46
2397.69
2997.28
2692.9
2542.69
2269.04
1811.34
2069.49
2258.72
1737.88
1764.29
2574.92
2192.38
2790.52
2184.36
2093.06
1742.81
3023.7
4164.76
2883.96
2712.66
3035.72
1816.12
2441.01
1290.81
2905.06
2228.25
3410.96
4660.02
1744.93
2715.06
1393.57
2177.57
4503.9
6371.1
2911.78
4172.41
2957.66
3017.37
2049.58
6286.15
2040.48
2914.87
2224.66
1608.85
3059.01
3443.92
2172.43
3911.56
2959.52
9800.22
2418.29
2365.47
3354.45
2593.68
4462.07
2181.41
2183.07
1847.5
2667.88
2313.32
2685.13
4976.78
2143.4
4815.53
2696.61
2416.5
1595.21
1740.66
1689.35
1966.86
1525.07
2576.45
2354.34
4186.63
2969.06
2038.16
3580.64
1532.31
2587.41
2690.94
1673.48
2681.37
2269.82
3043.21
3546.12
4023.99
2149.81
5939.31
2023.21
2804.98
2075.72
2372.86
1639.94
2702.1
2118.07
2460.21
1714.51
2832.53
3131.41
2667.74
2466.61
3157.59
3857.11
2305.25
3885.12
1635.07
3190.91
4096.18
1726.04
2564.91
3035.29
1502.31
2536.71
6595.34
5539.48
2405.01
2672.09
2610.18
2894.11
1613.15
1883.67
2852.84
2682.05
1326.86
3005.05
1937.9
1832.51
2916.63
2901.07
3446.48
2465.9
2739.87
1818.54
3035.44
2801.89
3136.14
2525.33
2351.22
1869.65
5211.59
1705.25
2389.2
2418.1
5397.49
3359.6
2531.52
3410.22
1558.5
2337.28
4678.93
1860.39
2396.28
2314.35
1935.71
1705.78
2361.37
2433.51
4587.79
1702.26
2773.01
1967.79
2140.26
4103.5
2184.68
3175.71
1701.17
2149.41
1660.59
2233.06
2992.26
2200.69
2945.98
2809.57
2261.06
4416.14
2067.02
1888.62
2184.51
2097.53
2231.18
1820.46
4415.99
5354.31
1708.82
2136.04
2419.99
3418.98
2443.29
3037.54
2094.26
2674.26
2654.01
3394.62
1673.68
2639.81
1648.86
1746.09
2440.11
3961.46
2373.49
1824.02
4442.66
1894.15
2286.61
2052.25
3368.74
2107.6
2223.18
3145.35
2588.5
3670.67
2479.83
3168.34
1212.85
2470.4
3157.67
1902.03
2234.47
1816.38
1988.99
2432.36
4080.55
3402.3
1797.68
2389.12
1974.83
3932.35
1707.33
2942.7
1665.06
2103.3
2350.92
3191.77
1682.81
2912.39
3233.7
2789.17
1897.41
2659.94
4432.4
3795.54
3787.16
1480.6
3775.17
2321.17
1901.14
4441.78
2355.71
2551.35
3774.85
2396.6
7017.93
1749.31
2448.95
1723.57
2587.5
2981.95
2924.75
1711.79
2099.84
4909.46
1840.79
2706.06
2549.9
2707.63
1257.09
2390.79
2166.78
1810.84
1802.13
2429.22
2168.43
2070.1
3157.15
5219.48
1379.86
6911.32
2128.82
2766.06
3175.43
2979.52
2214.66
1481.16
2890.2
3646.78
1636.2
2466.06
2653.1
3101.35
5786.34
2444.09
2424.17
3033.16
3672.85
3060.14
3293.47
1562.98
3558.67
1731.28
1934.75
2275.32
2532.78
2494.51
3744.62
1733.25
1994.8
3675.36
2923.55
4705.84
5300.7
5008.45
2770.92
1902.91
1666.5
2961.86
1589.23
4313.06
2494.36
3596.99
3526.04
3025.47
3185.04
19509.8
1700.17
3316.34
1995.73
3412.15
4982.82
2441.26
2561.67
1519.19
2005.39
2233.33
2059.72
3374.11
1134.17
7906.96
4246.7
3637.48
4490.14
1874.46
4319.45
2770.08
2836.4
1955.19
2712.78
1406.15
2243.94
2727.33
2689.19
2113.04
2215.85
4646.34
1545.2
2668.18
2070.87
2019.51
1834.73
1715.41
2114.05
4374.5
1716.74
2706.94
2072.68
1970.44
2713.23
1456.47
1749.34
2602.34
3523.71
3055.38
3538.58
2214.27
2894.65
5597.83
1594.96
1679.99
4010.29
2948.6
2326.08
1566.99
1611.4
2865.22
3157.32
2193.61
2924.02
2351.24
2862.55
1868.92
1331.85
3305.55
3905.47
3260.31
4292.34
2261.08
2377.64
3377.42
3093.03
4146.32
3053.97
2144.69
3993.21
3464
2432.88
2355.72
2011.98
2547.13
2163.85
1834.11
1942.02
1604.91
1753.78
3006.61
1820.59
2169.82
1921.52
3046.09
2511.92
3685.87
2527.83
3651.71
2312.94
2310.87
2461.2
1862.66
2144.36
1792.15
1993.75
3581.58
2782.23
3128.95
3009.69
3203.15
2021.87
4567.35
5187.58
1701.86
3753.98
1949.94
3153.18
1757.24
1914.94
1534.26
2774.09
1667.67
5027.53
2744.75
1447.59
3837.42
3472.5
2408.19
3261.43
2694.85
2945.36
2272.34
2199.37
2922.4
2103.39
2073.53
2901.81
3763.58
4055.97
2314.06
5137.15
3550.38
4084.8
2099.49
3629.1
1713.05
1617.03
3455.22
4032.73
2205.5
1822.65
2113.26
2713.63
4202.75
2831.11
2347.22
2163.66
1825.65
2099.34
1486.27
2798.35
2188.12
1932.28
3410.74
2419.5
2610.47
1241.72
3343.52
1603.7
2751.27
2220.89
2754.31
3596.44
1993.83
1972.07
2307.81
2380.25
1803.37
1928.42
3402.41
2903.84
2224.04
2259.29
5335.62
2091.99
1205.45
3789.52
1755.38
2750.34
4418.21
1799.52
1937.81
2410.87
3246.56
3182.37
1616.04
2290.47
2393.22
1648.14
2784.35
5622.18
1553.22
1984.64
2292.8
1935.07
4029.77
9442.28
3627.66
4315.62
1964.2
2655.87
2628.82
2940.36
4747.17
2028.48
2192.23
1578.67
8848.32
2527.73
2262.18
1443.13
2344.67
4215.26
3286.98
3019.86
2892.32
3436.86
1728.5
4431.54
3297.3
2380.98
3858.67
3675.08
11333.9
2711.58
1974.04
2703.42
3668.37
2587.12
1790.09
5352.79
2674.03
3037.39
2258.41
2058.34
3686.91
1952.5
2815.68
2191.84
1938.46
2032.4
2011.19
2745.33
2934
1489.81
1254.34
1883.7
2382.32
2433.24
3982.03
2039.53
1715.16
2562.38
2806.28
2018.01
1443.49
1670.03
2405.53
3428.25
4753.48
1346.56
2959.71
1540.62
4309.35
1931.48
1798.73
1805
3602.44
2010.99
3682.09
2946.94
2458.16
3418.17
2113.43
3333.07
1640.47
2333.65
1463.2
1928.4
2615.21
3273.36
3086.47
1861.82
2692.66
2807.85
2595.32
4473.35
1434.48
2624.02
1758.35
2341.21
3234.63
2526.3
1977.27
3055.31
2013.08
3361.99
2006.69
4593.73
1652.73
1955.54
1812.81
1809.33
4249.44
4328.29
2652.77
14949
3317.47
2045.86
2652.08
1619.72
2791.86
2525.14
2182.78
2272.32
2621.28
3089.42
2470.24
2620.6
1879.22
4214.61
1802.93
1919.75
2850.93
2041.12
3161.81
2057.92
2509.6
3990.26
2148.67
1761.04
3971.4
3375.79
2731.38
3122.01
3064.47
2221.19
2944.95
3699.99
2481.21
4387.97
2967.32
2748.18
1727.37
3163.41
2203.68
2405.09
2508
1661.25
2165.58
2375.12
2013.01
2044.55
2910.95
2289.16
2223.02
2524.22
2117.83
2643.36
3810.29
3133.3
2139.56
3148.55
2467.62
2015.08
3113.42
1523.24
2191.68
2373.2
2196.86
2600.15
1717.63
2300
2189.49
2195.47
2845.01
2247.75
2800.92
1956.52
2016.31
4022.58
3012.31
2851.68
13449.3
1566.22
3622.79
2301.55
4281.94
2423.65
3318.54
1728.19
3406.07
2298.94
1480.1
1981.63
1539.92
3346.74
1598.9
1919.96
2865.11
3104.88
2637.1
2011.5
2411.64
2477.69
2701.74
2121.3
2924.97
4843.57
1262.77
1937.47
2176.36
3264.8
1537.46
2697.32
2853.75
2629.99
3206.12
2582.92
4169.04
2544.17
2084.65
1834.23
2773.46
4320.32
2648.21
2783.75
2522.21
4765.7
1459.35
2905.14
2445.17
2149.47
3228.69
2191.29
1981.05
4929.67
2062.71
3272.23
3102.24
3095.41
1999.76
1658.75
2513.6
3730.16
2789.18
1827.57
2742.34
1533.06
2382.33
5799.01
2289.44
2453.47
2973.29
2287.53
3237.78
2976.69
2131.57
2036.14
2759.37
4616.85
2558.67
2946.57
2025.5
3456.31
2558.86
2867.91
2765.97
4499.85
1425.52
2240.02
2987.48
2082.26
2319.68
2609.7
3360.25
3565.28
1958.13
1804.94
2336.76
2164.83
1832.79
1737.58
2449.76
1969
3766.91
2284.2
2836.04
3768.5
1446.9
2603.7
2605.19
2230.13
2027.79
2721.13
1712.71
2505.35
1800.56
5017.66
2711.78
2243.62
2129.74
1362.01
1866.51
2357.51
2320.35
3584.08
2913.43
4947.14
2607.14
1696.06
2255.32
2270.63
2516.39
1988.62
3081.39
2263.56
1921.47
2723.84
6814.42
2355.3
2949.57
1559.3
1789.7
1856.86
1424.66
3473.96
3385.28
2774.21
3023.46
1875.1
3767.36
2911.91
2514.24
1643.93
7469.1
1666.08
3245.05
5170.28
2922.68
2195.34
1422.84
2510.45
5644.95
2457.91
2633.95
1638.84
1740.08
3545.8
1849.69
2551.54
2347.13
2871.25
2800.42
2504.18
2237.98
4141.54
2275.69
2564.09
3987.91
4336.94
4099.6
2202.07
2965.62
1957.83
2435.47
2497.79
1906.92
1797.72
1293.51
2217.38
2460.77
3401.24
4320.65
2410.92
1965.27
2011
4964.9
4212.54
2469.49
4061.04
2270.44
2185.19
1833.69
4646.03
2726.25
1683.59
7265.14
2861.76
1675.65
2078.25
2819.68
2442.21
1689.31
6330.71
1380.77
3915.22
2123.17
2241.11
1586.89
2778.25
2459.99
5927.43
2116.57
3116.51
1665.01
1991.78
2362.96
2718.09
3293.1
1824.73
3234.03
2094.83
2100.32
3039.24
3087.95
2093.49
3915.09
2256.61
2188.9
4887.22
2620.85
1989.99
2406.11
1442.65
3126.4
2252.77
2859.84
2607.37
2601.29
3167.32
3151.89
1836.45
2759.26
2719.83
1571.86
2939.17
2366.46
3137.96
2633.39
2313.01
3552.07
1765.52
1936.71
3827.13
3600.51
1685.38
2753.79
4575.91
2321.23
2456.4
3318.93
3076.22
1288.4
1773.95
1780.16
1909.24
4195.4
1611.86
3189.27
3444.67
2607.42
2625.42
2660.69
2115.99
2135.81
4023.47
3404.89
4278.63
2269.94
4643.8
3141
5975.84
2456.84
1574.94
3836.3
2893.88
2223
2076.61
2257.12
7339.43
2876.65
1928.02
3514.21
2071.21
1534.03
6400.15
3153.63
1956.26
3066.98
2931.88
14376.7
3743.82
1474.7
3008.52
1914.86
2048.72
1772.32
2517.52
1696.88
4391.08
3117.39
2299.16
5759.6
1947.91
3732.95
2029.46
1613.02
2490.95
2153.09
1696.72
4534.78
1339.52
1833.81
2002.83
1955.3
4307.1
2410.29
1555.52
2723.08
2166.18
2215.83
2065.51
3282.5
2661.08
2596.5
1649.5
3015.29
2185.51
3850.63
2212.12
3493.82
2678.65
13949.9
1616.14
1767.9
2099.81
2175.53
1940.28
7037.43
2696.38
2149.5
2101.07
3332.92
2261.69
2460.7
1822.5
2644.23
1843.02
3286.44
3242.58
2341.92
5944.48
2899.77
3227.46
2777.18
1899.9
2136.12
3215.72
1272.73
1636.1
3914.47
2066.23
5779.62
2754.7
3035.43
2832.36
2173.92
2744.27
2410.41
1745.59
1994.25
3524.63
1777.28
3323.18
4201.13
3390.38
3969.25
1735.08
3069.97
4965.75
1434.88
1671.81
2685.44
2744.76
5365.58
3560.55
1532.66
1623.7
3723.82
3210.31
2279.97
3664.92
1824.63
2840.84
1495
3300.09
2138.36
1392.39
2927.76
2182.16
1603.8
3401.7
4518.5
2932.87
2316.11
2206.14
3150.44
4122.72
2511.21
1763.2
2048.21
4041.81
1672.63
4242.19
2645.3
1353.06
2111.63
2896.35
2039.24
2240.44
2481.29
2841.58
2416.89
2881.85
2958.25
3609.11
2851.53
3420.89
4432.62
2426.53
2903.47
2980.01
2060.09
3031
2742.46
5825.16
4363.52
2441.95
1904.16
2558.89
2313.16
1867.75
2943.08
5181.38
2120.56
2238.93
2231.37
1932.83
3074.48
2512.69
2108.61
2696.56
2792.21
3155.88
7816.01
2068.02
2006.01
3313.65
2447.34
1908.4
1850.08
3090.26
2151.66
2112.82
3477.38
1770.33
2114.5
2274.2
3649.85
1933.42
2430.19
1737.51
3275.49
1566.06
1485.85
1743.71
2196.05
3331.12
1663.16
2958.51
2403.99
2384.77
1586.19
2710.21
2295.91
2272.36
1408.13
1604.14
3013.18
3349.52
2122.82
2204.81
2778.13
3151.74
2607.18
1608.92
4551.74
2133.16
1544.78
3311.01
1822.52
2924.77
3035.36
1105.6
2030.51
2106.92
4009
1927.59
3024.52
1571.18
2218.28
3990.99
2168.78
2601.97
5902.39
2204.22
2552.88
2061.96
1900.6
4533.51
3364.14
2726.63
2488.47
4369.09
3872.27
1418.59
2952.95
2307.31
2121.13
1542.64
1698.83
4673.34
3896.57
1600.82
2341.72
4722.61
2907.25
1597.36
2315.61
2087.62
1857.58
4626.79
2743.93
2437.01
1333.59
3566.93
1924.13
1837.78
2041.13
2443.54
1446.74
3510.7
2202.47
2560.35
3854.58
2309.12
3091.84
2201
2586.22
4804
2807.12
1690.88
2182.67
7342.72
5450.53
2499.25
1843.25
2367.57
1623.27
3054.15
2624.48
2287.78
2915.1
2873.22
2425.16
2184.13
5041.6
3431.85
2133.81
2023.36
3374.72
3184.81
3959.34
2587.76
2023.69
1786
6842.65
3826.21
2892.63
3035.08
3258.25
1495.6
2063.41
2487.99
1825.97
2741.06
1744.66
1574.33
1646.55
3155.4
2699.65
6126.94
2007.56
1947.5
2291.3
1984.65
1364.15
3033.05
2965.94
1941.62
4094.79
2111.98
2332.22
1559.01
1638.57
2240.71
1986.06
1781.14
2158.89
2908.07
4247
1984.14
2350.63
1690
1746.38
4247.83
1895.58
3069.87
1624.29
2214.61
2506.7
2946.31
2451.18
9034.17
2213.93
3654.89
2832.56
2687.51
2416.98
5155.96
3030.09
1940.62
1717.47
1864.86
2492.87
3104.15
1480.08
3317.01
4286.18
3792.68
4499.69
7991.46
2219.64
2208.84
2691.31
2233.54
1689.37
2324.97
2884.72
3513.15
2255.21
2386.16
3360.56
3502.08
2040.95
2905.57
2713.6
1809.47
2877.29
4414.73
4427.65
5920.97
1762.99
2800.96
2846.68
4214.08
2669.44
1514.37
7412.47
2440.4
2510.04
2155.32
1969.15
3253.06
2224.98
3130.98
1678.8
2865.7
2944.66
1313.23
2605.06
2319.81
1970.3
1247.91
2357.68
2799.81
2165.18
2638.95
3731.4
1689.99
1747.32
1876.23
3786.06
2129.3
1863.93
2062.19
2235.74
1938.37
2367.79
1601.71
1519.37
1739.04
1498.6
2091.89
2257.44
8712.65
2601.42
2781.73
1606.78
3241.68
2544.85
1366.42
3136.6
2857.96
2167.27
4546.95
2634.47
5291.71
2316.71
2636.88
3611.24
2269.93
1472.75
2422.29
5727.82
2552.89
2356.7
4558.64
2557.09
2446.26
2471.01
2062.74
1908.2
2674.86
2387.96
1960.56
2309.79
2700.15
2776.3
4274.85
1695.43
1831.77
2459.54
3953.77
1445.48
4590.93
1823.85
2265.57
1168.24
2620.64
4002.21
3242.38
1578.08
2056.53
2557.98
1873.99
2580.44
1460.96
1524.52
2815.05
2983.32
3445.31
2009.9
5832.3
2050.52
2096.67
1926.36
1615.16
2758.9
3126.97
1905.23
2542.07
3411.2
1371.05
1927.48
3644.98
1865.73
2298.78
1646.74
5260.01
2543.54
2220.5
1864.95
1719.49
2121.78
2729.84
2669.33
3071.66
3420.17
2471.02
1911.3
2303.36
2563.77
5086.51
2173.21
3027.9
1942.34
2277.78
1929.69
1752.95
2615.4
2182.11
2207.14
2777.28
7219.68
2293.25
2649.78
2254.68
3151.33
2283.8
2674.81
2168.5
2692.16
3692.37
2498.49
2198.46
2377.5
1776.34
3131.38
4388.72
2167.22
2233.15
3207.21
2117.38
2737.87
2053.64
2214.42
1957.59
2063.53
2047.4
1529.53
3248.12
2143.73
2033.05
4429.27
6472.7
1506.88
1553.77
1792.44
3234.12
1953.83
2695.59
2394.62
2814.83
2250.98
2392.35
3070.2
1769.09
2457.68
1905.36
2085.46
1775.63
1558.8
2046.23
2699.08
1887.8
2568.36
2640.06
2407.76
1924.51
2250.46
2109.83
1615.24
3761.44
1810.38
4618.89
2875.17
2181.32
2497.34
2988.71
3484.61
5288.65
2500.3
2706.93
2054.25
2372.99
1703.44
1810.6
1959.93
1645.07
1795.12
2043.32
3535.73
2563.9
3822.91
6089.48
2432.8
1899.63
2285.77
3132.07
1517.45
4415.64
1710.09
2186.24
2862.72
4525.54
1470.64
3077.44
3372.93
2457.89
2956.52
1627.69
2015.61
3334.16
2503.91
2385.81
2033.34
1990.52
2426.16
2839.53
2482.53
1700.45
1483.04
1824.81
2764.13
3163.69
1703.25
2770.91
1829.06
2989.64
3004.69
3117.85
2317.65
2712.67
1997.46
3901.75
1549.66
9325.27
2112.43
3200.65
2467.1
2216.48
2178.08
3214.08
2337.43
2402.56
3836.91
2972.65
2243.9
3182.54
2522.41
6220.6
1634.38
2190.06
3887.22
2095.06
2218.46
2558.75
2631.48
2672.23
2577.88
2749.19
2288.97
1893.81
2848.08
3180.61
2164.46
4945.55
1484.62
2333.97
1986.89
1959.77
2910.62
1950.99
2154.46
3232.19
3538.82
2378.67
2291.81
1391.69
2451.37
3367.87
1677.15
1821.54
2500.8
1755.13
2832.99
1904.05
2876.33
2587.81
1825.96
4767.33
4975.78
2138.3
2059.01
6052.38
2808.85
2467.66
3427.04
1696.09
3218.89
2842.15
4598.3
1660.05
5351.45
1852.22
2200.8
1917.07
2397.8
2625.24
2459.22
1668.33
3303.55
2101.27
2791.21
3543.83
2242.75
1663.5
3208.47
2330.31
1965.13
3158.9
2927.64
5084.12
2491.46
3770.04
1572.97
4695.42
2298.17
2495.52
7771.74
1867.12
2785.09
3446.04
1948.16
2578.3
3428.07
2628.9
2402.28
5258.49
2626.7
3886.59
2048.57
2900.09
2762.48
1724.61
2555.45
1738.8
1681.8
3214.37
2864.21
2323.68
1482.17
1587.6
4190.88
2853.64
1896.11
1848.96
2225.7
1755.07
2344.75
1998.3
1820.8
2184
1833.6
2390.89
2107.75
3707.92
4369.58
2651.28
2267.36
6155.92
2207.73
1903.02
2650.45
6228.45
2483.91
3838.06
2329.86
2161.05
2472.53
3455.9
3766.16
3287.39
1997.87
2206.54
2697.69
1924.41
2281.69
2632.07
8259.68
1541.77
1572.7
2165.8
5181.73
2128.4
2925.4
1891.07
3557.24
1906.87
1770.71
2134.73
2139.25
1855.77
2381.32
3065.12
2447.13
2129.45
2928.43
2802.82
1699.97
2198.85
2381.84
1655.93
2975.67
3480.4
2232.79
4932.72
3622.98
1706.7
4375.58
3762.87
3472.23
4577.07
3377.89
3617.75
1994.49
1852.36
1784.83
2012.17
2039.86
2004.83
3269.27
3001.87
3494.05
1920.43
1612.79
2278.75
2046.72
7651.03
2846.74
5061
2142.59
3131.39
1940.16
1654.71
2165.37
2891.24
1644.57
2282.19
2990.94
2652.52
2036.53
4250.21
2110.96
1640.77
1992.75
2566.36
3763.35
2583.94
1920.81
2121.17
1689.46
2010.63
3191.76
2311.73
3595.91
1917.03
1593.57
1893.19
3358.61
1993.46
3923.27
1842.35
1739.52
2610.15
3923.19
2152.17
2103.87
2961.44
1912.84
1521.87
3235.05
2869.53
2658.47
5572.61
2271.78
1884.67
1719.08
3360.83
1999.8
7216.11
3279.69
2642.26
3205.01
4146.51
2252.95
1637.26
2136.69
2218.2
2750.63
3636.68
2901.06
3395.53
3729.74
2102.86
2860.36
1797.96
2225.65
2147.99
1757.32
2306.85
3013.1
2965.84
6901.77
2318.67
3159.69
3693.61
4446.72
5248.91
1591.98
2388.05
2988.79
3294.34
1333.38
2660.15
2355.01
2613.48
3484.28
1604.75
3961.11
2380.28
4757.13
2469.21
2050.97
6979.23
4977.35
4112.64
3563.38
3752.45
3424.42
4129.35
3694.72
2224.67
2338.59
2267.87
3337.43
2259.41
2104.33
2433.53
2920.8
4963.94
2568.66
2702.85
4989.61
2104.46
1963.85
2531.14
2825.92
1781.09
1907.43
2202.58
2454.77
5508.34
4949.7
1922.69
2994.11
4559.39
3787.71
2968.2
2583.73
3750.32
1595.28
2204.22
2223.82
2738.3
2158.82
2274.03
2587.66
2205.01
2142.65
1672.07
2147.16
1945.94
2877.6
2028.47
2208.01
2529.46
1927.26
1928.48
2063.24
2899.14
1753.01
1555.18
2234.04
1765.01
1916.74
2475.46
4041.95
4549.01
5176.84
4115.74
2518.89
7549.42
1973.55
2902.41
6450.79
2088.86
5616.19
1539.74
2814.64
2075.17
2654.38
1934.63
4873.43
1996.39
3698.08
3021.53
2936.42
3479.24
1643.46
2358.65
2056.35
2184.83
2041.65
1978.51
6504.61
2433
1775.22
2423.06
3508.41
4153.82
2510.62
2655.66
2419.34
3473.26
2452.46
2538.08
1652.4
4732.64
4026.47
2514.38
2152.99
2526.7
2636.26
1982.81
2808.77
3684.35
2131.12
2155.9
3607.66
2233.59
2251.07
1668.54
3601.39
2538.98
1874.48
2077.65
2203.26
2616.62
3525.83
2426.55
3220.52
1666.11
5076.47
1605.29
3391.14
8750.85
2383.22
1366.66
3055.81
2231.54
3255.81
2981.41
2433.62
1888.44
3040.64
4094.6
2598.29
1659.23
1541.13
2150.29
5637.08
2439.6
2744.37
4854.71
2262.99
1640.93
1999.67
2408.88
2572.65
3410.2
3625.56
4449.12
4431.75
2656.83
2754.82
1819.65
1801.33
1811.28
4711.35
1556.2
2146.84
3436.92
2622.7
3008.62
2044.81
2633.22
2973.2
1846.55
1539.53
3567.87
2445.06
3119.49
2116.33
2425.07
2240.42
4739.54
1413.45
3469.96
2272.65
2020.28
3821.55
2251.48
4384.33
2262.22
3106.99
2531.38
2223.36
2127.2
2090.61
1914.72
5584.92
2734.85
2631.9
2230.8
1521.83
2366.67
2369.61
2659.68
1887.44
2460.5
2177.55
2171.09
1738.95
3072.43
1932.74
2237.82
2278.15
2554.6
2482.34
2362.32
2110.33
2844.92
1483.82
1582.72
1990.67
3529.28
3181.32
2267.24
2076.95
1728.81
2173.87
2446.48
1195.47
5165.49
2254.27
2562.38
2497.17
2142.28
3249.69
1801.17
2303.67
1858.72
2190.62
3003.21
2015.02
1975.61
2302.66
3387.2
2096.35
3228.5
3518.45
2580.58
1181.36
4390.08
1743.6
2073.4
3441.27
2695.21
2103.68
2241.77
2567.67
1434.8
3896.58
1963.84
1886.22
3663.68
2526.48
1779.09
1976.85
1543.04
2847.09
2550.21
3536.17
1575.64
2424.01
4315.95
2013.34
3925.71
3365.38
2365.52
2225.09
2476.71
1598.67
4907.54
1803.47
2966.49
6152.55
2815.68
2769.54
1928.44
1682.4
3149.88
3819.78
2172.08
3536.64
3097.97
2607.94
1582.36
5071.63
1738.39
1724.29
5352.48
2390.93
2453.92
2406.67
2116.36
2264.77
2811.25
4548.59
4289.54
3818.31
2268.71
3238.34
3327.69
1799.16
2096.13
2025.94
2761.51
3412.29
2937.95
2327.5
2256.34
1654.67
1748.04
4113.62
2622.97
2962.89
2584.51
2435.17
2327.39
1658.54
2133.11
1906.82
2456.88
3048.1
2120.43
2122.73
1493.94
2769.09
3063.57
1565.86
6828.69
4010.5
1834.66
2714.29
3976.49
2786.59
1692.77
2561.34
1556.55
2316.19
6001.5
2708
2693.14
3665.61
3746.65
1992.65
2052.25
2582.88
2071.14
3472.96
2631.12
2111.03
3133.57
3929.99
2886.87
2940.39
1926.62
2652.39
2008.31
2051.89
4185.61
1525.43
3039.75
4295.47
2518.11
2158.32
3394.56
2435.98
2107.1
2884.18
4743.1
1562.56
5797.08
1595.79
7051.68
2289.41
1678.88
1801.18
3593.78
3339.65
2180.73
2519.69
2183.96
1518.1
3116.85
1927.89
2762.84
1933.55
2729.14
2123.9
3511.25
11246.8
3368.83
1632.77
2221.77
4115.5
2459.98
2125.57
2821.3
1751.52
2600.77
2059.69
1957.21
1640.91
1987.36
2115.33
2727.01
1354.06
3917.36
2138.58
2669.06
4001.36
4059.06
3143.96
3580.68
1611.49
3722.08
2162.64
2859.71
2945.39
2434.24
2145.73
8188.87
4680.93
2367.9
2032.81
1377.82
1616.19
2940.29
4104.35
2536.19
2939.35
1402.06
3490.73
2030.24
1870.1
1763.38
1523.05
3243.53
1652.6
2372.72
3095.55
2676.19
2178.52
5531.62
2276.61
2713
2687.36
2031.84
2641.1
2265.57
2182.41
2010.77
2013.55
4079.9
3456.12
3621.72
3229.89
3139.63
3681.03
2494.89
4038.97
1731.01
2124.12
2740.34
2292.67
2091.86
2181.18
3115.67
3740.29
2374.2
2510.61
2348.31
2294.82
2871.76
3756.32
2045.49
1725.96
2443.81
2744.87
3053.57
2331.92
2380.42
3640.14
2303.58
2310.38
1610.45
2401.68
1628.95
2246.86
2288.43
2652.94
3239.61
1693.74
2750.06
2083.16
2663.41
2047.25
3440
3167.35
3333.7
2403.29
3364.52
2018.44
2050.39
1884.79
3046.42
3709.92
5314.59
2191.66
2745.79
2592.8
3201.93
