5140.11
5528.99
2823.52
2600.76
4690.81
2619.29
2480.61
2279.6
5308.45
4400.4
3073.9
3787.41
2891.29
3065.87
2385.17
3011.55
2084.08
1960.55
4443.18
4286.15
2001.04
2096.72
2658.91
2052.77
3625.97
2277.19
2153.96
1824.25
2327.76
11113.7
4478.04
6634.89
3235.87
3027.4
2988.57
2315.56
3283.4
1460.71
4784.78
3108.8
1627.14
2134.83
11539.2
1313.78
2358.26
6397.32
5024.95
1771.01
2189.42
1759
2256.82
2799.79
3495.43
2101.4
3930.21
2052.2
3717.98
6329.83
3105.2
5109.57
9157.45
2469.29
2803.6
1597.03
3035.97
1889.3
2840.08
2906.07
2937.2
2559.86
2259.63
2973.71
2997.11
2917.73
3039.95
1776.59
1550.92
1540.39
2324.6
4160.34
2211.08
2089.75
3437.64
2636.08
1519.01
1602.67
1924.54
5860.54
2325.17
2502.6
1696.31
2624.52
1819.33
2729
2830.9
2027.59
2060.41
2453.35
2580.31
5913.59
12735.9
2588.13
1870.58
6182.64
2269.19
4961.56
2777.74
4047.25
3306.55
2866.91
1754.27
3941.17
3352.2
4527.64
3598
2878.62
2119.11
5998.09
4797.3
3109.06
2165.39
2498.69
2547.11
4513.44
3770.45
2994.5
9322.99
2809.08
2319.45
1782.02
2323.28
2364.73
1826.15
4723.35
3206.79
2650.53
2984.31
2189.57
2576.27
1509.98
2166.32
3658.23
3175.41
4979.97
2816.79
3284.19
3068.22
3164.3
4696.1
2444.95
1503.64
4628.24
2238.6
4215.84
2373.82
1862.05
1554.87
4681.04
1418.03
2557.72
1948.47
2393.08
4253.7
2703.83
3474.07
4016.81
2569.55
5693.94
2530.12
5586.83
2681.01
5191.75
3400.97
3031.03
1935.26
3094.52
1927.4
7375.78
2883.06
6685.34
2915.69
1360.69
2927.56
4812.01
2675.65
4396.78
2544.44
4011.48
2016.51
2375.07
2908.71
4526.67
3720.53
2318.38
8307.62
3380.65
2553.75
3013.08
1930.87
4047.05
2106.95
2775.08
2419.22
4606.37
2237.82
7071.01
2288.04
8735.74
2373.92
2658.47
9084.85
3188.25
3242.5
4238.83
2856.06
1833.03
4465.9
2995.14
6047.09
2909.37
8184.64
2099.2
2183.93
7998.7
4306.72
2913.34
3693.59
3782.39
2349.18
6187.45
1526.06
3194.15
2783.51
8021.56
4938.29
3228.04
3769.41
5003.64
13479.9
4770.06
3260.78
2672.49
2782.74
1575.58
6499.33
4110.53
3450.99
4549.78
1968.73
2270.2
3053.29
13382.1
2584.1
1913.34
3748.72
2222.11
3977.66
2860.36
3091.73
15264.4
1708.37
3423.07
2239.6
2520.76
1759.62
2774.31
1926.18
1868.27
3604.37
3412.07
2040.28
7245.96
2796.24
6313.72
3638.91
2342.17
6025.69
3524.82
7577.19
2698.74
3677.33
2898.08
5356.6
2098.01
2982.81
1642.24
1861.99
2510.44
3231.13
5001.75
2821.22
2013.96
1588.26
2662.88
4122.91
2190.88
3664.14
3253.08
2955.39
3237.98
1929.13
3171.54
3724.52
1893.8
3892.93
3685.35
2281.71
4718.59
3956.97
2722.48
2332.03
2704.1
2807.32
4643.29
1267.6
1830.72
3264.42
3897.82
2735.26
2790.44
2078.92
2112.38
3131.88
1824.84
1755.79
4438.7
1577.42
3924.38
3344.7
2174.38
4889.65
2081.15
2933.27
2350.68
3347.65
2365.86
2731.68
3618.77
2460.42
4982.99
3131.05
1816.52
5804.24
3051.16
6784.28
1929.67
4297.67
3917.03
31809.4
1991.35
2977.82
2645.05
9505.79
2024.91
2824.09
3396.36
2663.72
3880.18
3935.39
3167.81
1851.96
3004.76
2181.33
3902.74
3437.08
6457.93
1933.54
1443.27
4168.21
5191.55
1708.04
3091.6
3034.16
1937.18
3690.17
2726.53
4915.61
3881.91
3255.71
1808.67
2134.04
1813.6
2448.1
1821.49
7023.42
2284.96
3996.01
8154
5763.18
3708.38
2120.24
3319.89
2351.73
2270.21
1433.84
6540.96
2429.77
1875.89
2220.62
4289.49
3642.41
4387.61
2171.51
2623.26
4146.02
3571.31
2412.22
4573.91
4536.45
4289.29
3384.47
4708.77
3762.83
3276.2
2367.08
3231.37
1926.44
4764.45
3419.76
2952.85
1321.57
4553.55
3214.42
1915.54
2168
3091.9
3603.6
2130.17
2475.9
4417.02
2131.42
2177.29
2811.43
2975.66
5275.1
2173.7
2782.48
1903.14
2655.6
8819.72
2219.36
2426.57
2973.13
2176.97
3849.88
7281.73
2742.51
6730.6
4881.62
2711.68
3285.91
5746.73
3552.62
2678.43
5224.58
3554.81
3667.59
2359.02
2160.51
3532.01
3394.35
1975.63
21972.2
1842.21
2638.15
2345.93
7483.91
3319.03
2009.11
1551.52
5955.82
2080.17
1976.67
1974.37
4401.56
4724.89
2619.35
1562.6
1758.1
2226.82
2271.85
5345.44
2737.04
1566.28
7833.06
2115.42
7438.27
3297.88
5216.59
2627.87
5428.65
3797.68
3598.21
1984.92
2007.51
5230.19
7890.37
1297.21
2820.97
2666.01
3516.4
3158.67
5642.27
1504.86
4645.03
6239.37
1793.02
3972.33
1989.63
1791.21
3434.8
2892.72
1923.55
3271.35
3049.83
3124.84
2341.39
2833.58
2908.4
4152.24
2082.14
2182.87
2228.08
1870.93
4208.98
2902.48
1583.57
5220.65
3584.09
1405.91
2075.81
3242.53
2744.99
2174.75
2254.8
3054.76
6582.32
6863.42
3334.31
1513.65
1731.17
3400.18
4289.55
5355.58
1815.2
2683.71
3354.82
2764.41
1942.76
2019.32
2380.47
3449.32
1198.1
6949.31
2612.83
4741.48
3175.35
3266.18
3604.23
1845.4
6017.81
2243.72
4562.83
1998.27
1734.67
1412.94
1330.94
3387.54
1342.35
2618.51
3132.11
5420.5
2973.29
1450.81
3802.31
4284.5
4011.27
3063.21
1388.44
2151.89
4402.11
3156.54
5582.22
3249.36
2376.57
9001.09
3333.59
2809.92
2817.13
3927.29
4685.74
4391.36
4712.97
3572.13
1679.63
4347.24
1830.52
2345.38
2083.61
1980.74
2062.71
8259.51
2699.79
5248.45
4283.4
2068.64
3118.3
2025.24
12785.1
4003.85
1695.02
1930.14
3563.69
2596.7
3032.15
1602.49
4869.87
3209.68
7647
3348.06
2343.95
1763.26
1575.42
3221.44
2216.77
2650.99
2216.02
2474.57
2673.48
2264.16
1741.57
1440.07
5003.14
3319.92
1456.5
2939.6
2790.68
2006.29
3122.76
2527.31
2872.06
6186.26
2612.15
5610.67
4286.18
2178.01
1948.11
2200.76
5455.85
3162.32
1959.86
2141.72
2681.07
2488.94
1884.29
4666.06
3418.15
1755.18
5956.22
4484.69
3964.73
3064
2769.83
2524.55
2222.14
5729.66
1937.25
4759.91
3121.58
3681.28
4612.95
2530.97
2238.89
2972.34
1478.11
4372.65
1785.54
2515.83
2157.75
3146.53
2173.7
2559.05
2455.46
2374.21
4086.63
3150.16
1916.81
4044.54
5069.49
7587.23
3309.41
1678.31
3552.52
2641.02
2353.5
2299.36
3855.02
1685.92
4115.14
5291.65
2675.13
3458.31
3244.43
2092.75
2938.51
3048.2
2191.28
3079.1
4325.62
1470.99
8298.34
2335.23
1921.55
4436.26
3816.04
4106.01
2886.22
3780.05
2235.89
3268.45
5149.38
4393.46
2311.94
5503.26
6853.03
5302.78
3752.42
3528.52
5573.31
1530.24
4066.36
3853.66
2618.03
1541.04
2860.39
3559.01
1671.49
2359.52
1762.65
1927.19
3360.76
2187.39
2987.51
2414.4
2577.86
3296.93
1875.08
2031.51
2169.85
2762.18
2200.11
2168.65
2117.42
4411.77
3189.61
2110.92
3950.6
2370.99
2382.51
1921.41
3453.8
2002.98
2316.24
2954.61
3621.91
2093.04
3055.47
4171.62
4641.95
2053.9
2043.83
1972.08
6940.95
4037.37
3372.92
1716.38
1967.96
3986.3
2915.74
9889.02
12280.9
3812.06
4084.91
3905.78
3751.24
5756.66
2658.01
1653.81
3233.43
2513.85
2538.75
2839.14
4928.06
3828.95
2536.26
1812.33
3360.17
2019.21
2275.31
2731.7
1886.52
2020.81
5115.32
2364.35
2503.34
6488.58
2760.33
2026.2
1581.58
2771.66
11753.9
1356.14
1732.37
2982.06
5761.27
2615.84
1662.05
6365.47
4169.21
1494.98
1947.62
3357.8
2012.37
2492.19
2224.42
2342.8
3281.72
1897.74
2145.06
2133.21
5146.16
1894.11
5929.13
5587.61
3049.43
3601.28
2688.83
3817.47
2658.86
3315.73
2847.45
2619.07
3937.98
1403.39
6682.26
3691.85
4698.33
3066.96
3265.08
6754.16
2694.7
1918.84
2444.28
4449.25
4148.05
2017.11
2563.74
4132
1961.29
1493.79
3071.24
4185.09
2811.84
6860.49
3428.08
2492.29
3559.15
4102.65
3167.78
2712.44
2942.78
2456.8
1962.21
1892.64
2456.59
2043.47
2581.42
2260.4
1939.42
2189.5
2990.26
2956.66
2890
1882.68
2544.03
3242.78
1697.11
2313.54
4124.54
2658.67
4254.35
1901.49
2203.57
1667.63
2819.59
2887.25
2981.2
2931.95
4275.69
4259.95
12155.8
4254.99
3969.15
3142.05
2675.63
2586.61
12139.7
5103.27
2510.17
3974.66
4106.16
3708.98
5200.09
2981.7
1811.53
6601.18
3486.07
2571.89
3376.47
5136.91
3248.54
2811.91
2212.65
2298.19
4764.42
6294.37
1845.1
2600.88
8090.02
4062.24
3353.8
2488.2
3075.05
2454.18
2579.45
3508.62
2357.85
2943.81
2357.47
2409.29
1981.63
1088.54
3678.18
2143.87
4383.5
2858.12
16238
1998.61
2841.57
4435.32
2438.45
3381.29
2538.63
5756.87
3502.11
2308.22
3014.33
4816.43
4176.58
3627.6
2929.88
5865.54
2099.99
5576.59
1249.05
3340.27
2675.33
1945.72
2534.39
2007.82
2497.8
2907.32
3036.07
2072.28
4812.06
2137.58
2633.93
3481.74
2956.56
2169.9
2462.45
2653.18
5474.52
2657.5
1809.83
3468.65
1968.57
2071.15
3981.19
3178.06
2570.87
1726.25
1992.1
2119.72
4594.96
1544.83
1767.92
2159.6
3537.21
1911.68
2446.73
3425.07
4866.1
4086.88
3527.22
2951.8
1816.46
3195.14
1942.71
2682.22
2489.72
9829.77
2350.15
3400.97
4959.04
2467.79
4416.72
7281.62
2637.97
3976.33
4069.59
7157.38
4156.97
5142.81
2495.76
3282.61
1819.67
2368.93
3794
2850.48
6308.18
5321.9
3172.45
1895.85
5150.1
3395.9
1409.95
2198.82
2825.44
4316.45
3964.59
2695.73
4284.35
4333.82
4839.76
3448.96
1994.73
1655.04
2274.67
4248.67
2501.36
6321.44
4276.11
1768.7
2037.3
2321.71
3811.07
4436.5
2504.73
1836.45
3401.72
3124.81
3130.59
4038.21
4425.37
5769.71
1891.06
1693.74
2281.49
2308.99
1316.1
4448.24
2788.23
4346.77
5779.84
2145.96
2837.03
3135.21
3152.44
1655.24
2384.71
3710.87
8260.36
2667.61
4744.28
2987.88
3844.93
2588.92
2895.18
3206.01
2715.15
1656.99
5422.29
3030.11
3784.75
3426.21
3662.72
3153.79
1470.78
2221.19
1810.91
4703.21
3666.08
2019.05
3157.73
5673.97
1502.32
2456.43
17271.6
2280.85
5397.2
2261.03
4867.51
2677.44
4047.44
2484.9
1854.56
1886.17
2846.62
1693.33
2480.07
2293.78
3287.42
6493.08
4386.54
3143.99
1654.51
2361.67
3187.94
3706.25
3169.49
2097.7
3072.3
2215.34
2207.56
4784.42
5104.98
2332.97
2331.9
4326.71
3643.88
3727.44
2412.79
2826.53
2641.16
2311.61
3347.69
3061.47
5091.16
2038.28
2004.56
4282.73
2057.51
2926.06
2438.42
4120.61
1883.73
2362.96
2320.15
2859.12
2516.05
1672.92
2411.25
3118.93
2260.1
2928.99
2450.39
3351.88
5623.17
3417.72
4052.23
3100.45
2497.03
1353.77
5819.34
1998.56
3180.54
2559.91
2112.68
3144.38
3711.89
2996.05
3421.57
6112.49
2855.23
5647.82
9024.32
2073.79
6481.76
1960.18
2154.87
2665.4
1725.83
1901.76
2063.23
3761.09
1406.16
4255.12
7825.33
2464.87
1628.06
1885.29
2460.66
4066.62
3750.19
6664.53
4873.7
3084.71
2143.08
4216.98
9063.12
6262.71
3144.04
3147.68
9043.17
2192.05
7027.91
2581.88
4629.83
2666.19
1998.2
2699.63
3247.85
2452.37
3085.7
2687.57
3960.37
3212.26
4241.7
3249.87
2587.99
2322.91
3875.76
1795.71
2858.27
3649.26
5799.57
1910.14
4281.46
5045.84
3381.7
4452.41
5910.99
2904.82
2939.2
5002.02
2088.17
2636.91
3482.27
3862.06
2121.19
4169.14
3846.32
2109.38
2046.03
3613.68
1720.89
5758.63
2189.18
1711.64
2647.22
1929.82
2427.03
4003.92
7265.46
2938.72
3773.99
1352.23
3599.44
3280.86
2336.3
2163.14
4835.41
2719.17
5282.76
4192.05
2376.62
2091.89
2431.44
2663.27
3594
2077.48
5593.56
1758.75
2758.83
3634.38
2509.87
2990.15
2257.44
2004
2168.08
2861.16
2118.67
2066.27
2042.82
1811.37
2478.49
2293.36
1841.81
2540.76
2717.03
1807.9
3232.74
2428.57
1534.8
3179.2
3163.33
2030.24
3059.56
6396.1
1987.28
1611.08
5515.98
5367.17
2361.69
4055.97
2036.09
2016.52
2398.81
5576.93
2957.18
1657
1709.41
3637.27
2311.68
3651.75
2763.44
2230.34
2967.76
1479.84
3194.62
6542.99
2937.29
2493.95
2486.03
2334.97
3741.48
3530.68
8671.66
4422.32
2724.83
1465.56
1920.16
2729.42
3842.48
4934.34
3973.91
5462.87
3286.54
4279.13
2361.12
2395.64
2825.49
3412.31
2793.58
2566.97
1499.01
1481.71
1890.58
2143.64
4025.16
3068.37
2693.7
3199.47
6297.16
2122.72
3322.93
1915.16
1952.96
4019.69
8202.95
3612.38
2172.73
2518.67
2892.5
2137.31
1662.28
3782.47
1857.86
4693.98
3084.54
1821.36
2734.39
3207.09
2828.04
1784.49
1434.72
2550.63
3949.03
3399.14
6653.88
5425.53
2147.36
2128.77
3730.25
2163.02
7496.69
1669.89
2395.85
1694.11
2414.86
2155.62
2647.11
4679.34
1635.84
2278.17
4978.3
2542.3
3893
3744.62
2499.87
2393.51
1880.77
2178.45
2677.4
1512.16
4128.6
2472.78
3497.53
4094.97
1663.71
1756.51
1937.72
3381.17
5120.36
2417.29
3015.64
15098.8
3307.51
2968.35
2743.34
3279.49
2401.6
4352.42
2013.17
3290.51
2154.55
2555.91
2883.69
3607.4
3229.6
2762.66
2661.24
2499.19
1400.72
1974.28
1545.47
3439.41
1804.95
2883.2
4820.59
1512.52
5243.83
3084.7
3306.31
2503.68
5951.53
2126.8
4621.01
1675.68
3527.19
3038.8
2336.65
2068.36
3038.12
1512.7
4307.78
2537.9
1378.67
3358.02
3820.87
26933.9
1999.92
3153.53
2894.43
3954.87
1633.08
7856.4
3548.69
2668.43
3913.41
2296.84
2328.17
2954.53
3705.17
3105.38
5793.55
4395.17
4174.23
1909.77
2328.59
2424.75
1917.44
5305.05
1442.57
11295.3
2806.08
3627.74
4620.43
3908.09
4486.99
1491.27
3827.96
1926.66
2814.5
2886.52
5689.81
2409.35
3346.5
2393
1897.66
2256.65
2031.46
1410.03
1699.25
3308.91
2238.97
2829.53
3567.85
1331.38
2299.39
2206.43
1814.29
3923.23
2818.85
4561.65
3170.53
4710.89
4405.6
3144.13
3965.91
3751.76
4489.09
2368.94
3779.65
1881.25
1930.27
3958.62
3429.63
9253.02
4058.57
2295.45
12440.7
1343.83
5441.01
3642.07
4343.84
2767.72
3448.99
4190.25
2407.95
1631.28
3739.6
4419.29
2753.59
2376.08
1799.33
2007.15
2876.1
3176.25
1988.73
3079.35
2122.63
1797.98
4533.96
2825.08
2593.89
2242.95
3176.59
2123.81
2146.73
2643.8
2372.44
3321.5
1788.26
2543.35
4196.83
3289.23
2555.06
1892.01
4696.38
1960.74
6712.55
2073.39
1422.82
2435.32
1780.78
2344.46
4620.15
1239.22
2227.51
2431.89
3546.93
3702.12
2009.74
4569.92
4975.1
1868.15
2759.44
6375.38
3959.24
4692.78
3449.65
2502.18
5727.15
3470.05
2360.84
2561.27
1465.5
1722.78
2122.33
3811.54
1237.87
2350.33
3997.87
2265.02
3447.86
3192.59
3257.24
1783.25
5725.58
2894.71
2838.65
2359.22
3426.18
3078.69
4127.81
2819.12
1612.22
5265.25
3973.8
3817.31
8287.16
2966.08
3458.18
5533.77
2385.86
2117.5
3883.05
1749.34
3064.95
3549.45
3347.43
4477.27
2628.37
1766.7
1975.39
1575.95
4618.36
3748.42
1464.23
6996.41
5114.05
1900.72
1225.85
1653.57
2024.1
6044.01
2192.87
2954.06
7571.42
3147.92
3958.66
3264.11
4187.5
5202.47
2231.28
1715.64
3464.96
2080.6
3367.94
1515.29
5893.99
9033.23
2318.19
2009.21
2135.91
2032.49
2037.7
2948.31
3615.09
4485.71
2000.4
3095.21
1586.9
3188.02
2654.52
3145.07
3809.33
5111.37
4309.03
2524.81
7447.76
2368.84
2169.9
4091.35
3461.48
3625.71
2609.26
3440.5
2796.06
1888.67
2559.12
1858.44
5118.28
2651.27
3971.24
2632.66
1579.33
6385.87
2042.76
4351.22
2197.93
1751.33
2353.22
2006.78
7021.69
3995.46
4951.7
3651.5
7384.9
2895.13
2979.61
11210.1
2598.67
4359.88
2067.32
2671.92
2652.18
2405.46
1889.45
2119.58
1539.76
2080.52
1766.01
21044.4
3388.99
1426.62
2130.59
2676.3
1656.73
5507.91
4095.23
2461.44
2217.05
4325.22
5061.69
2099.15
2124.61
2225.26
7239.82
1683.04
3116.75
5579.01
1322.1
2434.6
4579.92
2354
3610.86
3683.67
2708.66
2364.52
7309.44
2061.75
2272.53
3454.51
3021.19
2167.29
2457.51
2046.29
1728.84
2198.92
3073.92
3224.76
2130.7
4127.55
2195.73
4035.13
2373.27
3847.2
6513.65
8438.32
3072.82
2176.34
1619.84
1703.55
2250.1
17164
2841.59
3057.57
5822.85
5513.2
3623.19
2369.72
2520
3278.1
4789.86
3480.45
4686.81
2590.69
3820.77
1996.01
2337.38
2548.61
2876.84
2575.32
2131.3
1958.8
2510.45
5355.85
1643.44
2542.14
1850.59
5152.45
2592.98
9838.15
4706.22
2699.99
2967.51
3544.8
4522.52
2621.22
2412.56
3185.02
2768.03
4183.12
2124.72
3458.1
1878.74
3129.18
2471.22
3364.35
2823.09
2115.54
3295.93
2641.11
5504.82
5251.15
2836.42
3543.56
3817.4
2730.56
2104.05
8562.29
2462.54
2302.5
3542.15
2010.32
2195.63
2794.67
5659.68
2763.55
2058.24
2060.04
2039
2443.29
4038.23
2402.81
3194.34
2412.25
2746.42
2857.67
5455.61
2519.15
2421.8
1604.28
5083.48
3232.37
2185.25
3131.31
2195.41
1724.18
2817.11
3711.38
4310.02
2053.66
3977.21
2329.62
4692.17
11483.4
3992.08
4938.87
3494.8
2738.04
2418.42
2825.01
2819.78
3788.93
5388.7
5309.16
3113.79
2316.58
3158.67
3542.68
3194.05
3147.74
2730.65
2743.38
2246.1
5091.33
3749.95
3151.26
2320.27
1810.11
4076.31
7498.97
4491.87
2616.52
3301.42
1864.95
1687.48
1948.48
3992.91
3961.23
3484.32
1792.45
2120.49
3389.34
3895.1
5493.86
1908.18
1966.22
2418.81
3702.33
2175.13
3953.71
4538.53
1619.82
2237.16
3322.23
2727.81
4170.75
4986.94
4032.88
2432.73
2628.05
2623.14
1448.11
1737
2409.51
2438.93
3583.61
4063.56
1658.59
2970.87
3553.05
1716.34
2043.27
2084.39
10091.9
3602.64
2478.99
2187.68
1877.77
2972.63
3002.83
2072.07
2320.94
2125.7
2566.79
3431.9
2051.47
6057.23
1578.43
2931.54
2470.38
2435.92
3482.14
11400.8
2240.42
2602.4
2280.28
3218.06
5546.64
2293.68
2165.01
2921.29
2748.62
3845.98
2781.57
2709.18
1716.59
3158.84
4038.15
1988.83
2604.47
2207.72
3180.45
2327.86
4823.5
2034.37
3086.37
1806.14
1809.96
2638.58
1786.87
2691.06
2096.56
4570.37
9255.05
4458.29
3170.58
2710.06
1971.2
6025.73
1830.02
2551.66
1539.99
3128.6
2248.91
2865.69
3250.48
1761.59
4853.07
2301.35
4996.73
5223.77
4865.82
3065.09
1922.66
1469.7
1768.36
2963.22
2397.24
3684.5
6746.77
2256.13
2285.96
3817.42
3922.44
3428.18
1986.35
2163.82
3841.18
6258.23
5602.54
6457.16
5844.81
2276.29
2654.55
7528.34
2770.16
2820.6
4595.16
1701.45
2290.81
2809.85
6260.25
4407.8
3597.48
2972.07
2412.7
3311.51
5042.65
2353.52
5119.43
4032.94
2506.67
2445.56
4919.13
4764.52
2650.79
3323.17
1620.28
2669.59
3422.21
7540.55
2694.17
3163.68
3847.49
4750.65
4524.81
4595.61
2493.09
5921.09
3136.85
3979.52
3965.03
3296.26
2179.95
2012.66
3599.27
2311.92
2385.35
4018.39
1896.48
3141.11
2173.33
3939.53
2059.54
3143.5
5448.81
1780.73
2691.12
1795.68
2451.41
1724.98
2987.33
2702
2881.3
2887.71
8363.33
2603.79
2375.64
2562.89
3031.5
6996.78
1554.08
2332.83
3238.25
2903.5
8888.54
3647.61
3069.26
1420.79
1394.42
2155.85
2104.29
5449.81
4716.89
1904.27
3386.59
2764.94
3436.88
7119.34
5405.68
4636.71
2212.93
3494.71
2871.49
4063.19
1814.11
8998.29
1946.15
3044.45
3762.22
3008.61
5905.88
2248.38
3538.91
3917.65
1530.6
2762.34
4091.04
3495.78
3798.22
2518.71
4233.4
2003.69
2570.21
2645.07
6367.76
3965.74
1837.01
2925.24
3690.64
1889.73
5985.72
4102.91
2027.3
1460.21
3417.44
3504.76
1990.31
4612.6
3766.77
1883.07
2369.75
1631.82
2903.82
2215.28
3654.66
2342.91
3009.38
1508.15
5607.7
2648.55
3500.64
3071.64
2719.97
3439.8
3093.85
2412.19
1311.3
3425.63
2809.69
6032.12
3080.66
5996.09
13542.6
2709.41
2192.79
2461.77
2417.7
1382.12
5831.87
3789.53
2618.14
4502.92
3548.42
2782.09
3549.14
2420.28
1799.01
2429.95
5549.63
2125.62
3115.96
3921.08
4175.93
2657.75
2722.74
2597.37
4131.79
1480.7
1887.77
2767.69
4453.5
3605.44
3713.74
3018.8
2341.07
2408.52
2974.78
1640.13
2410.23
4529.21
2069.65
1913.27
2076.59
2766.38
2273.7
1827.75
3296.2
2591.53
2427.38
6112.46
2262.14
1798.94
1439.98
5189.86
2938.7
1698.11
2448.87
1361.85
3451.26
7634.4
4066.09
4189.92
2533.85
1843.25
3613.94
3824.87
5076.2
1821.11
3792.96
2003.51
4970.33
6501.2
2775.91
2295.23
2889.98
2340.22
2915.96
2084.38
3323.97
1696.02
3537.45
3385.39
4129.37
1677.39
3416.15
3071.19
2882.39
2639.9
2918.34
1938.08
2611.78
2035.52
5901.28
1761.38
6573.99
4447.13
3564.35
2156.69
2560.04
2665.5
2331.04
3859.98
3331.84
2164.26
7104.23
2528.26
2046.5
4014.71
2643.36
9174.26
3371.75
3784.87
2174.06
5259.93
5530.37
2929.94
2895.35
1753.52
2563.53
4656.3
2205.85
1939.95
1692.36
1539.47
3224.58
2909.55
1588.42
3028.19
2185.05
3518.96
1679.96
5796.85
2263.31
2145.85
4450.23
1893.79
4855.04
3159.6
2873.78
3628.82
5098.86
1939.3
3285.77
3039.9
2417.07
3488.56
2803.67
2195.13
6285.94
3520.32
5676.04
1420.96
5214.84
2184.23
3270.64
3659.07
4339.11
1857.3
1449.34
2776.59
3974.74
3395.92
1938.74
2107.9
1839
3385.48
1905.61
2813.56
4550.43
3160.49
1646.03
1406.35
2194.99
2359.77
5605
3477.91
3585.13
4010.35
1516.13
3493.89
1458.3
5528.67
2681.43
2079.15
9942.49
3071.42
3240.47
1845.57
2031.51
3464.5
2531
2103.43
5683.71
3964.79
8044.79
1539.81
5237.39
1422.94
4901.86
1982.87
3169.02
4377.03
1229.19
2878.59
5442.56
2260.52
3027.74
5346.52
2434.66
3072.24
3804.66
2217.33
2479.7
3275.64
2521.31
2784.8
1661.38
4363.83
3158.73
3478.34
4767.84
3949.75
4149.63
1972.98
2400.27
3141.73
2512.16
2439.12
2696.65
2211.18
3048.67
3096.02
2667.21
2300.89
3063.72
4444.25
1224.08
3190.97
3264.2
10972.6
3730.25
1921.87
3020.61
3036.8
2681.85
2060.94
2144.85
2575.95
2321.78
2384.94
4437.98
1854.12
2644.11
2304.96
2666.53
5279.14
4118.99
4581.66
2301.49
3649.33
3452.58
3279.9
1671.87
1910.25
2802.07
2072.87
3333.56
3351.24
3238.53
4853.4
1729.08
2960.03
4444.95
3617.14
2025.32
1893.97
2070.16
2945.71
5261.25
1839.69
3911.03
1529.62
2324.78
2534.31
1315.93
1657.16
2014.54
2044.95
3312
3873.14
3433.05
3979.82
1820.09
1956
4669.34
1329.8
4261.68
3007.5
4227.47
3417.12
4849.04
1697.66
3282.97
2310.3
3487.11
7596.26
1532.06
5587.52
2742.33
3621.92
2682.54
3427.34
2999.28
2371.79
3758.34
3960.79
3921.22
4928.43
2596.18
4501.89
1962.92
2071.6
4782.01
2379.58
1345.92
4014.29
3068.01
2550.32
4250.64
1812.07
5628.99
3233.06
2873.24
2947.19
2432.96
3579.24
6155.61
3947.31
3112.77
4414.82
1895.74
3418.06
1924.67
7366.64
2656.87
3173.35
2713.86
2754.3
3084.23
1753.71
15452.2
2378.53
1819.73
4375.46
2902.49
4830.46
2032.78
2380.85
2294.31
3730.48
3040.05
1688.67
4614.6
2806.06
2417.17
2966.03
2656.19
2945.23
1191.13
3214.33
2585.04
4088.3
2038.44
3902.89
2399.82
1950.11
2488.2
3943.76
2429.07
2081.22
2341.2
8026.61
4359.2
3033.38
2549
4015.29
1566.07
4801.01
2885.09
10270
1715.43
1502.93
4445.02
5041.82
2271
2069.33
5182.66
2859.5
6627.65
2051.3
2352.42
3385.8
2182.16
3179.19
2275.95
8106.03
3300.1
1675.97
3328.42
3599.49
2505.91
2153.29
2336.55
2098.69
2869.82
1901.49
2223.05
4033.31
5428.5
2348.41
2617.73
1642.14
2300.77
4066.03
2578.25
4443.22
3381.69
2692.72
8215.34
1254.4
2885.7
5066.17
3783.03
3336.13
1698.23
4908.99
7077.27
1954.86
2525.53
2219.3
2199.42
2908.89
5184.98
2824.84
2903.94
2624.32
1662.53
2654.65
2069.25
2733.08
2387.29
2633.13
2156.2
7500.16
3870.16
2937.26
1968.47
1601.2
3020.53
1781.83
2137.83
1652.35
2292.02
1681.65
2552.09
3427.26
2243.01
2903.77
12592.2
1382.52
1678.15
2059.48
2247.49
3023.67
2629.4
3394.51
4491.03
1940.32
3164.32
3526.06
2885.97
1495.74
2882.87
2560.72
2076.45
2704.02
8652.86
3340.63
2302.25
2952.41
1694.2
2238.62
2114.45
3315.12
2507.68
2066.97
3114.79
2541.22
6100.28
7674.11
2774.79
1951.54
2253.41
1915.59
3378.33
2713.15
3518.19
1826.96
2963.58
3211.44
3028.32
2031.68
2052.53
3793.2
7043.16
2772
4170.48
1931.19
6661.78
4951.62
2297.47
3907.8
1670.52
1988.75
3640.06
2992.35
2415.75
10472.7
3436.88
2965.2
4299.08
5392.86
2992.53
2537.02
9116.55
2193.54
11963.7
5537.33
3224.17
6555.91
2212.12
1806.58
2741.24
1631.79
6242.01
2100.57
3641.1
5151.04
1848.81
4104.88
1829.99
2319.29
2200.32
6715.55
2311.64
3324.5
5883.23
9323.35
2815.78
2835.2
3467.79
4696
7622.58
1883.51
2878.23
3752.21
1820.19
2428.56
3076.57
2939.27
2560.37
2134.58
2553.14
1690.87
2205.59
3855.34
3521.21
2692.17
3428.95
6461.05
4605.03
3784.86
3399.55
5051.12
2337.8
2924.73
2898.52
2586.64
2712.16
4352.86
4695.12
1623.28
1775.28
3634.55
1914.87
1444.4
3054.28
6360.06
2938.29
2763.52
4316.4
4999.23
1800.52
4157.41
4891.9
1799.05
2983.16
2577.21
3126.33
5044.96
3926.14
2504.57
4190.31
1605.57
2256.69
2194.14
3545.03
2264.07
1385.93
3049.9
2207.72
3661.56
3429.33
2177.97
1671.98
3524.44
3701.22
2222.19
2686.59
3046.46
2871.86
2817.31
3194.56
13306.1
4440.51
2705.3
2069.77
2331.55
3132.12
2513.4
5127.01
2647.47
8173.95
1567.63
2084.17
3187.02
3041.58
3433.98
4871.39
5003.61
4170.48
1438.59
3493.24
6418.08
3751.13
6927.97
3757.89
1847.45
2380.54
2593.78
2696.35
4772.85
4128.3
2379.31
1182.34
3337.91
2722.02
1797.3
1705
2849.47
1483.09
1978.47
3414.82
2097.54
2258.79
2789.69
2601.66
3920.76
1769.48
2514.19
13700.1
4410.22
2335.89
2313.51
1809.66
4975.56
2047.81
3904.65
3143.69
3010.84
2450.59
13295.8
4209.07
1944.04
2215.94
2501.87
1640.79
4957.46
3446.13
3489.81
2741.17
2158.12
2179.02
4174.71
7751.66
2118.96
4731.99
4916.76
6413.9
3713.83
1781.67
4398.95
2450.68
3196.24
3141.69
11806.7
5875.99
7834.3
1533.37
5113.83
2568.64
2135.37
2063.09
6308.41
4621.38
2345.75
6740.19
2904.82
1595.07
3247.95
6645.41
3214.67
2622.93
3010.74
2884.05
6301.9
6960.9
1699.57
2600.02
4537.51
2385.89
3172.91
1966.78
5934.45
2433.68
3609.2
4898.86
4326.67
2951.91
1915.67
2475.32
2226.06
2697.07
2208.32
1543.44
3540.59
1772.21
3264.92
1692.27
7594.89
1841.2
3466.32
2789.98
3327.38
3382.16
3622.02
5081.03
2609.37
2774.63
5393.25
2469.31
7599.41
3730.03
2839.41
2797.66
3323.75
3949.52
8868.04
1778.62
3240.75
2506
5396.37
6471.62
2534.87
2322.63
1509.31
2757.81
1675.58
2531.89
2894.36
2785.73
4754.75
2216.28
2169.5
3037.32
7594.72
2517.56
3009.61
8329.96
5832.29
2133.57
2103.44
3001.55
3451.69
4447.92
1390.62
1604.76
2252.44
2619.83
3235.27
5176.4
5354.62
3405.53
1525.46
1888.03
3484.1
5873.74
1653.35
4392.79
9134.83
3539.39
3406.97
3605.78
3481.84
2358.46
3693.59
1598.35
2160.71
3668.38
2948.06
4253.35
3224.23
2064.23
5639.59
1972.25
2821.37
2462.84
2965.94
5335
2458.35
4091.83
4260.72
2700.45
1835.46
1825.86
2315.71
3412.19
1698.34
2938.96
10574.5
2551.72
1244.41
1788.86
2067.81
2160.84
4508.97
2294.41
1102.48
2485.25
3966.48
2124.82
3319.96
4558.49
2916.05
4572.94
3120.94
5958.35
2272.36
3911.42
2512.19
2490.41
2978.39
2702.49
1948.29
3023.53
4192.3
2978.83
3530.06
3410.59
3024.34
1993.25
3075.85
4395.65
13094
3932.6
10849.1
2517.37
3395.48
2201.2
2751.16
5534.73
2632.24
1474.58
3406.17
3147.4
2027.91
3227.81
3620.08
5424.21
4335.53
3878.87
1980.63
2657.84
2405.12
4540.77
3245.31
4133.11
4591.62
1354.68
4961.36
2189
2442.19
1861.18
3495.79
1772.72
2329.62
2831.47
2413.16
2371.35
1531.44
2098.86
1862.91
1720.05
3612.6
3575.7
10562.6
3571.28
4314.86
4630.67
2193.09
2867.1
5972.68
4866.46
2634.98
3622.39
1719.99
2139.91
3917.71
4555.85
4299.76
3744.74
2082.55
2000.64
2840.85
3460.6
5416.48
1921.2
4679.39
2301.41
2636.2
2812.86
5439
2562.25
7411.52
3066.61
2120.86
5981.48
1520.02
2002.66
2775.71
5684.85
1997.07
4654.57
3442.6
3201.68
1952.69
3627.07
5690.1
1729.71
7840.91
2540.1
4344.48
5354.18
5483.13
2687.12
3137.9
2970.2
2772.83
2360.14
3266.51
1647.32
2430.12
2156.79
4642.62
6358
2236.58
4797.41
1705.8
2571.66
4583.95
2311.66
2786.46
1929.07
2494.82
10467.4
1551.79
3033.35
7232.33
2152.83
2827.25
2921.17
3200.61
4205.75
1665.79
1798.22
2346.47
2327.54
2402.47
3784.58
3721.97
2199.63
3467.4
3534.08
1415.73
3783.79
2751.28
2734.56
7398.11
2859.04
3546.12
3632.12
2012.34
4889.33
2280.47
2667.21
2830.62
2964.03
1964.92
2409.7
5484.24
2184.9
4140.25
3549.76
2250.37
2582.28
12659.6
2175.95
8664.06
7858.14
2176.58
3765.08
1808.23
3912.22
1799.31
1942.1
2264.55
1998.93
4121.7
1928.58
3607.84
3310.35
1262.33
2381.18
8374.13
5698.28
3988.62
2246.05
2259.05
6678.68
2544.17
2156.41
1436.05
3615.07
6897.88
1954.23
3155.27
5995.81
2397.74
1643.35
2703.77
1364.66
4065.62
4112.99
2151.43
1726.24
4837.46
3562.28
7709.18
3887.81
2973.8
1731.14
3928.31
4926.57
2254.27
4042.6
1901.65
2833.66
2660.69
1768.13
2817.93
8053.68
3806.44
2551.75
3254.15
2386.06
7718.51
2987.72
2477.15
2348.03
1075.41
2157.12
4328.25
2953.62
2264.1
8712.55
2575.45
2794.03
2978.81
4657.16
2906.14
2799.68
4317.82
3678.56
4241.11
1897.95
2134.3
2977.95
2591.65
3350.27
4671.43
4442.63
1897.2
2269.55
1678.34
3404.54
5058.45
2464.53
2058.78
2465
3207.26
3807.69
2310.61
3760.36
3783.45
3093.8
2457.71
1774.57
6182.15
2044.45
2494.96
2501.06
4656.81
6829.08
2264.02
1873.05
1816.46
1362.86
2762.16
2802.57
4258.42
1297.73
3658.21
2429.4
2506.38
1958.7
3702.97
2363.6
1610.16
6696.95
3708.43
3131.02
2108.89
5227.63
1431.38
2001.65
1786.77
2434.11
4449.46
2069.28
3360.48
3355.07
1295.93
4145.24
3155.57
3619.58
1823.4
2678.38
3334.32
2532.92
2647.47
1847.01
3376.89
2159.69
2570.8
2392.6
3835.34
2169.3
6018.25
1410.01
3343.72
5251.22
3263.47
2381.32
4352.01
2130.21
1823.83
4208.12
2434.06
1993.12
11049.4
3741.89
5557.8
6130.69
2455.61
2094.41
4641.64
1726.21
2989.02
2145.11
4431.89
1794.66
5053.34
5990.17
3784.13
4547.44
2619.82
3329.54
2860.06
2521.79
2703.51
2634.56
4256.46
2529.82
3408.76
3356.59
3887.89
1780
5349.5
2174.1
3801.87
2867.35
2358.35
3281.15
3449.7
1580.25
4987.59
4224.71
3170.26
4022.29
1548.92
1721.39
3283.54
2950.23
4081.89
3212.93
3605.38
3667.47
3764.18
2042.16
3084.87
1619.93
3700.74
3883.97
2145.68
2921.82
3880.83
10143.1
2392.22
3184.61
3633.89
13125.7
2356.34
3752.89
2031.9
13764.2
2881.45
1634.07
1780.17
3243.25
2970.22
1809.4
1300.22
4543.52
3089.09
1489.83
7228.34
2519.75
1537.71
4376.49
2741.06
1701.44
4474.63
2252.47
8515.3
3016.54
2486.62
1831.97
2755.06
1672.53
2332.32
1948.09
2592.66
2975.71
6479.6
2341.37
2449.55
2874.58
2840.83
2545.65
3769.9
1304.01
1911.73
6704.63
1419.63
3536.86
3519.01
2728.38
2239.41
2766.96
3387.48
2308.31
2808.71
2740.01
2148.08
12893.9
3029.84
1987.71
2823.68
3578.88
3651.48
3386.63
1790.4
6528.06
4729.44
4034.13
3032.82
3061.06
2799.35
2193.41
2766.41
1790.17
12237.5
3055.49
2316.23
1716.72
3666.22
4266.3
1902.86
2257.01
4026.92
2008.71
4714.53
4022.89
2677.21
2278.08
1792.95
2869.46
7796.32
6448.57
2414.44
4866.93
4793.67
4417.12
1305.97
3095.48
3149.02
3192.44
1398.11
4551.45
2106.68
1572.36
4918.09
3297.32
2606.37
2331.6
1613.4
7360.53
2956.15
1891.87
4288.37
2059.88
2895.18
4154.28
3396.96
4895.83
9691.36
3781.57
2105.19
4378.95
5695.68
2677.4
2447.14
2188.5
2504.5
3684.32
2161.66
3402.04
2070.45
2140.08
2088.65
2993.95
2174.34
1795.68
3830.8
2003.01
2249.11
5636.48
2756.92
3822.21
1998.01
3052.49
1867.5
4582.83
1339.68
2017.75
2705.4
2478.54
2516.58
2419.54
2485.84
3513.94
2948.76
4299.79
2510.54
3476.25
2860.2
1517.49
4282.3
1450.65
2610.89
4102.66
4757.38
1861.89
5059.31
1780.25
1309.41
4630.17
5012.92
6132.26
8027.42
1660.73
2678.65
5583.95
1720.97
1583.8
2410.91
4056.75
3251.87
2159.78
2295.34
2208.91
2581.57
1821.07
3865.13
3761.31
2018.58
4441.48
5117.51
2183.25
2070.7
3055.2
3013.07
1994.8
1723.84
3035.18
2166.97
2444.22
4116.24
4454.15
6676.37
2058.6
3865.84
4190.42
2185.83
1548.09
2956.23
2145.4
1946.54
1629.36
4098.5
2422.12
5704.88
5020.54
2386.63
4386.94
3391.97
6372.67
4497.27
2683.53
1912.56
1863.6
3420.7
8704.77
2378.09
1601.84
3104.35
3071.56
2003.99
2867.51
3850.3
1957.56
1973.76
4263.82
2573.85
6039.96
3385.55
1977.14
2714.66
4342.39
5715.69
2810.08
1611.37
3085.74
5304.31
3489.46
2709.75
1913.87
3285.56
3467.76
1916.57
1962.01
4417.4
2040.21
2836.04
1676.66
2653.89
2679.05
3317.74
1671.82
2125.09
9163.66
2454.11
8060.54
1781.25
5694.24
3374.3
3714.23
5105.84
4194.67
2413.64
4047.8
7562.21
2298.53
1718.13
2517.47
4642.42
2087.12
6745.5
2389.32
2490.8
2118.37
3046.69
1807.13
7417.57
1875.93
4280.2
2111.59
4452.96
7413.36
2226
3880.19
2867.61
8264.63
2349.09
2355.09
2720.78
1953.41
2187.38
2057.11
2261.76
2736.64
4056.43
2561.21
2782.02
2513.63
2108.13
2648.16
1600.77
3085.59
2530.26
2232.21
3608.74
3074.83
4512.79
3955.87
4528.91
2481.07
3177.54
2282.97
2413.32
6142.73
7443.52
6356.91
3594.14
1668.62
4312.11
3195.23
2890.53
2161.89
2650.33
1785.92
1796.61
2100.68
3134.23
6762.51
4791.58
1691.19
1475.53
3577.52
3072.31
2248.06
3622.16
7023.24
1829.72
1491.91
4701.42
3058.47
3323.14
2153.83
2970.27
2485.19
2185.41
2006.39
2719.34
1581.55
4035.5
3399.01
3681.67
3592.97
2049.33
2454.85
4467.99
1438.41
2967.73
2058.4
2111.96
1865.8
2025.17
2358.36
1734.68
2776.94
1903.52
2119.55
1935.52
1812.83
2866.76
2540.09
1895.97
2350.09
3961.89
8772.99
5963.05
5972.28
4228.42
2575.09
1733.46
1673.21
2938.91
2272.96
2148.59
3222.12
2566.47
2173.52
2962.2
2585.72
2175.01
3290.76
2654.91
6532.67
2450.84
2587.29
1933.07
3636.52
2873.77
1434.92
2095.1
3958.84
2872.67
3080.11
2883.95
2250.07
1972.89
4029.95
2004.3
1650.35
2315.53
1994.46
5968.3
6592.51
1565.57
2516.75
6683.69
2659.83
1452.03
2733.68
2264.54
6323.81
1830.08
2194.71
2204.34
2763.53
5678.59
2462.55
3405.27
4665.5
1928.06
6486.2
3741.65
1702.25
3327.07
3137.01
5817.96
1662.33
2393.95
2428.55
3023.51
2385.93
4855.75
2651.9
2738.84
1878.29
2066.15
2153.97
2178.18
4130.9
2371.08
19497.3
1954.77
3676.02
2421.39
2586.92
1954.16
2801.53
2134.94
3179.27
3123.38
6367.04
2416.92
4720
2530.38
3699.25
1256.28
3016.11
1557.78
3523.74
5364.92
2355.39
2927.61
2791.41
2131.03
1863.81
2821.05
2702.04
3893.48
2781.37
2044.64
2360.07
2756.86
8947.49
2159.21
2803.89
4385.22
1788.04
2965.52
19965.3
4090.92
1518.96
4200.38
4543.79
3354.69
3108.52
2480.24
2368.77
2375.37
1989.96
5029.99
2425.97
1662.99
2762.35
3977.62
3264.57
2741.21
3754.91
2489.97
4766.14
5046
2297.34
4774.75
2859.66
2072.77
2477.55
2118.64
3265.4
2948.4
2576.66
1607.05
2053.96
1981.31
4226.33
4887.74
2723.28
6088.48
4699.08
4111.08
4146.51
3866.45
2212.41
6023.37
1670.06
2548.56
3001.57
4808.44
2547.46
4740.33
3513.86
2871.21
3588.06
2001.99
1930.02
1612.33
4281.59
2723.79
3741.8
4157.24
1792.18
3245.94
2052.85
2386.21
5065.77
3906.92
1320.92
2371.91
3314.92
2500.98
5235
4446.59
1819.59
1976.65
1734.61
2266.49
2042.98
2324.87
6339.77
3312.35
3507.26
3288.87
2188.58
2106.18
4303.25
6742.39
3039.27
1700.44
1274.99
2114.39
2304.38
4372.82
1681.97
3356.14
1750.74
3731.52
4194.98
3384.93
2057.67
4785.22
2698.9
2723.03
23474.5
3124.68
2359.4
2521.06
1247.92
1859.88
2160.17
5259.63
3318.53
1937.62
2793.45
4025.12
1704.62
1686.61
1970.49
3300.82
6324.95
3395.54
3603.23
6851.27
1773.61
2256.16
3471.56
4151.46
2743.59
7663.97
2305.97
2686.17
1937.88
2381.62
1714.51
2971.35
6362.28
5802.99
4090.49
3211.44
2065.64
1654.31
1822.45
5357.19
1570.55
1894.93
4083.65
6383.94
4486.59
2052.01
2589.38
2402.72
5582.54
2204.08
4283.2
1675.07
2073.22
2494.48
2414.04
1668.85
6365.94
1884.87
3135.22
3454.77
2977.98
4995.62
2564.77
2488.92
3652.5
2611.19
2397
1965.16
2916.93
3008.01
3461.67
1677.18
1482.75
3005.45
4678.01
4321.96
3741.86
4446.57
1841.21
3559.17
7821.97
1950.89
4206.29
2014.35
1664.51
9062.17
2217.57
2571.75
2444.58
2761.11
1867.9
5697.9
5609.19
1605.88
2190.28
2309.93
2459.05
4053.8
7123.2
3967.17
2267.13
2206.75
1504.27
2060.1
1954.36
2034.56
1798.94
2882.87
3535.16
1994.36
3866.51
1470.63
6118.3
1782.19
1355
2214.69
2198.64
5297.81
6713.15
1961.14
4705.23
1599.07
3020.64
2320.85
3882.98
2469.6
1884.75
3557.92
3962.97
2499.09
4819.46
3432.01
1846.58
2738.4
3046.52
4207.97
3048.23
2030.94
2569.48
2801.66
4910.18
1403.5
3897.27
2270
6790.81
2203.09
12610.8
2158.7
3027.16
1508.85
1488.27
3003.07
2672.07
2879.23
3907.66
5195.12
2138.56
2850.83
4646.97
3406.11
6604.06
2296.01
5268.75
3309
2197.15
2710.42
3478.16
6727.95
3553
3059.09
7499.3
1525.73
1354.34
1727.34
4437
2136.87
3671.94
2416.05
1903.68
5730.87
4938.71
3473.15
1565.03
3830.58
2258.56
7151.37
3661.52
3404.23
2359.12
2683.23
2605.24
4352.01
3016.59
1521.93
2452.14
3019.71
2222.01
2048.93
2695.22
1708.15
2813.52
2308.8
15940.6
3746.22
1959.06
1674.9
3851.94
2208.62
3280.67
3598.79
1938.79
1712.05
4469.4
2101.43
3736.1
6368.03
5026.65
2307.98
2287.87
2668.76
2379.93
4374.5
1660.13
2695.49
3462.31
4050.55
1962.08
4629.62
3770.91
4664.41
4054.7
1231.97
1846
5918.62
2494.93
1903.08
4599.06
1864.34
1751.19
2275.5
9277.41
3761.28
2441.99
19811.6
4354.85
5387.69
3679.85
2636.37
2595.56
3657.35
2713.88
5023.9
1871.25
3662.01
4535.72
3088.74
3775.41
6988.19
6121.45
2233.15
2367.5
1723.61
3047.43
1580.25
3359.2
1716.69
2490.72
4283.22
3118.16
4771.59
2001.66
3716.96
4377.28
4042.63
2600.07
4984.89
1743.59
2886.59
5378.92
3330.34
3028.17
2581.76
1922.04
1823.53
2145.66
4985.14
6659.37
2718.83
3080.72
1814.54
1857.82
2718
1537.54
4804.19
2374.95
1855.07
2109.57
1233.39
2220.54
4516.45
3680.32
2734.71
1712.07
6723.66
1985.44
2594.01
3508.45
6067.46
4970.84
2336.77
2542.77
1647.41
3877.92
1746.29
3956.73
3633.94
3741
4874.44
3381.3
2255.51
3277.74
2210.89
2191.32
3871.05
1664.78
4356.29
2496.99
4125.01
2976.81
3006.09
2075.95
4109.51
2281.99
2111.34
2045.32
5372.08
3620.56
2779.58
2851.28
2130.79
5449.01
4688.33
2395.08
4494.23
3461.81
1569.25
3692.44
4533.8
4395.85
2181.99
2825.93
4789.39
2084.28
2316.91
2809.85
2951.51
3223.65
2621.85
2317.36
1865.67
1588.11
2504.31
2266.48
5964.51
3501.34
3020.97
2120.5
2762.65
2836.64
1623.97
3380.96
4200.21
3048.79
1923
2221.56
2660.27
2883.85
3319.86
2541.59
2930.11
2536.39
2929.26
4662.07
2616.87
3458.5
2450.55
2577.57
2098.94
2736.51
2419.32
3444.24
3349.13
3854.32
2246.43
2772.2
2898.04
2958.08
3017.53
1188.94
6517.49
1967.74
2486.99
2342.76
2025.71
1629.07
1830.3
4423.65
6477.15
2636.73
2852.5
3767.02
10527.2
1401.69
2355.71
1877.87
2210.95
4965.54
4485.74
2595.46
2705.36
1850.15
2299.29
3741.1
4371.53
2510.85
3366.56
1810.76
2623
9334.88
2057.85
2162.67
3115.88
2851.6
4003.44
1784.68
4082.61
3228.68
2646.72
1769.32
3048.44
3491.68
2429.36
2557.35
2796.34
2558.57
1788.26
3860.82
3571.11
1660.64
2827.53
1912.49
3115.56
1807.33
5605.99
1629.32
3494.95
5533.34
1375.19
1757.31
2566.86
4098.79
1841.07
4881.79
3215.16
3344.03
2703.58
3167.3
1754.57
1494.9
2364.89
1761.2
3731.74
2698.22
3861.77
3825.16
1593.75
7331.1
10570.2
2145.16
1669.81
2168.23
1542.95
1867.99
3221.55
2943.01
2368.25
2450.71
2309.43
3545.41
1487.14
3392.59
7267.45
4042.33
2335.38
2661.06
1620
4852.45
4649.06
6555.25
4614.8
2378.26
2770.25
2163.92
2839.82
7694.16
1689.71
1663.8
2194.5
1957.95
2763.68
1935.92
4320.61
3048.15
2734.04
2787.36
2714.07
2539.55
5744.96
2745.66
2213.02
2746.74
5396.54
2877.86
3052.46
3803.63
1668.24
3468.51
2043.69
8332.79
2198.1
2566
2769.03
4026.43
2305.74
2751.45
2952.13
2836.31
2423.87
2920.35
1320.08
8628.17
5674.54
5813.6
4335.52
1928.63
3506.14
4084.13
3442.88
6024.39
2421.4
2984.57
3239.18
2289.19
2530.73
2561.09
3041.07
2185.99
1270.47
3047.83
4454.64
2335.66
2512.13
4798.03
3239.12
4803.85
4372.57
2287.47
3894.24
4550.96
1877.93
2615.92
2555.03
1308.08
4298.54
3483.09
1690.91
1929.7
1408.78
3216.19
3163.66
3304.36
5575.09
1882.48
5892.45
3844.26
3084.61
3111.36
2082.02
2702.82
4903.24
2583.95
2538.76
3005.77
2872.54
8027.79
4093.44
3467.78
4659.24
2595.41
3401.41
2136.57
2307.47
2191.69
2799.94
2058.18
3280.33
5525.36
2665.45
4973.73
2775.57
2593.55
2460.03
4203.69
2691.7
2307.8
7854.82
2613.73
1628.36
3859.92
2285.41
2061.27
2155.92
1760.96
2265.37
3614.58
2220.25
4701.72
1818.5
2478.43
2531.59
2239.64
2621.82
1404.13
5577.43
3983.1
1839.04
2806.92
1655.16
5670.3
4125.7
5044.68
3217.88
2607.49
3443.87
2306.06
5780.42
3783.48
1829.09
2597.01
1578.16
2343.03
2885.11
2108.88
3752.36
3429.35
2276.83
2747.64
3811.3
3510.28
3188.2
3559.48
1778.77
3488.13
2212.27
2968.32
5213.2
2497.91
2304.64
5105.49
3506.4
2454.91
11297.7
4269.06
2021.59
4668.48
3124.16
1884.99
2412.01
2031.35
8594.96
3088.04
3249.55
2398.67
5180.78
1605.4
3288.69
2819.88
2053.42
2129.53
3602.74
2555.07
2061.11
3962.32
2873.95
2196.41
3114.62
2398.86
2962.29
1709.36
2303.14
3452.1
4005.16
2678.73
3213.4
1433.94
3381.9
7257.94
4869.27
1616.35
3021.13
2203.19
2656.76
2089.24
3175.35
2326.78
1702.26
2310.39
2124.93
2741.44
3049.29
1936.83
2402.63
2507.21
2209.67
3912.35
3877.44
2456.96
2106.72
3392.27
1964.27
3412.26
2621.22
1717.89
1653.6
1716.63
4133.66
2611.37
1841.05
5551.01
4877.09
2095.34
6027.61
2655.71
6732.85
2410.22
2889.92
2706.15
2830.08
4327.32
2225
4665.61
2267.66
2029.7
3088.02
2403.66
1693.31
4457.6
1674.69
2568.1
3084.2
3642.53
2738.76
3000.67
2982.72
5152.51
4493.02
3992.56
2429.27
2354.72
3343.64
3272.65
3579.32
3181.1
3153.37
2509.93
2097.39
4659.35
1958.87
5376.85
2030.66
7077.06
1846.96
1956.02
3100.52
6361.49
1828.77
2413.81
1914.76
2875.07
9801.73
1858.66
7458.23
1855.64
1318.46
2781.5
1350.79
2562.54
2367.3
5107.57
2457.45
3911.14
1837.23
2497.46
5400.74
1745.12
2801.84
5172.78
1744.76
4174.42
2041.46
2264.12
2802
1708.56
3571.11
1911.22
3453.3
12465.2
3533.55
3196.9
3135.59
2718.1
5653.43
3147.27
2924.52
3332.85
6037.06
3766.13
3498.59
2258.84
3617.73
4210.1
2602.79
4480.32
2384
5912.73
2327.87
3085.45
3060.77
3134.43
6321.06
2634.18
6400.11
4072.09
3151.93
1834.74
3547.35
3634.71
4104.71
2270.06
2221.53
2226.96
1762.21
3345.92
14264.4
5007.23
3133.21
2335.71
3944.71
4429.37
2021.19
3604.18
2464.34
3015.93
3128.22
2228.46
2426.78
2582.71
2748.81
6588.77
2055.46
4876.89
4368.95
2391.55
3300.92
7334.29
3265.66
3875.36
2048.08
2286.96
1533.86
2416.34
4288.17
2884.73
2436.59
2928.07
3178.39
4997.94
2231.61
2237.72
2647.73
4534.32
3339.35
3006.15
2756.14
2444.57
1318.41
4491.33
2831.59
1998.8
2608.08
5093.62
1698.44
2087.56
2037.16
3560.21
2403.42
4231.09
4597.56
9705.63
2013.23
1559.16
1822.54
3764.25
2798.6
2295.7
2870.62
1821.5
3306.95
2548.93
2025.36
5499.18
3106.12
4376.31
1909.58
4147.03
4547.69
1856.11
2292.58
1736.14
3621.88
2094.1
7042.26
4953.98
2296.87
4102.46
1736.39
2078.91
2071.98
2758.72
1626.25
3551.02
2615.91
2233.51
1675.34
9309.54
4147.51
1806.23
12139.3
1712.33
2162.83
3408.69
4208.94
2419.38
1708.38
3482.03
2178.97
2502.81
2542.22
1950.36
3316.32
2279.61
3171.63
5245.18
2177.19
12818.1
1955.91
5805.81
2426.36
3176.28
2752.98
4192.54
1428.18
2905.36
3095.09
9575.39
3215.52
2274.09
2171.93
2476.2
4896.18
3166.62
2378.18
2079.94
2920.96
2223.87
1687.16
3165.12
3397.47
3494.99
2353.72
2237.63
4896.04
2828.69
2106.34
1662.29
2521.47
2436.37
5846.46
7287.69
2779.63
2283.29
3157.96
3465.48
1695.84
2394.47
3923.31
2382.12
1447.15
4090.65
4807.5
6981.73
3643.79
6275.2
2189.22
2566.11
2561.13
2790.44
2115.12
1676.84
2157.03
1691.47
3431.82
2666.31
2048.73
5185.95
2034.64
2898.89
3699.59
5088.84
1852.41
3041.85
7348.57
1920.19
2256.64
2387.24
6245.16
2573.21
2996.9
1785.32
2750.56
3057.9
2492.01
2757.46
2115.88
3815.01
1915.94
1467.99
1987.28
2098.98
4299.58
5767.34
1841.16
4210.12
3040.05
3720.8
3257.63
1975.44
1896.52
2772.16
1860.5
3486.99
2994.57
2370.08
3032.82
2605.8
2570.11
9352.05
4242.93
2276.57
4843.17
1863.3
1600.88
4247.1
1875.8
2082.34
3818.54
1489.7
3625.17
2881.51
8313
2170.63
7772.4
3388.59
1928.81
5682.01
2088.25
2227.49
2128.65
3415.24
2082.21
1872.18
2770.71
2166.27
3360.18
2457.94
2140.48
2088.7
3926.49
2532.06
2001.45
4640.42
2228.99
4830.36
3604.09
2408.04
4346.88
2394.18
2027.24
3026.28
2136.28
7127.75
2328.02
2108.21
2394.88
1962.63
1955.94
3595.28
2429.76
1323.64
2795.67
2236.29
4878.44
2741.74
4431.61
2448.41
2853.41
3056.41
4606.93
1813.69
2125.31
2279.4
2470.38
3751.09
2826.93
3385.64
2580.09
1590.03
3371.35
1364.13
3580.36
2172.96
1890.5
2442.14
3772.37
1515.04
2473.8
2451.49
2499.43
2595.55
2217.21
2797.32
3075.15
3897.13
3185.98
2400.59
3158.9
1884.69
1988.65
3080.3
3370.13
1536.99
4349.01
8064.77
5145.33
2883.46
3230.04
8418.11
2793.87
3183.28
3706.34
3668.48
2780.02
2167.68
5939.08
4370.36
2103.03
6062.57
3639.07
1539.28
3265.06
2464.63
6195.8
4294.21
4511
2881.14
2636.56
2968.62
1762.92
3318.39
1651.3
5406.97
2124.62
2423.14
3934.11
2291.82
2862.36
3536.3
2306.51
3187.72
4196.41
5598.43
1953.8
5741.65
2167.36
3437.21
2960.74
2111.81
1962.5
2396.11
3678.14
4115.38
3704.8
4459.52
3089.87
2665.83
2650.19
1673.55
1682.9
2904.44
3695.59
2113.63
2923.54
1753.27
2338.87
13450.7
6524.33
2461.09
3401.89
4047.65
4108.77
2980.18
2545.87
4778.9
10695.2
2125.23
2567.87
2394.75
4922.21
2669.69
5593.56
2114.53
2449.03
3594.13
3133.62
1791.78
4928.89
3600.96
1781.3
1789.45
2516.9
2594.34
3351.63
2164
1485.55
3913.01
2043.25
3779.08
3664.45
2295.92
7165.58
3857.78
2182.86
2576.65
2873.19
9196.39
1693.87
5969.07
2100.37
1788.8
2947.05
2845.1
4934.43
3231.15
12216.3
3055.73
6958.87
1778.22
4608.71
2261.35
2570.34
5204.99
4604.84
9172.46
2411.47
2738.44
2017.47
2082
2384.37
6907.42
3917.79
5660.64
2728.61
2578.47
2395.94
2012.84
1893.39
2985.29
2945.42
2593.38
3100.66
2800.36
3164.24
2624.19
2193.45
4021.32
3300.47
3543.36
1641.85
2816.77
2526.62
4172.5
3561.83
3297.96
2753.36
3735.2
1754.66
1789.48
3370.24
2498.53
2669.74
2186.98
1780.8
8385.28
3334.43
3463.11
1879.82
2419.66
4742.55
2714.18
8372.74
1761.69
1526.39
2185.57
2880.07
1955.33
15184.3
2281.37
2222.59
3053.15
2312.19
2044.65
2476.71
2524.22
2852.37
2257.01
2764.49
2695.11
2274.57
7576.96
1902.6
3372.04
4627.92
2222.13
3391.6
4676.5
2361.46
1745.57
4625.16
5154.82
5531.68
1501.58
2150.54
2252.05
1998.55
5266.84
3248.02
6352.98
2435.5
2627.2
1862.68
3719.68
1679.38
3688.6
2227.25
3074.76
1567.26
3161.69
7527.44
1581.75
5709.23
4641.33
2325.43
2253.37
5347.8
3435.84
2092.74
3280.61
2300.07
2138.26
2024.06
1645.72
2028.31
4557.41
1285
1683.98
3588.24
1806.32
2727.29
2555.37
1723.45
2364.01
3405.13
3491.13
2463.71
2645.59
2698.59
1556.85
3785.44
2736.51
2871.36
5255.73
2904.27
2674.36
3623.27
1524.04
1722.45
5203.14
2992.83
6980.66
2214.25
2379.27
3277.31
4490.3
1813.91
2300.35
2447.87
2322.28
3564.17
2925.19
1546.37
2128.47
2211.04
1785.45
3925.85
2493.52
2603.97
3191.06
3502.24
2244.84
4238.38
1855.34
2256.4
2644.65
1725.55
2874.74
3362.3
2888.41
7065.09
3506.08
1177.56
3092.34
3529.57
4021.32
1925.1
4216.14
2269.42
2229.75
1757.96
2133.85
5437.16
2277.03
1976.62
5817.7
2887.73
2508.27
2564.79
8353.9
2572.9
2947.6
4143.75
4068.31
4277.67
4854.69
2164.97
4005.11
2150.32
4960.16
2882.89
2781.55
2847.05
3226.36
2722.08
12617.9
5169.31
1887.88
3396.07
2754.97
12878.2
1746.96
3252.25
2596.97
2436.29
1879.9
2353.11
2641.45
5388.53
3096.09
4233.29
1647.7
3899.71
2200.03
4166.81
3173.36
3083.22
3281.26
7236.92
6369
3134.65
3004.64
3744.28
1596.88
4370.39
3484.04
1899.83
4812.34
3028.87
5601.26
3128.87
1835.51
5725.32
2745.31
3385.8
2116.99
1803.89
3105.97
2403.7
2051.16
2239.04
4696.83
12505
2233.36
3372.14
3270.24
4151.29
2265.64
1619.9
1374.46
2955.62
4543.58
2333.84
2113.6
1112.45
2892.83
3071.39
3529.54
3692.31
2199.02
2518.27
2217.09
2651.55
4495.39
6600.2
4098.9
3928.67
2206.31
1391.86
2870.3
2316.74
4943.55
2268.11
1789.56
2202.66
1839.02
6572.51
2400.31
2669.32
3280.43
1867.86
7004.25
5328.21
3295.71
2758.18
4913.28
3010.83
3260.65
1597.83
1268.37
2324.14
2617.02
2998.88
3169.79
2259.43
7047.55
1863.74
2699.26
2348.81
5337.54
2461.09
3987.69
3339.39
1965.85
3049.37
1345.13
3247.6
2770.78
1335.1
3741.94
7172.77
2461.29
2990.93
1783.36
2454.87
3019.73
1524.45
5269.74
2799.66
2894.98
2110.52
3784.08
2145.54
3508.35
2583.76
2796.36
3795.01
6226.58
3799.07
3406.83
2107.87
2416.14
1802.68
1967.23
1980.59
5690.02
2440.33
8616.45
2094.62
3328.79
3320.81
3969.56
1953.63
4868.06
2465.49
9750.57
5170.85
3745.6
3402.99
2593.9
3431.07
3586.85
5821.58
1824.65
2080.03
2704.99
2452.45
1786.05
2385.17
6261.31
5364.7
3581.79
2938.67
2464.37
1649.46
6907.23
2065.25
3409.74
9200.81
15672.3
3539.94
3319.77
3026.52
2972.97
3306.69
2025.37
7351.71
2231.57
1403.39
1932.88
3810.56
3644.71
5945.2
2509.63
2105.37
7909.18
5382.93
4024.75
3969.32
2457.73
2713.36
2881.51
3986.6
2924.65
6823.65
2608.98
3146.03
3763.56
1444.61
2394.89
2021.29
3023.25
1749
2971.97
3999.21
2210.85
7315.94
2642.56
3066.73
4099.51
3904.04
4221.31
2534.06
3799.55
6891.69
3066.54
1616.15
2366.23
1702.72
4337.64
9557.71
2217.41
3023.22
3305.34
3780.99
5201.79
4198.25
1800.68
2167.67
2152.97
2164.17
6100.88
2526.82
2658.79
2015.02
6742.85
1222.83
3198.48
2252.51
1953.05
1610.17
2833.29
2068.58
5518.33
2651.04
3794.51
3311.87
5534.58
3142.36
2902.85
2840.55
3883.93
3622.51
8183.34
1837.16
5179.26
1369.64
2906.89
3002.81
1815.5
1665.69
4202.19
1332.69
3590.15
2612.41
1282.73
5895.32
4142.1
2589.79
3764.26
2198.32
5494.06
2848.17
3211.61
1854.92
3092.93
2065.61
2534.72
3302.38
2489.35
3014.63
1971.12
2514.25
4590.8
3184.01
2165.45
4494.4
3036.56
7298.2
2363.11
2312.69
1483.15
2027.2
3691.27
4460.45
3678.44
1908.69
2857.41
3725.28
1927.56
1485.58
1982.25
2709.76
1926.81
1792.48
2326.78
1834.45
2604.63
2584.31
2188.83
4711.67
2347.24
2148.05
1469.43
3961.51
2103.51
1455.29
2881.54
2707.52
2349.09
1752.73
2737.38
5907.92
2598.02
3057.4
2016.47
4000.48
3899.18
3656.22
2080.83
2729.59
2340.85
6697.64
4202.2
1865.33
6469.7
4340.8
2663.95
2328.98
4412.54
6295.43
2614.88
2715.56
2588.91
1537.44
2584.2
5361.25
1762.77
2027.76
2497.36
3844.01
3405.6
5495.29
3864.13
3362.87
2371.03
2592.79
5629.41
6096.98
2284.94
2079.86
1576.85
2193.49
1251.43
3769.96
5601.27
2294.4
3507.75
3677.24
3575.95
3030.5
1595.28
3074.26
6356.42
2436.71
3587.42
1904.74
1583.38
3062.96
2356.16
6366.73
1825.39
2372.27
3836.26
2862.04
2220.57
2513.35
1559.75
3151.78
2459.91
2375.41
1473.29
3824.17
2390.82
3123.24
4617.52
2289.28
3605.74
1559.81
2436.17
1841.3
1710.71
6256.29
2945.75
4492.58
4716.56
3288.55
2361.54
2766.53
2729.19
5191.93
2245.33
2859.24
3116.59
2706.64
7984.09
4633.23
1551.39
2984.31
2282.44
2440.03
3632.48
10612.4
3929.05
1243.87
2144.82
3205.36
3142.16
2440.04
2742.81
1770.07
3452.86
2856.67
3158.98
10052.3
3023.44
2442.29
5535.13
2155.17
3139.16
4756.06
3098.14
3423.05
1757.16
4100.52
5778.4
2778.65
2260.21
4628.87
5589.06
4236.02
5442.12
3422.44
5183.44
3302.83
1227.02
2526.63
2448.6
4407.45
2832.47
4396.14
3138
4142.76
2404.65
3433.64
4965.75
5662.3
2776.85
1505.36
2391.43
2843.3
1994.54
3923.48
4247.07
5185.92
2730.56
3508.21
2789.64
5158.94
2880.68
3945.71
1856.03
2258.2
1678.62
2605.82
1866.12
2537.19
2339.25
1424.76
2302.82
2619.77
3020.14
2039.67
7907.28
5566.15
1364.39
3976.68
3107.06
2542.29
1290.84
2507.94
2345.83
6061.2
2119.3
4251.33
2686.48
1656.49
4271.29
2613.44
2548.01
2985.23
2284.96
4466.5
2079.18
3261.25
1653.92
2149.32
2011.1
1726.48
4248.56
2363.48
6380.1
2798.83
2594.63
1937.78
3039.92
2753.55
2079.34
2332.43
1751.03
1648.01
2695.18
2498.64
3117.36
2304.63
1892.58
1353.64
1518
2588.98
4881.56
2474.24
1498.47
3243.36
2537.66
1709.47
2764.45
2331.8
3644.96
5438.19
2165.84
4712.85
3102.46
15176.8
2342.47
3087.99
2647.1
2635.78
4833.13
3587.84
2802.46
3257.83
7020.12
3416.84
4811.95
7759.52
2439.71
1836.41
1339.98
4144.85
1643.66
2996.73
7492.22
3794.7
3717.42
1259.28
2388.26
6969.18
1921.82
4841.29
5850.59
5238.94
5804.91
3614.39
2573.05
1422.73
1726.94
2348.15
4627.67
1407.98
2413.55
2205.41
2778.38
2626.02
2392.54
2569.22
4364.84
3529.68
3199.58
2922.56
2486.48
4119.76
3295.35
3517.53
2957.38
3223.53
4434.42
4040.35
4953.47
2606.17
2958.34
2595.56
5908.02
3028.12
4537.81
3382.17
3483.93
2631.12
3157.21
2805.84
6514.24
1913.12
3743.22
4417
4148.1
2967.22
3053.03
3504.55
2379.02
6688.94
1562.65
2984.33
3080.57
4181.24
2492.63
1729.77
1751.61
5267.14
1785.93
1761.41
2204.72
1334.31
2403.47
1703.82
1791.86
2228.4
2300.98
4665.44
3108.6
2192.41
2224.23
2609.86
12398.6
2320.8
2950.98
5574.91
3075.35
3357.51
2616.39
2964.99
1993.68
1656
4462.37
3596.61
3277.7
2517.04
6955.97
2983.95
2461.51
2421.46
2937.61
2677.82
2763.68
5331.76
2546.97
4326.24
3089.46
2981.97
3049.65
3770.96
3204.85
2227.45
3680.38
5126.16
2401.28
1984.96
3499.08
2750.19
3708.09
4737.95
2070.92
3383.05
1887.93
3050.28
1764.11
1510.47
3067.45
2750.26
2152.31
2679.35
2085.7
3866.23
2847.4
1847.66
2540.08
6598.25
2501.39
2699.63
2196.54
10444.4
2385.47
1686.59
2886.37
1505.66
4375.59
2181.16
2947.99
11931.1
3918.58
5821.53
1473.17
2051.35
2340.47
2560.76
1956.37
5042.14
1797.23
3146.16
5952.84
2032.76
2851.63
1470.7
2010.78
2739.65
2037.18
3110.62
2848.95
3514.51
4319.67
2353.23
3943.3
1902.74
1600.66
3920.85
8719.53
2577.33
4290.78
3271.12
5038.46
2606.48
3028.93
1704.25
2211.9
2598.54
4033.02
2668.96
4454.1
2683.27
2199.62
2134.45
4835.5
2021.89
2682.82
4350.07
2388.89
2188.07
2455.33
2934.45
4464.17
5295.78
3006.22
4906.53
2151.91
3495.89
3602.83
11943
2731.37
2465.72
1732.5
7978.87
2088.13
4256.82
2350.32
3540.99
3251.02
1756.2
4087.44
6816.64
3840.13
5730.75
3054.93
3302.73
3017.78
2748.52
1399.45
3218.95
2196.42
4639.93
2631.42
4142.55
1745.99
8743.32
3440.22
2930.94
1729.61
2113.42
2797.91
1873.28
2079.84
3247.29
3884
2659.36
6168.99
1843.27
2927.69
2953.15
5337.81
2990.98
4522.41
7570.66
2893
1970.29
4474.93
3761.26
2546.36
1255.32
4584.95
2579.53
7124.73
2817.1
3100.95
3190.04
2484.5
4627.93
2884.36
2101.12
1899.36
2348.35
1655.51
5998.56
2578.33
2865.71
1707.85
2559.54
4955.78
5068.28
1368.61
3177.09
9928.62
3153.83
4871.84
1778.55
1900.05
3062.47
3048.29
2709.18
3389.62
4260.05
2551.67
3586.51
1987.88
5420.13
2158.38
2401.66
1738.57
2181.95
2560.57
1962.27
1647.1
5483.12
18579.3
2450.85
2541.15
2674.04
1758.47
3168.38
1896.25
3221.91
1658.46
2510.58
2541.55
4178.8
2453.19
1604.67
2154.91
2763.44
3953.71
2645.65
2437.89
2743.46
2915.57
2923.4
2654.08
2465.22
2479.77
2887.95
2095.32
4830.96
1421.36
4068.95
2531.97
2530.94
6281.9
3239.13
2966.53
3520.61
3876.29
1891.8
3014.72
2073.05
2539.74
1579.56
5718.26
1995.18
3700.56
3254.46
3982.24
5967.1
2108.46
3765.22
10828
7250.32
1650.04
7101.45
1866.2
3938.66
3051.26
2055.21
1810.22
1783.26
2496.35
2676.59
4578.98
1977.43
2638.98
4585.72
1883.15
2169.65
2625.68
1611.52
1672.48
4152
3007.99
1967.62
4673.21
3832.26
1787.39
4822.73
2287.11
2178.62
3520.44
8474.52
1769.8
5289.41
2863.49
3374.17
2632.02
2374.12
3047.96
2747.6
5532.01
2826.06
2558.66
3018.35
2828.24
3553.83
1764.74
4163.05
4026.04
2055
6038.51
2110.8
3693.7
3260.39
2890.75
6859.84
2431.78
4032.71
3391.91
2693.65
2174.19
2824.47
2037.55
1750.68
2440.83
2317.18
4210.5
3620.51
2903.68
3269.19
4088.88
3274.89
1715.86
4236.11
2186.16
2388.88
1909.32
2907.2
2067.57
9122.61
2661.01
4335.23
1816.17
2244.87
3112.38
2677.97
7720.3
4125.45
5531.91
2066.1
1854.95
2604.23
3349.66
2807.12
2794.47
2281
2980.06
4085.94
3012.14
12699.8
5483.05
1631.87
3616.38
2245.15
3695.88
2048.32
2505.16
1683.89
2940.6
2343.13
4085.2
4186.55
3230.35
6719.83
4947.07
5585.18
3296.79
2439.02
1942.69
6330.9
2279.39
2476.21
5257.92
1284.36
1164.15
2017.13
3164.47
2340.08
1575.98
2148.61
2035.57
1915.19
4697.88
5367.68
4910.46
1790.18
9645.68
2775.54
3093.28
1873.35
1630.02
1802.1
3346.98
4376.32
1611.07
13437.3
3199.69
4100.26
6204.06
2832.96
4656.35
2179.03
2182.81
1886.66
3277.43
2196.53
2413.86
6075.38
1919.5
4315.32
2487.13
1734.85
2258.35
3057.82
3632.2
1744.28
3368.26
3971.63
2181.73
2358.94
5524.22
2885.98
1893.32
1506.35
2919.91
3242.65
2851.85
2511.48
2593.22
3988.24
1988.04
1898.52
4178.81
4774.8
3047.45
2466.18
1819.88
2108.96
2197.04
1733.23
2069.15
4682.12
2445.95
4615.83
1774.08
1550.96
3503.31
3220.3
2548.92
11295.7
1957.21
3601.85
2801.87
5127.41
4151.14
2600.84
1576.02
2106.01
4092.37
3830.95
1986.51
5581.68
2535.73
1895.75
2806.11
14835
3264.77
4780.43
2279.31
1708.92
1894.01
5674.91
2053.16
3991.31
2803.77
7710.45
1589.3
1490.12
3310.66
4151.06
2720.61
2882.21
3320.17
1938.65
2586.39
3734.02
9302.06
3181
2372.66
2936.99
1884.65
1618.42
3903.1
3082.21
5597.46
3514.57
1756.59
4567.26
1431.91
1934.04
2414.96
5260.47
1431.77
4826.82
2742.05
2225.92
4419.39
2451.19
1783.16
1600.88
3269.17
6449.73
2684.06
3631.11
4264.93
4887.2
2013.08
5448.04
2751.79
2259.59
1746.91
2888.21
3431.65
1543.01
2535.36
3645.1
4346.13
4669.67
4272.98
2716.12
5951.73
10881.6
2373.92
5288.31
1997.84
2712.68
1568.16
2915.56
1964.66
2490.96
2850.73
3058.42
4973.43
3478.67
4380.88
2652.02
4592.55
2832.57
4258.59
3970.66
1580.97
2863.69
4544.06
2032.36
1710.65
9799.61
2668.11
3759.38
2670.58
3194.89
2501.01
2873.84
2626.96
3655.67
5898.39
2534.4
2970.63
2225.68
3477.51
1515.8
1837.98
2220.36
2309.29
1900.69
4360.16
2978.4
2933.41
6121.73
3011.7
2290.69
3242.4
6503.44
1605.86
5950.53
2977.96
3751.88
3412.14
1834.24
2043.51
2577.3
3335.58
2678.73
4960.93
3501.19
2986.77
2660.37
3034.11
2791.18
2279.41
3915.55
3101.95
2463.69
2309.21
3911.97
6611.53
2326.1
2766.84
2136.38
2209.12
2987.83
4223.88
1832.59
3110.21
2853.99
2046.95
4586.8
2094.01
2633.67
1444.26
2599.14
1995.34
2336.99
2144.75
2403.05
2752.71
4082.44
5536.09
5886.15
4474.75
1714.91
2206.14
2641.62
2610.76
3068.57
2915.76
2436.49
2956.86
3595.34
4091.16
2451.83
2032.81
3470.37
1315.8
2619.88
1819.82
3725.31
12915.8
3650.88
1352.75
4157.02
4712.73
3096.57
3719.39
4387.44
3077.06
8415.15
4645.31
2428.57
3335.01
1767.59
3050.69
2471.76
2827.99
7331.21
1548.09
3076.94
1921.68
5574.1
4511.54
7925.73
1897.69
4405.46
3115.35
2260.14
6849.49
3463.42
1803.2
9265.9
8384.08
2033.45
2888.78
4138.25
2030.97
3870.33
2940.51
5460.42
6785.51
2022.19
8589.32
6470.86
2760.71
5915.04
5835.46
2978.81
2270.72
2524.95
3877.01
2269.22
1970.84
2442.05
1929.97
3062.35
5231.18
6026.82
5749.94
5208.46
5138.74
2823
6076.88
2765.56
2423.21
2102.38
3138.29
2620.34
1292.55
3174.03
1698.13
8280.06
3679.79
2881.14
4183.99
5581.76
12976.2
4339.63
1592.3
3116.47
3455.76
3295.81
3839.96
4028.79
1938.14
2320.05
2821.34
2245.17
2143.41
2473.2
2421.86
4658.16
4128.82
2593.84
1382.36
2783.32
3538.73
2895.6
3232.31
1823.01
2375.77
2450.77
4018.67
4724.63
4709.61
3218.97
3618.08
11471.7
2262.76
1820.83
5024.63
4316.73
2512.73
6304.79
4244.69
3302.95
5354.87
8885.5
3766.16
5913.01
2891.64
1877.4
2354.97
2456.54
2426.12
2045.56
4907.63
1903.58
4051.47
2981.85
4494.92
5054.62
3973.86
2101.23
1819.83
3346.13
4462.23
2047.14
2050.21
3431.17
2770.93
2619.44
3355.04
1909.1
2865.49
3197.45
3214.5
3112
5584.27
2334.54
1846.05
3183.14
7138.48
4844.74
2711.09
1990.14
3898.29
1848.63
2806.84
2758.69
3416.58
4304.53
2142.2
4268.02
3961.93
5530.39
2888.24
2691.3
2589.21
3018.46
2742.1
1681.12
5758.2
2955.56
7208.99
3701.84
4140.48
2590.03
2189.62
1477.89
4023.95
2468.7
3145.77
5264.32
2546.24
2485.17
1642.62
3256.89
1304.95
2411.38
2380.47
6114.98
3925.58
2314.49
4319.04
2127.88
1553.48
4419.59
2048.51
3030.48
3813.16
5068.78
5522.95
2833.38
4108.66
2936.67
4588.41
3010.25
5554.53
2665.25
2397.81
2667.64
2364.61
2561.59
2997.07
2315.8
2063.11
1823.55
3999.66
3075.33
2126.55
1752.21
2733.5
1840.57
2548.22
3721.74
3245.53
2720.23
3163.65
5745.9
2748.5
3112.37
4618.38
5194.64
2763.62
2683.38
1945.59
2574.57
3435.58
1403.23
8787.34
1826.71
1933.94
3190.25
1499.64
2058.4
2489.72
1929.33
2689.83
1789.28
2178.08
3310.61
3733.96
2693.72
2073.37
2540.64
3179.27
1890.51
2167.42
2196.88
3444.69
7455.22
5013.28
3607.52
10711.9
2972.29
2434.46
1859.12
2735.66
2915.57
5650.3
2112.34
11943
2585.09
7631.54
2189.51
3486.14
3458.03
2147.44
3221.5
2456.79
5362.59
2245.36
3070.63
7220.43
2431.14
3337.39
2064.7
1986.4
3091.12
3033.47
6566.82
2133.05
2143.95
3388.01
7935.92
3684.43
1546.05
2224.81
1714.18
3711.83
1562.14
1918.34
2588.19
4597.82
2397.49
2284.86
4477.19
2398.58
2290.68
7182.94
2946.9
2263.61
3266.43
6063.83
6033.91
2949.67
3368.05
3203.47
1513.22
2644.2
1867.56
2368.48
2679.95
4456.37
1772.8
3107.01
6841.06
3003.22
2414.62
4939.73
1812.14
1727.41
3077.45
1730.11
6412.69
2555.06
5403.23
1351.89
4187.25
1768.35
1837.56
2433.38
2053.75
2588.65
2343.18
1646.37
3836.02
2403.36
2213.23
2134.17
2273.44
2125.17
2449.24
1785.71
2862.44
1846.89
3688.09
2034.81
5228.7
5343.15
2686.04
1967.69
2684.22
11443.7
3301.98
3673.61
2221.47
2999.7
4574.8
2021.38
2103.32
5863.4
4538.78
3645.25
1825.73
8484.76
2537.66
2886.23
3011.84
2855.52
5118.75
1603.28
2366.67
2545.99
4017.08
3303.18
5583.38
3096.34
1628.56
1548.08
1538.59
1950.95
2702.12
1480.59
1558.19
4222.46
1264.12
1814.65
2427.01
2238.85
1668.12
2031.81
1922.12
2205.5
3707.01
3674.89
2646.63
4223.11
1537.59
5783.15
2093.91
1669.54
1542.95
2512.54
1995.67
3939.62
2630.29
1557.8
2115.82
3512.86
3116.56
3851.6
2358.63
3385.03
2831.81
2665.88
1956.78
4850.47
2737.81
1776.1
2669.01
3541.69
3163.1
3125.33
10179.1
2033.05
6789.8
2669.06
4624.38
3359.43
2120.98
2599.36
2350.72
2263.86
3549.21
6409.38
3723.79
4951
5372.35
1573.25
3956.79
7678.79
10024.6
2055.62
2359.11
2234.14
1371.54
2684.83
1814.39
2640.72
3374.09
1491.37
2503.58
2601.24
2529.74
2767.72
1984.01
2689.27
2431.84
1651.27
2957.31
2154.41
4006.61
4487.09
3259.95
2212.25
5600.9
2783.57
2482
1900.62
3646.21
2133.7
2425.25
2508.66
2914.81
2907.53
2249.73
7543.9
4633.07
10005.7
4716.29
2438.24
1495.31
3468.72
2032.97
2504.99
2087.91
9753.55
3161.6
3144.96
1559.06
2751.47
4349.26
3916.29
1418.09
6726.39
2474.49
4120.42
1533.57
3174.78
3238.98
2961.27
4121.54
3067.76
3622.04
4409.17
4846.36
2454.38
3243.88
3467.98
2976.5
1556.46
4231.75
4879.12
4025.06
4020
5279.26
3353.08
2786.7
2050.44
2692.38
1538.22
4684.55
1633.36
2170.88
2967.05
7387.59
3079.05
6814.85
2115.82
1937.5
2196.14
3704.05
2978.81
3072.58
2071.99
3899.99
3575.54
3192.03
1480.31
2520.69
1748.96
4659.8
1447.15
1792.53
4291.46
2899.72
2370.24
5949.51
4560.27
2568.14
7381.91
3831.87
2298.37
1628.64
6495.09
6291.07
2966.11
2465.75
1874.32
3880.65
3259.46
1467.02
2799.91
3837.8
2826.73
3939.45
4631.82
2822.47
2905.82
2562.19
1383.5
10434.1
3758.13
2637.12
2806.33
1937.2
2398.95
11222.5
1917.19
3534.94
1862.54
2469.99
2433.62
3299.87
1851.54
2546.36
2270.36
1851.87
4127.33
1545.43
4329.61
2774.26
1930.63
1739.12
2833.97
1897.81
4092.26
8564.55
1527.53
2175.89
5758.42
1993.83
1665.24
2847.55
4300.21
5867.19
2327.33
2440.59
2607.1
2023.64
1604.45
2980.83
2797.22
4953.52
2766.71
2530.73
1661.53
3103.75
2448.62
10706.5
3406.63
3600.79
3632.68
1869.72
2236.08
4700.01
1839.5
4652.25
3718.44
2483.02
2939.65
1909.16
3015.26
5614.46
2249.21
2592.01
3465.12
2283.51
1782.89
4604.16
1775.67
6129.98
5082.98
2164.42
2377.06
3450.06
2067.8
7914.98
2530.47
3073.92
3179.6
1718.79
2337.79
2527.7
3553.68
5355.45
5828.11
4816.35
2153.65
2685.92
1604.09
6028.98
2085.83
4904.55
3355.69
2414.76
4957.16
1641.37
3572.33
2570.37
3747.86
3480.65
2817.97
1893.55
1283.87
1725.43
5227.1
2002.06
2086.03
4317.07
2622.26
2005.96
3745.91
1823.84
1976.55
2291.12
3650.22
2101.06
4851.53
3001.2
1347.03
2669.11
2729.89
4701.77
3417.67
3389.4
2870.27
2388.49
1989.33
2558.22
5303.91
1638.27
3445.64
2479.92
4812.02
2871.81
2268.98
1413.59
1856.79
9135.52
2922.41
1873.75
3485.3
2425.21
5500.52
2391.37
3306.99
2071.23
1867.18
4860.07
7981.31
4106.4
2533.8
7319.43
2705.53
2102.88
3426.01
5835.74
12247.4
2424.16
3270.06
3401.15
1479.71
6927.52
2249.8
2554.64
5148.26
2013.81
9919.35
3438.59
3203.5
1966.78
4118.1
3226.77
2426.21
3547.34
2122.51
2901.06
2556.82
1802.08
1813.8
3249.88
2553.52
1686.13
2152.52
6127.23
2455.35
2045.68
4184.24
7506.8
2117.82
3425.9
3132.29
1773.65
3015.74
1879.11
1942.25
1867.19
1708.86
3025.52
2348.3
3569.55
2646.09
3249.25
4424.08
4494.21
3861.14
5229.6
2171.19
2391.46
1781.72
2333.8
2833.65
2265.08
3943.17
2212.08
6610.48
2710.66
3535.92
2644.63
1598.63
2027.18
2699.51
1772.71
2230.85
1986.82
1397.41
2427.46
3505.74
5122.83
1900.85
4268.48
2440.02
4059.07
1830.35
1810.77
6884.95
2225.81
2301.24
2627.67
3608.81
2429.05
2899.53
7383
3266.13
3004.68
4102.68
3384.75
4006.7
5833.9
7007.56
1123.79
1897.34
1717.3
7369.12
3516.03
2774.89
9864.64
2807.82
2196.76
2909.46
2718.64
2359.7
3828.37
6466.4
3789.98
4108.28
2889.73
2087.23
1850.51
3960.42
5234.41
3683.27
3527.5
3065.13
3437.37
7753.9
2630.86
3160.97
1896.03
2380.67
3092.64
2022.4
2468.64
2029.53
3208.58
1955.23
4504.37
1948.05
1925.69
2135.63
3328.77
2868.82
3684.55
2578.93
2306.29
2357.83
8849.44
4967.63
3610.08
3145.88
2375.58
3469.56
3112.94
1828.31
2211.8
2724.11
2360.09
6576
1554.4
3038.25
2551.24
3063.58
3820.15
4015.43
3294.22
3817.29
3840.76
8154.53
1580.48
3855.77
3149.17
2546.86
3371.96
6299.76
3264.2
4227.93
2022.61
1980.93
3828.32
1729.01
4013.36
4404.57
1038.76
1888.62
2559.25
2957.5
2109.51
7103.42
2595.33
3171.65
1729.2
1881.88
1094.01
2418.44
8580.39
4422.97
4277.61
3358.78
1879.52
4567.02
4889.05
8872.43
2328.16
3576.7
4201.75
2097.13
2137.7
2080.93
2614.53
1600.85
3185.51
5593.05
2528.5
1939.54
2537.01
1592.21
2986.84
9035.79
2272.5
3891.03
2347.78
6180.84
2472.71
1383.53
2829.91
2749.35
3018.15
4876.16
3415.55
2725.93
2072.51
1783.04
3680.53
1968.45
2390.81
2515.59
3026.4
2038.4
1756.5
2273.26
1433.11
1652.63
7137.22
1701.71
1729.64
2953.46
3390.48
5244.64
4025.85
1642.12
10763.3
4939.8
1885.55
2577.23
2194.48
4221.51
2606.03
2501.56
3063.72
3323.62
2403.22
1988.4
2081.94
4602.9
1482.06
1649.79
3377.37
9142.77
5666.16
2984.95
2461.46
2196.59
3012.48
2514.04
6818.48
2194.11
1805.63
5050.97
2922.53
2097.93
3967.34
3622.24
3439.72
2138.3
3398.02
3321.15
4687.13
3851.48
4389.65
4004.67
7245.71
2815.62
1638.82
4641.74
2473.99
2864.93
2446.83
3291.44
2385.73
2387.92
2893.68
2512.68
4618.94
2240.52
3490.83
2564.03
2845.14
4621.47
3674.25
5918.35
16723.1
3578.86
5702.59
5382.43
2489.19
5368.04
3162.6
3144.27
15418.6
2344.84
2742.4
1341.75
2595
2756.42
2494.4
1541.22
1614.47
1583.59
4184.41
3943.72
1367.21
1507.51
1262.45
2209.78
2896.71
5215.47
2884.65
3580.24
1938.28
4558.15
3318.4
2028.12
5524.48
3945.55
3651.27
3309.32
5859.62
1995.81
3597.06
6353.58
4355.96
3932.44
2495.88
2945.37
1902.71
3980.19
3332.91
2943.93
2541.65
1966.78
2311.83
3005.37
2985.09
2269.77
4953.94
2595.4
3498.9
1828.78
3927.2
2791.28
3664.59
5525.6
2622.37
3267.41
2356.14
2306.56
5527.3
2525.76
4829.61
7052.41
3091.66
1824.44
2817.53
4319.74
4681.34
1564.95
3919.52
2189.49
2475.76
3518.04
3140.02
6025.32
2802.61
2313.3
2018.42
3033.67
1776.38
1870.14
5429.25
3405.73
4527.11
3965.24
2410.01
2711.26
5365.53
2872.37
2789.93
2074.89
3020.12
2420.07
2754.08
3736.57
2473.87
4399.42
1504.16
4021.86
2435.54
3374.47
3809.85
7154.41
1843.01
2576.13
5117.66
1995.59
4017.97
1742.7
3410.16
10425
3029.49
4093.09
1915.2
1534.77
3867.87
2740.37
3914.75
2954.8
2652.67
3656.17
11661.1
1229.15
3530.72
1590.05
2914.82
1916.96
4920.52
3313.82
6331.98
2437.56
3057.6
2223.31
6122.29
2345.83
1516.68
1813.3
2604.52
1853.17
1867.42
2671.88
2661.5
1743.12
3611.42
2096.02
1630.81
3382.02
2641.17
1813.39
3582.55
2934.83
4857.74
4224.09
7025.59
2423.41
1635.48
1327.72
4420.45
2094.05
2280.41
3995.19
3745.13
1614.76
9143.42
2890.19
2505.02
3127.74
1512.81
3594.23
4281.94
3919.82
2905.57
1857.04
4780.04
3309.82
2496.48
1673.39
1452.42
2713.34
5246.68
3489.23
3032.37
2539.41
2239.29
2641.34
2255.6
1519.98
1701.23
3076.86
2905.79
1438.5
5474.92
3464.28
3326.95
2524.83
3853.76
4273.35
2554.95
3658.4
5586.73
1647.52
5166.48
1746.92
2665.1
2303.52
3100.52
3040.87
2328.16
2150
3947.41
2488.9
3190.87
3602.11
1984.92
2278.7
2878.87
1231.49
12984.4
6402.02
7661.99
5456.32
6313.32
2017.87
1807.31
2041.9
3823.8
3215.61
3537.11
2164.98
4801.17
1731.72
1882.58
3792.26
2761.49
2182.13
1553.16
5101.12
1872.66
8509.15
3314.68
2399.82
3848.49
1756.31
3025.15
3648.48
1899.52
11712.5
2500.28
1937.84
4367.29
2075.48
4549.85
1811.04
2402.55
3156.34
1096.02
5508.08
2432.82
2908.53
3702.49
2568.69
1729.6
1909.99
4383.31
10065.8
3692.9
3837.29
4263.06
2203.95
2241.67
1550.24
2856.04
2889.63
3345.35
1821.39
2261.14
1591.18
2663.17
2690.09
3831.92
10418.4
3892.59
1889.68
1779.38
1243.94
2285.47
4580.12
3392.4
3596.98
3539.85
3280.03
2486.48
7278.07
2767.9
2289.95
4692.53
5009.61
1930.3
2743.3
4244.29
3985.96
4270.05
5486.09
3919.57
1994
2168.9
3003.38
5571.67
1352.88
2499
3848.4
2068.92
1928.23
1968.08
6734.43
4604.73
1605.13
3233.89
2258.35
5119.12
2700.85
1700.94
2898.93
5149.65
3457.83
1777.15
2962.15
2766.78
2735.89
3085.8
3809.95
5324.72
2999.58
5201.82
2665.5
4005.03
1977.7
3097.33
4175.3
6641.04
2502.92
3606.23
1483.7
4400.47
4204.77
4265.18
2042.83
3687.25
5247.84
2769.21
2161.52
2908.69
4770.64
2266.89
3519.27
7999.11
4753.33
2006.02
2700.04
1984.1
2840.79
2181.27
3611.31
4843.14
5850.66
2778.05
2976.16
3387.63
5694.75
4552.68
8621.93
4942.94
3535.37
1844.5
2658.23
1650.66
2833.62
4141.23
5048.14
2190.29
6532.83
4782.74
3249.11
4878.3
3948.68
1984.63
4910.1
2329.89
3000.73
4141.06
2477.56
3219.76
4796.36
3494.62
3335.03
3909.48
2694.97
2369.53
4165.55
3684.44
4855.44
1996.67
2496.3
5808.59
6366.28
3614.74
4943.82
2245.29
1972.17
3735.86
2370.02
5031.96
3235.35
1752.69
2345.44
2731.27
3616.17
3123.95
1606.7
2266.97
3484.2
2039.88
1883.22
1938.29
2164.9
2016.8
2062.12
13992.3
4802.57
3580.38
3922.52
1239.81
5524.16
4129.27
2222.33
1650.75
1908.93
4012.16
1896.37
2740.6
2310.85
3918.68
2149.79
2694.52
2312.82
2178.98
2824.8
5276.02
2073.6
2613.38
2707.6
5824.19
3130.7
2139.01
4243.87
3048.8
2448.56
5250.51
1708.08
3964.13
2483.54
2467.63
2955.87
1876.59
3045.17
2453.76
4708.26
4343.97
2375.16
2751.72
1924.55
1726.42
3365.31
2132.75
2324.9
3346.87
2920.46
3649.22
3594.05
4757.61
2971.84
3066.16
1663.92
2175.75
2648.34
1986.66
3570.17
2537.43
2081.95
6040.62
2392.79
2923.65
2865.45
3110.27
1584.11
2355
1428.14
1860.71
2599.16
1729.36
2509.59
4304.3
1997.36
2766.16
2366.43
3090.13
4787.4
2731.28
2359.6
2889.71
2822.27
7225.54
6756.08
5085.85
4789.14
2387.99
5322.63
2753.81
3627.36
3667.19
5535.2
2358.15
4239.87
2487.69
1604.33
2248.72
2481.36
2468.38
2571.88
2055.61
2989.57
1466.16
2589.44
1938.22
4121.5
3020.18
2663.62
4357.74
5225.1
2148.25
6181.49
2296.89
3491.25
2752.17
2528.04
2733.31
2585.77
3230.73
5198.69
7926.43
3674.75
2758.91
2638.8
1686.5
3895.17
5241.51
2668.39
1723.39
5491.35
1548.45
6053.08
3147.86
7283.52
2526.41
1891.51
2084.21
2066.96
3024.27
2262.04
1870.56
3359.22
3512.8
3885.1
1521.94
2943.89
2523.56
3144.99
2499.95
2436.29
3535.56
1571.82
2746.34
4168.2
2953.05
3368.16
2941.2
2515.93
2593.73
1699.8
3725
3760.28
2130.93
1734.14
3909.99
2516.71
2128.82
3577.99
5376.25
3906.44
2167.29
3687.63
2636.15
7354.87
2131.35
2208.49
9997.2
2254.74
2073.15
3027.06
3471.85
2838.89
2170.63
4974.17
2417.31
7735.75
2311.03
3609.88
3115.17
5240.29
2470.89
7981.38
2869.64
2859.51
1753.18
1820.14
1615.88
5751.41
2372.01
1670.14
2262.55
4144.66
4489.3
2706.23
2659.95
3743.9
2242
1703.44
6599.49
1600.93
3317.96
2817.16
3655.21
2275.19
1486.29
2344.47
2245.15
2799.94
1795.96
4919.27
1858.44
1867.53
1951.05
3243.75
5652.93
2505.19
2772.88
2610.29
4054.8
2295.36
3530.49
1752.37
3838.57
1641.85
2863.05
2823.45
3021.68
2644.35
2010.25
4194.92
1714.34
2175.84
1930.53
9332.68
4774.26
4044.77
4630.88
2868.17
4096.3
8189.07
3413.8
1789.91
7318.88
6360.14
4125.5
3176.48
5661.38
4144.26
2140.8
2381
1908.73
5432.23
2400.63
6385.74
2528.17
2075.6
4142.04
2351.62
2696.76
3763.74
2869.99
2627.48
3597.14
2629.72
2280.26
2492.14
4258
2390.15
1268.07
5645.15
4852.82
2052.27
2400.92
5636.71
6358.49
2465
8159.17
5972.27
2301.14
3013.74
1343.22
2248.54
1482.23
2151.6
3419.5
3049.11
2628.28
2232.31
2177.74
3239.45
2666.27
3723.6
2303.65
3632.04
2126.19
3898.04
2082.88
1904.89
2210.78
1485.12
2352.06
2959.63
4973.48
3032.98
2934.6
2720.72
2119.25
3408.97
2484.1
2334.8
3488.33
6659.34
4254.36
2265.47
4464.29
2052.8
1819.72
3419.73
4049.15
2855.27
1546.67
4071.22
2819.97
7030.49
2942.99
3886.34
5792.72
4771.51
3496.43
2335.61
9059.93
2275.54
3008.62
6859.61
2623.12
1515.6
3875.35
3312.95
3104.11
4266.8
2080.76
2421.93
2934.34
2560.21
1604.5
1999.26
1972.94
2562.02
7448.49
2584.4
5199.6
2531.63
2746.18
7133.48
3218.78
1651.65
5191.75
2322.15
2172.08
10240.7
3132.88
2786.33
2387.78
3247.93
4225.91
2304.63
3475.62
1825.62
1845.03
5362.59
1870.07
2958.03
2290.09
1024.31
3243.78
3681.7
2812.17
1696.1
1591.28
2936.48
1341.76
4718.15
3284.58
2788.61
4588
2942.65
2628.48
3934.05
2597.37
3699
2491.64
2363.28
1702.26
4429.96
4078.53
2383.12
3353.57
4277.82
2536.7
4559.82
1617.83
2204.08
4183.14
1866.72
2755.99
1667.02
5020.4
2197.16
2267
4532.7
3856.16
4554.68
2431.55
2234.46
3001.37
1879.78
3885.8
2971.19
1945.8
3469.3
3992.5
3160.46
3969.78
3674.05
7387.03
2711.07
2436.43
3613.44
2095.12
4025.35
2654.03
2917.63
3515.2
3478.26
5359.58
2384.79
2501.7
1637.28
3186.43
1753.01
5777.43
2573.85
2344.93
2279.48
5539.51
4903.21
2056.6
1822.91
4320.53
3902.05
5138.99
2539.94
2465.88
3740.91
1308.45
1427.96
2748.39
2819.42
2458.25
2528.03
4890.28
3577.23
2256.79
2689.69
2407.31
3332.62
4552.78
1914.24
1391.18
1877.92
1291.96
10409.2
2667.22
5214.08
1738.14
4042.69
2293.43
2867.62
8261.15
4991.83
2687.99
2008.35
2110.63
5717.62
1836.46
3154.8
6598.69
2061.82
3102.66
1907.03
2330.42
1810.22
2995.54
2318.88
1841.13
3505.57
2935.68
1972.7
8454.78
2019.72
2917.93
4469.98
2106.79
4157.6
5840.85
4242.35
2671.97
1585.02
3982.54
3841.24
2663.49
2636.74
2551.51
2410.21
1422.76
1921.81
1640.42
2430.5
1485.02
3307.3
2606.37
1455.39
3115.91
1812.11
3053.99
1865.2
3612.06
1778.36
1943.48
2417.8
2702.96
6769.85
2573.18
1546.57
1692
5366.48
7009.77
3099.54
1858.51
1763.75
2356.23
5747.11
3070.75
1625.71
1526.86
2504.92
4427.14
1879.57
4490.37
3493.23
3232.99
1450.66
4712.01
3662.18
2910.02
2672.27
1682.64
11484.4
5729.19
2913.4
1687.9
4686.87
3007.29
10195.5
2542.36
2316.86
3993.27
3383
2770.33
4269.36
2077.66
6743.88
1878.18
2237.97
1725.75
1890.35
3130.01
2655.9
3256.44
1731
1911.88
2824.35
2376.7
4158.4
2214.56
1783.46
4774.65
1536.43
1651.32
2152.52
3744.88
2255.04
1275.97
2675.78
2105.66
3121.72
1631
2325.01
2189.5
2549
2717.68
3975.75
3500.6
6474.81
4495.25
5352.47
2506.34
2807.38
4060.37
3366.72
2828.06
3067.15
3153.17
3232.33
3303.17
2175.41
1371.49
2156.46
4438.49
6986.33
1892.51
2059.33
11428.6
1761.28
2306.93
3661.41
5246.18
1943.73
4610.26
2377.85
3185.23
3570.33
3804.49
4316.49
3207.64
2460.97
2657.84
3011.63
2606.76
2102.49
3142.06
2352.6
3568.25
3272.47
2397.78
2322.3
2372.79
1698.42
2655.5
4680.4
2256.41
5790.96
3754.94
3821.25
3201.85
1959.28
2282.31
7494.87
1968.44
2506.41
1551.51
2618.67
3594.45
1496.28
2144.6
1494.16
1731.78
2115.33
3804.86
3932.14
1559.92
4694.2
8227.81
3125.75
2495.72
1800.38
1850.03
1811.79
1925.37
2064.22
4166.15
1469.68
2577.13
3234.29
9886.01
7223.95
3891.47
2743.77
1902.8
3559.44
2214.01
3488.14
2200.56
3925.53
1693.01
3880.2
2379.24
1291.69
1823.06
5936.75
1674
2143.82
1467.13
1701.58
1616.57
2323.18
2459.51
6789.89
2369.61
6709.35
2747.42
2885.62
4097.26
5560.99
6413.61
7923.43
1196.15
2216.49
3216.62
4797.32
2227.36
2834.89
2296.67
6414.72
2236.64
2399.48
10702.9
3289.94
3467.63
1616.83
2294.47
1831.77
3398.74
2979.76
1840.7
3114.91
2601.66
4374.65
2180.46
1715.42
4601.71
2444.82
3234.48
2332.1
3230.5
2762.05
3688.88
1842.4
4941.18
2943.88
2200.24
2005.9
1934.07
1429.34
3474.83
1844.35
2382.3
1664.49
6313.99
5044.1
2593.22
2965.33
1517.97
4344.18
1671.02
2103.8
3913.16
2668.35
3076.22
3032.18
4374.26
1749.92
3052.27
2920.49
5485.38
1691.83
4738.45
3983.22
3937.88
1952.94
9399.52
2468.33
2325.81
1816.09
2182.2
2250.73
2045.6
2542.55
3746.93
3365.84
2034.74
5855.13
4083.65
3752.4
2336.14
3825.19
4120.85
2492.14
4587.68
3068.92
6765.77
6626.82
2692.68
1709.42
5120.73
3385.3
2493.79
4061.19
6355.92
3631.31
3589.29
2699.21
2773.06
5882.29
3461.86
2807.41
2771.96
2122.8
5590.78
3166.15
3490.45
5033.9
7525.41
2329.52
2681.78
1725.8
4029.86
3811.48
1646.7
1913.1
2518.39
2778.31
6718.83
3761.53
6153.04
5444.77
6923.7
4493.78
2854.13
1702.16
2630.55
3588.57
3530.62
5255.89
2209.18
2333.3
2356.42
4041.76
3027.08
1676.28
2934.89
3183.39
2269.63
1970.85
1688.16
2287.41
2027.5
2454.02
6377
2097.55
5709.25
2468.02
5427.25
1639.09
4290.95
3599.61
2558.51
4254.56
1469.59
2461.54
5841.73
2655.35
4020.08
1795.89
4545.34
6955.25
1867.6
2779.9
3577.78
2805.63
2810.83
1893.76
5073.46
6028.21
2258.13
4354.6
2339.1
1479.62
3357.32
3040.57
6715.42
2950.14
7127.85
3075.18
3544.57
5234.78
4696.46
2734.25
1835.6
6046.58
2837.75
5013.98
9440.14
2986.58
2243.68
1846.06
3624.3
2259.11
3952.93
5466.86
4365.28
5637.52
3782.97
1125.97
4806.67
4537.02
6682.8
3564.31
5071.37
1960.19
2660.09
2359.9
4681.14
2398.4
1926.4
4284.39
4473.5
4488.27
3977.02
2247.77
1541.53
4156.42
2979.98
3044.63
1683.95
2660.96
4055.79
3244.23
2452.01
2197.8
2216.46
2899.41
2679.91
2578.52
2322.31
3112.13
1509.93
1617.03
2923.63
2246.17
2635.9
4469.02
3630.81
2657.34
4169.51
2029.19
1155.46
7365.13
2615.09
8837.21
2739.06
2079.96
2281.83
2431.93
1869.55
3312.17
4264.3
2171.21
2700.94
3111.47
1981.63
1733.71
5916.28
1816.81
1939.49
6725.76
2286.64
1637.56
1574.13
3194.77
3344.22
4378.83
3386.32
3108.44
1495.25
1629.92
13819.3
2652.61
2590.12
1770.98
4563.2
2859.39
2184.48
2128.39
6510.74
5124.76
1803.4
4061.33
2238.66
1647.95
1668.83
2110.82
2684.83
2072.21
1699.17
4435.23
3013.97
2036.3
2085.12
2689.34
2262.22
3680.16
2046.02
2614.69
8457.99
3863.96
1879.67
3510.69
2998.84
2696.17
2618.48
1689.62
2125.67
2540
4729.84
1573.58
1863.06
1807.67
2332.66
2827.29
5993.34
2916.89
3628.91
2268.11
2274.2
5102.27
3021.97
1991.93
2989.11
2412.59
2362.54
2208.96
3198.44
3348.28
2040.89
2142.39
2781.86
3843.27
1726.43
3635.72
4708.75
1537.78
6086.66
3372.47
3533.92
1761.41
6671.94
2889.45
1365.87
3595.87
2157.58
4483.71
2027.14
2468.07
6266.75
2109.12
2265.79
1892.55
1711.02
2023.59
3607.31
8208.18
2355.53
2849.89
2040.75
2104.75
1781.78
4624.33
2394.6
6326.94
2605.49
1564.35
5851.52
1677.7
5149.67
3138.76
1777.36
8712.13
4688.2
1672
1809.76
2464.74
2082.06
2774.09
4820.54
4874.33
2029.94
4996.14
3476.89
4971.51
2097.14
2661.78
3132.6
1503.29
2621.71
3381.68
1818.85
4151.63
5754.62
2570.29
3873.87
2820.69
1943.84
1683.3
5086.67
3318.61
3144.81
3564.26
1947.87
1428.2
2326.83
2762.72
2865.37
1427.21
2298.25
3425.37
2718.58
3555.66
2178.71
2270.74
2254.08
2633.64
1917.69
1556.97
5043.7
7706.3
5832.12
2665.56
1794.63
4204.53
3457.7
4669.98
1515
2890.94
3158.24
6362.08
4531.49
2920.19
1497.56
4417.39
2019.95
4443.02
3879.57
3285.87
2966.02
2837.77
4305.1
1673.26
2255.59
2572.75
2166.43
3146.74
3688.54
7394.22
4109.84
2917.43
3693.15
2020.09
3892.55
1825.88
3026.49
4516.56
1909.44
2372.85
3591.61
2815.99
1929.89
1695.39
2136.39
7112.93
3462.03
2483.05
2398.23
3310.13
2344.59
5750.2
2142.08
1936.7
2167.23
2700.71
2142.58
1691.73
2742.24
5775.12
9582.61
5923.35
1625.92
2106.87
2395.09
3492.38
2037.3
4078.49
2358.89
3640.52
3894.94
2042.08
9538.19
5014.25
3604.17
2959.58
2929.38
3537.77
3070.4
3814.31
1508.26
2768.94
3478.81
2558.79
1871.16
4146.05
2560.96
3436.88
3744.39
2985.96
1207.93
6620.39
7436.12
3120.95
4035.9
2201.1
2185.18
2248.27
1436.78
4146.75
4736.3
2931.47
2171.77
1723.21
5078.35
3793.84
2723.36
1982.89
3584.68
1944.08
3194.01
7784.46
2083.48
2483.93
10065
2994.31
2034.81
1447.52
11337.8
7272.71
4946.26
3680.33
2416.04
6096.03
2511.13
3799.23
3382.8
8374.34
5378.97
6406.5
3182.24
2072.99
13478.9
3768.97
1754.61
2276.51
2574.8
3917.03
1268.04
2598.13
4043.56
2602.12
2369.21
6071.43
2143.63
2981.68
2172.44
3282.33
2203.73
2006.66
2603.45
1948.55
5577.04
2277.14
2185.2
2252.58
2863.67
2305.83
2893.08
3858.72
2504.74
3458.76
1955.8
1420.75
2320.51
2391.45
4624.5
3088.65
6058.95
3811.1
4679.94
3299.64
2920.82
3813.8
4417.99
1227.17
7122.24
2656.45
2468.37
3898.23
1982.88
5708.66
2414.8
2866.87
2486.96
2574.66
5091.25
3217.29
4051.07
2800.39
3167.42
2580.54
2065.24
4310.03
3011.72
1929.7
2922.67
1637.76
3218.97
3797.29
5021.17
1798.59
3751.2
2669.34
3639.5
1799.21
5197.11
10009.1
1693.73
2055.95
2147.72
1609.94
2175.17
1625.41
2256.53
3034.94
3342.72
2638.8
1908.59
1775.03
2929.68
2277.36
2942.57
1282.48
4133.68
3108.82
3166.69
2379.06
7354.06
3071.76
3567.21
2007.54
1595.2
4125.27
4303.63
1533.16
1912.56
10626.4
3544.56
7124.89
2429.2
2217.81
2538.72
1956.65
3521.49
2159.37
5066.44
3647.75
4645.66
3653.57
2705.77
2598.42
3235.4
2163.25
2709.65
1646
1624.57
1715.97
6422.19
5068.8
2903.43
3157.57
2413.4
2108.9
1974.44
5212.69
3300.69
2958.35
4114.51
7933.93
2847.91
3565.16
1473.34
4491.17
2978.99
2535.94
2545.39
4217.12
1560.45
3647.43
3063.98
3605.25
7257.57
2833.8
3251.16
3448.48
2649.58
2440.39
2500.5
1840.85
2235.63
4062.35
5174.02
6182.78
4559.51
6994.27
13195.8
2346.55
2947.4
2751.17
2000.2
2358.29
8170.14
2394.09
2034.34
2318.5
4618.88
5868.87
1558.59
1758.33
2447.52
4140.26
5394.26
1969.47
3714.91
1394.52
3529.52
2116.97
2905.02
2603.7
1801.95
2553.03
3800.76
1887.3
4091.68
6289.4
10617
3658.86
2595.34
4174.69
2839.31
2694.31
2063.81
2347.42
5502.01
1859.57
6898.61
2429.11
3581.91
2001.15
3420.51
1970.31
2834.58
2980.97
7485.44
2322.74
2974.3
7304.82
6301.96
2871.24
2091.51
2632.66
5870.21
1566.25
3686.65
1276.09
1913.02
1648.97
2121.57
2388.33
15136
1804.87
2473.24
3057.99
2073.58
1928.8
4015.56
2152.46
3063.52
3692.94
2431.09
3981.96
3612.37
3213.07
4647.73
3515.81
1766.33
2610.59
3461.64
3029.64
4025.26
2238.97
5455.31
4441.23
1982.49
2434.09
3433.61
4624.57
4000.49
2221.37
1280.55
3310.38
4297.73
7909.95
1573.46
4844.48
4481.5
3632.16
2545.63
2856.63
2405.26
2832.92
6176.88
9992.81
5336.92
2593.42
8263.08
2264.13
3657.2
2288.72
2158.22
2577.07
4079.62
2384.93
3149.31
2770.79
2353.32
5693.06
1402.71
4856.41
3235.78
2569.56
2781.33
1807.21
2112.71
3731.9
1596.59
4624.21
1282.36
2420.66
2318.14
2559.48
1293.35
3119.85
2965.82
2273.67
2613.51
2069.82
1712.4
2231.8
2854.87
3218.36
2126.45
3055.04
2026.26
2549.38
2114.1
3121.44
3271
8553.11
3164.99
2283.78
3198.5
7249.41
2808.83
4191.3
2450.4
2193.44
2502.6
3246.63
3377.65
3818.66
4021.63
2575.15
2868.29
3344.77
2049.89
2823.28
5601.99
2936.59
4255.81
3835.58
2564.16
3513.4
2760.26
4227.15
2126.61
3076.24
4327.13
2124.07
5683.54
1458.29
2347.76
3256.06
4280.48
2778.65
3414.53
2735.12
4728.54
2351.6
2174.94
3391.21
2223.7
3841.04
3677.94
3907.29
3282.17
4710.7
2772.91
3011.48
2726.57
2345.48
1395.33
3802.82
3354.52
3100.25
2976.89
3539.06
4294.45
3716.03
2300.57
1752.89
3750.75
2201.9
2585.87
3213.83
1507.82
2960.04
2461.71
2959.21
2493.84
3445.85
8306.23
1711.92
2619.16
1888.57
2631.9
4604.4
1878.21
5129.34
3236.22
1705.16
