2484.43
2286.2
2014.54
1941.17
1972.86
2373.54
2423.18
1704.8
2005.02
2213.02
1706.57
2039.56
2461.26
2131.73
1956.53
2036.27
2141.6
1808.8
1806.92
2008.28
2056.94
2601.24
1863.72
2675.63
1983.93
1827.27
2490.27
2272.03
2132.21
1921.76
1995.37
1873.47
2444.24
2059.62
2190.06
2411.46
1792.6
1967.86
2261.1
2332.48
1943.18
2380.77
2112.79
1968.47
2243.03
1900.97
2047.47
2251.72
2221.39
1903.54
1623.92
1958.89
2478.09
2121.64
2247.89
2494.4
2206.61
2020.22
2159.16
2249.75
2335.71
1793.97
2317.34
1888.77
1517.89
1854.61
1790.81
2635.91
1694.02
1957.24
2124.44
2061.29
2518.74
2074.35
2061.04
2047.9
2198.6
2574.88
2313.33
2361.07
2204.24
2290.13
2201.86
1833.56
1846.01
2217.43
2654.84
2451.9
2027.84
2002.8
2091.56
2203.04
2610.03
2285.3
1957.45
2430.23
1908.99
1868.06
1925.82
2223.03
2333.67
2012.53
2373.42
1872.64
1799.57
1897.6
2294.4
2452.29
2250.88
1933.4
2189.86
2496.86
1782.99
2260.38
2504.63
1793.79
1941.47
1748.86
1871.81
1958.38
1968.16
2586.67
2462.7
1767.7
2364.68
2238.77
2602.85
2278.95
1705.86
2252.26
2155.63
2033.27
1903.06
1768.16
2020.86
2232.86
2473.16
2358.61
2202.07
2527.74
2280.65
1926.96
1847.83
2533.58
2684.21
1866.37
2181.63
2007.9
1972.06
2188.64
1981.93
1906.61
2918.73
2122.06
2392
2698.33
2153.91
2280.57
2140.44
2285.11
2116.28
1888.54
2248.17
2200.13
2087.81
1710.86
2375.06
2553.81
1972.6
1837.33
1761.23
1646.58
2138.66
2102.04
1866.25
2125.2
2156.2
1830.65
2007.53
2024.24
1869.24
1871.79
1992.04
1688.22
2179.7
1847.58
1755.97
2291.96
2238.33
1733.07
2164.19
2043.73
1796.01
2693.49
1904.98
2054.33
2246.4
2382.19
1928.39
2861.04
1935.08
2099.72
1939.73
2230.89
1827.82
2183.82
2068.47
2459.77
1916.59
1981.41
1770.77
2440.64
2019.59
2759.34
2059.67
1935.39
2109.97
2067.43
1947.24
2223.16
2259.5
2354.42
1971.87
2513.1
2610.15
2328.23
2294.32
2092.07
1798.6
2173.39
2382.03
2056.47
2322.59
2178.55
2102.9
1649.47
2463.21
2079.44
1890.18
1660.26
1944.4
2497.68
2009.77
2058.4
1711.65
2667.29
2167.03
2280.87
2814.58
2211.88
2631.47
1907.73
2241.67
1850.83
2209.09
2614.73
2486.63
1795.58
2407.67
2031
2053.17
2211.15
2426.56
2210.51
2221.79
2344.5
2132.17
1849.96
2540.1
1952.02
1928.14
2416.14
2342.49
2049.42
2053.35
2355.2
1915.31
1770.47
1659.95
2663.98
1831.71
1948.92
1785.5
2082.52
2526.79
1887.52
1856.94
3110.46
2264.26
2157.61
2014.1
2641.25
1734.17
1777.27
2382.86
1962.72
2271.86
1764.16
1963.74
1839.8
1889.65
2181.28
1895.3
2116.8
1770.09
2307.38
2311.09
2279.51
2248.97
2301.05
2236.25
2506.97
1989.51
2025.24
2169.65
2656.15
2087.26
1997.46
1921.68
1831.22
2229.35
1763.96
1744.19
2318.05
1928.1
2449.88
1968.07
2491.45
1726.03
1971.4
2335.61
1910.81
1995.21
2223
2795.26
2285.34
1615.4
2221.94
2108.98
1678.59
2637.47
1855.8
1670.29
2005.53
1986.2
2487.39
1842.7
2307.16
2451.25
2291.14
2835.96
1993.05
2462.8
1763.09
2406.28
2075.09
1841.75
1961.7
2276.02
1789.47
2671.67
2251.52
2768.29
2294.68
1660.88
1683.11
1866.15
2067.65
2077.06
1714.35
1703.86
2115.12
2248.47
2477.1
2365.4
2243.05
1731.52
1906.9
1712.27
2218.15
1722.23
2779.14
2776.04
1847.11
1880.84
2194.81
2045.66
2107.96
2957.82
1590.58
2206.41
2428.67
1826.95
1703.85
2261.11
2279.51
3152.6
1971.63
1795.33
2188.63
2037.78
2390.74
1823.53
2472.94
1820.7
2283.98
1918.2
2076.57
2416.32
2225.82
1835.41
2241.5
2477.24
1779.35
2126.77
1866.33
1999.86
1925.21
1987.34
1981.78
1957.08
2164.33
1911.77
1645.75
1993.37
2092.82
2093.52
1801.93
1681.88
2296.05
1641.69
2338.33
1855.11
1562.97
2461.66
1877.36
2113.93
2117.16
1810.47
2035.4
2167.23
1970.36
1877.81
2201.54
1955.13
1759.59
1895.91
2272.79
2532.7
2937.95
2395.21
2516.62
2096.18
2091.98
1960.38
2010.5
1899.98
1842.22
1899.8
2187.29
1883.97
2451.54
1830.5
1919.74
2260.19
2417.55
2371.61
1891.34
2012.77
2057.2
2389.43
2118.78
2117.06
2991.93
1796.99
1722.3
2491.34
1955.69
2524.24
2245.42
1692.85
2164.6
2116.79
1715.51
2319.08
1723.41
2970.04
1578.99
3030.14
2452.85
2286.5
1965.93
1736.39
2054.17
2438.85
1953.46
2073.54
2180.99
2117.81
1889.46
1976.89
1754.06
2432.29
1670.84
1994.28
1819.28
1833.34
1971.39
2378.76
2405.38
1848.88
1875.19
2249.02
2654.32
1627.46
2132.5
2342.56
2138.16
2368.77
2228.97
1607.9
2108.61
2039.87
1812.77
2110.31
1732.68
1975.61
2199.26
2327.83
1916.92
2053.18
2501.2
1795.87
2224.32
1738.55
2718.68
2168.94
2379.11
2587.41
2014.17
2390.35
2005.6
2076.86
2287.93
2489.84
1772.63
2710.74
2806.63
1985.88
1786.89
1934.32
2498.81
1985.85
1829.46
2143.94
2128.21
2232.09
2660.34
2257.27
2209.25
2466.99
1883.51
2460.55
2042.73
2054.55
2301.11
1802.24
2640.22
2380.92
2305.89
2428.78
1870.11
1709.1
1808.84
1747.51
1713.46
2286.47
1982.81
2137.36
2074.93
2092.83
2051.25
1848.19
2407.7
2124.28
1958.06
1859.92
2286.64
2103.23
1916.93
1887.67
2147.81
1787.8
1812.49
2139.04
2375.37
1990.53
2698.54
1996.21
2329.43
2278.19
2091.91
1487.07
2004.39
2674.24
1712.88
2339.05
1933.01
2133.33
2212.52
1653.12
2405.48
1872.67
2477.24
2220.43
2150.39
1878.75
2172.96
1714.94
2191.47
2212.92
2283.31
1932.75
2273.54
2409.98
2339.04
2224.42
1882.3
1697.22
2261.37
2275.14
1999.95
2903.38
1812.07
2203.34
1846.99
2255.95
2343.91
2186.2
1981.37
2071.65
2306.23
1644.86
2599.9
1590.02
2313.12
2593.97
2434.41
2427.12
2045.74
2268.77
1608.66
2689.53
2019.28
2064.18
1869.36
2266.1
1787.1
1812.69
1855.53
2367.39
2499.51
2009.36
1838.23
1756.02
2382.03
2190.95
1795.21
1821.83
2472.18
2466.63
1808.04
2576.82
2329.1
1863.85
2974.29
2458.51
2035.5
1949.14
2221.8
1899.99
2062.78
2462.25
2150.31
2229.92
1933.32
1913.81
1809.74
1946.88
2464.51
2100.79
2288.05
2075.95
1950.18
2950.33
1680.82
1723.55
2097.52
2035.84
2788.99
2362.12
2378.47
2132.07
2002.16
1909.11
2225.63
1674.37
2004.51
1667.55
1754.38
2088.09
2467.8
1985.36
2950.41
1946.04
1955.84
1823.18
1929.33
1830.67
2407.51
2056.82
2089.79
2037.11
2046.03
2569.65
2184.95
1526.78
2340.71
2009.71
1865.81
2054.39
2856.81
2165.74
2160.04
2173.92
1648.62
2183.44
1913.47
2381.43
1833.76
2052.36
1927.01
2131.28
2667.87
2170.87
2199.15
2155.24
2028.06
2389.58
1828.73
2418.68
1868.84
2193.1
2194.36
1847.62
1766.47
2084.59
2360.24
1948.73
2159.83
2061.76
2283.86
2373.52
2397.45
2674.06
2176.87
1826.74
1974.73
2351.37
1914.49
2313.56
2216.49
1815.27
2237.08
1975.41
2051.04
1810.51
1838.38
2149.9
1803.5
2333.39
1935.83
1773.27
2642.82
1808.58
2407.54
2404.32
2383.42
1966.99
1796.28
1919.87
2157.62
2170.04
2255.96
1907.9
1966.94
2063.71
1762.93
2023.09
1656.7
2198.26
3288.18
2004.08
2337.86
1904.95
1855.48
2217
2088.89
2345.62
1874.25
2000.31
2432.6
1681.5
1897.17
2433.9
1829.85
2212.07
2130.2
2357.57
2075.34
2294.28
2291
1982.38
2227.67
2352.62
1758.56
2186.61
2680.81
2158.04
2030.85
1790.93
1915.03
2121.78
2269.23
1654.54
1885.71
1807.53
1987.94
1918.78
2340.51
2292.96
2275.73
2003.56
1858.24
1948.17
2272.61
2165.79
2003.42
1856.54
1996.76
1894.5
1747.79
2096.4
1977.52
2174.45
1889.58
1976.36
1919.8
2248.86
2757.27
2429.45
1770.54
1726.42
2203.48
1859.06
2267.18
1875.74
2066.96
1981.69
1968.91
2066.09
2287.92
1688.01
2001.9
2161.16
1947.32
2001.16
1795.58
2459.29
1918.01
2305.75
2697.14
2370.67
1801.8
2086.64
1954.11
2113.68
2435.38
2087.09
1970.04
1898.99
2407.58
1703.03
1970.04
2126.99
1865.95
1803.42
1697.25
2004.01
1781.9
1802.37
1824.51
2119.06
1946.49
1961.73
2023.77
2399.66
2205.7
1717.36
2259.86
1723.3
2111.4
1939.75
2001.21
1969.44
1946.47
1698.56
2008.48
2027.19
2074.68
1989.86
2098
2346.53
1854.23
2013.12
1828.74
2805.84
2215.78
1956.9
1674.51
2328.16
2240.84
1739.71
2203.65
2537.34
2612.71
1883.82
2143.21
2249.98
2270.34
2238.4
2118.09
2257.95
1765.75
2250.97
2300.18
2183.28
1993.28
2314.57
1744.45
3008.13
1951.77
2442.59
2145.99
2199.07
1712.31
1883.46
1838.07
1983.59
2187.25
2634.49
2264.99
1923.8
2552.01
2218.06
2016.09
2081.31
2076.35
2059.56
2046.22
2134.71
1904.78
2127.35
1900.04
1846.18
2259.88
1741.15
1914.75
1890.02
2175.38
1764.77
2677.09
2018.3
2283.09
2136.4
1845.33
1832.74
2538.67
2366.23
1747.91
2071.19
2239.14
2395.34
1977.43
1891.27
2173.8
1758.42
2381.24
2156.72
2968.28
2185.06
2724.98
2128.35
2084.86
2020.05
2281.12
2387.58
1903.4
1786.65
2194.33
2269.3
1877.7
2042.04
2035.58
2313.07
1982.41
2242.71
1812.24
2028.14
1755.91
2249.08
1778.25
2242.24
2287.81
2226.83
2026.71
1803.1
1951.1
1955.16
1893.09
1722.18
1947.91
1783.92
1541.59
1751.9
2394.53
1618.94
2120.8
2004.64
2848.43
1969.75
1982.08
2351.75
1987.15
1958.87
2530.75
2252.95
1748.11
1903.45
2931.62
2000.62
2581.1
2403.26
1740.19
2266.25
2174.38
2064.88
2056.78
2170.24
2328.75
1699.55
1895.52
1900.41
1695.54
2202.78
1839.12
2223.71
1871.9
2257.8
2145.05
2032.1
1925.42
1879.97
1957.39
1795.49
1996.35
2045.41
2457.31
2628.92
1944.61
1860.03
1912.42
1812.98
2360.49
1828.01
2421.46
1842.6
2206.17
1919.76
2020.97
2106.65
1689.59
2067.14
2010.02
2007.16
2388.29
1966.04
1620.63
2155.5
1897.99
2011.83
1701.74
1824.91
2124.64
2256.65
2993.48
2874.38
2233.9
1726.87
2032.75
2328.09
2331.69
1968.76
2176.37
2075.69
2004.25
2231.42
1858
2227.89
2010.85
2313.68
2276.44
2223.54
2168.75
1851.38
2134.37
2081.56
1969.89
2295.39
2626.56
1809.11
1864.07
2284.32
1877.15
2140.98
2004.6
2355.12
2323.55
1941.65
2757.03
2214.7
2116.84
1965.2
1872.04
2227.32
1780.35
2128.02
1884.99
2024.21
1745.03
2350.44
2483.79
2374.24
2057.46
2699.15
1910.89
2163.31
1532.9
2208
2153.73
1940.69
2187.45
2122.59
1672.24
2239.12
2231.81
2090.03
1900.73
1871.72
1946.68
1904.55
2188.54
2866.74
2501.38
1694.44
2152.06
2491.44
1874.39
1607.96
2309.44
2311.4
2295.63
2351.34
1979.07
1882.44
1725.35
1893.05
1795.33
2096.33
2338.6
2107.59
2302.4
2105.99
2126.23
1876.87
2115.66
1997.24
2244.27
2065.33
2448.56
2243.87
1592.57
2056.5
1743.94
2249.07
2075.55
1788.98
2002.08
2096
2168.47
2530.8
1890.69
3162.72
2067.95
1987.14
1904.27
1780.14
2010.4
2070.87
1981.11
2032.26
2035.99
1930.61
1941.37
2087.27
1589.5
1796.35
2865.18
2116.94
2048.02
1701.9
2320.82
2141
2286.03
2142.41
2040.08
2809.81
1867.37
2383.6
1578.49
2691.75
2531.99
2033.55
2456.88
1919.01
2034.01
1769.18
1887.18
2235.72
2316.3
2071.15
2104.25
2061.73
2026.15
2271.38
2167.39
1856.1
2053.87
2083.96
2816.26
1783.83
2377.92
1819.14
1746.28
2656.2
2184.38
2138.2
2135.13
2028.29
2558.32
2298.73
2239.33
2114.51
1729.24
2195.93
2184.41
1790.4
1914.7
2223.8
2579.98
1987.25
1849.66
2329.13
2662.21
2561.23
2126.85
2100.5
2113.16
1909.6
2286.44
2072.64
2366.81
2259.58
2189.21
2266.61
2082.62
2144.45
2017.62
2543.77
2028.47
1952.84
2229.36
1948.71
1768.12
2068.82
2041.49
2416.4
2486.53
2105.27
1849.54
1539.24
2504.86
2239.46
2501.08
2031.04
2528.94
2069.22
2411.01
1696.94
2412.25
1946.58
1756.99
2243.72
2431.7
1737.85
2592.18
1982.17
1938.75
2013.52
2176.2
1927.76
2059.72
2095.34
1955.79
1994.45
2320.26
1680.66
1868.49
2001.38
1579.43
1837.88
1810.97
1905.93
2243.25
2173.65
1866.66
2167.05
2272.99
1982.89
2138.17
3002.56
2024.22
2072.76
1967.33
2085.2
2046.78
1940.87
1775.03
1981.55
1847.7
2699.81
1901.99
2065.46
1926.51
2041.67
1723.11
1871.32
2213.9
2075.86
2125.95
2170.84
2952.14
1792.5
2065.51
1896.63
1990.32
2378.68
1956.38
1981.09
2200.61
1752.87
1988.83
2003.34
1967.3
1762.13
2064.82
1965.4
2323.47
2198.65
2934.63
1877.16
2001.17
1878.33
1925.04
1853.77
1767.7
1766.28
2040.85
2386.01
2191.61
2076.76
1876.87
1750.48
2006.72
1911.74
2157.12
2237.17
2497.16
1963.43
2189.5
1831.29
1861.64
2367.47
1899.52
2257.63
1975.25
1960.97
1939.61
2191.73
1920.35
2129.43
1953.67
1987.12
1966.84
2266.18
1882.17
2154.51
1783.9
2037.34
1701.43
1911.88
2246.18
2560.14
2653.27
2268.69
1745.38
1733.13
2429.6
2094.6
2949.53
1564.13
2095.25
2131.81
2591.83
2064.38
2312.24
1666.45
1936.45
2554.27
2417.59
2497.95
1756.09
2034.26
2308.35
2178.92
2222.99
1736.85
1991.6
2136.21
2020.64
1992.1
1745.88
2526.52
2562.31
2226.06
2461.29
1686.75
2429.53
2109.86
1877.31
1792.86
2121.92
2743.36
1714.18
2151.51
2528.67
2384.83
1725.29
1671.02
2063.59
2045
2352.12
1937.78
2284.27
2003.86
2347.81
2285.61
1777.23
1868.58
1988.64
1885.12
1894.38
1918.99
2171.39
1923.89
2177.49
2089.34
1974.84
2566
2399.13
2323.23
2133.35
2159.66
1995.41
2226.82
2230.1
2033.96
1969.18
2437.44
3094.83
1835.17
1855.02
1930.74
2023.97
1920.2
2247.1
1967.95
1996.17
1831.19
1713.02
1910.52
1998.08
2060.19
1936.6
2206.97
1897.32
2095.06
1839.17
2402.96
1996.82
1875.17
2481.09
2284.61
2169.82
1633.9
2155.2
1913.09
2147.53
2021.78
1891.63
2016.94
1923.49
1780.11
1963.92
1881.91
1573.47
1574.19
2701.79
2221.59
2305.53
2230.55
2476.24
2253.72
1499.52
2151.33
2189.02
1977.76
2073.67
1800.46
2286.21
1848.87
1809.31
1670.62
2284.44
1581.54
1873.29
2421.74
2146.04
2497.39
2403.37
2015.86
1780.56
2560.64
2399.35
3047.83
1696.43
2754.4
2229.09
2575.84
1715.31
2632.69
2143.3
1986.93
2073.35
2207.33
2181.71
2235.35
2001.1
2298.37
2167.83
2128.36
1699.34
2298.54
1962.4
1962.07
2144.4
2027.43
2124.13
2386.17
2046.65
1780.62
2304.75
1885.27
2116.22
1954.49
2231.31
2405.35
2045.79
2155.18
1944.14
2130.74
2310.14
1836.65
2012.93
2001.02
2175.98
1677.7
2096.22
2146.5
2582.39
2353.35
2333.22
2409.7
2296.36
2107.51
2018.99
1847.87
2018.66
2015.96
2247.84
2117.78
2614.85
1741.16
2176.75
2047.6
2070.96
2002.08
2376.9
1844.18
1826.15
1616.88
1793.67
2702.46
2193.54
2455.58
2031.95
2573.9
2027.54
2003.74
1780.71
2486.28
2366.16
1993.35
2949.57
1848.18
2090.82
1861.4
2251.3
1968.96
2163.32
2638.02
2012.68
2104.88
2042.58
1893.11
1650.74
1950.68
1750.2
1852.84
2084.35
2454.65
1834.63
1786.28
2152.68
2094.49
2379.29
1967.1
2035.85
2227.01
2037.9
2371.77
2611.79
2223.16
2288.31
2056.93
1852.71
2105.38
1973.63
1661.15
2062.58
2567.68
2520.42
1946.49
2920.95
2376.64
1953.89
2235.63
2407.18
1880.3
2089.23
2424.02
1798.59
1572.95
1663.77
2202.8
2608.23
1863.76
2539.33
2144.74
2184.54
1975.42
1695.68
2775.03
3022
1884.93
1850.99
2206.19
2477.44
2093.76
1927.8
2125.52
2562.25
2022.41
1981.53
3109.51
1650.12
1496.28
2061.37
1954.3
2341.09
2104.24
2468.37
2046.76
2054.56
2425.29
2235.32
2160.36
2050.91
1855.59
2186.83
2238.84
2280.66
1576.01
1770.29
1915.08
2226.31
2050.72
2033.74
2128.89
1804.25
2197.59
2276.72
1650.45
1975.06
2563.5
2191.11
2265.63
1965.55
2692.94
2537.51
1750.92
1865.66
2247.08
2500.38
1997.21
2180.58
2032.33
2156.23
2333.28
3007.04
1682.03
2299.69
1843.15
2126.86
2408.18
1833.97
2203.18
2084.68
2233.25
2084.59
2201.6
1904.99
2106
2288
1994.93
2156.14
1962.14
2219.85
1856.96
2028.16
2337.63
1952.01
2024.75
1722.27
2137.02
2272.09
2456.82
1938.75
2486.38
1977.02
1902.64
2544.54
1813.96
2492.91
2089.79
1960.48
2161.75
1781.55
2057.99
1866.14
2405.86
1936.36
2296.07
1926.26
1875.04
3469.2
2021.11
1924.08
1911.13
2089.28
1791.2
2304.45
1869.18
1843.01
2683.05
1985.78
1936.54
2568.04
1942.59
1848.28
1973.53
2151.59
1819.08
2330.85
2075.4
2802.6
2040.41
1985.62
1881.97
2059.52
2335.13
2313.6
1898.95
2449.69
1914.54
2158.13
2175.28
1854.09
1890.7
1989.11
2184.61
2285.16
1900.17
2187.43
1647.49
2401.7
2189.77
2252.34
2068.39
2008.47
1898.29
1709.03
1729.56
2117.42
2150.16
1858.99
1861.26
1807.62
2034.12
2381.8
1968.51
1807.15
2093.25
1926.01
2100.43
1797.3
2299.62
2097.46
2342.66
1909.21
2304.24
2106.42
2361.72
2002.44
1885.38
2250.33
2654.13
1890.82
1719.38
1879.41
1908.61
2423.84
2714.36
2208.92
1873.88
2324.57
2282.59
1739.91
2065.92
2207.3
1811.92
2647.6
2052.28
2577.15
2222.57
2113.82
2060.85
1896.27
2215.88
1539.7
2144.65
1817.8
1746.66
1996.83
2028.85
2248.2
2545.75
2611.9
1914.75
1908.07
2527.22
1941.87
3076.5
2013.57
2189.72
2119.4
2342.35
1943.17
1763.13
1961.61
2227.72
2687.37
1888.14
1920.23
2159.65
1733.25
2058.26
2010.26
2375.04
2374.41
2336.58
2348.73
1847.08
2171.87
2585.13
2552.08
1943.67
2061.87
2183.16
2156.56
2300.84
1822.67
2248.11
1868.9
2124.14
1934.45
2285.35
2257.79
1950.44
2331.53
1857.53
1862.83
2041.28
2247.21
2221.16
1743.7
2011.5
2382.73
1937.78
1815.51
2473.39
2040.62
1913.57
2514.41
2325.22
2153.45
1696.11
1837.79
2181.74
2315.13
1897.67
2473.18
2502.02
2134.22
2651.26
2220.73
2154.77
1794.25
1787.21
2723.41
1864.13
2420.74
2319.3
1944.69
2091.21
2091.31
1714.99
1980.88
1913.06
1929.83
2078.65
1924.67
2045.9
2065.95
1959.97
2298.6
1975.12
2047.62
2758.92
2005.08
2374.95
2335.64
1716.42
1844.63
2586.38
1664.1
2009.9
2327.8
2596.91
2566.84
2710.99
1984.95
2374.6
2045.62
2300.45
1948.26
1745.95
1900.72
2103.83
2158.73
2283.94
2022.99
2262.17
2043.05
2719.91
1618.45
1916.72
1783.21
1754.37
2298.01
2723.21
1947.98
2508.72
1989.62
2100.15
2000.82
2102.18
2316.86
2115.25
2143.35
2439.26
2076.29
1916.17
2115.99
1831.73
1994.73
2392.89
2593.09
2284.68
2248.17
2400.57
1847.97
1793.34
2109.58
1981.45
2075.98
2147.13
1873.77
1884.2
1703.49
1818.94
1890.9
2358.99
1876.81
1917.31
2177.29
2273.3
2284.47
2153.17
1925.35
1907.3
1794.47
2585.82
1885.08
1903.09
2658.97
1828.75
1962.79
1741.53
2116.03
2160.19
2172.92
1718.82
2321.46
2034.03
2430.85
2322.49
1793.65
2093.53
2072.64
2194.73
1928.03
2313.62
1998.55
1966.25
2469.22
1765.19
1743.38
2129.57
1643.77
2067.14
2054.68
2371.26
2203.11
1779.44
2383.58
2364.94
2219.8
1631.53
2174.65
2151.1
1866.86
1864.02
2504.98
1949.62
1880.37
1780.67
1975.78
1819.6
1921.77
2354.08
1744.61
2412.23
1862.83
1978.95
1980
1963.89
2270.53
1696.55
1994.44
2033.46
1923.99
2396.67
2013.61
2250.96
2119.83
3078.89
2131.88
1952.52
2243.61
1630.12
1848.19
1600.27
1865.11
2133.48
2088.04
2723.38
2043.8
2272.76
2147.31
3052.09
1908.66
2232.7
1842.67
1786.14
1778.77
2156.5
1653.91
2152.55
2032.89
2252.22
1783.4
2118.36
2030.5
1870.85
1860.33
2314.86
2242.68
2302.42
2085.83
2432.14
1992.56
1814.23
2773.09
2262.48
1774.84
2167.51
1914.68
2117.8
1858.75
2229.08
1986.53
2095.92
2003.26
2059.55
2013.35
2590.55
1856.29
2294.4
1979.38
2350.84
2154.45
2711.01
1998.16
2424.5
2023.54
2301.46
2199.14
3064.08
1754.04
2730.59
2172.99
1654.57
2203.59
2267.2
2216.93
2483.42
2224.84
1875.39
2166.07
1984.58
2223.13
2084.21
1873.18
2275.95
2334.39
1970.11
2423.02
1956.35
2370.85
1608.4
1706.53
1871.93
1928.36
1737.11
1808.04
1577.27
2002.26
2135.3
1970.95
1594.33
2565.21
2205.22
1885.09
1963.08
2050.32
1770.09
1585.84
1928.48
2220.43
3008.87
2149.25
2091.09
2229.53
2297.53
2086.81
2411.51
1895.74
2619.47
1969.38
2109.03
2142.72
2164.07
2134.9
1846.25
2105.15
2973.47
1762.62
2630.34
1559.93
1843.94
2000.81
1951.47
2478.01
1971.61
2120.14
2469.17
1877.59
2373.57
2157.57
2312.79
2140.97
1650.82
2062.74
2012.44
2353.49
1792.39
2441.06
2148.6
1950.93
1763.12
1744.38
2269.54
2433.51
2165.51
2186.87
1845.48
1972.93
1859.07
2230.36
2322.75
1974.2
1806.46
2027.65
1998.9
3248.03
2291.43
2666.12
2131.65
2606.2
2002.93
2461.76
2290.75
2203.93
2099.21
2109.84
2310.94
1785.54
2186.42
2678.56
1952.38
2042.55
1689.26
2408
3113.61
1929.1
1492.96
2463.46
2298.44
2438.56
2091.24
1817.34
2487.16
2112.29
2111.09
1934.64
1929.98
2051.54
2239.71
1962.48
1786.75
2045.82
2369.3
2259.5
2062.73
1781.61
2212.92
1813.18
1983.52
2326.32
1769.99
1605.57
1827.36
2189.32
2072.77
1740.08
2358.92
2619.06
1894.2
2038.96
2258.21
1880.09
2027.08
1901.18
1738.51
2306.43
2267.14
2332.91
1736.15
1609.56
1949.08
2369.14
1799.81
1514.41
2061.21
1775.5
1983.56
2229.64
1842.95
1895.22
2625.34
1974.1
2076.23
2302.72
1948.47
2080
1852.98
2076.92
2735.05
1891.38
1788.39
2300.04
1652.32
2040.83
2281.86
2072.72
1793.72
1723.66
2221.76
2138.88
1728.04
2385.65
1938.97
2520.23
1601.83
2001.45
2156.01
1879.26
2001.35
2113.02
1652.85
1909.52
1799.56
2231.57
1948.67
2035.56
1747.58
2113.41
2530.39
2027.17
2530.86
2260.04
2062.33
2220.72
2318.85
2053.83
2319.97
2135.71
1885.23
1910.46
2370.71
2065.16
1765.98
2478.01
2559.53
1850.71
2434.7
2267.71
2293.45
2618.55
2135.46
1891.97
1829.18
2383.24
2211.5
2601.43
2046.82
1524.94
2261.42
2035.17
2129.08
2141.77
1995.01
2119.52
2222.25
2589.18
2239.18
2003.07
2010.36
2083.06
2243.82
2229.07
1885.15
1917.93
2060.12
2670.63
2075.42
1956.59
1580.73
2233.89
2269.55
2001.63
2223.64
2048.22
1817.33
2163.39
1808.54
2234.31
2272.54
2286.84
2474.25
2783.17
1918.93
2080.66
1976.6
2026.54
1750.2
2392.5
1990.84
1650.26
2057.51
2509.77
2066.03
2106.95
2106
2094.86
2954.83
2327.23
2591.76
2503.01
2016.46
2165.96
1616.55
2559.87
2076.23
2089.17
2093.79
2300.72
2467.53
2581.75
1858.44
1760.14
1701.1
2038.49
1795.67
1746.33
2421.98
2186.4
1930.13
2140.08
1750.65
1771.71
1822.99
2381.84
1864.68
2407.27
2228.43
1781.11
1847.95
1995.15
2042.1
2133.82
1902.34
1906.95
2696.33
1973.34
2092.12
1956.05
2220.01
2162.72
1788.96
1806.9
1721.44
1993.28
2439.33
2809.27
1950.85
2389.61
2135.53
2154.2
2173.52
2024.12
2154.03
2786.24
2230.2
1764.58
2150.84
1855.2
1777.71
2341.29
2089.83
1836.15
2194.47
2258.84
1746.75
2004.53
2020.5
1759.96
1687.6
2156.6
2089.66
2021.99
1700.76
1712.49
2040.95
2144.57
1951.2
2152.71
1907.59
2482.43
1851.87
1832.3
1932.2
1766.12
2318.41
2239.97
1880.32
1964.49
2426.86
1712.86
2812.5
2863.37
2559.81
1903.61
1929.3
2524.6
1833.18
2348.94
2046.35
1749.36
2174.37
1796.86
2181.93
2211.93
2017
1824.08
1818.36
2164.54
2304.26
1728.97
2318.49
2463.99
2032.37
2438.11
2332.28
2442.74
2025.69
2054.16
2280.47
1617.87
3238.17
1514.69
2284.73
2380.97
2460.38
1796.42
2230.4
1753.6
2172.05
2306.27
2169.06
1895.23
2630.46
1884.76
1747.4
2253.53
2312.75
2131.01
2473.14
1916.18
2179.13
2139.09
1953.3
1742.85
1697.61
2494.24
2151.66
2163.89
2009.77
2589.53
2246.45
2061.83
2773.92
1996.04
1960.39
2394.76
1961.61
2163.51
1632.15
2125.3
1840.85
1620.93
2263.53
2170.8
2102.4
1902.01
1898.69
2264.35
1969.44
1726.43
2294.04
2897.86
2264.7
2217.91
1923.45
1899.83
2109.24
2078.72
1639.81
2302.19
2222.16
1928.14
2137.39
1855.59
2201.14
2088.47
2113.85
2222.75
1865.35
2270.8
1822.84
1797.53
1905.96
1957.16
1808.61
2694.41
1873.06
2026.93
2029.52
1979.13
2356.34
2308.99
2043.8
2231.75
1776.5
1850.97
2075.05
1899.79
2430.98
2422.47
2272.86
2575.75
2329.95
1896.63
2063.32
2175.04
1916.69
2156.58
2569.65
2226.86
2622.3
2342.32
2200.96
2729.96
2135.91
2962.55
2047.91
2519.7
2359.03
1702.53
2338.71
2773.76
1712.39
2097.77
1885.62
1937.21
1612.73
2915.55
1838.75
2421.91
1893.26
2530.26
2177.35
2034.09
1999.04
1852.31
2057.9
1764.56
2073.55
1760.95
2280.91
2268.07
2289.59
1851.83
2122.02
1833.63
2267.51
2175.53
1784.38
2336.62
2069.16
2542.16
1718.17
2204.53
2196.18
2438.35
1697.79
1602.51
2127.1
2242.61
2215.46
1808.87
2415.04
2202.08
1998.25
1947.39
2295.86
2107.79
2557.63
2165.69
2419.02
2128
1920.64
2421.47
1779.07
2170.67
2067.4
2359.36
1852.26
2301.55
2074.35
2643.94
1973.21
2002.03
1879.99
1913.12
2093.34
2287.05
2134.67
2024.28
1742.11
2200.12
1969.09
2454.93
2050.71
2743.75
2243.43
2172.65
2146.08
2212.99
1977.2
2098
2027.33
2485.55
2395.26
2043.57
1951.98
1851.32
2210.38
1858.56
1870.58
1801.6
2278.44
3035.49
2032.17
2332.4
2071.12
2228.94
1830.58
1621.06
2056.36
1709.47
2219.48
1689.46
1774.5
2263.44
1791
2311
2322.79
2223.67
2061.1
2147.78
2113.78
2007.94
2465.21
2225.14
2240.24
2331.98
2124.18
1602.74
2381.61
1768.82
1815.24
2511.59
1916.86
1968.99
2475.74
2227.6
2143.43
2258.42
1993.33
2451.47
1791.91
2325.42
1949.43
2458.52
1897.22
2132.37
2302.83
2293.28
2480.59
2225.78
2166.66
1952.26
1982.06
1881.51
2527.37
2214.68
1882.17
2271.01
1657.31
2111.82
1903.59
2642.96
1913.97
2323.26
1875.88
2069.65
1853.12
1996.78
2305.19
2047.33
2159.7
2287.38
1803.73
2057.59
1984.47
2360.38
2029.02
1861.91
2433.58
2393.82
1952.84
1777.56
2455.85
2369.6
1852.66
1925.34
1905.07
2181.07
2572.43
2134.93
2093.06
2233.82
2973.86
1812.25
2092.59
2305.73
1905.26
2384.06
1696.02
2107.84
1843.91
2014.19
1857.06
1626.07
1846.78
2236.79
2610.01
2122.21
2057.6
1873.11
2454.05
2184.01
2754.92
1971.31
2452.98
1874.12
1990.85
2207.44
2366.15
1928.84
1823.91
2059.8
1974.64
2341.17
1784.01
2042.03
2028.57
2095.1
2122.94
1769.03
2283.68
2217.45
2686.49
2111
2105.39
2220.49
2057.92
1978.77
2510.99
1886.78
2809.21
1937.36
2484.45
1922.19
1963.23
2210.31
2333.63
1932.09
2021.84
2518.34
2161.13
3250.15
2310.68
2336.04
2054.09
2036.74
2431.57
2018.06
2235.33
2007.06
2126.99
1903.51
2142.94
2173.71
1876.71
1634.94
2380.12
2319.86
2301.06
2366.98
2332.79
2064.91
2140.86
1942.38
1758.59
2130.39
2195.51
2382.27
2542.53
2257.99
2264.2
1854.5
2219.33
2414.25
2065.32
2950.53
2619.88
1952.01
2402.33
1678.23
2287.94
1794.39
2102.1
1525.35
2429.99
2088.02
2261.02
2299.66
2288.61
1860.35
2231.8
1996.36
1775.85
2324.46
2105.88
2319.81
2294.66
1900.95
2093.29
1839.2
1899.23
2032.41
2899.78
2221.42
1979.01
2223.3
1864.22
1591.81
1847.61
1782.52
2294.92
1921.51
1894.51
1829.85
1804.79
1956.48
2592.25
2296.77
2501.85
1859.26
3332.54
2189.76
2201.38
1830.53
1997.36
2296.66
2109.27
1753.86
2139.47
2240.87
2107.65
1861.37
2307.25
1873.69
1742
2392.22
2032.56
2227.12
1833.33
2407.5
2208.08
2469.07
2112.69
2757.39
1520.79
2173.17
2007.27
1819.06
2151.44
1988.18
2740.21
2118.56
2284.71
2114.21
1669.95
1842.83
1597.89
2368.06
2276.9
2461.49
2194.65
1673.7
2510.51
1950.31
1719.88
2372.93
2263.24
2440.16
2338.01
1844.77
2025.48
1556.08
1959.64
1842.63
1969.33
2464.81
1975.22
2352.06
1781.57
1844.74
2324.96
2436.16
2431.26
2343.82
2078.49
1766.46
1870.67
1826.91
1822.72
2389.72
1682.07
1875.65
1725.19
2624.82
2272.92
1839.64
1745.42
1965.32
2318.95
2325.81
1633.88
2720.9
3317.18
2185.31
2171.08
2374.06
1998.79
2219.49
1801.74
1922.45
2178.13
2062.03
1627.03
1976.76
2084.67
1965.23
1669.18
2114.85
1563.56
1981.94
1876.6
2065
2438.6
2070.15
2395.09
2122.25
2036.29
1701.68
2314.63
2702.57
2104
1667.23
2568.18
1599.39
1768.02
1764.04
2474.36
1818.11
2170.85
2028.76
2007.26
2606.08
1851.3
2132.56
1843.19
2164.09
2196.55
1816.2
1903.31
1973.43
1991.67
1851.92
2413.81
2116.9
2204.27
1965.02
1650.59
1834.4
1972.51
2305.4
1700.49
2547.53
1984.33
1710.62
1976.17
2054.61
3231.88
2340.69
2000.04
2160.02
2240.1
2137.17
2438.89
2514.93
2150.15
1879.44
2502.18
2602.13
2194.29
1788.81
2493.21
2259.88
2305.04
1868.17
2394.16
2085.59
2277.74
2269.32
2537.64
2004.13
1977.77
2090.22
1756
2002.31
1818.15
1795.17
1798.13
2241.09
2255.3
2401.51
2242.4
2038.09
2426.51
2860.95
2059.3
2449.44
1828.75
2089.12
2419.92
2435.94
2952.11
1986.05
1926.8
1999.18
2205.74
2365.78
1934.67
1656.24
2016.22
2122.72
1898.52
2071.39
2428.62
1809.04
2462.22
1556.13
1711.59
1867.5
2411.3
2435.58
2093.07
2004.71
1936.64
2170.29
2882.24
2299.93
1952.01
1868.19
2014.5
1994.48
2540.66
1900.7
1951.16
1815.69
2260.99
1844.02
1684.53
1989.08
2794.3
1895.95
2243.54
2067.49
1881.61
1928.86
2074.19
1897.76
2037.25
2144.14
2164.36
1770.23
1852.26
2232.45
1849.88
1928.5
2462.16
2020.38
1886.61
2011.34
1977.91
1952.46
2528.69
1825.09
2148.71
2098.44
1837.18
1798.36
2106
1855.73
1950.77
1845.35
1889.07
1679.99
1965.82
1882.98
2153.7
1723.45
2416.54
2721.66
1723.28
1793.39
1835.16
2509.43
1846.23
2213.49
1640.39
2246.97
1874.43
1973.99
2023.2
1731.03
2042.18
1947.18
2046.17
2116.91
2447.37
2277.55
2609.7
2014.11
2080.43
1678.77
2434.76
2052.19
1796.27
1881.37
1611.85
2541.51
2225.28
2041.91
2576.56
1950.18
1734.25
1795.69
2093.01
2163.42
2356.87
2113.21
2494.13
1983.31
1918.94
2270.48
1907.97
2298.71
1985.68
1857.97
1622.02
2428.67
1925.68
2050.79
1892.64
2151.31
2313.81
2314.62
1956.52
1764.39
1970.29
2360.18
2052.2
1821.13
2387.2
1929.54
2090.88
1767.6
1923.37
2012.54
1830.3
2185.7
2070.46
2135.33
2101.53
2372.97
2270.15
2340.2
2105.68
2041.39
2211.54
2197.46
2170.73
1926.98
2608.56
2107.23
1615.45
2286.95
1901.2
2228.08
2024.37
2396.65
2085.78
1874.11
1688.87
1845.75
1788.62
2261.45
2225.95
2491.14
2382.51
1986.89
1704.05
1971.75
2160.17
2307.53
1746.2
1862.62
2458.95
2175.82
1840.73
1747.84
2363.24
2200.16
2154.57
1997.19
1961.79
2111.65
2581.47
2289.96
2274.09
2264.63
1900.7
2153.19
1710.13
2367.53
2295.14
2019.87
2641.93
2335.01
2092.06
1967.19
2184.39
2125.09
2502.78
2366.17
2351.81
1315.78
1862.98
2064.54
2268.75
2267.79
2204.2
1637.29
2491.82
2115.06
2018.52
2167.97
1759.32
1756.39
2423.32
2197.66
2527.9
2475.45
2112.68
2273.98
1912.9
2034.55
2283.39
2287.1
2106.82
2427.84
2148.13
1951.16
2126.78
1919.82
2443.56
2145.19
1939.06
1892.59
1483.6
1945.74
1852.42
2275.52
2084.81
1676.9
2044.89
2368.83
1937.62
2189.11
2009.37
2063.68
2157.15
2167.95
1799.62
1969.74
2181.14
2530.06
2403.81
2016.65
2271.4
1930.62
2163.65
1997.19
2284.77
1805.01
2281.58
1757.41
1896.45
1794.26
2123.49
1697.46
2583.02
2357.84
2446.59
2300.67
2033.28
1748.08
2201.89
2112.49
2255.89
2962.68
2003.52
2350.73
2202.93
2579.64
2561.94
1995.27
2022.37
2205.24
2194.42
2457.59
2201.64
2071.71
2924.15
2102.13
1937.96
2425.22
2057.72
1668.68
2615.04
1633.78
1932.07
1758.24
2464.79
2324.89
1813.15
2045.17
2518.84
1954.71
3132.36
2184.88
1989.62
2800.59
2044.86
2483.73
1778.27
1830.79
2696.28
2394.41
2003.42
1475.07
1985.41
1833.66
2312.82
1906.3
2077.78
1492.22
2218.86
1864.14
2418.63
1889.18
2092.34
2199.31
2109.82
2346.76
2249.17
2475.08
2386.19
1883.9
1872.87
1915.82
2283.41
1797.56
2158.66
1799.29
2153.08
2165.59
1948.79
2391.37
2062.02
1702.76
1833.75
2511.47
2353.02
1898.85
2195.12
2354.71
2701.95
2120.33
1987.53
2084.15
2097.48
2172.86
1861.36
2197.76
2555.71
2523.07
2187.13
2662.58
2027.58
1899.9
2143.77
1859.91
2462.44
2229.66
1845.09
2850.46
2100.39
2167.95
2260.88
1684.79
1880.18
2564.59
2465.87
2240.12
1866.29
2354.28
1971.47
2461.25
1770.26
2222.79
3169.23
1945.79
2009.12
1961.44
2311.98
2006.77
2292.88
2151.44
1918.35
1769.5
1804.91
2142.43
1991.93
1723.85
1785.45
1951.09
2086.25
2067.25
2392.12
1781.29
1935.58
2093.56
1812.83
1968.87
2045.03
2181.43
2023.42
1847.12
1935.63
2538.24
1720.56
2303.69
2155.21
1971.11
2243.05
2274.06
2116.42
2179.94
1852.53
2153.71
1898.73
1936.3
2216.63
2282.11
2083.79
2072.13
2118.25
2215.63
2027.12
1892.57
2118.96
1749.42
2496.73
1929.52
1903.72
1725.61
2370.23
2054.88
2119.76
1959.78
1928.57
2293.09
1901.25
2231.78
2627.62
2418.2
2014.42
2051.34
2246.84
1932.83
1895.14
2369.14
2319.31
1928.87
2080.78
2080.16
1879.57
2380.36
2042.75
2294.26
2211.98
2018.48
2290.15
1908.25
2032.8
2237.08
2167.23
2035.77
2192.67
1790
1990.96
2956.06
2002.08
2012.84
2136.4
2059.44
2505.32
2563.75
2161.67
2376.75
1875.32
1857.54
1918.14
2628.63
1663.29
3110.65
2402.97
2691.25
1857.2
2174.04
1777.27
2203
2216.35
2187.72
1708.11
2431.07
2082.79
2112.74
1876.14
1790.69
2731.64
2357.01
1789.28
2104.76
2263.19
2042.93
2113.57
1941.96
3179.79
2670.86
2526.02
2433.93
1641.26
1792.68
2582.51
2336.92
2142.1
2024.78
2013.68
1920.54
1737.92
1985.23
2010.62
2155.51
1909.52
1966.47
1855.17
1962.62
2071.03
1983.21
2615.47
2300.54
1909.08
1829.96
2154.91
1737.2
1904.2
1914.69
2334.66
2643.26
2256.44
2135.06
2720.09
2084.55
2071.44
1928.59
1925.46
1960.18
1818.07
1671.81
1746
2122.07
2373.7
2039.51
2150.75
1774.26
1853.33
1935.31
2598.85
2167.2
2313.96
2011.52
2290.54
1574.06
2229.38
2134.56
2425.19
2391.69
1908.84
1943.91
1953.87
2036.59
1896.1
2372.33
2352.76
2147.37
2380.4
2174.66
1775.28
2084.51
1625.81
2515.64
1863.78
2079.17
2208.56
2474.8
2146.25
2291.98
1829.72
2123.89
2341.2
1947.82
2099.25
2160.74
2459.89
2048.68
1994.66
1935.82
2005.46
2083.8
2172.39
1706.11
2409.76
1982.3
2349.08
1974.64
2339.39
2350.58
2244.2
2413.41
1942.11
2198.5
1982.96
1977.41
1871.12
2201.55
1940.22
2221.8
2320.43
1955.22
2257.55
1836.54
2505.4
2709.01
2194.67
2119.41
1758.29
2313.57
1911.39
2408.53
2038.75
2097.44
1734.51
2327.86
2486.38
1946.82
1788.17
2105.19
2003.59
1718.44
1902.71
2444.94
2063.46
2560.64
2428.32
2412.65
2106.52
2114.04
1805.48
2185.79
2266.26
1713.56
1920.46
1770.09
2131.4
1649.2
2285.43
1939.22
2643.19
1689.12
2161.22
1779.04
2395.89
1753.78
1918.94
2030.39
1915.53
2250.19
2099.49
2381.75
2096.32
2027.64
2586.51
1921.76
1757.65
2060.93
2317.96
1892.56
2559.27
2063.93
2073.08
1799.45
2207.48
2391.06
2348.82
1963.31
2878.05
1743.52
2084.06
2086.05
2493.25
2106.63
2114.27
1677.64
2472.6
2247.87
1996.56
2251.36
2414.56
1960.87
2288.34
2305.4
2000.69
1954.22
2161.8
1749.29
1929.81
1922.29
1893.07
1997.74
2124.15
1657.72
2155.65
2014.24
2354.43
2058.91
1930.43
2353.36
2111.46
2050.61
1792.43
1799.51
2533.31
2262.47
1659.27
1855.02
2014.34
2612.71
2212.84
2058.29
1989.04
1922.55
2023.1
2104.53
1849.59
2480.26
1927.55
2292.62
2096.69
1758.28
2603.46
2157.06
2443.38
1821.35
2132.79
2042.62
2264.35
1861.66
1898.42
2060.35
2695
1678.06
1745.87
2060.35
1789
2568.94
2453.66
1881.48
2260.85
1823.28
1861.96
1818.93
2233.02
2118.68
2234.72
2178.04
2184.49
2101.31
2418.32
1868.72
1997.55
1876.21
2312.22
1896.04
2083.87
2169.23
1901.33
2181.62
2631.77
2190.71
1967.62
2083.39
2359.81
1715.89
2465.86
2271.26
1749.55
2133.66
2426.58
1974.93
1867.02
1872.75
1804.99
2309.34
2496.73
2346.09
2048.62
2119.11
2070.53
2237.87
1925.25
2264.69
1935.57
1873.71
1791.14
2314.31
1866.09
2065.77
2195.24
2263.43
2328.18
2258.68
1920.97
1596.87
2196.74
2040.05
2352.15
1927.94
2168.29
2896.46
2663.16
2182.84
2315.55
1922.44
2182.54
2064.61
2090.63
2183.5
2602.94
2255.5
1931.05
2018.44
1862.14
1978.9
1738.84
1441.55
1822.24
2133.47
2189.74
1867.85
2278.07
2089.58
1748.04
2084.77
1951.06
2249.03
1849.07
1955.54
2003.66
2035.43
2027.69
1949.23
2038.21
1835.07
1552.13
2061.55
1694.2
2391.8
1779.69
1732.75
1749.34
2604.99
1888.69
2242.75
2293.14
1800.71
1935.49
1844.43
2024.72
1719.56
2208.83
2302.53
1893.04
2080.21
1965.85
1975.46
2047.41
2073.77
2218.53
1888.53
2349
1875.85
2585.67
1719.79
2288.8
1934.84
1701.42
2117.36
1732.44
2352.94
2006.51
2105.69
2247.85
1968.65
2254.7
1663.97
2196.47
2034.55
2529.14
2204.74
2225.44
2343.21
2065.67
2250.28
1996.92
2004.69
2018.01
2008.1
2084.13
2206.67
2176.11
2008.88
2538.65
1950.57
1820.43
2060.27
2233.4
1916.74
1812.48
1768.22
2141.35
1930.76
2325.14
2085.88
2005.69
2123.38
2286.58
1712.08
1819.67
2172.16
1603.86
1678.5
2433.28
1674.52
1809.67
2254.49
1932.48
1914.45
2239.89
1988.16
2567.98
2233.33
2194.99
2662.71
1939.94
2270.68
2138.12
1800.08
2488.44
2046.02
2277.61
2094.04
2116.23
2184.73
2014.81
2228.42
1996.65
1925.6
2016.09
2190.63
2268.57
1764.36
1750.68
2148.37
2171.35
2390.55
1949.59
1607.85
1846.82
1816.71
1925.37
2232.62
2081.84
1976.45
1871.37
2036.69
2044.52
2176.29
2050.8
2155.46
2169.62
2041.97
2167.73
1672.45
2165.29
2039.5
1600.67
2156.56
2209.75
2509.75
2763.75
2061.36
2435.07
1609.9
2189.56
2077.24
2052.52
1911.45
2066.18
1548.04
3398.8
2414.42
2427.91
2274.3
1857.29
2235.03
2157.56
2005.36
1794.64
2028.85
2334.26
1802.4
1835.87
2190.81
1801.77
2153.36
1891.87
2096.06
1897.77
1944.07
2016.74
2231.35
2112.67
2172.45
2156.75
2089.58
2415.47
2161.72
1831.05
1833
1980.85
1970.26
1924.39
2328.37
1906.59
1921.11
3120.71
2098.79
2101.6
1966.78
2015.32
2411.98
2090.65
2658
2315.66
2346.13
2188.89
1874.21
2015.49
2030.79
2190.22
1699.88
2652.08
1993.05
2047.71
2119.3
2067.25
1856.79
1962.6
2313.71
2175.55
1869.42
1879.41
2130.38
2309.19
2034.74
2077.5
2370.44
1708.02
2125.65
2259.01
2848.44
1573.79
1955.55
1702.21
1763.31
1907.45
1899.41
1936.75
2177.1
2263.28
1575.73
1909.22
2825.1
2469.87
2364.74
1849.9
2329.86
1657.01
1674.9
2068.82
2087.48
1868.5
1932.28
2616.41
2188.75
2522.39
2296.44
2229.36
1716.45
1971.02
1825.11
1757.01
2308.47
2094.46
1859.92
1795.22
2098.2
2057.13
2169.55
1800.78
1918.12
1550.45
1809.81
2181.82
1673.59
1991.65
2736.5
2185.33
2021.46
2291.34
2507.93
1959.69
2251.97
2267.56
1754.41
2092.8
1970.17
1854.35
2436.61
2016.82
2048.01
1859.27
2025.23
1991.29
2085.11
2031.97
1854.86
2280.8
2077.54
1617.16
2032.39
1588.06
1905.78
2065.46
2624.02
2219.73
2384.77
1936.22
2792.4
2239.53
2498.61
1689.17
1923.11
2876.87
2222.45
1714.86
2209.61
1937.89
2291.42
1895.08
2494.02
1620.08
2113.76
1831.21
2044.59
1786.18
2298.36
1899.08
2371.6
1807.15
1976.77
1912.05
1887.44
1785.8
2099.2
2017.41
2073.9
2240.79
1959.38
1963.55
1929.77
2148.71
2256.29
2548.59
1891.68
2313.87
1879.74
1559.63
2322.72
2294.42
2461.09
2439.53
1568.04
2849.49
2315.38
1739.35
1996.98
2230.05
2436.64
2098.57
2178.3
2006.77
2315.63
1754.66
2494.39
1689.4
2418.22
2335.02
2345.39
2958.07
2217.23
2026.11
1769.01
2374.29
1865.63
2244.28
2038.74
2247.34
2609.64
2254.51
2005.47
1851.91
2444.04
2328.06
2090.37
2333.94
2270.24
2246.85
1781.15
2194.39
2001.07
2001.64
2367.13
2071.18
2041.98
2011.27
1749.47
2244.34
2019.13
2006.46
2021.61
2090.11
2017.56
1848.7
2533.45
2563.14
2433.19
2035.48
2545.73
2464.31
1963.97
2284.53
1871.94
2527.09
1988.03
1650.62
2691.12
2355.54
2056.73
1968.19
2370.79
2883.86
2412.48
2404.54
2136.09
2578.51
2306.82
2118.85
2120.23
2078.05
1930.21
2201.83
1690
1992.97
1984.05
1759.98
2307.23
2082.76
2174.16
1829.54
2073.42
2429.79
1805.97
2016.21
1996.41
1933.73
1825.81
2241.26
1926.84
2040.15
1982.33
2246.39
1800.98
1612.84
1783.27
1562.25
2193.46
2644.26
2068.6
1821.25
1741.9
2446.73
2109.36
1874.11
2413.99
2368.07
2350.29
2141.6
1723.88
2030.2
2032.44
2528.21
1945.8
2399.4
2211.35
1898.85
2389.25
1997.39
1705.16
2042.55
1906.4
2698.14
2185.83
2457.81
2362.14
2787.41
1614.28
2312.17
2010.18
1860.86
2065.43
1724.61
2024.23
1675.44
1713.21
2963.4
2385.59
2577.11
2569.94
1908.57
2247.73
2261.36
1610.23
2205.38
2333.67
2196.23
2178.96
2058.37
2180.31
1667.23
2127.25
2555.33
1981.24
2123.5
2085.01
2573.65
2179.89
1734.39
2301.83
2591.36
2103.85
1935.02
1857.66
1932.3
1931.67
2234.83
2224.68
2144.57
2185.13
2086.52
1823.43
1964.75
1886.9
2074.4
2187.48
1740.58
2240.06
1966.67
1709.67
2107.26
2117.42
2150.25
1997.59
2095.65
1748.82
1903.25
2140.55
2396.72
1668.97
2769.27
2224.27
2426.28
2457.68
1690.73
1978.54
2316.52
2306.42
1714.72
2092.05
2168.68
2013.99
1899.42
2117.15
2104.26
2944.93
2140.2
2272.8
2031.17
1821.6
1724.39
1553.71
3217.63
2241.51
2231.04
1924.25
2314.1
1990.48
1908.29
1875.6
1845.5
2312.47
1935.98
1838.7
1639.73
2022.79
2425.7
2151.88
2210.63
1811.47
1977.9
1677.49
2675.65
1762.84
1562.2
2191.63
1796.07
2244.2
2411.13
1944.28
1921.07
1949
1971.04
1662.14
1722.5
2086.93
1945.9
2180.04
2189.09
1985.49
1819.69
2003.48
2121.24
1868.8
1854.95
1998.9
2170.87
1741.86
2231.44
1755.9
2599.48
1933.61
1899.77
1639.83
1854.38
1970.56
1795.65
2127.71
1556.35
1916.24
2232.99
1802.44
1783.31
2198.28
2332.69
2315.71
2414.76
1920.99
1759.34
1754.72
1830.91
2686.79
1813.66
2271.16
1809.15
2560.38
1872.27
2006.47
2096.65
2246.72
2022.98
2063.45
1979.3
2312.3
2830.03
1971.59
2303
1975.31
2549.2
2039.69
2255.22
2251.41
2074.64
2420.04
2054.36
1826.77
1992.66
1954.21
2618.27
1703.12
2172.5
1888.34
1971.55
2060.45
2115.08
2141.64
2336.38
2287.68
2209.83
1961.39
2354.35
2027.2
2140.03
2411.67
1855.92
1949.69
2551.57
2195.91
1855.64
2239.9
2009.53
2110.37
2029.58
1850.49
2162.65
1901.1
2967.55
1873.11
2043.66
1902.74
1824.38
1919.5
2400.72
2239.61
2336.42
2185.87
2411.02
1867.86
1840.18
2093.99
2303.06
2286.16
2278.9
2165.23
2256.82
2122.36
2055.88
1829.42
2022.13
1877.47
2084.25
1880.85
2291.18
1928.02
2095.87
2325.57
2094.51
1641.96
1757.36
2039.74
2076.65
2005.15
2444.46
2302.55
2825.06
1535.35
1791.44
2371.4
2470.62
2169.47
1727.79
2302.4
2045.77
1849.76
2154.12
1844.82
2286.01
1979.96
2633.14
2543.32
2206.04
2414.73
2215.87
1977.65
1869.43
2305.67
2422.54
2001.44
1860.07
1619.56
2144.06
2131.22
2159.41
2182.56
2113.5
1788.59
2478
2478.34
2163.99
2162.83
1937.21
2077.17
1882.92
1833.88
2426.65
2094.98
2416.55
2226.15
1959.78
2460.7
1759.04
2617.35
1929.6
1839.14
2302.14
1727.64
2411.15
1975.08
1891.51
2769.3
2046.73
2272.82
2222.3
2277.98
1929.04
2087.97
2208.66
2158.98
2107.14
2395.73
2372.63
1818.96
2234.77
2314.96
2313.94
2308.66
2002.9
2234.06
2216.96
2177.92
2550.76
1925.13
2244.24
1987.8
2148.75
2362.82
2467.18
1998.08
2414.9
2643.39
2162.71
2043.14
2099.44
2183.64
1708.27
2142.8
2135.97
1816.35
1724.34
2506.04
2050.38
2172.14
2087.17
1897.4
1858.99
2163.47
1866.84
1928.76
1745.32
2863.61
2634.84
1780.9
2170.32
1785.37
2599.3
2016.27
1848.51
1799.08
2338.03
2133.63
2086.22
2206.55
1804.5
1928.35
2007.66
2483.31
1903.71
1854.7
2053.35
2051.93
2141.12
1948.85
2300.17
2402.47
2234.07
1742.81
2002.56
2496.19
2353.25
2036.09
2090.51
2221.07
2143.54
2065.41
1885.98
1780.99
2199.76
2053.89
2036.98
2011.57
1709.09
1856.89
1957.01
2803
1819.71
2653.55
2613.09
2042.66
2113.26
2154.85
1804.51
2286.67
1932.86
2388.52
1646.45
2410.02
2077.62
1835.79
2174.58
2249.67
2050.33
1998.02
2283.11
2237.43
2125.14
2344.19
3035.69
1716.04
2658.56
1896.73
1864.86
1880.24
2108.02
1934.59
2113.24
2086.17
2107.1
2299.91
2143.96
2175.53
2525.15
1858.04
2039.95
1933.64
2155.6
2743.71
1956.52
2064.71
1718.33
2076.97
1790.95
2358.5
1967.63
1943.79
2030.47
2189.15
2037.24
1788.42
1783.18
2413.98
1975.2
1870.22
1769.36
2202.83
2248.68
2089.45
1920.88
2108.61
2106.45
1940.98
2122.92
2015.75
2148.45
2148.37
2057.76
1971.74
2153.12
2018.17
2080.12
2246.46
1886.75
2603.12
1860.99
2301.45
1818.76
2648.31
1893.13
2701.37
2242.27
2138.89
2588.42
2258.97
2247.13
2869.87
2083.42
1845.68
2087.59
1959.15
1791.48
1882.5
2290.64
2169.2
2173.4
2017.68
2488.95
2274.61
2052.67
1971.6
2035.39
2172.72
2571.44
1942.92
1795.75
2043.15
2216.04
2486.99
2278.11
2567.26
2278.81
1918.52
3373.83
2243.66
1795.34
1772.45
2023.12
2158.66
1836.51
2411.25
2059.2
2168.2
2127.92
2340.18
2110.82
2462.76
1736.41
1770.38
2087.64
2068.74
2040.66
1873.94
2384.5
2094.61
1710.97
2014.86
1942.95
2312.88
2100.69
1983.37
1863.1
2165.9
2215.92
2258.8
2078.55
2470.74
1839.15
2316.81
2510.01
1724.39
1903.33
2337.15
2059.87
2074.61
2658.24
2436.77
1727.94
2041.42
2025.74
2148.05
2622.8
2122.6
2437.55
1751.46
2180.59
1911.56
1916.37
1855.24
2394.43
2097.67
1995.79
2224.32
1854
1893.14
1733.41
2022.71
2221.98
1803.71
2920.45
1937.92
1882.61
1521.39
1902.77
2613.06
2024.51
1916.45
2180.49
2421.65
2182.97
1879.58
1698.94
1916.7
2013.91
2277.54
2255.8
1744.2
2151.36
2270.75
1975.05
2859.81
1990.73
2678.59
2710.83
2198.59
2752.96
2230.38
2110.6
2301.91
1712.35
2198.91
1962.14
2494.74
1919.83
2061.71
2116.25
1740.4
2658.05
1886.78
2347.96
2046.68
2288.86
2177.04
2139.45
1957.21
1992.74
2217.76
2059.8
2017.56
1774.05
1987.34
2188.04
1990.39
2268.62
2414.58
2291.67
1851.85
2208.67
2339.5
1926.2
1923.43
1870.38
2211.51
2095.57
2356.5
2071.19
1864.51
1903
2289.52
2335.48
2004.48
2126.16
2069.31
2286.69
1872.11
2012.88
2051.5
2144.92
2174.05
1880.18
1877.16
1932.07
2518.09
2237.18
1559.3
1833.81
2108.87
1888.6
2313.1
1874.15
2484.33
1526.61
2060.1
2110.43
1475.96
1877.09
2559.24
2254.97
2279.75
2108.62
1978.66
2261.89
2104.3
1605.89
1932.8
1922.13
1921.14
2015.55
2316.42
1759.42
2136.1
1851.75
1806.64
1802.28
1988.06
1872.99
2218.49
2423.12
2024.69
2100.21
2076.61
1982.81
2148.61
2326.38
2321.79
1972.84
2101.88
1623.46
2144.16
1949.94
1924.28
2119.72
2037.18
2236.43
2161.49
1889.94
2455.96
2076.63
2204.54
2019.6
2246.97
2020.94
1796.46
2378.5
1912.98
1910.75
2021.75
1965.85
1930.07
1971.61
1866.48
1887.57
2638.7
1803.73
2180.27
2248.55
1902.41
2342.36
2324.59
1867.83
1875.22
2151.08
1746.19
2019.95
2410.89
1966.08
2005.94
1680.7
2685.59
1979.38
2108.81
2156.48
1918.28
2559.07
2085.25
2252.9
1975.46
1920.91
1762.25
2303.05
1861.83
1657.92
1806.21
2120.82
2064.39
1786.82
1736.66
1966.19
2100.44
2116.07
1818.94
2118.02
1615.63
1893.71
2364
2472.32
1716.52
2040.38
2144.34
1988.68
2050.85
2145.15
1661.2
2274.41
2165.32
2374.97
2097.43
1611.26
2009.76
2072.06
2275.94
2333.84
1640.88
2348.93
2181.85
2065.26
2005.01
2734.03
2597.09
1876.6
2254.3
2031.63
1882.74
2039.41
1727.04
2114.1
2261.99
2124.08
2009.77
2411.66
1462.54
1620.63
1939.84
1983.81
2068.79
2061.68
2119.53
2112.33
1920.05
2329.79
2111.4
1913.43
2034.87
2001.68
2440.4
1635.9
2073.86
2196.33
1978.7
1747.73
2356.53
1989.25
2354.42
2314.16
2348.22
1884.17
1966.63
2176.32
1728
1753.25
2071.96
1991.38
2529
1740.87
1995.16
2393.52
2204.48
2291.58
2379.51
1894.64
1872.41
2262.03
2069.65
2152.28
2184.73
2568.69
1816.98
1735.73
2455.83
2579.13
2041.6
2493.61
1963.57
2243.95
1786.76
2170.82
2353.15
2517.03
1858.63
2595.9
2093.32
2025.74
2293.12
1942.48
2498.02
2031.13
1719.44
2404.62
2184.54
1698.93
2953.42
2322.01
2396.35
1959.86
2033.09
2028.05
2399.59
2053.43
2237.07
2006.07
2015.52
2337.51
1732
2159.94
2007.07
2099.56
4495.92
2025.07
2292.72
2189.78
1979.15
1805.92
2256.64
2515.68
2610.16
1877.07
1876.73
2023.54
1862.7
2118.55
2566.16
2364.75
2050.12
2188.75
1843.26
2532.34
1766.5
1837.62
2017.97
1807.11
1613.13
3063.81
1844.62
2344.42
2201.67
2384.81
2321.92
1952.97
2078.48
2324.57
1944.41
2508.84
2383.46
2349.12
2493.14
2228.51
2132.71
2058.45
2238.62
2165.98
2160.11
1892.69
2497.03
1993.74
2242.32
2077.34
1673.61
1512.1
1781.07
1934.53
1800.68
2174.79
1552.34
2253.73
2253.18
2302.98
2146.07
2078.16
1838.93
1748.08
2210.96
1972.91
2259.76
2569.29
1890.13
2223.53
2108.15
2075.5
2439.68
2632.75
2149.36
2146.75
2020.64
1941.21
2195.76
1704.09
2064.35
1993.52
1939.37
2390.8
2090.25
2035.73
2687.48
2120.42
2068.2
2294.81
1605.61
2088.39
1761.23
2293.19
2280.8
1683.59
2137.88
1794.12
2040.71
1926.32
1614.88
1945.98
2303.84
2004.52
2741.97
2036.83
2211.77
2367.33
2300.45
1775.73
1829.06
1915.72
1743.06
1879.14
1764.37
1903.05
1922.98
1739.43
2424.13
1931.37
1908.61
1873.28
1789.65
1799.4
2482.87
2096.43
1836.28
1989.53
1638.12
2440.89
1787.73
2370.17
1734.52
2010.13
2011.36
1811.78
2258.62
2038.7
2485.34
2255.14
1716.75
1623.85
2249.7
2031.21
2216.77
2049.54
1595.07
2267.13
2306.54
2053.64
2122.34
2136.33
2348.89
1961.17
2325.4
2119.77
1899.39
1849.36
1761.94
2055.13
2283.36
2518.8
2055.63
1980.68
1732.62
2070.92
2002.24
2425.29
2295.05
1902.76
2114.82
1813.82
2193.47
2088.82
1786.74
1955.96
2185.76
2174.35
1930.52
1971.87
2106.69
2757.43
1865.79
2220.45
1686.5
2199.02
2300.83
2516.11
2033.12
2223.69
1845.29
1778.74
1753.43
2339.35
2577.41
2015.07
2043.9
1946.34
1933.16
2177.78
2138.62
1743.58
1616.91
1752.6
2396.06
2063.9
2273.85
2050.78
2197.82
2051.03
1966.31
2093.33
1874.4
2351.67
2435.17
2342.28
1778.07
2102.54
2706.89
2304.9
1796.84
2129.63
2324.31
1750.37
2630.33
2398.05
2387.33
2357.87
2319.01
2210.52
1926.88
2535.07
2290.47
1951.68
1980.29
2273.42
1785.58
1780.72
2224.67
1863.98
2449.12
1791.67
1725.73
3023.02
1765.54
2159.17
2309.05
1638.91
2104.95
1969.11
2055.86
1839.63
2545.47
2090.6
2051.53
1902.67
1854.63
1831.44
1957.71
2012.81
2064.6
2101.15
1932.58
2086.38
1973.67
2214.12
2234.93
2278.68
2557.72
2230.68
1902.8
1829.9
2205.4
1901.05
2331.6
2139.1
2371.16
2115.85
1887.4
1938.69
2241.42
1667.47
1681.34
1494.75
2185.37
1915.06
2163.07
2049.96
1864.88
2136.47
2059.18
2450.31
2263.4
1921.97
2016.48
2416.75
2305.31
1619.64
2379.31
2202.71
1963.63
1941.31
2085.13
2021.22
1865.81
1696.68
1999.97
2022.27
2048.23
2885.38
2765.87
2018.34
2366.88
2180.45
2299.67
1837.19
1739.3
2434.76
1982.18
2246.8
1887.04
1778.1
2664.05
2345.15
2163.2
2089.31
1869.2
2407.83
2228.24
2728.91
2108.22
2020.15
1848.71
1856.52
1797.99
2091.22
1959.71
2219.83
2234.99
2096.75
1882.7
1932.38
2043.34
2304.33
2280.74
2220.21
1833.61
2149.43
2121.66
2390.73
1671.91
2190.84
1787.46
2154.45
1735.54
2402.45
1960.28
2045.16
2203.34
2212.83
2214.74
1692.44
2125.27
1902.25
2078.96
1820.68
2191.67
1890.25
1963.8
1976.87
1565.77
1862.97
2079.58
2046.28
2281.24
2590.67
3119.42
2350.11
2156.93
1760.69
2439.74
2209.75
2543.41
1917.73
1709.6
2121.53
1791.15
1866.34
2525.21
2155.06
2145.98
2111.35
1626.43
1992.3
1920.99
2372.8
2019.24
1845.38
2051.58
1888.66
2456.4
1879.65
2547.84
1812.25
2305.88
2124.71
3010.15
2404.66
2269.52
2088.75
2025.58
1747.33
2054.66
2292.68
1862.9
1963.2
2823.55
2370.1
1967.61
2059.27
1955.52
1878.99
2659.14
2104.82
2103.62
1777.43
1945.09
1838.76
1690.99
1984.47
2093.58
2058.61
1811.17
1854.16
2286.84
2053.39
2588.75
1961.29
2101.13
1812.23
1880.57
2321.49
2003.95
2101.83
2081.63
2077.61
2908.24
1958.72
2438.98
1984.53
2063.04
2365.03
2087.36
2558.36
2206.76
1978.75
1963.68
1923.63
2581.69
1910.32
1967.86
1739.03
1704.76
1658.73
1617.52
2227.72
2110.56
3014.36
2557.38
2293.94
1841.85
1896.42
2084.24
2334.42
2134.94
2940.21
2410.34
2339.04
2039.24
1876.1
1659.97
2161.79
1748.25
2017.8
2239.46
2269.23
1956.53
2386.99
2303.56
1931.78
2312.85
1741.94
2066.59
2567.93
1873.52
1824.36
2285.18
2576.58
2497.77
2007.18
2397.25
1811.66
2166.79
1966.8
2193.44
2229.13
2220.14
2113.86
2334.21
2634.73
1924.3
2175.26
1826.18
2153.39
2220.11
2190.54
2129.43
2415.78
2129
1732.07
2115.07
1914.55
2144.36
1943.34
2035.38
2083.97
1775.72
2181.3
1750.87
2200.7
2125.25
1445.83
2586.2
2374.6
1958.09
1872.62
2487.02
2002.35
1843.41
2044.82
2696.91
1823.87
2293.08
2071.3
2099.67
1745.07
1985.65
1620.79
1752.05
2050.27
2120.28
2589.47
2508.21
1989.48
2034.73
2201.5
2189.43
1923.57
2240.68
2379.78
2228.09
2823.41
2135.69
2420.69
2110.98
2145.79
1910.38
2345.03
2158.75
2236.04
1984.41
1987.48
2264.61
1931.69
1993.8
2007.72
2060.63
2361.29
1890.51
2055.99
2289.01
1872.76
1931.86
2083.32
1774.79
2221.45
2304.41
2274.61
2230.14
2639.85
2083.21
1570.02
1999.55
2134.5
1666.63
1990.46
2239.9
2269.81
1858.27
1954.56
2039.85
2213.92
2148.63
2016.67
2090.04
1647.79
2816.13
2188.11
2086.52
2013.8
2072.55
1789.46
2064.75
2204.78
1947.26
2464.26
2246.79
2074.22
2043.29
1730.87
2455.27
2177.6
1983.82
1920.28
2042.5
2344.68
2125.73
1830.58
1951.11
2061.33
2130.39
2205.06
2187.66
2035.96
1774.42
2137.63
1930.33
2186.62
2271.34
1678.93
2027.35
2002.71
2086.45
2477.66
1510.42
1958.52
2467.45
1904.75
1857.73
2382.11
2331.59
2165.22
2012.99
1857.4
1730.5
1814.07
1865.18
2128.83
2152.48
2102.34
2097.26
2311.77
2120.95
2140.72
2057.72
2149.68
2332.87
2011.9
2513.46
2159.13
2178.07
2207.52
1986.22
2223
1763.78
1861.56
2420.59
2289.44
2341.02
2030.39
2418.6
2341.29
1865.89
2381.3
1702.68
2500.27
2057.57
2241.82
1960.04
2056.34
2515.59
1656.5
2433.5
2083.29
3244.9
1963.76
2018.24
2029.96
1935.37
3004.6
1874.09
2235.67
2571.77
2113.86
2393.05
1900.23
1617.78
2031.75
1883.22
2567.94
2201.88
2323.98
1825.56
1911.33
1998.35
2337.66
1974.51
2356.2
2391.76
2007.57
3203.24
2868.82
1902.54
2100.7
1999.88
2379.14
1971.76
2052.32
1986.24
2263.68
2475.26
1755.3
2089.31
1995.06
1973.87
1710.94
1687.35
2170.98
2304.97
1956.44
2214.32
1950.56
2025.85
2023.44
1805
2197.2
2243.13
2564.69
2103.35
2145.8
2218.93
2677.51
2037.22
2263.45
2304.8
2268.05
1814.05
1766.81
2316.52
2211.34
2318.56
1786.05
2521.68
1889.99
1812.53
1913.46
1964.27
2610.16
1569.39
1666.47
1984.9
2057.47
1946.81
2087.52
2272.26
1587.8
1848.1
2489.34
1751.61
2091.42
2248.06
2535.11
1798.2
1604.62
2058.32
2250.2
2016.38
1874.1
1738.7
1982.25
2100
1931.5
2236.56
1710.33
1950.7
1771.16
1980.27
2053.84
1827.96
1639.92
2066.98
2467.82
1714.57
2105.15
2296.17
2030.25
1877.87
2168.08
2388.87
3005.27
2057.55
1879.16
1954.75
1970.23
2156.41
1785.21
2027.55
2193.07
2239.72
1847.27
2141.45
2010.71
1827.88
2036.48
2373.53
1948.28
2182.29
2491.83
2481.11
1799.38
2010.81
1712.87
2301.57
1746.31
1908.45
2465.31
2048.75
1868.47
2261.79
2274.74
1779.93
1923.76
1803.98
2001.78
2024.73
2245.27
2467.32
1841.68
1870.7
2121.84
2265.69
2260.83
2466.03
1969.39
2347.07
2130.04
1562.43
2702.38
1791.58
2292.8
2216.19
1941.91
1970.61
1693.01
1653.77
2774.12
1988.72
2899.66
2245.84
2187.75
2087.65
2336.2
2264.83
1877.91
1715.87
2221.03
2294.43
2073.36
1901.44
1711.25
2320.51
2283.31
2121.43
1827.81
2218.98
1803.42
2246.13
2118.27
1905.89
2164.84
2001.03
1922.51
1947.54
1953.89
1988.6
2175.63
2457.17
2033.6
2096.17
2066.76
2060.33
2336.42
2108.49
2450.38
2489.43
2017.13
1854.06
2583.58
1903.99
2297.98
2082.27
2121.6
2774.54
1788.82
1911
2052.92
1737.44
2202.95
2182.7
2035.11
2175.34
2071.4
1889.59
1940.22
2159.53
1879.38
2393.79
1835.85
1832.11
1624.65
2311.96
2549.75
1970.71
2932.26
2314.85
2169.66
2124.32
2107.6
1742.22
2202.94
2326.38
2143.08
1912.41
1994.29
1813.13
1675.76
1711.6
2039.47
1888.85
1914.11
2344.4
2861.07
1740.78
1911.29
1912.3
1790
2184.88
1678.35
1922.97
2083.13
2486.3
2755.22
1996.14
1794.98
2067.53
1965.85
2141.86
2234.33
2146.56
1845.71
1965.57
2378.11
1869.96
1516.61
2122.08
2043.7
2545.66
2504.09
2846.07
2200.99
2245.33
2407.39
1938.09
2432.85
1891.06
1782.86
1945.2
2086.55
1962.09
1805.49
1883.69
1852.83
2450.96
2293.53
2088.97
1978.32
2315.23
2293.81
2218.89
2925.2
2033.63
2077.03
1867.98
2304.96
2075.31
2122.26
2066.03
2356.49
2169.19
1701.4
1815.57
2463.85
2269.83
2478.4
1727.46
2057.04
2157.42
2134.99
2123.52
2095.15
2386.89
1761.15
1911.46
2064.93
1682.54
1571.91
2438.03
2269.65
3266.21
1975.3
1933.86
1989.44
2719.48
1884.21
2104.26
2684.95
2186.72
2652.94
1994.58
1808.87
1988.25
2155.08
1661.4
2588.87
2381.49
2253.96
2405.26
2108.56
2296.52
1739.17
2397.17
2031.06
2088.85
1962.68
2943.16
2458.17
2235.06
2520.36
2066.24
2462.56
2098.54
1801.56
2149.83
2012.37
2875.88
2020.21
1781.43
2096.91
1730.78
2409.36
2123.71
2618.16
1974.71
2043.29
1931.06
1969.55
1837.38
1647.94
2307.29
2694.43
2125.55
2568.71
1856.4
1845
2140.85
1669.93
2069.61
2270.06
2148.31
2103.77
2085.29
1926.84
2317.25
2321.5
2328.65
1674.15
2052.18
2507.46
1920.3
2138.76
1989.64
2166.04
1898.89
2483.5
1799.9
2192.41
1734.44
1937.53
2209.56
1819.17
2291.74
1786.54
2145.96
2146.27
1586.29
2297.22
2199.68
2387.59
1891.99
1657.54
2318
2527.46
2073.84
1835.42
1896.14
2331.82
1823.44
2108.62
1938.24
1842.39
2125.88
2476.01
1933.49
2085.49
1864.77
2264.32
1817.06
1886.22
2026.67
1971.4
2165.4
1915.21
1715.75
1916.19
1992.12
1787.96
2417.67
1777.37
1872.7
2611.21
2262.99
2168.78
2192.72
1966.43
2106.33
2266.67
1896.95
2894.21
2235.46
1707.13
1563.62
2027.15
1748.74
2488.01
2087.89
1899.61
1767.03
1997.49
1825.27
2237.63
1992.51
1913.64
2337.59
2041.63
1919.68
2195.32
2113.67
2267.59
1927.16
2854.88
1733.96
1987.53
2097.03
1789.09
1857.63
2453.4
1811.36
2227.77
1896.22
2131.21
2201.9
2694.23
1764.04
2405.16
1967.51
2482.4
1877.84
2144.32
1966.44
2575.94
2111.67
2184.38
1891.46
1907.89
2405.27
1908.47
2202.53
2398.15
2098.65
2546.49
2036.13
2113.29
2627.03
1946.28
2051.89
2733.18
2027.47
2048.38
1960.53
1912.26
1985.52
2429.62
2684.39
2119.53
1978.54
2060.54
1915.76
2159.6
2251.2
1709.3
3356.08
1848.21
1915.81
2124.37
2233.89
1891.61
2490.23
1906.23
2156.59
2029.76
1882.44
1755.22
2315.3
1913.69
1936.7
2568.42
1785.36
1982.74
1757.58
2633.14
2089.26
1936.97
2018.66
2120.68
1770.23
2059.44
1746.5
2006.89
1705.88
2239.99
1979.73
1890.53
2102.58
1607.69
2017.7
1989.27
1869.78
1804.75
1921
2250
2036.53
2564.75
1940.75
2592.25
2029.12
1913.35
2276.83
1584.91
1990.72
1978.99
2096.32
1936.25
1832.34
2486.2
2410.42
1520.41
1995.66
2327.87
2267.98
2068.62
1911.81
2376.9
2281.28
2448.42
1743.35
2426.27
1789.07
2134.15
1913.86
2609.48
2439.92
2268.14
1974.15
2031.01
2237.28
1802.31
2144.93
2321.68
1685.36
1981
2597.13
1907.4
1945.62
1906.53
1719.55
2439.43
2255.94
1976.09
2356.84
2010.75
2363.94
2506.8
2508.89
2140.56
2246.44
2026.86
2208
2198.12
2188.06
2064.23
2390.44
1867.94
2308.55
2185.68
2290.43
2283.93
1718.49
2751.38
2194.31
2144.58
1965.44
2438.25
1960.68
1498.37
1699.77
1998.88
1865.28
1919.5
1965.19
2195.53
2066.1
2268.57
2127.54
2022.95
2521.35
2123.06
2341.25
2004.31
1914.1
1986.73
2209.33
2506.39
1995.26
2282.28
1792.62
1631.53
1878.06
2442.41
2138.71
2023.35
2173.19
1906.61
1684.2
2085.96
2075.28
1932.76
2223.22
2504.25
2615.55
2053.01
2264.64
2724.72
1933.01
2192.4
1734.79
2205.45
1904.89
1692.78
1686.71
2219.17
1863.33
1952.37
1922.03
1951.25
1974.53
1872.52
1930.42
2035.42
2354.22
2008.77
2043.25
1833.18
2214.31
2054.74
2048.82
2102.78
1978.94
1766.13
1844.54
2320.3
2112.44
1959.57
2162.29
2063.26
2299.98
1647.46
1739.73
2077.19
2189.13
2168.43
2163.2
1731.75
2475.19
1782.36
2599.3
1803.25
2312.38
2759.35
2133.27
2450.96
1742.95
2448.53
2623.68
3051.79
1767.34
2027.95
2445.98
1730.57
2266.75
1828.12
2209.57
2116.07
2425.27
2145.12
1639.06
2114.93
2568.87
2145.68
1995.09
2069.08
2190.56
1765.06
1880.67
2334.97
2671.46
2380.21
2326.96
2544.41
2203.83
1696.35
2273.93
2068.49
2276.81
2195.42
1824.99
2039.59
2131.39
2069.32
1825.1
2302.86
2007.23
1788.04
2229.97
2175.99
1807.26
2002.79
2000.95
1862.41
2301.7
2224.78
2315.62
2534.64
1758.65
2266.67
2087.97
1925.26
1974.19
2073.84
2095.45
2626.65
2119.98
2600.59
1746.64
1808.32
2058.22
2641.06
2235.23
2185.53
1879.83
2074.96
2002.12
1937.01
1941.15
1924.37
2115.14
1830.56
2372.11
2000.79
2269.83
2010.95
1775.46
1916.86
1739.28
1933.79
2771.38
2660.4
1682.52
2068.51
1825.18
1691.92
1779.26
1926.85
2002.8
1672.36
2549.41
2240.39
2148.13
2047.35
2041.36
2313.8
2155.75
1897.59
2395.38
2136
2150.81
1953.12
2091.98
2261.24
2350.73
1923.54
2085.91
1872.38
1827.74
1805.97
2366.65
1852.57
2207.54
1675.77
2080.53
1891.44
2092.78
2103.74
1467.21
2014.7
2146
2267.46
2144.37
2158.66
1897.24
2438.54
2023.26
2200.63
2010.75
2360.81
2152.08
2062.58
1808.76
1919.25
1742.2
1772.71
1792.17
2167.76
1987.24
2359.32
2076.82
2292.15
2019.22
2343.11
2138.31
2307.85
2142.49
2299.18
2200.67
2082.85
1993.65
2537.8
2057.34
1766.65
2420.91
2327.3
1933.48
1864.97
2009.46
2082.97
2221.76
1794.77
2049.3
2159.28
1933.41
1764.54
2133.29
2690.91
2233.19
1933.48
2562.53
2069.12
1990.92
2350.48
2064.14
1931.91
1849.37
2176.76
1888.59
1853.83
2247.37
1857.98
2311.66
1951.69
2525.56
1882.26
1710.98
1972.74
2052.66
1684.5
1549.36
2022.97
2729.18
1849.37
2115.19
2663.31
2550.27
2298.28
1840.19
2010.48
2296.27
2733.76
1975.73
2310.7
1792.61
2428.79
2023.07
1962.06
1831.45
1968.12
1872.65
1876.93
2010.92
2327.71
2368.53
2156.6
1546.78
2178.53
2330.04
2105.19
1928.92
2893.29
1883.17
2871.44
2369.51
1827.44
2281.32
1649.89
2291.2
2203.03
2957.4
2057.61
2393.2
1853.62
2077.55
2013.15
2426.08
1740.36
2482.06
2385.11
2246.18
2248.9
1873.28
2455.79
2407.9
1876.47
2143.17
1646.41
1815.93
2210.75
2083.3
2926.15
1940.29
1932.06
2078.94
1896.33
2363.09
1781.38
1895.17
1954.3
1929.23
2071.23
2117.21
2148.95
2399.81
1976.2
1841.8
3307.23
2145.64
1933.43
2065.41
1655.34
2160.65
2030.33
2582.45
1616.55
2097.05
1987.1
1811.84
2437.58
2443.92
2153.28
1846.05
2241.32
1897.84
1923.07
2012.67
2497.35
2172.21
2144.31
1987.89
2026.71
2139.53
2729.56
2645.14
1800.84
1869.32
1956.05
2042.51
2054.95
2072.78
1638.27
2016.88
2413.14
1688.72
2101.06
2506.36
2072.9
2376.81
2166.86
2448.01
2212.13
2007.76
2603.86
2022.07
2110.98
2022.93
2508.8
1963.79
2236.64
2060.84
2738.66
2258.21
1837.65
2042.3
2096.01
2128.74
2613.84
2171.82
2148.94
1655.06
2775.79
1779.72
1884.7
2266.61
2230.56
1807.59
2011.3
2265.37
2153.81
1561.28
2111.33
1772.68
2298.53
1841.29
2313.4
1992.69
2284.49
2085.25
1880.58
2105.32
2059.25
2349.47
1852.64
2417.04
1857.2
2030.78
2044.48
2202.55
2163.5
1816.57
2163.3
1728
2017.74
1934.06
1973.19
1818.09
1949.29
2287.01
1894.67
1455.29
2284.65
1905.97
2187.43
2030.68
1882.69
2122.41
2419.6
1785.84
1975.51
1695.05
2625.77
1755.88
1889.27
2528.51
1692.94
2110.13
2339.71
2043.77
1904.3
1924.37
1882.06
2316.49
2373.33
1918.89
2090.95
1827.92
2209.22
1981.87
2464.32
1882.48
2017.33
2083.4
2073.81
1836.72
2658.35
1726.07
1846.53
1885.7
2043.14
2420.54
1964.58
2707.64
1966.78
2098.12
2149.37
3151.98
2236.08
1956.12
2079.57
1847.05
2345.08
2676.55
1812.56
2128.69
2371.05
1966.46
2042.57
2417.37
2521.25
1997.81
2210.98
2057.4
1759.79
2392.76
1998.56
2103.14
1741.11
1902.61
2582.38
2177.48
2119.32
1841.89
2021.19
2378.96
2216.52
2112.38
1940.61
2030.68
2189.27
1981.7
2248.39
2224.29
2611.44
1937.29
2086.58
2178.45
1817.22
1928.69
2136.09
2383.06
3302.32
2186.27
2054.45
1872.84
1866.72
1554.61
2104.8
2235.51
2118.15
1884.06
2131.32
2191.45
2605.61
1988
2203.92
1838.88
1789.73
1956.89
2173.26
2148.19
2131.02
2129.3
2428.8
2173
2155.25
2415.15
2017.57
2024.11
2075.44
1906.72
2368.08
1804.61
2218.06
1963.97
2038.98
2099.67
1967.69
1745.27
1639.59
2187.13
2033.72
1849.38
1919.66
2503.6
2164.93
2167.42
2074.96
1993.57
1812.42
2233.99
1926.05
2215.91
2394.63
1963.16
1965.51
2089.55
2079.08
2028.03
2081.16
2227.16
2784.9
2065.7
2687.5
1865.09
2138.11
3032.63
1948.77
2113.75
1923.91
2180.81
1870.98
1895.08
3082.43
1952.3
2537.25
2563.16
1793.9
2120.52
2175.32
2377.71
2383.17
2356.63
1915.93
2489.18
2053.12
1747.74
2766.86
1611.93
1796.13
1464.12
1942.59
2019.72
2030.99
2243.45
1890.75
1829.26
2348.93
2234.09
1918.75
1681.59
2974.78
2231.77
2370.9
1687.87
2098.79
2164.46
2281.21
1836.69
2364.37
1612.9
2139.77
2113.37
2425.06
1759.32
2465.7
2141.16
1786.63
2319.14
2124.43
2231.21
1966.72
1966.13
2166.65
1864.3
2060.5
1911.8
1824.98
2220.68
1773
2202.3
1735.15
2214.46
2345.77
2306.28
1906.44
2305.79
1972.83
2423.23
2183.54
2245.18
2149.18
1775.44
2337.26
1958.3
2116.94
3005.21
1933.96
2219.94
2443.85
2283.28
1856.36
1940.53
2130.33
1767.45
1847.75
2050.78
2006.11
1908.87
2458.04
1858.84
2226.46
2440.13
2123.71
2260.21
1934.88
2097.97
2056.46
2075.81
1791.34
1826.13
1914.19
1830.25
2614.04
1842.08
2060.04
2128.19
1715.36
2354.61
2008.18
2049.58
1893.86
1776.38
2306.11
1955.63
2042.37
2048.68
2007.76
1970
2186.03
2489.38
1809.65
2138.61
1904.6
2198.12
2136.08
2070.06
1754.38
2526.57
2027.26
1905.56
2377.13
2699.19
1971.55
2027.52
2202.89
1850.59
1959.26
1764.84
2330.65
2022.06
1926.03
2290.09
1986.87
2350.64
2938.63
2314.1
1742.71
1721.35
2149.01
2058.03
1923.39
2879.82
2278.97
1863.67
2223.8
2170.32
2278.92
1570.02
2038.74
2386.07
1946.15
2268.07
2448.68
2203.91
1862.05
1901
2380.67
1922.23
2651.55
2458.98
2136.57
1889.85
2275.57
2169.59
2218.01
1953.65
2086.15
2081.98
2415.98
1576.22
1976.39
2601.46
1718.58
1953.12
2144.3
2348.13
1826.52
2210.52
2069.56
2115.19
1855.45
1742.18
2229.56
2026.73
2156.4
2062.03
2462.08
2204.09
2800.86
2272.76
1656.32
2519.87
1963.78
1780.18
2180.91
1547.5
2097.96
2287.73
1892.46
1836.24
1703.33
2130.06
2189.81
2118.93
2401.24
2140.58
1997.95
2445.98
1734.94
2180.62
1802.72
1659.87
1650.79
2134.88
1792.32
2091.02
1943.47
1897.99
1611.05
2243.49
2315.87
2080.51
2112.6
1581.13
1864.09
1727.85
2491.58
2120.24
2054.41
2144.28
2617.2
1768.54
3501.49
2381.34
1682.82
2345.75
1795.74
1995.01
2360.49
1694.02
1705.87
2220.54
2195.3
2237.11
2171.69
2081.95
2528.22
1962.03
1925.43
2248.03
3093.32
1911.19
1857.17
2012.78
2316.04
1938.68
2112.43
1873.72
1696.92
2348.04
1944.68
1998.82
2153.51
1914.07
1578.19
2363.07
2249.53
2170.15
2359.14
1851.26
2596.6
2076.63
2147.86
2113.78
2210.29
1860.2
2195.85
2078.78
2254.01
2527.97
1919.39
2181.11
1651.75
1871.18
1873.76
2294.62
2148.5
1899.84
1548.68
1755.39
1868.79
2217.86
2282.1
1865.47
2035.06
1835.98
2238.23
2002.32
2013.26
2142.43
1711.99
2077.98
2012.87
1902.51
2025.94
2011.29
2249.22
2344.66
1757.02
1758.07
1992.03
2482.11
1927.14
2393.92
1774.8
2255.75
2079.27
2018.11
1864.98
2826.47
1781.29
2418.98
1798.56
2531.63
2088.26
2505.82
1757.36
1656.87
1921.59
1745.1
1809.37
2251.94
2257.89
2156.11
1999.31
2122.68
2058.1
1806.71
2132.16
2315.51
1840.4
2149.01
1813.12
2420.61
1929.57
2143.33
2438.51
1718.68
1466.57
2168.1
2518.43
1978.62
2058.34
1976.88
1926.76
2066.89
1712.47
2028.57
1786.54
1974.33
2307.16
1872.61
2387.92
2174.95
1652.5
1908.16
2378.78
2193.71
1860.66
1676.69
2413.43
2129.97
2401.82
2228.02
1952.94
2138.47
2299.93
2223.92
2626.45
2197.84
2010.06
1887.21
2040.84
2600.29
2157.43
1816.69
2129.9
1596.52
2136.35
1992.08
2004.25
1838.35
2583.78
2261.48
2316.49
2042.35
1946.67
1958.63
1835.68
1824.68
2365.99
2843.26
2122.4
2212.9
2227.38
2148.19
2474.84
1950.64
1879.31
2234.71
2435.41
2627.45
1685.1
2084.39
2575.47
2834.29
1931.81
1677.08
2142.1
1821.67
1875.62
1816.88
2849.63
2627.62
2509.66
1819.1
1693.29
2781.39
2234.94
2094.38
2005.67
2332.37
2165.09
2123.45
1775.98
1911.94
1882.71
1924.41
2167.11
2048.18
2139.39
2253.98
2843.62
2195.29
1911.72
1916.41
2011.99
2255
1593.75
2579.53
2530.84
2132
1709.7
1886.21
1978.11
1739.27
1906.84
2209.32
2441.5
1870.51
2123.22
1975.54
2758.97
1863.06
2189.37
2757.05
2408.65
1846.4
1970.38
2131.21
2066.73
2226.01
2112.99
2247.28
2070.18
2170.51
2197.99
1981.63
2330.12
2253.45
1653.97
1969.12
2139.94
1895.28
2376.7
2238.52
1891.6
2050.69
2047.86
1919.41
2035.77
2204.86
2089.1
1958.3
1995.36
2285.33
1784.49
1861.88
2033.53
2007.89
2548.94
2336.32
2015.96
2077.13
2071.29
2160.17
2064.28
2289.17
2254.06
1864.89
1979.32
2187.03
1805.13
2404.06
1949.07
1960.61
1867.87
2328.79
2249.5
2117.91
1907.58
2170.2
2649.85
2341.43
1681.37
2020.06
2166.73
1829.15
1876.43
2530.61
1936.69
1645.51
2302.4
2895.02
2013.17
1906.62
2540.4
2003.28
1550.34
1788.34
2435.58
2241.9
2852.87
2010.12
1812.07
2193.31
2650.06
2033.91
1857.68
2221.69
1969.53
1997.2
1856.51
2261.91
2426.42
1761.89
2551.58
2197.72
2206.28
1945.98
1640.27
2346.64
2004.4
1532.43
1801.19
2165.01
1568.82
2382.75
2034.29
2103.99
1903.4
1795.93
2128.12
2221.62
2206.73
2179.29
1933.4
2001.39
1852.32
2425.27
2346.61
2131.72
2133.16
1823.35
1721.14
1814.26
2149.57
1763.3
2581.07
2117.96
2256.1
1699.63
2189.12
2455.33
2945.69
2135.53
2324.93
1650.39
2049.87
2070.39
1944.24
1801.02
2313.58
1804.68
2066.65
2205.75
1933.21
2344.1
1907.91
1907.61
1956.25
2362.38
2207.21
1560.24
2822.53
1870.05
2323.31
2481.27
2872.91
2371.51
2051.83
1936.36
2022.64
2140.99
1965.59
1580.58
2641.94
1897.06
2297.75
1592.95
1905.46
2164.41
1887.52
2408.54
2154.73
1853.82
2468.61
2510.85
2181.64
1841.2
2731.76
1831.79
1980.72
2034.54
2252.17
1698.15
2326.27
2644.38
2097.59
2382.57
1910.6
2132.37
1998.5
1812.47
2020.52
1648.73
1939.66
2468.48
1745.16
2375.74
2263.97
2087.68
1965.96
2088.3
1871.76
2036.29
2310.61
1664.27
2157.54
1877.56
2252.03
1925.94
1811.99
2082.32
2434.74
2242.23
1694.88
1576.49
2185.44
2457.99
2221.98
2164.78
2117.16
1749.97
1712.27
1710.53
2142.71
2384.23
1534.93
1936.55
2415.08
2372.87
1908.71
1825.96
2041.34
1897.25
2299.41
2598.25
1799.28
2129.81
1961.23
1775.21
2254.89
1883.04
2071.13
2259.05
2026.92
2049.37
2079.31
1775.23
1669.41
1620.07
2200.93
1778.15
2299.5
2367.79
2242.65
2317.64
2045.39
2098.42
1899.81
1946.04
2104.68
2311.38
2421.96
1965.23
1994.53
1929.04
1923.27
1765.48
2009.62
2336.99
2468.5
1761.32
2138.69
1962.56
2765.57
2205.67
2048.15
1901.64
2124.13
1960.41
1804.02
1774.33
1954.11
2278.32
2179.62
2364.39
2191.49
1921.35
1959.43
1943.6
2488.38
1986
1958.46
1692.26
1968.78
1690.42
1780.67
2041.41
2286.03
1828.98
2110.35
1986.12
2063.19
1866.22
1694.21
2599.34
1977.34
2221.66
2139.61
1773.31
2255.58
2174.6
2452.68
2143.84
2043.95
2589.49
1501.12
1908.38
1934.8
1690.33
2165.59
2229.85
2520.11
1718.91
2127.72
1810.14
2124.99
2158.45
2562.5
2282.7
1756.18
2852.76
1974.43
2010.37
1692.46
1674.83
2441.15
2132.69
2854.01
1899.49
2366.1
2058.95
1934.18
2206.89
2041.75
2185.11
2016.23
2251.05
2742.72
1991.31
1982.71
2879.32
2059.81
1520.1
2238.7
2312.69
1762.07
1996.99
2506.96
1798.19
2379.98
2186.76
2247.19
1973.59
2253.15
2656.43
2497.71
2395.89
2239.12
2314.11
1858.45
2900.23
2585.97
2763.72
2069.52
1978.33
2431.88
2253.58
2148.25
1845.82
2370.06
2017.16
2261.29
1691.94
1817.97
1942.41
1844.67
1952.68
1667.42
2153.27
2150.52
1874.91
2233.69
1736.05
1868.66
2141.71
2233.53
2028.29
2086.3
1880.92
2199
2078.1
1928.8
2139.41
2184.78
2203.13
1952.04
2053.03
1973.47
2269.73
1928.28
1924.91
2648.39
2524.08
1988.46
2199.28
2415.42
2818.33
2033.09
2177.34
2201.1
1987.69
2084.37
1660.93
2141.96
1772.66
2112.33
1775.88
1754.33
1836.29
2160.93
2337.47
1827.68
1830.97
2390.88
1908.21
1913.38
1759.01
1707.29
2038.55
2335.44
2012.26
1867.2
2344.66
1812.21
1819.75
2704.06
1864.78
2453.7
2518.71
2434.13
2319.01
1937.26
1941.83
1924.88
1925.8
2217.37
2344.73
2365.86
1749.62
1870.58
2039.12
2459.27
1972.59
1866.88
1988.09
1719.96
2351.64
2167.09
1963.68
2245.38
2222.93
1956.96
1883.74
1647.04
1841.28
1804.38
1801.67
1920.96
1872.28
2355.84
1996.5
2144.11
2161.13
2435.25
2350.59
1963.7
3536.61
2421.91
2177.3
1729.57
1829.87
1689.9
1990.92
2141.58
1883.88
2134.49
1810.21
2481.26
1810.16
2197.76
2393.91
2145.12
2371.32
1739.78
2216.31
2493.71
2783.84
2092.44
2502.62
3293.86
2186.27
1784.75
2211.94
2085.44
1828.89
2614.83
1995.98
2651.8
2425.67
2071.09
1939.23
1949.44
2026.33
2575.7
1995.95
2142.66
1955.97
2437.11
2058.89
2252.84
2618.37
2122.97
2530.89
1848.53
2336.07
1751.08
1997.84
2007.11
2603.82
2603.63
2104.74
2184.81
2715.87
3012.58
2353.94
2026
2271.63
2049.57
2339.09
2075.65
2754.08
1694.95
1683.33
2520.3
2122.93
2166.94
2197.65
2028.22
1986.6
1934.4
1892.57
1759.22
1868.61
1909.69
2002.93
2260.72
2094.01
1901.07
2109.4
2039.38
1813.6
2240.71
3421.21
1762.72
2213.37
2092.74
2511.04
2224.01
2063.96
2229.95
2160.63
2669.93
1898.32
2313.15
2192.92
2085.23
1666.8
2000.25
2145.12
2065.54
2011.72
2345.97
2765.33
1890.22
2311.6
1814.76
2177.8
1806.81
2103.67
2640.14
2109.6
2082.9
2342.51
2618.52
2147.73
2075.34
1704.21
2639.42
2314.05
2198.79
1847.81
2514.71
1836.68
2089.35
1913.52
2271.74
2139
1958.8
2030.65
2146.97
2285.2
1628.93
1875.47
1808.91
2282.67
2061.9
2072.7
1750.4
1996.12
1972.65
2196.72
2221.39
1821.91
2735.69
2022.49
1745.75
1666.63
1963.8
1959.31
2506.08
2088.88
1889.72
2193.34
2382.87
1988.11
2350.86
2092.23
1772.19
1972.28
1788.46
2459.3
2104.62
2242.88
2453.07
2273.73
1962.36
2334.84
2274.4
2172.42
2271.81
2129.31
1845.9
2052.78
1987.41
2285.56
1879.01
2199.89
2199.64
2277.66
1849.72
2201.73
2191.72
2010.1
2067.97
2338.14
1943.58
1703.35
2071.46
1816.82
2215.16
1951.38
2051.36
1845.51
2240.83
1889.01
2731.34
2043
2236.34
2192.23
2166.39
1927.88
1711.12
1617.24
2043.48
2508.26
2160.87
1951.26
2034.87
1934.46
1808.69
2017.59
2586.02
2183.81
2192.54
2483.91
2057.46
2288.32
2547.95
2703.06
2166.05
1996.31
2405.47
2400.01
2027.02
2129.93
2471.35
1915.43
2953.25
2396.22
2008.41
2373.5
1989.85
2117.81
2054.35
2092.76
1992.56
2256.38
2296.22
2854.95
1936.05
1882.03
1780.02
2189.94
2161.36
1827.35
1960.81
2085.17
1623.38
2277.01
2729.91
2237.41
1617.51
2013.24
2653.23
1712.04
1971.63
2420.93
2178.79
2123.97
2561.37
1771.92
2122.35
2241.6
1651.35
1988.42
2145.28
2002.69
2284.26
1735.4
1823.73
1981.76
3402.91
2379.7
2024.16
2497.29
3002.76
1955.63
2289.59
2098.07
1869.08
2097.32
1878.41
1937.08
1626.21
2666.19
2262.18
2512.61
2741.74
1866.62
2007.14
2038.46
1890.97
1820.73
1783.04
2282.7
1822.29
2396.81
2249.58
1900.58
2447.49
1922.36
1905.32
1870.46
1812.54
1908.41
1650.29
2092.69
2091.67
1910.39
1577.61
1880.02
2113.65
1816.94
2086.09
1644.84
2120.16
1937.7
2975.14
2248.35
2180.97
1585.4
1992.34
2080.3
2047.13
2009.46
1910.42
1749.9
1555.41
1997.21
2416.6
2095.42
2160.78
1956.85
1879.81
1922.22
2126.48
2046.53
2430.97
2149.95
1607.52
2348.84
2140.14
2036
2411.94
2135.46
2108.75
1848.09
2250.73
1617.79
1950.83
1892.58
2725.23
2517.8
3065.61
2031.01
2010
2059.84
2083.94
2174.05
2426.99
2064.65
2049.65
1795.5
2642.36
1770.27
1888.09
2010.31
2040.05
2028.69
1672.69
2413.9
2819.83
2311.79
2113.32
2571.79
1983.63
2158.52
2146.56
1828.48
1998.91
1460.81
2237.49
2037.47
2263.44
2624.69
1970.64
2262.98
2052.81
1959.24
2445.99
2426.42
2625.11
2172.12
1800.33
1607.07
1700.17
2041.62
2836.31
2272.34
2002.08
1758.14
1859.72
1671.24
2624.83
1848.14
2392.15
2276.03
1988.17
2060.96
2180.72
2084.13
1775.3
2316.46
1998.99
1915.67
1793.53
2282.4
2183.27
2264.86
2343.79
2983.22
1838.51
3086.69
1936.25
2163.64
2176.73
2298.34
2050.35
2167.1
2319.4
1833.56
2125.84
1846.97
1979.06
1867.53
1731.5
2325.07
2326.84
1812.42
1780.72
2024.29
2534.94
1993.67
2338.81
2478.68
2235.83
2453.32
2218.69
1985.86
1981.5
2397.32
1791
2038.92
1920.27
2334.11
1922.64
2363.6
1740.23
1813.9
2476.77
2339.71
1899.55
1979.74
1936.21
1689.65
3279.91
1747.59
1922.77
1885.72
2118.53
3003.29
1819.91
2194.11
1818.96
1967.92
2715.87
2373.68
2614.5
1937.48
2121.04
1842.93
2517.4
1960.84
2239.71
2100.33
2333.94
1920.9
1693.92
2383.7
2159.49
2701.63
2174.21
2469.7
1768.88
1904.03
1981.1
2042.03
1839.1
1819.97
2507.43
2409.32
2018.86
2593.37
1991.94
2300.86
1933.61
1736.41
2322.59
1528.36
1810.44
2109.87
1955.32
2274.57
2259.09
1851.69
1939.17
2026.13
2052.25
2114.11
2226.13
1871.27
2051.18
2213.66
2073.89
2654
2285.34
2067.66
2690.09
2324.72
1910.98
1721.78
1948.93
1889.06
1993.04
1646.52
2082.62
2460.71
1872.05
2390.71
1973.1
2115.77
2572.26
2057.11
2399.81
1975.72
2138.67
2061.68
2118.36
2230.85
2249.67
1638.64
2181.93
2187.44
1881.82
2317.67
2099.44
2437.16
1916.48
1730.49
2335.82
1794.05
1391.48
3104.13
1842.22
2237.2
1895.8
1882.09
2030.03
2501.47
2432.2
1950.13
2073.34
2252.7
2106.63
2185.72
2337.34
2179.61
2145.14
2054.23
2077.25
1868.23
2240.45
2353.17
2803.56
1828.55
2007.25
1938.4
2109.6
2001.31
2060.01
1672.81
2236.27
1942.18
1986.74
1885.64
2167.39
2426.09
2319.13
2378.54
1941.14
1667.22
2575.44
2127.96
2190.12
2407.58
2036.05
1877.49
2132.32
2159.62
1961.66
2177.85
2592
1896.95
1923.51
2290.12
2527.57
2243.45
2069.73
1709.09
1614.49
2596.8
1890.3
2303.1
2407.69
1975.29
3286.75
2444.76
1718.84
2050.32
1947.6
2564.94
2044.78
1877.17
2200.53
2115.87
2124.91
2525.33
2307.57
2405.94
1908.79
2179.06
2151.7
2286.86
2076.69
2209.25
2064.38
1655.07
2164.36
1976.97
1858.61
2321.8
1443.8
1778.77
2823.37
2088.2
2585.2
1559.01
1821.98
2019.7
2246.67
2824.36
1703.77
2098.4
2099.96
2069.03
2191.84
2186.13
1813.12
2081.37
2467.73
2273.61
1882.61
2003.05
2217.97
1837.25
2556.64
2097.75
1918.77
1812.11
2492.03
2046.11
2168.66
1824
1904.77
2009.07
1927.25
2158.38
2081.84
2117.43
2232.02
1782.85
2095.16
2184.22
1562.63
2187.63
1964.03
2246.01
2107.09
2000.09
2600.51
1770.88
2185.86
2023.08
2168.94
1943.78
2122.79
2260.47
2067.51
2110.72
2290.71
2034.4
1931.3
2451.38
1987.15
2349.54
2316.79
2413.84
1954.6
2156.55
2429.31
2013.95
2199.08
1763.89
2544.07
2061.4
2399.12
1984.7
2154.85
1695.08
2000.91
2764.4
2174.23
2050.1
2614.76
1939.09
1945.49
1839.55
2075.87
2573.75
2141.57
1862.03
2001.06
2345.62
1954.45
1734.24
2093.28
2568.51
2166.07
2205.17
2211.03
2291.4
2093.33
1647.7
1666.6
1790.35
1868.44
1529.71
2181.82
2095.76
2664.58
2140.81
2094.23
2569.88
2256.14
2435.84
1992.67
2070.87
2057.64
1908.74
2056.35
2110.68
2123.97
1787.44
2019.63
1969.32
1666.53
2469.05
1677.04
1646.42
2391.35
1800.65
2230.97
3319.82
2232.34
2549.32
2089.6
1676.23
1962
2304.71
1905.25
1628.19
2115.18
1926.1
1948.2
1883.48
1783.31
1956.84
1956.26
2292.44
2492.6
2050.3
2069.64
2702.47
2152.47
2319.63
2080.13
1986.31
1984.8
1645.06
2189.43
2286.09
2032.58
2188.2
1754.75
2353.05
3413.62
2080.57
1996.04
2134.35
2037.15
2328.66
2529.86
2085.21
1772.64
1755.21
1814.53
2644.41
2005.59
2666.99
2075.69
2237.22
2272.31
2162.2
2127.46
2158.59
2183.48
1856.84
2228.41
1838.54
2775.21
1871.78
1780.69
1931.22
1788.22
1807.92
2455.54
2149.07
2040.49
2546.14
1983.04
2123.54
1858.13
1901.31
2046.34
2038.59
2166.18
2222.65
1760.14
2008.96
2171.9
1865.55
2127.2
2215.16
1869.71
2848.52
1913.06
2521.3
2140.42
1951.82
2439.27
1916.54
2019.68
1900.46
2352.38
2097.07
2162.81
1752.28
2384.29
1647
1950.99
1849.62
2064.39
2203.97
2169.42
2448.72
2163.43
2315.2
1945.18
2427.27
2173.76
2215.19
1716.23
2129.16
2190.6
1810.65
2810.1
1940.81
2167.03
1956.03
2311.6
1924.51
2489.25
2228.82
2302.47
2281.32
2103.68
1930.96
2056.96
2060.07
1907.5
2454.67
1710.7
1874.07
1972.66
2387.4
1767.34
1596.01
1892.34
1896.75
1929.6
1652.07
2182.29
2448.81
2169.43
1913.17
1948.93
2109.11
1805.81
1896.27
1935.79
2004.46
1955.56
1815.09
1869.63
1646.82
2152.65
2429.7
2004.72
1842.24
1921.6
1889.16
2174.88
2716.79
2258.7
2249.3
2140.17
2412.68
1830.35
2433.45
1676.3
2142.55
2431.97
2162.5
2479.35
1986.63
2399.7
1955.09
2505.28
1678.15
1917.93
2144.09
2518.86
1589.13
1781.92
1639.25
2430.42
2115.97
2139.86
2471.88
3029.46
2380.16
1973.34
2222.32
1948.53
2029.54
2188.44
1827.51
2319.27
1866.7
2824.09
2252.94
2119.98
2025.25
2113.96
1890.68
2446.68
2418.22
2132.75
2117.97
2330.24
2079.83
1774.08
2361.39
2558.72
2028.85
2460.47
1842.48
2310.44
2208.06
2142.08
1793.16
2050.24
2074.1
1961.54
2656.66
2326.76
1943.42
1817.46
1895.21
2454.83
2211.42
1756.8
1983.6
2574.08
2244.72
1996.49
2274.69
1984.85
2730.53
1952.53
2309.11
2477.49
1827.92
2248.21
2264.77
2523.62
2314.81
2123.47
2222.84
1628.33
2356.31
2258.85
2391.9
1738.15
1568.87
2113.96
2009.42
2639.61
1727.54
2062.2
2384.29
1732.41
2408.9
1683.99
1869.18
2153.1
2208.35
2114.02
2134.36
1829.81
1907.61
2550.89
2293.26
2141.5
1823.94
1850.92
2022.79
2261.13
2237.51
2055.26
2166.73
2014.09
2039.63
2044.21
2285.52
2446.74
2011.08
2357.69
2391.15
1724.9
1952.13
1864.95
1929.01
1821.84
2163.93
2985.6
1990.49
1854.6
1528.26
2116.11
2231.7
2493.21
2492.07
2889.64
1998.89
1890.65
1887.35
1614.31
1898.6
2384.36
2562.66
1852.09
1795.65
2259.04
2163.59
1871.4
2427.64
2198.06
2436.12
1857.42
2550.22
2575.79
2021.21
2034.19
2258.41
2611.26
2258.13
2311.73
2525.12
1994.45
1931.28
2262.67
2377.97
2301.5
2773.4
2021.85
1460.12
1899.62
2193.72
1773.77
2651.79
2320.62
2129.57
1743.01
2142.72
2247.56
1971.26
2535.07
1885.42
2367.21
2622.94
1712.21
2061.22
2343.84
2201.24
2515.91
1993.9
2203.2
1966.81
1735.14
2206.69
1862.01
1690.16
2334.75
2444.24
2118.74
1651.84
2186.13
2138.54
2444.3
2585.6
2399.49
2195.78
2149.68
2435.58
1868.05
1849.17
2097.12
2175.11
2075.2
1996.38
1893.79
1742.2
1894.27
2050.79
2421.35
2365.01
2439.71
1903
2479.81
1865.02
1966.23
1774.22
2061.06
1893.99
1967.35
2358.77
1871.71
1994.29
2174.15
1813.34
2342.89
1859.43
1828.48
1804.94
1979.66
1706.88
2150.83
2240.22
2211.48
2743.46
2132.8
2242.6
2271.18
1696.59
1914.62
1812.93
2257.41
1925.47
2518.24
1934.53
2525.17
2069.17
2048.68
2138.64
2122.11
2011.13
1998.71
2315.05
2224.15
1884.49
1908.69
2067.98
2051.55
2266.17
1949.95
2667.5
2050.15
1759.01
2428.53
1694.61
1943.91
1760.82
1949.91
2301.08
2319.72
2345.27
1975.98
2034.94
2558.28
1935.75
2050.21
1923.33
2454.37
2062.29
2049.39
2199.71
2308.61
1995.14
2231.19
2331.95
1996.77
1563.79
2234.21
1679.57
1811.96
2161.44
1760.1
2565.49
2031.91
1964.96
1991.23
1978.54
2345.24
2221.91
2258.65
1944.54
2399.76
2765.27
1450.2
2127.83
1919.64
1895.44
2139.22
1959.44
1967.8
2090.59
2158.68
2167.57
2428.51
2078.57
2065.05
2726.76
2065.04
1850
2850.95
2173.1
2074.1
1955.15
1935.1
1958.21
1857.77
2269.5
2005.83
1943.91
1838.08
2102.91
2293.07
2555.72
1983.31
2061.8
2415.43
2277.61
2081.98
1942.95
2101.55
2291.67
2462.93
2400.88
2101.9
1743.69
1899.3
1832.88
1947.78
1800.32
1469.06
2602.36
2515.62
1998.21
2124.15
1777.83
1865.27
2113.98
1957
2374.05
2012.39
2553.03
2384.73
2077.07
2520.3
2098.93
2242.35
2642.09
2328.99
2131.55
2205.04
1985.04
2004.3
2011.65
2317.66
2129.82
1993.84
1615.17
1919.78
2195.03
1770.45
1962.76
2042.07
2188.45
2368.17
2578.6
2369.83
1972.01
1966.1
1907.62
2113.33
1901.8
1894.41
2342.98
2507.18
2019.61
2072.33
1740.88
2128.09
1906.95
2197.09
1907.09
2242.93
2048.68
2289.36
2077.57
2420.34
2151.39
2185.48
2524.66
1752.44
1890.53
1912.2
1964.03
1793.18
2064.02
1862.17
2180.93
1958.12
1927.74
2094.75
1586.3
2445.09
2089.64
2019.36
1961.61
1887.25
1891.14
1657.88
2146.44
1777.83
1966.42
2010.66
1797.12
2179.11
1904.54
2213.62
2171.89
2248.56
1783.07
2137.62
2149.71
2100.6
2611.54
2354.68
2511.14
2649.46
2216.25
2321.52
1988.93
2862.03
2416.24
1908.99
2083.32
1820.15
1470.59
1787.26
1876.97
3859.57
2296.64
1845.13
1754.56
1740.16
1812.92
2119.29
1981.09
2461.89
2262.47
1822.04
2157.39
1705.07
1958.55
1909.11
2253.67
2130.51
2181
1886.09
1815.09
2255.1
1912.47
2233.51
2255.6
2466.92
1737
1949.72
2122.21
1849.43
2464.83
1923.78
2220.68
2785.39
2172.86
1859.96
1816.32
1816.75
2134.06
1711.29
2563.33
1824.05
1962.61
1795.24
2169.45
2303.54
2060.79
2373.7
1990.08
2026.88
2553.49
2609.33
2001.55
2274.32
2379.23
1791.19
2175.32
2181.2
2110.17
1693.95
1757.15
2282.68
1699.33
1772.92
1803.33
2478.3
1985.04
2019.1
2661.89
2504.72
2397.61
2443.61
1899.17
2506.84
1965.79
1817.9
2523.67
1863.45
1995.95
1943.03
1874.68
2248.57
2594.92
2181.53
2318.88
1864.8
2238.84
1975.2
1932.36
1841.22
2576.95
2243.37
1922.55
2403.04
2021.06
1984.6
2419.06
2107.5
2441.62
1986.27
3284.33
2891.89
1838.07
2280.96
1939.78
2413.47
2477.71
2020.55
1969.98
2927.94
2075.93
2890.68
2350.55
1824.42
2249.36
1776.78
1697.95
1815.05
2098.81
2517.74
2082.34
2162.57
2183.48
2457.62
2422.03
1920.28
2028.3
2334.49
2191.36
2077.36
2301.13
1874.4
2307.38
2058.04
1930.78
2365.83
1965.38
2246.31
1818.36
1956.55
1672.85
1787.07
1767.12
2212.05
2249.56
1917.21
1896.75
2273.53
2025.84
2317.73
1899.84
1979.41
2386.88
2095.51
2543.41
2191.92
2433.81
1793.24
1975.31
2183.36
1545.5
1886.58
1935.55
2693.88
2317.52
1869.79
2715.59
2209.31
2583.5
1968.61
2017.94
1971.65
2109.53
1751.94
2083.67
2040.18
2262.78
1896.05
1827.4
