3764.21
3965.81
2749.45
2994.09
2866.14
3296.65
3770.2
2550.22
2916.18
3232.24
2712.29
2924.44
4258.05
3060.69
2627.51
2840.52
3377.47
2505.02
2238.96
3028.69
2681.83
3445.94
2617
4069.02
3124.44
2424.07
4177.05
2960.25
2819.88
2578.11
2915.28
2940.45
3949.68
2827.25
3393
3298.78
2490.81
2907.8
4352.65
3446.09
2549.45
3242.45
3534.12
2745.53
3084.72
3025.05
2882.48
3072.48
3151.88
2676.28
2143.05
3291.11
3512.13
3064.05
3392.67
3528
3288.17
2630.04
2972.1
3162.67
3124.49
2571.97
3060.14
2346.76
2075.81
2660.53
2183.73
4478.19
2285.19
2938.61
3115.18
3004.3
3800.11
2711.85
3134.48
3351.02
2988.06
3700.3
3594.46
3596.48
2898.23
3223.64
3177.64
2836.81
2623.89
3325.16
4141.74
3715.41
3074.48
2671.24
2952.87
2985.24
3298.94
3459.35
2671.84
3314.2
2377.04
2581.89
2767.31
3112.07
3281.21
2734.84
3283.76
2470.37
2512.18
3063.12
4292.38
3723.46
3390.49
2688.96
3059.35
3401.24
2863.79
2777.61
3932.68
2681.16
2875.15
2215.16
2550.35
2705.47
2848.29
4491.9
3987.24
2269.39
3567.29
3474.1
4221.72
3388.21
2581.04
3537.32
2925.47
2841.81
2848.66
2615.44
2745.01
3267.16
3682.37
3395
2825.32
3819.31
3121.75
2670.47
2736.91
3652.39
4901.98
2667.91
3524.51
3021.86
2889.49
2687.56
2831.36
2442.1
4666.68
3058.99
3410.06
3498.59
3512.68
3630.7
3231.61
3155.89
3305.36
2520.03
3404.9
3040.19
3482.02
2558.83
3664.41
4196.2
3133.99
2357.68
2177.54
2150.71
3029.63
2618.24
2587.48
2899.83
3305.11
3012.13
2771.21
3261.28
2519.76
2615.33
2554.08
2358.9
3243.09
2743.71
2362.27
3471.14
3178.94
2438
3363.4
2849.26
2574.58
4099.8
2721.94
3009.11
3372.05
3208.29
2969.7
5008.75
3258.29
3114.35
2595.99
3806.82
2492.04
2984.76
2773.72
4423.83
2708.23
3070.22
2437.05
3254.28
3177.41
4191.13
3145.27
2974.23
2883.64
2925.86
2494.72
3308.96
3227.85
3614.57
2916.6
3172.64
3966.91
3475.42
2892.75
3552.43
2279.56
3098.45
4118.67
2836.76
2979.46
2887.61
3083.79
2514.03
5070.1
3324.51
2687.11
2152.91
2898.15
3746.78
3352.2
3061.88
2458.17
4294.92
3469.51
3533.42
4131.44
3510.96
3812.29
2584.93
3656.18
2644.43
3036.44
4178.42
3233.74
2529.8
3690.86
2570.54
2853.7
3227.74
3774.83
2999.44
3231.3
3546.61
2968.43
3520.29
3654.84
2550.13
2946.83
3265.68
3774.53
2801.24
2578.92
3174.18
2803.83
2870.3
2194.97
3811.92
3016.72
2568.61
2343.79
2898.12
3781.2
2516.77
2422.59
4063.14
2954.23
3058.16
2595.62
3726.28
2353.61
2654.43
3297.75
2574.51
3389.96
2534.57
2685.3
2685.73
2594.81
3362.2
2661.94
2881.06
2451.19
3703.08
3508.03
3070.35
3137.95
3274.86
3369.07
3831.86
2576.97
3055.87
3170.1
4174.63
3139.31
2977.02
2607.6
2447.63
2913.17
2440.92
2353.52
2997.08
2794.93
3748.92
2622.47
3231.54
2502.18
2647.02
3131.25
2964.8
2947.18
3245.6
4267.86
3646.64
2219.56
3235.53
3128.63
2321.73
4716.35
2548.49
2473.68
2459.23
2662.86
3084.38
2708.87
3378.66
3807.14
4115.74
4346.12
2381.83
3409.34
2401.24
3943.58
2898.78
2467.65
2759.89
3366.26
2481.19
3692.27
3588.93
4655.49
3185.96
2425.49
2361.56
2852.51
2985.32
2839.91
2294.64
2482.51
2708.41
3113.86
3216.5
3746.71
3556.55
2221.22
2705.24
2490.52
2832.91
2718.11
3726.44
3868.02
2671.66
2667.26
3481.47
3037.39
2973.89
4770.9
2149.5
3128.42
3145.22
2517.07
2473.92
3172.19
3220.09
3781.86
2746.09
2264.08
2895.83
2550.1
3984.79
2870.75
4005.35
2558.27
3565.53
2607.74
3065.71
4114.84
3702.57
2395.97
3082.67
3856.03
2562.97
3233.04
3036.75
2924.51
2666.55
2883.53
2843.54
2577.23
3048.86
2752.98
2139.8
2617.67
3086.12
2857.84
2387.5
2653.93
3812.81
2274.5
3725.12
2671.41
1968.68
4195.59
3049.29
2989.15
3617.22
2530.06
2737.11
2943.77
2971.05
2751.39
3361.37
2611.27
2585.47
2481.57
3390.82
4363.43
3994.96
3473.64
4328.29
3228.25
3383.67
2964.07
2701.72
2459.77
2626.33
2463.35
3147.17
2346.03
3298.75
2637.55
2977.3
3203.24
3738.91
3239.86
2699.24
3357.3
3103.1
3328.65
2704.03
3070.36
5136.72
2597.81
2293.26
3369.71
2648.14
4399.37
3359.08
2398.91
3756.03
2837.7
2227.28
3407.84
2350.72
4022.48
2250.77
3591.77
3896.54
3236.86
2876.01
2432.46
3395.2
3604.28
2766.91
3119.89
3031.1
2911.68
2377.72
2709.69
2846.12
3408.51
3002.01
3378.25
2537.7
3199.23
2577.87
3500.87
3282.88
2945.2
2605.63
3176.33
4275.63
2511.27
3383.84
3123.63
2844.17
3438.07
3152.28
2148.98
2866.51
3034.9
2738.37
2869.91
2586.75
3111.39
3407.15
3299.82
2741
3182.29
4275.97
2498.37
3135.35
2497.29
3977.98
3041.64
3534.94
3855.42
2976.19
3404.24
2771.63
3103.07
3447.86
3658.13
2469.88
3760
4229.45
2791.12
2511.65
2841.28
4307.24
2922.94
2655.37
3057.77
3535.12
3025.74
4042.1
3415.06
3423.78
3285.43
2930.19
3939.84
2558.98
3009.34
3537.76
2470.18
4249.51
3461.07
3721.99
3362.03
2778.77
2457.76
2763.58
2508.08
2460.27
3392.9
2811.5
3404.29
2949.12
2729.06
3403.69
2743.91
3405.63
3066.9
2634.17
2585.67
3349.19
3102.51
3000.72
2498.25
3102.88
2407.39
2707.67
3494
3392.63
3154.86
4320.25
2756.33
3312.54
3440.29
2778.4
1834.87
2817.74
4422.44
2355.23
3806.66
2380.38
2956.07
3072.93
2203.21
3718.62
2441.34
3533.54
3069.56
3186.91
2605.54
3080.22
2259.62
3686.95
3129.92
2992.46
2695.27
3424.58
3675.57
3610.8
3122.62
3135.44
2267.54
3174.49
3564.95
3338.48
4106.92
2482.9
3462.03
2614.67
3462.77
3389.98
2798.8
2806.3
3039.6
3635.25
2269.96
4425.25
2282.92
3355.52
3625.82
4179.8
3840.78
2742.2
3184.83
2054.3
3510.19
3170.73
3104.52
2296.73
3279.67
2566.71
2858.58
2734.48
3157.77
3705.09
2968.08
2461.19
2361.32
3546.12
2774.7
2438.62
2253.85
3507.59
3786.18
2427.25
3919.53
3159.86
2611.93
4381.68
3453.02
3237.54
2558.94
3451.96
2495.74
2860.69
3035.85
3082.82
3481.17
2784.29
2639.38
2490.35
2768.15
3343.85
2974.43
3453.09
2937.02
2798.42
5284.35
2548.67
2514.69
2960.59
2680.44
4024.18
3641.47
3834.86
3227.47
2847.28
2683.67
2941.07
2376.97
3346.53
2321.86
2363.32
2882.79
3815.95
2895.99
4729.72
2714.34
2985.65
2476.63
2545.98
2596.15
4016.19
3203.59
2963.18
2837.54
2836.57
3411.2
3187.14
2109.71
3783.34
3033.53
2533.7
3123.47
3818.55
2999.35
2937.63
3108.83
2187.14
3142.67
2565.55
3793.43
2680.5
3305.47
2875.7
3109.67
4997.04
3141.01
3295.66
3030.68
3025.35
3884.61
2645.33
3229.91
2533.98
2933.96
3228.17
2505.95
2497.04
3077.84
3659.26
2751.85
3032.55
2966.63
3151.53
2904.99
3725.76
3555.3
3634.49
2377.64
2780.36
3216.03
3070.47
3163.48
3438.57
2529.32
3542.53
2857.41
3413.25
2437.8
2620.5
2909.47
2507.28
3233.97
2626.95
2371.59
3678.4
2542.23
4196.6
3044.28
3631.13
2792
2887.66
2824.41
2724.24
3285.17
3465.19
2646.52
2877.96
3890.24
2575.1
2741.6
2405.92
3041.75
5048.1
2942.29
3918.26
2880.94
2586.24
3312.66
3216.21
3817.2
2569.47
2925.36
4046.89
2677.45
2519.31
3625.65
2449.45
3399.85
3051.25
3845.28
3033.56
3420.52
3344.9
2828.27
3246.23
3387.73
2608.35
3534.65
3819.05
2948.86
2890.81
2743.78
2525.7
3192.32
2973.64
2052.02
2507.29
2400.74
2944.99
2433.14
3045.82
3361.11
2794.51
2866.63
2602.87
2893.49
3599.01
2630.06
2581.48
2525.3
2797.32
2844.82
2501.66
2978.76
2735.83
3278.81
3028.77
3036.71
2678.3
3290.93
5596.1
4241
2185.37
2547.04
3207.4
2883.46
3345.87
2922.36
2908.98
2500.39
2908.88
2883.14
3003.94
2281.76
2907.96
2794.78
2616.69
3122.88
2574.13
3660.08
2839.53
3745.34
4337.49
3219.55
2483.88
3084.79
2703.02
2907.01
3353.25
3050.37
3032.68
2878.4
3162.11
2471.22
2874.41
3275.67
2423.02
2762.54
2417.65
2667.88
2750.93
2510.77
2539.33
2694.68
2717.9
2719.4
2711.57
3328.4
3432.51
2574.24
3445.62
2296.85
3231.03
3057.3
2624.98
2882.47
2746.42
2224.29
2857.92
3144.63
2888.37
3141.89
2859.37
3751.54
2636.29
3041.67
2597.26
4290.94
3315.67
2896.92
2489.37
3285.2
3328.17
2785.97
3353.54
4584.04
3488.78
2711.82
2794.22
3002.56
3348.56
3423.87
3211.37
3199.03
2434.4
3304.04
3333.6
3106.3
2910.74
3189.3
2364.1
4268.6
2674.97
4106.96
3132.36
3335.73
2383.54
2589.77
2500.4
2818.16
3163.02
3600.9
3132.35
2547.72
3390.88
3154.6
2600.19
2774.21
3353.68
2739.5
3337.87
3436.88
2589.08
2765.16
2689.47
2380.54
3185.78
2751.59
2676.39
2607.14
2929.85
2495.18
3689.6
2919.99
3450.33
3073.8
2593.32
2673.1
3222.16
3638.05
2298.01
2753.83
3137.15
3470.33
2827.76
2843.46
3093.8
2528.44
3229.46
2986.44
4862.75
3000.93
4568.32
3106.77
3530.87
2821.38
3083.16
3774.06
2600.73
2913.01
3373.77
3563.59
2873.15
3114.22
2796.42
3889.91
2621.77
3479.91
2561.07
2848.28
2579.23
3174.04
2327.09
3420.79
3593.05
3157.75
2991.56
2557.45
2565.35
2674.5
2965.97
2509.02
2877.34
2390.94
2051.22
2454.46
2976.94
2181.68
3010.48
2494.8
4495.27
2933.31
2966.37
3242.15
2754.19
2691.51
3453.22
3224.71
2358.93
2640.08
5594.92
2826.92
4528.37
3892.69
2399.11
3434.66
3043.02
3131.48
3085.21
3206.39
3769.68
2411.6
2914.03
2713.87
2485.11
3429.16
2601.29
2918.12
3025.14
3392.56
3513.19
2523.39
2951.9
2907.75
2723.19
2219.25
2783.76
2907.58
3073.16
3735.44
2764.67
2456.9
2510.19
2445.55
3212.16
2572.94
4567.7
2681.43
3179.15
2648.24
2625.35
2890.34
2765.16
2998.98
2486.76
2683.08
3797.37
3037.39
2309.57
3147.54
2644.09
2629.36
2328.93
2355.89
3123.91
3413.54
5278.64
4831.66
3366.76
2735.68
2569.46
2916.46
3855.93
2539.37
3149.56
2853.41
2971.01
3289.27
2437.01
3332.88
2954.52
3310.15
3407.49
2779.15
2965.45
3011.89
3338.13
2413.95
2867.18
3387.74
3891.24
2614.76
2673.48
3428.47
2684.35
3332.76
2906.69
3563.9
4185.07
3236.23
3478.29
2986.91
2957.52
2675.47
2925.76
3148.14
2437.05
2671.27
2997.16
3082.7
2354.39
3261.71
3298.59
3339.38
3015.89
4845.04
2734.92
2742.17
2016.15
3573.99
2805.72
2643.54
2806.65
2996.97
2389.51
3248.21
2886.25
3074.08
2647.72
2533.11
2854.74
2733.15
3327.07
4368.43
3414.07
2376.82
2869.46
3695.95
2667.24
2264.99
3252.1
3422.54
3720.71
3616.21
2672.01
2590.93
2585.28
2552.18
2872.34
3005.19
3187.25
3268.3
2984.26
2419.78
3230.88
2863.62
3513.01
2843.22
2937.36
2545.79
3588.65
3204.47
2337.63
3072.47
2501.6
3469.15
3282.85
2417.51
2658.18
2844.67
3555.79
4018.15
2662.29
5047.03
3035.9
3040.48
2690.4
2537.12
2829.98
3078.69
2990.46
3076.9
2643.17
3291.53
2879.41
2630.1
2349.22
2373.54
3872.9
3377.87
3207.83
2217.73
3112.92
3250.78
3273.67
3537.36
3011.21
4224.23
2315.2
3600.39
2635.84
4197.05
3809
2947.23
3261.53
2657.91
2884.66
2478.69
2881.36
3154.59
3504
3012.67
3116.73
2582.77
3019.33
3355.46
3414.45
2765.44
3270.58
3700.49
4349.72
2463.44
3955.12
2449.01
2179.45
3990.61
3013.85
3205.23
2934.28
3118.04
4269.63
3480.77
3893.78
3533.02
2517.1
3167.7
3015.47
2444.85
2760.6
3205.09
4117.18
3069.31
2294.69
3141.05
3885.8
3464.79
3240.21
2867.09
2997.04
2616.9
3174.4
3173.69
3022.79
3885.85
2869.31
3694.38
3142.6
3047.43
2882.83
3270.82
2696.81
2685.99
3395.88
2708.08
2506.42
3055.21
2599.25
3715.64
4294.52
2737.18
2466.83
2132.53
4118.85
4079.97
3919.68
2753.91
3584.87
2532.45
3831.48
2459.41
3701.93
2426.21
2520.88
3127.85
3453.85
2178.46
4334.82
3032.76
3023.21
2599.91
3479.64
2440.77
3006.76
2837.06
3150
3481.06
3146.58
2147.16
2497.22
3233.48
2071.7
2394.11
2977.85
2960.65
3752.86
2739.56
2585.23
3228.34
2961.66
2914.62
3308.11
4398.39
3011.22
3036.93
2805.09
2926.98
3021.24
2769.38
2524.44
2934.01
2797.76
4478.46
2643.21
2739.6
2662.01
2928.33
2403.72
2803.91
3690.19
2882.33
3003.54
3119.23
4480.07
2554.62
2701.21
2626.14
3163.32
3982.3
2826.4
2924.36
2831.38
2552.36
2984.51
3255.44
2493.62
2034.67
3293.82
3265.37
4082.34
3035.6
4245.72
2566.89
2972.35
2611.91
2990.26
2667.92
2476.13
2617.08
2709.6
3946.9
3447.01
2948.63
2312.67
2648.54
2724.41
2752.88
3119.31
2969.97
3900.18
2597.14
3393.36
2755.7
3002.04
3422.7
2846.65
3168.72
2971.03
2611.64
2687.95
2982.15
2700.25
3354.33
2680.88
2929.28
3503.55
3716.51
2715.15
2610.36
2563.24
3171.08
2142.23
2899.05
3287.49
3981.46
4330.15
3721.16
2528.05
2257.68
4364.04
2842.23
5118.95
1933.61
2775.11
3106.79
4223.22
2949.04
3708.59
2104.16
3057.77
3869.59
3224.11
3732.85
2383.23
2594.42
3972.53
3212.38
3470.65
2075.34
2544.28
3686.23
2776.69
2467.28
2277.11
3369.83
3313.96
3345.96
3380.64
2228.05
4236.76
3126.06
3286.37
2737.81
2844.79
4665.89
2338.33
3108.81
3874.24
3425.45
2302.81
2296.79
2820.8
3181.98
3139
2789.05
3439.21
2621.22
3516.18
3168.67
2563.77
2405.61
2802
2665.09
2564.19
2456.27
2806.6
2982.36
3314.85
2781.99
2999.93
4208.9
3576.52
3242.54
2875.3
2780.18
3026.7
3106.58
2980.54
2981.05
2580.17
3270.06
4302.19
2711.99
2513.27
2688.03
3249.26
2504.16
3542.21
3007.38
2850.64
2239.25
2338.25
2784.33
2868.15
3317.28
2805.92
2904.49
2554.45
3002.91
2379.09
3252.81
2815.02
2551.92
4249.06
4152.91
3151.99
2268.1
2921.27
2716.94
3220.7
3019.95
2824.35
2983.16
2584.87
2555.26
2908.52
2681.75
2274.12
2090.32
4209.27
3249.09
3028.83
3198.69
3349.81
3312.93
1873.81
3230.62
3372.92
2832.96
2635.6
2638.85
3806.74
2550.41
2618.74
2540.75
3459.39
2087.74
2746.44
3481.68
3225.8
4084.85
4108.16
2683.34
2216.28
3648.3
3414.81
5068.71
2586.14
4575.94
3642.41
4623.25
2230.87
4915.99
3407.47
2978.19
3035.53
2808.31
3275.13
3046.17
3041.91
4219.28
3282.68
3274.33
2278.38
3335.65
2409.57
2771.27
2887.3
2829.82
2899.31
3236.5
3211.68
2512.51
4074.78
2675.13
3014.24
2979.44
3231.75
3994.12
3075.31
3076.53
2787.37
3107.14
3593.87
2813.1
2972.77
2917.5
3139.47
2425.3
2931.76
2798.42
4254.84
3444.65
3894.56
3479.08
3589.92
2955.33
3470.89
2613.73
2853.73
3312.95
3042.32
3490.26
4089.09
2517.38
2973.5
3347.11
3120.04
3181.43
3461.06
2590.42
2798.5
2114.65
2280.53
4218.45
3515.33
3797.15
2666.46
3538.25
3015.11
2795.52
2456.08
3034.14
3572.33
2662.96
4382.32
2439.68
2811.03
2459.36
3661.34
2757.6
3524.43
5038.39
2932.52
2911.03
3020.34
2715.91
2279.98
2877.85
2784.45
2775.03
2915.56
3529.46
2332.18
2500.35
2691.43
3050.76
3272.25
2691.73
2894.31
3020
2567.9
3362.1
4021.06
3667.78
3123.39
3136.22
2439.68
3208.92
2975.86
2419.37
2929.1
3309
4039.67
2662.16
4382.66
3882.84
3042.67
3521.33
3476.54
2618.82
2970.49
3240.65
2801.45
2067.74
2408.08
3190.4
4411.14
2765.74
4415.42
2735.09
3385.54
2895.66
2308.11
4143.93
5333.41
2648.49
2599.94
3630.84
4183.85
2921.27
2633.66
3028.61
4095.58
2928.59
2841.6
4425.04
2367.78
2260.38
3046.48
2821.61
3451.3
3629.77
3576.19
2847.41
2967.33
3381.59
3329.93
3259.19
2573.44
2498.28
3359.53
3488.39
3206.99
2209.29
2450.3
2887.88
3143.8
2494.79
3361.74
2722.17
2727.14
3126.86
2868.18
2327
3234.01
3672.29
2977.56
3254.16
2749.07
3638.21
3784.72
2258.15
2569.3
3264.97
3764.6
2646.68
2859.17
3500.61
3405.31
4131.35
4859.92
2168.29
3856.43
2774.16
2788.37
3653.41
2903.41
3447.05
2842.78
3105.2
3093.96
3150.33
2823.8
3285.34
3659.89
2973.2
3085.73
2956.56
3056.64
2412.41
2772.7
3811.5
2641.43
2898.43
2897.96
3064.29
3314.69
3726.85
2574.03
3556.12
3033.64
2821.48
4652.87
2674.3
3344.6
2806.62
2887.53
3166.8
2496.53
3132.88
3038.42
3689.35
2734.34
3383.83
2644.1
2866.99
5601.42
3015.25
2957.57
2621.11
3104.7
2814.2
2986.15
2535.41
2673.66
3972.23
3333.22
2963.98
4318.11
3201.89
2804.54
2563.31
2757.56
2573.42
3621.9
3098.07
3969.35
3065.32
3280.75
2547.55
3241.06
3213.16
3663.1
2595.35
3999.19
2803.22
3437.35
3036.18
2505.45
2570.46
2872.86
2984.3
3133.33
2591.45
3306.45
2198.21
3465.59
2997.41
3333.76
2953.31
2827.87
2935.1
2387.49
2478.65
3148.51
3010.82
2562.46
2645.61
2574.84
2661.1
3753.32
2837.65
2477.77
3133.09
2773.94
3321.95
2560.51
3317.45
3033.39
3584.19
2446.3
3200.09
2924.53
3414
2702.98
2530.19
2965.03
4352.64
2550.56
2367.62
2738.2
2955.8
3266.07
3758.86
3404.95
2733.19
3371.37
3574.17
3085.43
2587.18
3881.64
2789.62
4695.99
2967.76
4459.85
3163.6
3212.07
2795.2
3131.75
3064.62
2046.63
3585.51
2337.75
2638.78
2652.28
3211.22
3177.24
4109.78
4278.08
2730.01
2961.2
3221.52
2962.06
4275.55
2777.92
3576.48
3357.95
3349.18
2655.42
2454.9
2752.1
3045.28
4201.86
2725.97
2620.74
3416.73
2312.04
2985.17
2690.95
3983.36
3203.38
3652.93
4123.68
2539.38
3369.8
3785.15
4636.74
2740.25
2854.93
3239.94
3085.7
3908.96
2751.12
3230.52
2912.93
2841.76
2760.66
3468.36
3359.35
2693.73
3400.41
2376.39
2781.38
3114.94
3010.86
3130.77
2650.28
2880.77
3627.54
2575.4
2315.26
3491.41
2905.91
3137.35
3417.75
3333.29
3741.13
2316
2454.91
2922.02
3808.51
2558.8
3798.71
3498.81
3186.9
5423.32
3480.23
3227.73
2504.86
2692.92
3704.35
2334.86
3954.77
4300.66
2910.71
3488.08
3384.47
2351.35
2552.32
2521.94
2614.39
2787.02
2779.64
2618.55
2715.46
2900.25
4094.37
2694.66
2499.71
3968.18
3103.97
3636.51
3272.76
2306.37
2667.64
4742.05
2365.98
3008.1
3638.17
3718.87
3742.42
4571.68
2934.14
3781.34
2856.87
3643.33
2592.3
2348.76
2625.54
2882.94
3284.42
3041.08
2598.93
3648.14
2758.46
4473.08
2150.07
2580.23
2465.11
2780.44
4167.08
4196.24
3064.91
4254.54
2931.69
3236.29
2976.96
3076.19
3179.67
2840.38
2950.16
4003.69
2937.82
2811.11
2873.06
2628.51
2637.9
3308.84
3906.22
3052.57
3308.4
4062.04
2785.32
2546.68
3153.65
3551.91
3160.76
3269.37
2710.7
3217.7
2286.02
2412.17
2905.56
3325.78
2527.71
2713.3
3242.34
3346.57
3583.29
2917.9
2860.57
2583.34
2665.58
4011.43
2693.28
2558.5
3870.77
2381.58
3054.3
2405.35
2909.99
2793.72
3632.61
2667
3065.53
2793.47
4003.3
3314.95
2379.98
2629.03
2825.72
3520.71
2957.57
3686.76
2839.91
3175.36
4021.39
2287.6
2535.22
2831.62
2250.84
2844.78
3093.09
3103.15
3148.19
2421.31
3617.87
3616.99
3335.81
2688.44
3538.79
3357.35
2306.19
2790.01
3854.78
2928.41
2412.73
2510.6
2506.35
2421.45
2732.13
3328.57
2569.31
3681.31
2843.26
2784.22
2662.11
2607.46
3180.18
2328.73
3052.71
2636.46
2596.47
3645.89
2656.17
3390.2
2543.77
5688.18
3532.1
2531.48
3452.35
2563.33
2493.27
2323.3
2550.84
3171.92
2829.72
3836.9
2770.22
3524.22
3142.74
5165.4
2909.67
3785.81
2713.16
2425.13
2497.94
2901.32
2096.89
2961.46
2792.74
3629.33
2786.18
3000.27
2693.12
2648.31
2659.08
3847.28
3365.49
3271.82
2809.63
3716.66
2796.96
2701.62
4672.66
3274.28
2349.88
3041.79
2784.39
2792.59
2293.41
3257.53
2669.47
3256.1
2915.35
2851.03
2802.56
3961.27
2550.29
3612.47
2671.66
2994.43
3361.33
4515.87
2919.78
3506.95
3109.18
3296.68
3059.07
4375.16
2433.28
3833.44
3202.59
2362.32
2685.7
3155.75
3087.04
4188.8
3086.05
2450.1
2953.42
3227.26
3407.97
2484.87
2715.63
3710.59
2991.56
2510.39
3773.49
2761.74
3742.25
2211.38
2301.32
2575.28
2803.53
2456.34
2353.25
2122.75
3304.89
2747.32
2788.43
2141.86
3572.24
3395.65
2654.46
2638.05
3056.76
2318.11
2224.86
2920.34
3301.85
4252.45
3166.9
3002.79
2991.93
3047.12
3112.99
3533.31
3000.84
3718.84
2714.97
2635.4
3033
3279.37
3023.59
2736.16
2974.53
4060.88
2352.26
3034.76
2248.4
2728.26
2640.71
2444.17
3436.24
2748.34
2743.31
4288.44
2832.62
3343.59
2979.66
3139.16
2819.54
2318.62
2829.83
3181.9
3620.08
2760.78
4184.01
3066.49
2697.39
2364.78
2351.89
3370.51
3552.6
3610.87
2937.81
2584.13
3030.33
2605.15
3145.39
2824.13
3058.07
2416.68
2694.18
2657.91
6376.37
3704.62
3458.2
3270.14
3916.33
2913.36
3357.42
2732.4
3134.59
4030.73
2828.9
3291.44
2274.35
2616.81
3562.3
2722.23
3205.8
2220.98
3537.98
5334.54
2733.19
1832.26
3654.48
3652.57
3338.77
2910.38
2715.97
3873.11
2844.04
3450.75
2409.37
2630.59
2762.65
3415.51
2730.27
2667.26
2865.35
3499.24
2900.09
2914.53
2865.99
3556.71
2432.44
3026.69
3573.41
2642.62
2236.01
2681.77
3187.97
3106.36
2512.77
3529.85
4405.13
2647.37
2854.7
3970.28
2493.73
2894.46
2710.95
2496.09
3172.96
3714.72
2985.29
2793.87
2262.05
2711.41
3478.14
2487.46
2028.38
3026.77
2399.82
3000.68
3462.94
2624.49
3036.55
3936.07
3101.57
3398.65
3176.39
2825.59
2729.62
2650.84
3124.56
4213.36
2476.27
2260.07
3794.38
2318.34
3025.15
2899.26
3015
2434.55
2301.55
4070.52
3369.49
2559.17
3463.1
2828.4
3868.55
2368.89
3034.84
2974.91
2449.95
3048.39
3254.38
2511.48
2899.67
2653.57
2845.08
3465.98
3015.87
2356.54
2726.46
3783.55
2973.52
3621.09
3220.26
2781.83
2990.05
3150.05
2886.48
3267.8
2783.42
2723.4
2736.97
3470.12
2866.9
2649.33
5020.32
3815.06
2514.93
4024.65
3604.88
3556.57
3875.24
3266.13
3009.55
2768.58
3932.14
2884.63
3532.15
2854.64
2181.05
2952.83
3240.25
2971.35
3253.38
2941.92
2960.54
3208.32
3816.19
2933.24
2889.84
2887.97
3185.56
3176.09
3268.2
2773.75
2559.93
2953.54
3998.94
3034.88
2781.07
2416.59
3921.25
3316.21
2738.45
3899.75
2874.19
2562.26
2819.57
2426.74
3453.61
3090.3
3600.99
3282.32
4282.21
2845.09
3433.08
2861.4
2734.93
2992.52
3481.81
2724.15
2948.21
2904.91
3819.69
3290.2
3127.69
3446.48
2828.3
5308.36
4062.27
4252.27
3708.92
2637.66
3488.52
2223.01
4390.56
2956.98
3363.06
2869.75
3343.24
3435.26
4096.3
2250.62
2343.7
2201.62
2814.62
2531.95
2326.38
3721.41
3098.19
2779.31
3173.51
2590.89
2765.78
2356.18
3796.58
2597
3633.97
2934.91
2593.2
2277.1
3101.08
2980.32
3212.39
2869.7
2621.96
3822.74
2926.92
2829.18
2900.3
3786.11
2888.52
2419.66
2599.51
2373.38
3006.05
3762.69
4070.34
2482.54
3713.76
2974.14
2935.11
3193.51
2649.9
3393.82
4897.07
3175.65
2595.81
3190.32
2758
2540.97
3479.29
3036.1
2552.03
3223.29
3098.89
2418.67
2957.08
2631.31
2539.12
2172.29
3016.99
3207.98
3211.7
2603.82
2376.09
2767.71
3135.48
2883.15
3048.05
2530.39
4197.54
2431.4
2337.11
2707.21
2482
3488.67
3516.31
2768.62
2809.19
3671.68
2176.93
4107.39
4472.66
4060.46
2990.63
2710.46
3548.15
3057.27
3797.51
3024.93
2230.21
3512.18
2406.52
2821.08
2871.05
3418.35
2560.51
2473.09
3193.73
3435.68
2483.45
3041.21
3678.14
2987
3306.69
4337.86
4020.77
3059.87
3202.31
3383.25
2146.48
5458.3
1883.33
3235.32
3804.66
3803.52
2518.7
3491.71
2301.23
3052.46
3779.91
3063.2
2463.52
3670.48
2740.37
2435.28
3223.75
3511.26
3151.52
3741.42
2922.13
3597.18
2581.9
2791.34
2494.82
2322.79
3596.42
2867.13
3194.82
2563.1
3791.41
3453.48
2926.13
5347.54
2916.18
3165.56
4815.26
3284.47
3153.08
2154.97
3506.36
2533.37
2155.72
3292.16
2692.78
3245.4
2623.39
2703.32
2884.15
2564.9
2635.37
3155.36
4041.41
3874.81
2789.95
2741.77
2467.64
2753.32
3297.08
2289.11
3226.76
3050.9
2467.58
2564.42
2610.39
2796.85
2506.05
2961.16
3202.53
2607.83
3496.62
2568.24
2396.21
2619.36
2794.5
2765.18
3656.51
3173.84
2584.44
2958.62
2978.97
3353.16
3193.44
2848.48
3574.27
2884.35
2770.71
2828.24
2882.07
4714.31
3583.48
3219.89
3524.76
3376.51
2557.04
2797.95
2897.27
2418.93
3062.59
3542.79
3270.76
4447.2
3085.41
3487.35
4328.23
2809.58
4384.43
2847.24
3798.09
3590.71
2319.85
3227.79
4302.05
2468.62
3956.34
2792.98
2736.52
1987.66
4364.42
2724.08
3919.3
2626.76
3523
3221.7
3138.84
2997.72
2542.17
2755
2493.92
2879.46
2338.49
3140.34
3093.95
3203.59
2519.16
3080.91
2484.96
4146.2
3039.67
2519.82
4018.54
3085.32
4269.67
2254.52
3337.56
2864.96
2993.16
2304.42
2273.99
2789.04
3053.52
3015.27
2690.61
4337.57
3135.25
2872.58
2742.32
3030.88
2833.22
4445.04
3243.33
3302.63
3014.04
2876.29
3557.58
2671.35
3349.2
2767.23
3106.46
2577.36
3155.86
2847.86
4527.54
2597.97
2836.16
2660.6
2319.34
2883.4
3462.15
3486.35
3065.98
2553.2
3545.36
2820.72
3690.3
2742.42
4153.19
5624.69
3040.52
2747.89
3252.57
2674.01
2837.29
3046.82
4040.83
3403.36
2666.42
2914.05
2416.64
3397.21
2456.23
2500.14
2435.03
3780.63
5265.09
2586.85
3169.34
2975.15
2773.74
2789.66
2255.55
2703.63
2413.35
3210.62
2417.91
2940.2
3225.01
2372.08
3390.82
3404.89
3044.02
2925.76
2936
3028.82
2630.07
3966.18
3372.93
2937.05
3239.88
2915.86
2123.49
3630.11
2279.06
2522.42
3742.9
2527.08
3441.21
3263.62
4068.64
3199.23
3182.04
2984.19
3975.52
2430.89
4107.98
2857.2
3486.01
2617.01
3125.85
3185.14
3664.99
4530.68
3503.8
3549.41
2577.07
2826.24
2436.98
4794.91
3129.35
2633.62
3335.42
2133.15
2805.63
2583.12
3705.5
2552.6
3671.7
2319.83
3057.96
2555.66
2679.12
3720.09
2788.56
3344.12
3276.6
2534.25
3279.47
2383.89
3920.15
2981.58
2469.23
4026.67
3428.37
2643.11
2542.52
3406
4014.49
2639.7
2753.04
3014.81
2969.78
3899.92
2849.9
2992.52
3161.46
4837.3
2674.86
3149.3
3487.94
2766.62
3294.25
2251.2
3032.34
2552.34
2770.77
2491.46
2192.59
2738
3309.57
3260.52
2888.13
3192.3
2392.58
3612.56
3785.11
4373.36
2811.74
3702.74
2474.96
3167.26
2699.44
3195.39
2976.09
2978.02
3189.49
2748.04
3835.72
2254.57
3004.3
2867.43
3273.06
3385.24
2570.25
3914.54
2928.51
4269.25
2820.96
3004.27
3343.88
2763.27
2832.13
3110.57
2675.48
4832.53
2749.57
4167.95
2868.29
3142.42
3413.89
3548.72
2583.44
3214.95
3324.66
2797.32
7073.75
3804.79
3784.41
3274.72
3013.86
3647.48
2963.81
3531.14
2916.71
3075.83
2449.55
3124.62
3594.36
2658.5
2078.63
3476.23
3113.81
3536.1
3934.33
3757.65
3035.08
3239.84
2408.17
2124.2
2916.34
3394.68
4015.98
4001.3
3058.18
3603.92
2743.43
3168.02
3411.75
3087.07
4865.06
4688
3139.7
4008.08
2469.2
3079.09
2381.94
2624.75
2328.26
3516.94
3143.32
3232.12
3342.23
3241.61
2652.55
2933.81
2754.46
3016.47
3233.47
2752.86
3468.43
3866.68
2675.54
3681.38
2446.07
2492.27
3129.38
3779.9
3129.9
3142.01
3188.66
2849.59
2296.31
2878
2352.91
3679.21
2655.37
2451.57
2337.08
2687.65
3090.34
4019.81
3176.93
3551.67
2589.67
4533.89
2934.34
3199.61
2496.41
2838.84
3382.72
2919.98
2400.91
3289.82
3040.74
3647.21
2720.75
3643.9
2555.29
2262.26
3058.94
3296.72
3182.55
2573.74
3255.34
3220.39
4338.9
2827.21
5186.76
2012.14
3524.08
2475.79
2753.16
3154.08
2461.05
4078.57
3050.38
3595.98
2775.66
2407.36
3047.08
2338.41
3719.81
4215.14
3464.16
3784.4
2291.03
3852.59
3281.5
2420.59
3702.26
3055.1
3356.01
3746.83
2548.95
3316.81
2184.99
3129.11
2671.01
3044.81
3429.08
2770.71
3445.47
2206.62
2651.69
3285.13
3880.8
3482.3
3389.68
3144.07
2951.58
2509.12
2696.62
2558.51
3425.56
2287.63
2552.71
2233.62
4887.63
2826.27
2433.05
2267.44
2735.99
3456.24
3511.49
2244.69
4419.56
5280.52
3434.77
3388.6
3225.58
3195.92
3504.06
2417.21
2868.04
3152.53
2955.3
2317.61
2901.65
3055.01
2938.73
2230
2827.85
2082.47
2816.07
2879.68
3254.97
3283.56
3132.91
3313.62
2914.38
3001.28
2551.15
3065.3
3335.68
3323.78
2466.22
3640.34
2327.11
2742.83
2388.4
3663.33
2617.15
2966.29
2899.04
2681.07
3764.43
2298.43
2929.4
2497.83
3365.42
3130.76
2767.81
2708.27
2873.97
2642.11
2372.13
3420.54
3315.69
3372.6
2752.37
2035.88
2549.27
3114.98
3264.33
2294.84
4046.36
2942.69
2556.8
2803.03
2707.83
5299.36
3542.8
3149.68
3335.78
3064.81
3292.46
3226.04
3397.12
2636.54
2282.97
3928.15
4200.66
3432.63
2172.98
3951.26
3446.06
3268.33
2398.31
3393.52
3230.21
3056.43
3256.29
3106.95
2545.74
3093.92
2783.19
2261
2927.9
2339.57
2342.94
2525.43
3635.34
3290.19
3703.03
3166.83
2897.42
3063.23
4052.65
3047.4
3375.87
2640.4
3058.45
3310.75
3396.69
4199.84
2986.85
2781.04
2809.8
3358.11
3664.18
2737.25
2254.55
2754.85
3185.26
2738.21
3240.41
4165.38
2705.75
4244.75
2248.99
2319.44
2583.43
4097.44
3452.43
3069.59
2726.55
3054.05
3113.12
4295.67
3776.16
3047.86
2643.8
2572.19
3046.87
3690.76
2762.47
2819.2
2560.5
3370.55
2655.47
2478.27
3072.54
4162.33
3070.73
3195.68
3022.52
2852.44
2522.85
3119.04
3409.74
2771.57
2927.66
3315.86
2212.26
2583.93
3098.73
2196.42
2624.95
3840.99
3022.11
2827.07
2819.83
2747.39
2976.78
3465.91
2422.52
3184.4
2846.24
2477.3
2550.21
3024.88
2433.97
3043.98
2763.78
2695.67
2275.35
3247.32
2467.29
3407.11
2647.7
3665.55
4621.13
2302.73
2935.5
2411.06
3676.25
2759.07
3872.83
2382
3599.18
2696.4
2495.41
2797.52
2184.18
2792.88
2460.03
2713.7
3506.72
3486.58
3107.37
3886.33
3526.72
3020
2436.7
4114.44
2931.58
2355.65
2639.21
2298.86
3679.01
3168.24
2943.13
3555.84
2746.25
2442.73
2364.8
2836.09
3158.57
3380.61
2977.39
3461.86
2489.97
2940.21
3038.71
2550.64
3337.79
2628.82
2801.58
2275.46
3525.4
2806.8
2860.82
2618.87
3089.04
3115.96
3213.47
2660.76
2360.54
2819.15
3201.34
3234.91
2781.19
3197.61
2413.43
2852.69
2743.6
2783.12
2861.58
3006.04
3100.68
2601.48
3153.63
3655.96
3012.2
3819.67
3300.45
2761.68
2897.94
3360.25
3389.81
3006.97
2581
3460.7
2952.45
2324.27
3688.03
2784.77
3289.11
2884.65
3720.7
3060.67
2630.64
2228.84
2977.47
2470.01
2925.48
2793.54
4135.32
3779.06
2821.66
2371.49
3161.99
3193.38
3509.41
2123.14
2474.19
3587.24
3049.18
2716.29
2768.31
3674.65
2853.18
3343.4
2541.07
2626.1
2922.71
3981.46
3642.44
3393.66
3585.64
2771.88
3112.12
2537.45
3371.45
2914.04
2842.45
4801.13
3321.28
2938.7
2869.71
2948.03
3286.57
3950.17
3197.35
3266.12
1795.68
2627.24
3357.82
3175.36
3163.43
2903.34
2062.61
3922.14
3316.24
2761.75
3242.6
2621.6
2521.59
3662.03
3137.63
3852.96
4378.63
3283.64
3424.48
2872.11
2845.87
3685.83
3572.68
2926.85
3562.95
2969
3168.65
3311.21
2391.75
4569.03
3101.67
2948.62
2593.38
2196.04
2534.21
2730.22
3223.47
2894.15
2448.72
3768.33
3839.15
2892.96
3032.14
2775.84
3058.23
3753.2
3300.49
2385.7
3045
2707.2
4380.23
3122.7
2814.06
3620.31
2835.5
3396.4
2841.21
3554.35
2335.27
3654.16
3181.77
3288.36
2537.44
2937.91
2506.22
3631
3508.26
3366.59
3091.37
3074.9
2670.21
3343.4
3302.89
3060.43
4695.22
2571.48
3100.06
3153.21
3493.96
3340.15
2762.56
2866.56
3314.39
3273.58
3247.24
3179.27
2983.96
4550.13
2740.8
3160.56
4085.4
2930.86
2541.13
3976.02
2203.71
2754.55
2578.86
3488.72
3440.76
2842.29
2803.62
4016.25
2440.23
4693.88
2788.84
2875.43
4659.16
2749.74
3897.7
2231.68
2615.48
4406.38
4942.61
3011.48
2097.25
3162.4
2728.13
3342.65
2315.94
3090.88
1826.21
3582
2400.63
4006.99
2404.2
2945.86
3644.13
2911.7
4288.42
3145.41
3823.09
4000.57
2591.39
2786.63
2678.12
3405.25
2511.49
3007
2729.76
2720.99
3053.68
3074.21
3183.45
3239.2
2442.31
2579.22
4581.47
3627.22
2530.52
3363.59
3247
4058.15
2958.14
3093.72
2771.19
3235.44
3271.89
2476.86
3312.58
3376.72
3615.75
3265.67
4393.84
3189.56
2772.73
2864.27
2748.55
3891.99
3320.72
2680.94
5076.39
3066.53
2897.47
3042.89
2426.82
2994.12
3781.59
4005.77
3677.98
2806.57
3367.79
2902.71
3105.05
2465.85
3669.99
4629.73
2762.63
2901.65
2898.81
3551
3128.82
3907.48
3080.09
2819.06
2362.66
2423.76
3331.45
2665
2447.82
2655.35
3194.8
2714.12
2696
3232.18
2788.62
2750.46
2716.62
2397.25
2927.2
2691.89
3602.1
2853.69
2638.28
2795.13
3420.26
2587.41
3093.24
2857.58
2671.93
3258.34
3497.4
2740.02
3093.92
2687.54
3051.49
2885
2553.97
3033.11
3568.09
3023.99
3004.64
3208.49
2789.74
2942.32
2745.84
3246.86
2624.64
3327.33
3081.81
2475.3
2803.38
3944.02
3209.32
2902.42
2710.01
2792.75
3276.7
2507.08
3174.27
4148.8
3592.16
2813.19
2668.51
3156.25
2621.4
2845.71
3911.02
3454.66
2581.23
3254.76
2667.84
2746.43
3909.74
2837.1
3163.32
3571.67
2713.94
4175.34
2956.98
3120.02
3112.07
2793.14
3171.12
3676.83
2458.27
2902.08
4656.68
2764.19
2709.51
2875.02
3188.02
3606.9
4420.45
2943.55
3322.63
2542.46
3198.16
2820.94
3499.29
2297.37
5183.83
4194.21
3835.12
2540.15
3214.38
2558.17
3168.27
3196.01
2965.96
2168.92
3540.89
2697.08
3414.34
2821.12
2651.46
4094.62
3139.16
2430.97
3185.82
2837.34
3078.42
3450.51
2613.53
7184.65
4793.26
3474.44
3485.33
2215.4
2407.17
3648.6
3444.84
3029.58
2963.81
2893.88
2984.46
2316.41
2787.63
3121.33
3000.14
2293.63
2593.23
2484.92
2761.03
3300.25
2861.2
3834.91
3453.23
2784.42
2524.65
2903.13
2420.72
2671.85
2758.24
3690.69
3780.67
3425.67
2863.19
4081.31
2777.2
3042.86
2675.95
3118.83
2871.6
2749.21
2245.9
2534.99
3227.17
3816.03
2774.17
2878.17
2572
2425.66
2841.65
4894.58
3503.33
3938.77
2624.71
2931.83
2255.34
3450.44
3470.08
3391.38
3841.1
3123.07
2641.91
2880.87
2699.52
2693.19
3252.55
3520.17
2845.63
3146.55
3517.61
2479.95
3129.26
2317.62
3633.47
2533.62
3158.82
3212.12
3596.51
2978.59
3126.13
2652.08
3149.88
3531.06
3069.65
3030.13
3322.46
3454.97
2867
2553.8
3016.51
2532.43
3309.69
2897.18
2251.17
3136.53
2706.71
3417.84
3113.75
3187.25
3523.27
3688.84
3308.01
2468.08
3292.07
3041.5
2852.13
2279.41
3193.39
2673
3387.17
3302.11
2853.45
3166.7
2908.36
3743.33
4280.32
3021.99
3167.54
2589.73
3288.73
2829.08
3782.01
2739.05
3021.73
2494.69
3658.85
4558.19
2551.43
2661.57
2749.62
3594.36
2334.91
2452.67
3941.71
2920.37
3655.99
3700.65
4033.99
3393.98
3567.91
2369.99
3156.16
2991.79
2670.74
2472.3
2645.47
2893.19
2156.58
4572.92
2448.32
4378.21
2940.69
3505.57
2505.19
3753.26
2564.62
2682.67
3023.53
2866.37
3062.05
3454.21
3788.93
2949.47
2762
3716.03
3260.06
2420.12
2943.36
2900.92
2444.97
3917.26
2839.45
3149.98
2460.23
2610.35
3450.21
3859.68
2642.96
4265.52
2340
2963.36
2966.53
3734.14
3294.35
2911.07
2268.06
3594.23
3592.22
2836.98
3874.87
3627.15
3063.69
2956.84
3258.41
2595.15
2884.49
3844.83
2190.4
2878.64
2697.68
2810.63
2811.3
2829.96
2376.19
3581.99
3054.8
3976.8
3340.18
2949.59
3582.17
2859.39
2687.47
2499.78
3032.94
3796.17
3111.6
2526.59
2520.32
3087.39
3284.14
3288.35
2725.92
2826.37
2745.43
2893.69
3236.02
2929.45
3256.34
2758.57
3372.76
3043.14
2547.09
3923.51
3164.12
2900.22
2353.83
3270.03
2742.07
3448.61
2771.71
2669.01
3027.67
4827.2
2346.27
2079.23
2615.51
2559.22
3848.81
3805.19
2482.42
3512.1
2565.72
2492.41
2559.31
2885.71
2749.56
3334.6
3076.12
3294.44
2762.09
3924.15
2732.92
2685.93
2403.99
3426.64
2487.13
3082.83
3761.09
2598.42
3415.1
3784.63
2961.9
2642.38
2754.43
3719.31
2296.52
3873.14
3283.12
2116.59
3339.02
3325.73
2592.25
2529.7
2859.61
2481.37
3452.51
3609.11
3103.38
3006.13
2976.14
3362.17
2751.73
3100.85
3438.78
2593.17
2817.58
2601.75
3571.97
2624.77
2924.21
3524.18
3521.42
3254.58
2991.07
2609.51
2326.08
3171.78
3237.28
3588.9
2876.88
2933.6
4578.53
4058.68
2792.47
3374.57
2939.57
3045.04
3144.44
3407.56
3183.01
4478.55
3852.27
2751.32
2851.79
2518.51
3022.71
2506.32
2067.67
2606.3
3289.13
3040.01
2527.32
3579.4
3161.14
2477.49
2928.41
2670.95
3505.12
2850.09
3071.33
3055.3
2759.47
2710.56
2827.85
2826.57
2823.12
2148.54
3314.76
2276.95
3418.43
2350.81
2235.67
2487.58
4432.89
2846.67
3306.15
3390.56
2567.57
2998.65
2725.16
2558.15
2464.86
3801.17
3338.04
2945.21
3044.25
3153.89
2682.63
2689.56
3003.83
3228.62
2906.79
3090.19
2478.32
3728.5
2288.12
3755.43
2607.93
2250.59
3359.29
2357.92
3596.15
2646.49
3146.21
3024.62
3020.94
3132.97
2322.84
2804.11
2750.78
4433.64
3661.99
2858.96
3669.3
2950.83
3072.91
2787.89
2932.12
3503.14
2682.57
2681.1
3139.65
3380.44
2554.54
3823.28
3279.34
2544.3
3196.76
3198
3092.56
2515.48
2517.99
2922.63
3205.14
3498.36
2959.68
2852
2837.01
3258.53
2537.9
2196.5
2821.33
2043.91
2134.68
3679.03
2413.1
2510.03
3094.79
2843.26
2700.88
3698.83
2990.77
3699.92
3515.75
3553.8
3586.68
2645.19
3199.31
2825.59
2323.27
3927.62
3417.64
2949.95
2979.92
3402.36
3132.31
2981.78
2817.73
3190.11
2941.19
2821.74
3004.4
3729.31
2489.17
2446.24
2822.91
2505.83
4206.16
2699.17
2053.47
2355.89
2356.46
2751.3
3194.82
2865.29
2656.99
2800.58
2931.4
2904.68
2806.84
2861.23
2911.7
3221.5
2928.52
3164
2234.07
2959.9
2863
2328.32
2701.27
3207.98
3593.13
5019.28
2733.64
3868.31
2330.1
3443.16
2920.2
2962.68
2747.06
3240.66
2555.16
5082.37
3463.69
3733.09
4072.78
2866.5
2887.83
3025.62
3145.06
2462.28
3328.4
3445.71
2479.12
2214.6
3457.1
2415.47
2716.39
2875.92
3068.42
2478.93
2972.59
2719.95
3590.05
3003.84
2792.69
3047.62
2914.66
3261.49
3662.46
2518.28
2426.95
2543.57
2955.63
2952.77
3622.46
2827.34
3102.74
5347.77
3011.9
2936.41
2503.42
3291
3258.28
3016.99
4051.31
3428.07
3182.75
3572.34
2622.58
2820.73
2661.23
3109.79
2215.1
3987.32
2879.76
3165.33
2918.26
2864.41
2604.94
3180.9
3285.67
3016.29
2498.07
2342.01
2985.06
3638.89
3212.16
2444.85
3525.85
2558.06
3150.66
3473.43
4316.21
2325.02
3157.71
2530.26
2475.85
2605.13
2927.35
2745.01
3781.17
3491.44
2094.01
2929.15
4064.07
3794.23
3456.17
2772.37
3505.55
2379.67
2221.95
2783.88
3310.53
2937.85
2747.28
3411.16
2852.62
3562.7
3202.58
3257.16
2348.3
2563.52
2520.82
2597.99
3857.18
3058.96
2493.06
2525.47
3216.94
2976.07
3728.22
2560.52
3043.15
2068.71
2403.86
3120.35
2666.18
2732.05
5335.82
3044.67
2511.95
3287.89
4009.84
2657.31
3058.34
3716.16
2702.8
2959.78
2608.59
2428.77
3310.6
2969.27
2747
2478.56
3072.37
3180.67
2826.13
2986.94
2816.62
3264.43
3739.97
2228.76
2882.26
2002.96
2756.38
3165.79
4013.83
3542.64
3516.86
2754.1
5262.85
3248.8
3745.99
2448.2
2824.71
4773.23
2974.69
2721.78
3033.21
2517.7
3250.6
3099.09
3359.94
2397.2
3099.81
2615.96
3009.36
2354.82
3014.48
2683.03
3347.5
2614.11
2963.58
2778.36
2501.25
2461.56
3030.9
3236.96
3138.4
3548.69
2998.83
2966.21
2961.36
2707.73
3167.04
3668.62
2224.4
3264.95
2719.57
2247.42
3370
2976.12
4412.35
3170.39
2151.04
4108.7
3273.27
2693.23
3188.47
3284.01
3116.38
3355.42
3510.9
2908.36
4031.16
2269.8
4329.48
2391.8
3590.58
3081.05
3430.27
4376.49
3325.7
2984.26
2385.64
3301.87
2591.11
3566.28
3101.26
3175.04
4310.84
3096.41
3113.31
2312.82
3540.73
3271.28
3272.37
3247.9
3009.81
2952.24
2447.57
3363.47
2826.43
2657.34
3605.41
2863.95
2849.93
2910.21
2703.96
3507.15
3020.76
2882.94
2855.51
2699.61
2830.47
2500.2
3715.29
3628.49
3985.61
2870.62
3274.01
3936.6
2547.63
3300.62
2717.41
3527.42
3004.92
2257.42
4412.69
4566.21
3033.95
2873.69
3702.12
4832.71
3601.92
4044.49
3349.72
3812.36
3441.56
2492.87
3314.53
2936.94
3046.74
3031
2421.41
3324.43
2944.68
2399.96
4309.82
2712.23
3385.3
2745.56
2794.86
4706.18
2446.25
3229.58
2824.09
2989.95
2777.61
3006.29
2830.48
3328.78
2703.86
2969.37
2417.74
2317.67
2173.68
1998.56
3152.73
3871.13
3119.54
2437.52
2425.6
3636.41
2911.8
2617
4630.52
3468.39
3432.42
2969.56
2277.75
2769.89
3071.38
3523.36
2768.23
3305.37
3239.78
2565.13
3200.99
2781.76
2365.02
3164.77
2971.09
4037
3294.87
3713.11
3589.64
4068.86
2224.66
3547.54
2512.52
2893.18
2890.25
2419.09
2897.8
2352.88
2544.13
5429.92
3745.7
3269.66
3862.68
2577.93
3561.52
2917.09
2356.66
3340.39
3692.24
3784.27
2956.75
2862.14
3378.77
2340.77
3066.42
3428.89
2527.22
3718.32
3168.85
3612.01
2898.03
2494.14
3647.49
3384.15
3186.11
2621.36
2874.63
2845.29
2661.49
3554.5
2952.12
3088.85
3343.85
3031.61
2970.39
2715.36
2588.34
3087.9
3316.7
2377.94
3099.39
2798.51
2188.76
3065.78
2692.61
3204.77
3088.3
2744.44
2409.42
2946.31
3138.14
3975.83
2430.41
4319.68
3254.97
3143.94
3502.06
2332.18
2866.76
3019.51
3381.54
2472.82
2847.32
2962.16
3052.03
2724.71
3467.89
3146.01
5036.58
3317.17
3725.65
3253.28
2769.79
2532.42
2092.02
5621.5
2932.47
3128.08
2564.67
3371.52
2864.95
2784.79
2579.06
2391.28
3340.23
2803.35
2964.16
2164.27
2893.76
3574.95
3217.12
3188.68
2361.84
2899.35
2373.05
4058.88
2585.04
2131
3167.19
2258.05
3105.28
3679.81
2617.04
2484.52
2883.72
3094.15
2486.15
2471.29
2897.98
2911.97
2784.67
3221.39
2585.67
2893.8
2692.97
3021.57
2566.91
2951.26
2805.04
3091.99
2230.74
3707.33
2522.28
3366.96
2975.89
2939.12
2135.36
2686.43
3019.37
2486.91
3272.67
2214.62
2702.46
3171.49
2419.59
2439.14
2671.19
3661.1
3521.9
3913.2
2542.58
2575.26
2375.89
2734.05
3498.69
2261.79
3485.03
2748.84
4730.38
2252.78
2657.48
3180.79
3554.81
2907.47
2879.45
2741.82
2909.48
4402.73
2849.14
3864.17
3530.33
3951.91
2866.8
3265.11
3495.65
2857.19
4202.87
2803.21
2580.72
2962.16
2912.35
4331.77
2376.96
3289.46
2547.83
2631.95
3341.69
2765.87
3268.26
4218.18
3463.85
3649.68
3197.77
3779.5
2809.71
2990.2
3137.36
2534.84
3034.41
3907.68
3021.01
2641.81
3262.66
3070.85
3164.99
2992.88
2518.35
3420.4
2703.38
4544.09
2917.41
2718.84
2602.94
2396.45
2680.46
3324.31
3296.81
3138.99
2895.76
4151.49
2504.67
2530.16
2794.84
3603.85
3301
3452.81
3112.35
3621.93
2951.31
2784.89
2518.15
2836.58
2691.26
2792.93
2874.28
3052.71
2801.07
2709.04
3826.83
2907.76
2340.53
2642.84
3171.4
3210.02
2819.2
3448.14
3278.31
3859.39
2084.74
2782.72
3315.5
3512
3433.34
2430.87
3520.7
2876.78
2821.81
3325.46
2735.3
3225.21
3229.15
4599.71
3217.51
3235.73
3755.56
3648.04
2583.18
2314.27
3090.23
3394.07
2978.37
3124.56
2465.59
3082.73
2775.36
3211
2988.73
2459.35
2396.15
3919.62
3975.07
3146.28
3034
2837.78
2664.46
2444.34
2355.28
3769.65
2599.56
4064.49
3314.63
2581.5
3204.65
2408
4250.24
2736.53
2401.04
3197.33
2455.14
3688.45
2720.16
2410.3
4059.82
3004.23
3767.62
3124.19
3651.07
2724.97
3527
3024.4
2665.97
3002.99
3630.92
3879.25
2643.85
3220.87
3230.68
3784.6
3065.64
2790.74
3386.69
2864.81
2995.44
3857.43
2639.29
2973.75
3257.46
3372.44
3525.66
2975.4
2550.18
4110.57
4916.59
3169.33
3581.16
2854.18
3259.77
2262.23
3329.75
3394.31
2641.78
2712.01
3630.62
3121.86
2913.85
2901.12
2624.94
2817.44
3263.25
2554.74
2815.18
2311.4
4848.59
4139.16
2566.6
3081.81
2455.4
3396.29
2731.71
2423.16
2610.02
3281.68
3202.71
2916.4
3434.67
2642.8
2898.96
2977.17
3455.3
2913.09
2396.38
3101.61
3053.38
2776.8
2604.68
3188.91
3552.34
3096.35
2349.67
2696.69
3657.73
3281.71
2866.9
2943.72
2972.35
2833.07
2929.95
2411.31
2336.08
3332.67
2728.73
3151.05
2907.11
2206.67
2691.18
2734.9
4194.19
2855.43
4103.42
4611.11
2939.56
2640.64
3327.57
2462.4
3190.28
3045.77
3750.59
2477.23
3339.02
3111.5
2718.12
3807.65
3461.23
2856.85
2867.14
3259.21
3694.56
2860.24
3629.31
4907.23
2270.98
4258.37
2576.49
2724.12
2723.76
2596.39
2582.72
2792.9
2556.36
3231.76
3776.02
3383.7
3688.54
4460.45
2459.89
3321.36
2457.68
3448.8
4542.13
2643.78
3118.79
2401.75
3049.23
2639.87
3471.36
2596.86
3110.07
2938.21
3132.15
3571.86
2628.41
2711.78
3964.41
2994.63
2324.73
2560.06
2956.31
3199.62
2737.72
2755.72
2950.33
2907.56
2979.28
2787.88
2856.68
3342.27
3066.8
3248.97
2856.68
3336.8
3044.79
2841.78
4019.69
2609.51
3586.94
2626.5
2977.76
2322.03
4135.75
2779.84
4088.21
3400.7
3304.52
3463.87
3316.15
3556.71
4292.05
2683.99
2529.67
2999.79
2998.45
2434.5
2786.91
3488.43
3277.83
3566.36
2974.9
3465
3398.61
3042.45
2818.25
3143.56
2941.07
3570.98
2952.44
2398.92
2835.21
3938.6
4208
3245.19
4219.25
3742.11
2591.2
4864.14
4110.92
2507
2458.89
2962.58
3323.44
2789.27
2998.72
2609.47
3891.88
2767.7
3313.28
2882.55
3384.41
2382.27
2756.43
3354.63
3237.27
2817.45
2705.01
3654.11
3122.41
2503.45
2847.38
2529.76
3035.99
3552.23
2822.89
3072.4
2987.43
3397.03
3281.77
3117.24
3509.29
2520.76
3483.32
3690.69
2204.21
2971.68
3407.85
2761.44
2847.42
3966.01
3433.69
2537.68
3133.08
3329.18
3050.72
3942.74
3121.71
4402.64
2580.94
2904.48
2709.69
2697.21
2678.46
3324.65
3368.98
2737.73
3092.74
2756.78
2960.78
2182.42
2679.33
3022.79
2151.91
4327.74
2614.76
3011.91
2424.48
3227.81
3659.72
2812.29
2555.54
3149.13
3326.88
3044.33
2368.04
2308.33
2745.55
2781.03
3223.42
3503.44
2323.47
3102.37
3185.91
2937.69
4099.82
2639.77
3772.75
4625.26
3096.68
4734.85
3336.2
3365.74
3595.44
2333.33
3183.69
2679.4
4412.51
2751.06
3165.04
3003.36
2374.08
3794.81
2662.85
4107.49
2742.46
3502.25
3166.3
3503
2629.26
2653.98
2965.62
2752
2760.16
2852.07
2665.1
2927.28
2741.16
3645.82
3565.49
3765.25
2524.48
3634.46
3634.72
2973.79
2611.85
2489.7
3193.25
2576.48
3438.3
2804.02
2401.97
2891.5
3171.09
4623.03
2981.41
3067.72
3076.54
3112.61
2785.2
2702.88
2888.74
3002.94
3357.56
2446.53
2417.1
2780.21
4452.55
4066.77
1844.39
3051.86
3078.35
2304.6
3390.05
2379
3301.84
2068.7
3103.57
3121.01
1899.76
3003.03
3670.08
3225.05
3029.68
2593.7
2953.24
3026.86
2790.97
2180.13
2893.62
3161.67
2775.69
3436.44
3467.46
2533.33
3079.43
2708.95
2563.79
2719.05
2777.89
2474.42
3699.49
3415.83
3132.08
3121.36
3276.08
2971.96
3022.28
3192.48
3363.53
3044.27
3074.24
2185.96
3578.98
2701.65
2964.97
3260.11
2794.65
3206.2
2915.23
2552.74
3777.79
2830.15
3201.43
2963.09
3546.92
2691.44
2763.69
3558.68
2770.91
2465.58
3009.19
2817.12
2681.42
2704.22
2751
2806.58
3555.78
2725.38
3120.19
3059.85
2421.54
3514.62
3431.44
2339.37
3043.86
3606.96
2419.68
2979.79
3617.93
2841.03
3074.78
2531.13
4844.99
3520.37
3140.69
2793.2
2753.85
3885.18
3066.66
3235.54
2803.44
2561.69
2348.81
3236.87
2608.47
2269.68
2655.65
2907.95
3193.28
2465.89
2379.64
3257.17
3337.33
3007.12
2659.6
3751.94
2383.29
2548.56
3321.81
3526.09
2778.46
2879.84
3856.57
2739.48
2831.85
2714.31
2340.28
3077.88
3859.35
3636.18
3039.18
2151.13
2871.64
2925.61
3481.59
3205.27
2313.1
3358.08
3140.39
2993.97
2919.25
5132.69
4196.27
2676.03
3186.03
3147.32
2819.75
3096.54
2567.92
2890.61
3149.98
2883.84
2725.48
3770.62
1806.95
1995.46
2755
2948.38
2843
2940.75
3181.13
2967.41
2905.2
3581.37
2973.02
2642.25
2735.27
3004.35
3709.11
2440.91
3287.9
3196.87
2748.39
2386.51
4057.79
2976.84
3794.49
3350.22
2974.03
2781.89
3135.39
3330.4
2300.48
2306.32
2871.7
3030.15
3819.85
2296.28
2570.3
3586
3129.47
3099.2
3308.59
2557.8
2637.38
3463.37
2711.38
3325.55
3043.84
3689.6
2673.6
2377.64
3992.4
3521
2872.35
3418.9
2615.74
3173.55
2590.21
3320.73
3654.94
4681.78
2862.41
3755.86
2846.52
3145.13
3090.8
2665.9
3171.26
2887.36
2522.45
3731.81
3248.69
2244.42
4486.08
3159.7
3760.63
2485.63
2725.59
2717.55
3683.05
2919.67
3897.84
3291.88
2708.25
3422.59
2491.65
3182.83
2731.94
3055.3
9856.83
2964.48
3351.83
3434.48
2899.53
2856.95
3622.77
3232.56
4233.71
2664.63
2569.22
3198.74
2683.32
3434.25
3924.99
3203.07
3151.27
3253.5
2792.66
3405.48
3067.41
2418.06
3072.12
2780.79
2317.36
4802.06
2536.57
3456.52
3227.82
3288.37
3686.06
2859.95
2683.13
3887.37
2764.27
3645.38
3366.71
3905.32
4152.26
2832.41
2963.97
2837.87
3424.76
3052.35
2783.35
2646.12
3267.92
2509.77
3177.99
3259
2317.25
2034.14
2355.26
2945.08
2356.1
3002.61
2103.48
3019.35
3173.21
3511.53
2778.76
3020.94
2587
2404.71
2978.96
2739.38
3375.53
3580.22
2521.28
3204.97
2885.19
3352.93
3938.63
4147.73
2958.92
3193.68
2712.35
2802.65
3035.67
2713.3
3259.88
2750.54
2551.96
3649.55
2799.01
3057.09
4005.5
3043.96
3057.61
3530.01
2098.08
3143.54
2634.66
4194.3
3198.37
2363.55
3870.87
2392.15
2988.73
2569.65
2081.18
2546.64
3290.27
2711.5
3545.99
2772.81
3532.33
4075.22
3147.51
2315.57
2478.74
2434.4
2426.79
3101.39
2250.17
2684.23
2572.27
2206.4
3652.66
2942.31
2857.64
2878.32
2636
2698.5
4042.81
2940.34
2755.22
2973.4
2155.59
3567.82
2359.26
3551.13
2251.54
2684.56
2794.53
2864.17
3081.12
2993.32
4274.18
3199.35
2420.32
2085.32
3255.28
2686.7
3331.17
2795.66
2173.23
3229.64
3357.04
2882.44
3111.19
2952.19
3586.84
2812.91
3397.64
2743.83
2632.15
2702.03
2392.25
3022.17
3133.88
3586.25
2940.13
2818.74
2229.68
3100.19
2758.82
3865.31
3267.99
2704.77
2806.44
2631.35
3583.63
3156.81
2534.75
2851
2998.33
3276.65
2781.13
2635.12
3221.76
4857.96
2556.88
3202.6
2162.19
4200.67
3894.79
3307.61
2755.81
3536.77
2710.25
2498.17
2590.53
3577.95
3584.93
3072.84
2879
2452.74
2589.75
2591.54
2887.13
2378.07
2082.64
2562.32
3876.59
2738.37
3223.56
2991.44
3116.17
2699.1
2737.03
2699.76
2595.04
3254.18
4130.54
3109.66
2594.12
2727.69
4938.21
3067.23
2304.15
2852.07
4056.66
2369.14
3380
3414.78
3637.7
3752.33
3139.23
3332.02
2689.77
3237.85
3021.13
3022.87
2851.5
3467.55
2620.9
2562.4
3217.63
2727.18
3845.77
2353.1
2295.02
4913.19
2460.63
2979.74
4199.9
2536.71
3009.29
2549.68
2894.86
2553.62
4442.11
3199.24
2834.38
2803.47
2578.52
2658.69
2852.04
3096.4
2788.58
3517.63
2783.06
2867.19
2513.25
3101.86
3150.91
3650.79
4640.55
3497.62
2802.64
2474.29
3377.73
2605.96
3811.18
2966.47
3889.4
3073.9
2914.53
2524.92
3264.29
2433.91
2262.9
1859.53
3366.15
3105.69
3049.49
3144.19
2888.64
3229.42
3010.01
4023.84
2928.04
2676.37
3102.12
4500.37
2901.58
2286.28
3215.85
3226.17
2646.02
2548.32
3054.53
3162.4
2740.43
2458.61
2368.88
2689.98
2936.38
4073.87
4095.2
2790.68
3763.12
2623.06
3250.15
2325.46
2237.21
3711.82
2862.63
3509.39
2555.25
2417.72
4547.98
3119.44
3005.17
3047.59
2873.52
3406.6
3276.51
3651.91
3001.66
2984.54
2654.27
2518.41
2620.19
3406.08
2632.47
3176.86
3160.35
3404.87
2572.32
2724
2720.29
3890.39
2672.56
2928.06
2678.03
3319.84
2859.12
3047.99
2670.01
3193.61
2470.4
3382.98
2362.21
3916.01
2768.91
2620.3
3399.35
3040.74
3793.07
2262.46
2818.68
2983.83
3059.13
2457.6
3703.78
3079.6
3376.82
3317.82
1998.49
2889.93
2877.98
3383.31
3061.91
3986.34
5144.78
3448.13
3385.62
2642.92
4057.44
3193.26
3789.85
2906.69
2633.19
2796.25
2453.65
2923
3980.04
2980.38
2994.95
3570.53
2130.09
2681.1
2513.22
3111.48
3014.98
2385.99
2944.46
2732.26
3998.07
2868.46
3238.29
2669.21
3556.08
2860.25
3775.16
3729.42
3320.79
2878.65
2904.53
2237.18
3111.98
3112.7
2544.01
2837.37
3911.48
3238.98
2860.9
3121.87
2803.3
2581.15
3656.75
3021.61
2804.48
2509.28
2856.87
2310.19
2306.36
2737.2
2649.23
3097.8
2220.77
2392.51
3061.16
3518.25
4235.09
2901.7
3205.07
2896.73
2501.53
3141.24
2663.39
3671.28
2967.23
2869.75
3973.31
2751.46
3264.88
2993.91
2773.17
3806.32
2874.51
4013.16
3114.85
2690.34
2538.52
2878.62
3246.74
2679.51
2823.25
2387.35
2352.94
2316.95
2076.67
3274.37
3034.66
4486.1
3286.21
3165.96
2637.93
2803.93
3361.04
3698.17
3247.93
4224.75
3497.73
3140.13
3428.19
2718.89
2471.01
2974.74
2218.11
2873.88
2981.44
3571.66
2776.72
3402.96
3860.86
3230.83
3289.46
2294.05
2913.91
3733.18
2650.51
2391.53
3466.76
3118.49
3750.46
2915.44
3270.84
2363.56
3053.1
2942.18
2974.43
3556.96
3429.92
3056.56
3517.04
4558.5
2486.1
3223.81
2253.41
3295.66
3217.01
2869.5
3022.35
3852.23
2895.31
2438.71
3092.83
2739
2826.26
2938.91
2985.74
3226.9
2431.2
3616.69
2425.19
3226.88
3376.93
1944.62
3714.87
4019.82
3194.31
2657.66
4140.97
2596.68
2562.32
2680.35
4392.61
2534.35
2983.64
2649.79
3309.63
2225.95
2693.81
2309.29
2552.2
2829.37
3589.83
3902.57
3936.55
2730.24
3219.77
3137.39
3163.18
2280.45
3582.64
3117.49
3366.02
4010.6
3037.21
4180.4
2913.07
3331.52
2685.18
2854.78
2937.78
3030.4
3004.23
3026.99
3248.78
2683.84
2603.69
3299.75
2970.33
3325.39
2507.25
2986.26
3458.21
2712.83
3177.85
2971.83
2471.34
3325.21
3977.02
3422.22
3424.35
4146.92
3047.45
2382.07
2596.17
3050.54
2384.25
2981.63
3411.44
3181.6
2439.09
2746.86
2823.7
2873.01
3100.66
3084.92
3042.1
2420.97
4785.64
3603.37
2864.23
2999.99
2722.4
2262.01
2906.98
3048.05
2643.52
4275.5
3332.85
2932.38
2639.93
2724.84
3319.7
3027.7
2548.03
2607.6
3076.03
3677.53
3353.08
2603.29
2725.22
2783.12
2652.74
3211.19
2688.16
2885.6
2346.34
2849.08
2390.45
3462.29
3399.57
2526.54
2985.25
2968.45
2773.21
3912.52
2049.13
3241.54
3478.8
2611.44
2318.1
3376.51
3374.61
3076.53
2997.59
2342.92
2767.82
2396.84
2433.67
2814.83
3014.06
2972.07
3012.58
3770.47
3640.05
3199.29
3104.77
2941.19
3578.14
3231.32
3545.87
3633.17
2672.01
3249.56
3089.45
3092.64
2372.75
3096.06
4117.22
3702.81
4302.63
2944.07
3719.34
4403.59
2750.09
3594.49
2512.31
4662.09
2874.19
3818.1
3020.37
3025.85
3965.36
2136.73
3687.74
2752.62
4990.31
3141.95
2936.83
3001.75
2415.24
3890.98
2828.75
3439.62
3715
2862.8
3309.53
2315.32
2087.42
3075.87
2496.91
3825.37
2970.01
3147.07
2610
2739.83
2802.42
3311.85
2893.16
3379.18
3591.05
2827.96
5681.1
3904.61
2652.21
2960.45
2919.25
3644.63
2819
3160.96
2894.89
3383.93
3654.18
2532.53
3156.44
3021.13
3174.59
2316.78
2380.12
2980.92
3245.47
2749.46
2968.89
2919.82
2553.23
2743.93
2458.43
3025.96
3035.76
3838.99
3174.5
3214.36
2954.51
3682.97
3047.76
3550.14
2907.64
3411.37
2532.75
2500.45
3256.51
3231.57
3232.85
2981.14
3918.83
2803.8
2400.88
2561.91
2982.69
3921.14
2029.64
2416.21
2712.77
2410.73
3044.42
3431.41
3550.51
2226.9
2661.64
3843.04
2361.53
3010.35
3721.42
4012.47
2563.84
2533.74
3087.22
3411.08
2661.25
2674.83
2992.61
2663.69
3306.75
2694.14
2758.4
2587.94
3463.19
2511.19
2486.47
2655.73
2943.54
2424.64
2934.29
3506.11
2490.5
2894.38
3769.59
3163.89
2293.78
3492.76
3449.56
6047.68
3333.44
2836.49
2585.74
2424.02
2862.86
2411.02
2998.13
3166.94
3101.87
2545.66
2778.25
2968.61
2651.01
2614.91
3777.29
2538.78
2997.66
3749.36
4407.63
2537.45
2466.15
2457.21
3406.47
2312.23
2767.6
3447.74
2830.45
2710.89
3470.32
3036.4
2380.48
2684.97
2392.82
3095.95
2690.96
3261.19
3810.73
2743.34
2530.24
3574.66
3187.75
3222
3250.71
2972.08
3552.73
3173.86
2187.09
3886.84
2392.12
3055.2
2849.35
2447.37
2823.43
2389.8
2087.29
3504.73
2936.81
4133.89
3386.48
3748.54
3099.93
2745.23
3168.21
2617.99
2108.08
3564.59
3759.79
2724.49
2623.83
2553.5
3150.78
3044.41
3019.36
2693.23
3114.93
2810.55
2971.48
2984.76
2826.12
3202.93
2655.71
2497.12
2826.67
2771.05
2830.76
2926.62
3437.4
2936.5
3067.23
3387.9
2958.82
3358.99
2915.22
3504.71
3420.63
2534.45
2498.73
4048.19
2581
3305.19
3099.58
3244.79
4934.33
2944.89
2977.03
3040.87
2384.86
2916.07
3078.45
2822.02
2790.63
3174
2725.81
2608.84
2956.29
2798.23
3639.35
2624.23
2407.45
2299.04
3941.01
3766.54
3277.2
5247.05
3467.17
3584.09
3051.17
3047.1
2342.8
3229.56
3694.68
3461.24
2753.5
2722.05
2504.65
2408.86
2276.59
3082.16
2797.12
2876.43
3033.94
5830.18
2563.55
2557.67
2600.41
2374.77
3050.27
2281.01
2872.72
3037.75
3989.3
4082.41
3072.73
2473.31
2825.74
2897.05
3488.57
3282.72
3401.94
2412.15
2996.24
3370.06
2518.27
1986.09
2740.13
2619.12
3417.24
3575.64
4092.18
3044.35
3936.97
2944.07
2651.85
3554.37
2427.96
2555.72
2725.1
3019.76
2661.19
2717.56
2338.1
2626.13
3180.71
3347.19
3219.71
2852.44
3257.31
3404.29
3374.95
5105.61
2989.91
3003.75
2685.19
3618.02
2896.11
3185.32
2489.18
3253.53
3258.57
2449.27
2693.26
3852.58
3685.46
3258.47
2596.52
3176.55
3086.01
2691.6
2596.33
3469.21
3753.39
2393.85
2789.05
2840.15
2240.69
2241.73
3828.04
3347.36
6242.19
2775.42
2900.76
3036.48
4457.01
2523.31
3172.14
4273.34
3242.68
3307.57
2886.31
2549.96
3050.71
3767.94
2168.82
4276.22
3141.82
2814.53
4275.17
2979.71
3493.18
2480.32
4111.82
2859.65
2703.11
3053.94
4907.97
2815.01
3124.95
4085.06
3036.67
4245.34
3202.45
2520.63
3149.34
3012.68
3688.02
2915.97
2319.61
2994.52
2440.01
3529.46
2639.26
4302.56
2718.26
2589.03
2486.59
2559.37
2554.77
2748.79
3371.41
4227.06
3146.94
3552.55
2491.9
2753.71
2874.94
2394.62
2749.75
3296.37
2997.76
2950.05
2933.23
2904.22
3159.75
3296.43
3862.82
2396.21
3153.85
3831.93
2633.62
3179.68
2783.23
4069.93
2747.7
3790.34
2557.7
2910.59
2445.62
2642
3125.38
2526.38
3351.45
2344.66
2954.24
3304.26
2080.39
3588.9
3219.44
3526.43
2604.24
2174.14
3138.47
4045.12
2876.41
2695.85
2731.91
3623.92
3039.43
2848.05
2807.47
2746
3085.98
3940.08
2801.55
2979.07
2787
3235.94
2798.05
2791.62
2779.16
2796.06
3287.68
2639.91
2263.31
2923.71
2810.04
2590.51
3991.15
2182.8
2684.2
4222.5
3358.99
3333.47
3058.89
2771.54
2936.01
2975.46
2811.02
5020.07
3598.19
2461.29
2244.61
2760.01
2370.87
3525.12
2922.91
2736.77
2405.36
3026.81
2535.62
3461.68
2524.74
2715.29
3553.51
2749.21
2722.27
2951.24
3398.33
3827.64
2612.33
5585.2
2355.73
2717.13
3116.67
2533.44
2676.43
4364.93
2383.73
3168.85
2551.3
3356.48
3149.14
3970.19
2454.06
3333.47
3065.49
3505.81
2906.95
2957.08
2639.28
3946.75
3068.82
2827.52
2946
2928.35
4063.35
2519.9
3127.98
3021.09
2916.67
4106.94
2778.45
2942.5
3744.29
2718.97
3080.98
3575.61
3067.37
3531.76
2604.64
2665.06
2868.69
3360.97
4432.5
3098.95
3088.54
3284.89
2589.14
3274.02
2956.09
2382.06
5233.95
2523.01
2792.27
3085.45
3167.79
2823.72
4727.72
2617.82
3298.24
2937.79
2439.05
2664.52
3609.11
2555.67
2661.54
4149.11
2681.04
3102.44
2552.57
4250.53
3264.65
2902.4
2928.95
3151.56
2794.61
3004.88
2310.13
2880.36
2250.06
3064.1
3004.31
3046.81
3282.75
2241.28
2946.3
2801.72
2826.5
2799.39
2569.15
3484.28
3024.41
3953.31
2583.07
3863.78
2713.4
2692.57
2986.31
1961.56
2928.34
2876.38
2605.81
2521.18
2873.07
3008
4064.98
2038.42
2588
3341.27
2844.49
2946.07
2704.72
3800.17
3187.15
3362.72
2118.94
3758.6
2273.08
3220.15
2735.38
3461.4
3267.84
3650.04
2669.62
2562.71
3450.19
2646.5
4001.41
3525.8
2620.56
2694.79
3961.42
3231.08
2816.49
2535.96
2408.38
3515.6
3127.87
2882.98
3983.4
2978.77
3333.62
3726.6
3968.64
3335.04
2990.19
3349.16
2955.58
3249.79
3689.91
2951.51
3594.96
2438.68
3332.3
3394.61
3009.91
3393.68
2275.04
4578.47
3410.55
3051.69
2869.44
3957.57
2687.97
2016.71
2363.5
2371.6
2612.95
2530.84
2787.2
3094.93
2723.9
3352.63
3674.07
2808.62
3812.23
3330.42
3383.09
2888.29
2650.07
2960.37
2956.56
4165.23
2457.76
3207.83
2457.17
2282.96
2749.74
3355.87
2933.44
3069.76
2803.16
2878.48
2416.09
2767.03
2934.21
2804.98
3583.65
4090.97
5469.33
2604.75
3228.5
3884.43
3352.61
3546.6
2754.55
2818.57
2539.61
2401.61
2631.74
3308.83
2659.42
2886.28
2951.31
2721
2821.88
2803.69
2687.79
3052.08
2968.91
2584.86
3305.72
2477.79
3316.21
2763.1
2868.74
3093.26
3126.48
2424.25
2317.22
3501.8
2991.6
2656.51
3219.77
3455.15
3253.42
2215.38
2628.25
2658.83
2910.94
2973.87
2881.68
2782.27
3975.54
2389.23
3863.04
2496.13
3255.05
4407.31
2818.04
4040.23
2227.45
3596.01
3506.04
4617.24
2413.22
3082.33
3934.12
2515.64
3684.83
2731.39
3153.36
3223.96
3353.38
3207.93
2209.85
3152.03
4252.41
2828.82
2853.14
3692.35
2914.26
2448.71
2456.38
3336.68
3829.61
3997.47
3684.11
3792.65
3476.26
2337
3011.38
3576.21
3807.18
3180.18
2695.82
2781.88
2811.32
3524.26
2687.88
3215.34
2974.25
2762.07
3374.32
3334.45
2495.4
2530.81
3170.77
2506.8
3390.42
3662.41
3287.11
4071.26
2343.75
3360.17
3080.32
2883.11
2636.02
3201.18
2970.14
3596.4
3004.9
3952.96
2316.72
2539.06
2772.25
3819.27
3008.68
3257.73
2701.52
2578.39
2996.42
2687.56
3058.67
2676.73
2975.37
2374.96
3402.44
2610.57
3154.14
2787.13
2665.61
2600.04
2270.75
2618.49
4465
4359.23
2718.05
2537.8
2645.48
2235.34
2499.16
2882.7
2837.69
2216.43
3610.21
3921.28
2736.23
3069.63
2540.25
3410.39
3406.82
3165.33
4024.73
3111.35
3471.5
2511.73
2773.75
3176.94
3784.03
2697.38
3246.32
2453.33
2720.68
2699.74
2810.5
2417.04
2895.1
2226.18
3346.24
2698.83
3100.04
3652.99
2130.19
3144.99
2757.69
3032.79
3005.57
3148.81
2739.49
3453.25
3384.41
2817.14
2913.05
2909.98
2885.63
2809
2582.95
2816.48
2379.55
2785.08
2746.61
2844.61
3019.59
3392.32
3107.83
3254.75
3006.25
3567.72
3019.81
4048.44
2964.16
3549.57
2911.37
2614.35
3265.91
3393.33
2866.67
2532.75
3295.08
3102
2758.72
2498.43
3054.25
3728.7
3243.35
2640.53
2772.36
2949.98
2750.78
2170.16
3248.97
4371.48
3652.49
2964.63
3711.33
2968.48
2780.41
3770
2920.42
2836.89
2702.15
3410.07
2476.63
3075.25
3170.97
2690.32
3212.23
3040.82
4291.62
2705.29
2180.69
2342.36
3120.37
2269.36
2314.51
3090.62
3560.63
2626.19
2883.73
4550.21
3482.87
3207.21
2556.28
3170.78
3753.43
3654.22
2807.71
3231.36
2722.76
3179.39
2877.43
2939.88
2699.13
2883.46
2516.17
2552.7
3047.24
3707.69
3889.06
2971.27
2218.15
3339.28
3835.72
2733.4
2958.34
3745.38
2880.93
4602.22
4012.75
2655.64
3555.67
2260.6
3699.82
3155.84
5778.47
2532.13
3767.09
2659.37
2855.07
2855.32
3281.02
2628.75
3347.08
3230.01
3143.5
3764.96
2752.76
3607.1
3556.78
2411.84
3028.83
2394.94
2428.27
3494.39
2905.65
4482.44
2825.04
2695.24
3006.42
2665.61
3893.74
2660.36
2336.66
2573.43
2745.09
2807.71
3423.22
3418.5
3475.98
3117.66
2785.6
4916.34
3332.19
2780.4
3127.23
2350.41
3124.67
2955.34
4437.5
2159.71
2813.19
3022.43
2493.94
4610.25
3947.23
2681.32
2780.13
3611.23
2669.32
2800.09
2720.39
4445.76
2889.41
3579.05
2735.49
3962.98
3071.91
4443.42
3790.82
2346.69
2834.65
3139.42
3106.24
3004.97
3109.31
2477.28
3346.97
3691.1
2492.12
2544.98
3528.94
3232.97
3320.66
3164.55
3427.16
3653.15
3051.99
4144.83
2872.14
2925.88
3072.28
3650.39
2929.84
3295.49
3098.89
4346.38
3087.26
2323.04
3137.29
2836.64
2810.96
4597.31
3289.72
2919.23
2086.06
4488.34
2284.39
2507.28
3034.46
3336.23
2528.7
2759.85
2861.07
3384.29
2209.18
2697.11
2556.54
3727.1
2812.75
3909.47
2654.36
3363.2
2816.65
2425.76
3079.58
2923.04
2979.76
2210.11
3484.58
2943.84
2804.12
3031.24
3279.28
2866.94
2444.43
3000.45
2238.54
3078.1
2507.25
2533.03
2877.92
2778.46
2808.68
2707.21
1994.96
3006.75
2871.98
3352.64
2879.42
2807.8
2771.06
3937.31
2641.07
3053.62
2580.75
4504.79
2480.19
2745.54
4250.82
2436.08
2931.02
3043.08
2901.36
2384.79
2847.36
2743.39
2999.89
3639.15
2698.91
2865.78
2675.69
3169.31
2942.05
3235.46
2619.62
2895.62
2802.14
2704.32
2798.61
4172.35
2332.14
2514.09
2807.88
2876.55
3388.33
2829.54
3663.9
2751.88
3110.93
2749.17
6266.86
3190.56
2520.67
2948.54
2597.41
2948.03
4158.2
2901.01
2831.14
3506.35
2720.92
3228.38
3655.81
3985.99
3189.51
3393.6
2641.73
2215.05
4285.41
2826.48
3024.53
2406.27
2836.13
3447.02
3009.96
3247.96
2579.98
2886.02
3376.07
3266.38
3727.65
2739.75
2713.52
3754.58
3053.77
3553.81
3576.56
4453.49
3003.44
3201.12
3466.54
2445.07
2874.29
3079.88
3188.21
5050.5
3014.68
3109.18
2887.91
2522.04
2270.66
2845.71
3058.86
3553.5
2497.3
3089.02
2933.21
4037.43
2972.81
3345.35
2507.88
2482.49
2719.78
3791.35
3265.89
3370.26
2833.82
3216.16
3294.98
3018.34
3346.75
3105.73
2711.47
2962.16
3364.51
3164.22
2469.35
3203.74
2892.05
2861.86
2959.09
2833.97
2334.31
2316.69
2969.83
2639.09
2381.45
2906.88
3546.41
2912.98
3203.31
2936.97
2962.69
2566.37
3631.33
2504.88
3758.51
3760.87
2891.81
2898.87
2833.57
3172.39
2871.55
3077.92
2996.74
4405.13
2944.17
3708.37
2789.74
3410.51
4899.04
2949.02
3331.94
2529.69
3275.01
2808.68
2731.97
5440.73
2725.85
3423.07
4526.71
2523.81
2934.48
3153.7
3706.67
3566.57
3788.39
2611.85
4083.47
2949.88
2141.42
4222.85
2179.35
2592.76
2103.21
2855.72
2989.85
2740.89
2764.6
2743.6
2457.78
3323.71
3302.6
2696.32
2257.9
4568.17
3264.69
3231.42
2250.02
3253.45
3165.84
3365.68
2741.46
3688.76
2253.29
2863.38
3130.17
3394.51
2280.95
3542.69
3308.68
2613.92
3085.7
2827.4
3033.12
2672.65
2886.59
2938.03
2578.16
3019.9
2395.23
2243.4
3387.99
2378.47
3039.23
2647.57
3485.83
3689.04
3393.41
2676.2
2824.06
2668.46
3801.28
3285.94
2974.82
3311.3
2521.88
3275.69
2517.64
3163.5
4140.15
2714.53
3200.21
4179.71
3455.13
2495.22
2617.51
2850.45
2268.6
2434.18
3068.21
3466.95
2744.24
4086.26
2982.41
3304.25
3136.73
3222.66
3464.9
3253.81
2821.01
3466.61
2695.54
2380.12
2486.9
2616.57
2745.08
4275.05
2336.24
2552.31
3781.71
2297.86
3652.19
3036.96
2905.24
2556.32
2363.14
3444.08
2738.67
2758.95
2860.55
2534.12
3028.04
3303.93
3924.77
2317.36
2758.1
2479.27
3261.09
3086.89
2823.9
2549.67
3715.02
2804.83
2592.43
3889.11
3795.63
2851.49
3013.48
3365.54
2454.44
2759.2
2565.38
3376.39
2992.41
2554.94
3211.08
3131.9
3053.19
5929.26
4247.07
2312.92
2319.51
3057.22
3174.67
2794.22
3741.48
2823.47
2607.82
2997.01
3680.06
3492.04
2393.24
2894.09
4136.12
2577.15
3454.93
3826.29
2923.74
2575.91
2779.91
3355.44
2358.3
4194.07
3618.57
3109.04
3144.51
2553.69
3182.26
3240.58
2526.24
2686.87
3163.45
3399.75
2195.49
2491.99
4000.58
2313.95
3193.16
2694.31
3774.54
2430.25
3053.29
3239.94
3032.03
2514.04
2562.67
3406.33
2846.56
3261.85
2839.52
3231.63
3161.94
4100.51
3206.6
2286.01
3375.58
2709.11
2203.71
3134.17
2163.54
2900.97
3204.56
2914.66
2875.33
2355.79
2966.19
3150.61
2993.48
3758.13
2812.05
2615.21
3415.89
2698.84
2956.34
2844.94
2382.68
2242.89
2690.74
2548.2
3008.12
2828.9
2798.97
2093.2
3219.53
3711.11
3258.31
3033.92
2063.02
2649.31
2353.19
3482.02
3167.85
3008.91
3173.63
4761.46
2449.4
4250.44
4027.35
2407.1
3723.94
2796.12
2947.41
3854.38
2203.92
2482.04
3376.72
3153.94
3117.74
3017.49
3177.82
3696.53
2517.1
2762.53
3632.67
4656.29
2488.91
2411.82
3027.57
3499.62
2656.01
2669.39
2839.06
2394.31
3316.94
2616.79
2531.76
3297.87
2900.96
2138.2
3017.95
3536.34
3340.72
3927.6
2654.75
4342.97
2918.96
3244.66
2758.1
2783.94
2651.11
3097.43
2896.9
3205.6
4197.02
2573.2
3399.57
2236.02
2964.62
2814.09
3517.09
3550.11
2641.52
2195.56
2329.01
2531.59
2759.87
2943.38
2610.63
2579.24
2487.88
3367.04
2940.44
2875.72
3415.63
2414.69
2642.3
2816.13
2810.89
2823.47
3115.29
3739.33
3442.43
2577.68
2577.99
2795.3
3933.55
2985.03
3370.5
2364.62
3513.58
3053.33
2665.07
2809.71
5163.62
2448.63
3201.42
2465.31
3816.42
2722.62
3927.01
2446.55
2092.68
2929.78
2386.78
2700.72
3215.38
3322.5
2856.15
2838
3251.44
2747.99
2422.34
2927.51
3483.34
2767.25
3155.55
2777.04
3504.05
2848.46
3181.61
3647.19
2156.64
1962.72
3232.49
3809.15
2635.41
2987.06
2695.11
2385.98
3395.34
2692.94
2840.62
2600.75
2686.04
3723.27
2537.65
3415.27
3478.59
2231.12
3476.17
3832.23
3645.75
2693.59
2286.43
3239.8
3296.8
4089.05
3535.03
2954.71
3090.15
3311.98
3172.64
3868.38
3146.13
2951.4
2402.42
3018.67
4168.43
3586.16
2326.73
3196.63
2930.18
2757.1
2860.44
2755.75
2661.24
3848.24
3364.86
3593.07
2709.79
2624.27
2872.86
2454.57
2932.1
4825.62
5724.48
3160.42
3302.97
2887.65
3217.93
4018.82
2820.53
2696.39
3094.55
3337.97
3581.45
2352.8
2954.26
4173.53
5270.3
2513.85
2362.26
3087.81
2567.16
2491.54
2802.3
4492.15
4052.81
3676.53
2679.34
2188.38
3655.61
3068.56
2841.82
2827.02
3154.38
2979.03
2924.19
2416.39
2806.54
2909.32
2738.35
2748.79
2600.47
2881.84
3507.43
4685.34
3396.01
2731.33
2854.95
2945.32
3635.06
2188.47
3804.79
3771.96
2968.3
2581.38
2924.56
2785.29
2371.9
2887.36
3055.63
3349.42
2467.23
2978.18
2570.37
4412.8
2950.98
3272.83
4327.34
3507.01
2806.03
2925.67
3102.32
3010.14
4043.33
2993.62
3110.85
3332.46
2919.13
3737.99
2814.46
3845.2
3837.83
2367.12
2827.33
3077.75
2947.34
3474.04
2793.09
2484.68
2795.92
2949.38
2516.96
3366.24
3027.06
3043.89
2646.78
2613.82
3215.03
2341.83
2489.79
2886.07
3012.4
3264.29
3380.5
3064.13
2882.73
3091.15
3215.17
2887.47
3461.38
2875.35
2554.76
2928.14
2964
2417.02
3366.25
2801.26
2840.1
2987
3691.54
3967.45
3111.63
3048.64
3166.87
3830.36
3431.73
2452.69
2809.69
2972.92
2909.78
2735.81
4066.71
2782.53
2295.57
3357.14
3788.51
2983.87
2727.07
3955.58
2969.21
2127.12
2418.28
3857.79
3222.32
5561.62
2962.97
2557.51
3060.02
3634.81
2748.25
2485.21
3196.1
3360.68
2697.31
2735.54
3403.11
3721.97
2862.87
3128.99
3333.7
3192.11
2660.72
2297.26
3496.49
2723.75
2186.09
2706.97
2824.43
2146.56
3844.46
2963.02
3003.58
2773.9
2569.89
2960.33
3148.11
3214.57
2768.4
2979.72
2814.94
2416.27
3547.49
3346.52
3665.94
3034.97
2406.18
2564.82
2440.28
3001.68
2605.36
3624.94
3566.71
3207.46
2628.93
3353.65
3669.14
4220.66
3451.81
3121
2319.95
2560.92
3066.16
2990.24
2540.2
2997.02
2343
2961.74
3209.45
2743.91
3228.19
2739.12
2678.91
2620.86
3245.23
3226.74
1879.79
3808.68
2373.68
3475.66
4239.83
4917.07
3011.36
2985.1
2569.13
2819.24
2854.22
2455.38
2194.65
4204.52
2772.51
3248.79
2234.53
2679.71
3172.18
3085.58
3316.45
2789.62
2430.41
4027.39
3024.41
2784.95
2915.49
4614.13
2552.05
2777.49
3279
3370.38
2616.13
3473.75
3650.82
2672.57
3476.44
2970.58
2866.15
2627.81
2759.85
3250.08
2144.29
2738.44
3416.27
2156.75
3891.07
4286.18
3602.45
2905.95
3572.88
3043.06
2827.69
3844.64
2480.37
3116.15
2864.9
3122.68
2837.33
2498.87
3063.31
3374.13
3447.75
2470.75
2052.99
3095.92
3804.94
3295.22
3703.38
2721.4
2566.84
2528.09
2587.27
3701.69
3754.18
2014
2670.59
3578.29
3336.97
2686.2
2784.78
3077.09
2433.97
3216.15
3540.68
2777.32
3342.73
3107.48
2541.21
3273.58
2501.54
3290.61
3794.85
2808.76
3118.85
2908.79
2554.71
2232.25
2306.51
2687.67
3013.5
3518.39
3131.21
3349.88
3203.19
2797.68
2812.1
2725.77
3075.52
2984.13
3134.66
4005.04
3082.27
3286.89
2362.16
2641.13
2485.53
2695.32
3913.66
3718.75
2670.55
2627.63
2546.33
3735.82
3145.65
2919.88
2411.76
3399.06
2646.33
2303.28
2976.38
2692.39
3520.31
3182.45
3991.28
2992.44
2730.07
2948.44
2832.83
3468.38
2663.16
2823.76
2248.48
2624.76
2373.01
2306.6
2591.61
3471.98
2583.25
3199.92
2967.45
2796.72
2412.24
2515.24
3807.06
2518.05
3026.66
3588.44
2477.36
3330.78
4232.76
4154.5
3134.18
3152.56
4174.58
2109.39
2418.19
2774.66
2303.37
3166.44
3729.9
3417.54
2731.55
3055.02
2476.74
2801.15
2925.94
3626.61
3146.2
2913.93
4790.6
2840.15
2867.59
2479.86
2327.22
3536.41
3260.68
4148.45
2930.75
3028.29
2878.14
2720.8
3090.34
2533.25
3002.2
2421.24
3163.43
4065.39
3126.32
2729.43
4482.87
2917.96
1980.13
3404.24
3491.39
2315.87
3103.54
3615.88
2333.05
3450.27
3110
3719.02
2769.65
3517.8
3663.3
4120.06
4738.78
3078
3550.64
2499.81
4828.91
3431.64
4103.97
2776.06
2952.78
3849.26
3589.29
3287.81
2561.5
3525.09
2955.12
3711.16
2412.16
2493.82
2639.59
2472.34
2888.55
2725.24
3008.8
2759.56
2689.64
3072.65
2427.21
2575.69
3312.75
3330.02
2800.04
3239.58
2925.49
3367.34
2974.72
3043.63
2920.15
3500.36
3179.63
2988.07
3337.13
2798.32
3434.65
2643.76
2836.15
3811.85
4618
3104.97
3179.61
3469.91
3999.85
3400.09
3556.21
3232.35
2813.11
3373.49
2296.96
3278.81
2931.94
2854.53
2598.32
2458.63
2698.08
2773.45
3125.38
2362.3
2352.68
3614.15
2725.33
2593.57
2587.62
2348.71
3322.67
4043.27
2804.71
2648.38
4154.49
2498.61
2616.45
4380.48
2746.56
3725.28
3547.33
3291.27
3441.35
2987.07
2923.87
2753.81
2670
2993.98
2979.68
3423.56
2270.66
2725.75
3106.84
4125
2626.99
2603.38
2939.42
2271.7
3524.51
3582.77
2580.36
2805.16
3082.77
2947.28
2651.82
2324.65
3374.88
2553.97
2366.41
2556.1
2358.68
3182.1
2719.39
3108.29
3185.25
3255.17
4015.23
3111.9
5567.39
3051.48
3360.75
2172.17
2784.91
2449.03
2834.79
3109.97
2552.81
3090.67
2408.06
3482.51
2560.07
3861.33
4170.6
2904.62
3813.85
2324.63
3366.35
4435.22
4553.94
3062.93
4272.61
5308.25
3123.4
2222.89
3448.08
2922.1
2399.58
4230.94
2669.71
3848.25
3471.19
3014.82
3200.12
2823.55
2682.49
3382.56
2835.15
3038.07
2848.18
3765.25
2800.82
3689.06
3698.7
3189.72
3842.9
2342.55
3679.79
2148.01
2722.1
2734.78
3391.65
3728.66
3043.72
3132.03
3931.58
3916.9
3343.05
3033.4
3141.8
3065.06
3499.45
2822.56
3972.86
2312.38
2312.81
3652.09
3411.91
3207.3
3195.32
2679.72
2624.58
2846.5
2723.38
2329.33
2815.48
2769.11
3106.92
3296.35
2744.07
2540.29
3096.74
2808.08
2639.65
3904.69
5011.88
2542.66
3296.01
2968.27
3806.59
3762.27
2986.86
3151.21
3066.4
3581.93
3038.95
2899.67
3211.65
3407.55
2317.56
2760.53
3011.61
3130.55
2725.83
3242.73
4053.76
2879.02
3144.89
2591.59
3217.47
2576.95
2578.65
4025.82
2941.04
3423.34
4023.53
3925.6
3093.52
2945.35
2352.7
3720.58
3283.71
3404.87
2471.89
3557.75
2743.34
2746.1
2958.5
2863.72
2979.29
3051.88
2971.91
3022.49
2947.92
2362.21
2522.38
2386.35
3371.53
3006.66
3140.38
2420.34
2750.5
2707.01
3171.13
3450.12
2350.75
4540.52
2538.63
2560.32
2418.7
2692.63
2638.69
3826.28
3064.93
2530.37
3149.06
3752.62
2764.11
3255.6
2692.56
2387.24
3003.02
2557.05
3220.2
2917.1
3006.87
4270.15
3673.62
2751.01
3257.98
3280.22
3377.7
3386.34
3213.81
2450.14
2704.62
2681.11
3008.39
2495.18
3454.39
2946.66
3268.81
2738.79
3084.49
2711.41
2660.14
3196.4
3182.6
2525.81
2611.06
3012.18
2621.95
3153.35
2530.79
3128.51
3321.65
3042.28
2598.39
4025.51
2932.66
3217.66
3634.93
3099.37
2800.54
2328.04
2247.34
2590.44
3464.27
3031.83
2774.02
2979.29
2752.58
2236.72
3167.79
3872.81
2872
3533.93
4146.02
3444.24
3761.24
3617.82
3588.56
2924.8
2732.67
3764.7
3477.69
3071.95
3114.36
3109.21
2709.75
4778.84
3265.66
2709.83
3604.67
2896.73
2767.29
3260.11
2969.91
2998.51
3246.83
3406.25
4145.19
2727.55
2564.62
2608.05
3607.82
3244.66
2465.56
2714.44
2974.33
2099.66
3350.38
3721.82
3455.46
2128.93
2944.65
3893.43
2377.77
2871.94
3703.24
2961.72
3451.21
3905.22
2538.3
3326.84
3256.04
2364.69
2886.99
3235.97
2907.05
3265
2334.47
2436.48
3388.25
5463.66
3401.08
2993.75
3209.64
5437.57
2757.12
3619.95
3556.06
2643.16
2704.9
2971.16
2820.84
2434.05
4435.02
3342.69
3719.86
3773.96
2764.43
2909.31
3395.61
2945.33
2591.9
2315.21
3201.44
2580.39
3518.47
3060.74
3204.83
3156.38
2835.25
2877.39
2896.34
2443.69
2739.91
2191.57
2949.94
3345.56
2775.32
2111.41
2636.05
3065.84
2488.94
3292.98
2255.61
3144.81
3193.98
5097.35
3359.05
2951.03
2144.72
2879.86
3218.58
2692.13
2875.17
2501.46
2589.32
2085.32
3055.46
3344.08
2826.63
3025.67
2930.03
2718.46
2669.99
3255.55
3007.74
3230.05
2892.66
2201.41
3267.8
2692.09
2898.52
2897.18
2885.56
2705.97
2406.5
3375.53
2285.35
2997.37
2515.05
4404.42
3855.6
5514.02
3279.48
3085.81
3091.57
2938.82
3467.38
3843.16
2853.62
2660.75
2385.09
4198.95
2567.47
2608.1
3002.1
3147.32
3199.73
2495.82
3942.99
5184.64
3337.84
2861.18
3951.12
2951.34
3278.03
3048.16
2634.19
3029.17
2021.04
3412.49
2818.4
3591.49
3752.98
3053.6
3250.86
2954.2
2847.21
3760.23
4117.9
3516.65
2887.63
2336.36
2124.86
2470.57
2983.19
4465.53
3418.32
2493.36
2357.56
2609.25
2341.18
3897.32
2493.7
3693.11
3624.01
3097.69
3428.46
2863
2604.46
2566.89
3864.61
3091.87
2438.88
2520.96
3180.56
2880.8
3380.26
3037.36
4427.4
2441.64
4333.12
2418.13
2813.1
3283.32
4359.54
2873.84
3031.34
3755.92
2794.78
3242.1
2709.04
2634.91
2588.64
2230.5
3681.67
3512.93
2615.98
2584.06
2667.79
3609.53
2727.88
3436.63
4137.79
3697.02
3758.21
3559.39
2587.32
2980.98
4148.44
2397.46
2762.91
2698.7
3516.32
2797.17
3303.26
2320.05
2415.14
3762.72
3327.13
2706.45
2984.78
2704.76
2466.99
5375.95
2355.57
2792.68
2581.44
3022.82
4773.24
2615.29
3346.16
2734.09
2758.39
4432.39
3878.57
3854.57
3383.48
3261.62
2959.26
3463.28
3083.33
3742.26
3164.98
3851.1
3110.42
2430.59
3593.51
3304.73
4172.62
3213.17
3429.35
2262.51
2868.86
2689.37
2686.23
2547.05
2365.85
3270.96
4386.72
2661.6
4756.96
2913.98
3205.39
3201.07
2480.12
3151.71
2164.73
2554.23
3039.78
2685.46
3698.58
3093.64
2652.78
2724.65
2772.67
2971.54
3052.12
2658.79
2497.55
2857.53
2845.72
2705.95
4620.09
3114.21
3001.04
5902.9
3614.48
2822.11
2297.43
2734.68
2354.96
3743.82
2080.54
2956.41
3901.73
3048.27
3854.3
2891.28
2881.03
3351.88
2807.97
3534.78
2504.18
2794.22
2897.39
3079.22
3179.66
3462.59
2403.31
3144.49
2898.56
2633.87
3089.89
3372.26
4381.67
2659.49
2448.45
3718.37
2444.26
2071.37
4845.83
2493.55
3232.83
2964.07
2530.55
3388.27
3683.83
3575.96
2640.1
2581
3052.78
2947.95
3133.34
3446.21
3017.44
2983.35
2645.73
3181.27
2351.06
2950.75
3557.78
4370.79
2303.4
2676.87
2585.11
3186.06
2946.32
2959.36
2305.82
4073.88
2690.6
2736.93
2676.39
3759.35
4317.69
3255.95
3581.83
2745.1
2192.39
4321.87
3056.66
2808.03
3389.35
2708.46
2376.03
3067.08
3063.78
2871.08
2984.92
4219.58
2991.18
2535.57
3109.24
4304.62
3676.44
3117.67
2312.81
2251.25
4035.41
2639.83
3691.56
3492.22
2571.78
5327.88
4058.1
2387.98
3399.8
2945.75
4235.21
3418.6
2994.19
3405.18
2943.89
3037.46
3805.3
3477.14
3865.71
2785.6
3421.39
3135.92
3430.63
3089.47
3437.51
3296.43
2334.68
3349.43
2859.59
2504.38
3484.8
2011.92
2330.46
4219.17
2665.53
3717.62
2429.06
2912.33
3032.36
3219.75
5190.77
2130.78
3085.13
3098.51
2790.97
3196.59
2895.05
2444.75
2944.07
3774.4
3025.64
2693.86
2777.55
2900.05
2613.91
4238.13
2779.27
2884.86
2624.97
3964.66
2986.86
3636.43
2382.2
2769.65
2957.62
2700.96
3559.27
2934.08
2916.25
3278.55
2366.11
3190.09
3540.57
1928.96
3159.22
2723.66
3593.51
2977.65
2757.38
3881.56
2403.6
3141.64
2927.26
3865.86
2770.97
3031.73
2787.79
3268.03
3007.82
3111.22
2841.09
2914.92
3503.79
2810.55
3728.22
3081.44
3851.79
3046.25
3174.99
3308.39
3024.74
2907.38
2331.58
4509.93
2898.71
3194.87
2736.24
2780.55
2537
2789.33
3741.04
3132
2596.24
5002.61
2786.17
2640.61
2544.41
2962.41
3547.59
3646.6
2513.92
2836.65
3191.93
2705.15
2369.92
3064.88
3847.25
3200.27
3213.45
2790.12
3042.17
3204.17
2403.43
2303.11
2344.74
2974.72
2256.4
3360.73
2439.44
3968.16
3205.77
3053.29
3850.03
3018.11
3407.52
2855.79
3370.27
2892.02
3305.46
2806.26
3072.27
3074.85
2218.95
2809.17
3050.83
2241.16
4133.45
2265.71
2456.67
4092.81
2655.67
3413.07
7340.9
3439.35
4053.26
3093.81
2436.39
2416.94
2764.17
2704.43
2109.01
2815.48
2875.24
3021.82
2877.71
2518.25
2878.62
2631.78
3358
3466.71
2779.3
3116.44
4368.64
3175.3
3860.89
3059.28
2719.02
2914.76
2281.95
3289.92
3169.1
2498.54
3439.52
2426.49
3085.23
5295.81
2524.41
2815
2716.06
3555.78
3687.07
3220.34
2746.13
2394.56
2297.23
2512.05
4521.35
2699.23
3370.55
3103.76
3093.25
3582.83
3276.12
3137.89
3278.5
3168.13
2517.92
3023.66
2679.46
5638.31
2408.73
2511.97
2831.36
2534.43
2587.13
4091.06
3261.8
2638.82
3494.58
2990.69
3495.15
2780.6
2502.77
2952.44
3147.47
2985.14
3194.95
2388.22
2933.75
2818.95
2762.56
3138.18
3338.33
2784.04
4130.16
2784.89
4589.5
3280.08
2684.21
3802.87
2887.3
2883.91
2686.7
3133.49
3394.87
3114.97
2401.85
3285.44
2243.58
2505.04
2763.01
2699.27
3204.74
2928.55
3778.11
2815.78
3591.66
2652.55
3368.28
3079.46
2976.39
2264.85
2848.69
3006.37
2484.62
4735.34
2678.87
3620.72
3053.6
3276.9
2796.42
3707.63
3151.7
3350.17
3182.9
3001.13
2968.81
3138.09
2857.74
2796.56
3612.75
2391.69
2550.97
2381.75
3055.69
2441.27
2090.67
2515.44
2740.14
2648.26
2424.09
3252.99
4138.77
3310.63
2522.86
2669.33
2930.3
2303.59
2643.71
2736.54
2775.57
2800.72
2531.5
2745.4
2549.23
3253.18
3236.29
2777.32
2380.28
2570.97
2742.63
3840.39
4464.53
3062.27
2816.78
3335.88
3325.63
2650.04
3148.77
2326.87
3194.28
3449.18
3917.04
3918.08
2846.86
3695
2457.92
3630.75
2146.16
2831.84
3311.55
3890.82
2428.4
2383.64
2457.42
3053.57
3078.91
3659.54
4149.42
4175.66
3747.91
2593.1
3109.73
2705.39
2798.96
3277.93
2493.85
3685.77
2519.08
4652.33
3362.34
3166.64
2786.73
2908.81
2691.97
3454.79
4138.6
3313.12
3009.01
3070.83
3115.39
2217.92
3236.06
3410.05
2949.34
3843.72
2257.04
3321.85
3381.63
3285.26
2370.12
2940.93
2884.99
2972.61
4288.61
3346.35
2978.97
2723.9
2775.4
3498.75
2936.88
2219.5
2737.71
3958.94
3287.6
2975.56
3217.28
2984.78
4508.39
2772.78
3328.23
4153.42
2727.85
2972.44
3616.09
4302.88
3708.15
3349.19
3193.09
2444.96
3492.84
3323.96
3920.04
2440.74
2232.16
2914.29
2663.24
3887.33
2490.04
3032.74
3262.94
2330.58
4307.87
2239.33
2373.07
3299.04
3384.52
2754.05
2957
2617.82
2501.35
4168.29
3478.58
3665.93
3111.88
2450.23
2998.94
3289.57
2954.63
2505.41
3035.58
2879.78
3531.18
2939.71
3506.17
3643.47
3168.74
3440.77
4233.62
2758.9
2699.86
2477.63
3010.63
2454.84
3562.53
4976.49
2448.27
2725.57
1996.75
2439.5
3419.18
3399.43
3577.94
4673.85
2772.15
2409.64
2546.53
2093.4
2553.37
3393.35
3749
2649.74
2317.99
3533.98
2999.14
2527.5
3533.14
3045.76
3882.11
2366.91
3324.83
3918.92
2737.56
2899.05
3063.11
3380.26
3048.85
3200.49
3500.73
2487.79
3104.07
3127.86
3774.73
3125.16
4198.86
2609.8
2227.01
2559.26
3439.52
2638.89
4355.25
2896.76
2857.86
2661.52
3289.06
4132.86
2667.75
4198.04
2959.81
3219.07
3497.02
2633.67
2960.78
3079.85
3074.79
4137.91
3058.9
3281.66
2767.97
2376.66
3831.88
2724.42
2575.69
3609.47
3659.45
3146.43
2391.38
3995.62
2802.58
3995.47
4587.02
3928.31
3661.02
2750.51
3531.59
2584.08
2738.89
3599.54
3193.54
2869.55
2633.88
2808.34
2560.65
2642.24
3200.63
3841.7
3743.58
3551.04
2691.44
4666.81
2581.43
2707.18
2378.65
2926.64
2485.89
2764.16
3704.43
2564.26
3087.39
2679.33
2677.54
3085.59
2827.99
2468.7
2637.09
2787.02
2189.19
3480.49
3089.49
3040.29
4666.86
3329.08
3500.26
3152.88
2332.01
2757.83
2442.69
3190.02
2631.03
3423.5
2874.54
3658.39
3036.35
3277.92
3064.67
2934.28
2804.31
2691.44
3183.54
2819.26
2798.89
2460.27
2862.14
3217.87
3155.3
2551.76
4214.18
3067.69
2470.06
3463.38
2824.93
2857.88
2254.25
3020.36
3365.81
3531.83
3635.1
2418.83
2926.57
4115.93
2618.72
2782.32
2869.36
3851.63
2827.9
2647.04
3766.46
3701.28
2840.01
3183.45
3112.99
2804.33
2108.44
3283.14
2255.32
2666.85
3225.35
2449.09
4281.94
2984.79
3166.35
3105.54
2933.05
3124.53
3655.6
3188.13
2674.56
3682.23
4576.9
1847.66
3152
2471.41
2601.39
2775.85
2732.41
2432.83
2805.26
3205.28
3261.98
3446.28
2797.19
2677.26
3989.34
3052.97
2777.43
4531.14
2874.67
2805.85
2983.46
2670.45
2758.54
2606.98
3472.4
2982.98
2618.94
2715.73
2936.36
3055.75
3604.81
2805.03
3311.97
3441.34
2990.88
2868.92
2596.98
2894.11
3110.95
3666.71
4252.68
2828.04
2776.02
2746.95
2504.72
2799.88
2807.97
2060.88
3848.51
3698.36
3056.05
3052.93
2484.11
2753.77
3212.66
3065.53
3343.35
2827.62
3906.04
3198.48
2883.3
3701.5
2862.45
3688.25
3712.81
3251.15
2570.08
3228.22
2694.32
2770.56
2409.36
3319.49
3438.67
2691.85
2267.14
2760.4
2930.99
2668.13
3149.88
2837.91
3321.27
3883.3
4790.77
4069.7
2797.1
2681.87
3134.89
3012.47
2838.83
2383.77
3356.89
3394.8
3242.78
2786.58
2957.5
2806.54
2539.9
3043.52
2998.07
3021.12
3163.65
3173.48
2991.63
3954.54
3132.12
2987.12
3260.82
2259.51
2818.63
2679.8
2922.01
2796.21
2521.62
2508.49
3315.89
2743.66
2873.58
2578.99
1995.28
3250.31
2704.71
2756.61
2626.33
2648.23
2790.39
2294.69
2990.5
2441.01
2722.81
2715.97
2538.41
3527.74
2981.29
3260.54
3295.77
2818.31
2519.48
2808.75
3141.2
3123.29
4836.37
3180.81
3735.86
4962.77
3077.55
3551.03
3096.36
5344.05
3823.22
2810.31
2775.96
2698.56
2115.7
2614.99
2514.59
6290.56
3143.71
2446.54
2483.59
2403.03
2491.14
3139.85
2507.38
4204.28
3047.67
2656.06
3208.13
2266.67
2500.61
2908.74
3489.34
3082.09
3336.81
2626.38
2568.46
3348.71
2935.58
3585.08
3142.76
4123.45
2107.26
2676.3
3036.45
3093.28
3799.33
2823.97
3096.32
3562.92
3302.21
2792.43
2372.16
2325.8
2835.26
2316.58
4198.4
2634.72
3012.48
2617.05
4023.99
3191.46
3227.11
3163.68
2784.73
3160.83
3856.12
3345.81
2852.41
3235.56
3583.01
2623.06
3382.25
3153.42
3287.35
2710.25
2781.4
2916.82
2435.17
2718.7
2427.4
3869.29
2722.74
3216.37
3909.01
3595.6
3203.28
3533.09
2930.73
3657.22
2835.45
2641.22
4065.4
2852.17
2791.32
2765.27
2787.74
2900.49
4183.94
2809.31
3924.38
2628.91
3321.68
2786.49
2873.12
2569.63
3693.57
3053.76
3007.22
4257.68
2974.52
2881.51
3856.03
2902.41
4106.29
2649.79
5048.45
4734.96
2544.22
3334.39
2650.29
3189.37
4389.59
2811.17
2634.86
5094.91
2856.06
3861.47
3001.7
2479.85
3379.38
2555.11
2171.46
2753.47
2965.75
3724.51
2747.79
2616.79
2942.68
3899.2
3667.76
2599.42
3121.05
3568.57
3239.12
2787.02
3360.79
2697.17
3186.77
3236.65
2554.91
3323.03
2807.22
3377.8
2378.78
2774.12
2329.07
2535.79
2665.61
3149.22
3385.4
2526.59
2842.82
3268.42
2773.55
3398.2
2813.78
2800.32
3285.63
2998.7
3807.06
3269.27
4375.16
2306.79
3348.27
3591.64
2469.64
2815.97
2689.85
4463.76
3001.18
2561.21
4627.06
3380.77
3791.06
2575.85
2759.53
2695.35
3257.92
2499.16
2803.57
2625.47
4035.2
2708.27
2451.66
