1001.35
885.477
956.734
847.517
701.002
932.742
829.784
837.186
813.132
785.984
779.313
866.895
736.662
1082.29
1074.98
707.71
987.197
747.717
1123.49
813.823
731.596
1040.45
876.954
1114.35
971.966
1008.79
849.123
900.768
935.686
908.914
747.391
844.563
760.794
1081.78
877.744
824.59
793.404
849.133
787.286
726.47
873.399
885.302
867.539
959.552
977.448
736.381
1069.99
1007.74
824.006
835.484
1001.22
1103.62
812.527
908.038
954.6
788.374
952.735
880.303
867.75
865.836
832.531
895.552
796.217
961.735
841.262
697.161
854.286
706.839
1024.8
821.641
866.238
772.661
1029.03
841.341
915.121
890.828
909.581
858.835
968.226
785.104
917.202
762.36
838.276
772.516
741.107
844.88
827.426
944.043
831.958
978.313
842.631
809.305
882.565
746.704
942.614
781.779
795.927
773.081
770.52
919.724
810.143
958.189
821.083
951.704
694.212
716.575
687.754
803.106
772.04
778.98
693.325
941.776
676.933
801.913
800.979
796.044
744.676
954.241
760.014
896.521
787.853
930.419
795.296
748.052
799.629
753.531
711.635
784.561
653.226
752.544
1008.72
919.115
892.286
781.764
866.065
898.263
1006.43
824.799
790.328
832.353
724.439
910.485
768.406
1233.9
793.046
762.44
712.177
779.785
950.307
1151.4
726.22
892.898
707.5
751.412
851.778
971.659
852.196
739.128
874.603
835.321
753.535
967.557
822.628
817.588
818.469
828.091
858.761
805.997
819.003
878.074
787.354
799.702
867.499
882.354
762.748
903.317
844.905
925.651
970.746
974.582
834.123
914.915
859.575
886.069
821.18
947.225
915.897
756.04
885.547
1054.6
847.179
1102.54
811.53
764.873
794.376
802.45
784.144
866.12
669.867
672.153
765.761
837.058
948.323
921.353
1090.42
880.635
919.069
767.32
891.016
752.022
820.458
837.211
787.147
807.659
999.088
842.845
885.782
896.985
790.523
964.035
810.624
908.905
917.933
1215.85
803.348
756.742
1269.94
742.721
744.107
794.946
995.736
1110.29
935.236
925.013
827.989
714.486
865.511
904.261
832.015
879.114
739.717
875.775
773.646
813.963
939.133
835.841
870.286
863.162
934.139
909.839
960.272
970.552
875.384
734.202
700.189
893.97
1099.7
730.526
875.241
842.22
894.356
895.909
1037.28
821.558
872.481
754.548
796.622
767.135
791.861
812.912
686.08
947.251
880.397
812.772
934.165
1018.51
755.798
678.245
866.868
735.012
845.301
758.245
987.006
855.231
893.837
696.671
947.409
1074.94
1016.44
1142.21
772.212
977.603
912.152
781.014
1006.48
1166.76
920.839
635.803
850.768
924.832
786.649
1065.98
815.387
755.311
942.265
773.301
1044.52
732.735
892.139
831.577
641.38
935.312
859.36
913.915
930.409
784.944
1008.84
770.962
754.085
772.29
732.691
1000.06
909.825
873.398
923.288
855.093
886.459
1041.04
1084.79
890.899
888.532
800.07
704.171
954.9
981.828
961.005
758.422
1155.98
782.629
674.233
806.561
850.907
863.298
1042.96
915.311
1062.52
732.571
1034.48
986.197
712.595
778.849
996.095
766.737
907.193
799.68
839.757
794.312
846.153
890.018
688.014
1152.62
886.135
949.69
754.489
725.78
792.117
719.668
711.722
687.166
876.367
847.665
869.747
1019.35
845.519
728.216
913.704
739.635
728.719
876.9
889.032
682.167
1042.79
943.445
935.029
955.627
813.319
740.27
964.081
861.686
774.469
792.515
942.466
778.74
910.226
1005.36
768.4
1133.14
747.808
976.486
752.693
968.482
775.066
904.251
810.387
746.546
838.519
966.911
850.944
685.203
927.711
759.043
853.427
967.377
634.595
796.094
681.546
882.111
950.51
1096
1116.57
776.703
876.051
814.264
938.399
770.18
864.479
740.744
1044.47
779.097
818.915
858.424
702.747
730.394
754.604
827.192
668.849
848.241
751.719
876.29
1076.03
785.354
731.646
953.398
922.209
783.235
753.109
883.947
808.794
941.864
1040.81
876.963
929.782
856.613
826.636
800.161
919.247
790.844
855.243
816.597
777.713
820.485
1085.59
716.825
746.366
1063.26
918.388
865.326
689.161
833.048
882.036
921.545
863.25
780.686
782.765
727.717
817.02
753.824
987.823
925.653
762.017
891.19
817.045
814.891
844.779
858.513
679.945
1010.96
744.828
885.241
838.271
968.553
954.111
846.065
841.259
726.988
863.914
665.714
677.326
860.521
797.308
775.481
749.606
747.818
806.58
824.485
823.545
741.305
821.643
1050.35
1004.73
1118.6
957.128
807.052
1042.81
779.405
970.553
956.06
786.274
1117.41
714.728
952.397
888.573
830.6
901.502
778.226
766.313
858.708
887.031
975.356
817.564
1001.29
967.509
771.763
902.679
908.796
772.838
863.657
805.226
869.85
771.295
1041.23
702.394
872.891
843.641
887.829
873.603
875.178
814.965
897.418
902.877
787.294
776.834
963.37
711.918
929.421
696.637
933.085
812.175
788.257
1051.17
1107.8
801.94
799.81
862.488
761.621
868.563
757.74
616.289
1197.4
649.242
785.362
777.399
864.36
818.567
731.537
749.661
786.735
956.031
795.641
733.679
835.475
886.11
978.597
957.06
954.564
818.774
874.62
943.045
747.916
737.746
773.551
783.886
902.646
717.016
857.383
786.747
651.205
922.851
793.197
902.646
1002.94
995.054
1047.65
841.067
1008.44
1021.56
767.699
910.671
960.652
1055.66
828.396
790.174
805.595
956.843
995.145
1026.56
891.151
837.898
796.516
688.294
810.335
870.443
979.392
769.645
1189.2
835.686
1051.09
1010.23
953.414
959.848
1136.21
773.287
984.779
875.175
914.552
802.058
919.155
698.635
908.043
692.09
823.544
764.17
810.101
787.066
792.345
939.473
1262.21
730.583
956.67
900.087
971.584
981.782
813.864
1060.07
842.326
908.254
738.979
830.159
867.535
713.25
802.648
756.588
855.526
851.991
968.565
761.317
907.889
797.287
1004.47
1027.62
800.324
820.241
725.61
857.023
799.748
1035.88
1196.61
724.914
846.927
893.29
799.7
925.539
1271.43
911.584
1034.11
749.44
740.355
782.17
697.378
1075.04
870.858
821.785
928.663
763.01
908.36
811.997
1038.82
920.098
932.255
1166.81
790.774
719.897
810.457
874.05
975.826
799.647
811.963
775.221
772.263
1097.58
920.907
755.701
745.285
949.192
818.285
868.202
723.421
623.926
797.097
848.434
802.274
944.134
849.465
688.821
832.433
829.024
769.194
848.173
829.527
989.553
850.194
934.075
897.038
1026.75
966.333
880.973
872.048
805.74
974.774
949.045
671.288
861.108
980.961
740.675
995.607
835.211
821.674
846.137
896.477
706.318
780.561
856.735
794.655
1040.48
869.741
807.875
855.395
739.68
703.376
708.595
990.927
1075.39
980.61
712.846
823.967
905.873
848.737
986.511
974.368
826.207
871.128
792.804
945.822
1023.85
723.294
878.707
910.188
1132.82
1088.45
699.61
975.811
825.134
917.293
841.956
871.292
794.101
964.535
891.267
690.761
655.327
694.886
912.471
686.595
842.432
775.093
839.719
807.834
817.972
970.144
796.866
866.042
1053.63
746.377
638.853
857.323
721.959
853.573
913.451
810.59
764.255
1017.49
875.887
695.486
756.674
801.869
1005.18
866.251
993.955
806.514
785.263
832.728
723.164
935.272
716.264
916.855
930.569
739.454
1301.99
769.223
1033.54
762.601
937.15
790.464
971.877
947.169
922.215
690.11
884.381
815.198
869.276
752.084
880.283
797.687
1050.74
801.717
931.994
1094.18
936.192
779.059
752.081
843.613
916.099
951.698
829.004
902.098
760.999
820.918
776.097
957.025
948.608
697.122
885.813
885.785
819.008
867.89
825.525
744.157
695.299
732.766
1028.48
677.398
946.312
969.07
915.558
1053.13
865.003
997.419
766.957
746.279
781.873
925.963
1056.09
785.743
1074.95
884.282
995.358
834.667
843.446
956.473
783.076
682.474
837.327
829.462
858.466
850.206
911.29
876.849
790.346
843.052
751.402
782.369
916.56
866.501
892.495
932.133
908.047
932.872
910.722
824.047
816.938
748.7
850.606
880.686
864.861
1006.4
723.37
778.06
896.972
996.377
699.104
812.935
767.867
826.193
979.512
733.13
740.833
940.426
912.405
811.911
952.239
904.948
770.642
942.303
766.908
753.518
784.58
889.318
950.136
1069.85
804.16
859.37
862.703
976.576
776.562
833.082
903.604
919.396
753.755
930.52
1121.4
934.08
947.594
879.78
880.12
1043.37
779.675
800.968
815.354
783.718
797.194
1047.32
1034.24
714.924
873.022
871.085
741.985
847.527
1044.01
695.257
723.422
732.184
835.939
901.05
810.896
921.538
1067.48
690.915
738.389
943.688
812.778
794.384
789.412
685.355
832.334
781.893
775.718
956.37
1149.08
971.602
1033.94
755.05
898.365
862.42
830.997
953.496
875.467
743.014
901.269
890.352
1031.23
890.095
891.552
865.382
718.649
804.939
840.203
959.054
844.71
813.149
758.524
1003.41
800.701
825.52
948.24
832.647
1108.72
809.466
850.779
890.1
729.944
1095.93
873.533
722.014
815.554
904.791
951.817
758.371
1076.9
1046.92
732.407
1186.76
618.656
905.363
862.691
814.251
1301.93
976.274
924.184
908.945
916.033
788.758
735.601
838.188
1032.53
826.921
803.637
1000.26
875.103
918.183
879.905
868.544
843.079
894.497
998.729
846.74
971.354
678.617
802.416
618.734
763.37
692.659
905.391
847.153
767.712
846.837
872.331
987.513
821.298
865.989
857.094
1264.36
995.664
683.473
805.688
1182.02
764.167
933.967
1058.08
906.34
728.785
849.11
773.363
895.243
1005.72
778.842
1012.31
827.638
787.64
932.139
870.657
817.333
940.93
931.659
1208.3
1039.08
915.954
865.42
854.907
906.994
838.068
755.528
794.809
858.879
830.414
822.86
1080.92
912.078
866.824
662.553
823.398
1000.75
857.139
844.59
830.015
904.603
787.19
867.962
912.749
944.879
899.53
770.842
832.145
928.926
742.168
797.872
799.809
1187.67
604.104
1007.92
946.746
765.94
878.851
804.219
919.623
755.51
833.742
925.076
762.822
827.53
884.849
930.791
959.271
756.772
835.275
861.308
780.264
862.732
724.996
874.281
779.809
936.033
929.596
965.87
946.098
793.197
667.822
867.09
751.267
820.804
712.345
852.696
1010.84
1075.36
802.459
809.128
961.953
905.247
671.089
791.235
760.422
727.96
955.805
864.398
945.391
780.403
967.359
757.316
797.026
849.251
914.068
723.299
866.362
914.259
948.866
835.806
835.788
746.459
877.341
731.379
829.545
763.864
1211.9
953.547
1051.74
686.251
747.819
834.004
695.105
852.532
1007.8
807.102
714.999
673.526
755.454
848.8
676.924
845.403
732.371
841.054
781.615
890.992
794.803
863.694
870.364
870.849
788.978
908.035
940.099
813.549
760.616
986.071
1056.86
678.515
789.072
845.856
663.626
920.284
870.667
741.895
780.066
704.288
839.164
828.198
863.605
827.306
785.661
724.526
968.922
960.682
655.857
837.832
884.224
836.041
939.323
845.551
854.09
892.708
997.257
953.34
807.277
820.579
1044.86
974.732
782.483
804.819
997.1
927.793
885.395
738.372
757.79
919.532
866.251
799.29
839.721
951.973
940.738
840.009
887.272
841.44
941.999
679.167
822.108
708.395
886.925
685.062
889.362
752.207
821.727
906.803
737.996
855.821
977.592
825.912
911.541
742.993
843.894
757.717
704.548
910.753
750.381
700.397
832.117
868.387
743.918
877.771
916.903
911.277
782.699
1085.11
963.754
738.762
922.826
850.663
895.35
905.846
1038.02
709.868
1020.81
932.417
704.075
757.35
795.365
819.271
690.712
822.737
914.391
832.915
743.721
780.403
991.816
1215.15
855.807
919.987
862.776
889.629
1031.48
851.397
783.624
868.815
945.585
921.002
898.751
800.174
837.641
723.937
911.002
906.284
990.525
701.756
772.507
812.608
779.197
834.785
771.81
838.706
791.061
810.739
988.806
824.48
760.634
1033.52
796.535
743.451
789.003
671.611
816.42
900.782
850.217
856.315
882.619
693.283
732.292
883.179
807.108
743.814
767.875
1011.06
979.27
752.589
888.827
828.096
896.06
809.348
816.478
814.454
890.847
856.344
737.795
850.361
975.705
807.497
875.395
717.277
856.142
928.053
946.426
615.759
780.727
836.627
869.847
885.137
883.952
779.325
708.806
961.419
727.72
813.793
774.493
941.888
867.848
720.125
933.819
908.875
934.53
852.979
918.346
809.466
797.367
1119.94
836.327
863.183
752.515
920.319
751.966
842.377
970.127
934.673
792.421
805.779
1026.05
826.331
892.127
750.265
668.868
691.002
867.86
874.226
824.303
821.118
978.404
863.676
884.036
1023.49
823.441
747.832
862.542
854.264
835.653
861.887
858.71
763.005
884.593
850.567
801.189
792.422
848.331
899.264
677.439
743.256
776.542
1003.24
883.575
948.804
922.584
767.422
736.311
873.386
1200.29
837.217
869.655
825.15
806.444
749.496
917.18
864.593
910.517
976.811
888.545
954.722
764.045
806.486
799.521
741.926
764.696
706.916
850.117
862.186
989.897
946.512
880.604
769.276
773.25
636.802
763.441
822.092
1140.7
1069.35
738.655
1059.49
765.545
812.199
766.683
1023.56
857.032
750.002
839.367
1146.99
883.449
716.82
977.622
767.791
1211.53
875.779
772.814
873.489
680.392
875.178
1095.92
885.803
852.446
838.414
777.922
823.103
787.404
937.559
874.351
801.76
797.523
842.069
847.79
928.829
1010.72
897.078
813.473
992.166
762.561
948.184
872.478
822.107
824.356
1042.54
799.927
812.247
776.725
729.483
769.569
1050.31
768.759
700.045
899.611
753.492
912.38
828.879
843.774
879.217
830.278
958.002
723.761
901.547
904.808
901.009
857.688
877.033
674.76
860.053
872.97
1009.77
1197.3
617.447
928.431
895.078
866.825
765.722
950.663
910.62
681.156
826.005
1052.17
822.914
940.178
1028.04
1059.74
978.593
793.616
1010.9
703.781
822.55
928.543
794.945
777.857
879.436
856.601
919.635
772.435
784.292
824.15
762.175
799.694
946.64
995.343
1086.24
1043.63
901.822
983.574
906.989
862.59
653.993
973.813
660.741
848.674
820.353
729.053
866.301
944.242
728.903
1028.79
745.265
847.572
826.254
766.61
784.804
781.981
987.951
945.404
876.29
769.399
847.79
997.232
852.704
852.957
810.108
944.537
911.998
733.881
722.146
791.54
774.102
811.889
763.881
791.57
754.112
946.282
826.831
1153.63
798.82
673.519
711.217
826.527
892.797
888.791
1084.09
934.72
827.304
816.317
957.267
933.187
990.892
858.198
753.602
843.507
1035.19
799.573
1019.7
968.378
1049.33
755.882
814.488
924.179
875.721
769.154
811.623
752.755
848.092
830.447
834.566
704.296
933.401
695.358
826.358
985.614
893.454
873.358
760.04
821.576
845.346
763.349
896.453
691.475
1219.83
984.664
960.746
826.662
773.387
866.382
843.962
782.414
908.138
849.41
912.571
728.51
1067.24
861.586
848.773
1055.41
788.511
832.497
939.751
870.218
862.942
915.541
776.825
747.576
750.457
744.452
995.038
982.604
734.764
811.526
885.453
857.218
884.283
988.415
884.386
977.886
818.728
915.272
985.416
892.765
1064.9
852.843
840.358
951.274
1069.6
860.264
940.471
720.52
686.985
754.152
1039.02
920.679
739.202
818.733
832.262
938.795
955.487
765.076
898.112
928.459
717.678
753.854
829.829
875.869
708.461
918.958
710.935
901.94
892.813
773.305
975.043
806.209
912.458
1068.13
814.524
734.443
838.808
952.307
1001.18
753.636
1021.42
783.14
745.329
788.622
849.848
850.268
783.637
1124.45
774.564
1013.86
931.616
857.765
884.158
780.679
749.206
1152.26
1163.53
815.427
846.532
885.49
815.697
900.286
734.074
994.039
1455.92
802.212
877.775
946.874
860.942
946.684
864.278
957.355
763.312
759.227
845.792
755.469
898.672
764.956
861.032
763.885
821.226
867.201
732.983
990.661
866.072
889.424
835.1
727.894
738.314
802.153
844.998
716.955
806.67
813.572
806.541
757.021
762.395
749.898
865.576
877.242
1047.8
985.247
689.532
796.456
786.667
768.92
848.732
876.235
700.631
836.773
877.323
721.028
713.284
846.281
862.389
708.976
986.058
988.66
779.624
996.596
870.901
778.318
896.634
816.237
922.75
805.027
816.36
953.143
785.925
698.487
722.159
832.278
784.653
1069.22
923.755
782.122
834.328
907.642
820.759
767.543
828.18
778.031
781.211
736.355
773.552
846.255
928.825
765.984
703.819
754.635
956.07
903.796
809.145
804.33
753.041
804.295
753.911
724.874
729.948
696.526
933.349
801.503
877.428
754.59
888.096
929.976
1003.39
966.896
856.438
948.747
889.306
674.455
732.237
862.082
917.844
1134.97
957.028
985.565
812.484
679.947
735.301
920.831
852.295
725.417
951.996
1208.79
756.061
786.309
798.845
697.521
810.222
921.076
755.01
944.563
692.053
761.764
736.096
745.123
728.45
949.758
810.214
717.086
773.504
715.748
1089.78
902.681
673.634
910.095
922.082
848.254
675.617
870.418
1076.83
888.835
730.393
917.607
858.622
937.122
762.873
898.589
751.031
803.548
1177.49
838.623
775.321
834.013
953.221
838.473
994.776
912.336
846.412
909.148
750.02
834.867
923.827
820.647
802.694
836.889
904.795
700.796
759.551
828.77
856.008
1056.08
806.621
979.797
960.605
706.8
780.828
738.902
776.836
786.107
1086.74
784.084
758.135
847.206
952.433
910.698
956.645
961.373
1025.01
942.955
731.662
856.469
802.285
743.697
690.238
755.843
916.155
882.848
799.368
1000.93
748.369
802.721
994.215
833.019
751.744
758.433
954.128
1066.41
921.114
861.766
974.665
828.453
915.527
718.055
753.592
824.636
805.986
975.911
1069.26
822.711
821.213
834.551
811.194
790.768
874.796
866.664
905.411
807.441
1086.92
805.67
734.067
953.951
829.412
819.758
880.515
698.723
746.652
871.513
823.388
757.505
992.341
1094.97
728.042
945.841
813.629
689.613
927.945
865.361
795.614
812.395
880.348
831.339
738.973
876.321
864.276
784.078
1034.81
936.491
960.887
837.015
872.452
819.436
827.996
828.048
842.35
861.565
1024.01
983.045
724.382
1061.96
812.674
843.824
879.713
861.328
838.938
1037.26
996.291
724.368
965.523
870.998
852.67
760.457
882.907
863.201
936.429
842.091
932.773
882.333
916.019
709.818
926.362
751.626
862.016
741.651
806.786
1036.66
767.61
747.567
718.694
744.203
970.125
834.478
996.915
942.481
774.056
811.695
887.241
768.076
945.37
1014.99
708.281
732.363
829.847
969.63
939.478
741.469
836.112
674.999
901.203
983.722
865.183
710.989
978.762
959.552
790.21
715.381
747.873
860.358
805.33
768.134
769.225
866.363
938.377
770.009
814.203
830.012
790.248
889.443
737.938
1077.22
999.353
803.843
976.85
794.763
773.549
766.582
806.017
844.459
829.787
811.117
1269.65
839.085
833.763
1029.52
787.23
1183.2
881.715
801.739
733.119
881.003
768.505
715.195
1056.51
897.536
737.183
946.379
1066.45
878.99
889.941
823.286
784.328
954.126
814.738
787.197
858.022
847.789
886.596
793.409
811.835
896.006
796.31
925.447
614.778
1005.34
1000.84
864.506
933.578
687.538
959.08
838.768
947.527
821.884
939.963
796.038
944.681
863.968
807.04
849
892.512
898.358
1134.56
950.795
906.659
778.045
853.74
702.494
837.828
979.497
993.83
746.894
842.001
699.981
654.015
691.462
797.241
839.381
822.701
1004.81
1195.06
674.192
820.917
899.678
838.014
867.256
975.588
829.304
987.81
794.343
862.617
806.76
794.526
837.808
1074.29
811.986
733.014
949.736
1077.19
972.633
958.778
908.676
825.406
814.438
1037.21
747.402
836.111
756.833
921.406
804.623
1069.07
784.285
838.163
971.737
797.799
744.012
892.048
997.658
756.204
879.849
812.861
734.674
810.612
876.837
895.759
872.268
893.43
848.037
802.412
790.921
836.952
914.357
764.234
836.727
998.442
842.754
817.452
868.235
922.545
942.11
1018.82
1038.89
780.918
990.416
898.514
962.525
1026.94
1097.78
934.997
936.682
791.491
923.591
1009.97
851.581
864.425
912.488
817.874
717.723
893.406
859.943
862.871
731.062
760.317
804.491
795.21
870.074
772.086
784.008
863.527
798.512
900.191
819.689
954.909
848.119
927.227
1023.94
896.475
996.348
864.222
1162.02
817.536
814.56
875.021
891.116
957.157
822.743
759.289
800.59
896.426
1001.41
1002.29
1034.2
858.901
843.652
805.519
978.843
940.397
728.549
783.365
803.906
837.798
888.757
823.927
954.948
948.269
904.423
932.165
947.193
886.724
787.846
701.919
851.939
829.384
873.413
844.522
1044.56
913.956
739.717
816.022
991.28
866.639
857.944
872.905
807.424
924.932
756.058
773.521
838.129
802.102
939.861
1079.2
899.596
731.099
912.258
811.784
890.46
915.889
924.701
658.599
688.602
760.538
1103.97
901.676
853.587
1117.99
872.87
915.457
857.259
737.183
760.191
818.149
933.684
982.409
714.489
764.037
874.728
779.362
816.878
864.788
790.815
840.291
904.898
915.221
765.022
897.764
1044.64
1054.55
932.781
720.103
758.852
737.791
891.235
791.984
930.853
782.413
812.335
804.921
746.778
884.333
637.682
837.307
907.488
971.064
739.101
700.282
1011.37
727.96
785.789
801.864
1011.72
782.557
834.045
810.292
885.903
929.035
946.04
830.27
673.771
834.068
867.462
846.16
751.529
1037.93
997.73
836.73
1165.88
830.543
801.867
1010.67
927.047
629.783
795.449
918.736
1012.15
854.338
706.833
989.699
997.083
1267.07
760.929
991.766
1048.76
1073.51
794.414
890.044
977.494
927.947
816.258
856.221
976.542
864.319
746.179
881.041
755.338
881.826
846.574
978.879
960.036
1041.4
917.81
924.171
894.95
861.549
744.294
798.457
887.8
1070.58
852.284
813.256
710.94
827.666
843.695
628.687
935.462
989.093
787.359
809.938
770.083
864.987
921.312
798.791
671.075
894.518
916.162
891.443
1210.68
882.992
815.752
863.632
880.216
925.409
801.603
749.541
766.583
960.95
948.96
920.218
778.188
867.944
869.3
729.55
1177.3
919.295
749.674
872.044
777.889
855.728
644.89
923.011
875.677
690.298
755.003
806.905
853.05
808.214
853.949
1061.25
914.961
818.013
903.377
960.448
820.061
751.956
1026.68
1007.84
800.657
989.27
899.304
760.041
823.146
823.376
934.714
943.808
914.3
820.142
825.533
719.739
827.99
903
756.015
862.257
1012.09
704.96
939.338
811.712
802.178
870.872
785.155
751.609
783.625
732.805
925.804
850.613
915.632
805.795
917.593
1024.52
962.391
941.469
829.981
875.379
889.809
854.739
849.899
914.528
792.019
720.264
857.743
862.482
975.621
1077.04
893.169
831.334
890.448
740.803
898.067
859.473
854.927
1031.93
801.049
908.037
757.073
1029.67
908.416
750.2
612.538
789.603
922.536
797.483
1091.45
866.152
971.084
940.219
862.898
813.34
1107.31
1074.55
766.374
1012.9
882.47
1034.16
894.784
858.244
1012.68
844.896
770.844
827.573
849.029
1021.64
916.346
949.69
1169.72
706.401
767.005
869.605
797.68
892.299
896.51
806.911
835.526
1012.92
849.79
780.733
865.041
1018.98
966.048
713.185
811.149
996.368
871.137
786.744
763.21
820.494
939.53
807.779
846.031
690.338
852.662
780.949
736.186
911.425
760.509
802.043
687.01
886.641
923.613
999.236
802.85
666.994
748.716
774.556
832.978
843.858
855.914
1051.55
762.694
897.925
989.998
968.949
1189.85
782.031
791.407
1123.43
898.847
908.594
1035.94
856.538
841.235
756.819
986.033
817.833
793.175
808.678
821.22
783.911
965.325
970.179
742.38
887.214
945.369
1011.89
789.385
844.966
757.549
1077.86
777.644
979.128
1103.62
870.323
858.539
981.936
958.099
892.851
716.898
945.714
846.903
811.336
627.249
870.263
975.205
710.905
734.813
799.489
792.152
789.57
858.807
744.315
824.253
742.457
818.731
849.265
1046.43
846.824
696.239
817.022
861.896
888.714
956.521
884.534
691.26
1029.49
789.263
957.218
820.274
800.537
647.455
812.582
760.309
1030.39
817.195
827.524
821.154
861.648
917.097
977.55
820.794
845.589
791.708
849.178
803.852
805.899
927.961
1166.74
891.5
797.704
855.589
813.445
920.708
896.927
942.848
759.708
774.76
775.828
1010.63
908.682
986.187
717.764
844.998
892.3
912.359
1007.63
914.715
1082.35
766.11
753.818
819.193
742.558
833.825
874.564
1034.72
886.358
986.1
735.191
814.941
746.077
954.4
809.438
885.8
806.778
986.853
900.688
981.914
802.97
863.417
869.026
906.948
853.555
1499.24
879.347
885.231
835.37
782.967
662.362
820.134
795.339
932.329
781.917
1030.04
807.647
994.389
846.287
785.742
1120.04
696.051
726.967
790.71
786.433
886.754
807.296
727.152
862.586
752.196
795.762
907.548
650.763
776.587
800.051
772.235
656.358
779.176
932.034
744.857
766.289
989.53
821.489
782.07
866.344
968.653
813.6
717.261
941.575
795.219
996.078
988.385
877.801
851.188
908.438
893.512
961.652
836.275
730.733
828.238
835.991
753.73
890.719
853.302
1014.19
845.412
971.725
705.495
884.99
963.251
704.266
800.571
799.024
638.409
728.349
801.401
794.258
767.224
844.804
832.741
739.644
845.343
899.789
859.191
849.389
836.173
805.162
893.115
976.124
991.96
828.222
897.071
796.289
1247.11
1001.73
778.436
991.939
904.173
918.089
949.39
962.071
873.043
884.408
669.218
920.287
900.911
1032.14
782.357
958.044
891.328
812.161
837.689
813.017
799.974
865.14
710.689
775.907
818.647
719.161
837.252
856.964
940.864
833.183
744.946
1051.07
709.204
724.154
827.014
1045.34
755.056
839.501
681.927
836.323
1264.33
874.683
946.49
843.49
781.403
946.641
1019.49
906.426
734.104
903.447
979.56
750.316
885.104
854.648
752.137
724.069
785.186
768.306
935.089
710.467
747.23
771.249
848.1
757.439
802.219
884.111
785.404
888.216
1058.14
780.56
736.593
902.122
879.079
881.076
868.373
800.582
753.633
937.638
816.45
997.46
817.076
789.797
764.659
662.194
808.165
862.874
706.069
727.088
976.205
929.691
698.776
813.661
771.338
850.876
862.319
868.703
851.941
917.65
823.884
786.327
775.078
694.4
1173.08
759.213
799.739
938.417
919.265
814.718
767.291
718.221
891.864
801.907
722.231
867.766
702.125
800.297
892.419
864.447
951.685
809.675
718.809
874.352
786.592
747.787
710.919
755.91
959.811
1151.14
885.53
850.75
777.276
1380.7
833.887
1026.39
755.278
861.831
858.758
886.612
872.488
1045.88
951.544
725.66
832.442
864.141
839.393
832.507
755.659
765.174
871.882
967.936
854.603
1195.95
1141.69
766.902
913.37
749.69
898.439
836.957
828.432
744.576
960.639
1006.46
822.481
781.766
810.803
1040.09
942.414
901.807
932.788
955.583
1434.92
873.404
757.816
749.307
946.625
876.186
786.451
778.356
971.648
725.356
862.851
949.962
1042.48
750.598
889.02
736.091
783.004
888.33
735.707
816.794
807.782
1009.44
857.641
775.638
786.278
1167.53
741.902
851.666
837.076
894.629
910.672
691.47
730.038
859.305
832.198
1050.22
835.115
772.531
858.494
701.603
801.437
905.571
723.17
805.961
851.65
986.998
819.475
855.025
923.918
763.642
831.65
673.764
770.3
724.214
886.594
855.399
963.407
936.571
948.035
837.87
836.162
801.363
857.256
850.447
603.929
855.723
719.581
1012.46
843.422
783.751
938.277
846.306
927.041
1005.88
793.944
833.555
868.131
690.19
999.532
931.047
937.997
994.401
902.941
813.619
728.495
708.972
830.677
811.367
916.655
752.176
860.925
782.535
951.428
933.371
810.922
854.279
742.964
866.6
955.646
656.156
767.971
986.867
745.113
809.581
948.463
919.686
1020.04
900.368
914.251
884.905
797.11
914.097
875.549
693.443
925.019
843.215
856.526
882.305
864.886
870.317
1008.42
945.263
834.423
676.517
770.559
844.823
813.902
822.881
872.578
1001.46
954.975
897.791
829.189
872.687
821.435
860.263
821.43
775.218
698.221
798.587
885.061
887.854
742.752
851.907
935.07
983.454
914.378
862.776
1040.41
856.933
788.302
935.303
799.951
918.753
1001.9
998.295
996.289
812.126
991.738
824.457
795.208
898.84
817.724
843.597
622.319
692.652
864.747
833.788
799.552
753.709
792.815
905.487
740.216
976.809
831.606
858.311
876.05
813.257
981.627
742.689
830.635
854.389
923.818
888.049
814.985
743.656
1099.34
795.983
829.994
979.392
904.747
898.842
928.035
736.808
878.793
786.517
846.587
893.84
817.263
812.457
887.517
1069.44
785.06
898.119
993.453
804.813
824.552
958.116
850.434
786.254
791.98
882.186
711.881
897.401
784.549
965.419
806.539
889.697
804.333
925.834
796.091
812.502
790.21
769.866
862.139
812.569
854.859
1018.01
782.657
877.357
870.545
739.42
817.377
963.057
827.517
842.91
761.613
834.388
777.531
793.033
1028.54
905.849
964.484
820.2
820.164
813.642
910.149
763.053
709.616
865.288
902.906
800.778
947.827
882.746
770.03
895.163
774.153
731.84
926.174
1061.58
815.683
775.236
963.922
710.935
891.306
768.631
893.872
736.958
737.5
827.348
1007.61
853.388
803.526
878.899
851.101
884.543
836.664
843.826
1022.87
968.08
724.023
804.84
973.908
880.721
960.729
895.379
737.069
853.361
778.748
827.887
955.016
822.076
930.954
1079.01
823.713
775.881
810.133
1265.58
714.574
735.561
948.896
1118.25
854.066
819.196
813.373
989.286
792.195
875.176
769.956
738.928
816.065
1020.15
732.514
707.121
785.345
815.017
823.997
759.41
864.284
903.251
715.536
1073.56
877.86
735.23
977.983
911.788
984.171
819.474
817.332
800.107
704.302
809.695
802.546
717.323
859.766
871.587
827.188
931.923
922.761
683.24
863.595
917.666
818.409
802.671
878.337
868.18
965.342
854.181
758.54
753.339
977.152
777.641
1154.84
847.189
739.099
652.704
903.219
942.906
854.249
961.372
944.03
811.323
865.09
1092.71
771.492
854.183
804.859
859.206
720.684
914.342
933.917
869.463
991.853
970.998
682.818
752.277
878.581
832.479
852.903
930.645
758.417
878.78
718.781
824.247
837.918
970.904
1010.78
761.243
920.735
877.59
718.657
971.439
922.468
1055.25
740.91
789.074
873.579
811.901
909.321
937.049
813.854
738.377
736.652
866.779
944.76
973.818
705.649
833.872
900.913
1016.56
885.187
703.705
737.058
1043.2
794.086
929.744
940.874
820.477
925.727
883.92
995.515
850.45
841.008
965.065
925.739
754.187
837.917
1009.04
1019.37
825.776
888.721
748.653
830.243
796.161
1064.31
729.684
884.502
763.837
754.581
788.6
890.733
692.171
816.146
806.93
982.818
976.313
749.739
864.457
771.158
782.142
758.965
917.755
876.794
932.592
1033.71
736.222
943.184
1031.32
946.688
893.812
895.668
912.644
1017.56
870.632
955.894
1024.92
839.31
892.305
860.578
880.073
641.894
954.48
726.185
786.096
775.085
1063.16
929.451
926.607
979.684
899.28
756.83
759.942
691.478
976.91
884.62
1060.1
808.893
953.122
872.297
838.557
875.294
849.814
790.613
916.113
876.907
813.712
812.532
865.312
798.183
748.747
865.189
1300.89
823.783
948.55
897.745
957.326
939.804
804.856
860.569
933.202
874.499
830.139
736.713
737.402
913.766
892.323
719.735
781.921
883.593
890.241
891.607
849.292
852.934
800.04
862.448
723.88
976.206
913.975
752.542
1000.75
807.486
855.301
760.065
794.498
891.395
855.467
669.807
937.456
798.423
765.939
732.419
867.903
954.07
779.583
853.423
930.338
824.078
756.968
900.37
952.536
748.904
1064.98
817.535
883.801
952.115
1202.08
945.649
903.091
801.273
776.883
717.626
738.702
811.899
759.53
757.657
1030.21
782.492
917.159
981.083
772.696
765.336
868.628
837.237
771.032
827.773
876.902
996.058
1002.94
822.371
694.142
901.311
903.57
883.679
865.509
895.045
1085.18
673.223
956.451
794.639
820.729
749.772
988.925
813.777
937.374
781.492
721.678
896.348
1086.62
731.671
823.203
889.559
1122.06
825.019
759.868
812.286
710.514
826.452
760.523
1159.59
1129.16
879.983
1008.39
841.559
833.616
961.953
747.539
883.348
909.823
864.507
848.639
821.585
790.853
1063.19
791.724
840.845
1002.28
728.06
1129.66
800.927
811.758
791.111
771.518
1103.64
903.577
799.066
840.533
761.647
1078.5
812.621
864.481
814.334
756.165
805.788
1042.1
921.779
813.416
1074.56
834.181
758.372
963.672
824.696
962.642
936.615
860.911
746.705
815.369
669.619
808.772
789.907
833.551
897.802
572.594
846.913
820.05
791.007
1033.03
901.272
835.633
766.942
789.234
714.274
1036.49
733.628
752.616
762.019
1015.71
1057.13
748.853
989.104
944.612
831.992
893.087
836.457
990.284
841.113
991.113
841.844
823.8
957.399
671.406
841.916
969.457
810.887
772.675
812.63
771.354
888.158
886.253
944.5
892.506
809.096
886.156
1045.98
741.685
843.46
908.848
888.846
993.468
815.241
863.843
746.203
660.263
748.284
968.387
819.239
973.446
853.947
770.063
908.531
827.476
657.329
843.519
787.513
793.741
761.831
1039.89
792.605
801.536
812.419
807.434
967.259
837.224
953.624
683.729
887.4
907.867
905.548
826.344
894.949
776.709
767.793
717.307
947.733
871.513
941.516
893.881
799.22
1048.14
981.925
1013.11
905.311
747.294
925.86
853.655
803.702
994.273
879.318
767.972
1011.67
975.442
804.628
856.975
972.427
903.646
739.615
736.213
842.21
1150.6
679.815
617.942
860.652
935.63
794.145
870.781
935.833
828.853
812.927
743.808
1034.99
850.954
932.278
967.418
1147.03
629.246
839.314
898.865
961.402
857.178
805.488
866.006
921.671
910.416
864.278
869.792
894.711
921.521
754.666
817.318
844.818
851.226
672.882
899.003
1020.67
1002.81
721.548
894.14
1000.2
734.144
916.359
741.854
811.905
853.474
819.583
862.024
733.997
848.417
886.745
944.893
851.608
732.711
788.466
1096.15
756.166
782.267
847.302
734.446
773.79
759.605
837.813
1041.32
733.932
807.862
779.791
837.995
782.193
841.723
946.047
804.558
928.081
883.886
829.655
742.529
831.107
797.005
693.629
995.485
818.028
837.84
1109.17
1093.18
951.49
666.921
640.976
911.513
870.262
1047.19
846.985
806.481
916.347
815.96
1184.25
959.786
874.397
1099.62
731.603
902.544
1071.91
897.292
826.541
853.314
920.226
695.058
845.361
877.436
892.255
822.772
834.435
976.324
808.396
874.796
874.921
1083.94
860.764
936.292
990.143
701.654
762.523
1166.26
837.848
861.721
810.017
850.138
830.038
841.472
786.27
932.65
827.855
761.178
768.74
811.666
1076.48
774.192
665.875
844.909
958.04
1015.75
825.801
942.191
793.587
768.167
839.109
814.268
837.5
806.509
845.631
946.144
864.981
1162.16
799.087
872.106
968.964
761.725
835.717
774.89
895.007
900.719
892.493
862.678
885.128
868.393
942.815
767.366
1167.58
1010.16
890.369
1065.37
754.635
833.396
833.739
776.787
814.141
693.29
957.083
867.928
635.154
867.331
913.005
984.958
805.289
1032.2
764.667
810.152
797.385
761.976
765.279
745.95
818.677
891.695
911.773
727.528
905.006
738.036
901.321
750.622
949.947
982.109
936.09
888.984
949.699
872.216
972.264
1049.79
892.058
847.618
770.564
825.561
1004.94
756.233
894.924
862.528
776.501
979.637
703.349
981.157
935.021
836.382
1073.27
757.039
778.511
907.667
860.083
855.13
718.334
827.802
1177.63
804.73
905.432
1006.95
970.417
921.535
1108.79
911.899
982.047
707.588
925.856
832.554
906.812
815.055
906.751
753.114
887.652
1001.32
946.374
882.827
788.161
816.813
995.628
859.241
849.324
809.11
862.982
821.813
857.426
946.02
865.388
839.82
990.307
964.612
757.751
1020.89
917.028
778.122
831.081
792.571
975.736
786.94
1022.6
773.338
717.185
896.91
879.524
780.956
863.648
803.471
875.304
1031.86
687.096
759.262
855.174
977.939
770.847
821.725
785.053
865.094
764.836
803.376
892.325
1012.74
805.195
970.596
804.985
803
746.211
881.677
839.592
728.628
817.264
669.37
700.365
887.987
905.516
799.726
763.587
952.543
886.728
832.588
836.406
759.182
848.697
819.624
934.12
773.16
737.884
825.058
1088.16
768.572
851.123
908.31
823.704
746.865
1008.27
934.144
824.077
691.175
1104.17
994.523
872.495
777.261
801.587
1102.61
793.262
956.253
864.948
803.172
761.56
882.142
947.916
878.159
949.815
854.176
769.682
785.69
984.081
832.65
831.687
669.884
881.09
1049.78
864.484
730.605
855.847
766.652
797.741
785.675
818.172
812.227
629.734
1093.11
659.773
760.003
770.469
771.67
764.127
878.531
928.986
794.097
765.589
1005.39
875.946
718.525
848.205
872.429
1126.4
925.282
838.874
850.458
801.041
875.154
1093.76
891.234
782.11
888.055
1104.84
858.442
780.372
1059.8
906.53
794.568
966.391
874.731
906.146
845.652
683.535
854.783
759.987
822.289
729.953
829.938
820.187
946.458
787.104
787.765
1011.87
737.565
957.93
884.013
856.584
905.016
780.115
841.221
813.708
1028.54
823.254
899.18
833.069
824.352
1083.1
1135.81
1009.67
798.663
995.24
862.276
874.384
905.198
664.779
919.138
784.278
813.874
943.993
781.55
907.564
804.823
760.007
847.838
756.699
857.017
914.141
914.658
852.758
717.16
1057.71
807.831
786.669
713.401
750.232
849.567
873.334
821.691
862.815
726.238
901.59
744.814
866.751
835.356
720.025
1055.85
964.318
917.421
841.348
972.548
880.855
1060.42
785.642
856.263
845.748
976.415
743.831
852.395
835.85
884.09
829.51
914.074
930.387
797.221
1034.82
902.328
962.118
943.725
1034.64
865.592
890.021
987.603
741.888
994.335
842.047
731.845
822.974
1095.42
772.823
833.348
1060.94
983.565
896.646
798.948
957.848
759.933
823.477
854.056
847.884
797.615
701.059
1059.55
1025.72
856.204
827.667
721.32
874.443
909.108
831.026
840.926
789.293
932.173
808.591
818.323
862.508
918.774
760.851
1051
837.366
894.524
768.656
759.387
737.762
773.352
850.664
879.014
945.272
750.464
700.114
1350.73
867.873
843.894
856.092
839.026
901.855
876.156
809.273
746.469
784.588
850.869
885.965
848.714
892.968
1033.36
852.373
762.373
743.381
822.269
845.289
873.496
732.683
982.49
839.794
885.978
806.464
834.218
811.302
939.798
901.351
826.717
763.992
931.319
769.548
831.382
899.723
758.996
803.71
744.905
767.929
701.638
790.012
816.121
767.409
1060.9
869.231
962.205
824.187
851.103
794.752
1041.88
768.199
884.784
976.287
754.6
927.78
893.057
773.579
853.482
912.931
791.491
968.832
673.469
908.367
865.288
905.543
755.124
844.232
855.82
850.46
744.61
755.936
976.928
871.587
802.88
1175.77
809.494
885.387
785.695
1101.37
936.873
926.918
689.399
838.135
739.193
859.17
896.402
760.876
984.762
848.814
879.924
1096.58
635.803
762.837
807.093
955.291
981.731
691.705
1098.13
801.255
740.382
879.063
745.336
1030.27
816.713
843.624
820.704
741.78
842.068
850.641
945.138
823.226
989.277
847.952
965.586
879.89
875.248
893.402
813.696
923.486
819.44
735.192
904.726
736.87
755.64
840.809
1078.38
788.471
1005.97
907.46
1020.72
804.207
887.126
851.543
899.503
842.125
740.65
771.643
1008.53
749.807
932.979
813.005
959.199
776.582
786.212
839.289
714.018
811.054
782.966
823.023
943.017
914.404
866.397
744.486
883.868
1047.5
742.852
835.612
887.18
819.69
868.168
784.686
929.41
966.814
857.72
870.69
811.083
912.172
888.029
713.99
871.2
757.414
977.693
1116.05
802.399
950.033
774.486
825.657
873.547
778.862
830.114
1058.51
820.309
734.642
924.482
883.559
931.717
874.028
798.922
740.498
850.396
726.399
787.905
747.651
1006.02
854.536
803.119
979.458
932.816
764.411
824.84
877.603
885.22
747.912
853.857
743.678
898.133
921.078
773.054
938.966
1012.81
880.75
891.676
751.854
910.29
931.49
650.319
814.717
927.832
768.19
877.457
1057.68
1054.93
1076.15
850.768
952.113
860.634
913.021
679.194
851.756
726.026
971.291
963.323
812.024
815.562
808.943
847.28
866.784
883.103
858.015
741.69
734.173
996.164
1182.04
848.122
802.312
731.738
756.817
969.565
817.877
930.467
849.083
887.907
1249.08
853.34
790.519
1007.11
808.304
960.235
1052.47
789.785
1009.15
901.013
1014.65
786.769
689.473
914.946
1090.38
926.117
854.456
762.099
890.931
787.716
902.673
1121.59
873.626
968.673
806.962
883.962
977.73
744.528
838.057
800.751
909.995
973.947
844.384
864.521
976.15
866.035
713.893
943.515
773.62
990.913
807.31
841.034
747.381
789.878
687.257
873.778
1043.47
761.06
694.901
1030.14
845.966
943.33
1096.45
911.269
712.663
726.517
813.766
949.212
902.602
693.597
756.973
873.817
759.543
852.759
735.773
947.811
902.82
1012.79
830.561
884.868
883.123
974.137
715.931
812.142
740.821
986.093
870.372
995.391
872.5
937.121
821.065
868.521
926.568
845.377
843.483
848.583
913.497
987.913
890.733
854.519
877.596
927.534
738.935
841.851
957.087
723.606
714.187
910.239
943.161
939.92
754.672
953.808
802.1
793.287
929.783
921.01
635.054
826.104
713.387
789.924
1013.83
617.645
829.269
1194.15
887.524
878.573
799.716
779.95
904.146
933.441
889.959
752.708
866.423
794.11
780.675
679.141
1174.38
846.759
978.832
926.804
850.156
796.238
795.064
897.011
987.474
979.937
777.352
802.878
838.017
878.828
785.427
742.27
789.099
661.766
1024.2
809.976
1061.19
945.44
781.193
921.112
760.978
908.395
813.188
889.21
806.049
692.2
891.944
730.933
854.521
958.327
1047.04
946.209
747.715
869.695
925.305
835.655
813.991
870.984
931.984
897.534
801.562
851.01
676.099
866.396
772.451
971.377
820.862
740.39
918.656
848.482
852.959
823.253
925.477
919.84
692.391
935.364
806.065
608.674
900.458
890.925
794.119
865.345
854.469
825.038
679.645
793.024
916.454
1019.85
985.24
899.828
673.419
825.381
677.439
908.845
818.779
742.41
869.931
726.522
794.226
884.36
837.039
897.311
882.094
925.503
792.526
839
811.79
889.322
915.957
842.215
735.941
1025.71
704.292
857.664
994.586
1051.33
935.696
854.69
837.072
785.794
835.62
844.799
821.536
814.782
949.683
834.376
838.398
774.827
720.391
812.63
824.171
740.918
878.799
771.537
904.265
862.434
1025.8
1044.23
901.35
932.814
914.71
737.457
739.453
998.356
1062.38
898.615
865.637
896.999
872.87
909.091
903.637
754.613
821.879
759.716
897.808
802.998
711.802
723.571
1027.9
776.579
754.492
831.989
970.005
1086.42
954.662
852.379
769.627
940.13
798.499
959.482
835.309
813.673
904.492
772.718
825.406
831.923
968.643
789.806
990.321
787.931
1011.58
994.27
711.113
748.223
904.697
894.541
870.068
703.021
810.775
764.954
904.644
771.309
809.236
876.511
850.597
912.271
816.994
882.999
994.036
893.858
1020.94
965.24
754.475
728.124
713.513
934.945
962.062
917.9
755.432
714.413
904.203
689.295
912.868
763.628
771.769
1345.33
871.343
777.788
776.885
914.881
703.197
996.301
771.026
859.429
828.849
1066.36
1017.5
849.987
769.807
896.047
798.483
907.408
892.307
812.155
788.716
874.154
912.608
875.65
1038.61
787.263
698.066
675.233
813.74
1020.03
822.45
839.928
848.897
934.719
740.592
697.318
728.53
775.873
872.951
724.226
1093.46
962.447
892.375
801.832
783.265
779.363
968.514
839.607
850.234
798.921
771.421
765.439
878.449
729.491
996.305
759.854
728.952
888.509
833.947
762.501
838.023
686.249
977.364
780.475
919.366
805.076
718.036
938.165
994.32
1117.82
892.302
987.988
841.583
796.514
822.792
897.025
1057.41
931.538
899.548
796.448
710.682
1036.2
804.247
967.505
848.888
836.847
812.713
975.22
878.444
927.434
753.144
743.634
999.209
880.261
924.577
849.387
772.939
884.344
862.368
1111.12
861.928
997.985
838.005
808.759
892.353
849.982
822.259
764.248
961.737
781.457
1088.42
775.635
817.258
965.02
898.973
791.151
735.282
756.029
888.409
810.541
777.384
853.293
869.94
763.841
882.111
991.181
956.521
864.196
638.399
922.804
948.939
849.116
827.951
1078.2
703.126
880.955
791.377
830.524
808.992
983.102
871.85
915.845
723.447
1084.35
789.468
852.079
896.084
859.322
841.137
1024.14
758.094
775.953
806.011
971.184
824.8
831.273
1004.15
923.857
809.06
1093.21
774.237
956.412
1047.13
801.426
948.656
876.056
912.648
785.607
812.475
1069.18
714.532
822.649
663.357
825.262
960.292
919.803
976.383
853.285
944.323
745.908
844.785
871.742
917.963
777.648
805.71
890.606
865.307
1058.51
862.222
954.811
771.938
619.52
812.784
833.152
854.995
882.761
882.697
718.774
814.741
764.857
783.121
947.867
1010.58
800.489
789.713
941.971
1023.84
743.525
940.164
748.89
935.61
767.558
868.752
697.886
721.973
663.006
858.004
964.513
723.093
827.084
827.542
1014.53
876.69
967.447
667.82
994.131
825.46
777.541
888.069
846.616
812
823.299
960.001
916.204
1095.09
984.931
895.355
752.74
633.791
825.469
815.171
987.506
845.929
819.582
723.366
877.951
735.287
830.027
917.257
773.922
1012.17
950.346
935.646
735.614
1006.15
816.261
803.104
834.218
730.13
657.268
894.74
851.138
1000.23
952.541
727.181
702.309
864.42
789.001
836.344
865.458
767.738
797.786
1039.2
803.15
788.072
802.49
697.447
908.63
744.439
737.163
745.288
763.424
903.77
924.724
1117.13
867.376
909.29
917.113
791.265
849.255
944.463
904.988
759.889
862.677
720.026
749.364
816.864
837.882
969.005
954.836
755.804
962.882
816.237
761.789
922.423
755.218
831.775
1183.61
881.995
963.655
830.668
997.126
791.696
1080.22
783.248
792.465
798.751
880.02
766.3
801.474
835.803
769.037
842.323
779.367
842.563
735.17
955.401
859.875
891.714
678.06
878.602
823.852
807.628
862.509
841.148
1041.31
739.5
1021.68
1082.24
877.749
845.893
764.259
854.58
827.96
938.648
927.129
799.917
877.203
923.737
780.245
758.35
858.356
649.869
921.57
716.037
748.389
942.977
786.45
864.424
1081.69
952.937
692.098
801.217
758.447
671.874
862.418
864.179
803.233
870.625
860.572
790.859
907.672
886.058
887.683
1032.74
834.497
802.556
761.129
834.464
831.24
683.504
1149.37
750.15
756.392
707.103
840.618
902.254
866.611
817.107
699.692
826.33
927.08
885.016
954.088
900.436
820.677
960.283
791.532
760.457
1047.38
839.878
753.035
789.121
822.274
868.406
813.769
778.009
924.279
853.908
798.121
825.521
915.135
811.825
740.388
811.048
803.266
806.746
895.413
727.858
812.803
659.989
769.159
837.715
622.588
929.422
887.862
889.126
807.59
864.693
939.595
790.97
892.615
835.013
818.541
755.902
859.155
945.029
877.893
832.533
979.338
781.61
800.879
918.222
758.337
773.8
865.767
904.776
942.063
713.93
878.781
903.897
793.356
854
1036
809.618
901.84
698.999
881.656
844.83
659.508
744.378
1045.53
934.639
854.935
865.667
961.712
925.412
859.614
749.134
669.783
848.559
890.574
749.197
703.363
785.297
1023.07
822.775
902.151
1081.95
772.508
880.57
681.664
753.44
788.083
734.155
729.22
914.202
1126.89
979.59
950.192
1035.98
822.01
816.804
898.17
850.5
942.233
841.093
759.117
843.788
909.028
938.692
954.784
912.704
909.24
943.01
886.927
709.346
863.109
691.18
872.67
805.362
890.949
1016.33
764.082
904.375
1166.06
820.149
826.022
1078.63
881.354
897.384
804.315
914.471
790.487
735.648
981.64
740.893
723.657
823.165
994.786
797.325
767.157
888.146
768.071
866.655
834.57
783.401
858.885
777.35
1114.32
780.872
1076.8
1005.98
749.715
803.886
746.666
792.612
660.607
802.945
751.625
728.974
794.945
783.088
810.879
821.066
1021.93
851.073
928.676
774.086
834.346
813.239
845.223
840.068
898.407
787.999
866.055
789.054
758.432
745.973
937.553
766.896
888.422
843.08
899.515
966.302
736.498
778.049
874.059
712.004
718.317
898.612
895.299
936.94
862.012
995.118
766.323
853.88
742.607
734.33
835.324
1078.01
1242.03
881.738
781.425
796.735
848.457
891.696
798.88
884.806
862.739
923.587
696.328
847.286
794.679
961.865
779.518
824.421
840.24
996.721
836.12
725.815
813.719
1229.95
797.517
979.831
928.902
1012.23
852.139
849.582
1038.68
722.633
780.629
796.574
749.235
718.414
934.618
969.139
892.432
870.388
828.888
836.156
907.614
643.736
792.096
740.245
901.577
918.965
789.917
1209.96
935.922
890.754
855.643
830.137
715.848
811.526
820.273
1282.16
696.749
971.625
862.825
631.071
957.785
900.074
869.856
1092.04
943.848
831.451
846.713
718.47
785.216
809.401
852.631
833.046
759.209
873.239
736.656
942.389
916.38
748.454
826.255
928.29
610.396
771.704
803.02
928.018
745.126
902.2
868.515
764.195
730.422
892.181
813.95
786.279
659.877
962.179
853.711
836.816
944.006
851.791
814.776
813.806
945.22
851.364
835.868
1019.69
1018.32
1016.36
849.285
728.869
823.19
840.613
904.215
995.268
893.04
954.28
735.505
860.07
1219.15
937.549
991.252
939.636
859.249
908.553
863.994
731.842
753.961
895.978
895.205
939.592
704.145
804.56
852.704
942.375
968.397
1113.44
842.285
931.125
876.665
842.327
794.764
856.851
927.148
888.817
792.415
787.864
940.622
781.328
814.533
749.804
761.954
751.996
830.671
804.531
771.465
704.903
813.7
777.433
861.159
796.185
910.502
860.402
950.156
1010.52
792.806
961.625
731.382
966.564
898.093
841.854
931.9
714.96
826.41
701.555
832.316
839.965
1018.46
900.966
838.936
944.033
924.865
859.746
790.749
977.812
853.803
739.117
670.168
831.044
687.783
929.494
1034.53
1067.95
1032.62
810.967
932.796
856.865
791.952
1014.65
693.354
819.911
1038.62
867.994
1118.56
934.404
1065.57
892.471
901.702
934.562
925.074
803.911
862.57
820.674
940.563
948.289
846.67
847.946
891.107
823.235
753.568
1005.54
764.791
874.755
703.712
1085.7
940.079
1147.61
871.444
1019.04
937.471
790.544
923.597
903.141
815.516
761.298
956.393
928.522
694.579
930.79
776.552
825.206
832.046
806.61
1037.73
747.357
721.529
867.924
791.581
712.566
849.545
793.187
809.71
796.554
895.897
811.52
940.83
818.628
916.879
791.377
939.517
954.075
983.424
957.304
760.427
770.56
838.076
824.075
911.47
767.839
721.709
807.701
743.136
730.96
988.197
920.697
731.921
625.509
1203.89
910.036
859.769
962.056
852.777
875.102
788.498
1062.55
622.278
940.957
943.62
877.668
906.278
784.274
914.672
775.812
969.671
912.635
748.526
902.259
828.095
890.738
770.294
802.924
795.451
841.936
721.428
1072.17
897.717
742.826
790.841
840.788
996.925
955.709
856.427
889.913
1264.76
784.376
928.008
853.024
883.699
935.766
955.18
821.364
925.195
717.963
760.262
1114.14
781.43
965.838
870.999
872.727
939.567
697.905
842.455
843.545
780.544
783.713
774.904
910.274
834.626
875.22
1049.81
783.816
856.763
869.704
669.006
959.043
839.412
869.788
827.034
773.213
785.819
708.607
896.676
1234.62
943.961
784.615
780.916
900.932
928.527
835.273
830.561
856.336
840.726
896.748
912.538
839.012
836.292
886.539
857.068
971.955
758.418
1027.93
1270.54
752.334
889.923
829.877
839.051
817.64
1053.66
756.085
806.972
899.505
871.983
1049.16
755.497
877.586
888.081
930.352
878.109
801.499
864.025
739.197
1154.78
759.712
935.335
912.681
777.671
851.649
728.769
892.752
678.074
678.795
812.342
980.298
920.996
1000.43
915.499
919.725
672.652
782.151
844.58
879.792
834.09
891.054
851.126
942.958
775.841
888.778
867.853
967.823
919.982
685.292
858.651
1073.13
1064.69
927.323
875.197
792.684
823.8
799.213
691.127
939.1
1114.21
1114.69
922.139
865.589
984.537
967.934
869.186
905.457
751.882
906.113
845.354
823.419
683.863
871.594
780.018
800.27
713.946
936.539
1095.21
902.3
861.1
720.831
719.67
775.181
870.782
965.577
939.462
809.062
752.837
674.255
987.296
895.112
948.482
741.502
708.872
668.368
741.832
1215.59
818.886
724.729
1011.2
990.642
1111.43
784.369
982.806
947.536
872.488
856.354
812.374
1028.37
973.058
855.389
752.998
675.603
722.367
736.779
816.346
1015.59
748.298
777.052
729.823
727.739
853.607
619.658
765.867
959.878
614.928
765.326
879.435
1058.99
1142.75
803.453
829.16
1137.46
868.361
900.806
1007.55
738.261
924.532
748.122
770.839
903.705
1172.31
712.553
754.729
820.114
774.358
820.132
962.616
920.994
887.087
776.433
855.907
820.566
1083.61
1203.05
877.231
708.772
949.628
1029.67
1021.15
830.471
904.877
898.509
896.132
817.768
746.244
989.149
912.712
868.349
820.115
768.993
682.531
882.446
763.155
658.574
841.569
761.407
852.397
884.213
938.354
769.358
1083.79
820.208
754.201
994.831
874.589
732.973
780.03
994.431
629.24
872.707
971.174
713.227
848.599
942.808
844.151
877.252
858.443
877.387
838.116
798.684
923.526
886.994
964.549
837.388
897.669
753.038
929.382
844.879
887.307
1019.71
872.247
980.42
850.394
978.317
816.674
745.618
885.039
793.709
771.333
1126.24
833.208
1060.21
876.967
878.521
1022.53
805.257
867.014
974.718
739.776
914.558
722.235
789.51
879.915
909.719
881.438
814.401
943.642
959.689
858.532
886.699
1029.59
905.965
850.222
887.282
848.054
773.637
746.76
863.739
968.402
829.134
966.785
925.79
683.011
831.904
959.557
975.936
836.785
952.037
889.217
857.037
774.794
1050.38
801.474
855.565
956.406
1085.04
845.805
865.779
833.197
813.846
905.271
842.955
824.101
864.82
853.997
775.101
767.816
793.136
848.675
761.439
858.346
1043.62
1037.89
854.634
962.764
899.623
858.831
877.353
785.847
880.918
945.523
819.042
839.144
761.169
775.875
859.963
1068.66
927.382
978.265
719.714
882.616
951.427
838.226
884.263
986.165
765.602
799.362
901.355
1016.73
915.147
792.261
936.177
925.626
1025.27
817.865
944.176
823.268
814.598
685.997
817.565
746.627
1075.18
820.481
919.185
674.673
1006.66
940.87
772.421
983.615
992.79
719.72
1050.28
664.771
891.027
1037.35
790.538
977.63
910.844
723.02
710.488
888.536
828.979
877.133
707.469
655.336
758.067
786.908
832.041
912.691
785.976
807.362
924.263
686.93
850.759
799.94
979.001
770.244
753.839
788.65
802.391
793.866
816.196
839.661
723.103
796.079
875.453
784.729
765.673
769.828
751.908
629.061
1070.78
1010.05
934.19
654.407
945.229
821.75
800.969
878.276
800.549
836.627
959.761
718.019
905.283
720.968
775.264
837.248
923.652
917.139
812.14
812.39
959.297
1042.88
824.933
926.481
721.993
921.372
706.292
1006.34
903.51
787.291
771.306
914.607
997.803
1112.05
1099.41
959.03
851.199
786.23
783.452
932.095
791.997
873.161
660.523
749.418
1023.24
896.525
815.973
885.483
986.292
940.934
944.352
914.204
698.557
852.202
856.871
1016.05
741.391
739.672
784.114
779.53
779.143
969.826
891.309
871.012
893.266
1094.01
967.471
995.284
818.437
1119.19
1009.65
933.531
709.458
694.81
1041
748.491
711.031
855.949
711.077
919.832
668.779
895.572
974.534
805.702
971.651
864.525
755.352
943.726
752.406
818.853
693.571
1213.07
798.148
762.53
917.38
836.915
771.1
938.344
944.123
877.977
763.277
707.33
801.118
733.482
873.594
835.666
1157.66
962.827
748.391
915.835
838.675
944.877
805.988
892.952
849.942
825.16
784.213
976.082
914.728
1059.81
778.042
952.068
940.646
850.62
1169.59
970.179
854.917
881.164
871.635
860.848
927.243
911.417
889.875
1050.88
722.534
801.72
860.158
992.288
845.27
733.905
967.449
801.754
970.805
958.244
784.32
777.313
837.842
778.404
963.595
833.462
893.927
1045.64
870.939
935.869
696.216
871.115
951.849
827.148
738.265
783.255
880.396
939.402
786.531
922.088
865.875
971.875
787.037
988.626
869.008
967.903
902.514
835.748
736.601
819.894
933.005
766.184
879.288
807.703
949.138
799.507
744.451
769.814
945.12
935.646
991.199
699.128
842.168
866.554
781.222
903.294
865.256
769.534
794.524
761.672
799.427
864.017
877.009
859.096
902.267
776.743
863.225
930.621
817.904
824.291
833.3
793.204
836.535
735.882
990.98
842.612
927.501
744.506
1114.89
879.82
963.55
811.669
747.038
869.648
836.127
1184.66
869.506
758.94
813.589
1048.63
926.427
670.682
849.787
792.488
699.922
779.876
804.902
844.08
696.475
992.893
884.522
874.929
781.813
847
1038.7
820.525
793.869
814.652
843.838
926.041
791.37
831.252
904.12
892.271
944.05
917.351
939.919
804.613
823.082
867.678
892.128
813.346
772.693
1055.35
761.789
758.634
987.427
791.055
736.312
1119.71
952.971
999.587
750.751
806.394
1061.83
892.577
805.32
1170.01
903.304
839.285
787.355
1067.26
835.133
1034.48
701.396
747.44
745.49
883.314
835.272
751.821
812.827
972.45
884.019
876.733
837.289
1015.21
1034.49
913.587
1021.18
854.006
778.996
959.479
734.634
595.517
1045.73
817.261
858.774
936.541
743.306
778.117
813.317
880.943
726.616
823.179
827.785
759.625
798.472
828.002
853.179
748.634
903.717
897.454
743.214
915.184
817.79
873.512
913.59
824.307
878.41
862.284
825.822
953.306
883.997
953.155
969.576
887.929
1038.05
735.464
799.117
813.925
969.463
830.249
939.847
895.159
687.224
1086.56
720.56
913.501
815.959
831.343
841.761
807.369
866.887
985.131
1057.37
756.398
792.473
782.842
888.117
947.297
897.271
748.194
786.127
746.33
760.219
895.795
726.942
1057.25
811.983
869.889
775.783
780.323
734.615
1094.49
733.471
732.252
908.253
834.109
804.265
842.368
817.818
898.657
646.465
790.97
886.439
765.869
752.451
791.244
1042.46
849.055
823.498
996.655
943.762
770.432
701.074
840.672
867.087
793.941
891.033
926.952
690.385
811.503
787.576
1054.13
774.408
835.18
895.906
934.166
763.011
882.634
867.517
867.484
725.43
1007.62
708.256
891.045
810.437
900.263
882.078
1058.25
674.537
990.02
922.001
870.198
688.282
828.561
1078.21
860.741
927.822
914.198
1142.04
937.411
927.543
1014.09
944.076
914.861
654.261
804.981
1120.54
1006.29
744.196
968.824
824.067
763.784
1015.65
819.38
802.518
818.705
856.36
931.824
804.772
729.312
893.298
926.634
1016.82
823.788
920.752
780.721
840.546
808.94
838.556
940.898
734.929
756.107
796.866
771.649
824.934
868.457
741.071
878.737
732.238
1038.06
858.733
901.101
839.945
819.36
1017.52
820.189
751.146
815.628
767.337
904.707
659.75
923.847
822.735
812.218
721.852
681.236
894.555
764.322
956.608
840.499
794.648
838.301
823.574
765.552
928.187
763.25
835.941
982.822
850.64
904.578
879.687
826.362
806.217
886.835
860.874
839.125
694.767
988.603
1078.54
738.847
852.9
872.311
947.992
912.356
819.525
739.004
951.154
851.915
1124.21
843.034
716.708
795.787
964.581
777.399
905.148
781.597
856.614
922.434
715.171
879.49
790.254
693.628
752.62
838.436
771.337
902.556
851.695
1068.34
847.007
775.477
767.864
965.648
897.735
927.128
975.244
1266.58
753.725
751.62
827.368
688.781
895.064
995.158
775.814
936.675
726.576
873.256
863.82
692.285
808.884
706.357
831.687
847.882
952.461
882.979
806.416
901.622
810.33
895.986
818.72
870.439
728.446
807.478
1041.31
860.734
875.888
930.973
760.701
979.691
894.675
816.376
784.977
837.952
860.427
777.2
906.026
1025.18
907.75
856.759
775.111
832.419
669.409
738.591
857.841
845.011
1285.06
788.479
993.672
937.276
1088.34
899.469
858.709
844.386
716.671
1189.42
859.473
918.773
1006.44
881.507
784.375
864.832
685.955
803.998
847.247
758.97
705.066
939.017
733.921
729.357
934.644
688.461
775.725
837.274
790.62
1127.75
848.005
775.491
884.294
730.689
918.905
815.873
692.434
920.795
1501.52
820.562
959.151
778.797
705.384
804.974
797.206
831.171
672.964
852.754
913.442
1178.07
909.764
693.637
920.444
813.266
1264.6
777.144
872.667
777.784
901.155
995.605
911.484
845.391
926.38
930.47
846.258
993.842
718.072
983.596
766.895
671.644
875.425
800.608
902.493
807.351
776.408
826.971
683.394
1116.57
842.626
772.055
1042.29
933.614
958.554
842.783
785.585
881.152
779.075
935.751
745.125
804.155
1130.52
771.913
820.58
715.453
808.6
867.648
964.941
775.376
813.483
806.548
978.587
756.42
985.852
863.447
762.167
1115.26
817.992
923.195
703.255
839.847
814.211
786.621
826.791
866.13
1018.48
885.268
885.159
774.888
948.047
1132.26
873.576
905.036
879.059
774.495
832.15
791.406
1091.11
1001.16
876.172
1047.66
762.965
1006.72
834.393
922.597
871.607
1076.6
778.954
993.511
830.685
743.942
894.551
936.465
858.818
854.784
936.617
877.214
734.131
950.307
836.76
933.075
935.785
745.579
810.707
863.688
1080.01
866.168
742.361
669.811
749.388
799.187
719.975
699.181
711.591
706.354
870.923
1048.29
808.985
822.385
756.216
867.875
890.375
656.018
1115.96
749.247
926.896
994.969
867.939
892.779
860.503
741.331
809.906
961.141
1041.59
740.253
959.311
1186.56
774.578
817.659
904.48
905.769
639.376
1094.69
788.208
695.118
988.627
955.099
987.087
712.953
860.521
813.887
786.684
1068.95
667.646
749.616
708.306
851.798
912.425
946.423
983.149
733.169
851.323
1008.9
750.447
1219.49
732.903
910.652
869.243
912.698
903.321
1002.04
783.569
736.633
832.394
824.87
802.549
716.507
947.867
1014.49
877.773
828.279
740.335
1154.79
954.126
820.536
776.939
859.204
928.615
940.841
915.727
819.39
739.008
723.829
935.941
921.247
782.956
854.87
927.9
879.554
904.298
749.188
691.631
1150.35
859.182
776.493
714.198
817.332
738.498
822.999
881.736
802.339
867.566
1005.28
964.926
877.272
809.988
1195.87
860.87
812.366
775.331
783.783
717.429
872.999
710.376
779.825
857.334
823.262
789.312
763.199
929.696
1046.31
690.39
834.013
771.066
977.569
845.486
968.18
953.179
786.009
838.733
837.253
854.08
597.196
1112.38
762.532
1063.21
944.82
742.342
906.853
840.072
875.574
843.905
924.013
957.796
1109.54
1026.91
1047.87
885.348
899.031
832.373
968.753
807.636
680.877
808.962
846.509
1022.84
784.294
852.56
969.504
796.262
989.854
766.252
808.662
850.055
948.995
904.782
795.957
820.711
715.835
901.374
723.808
603.46
1067.63
824.028
756.835
837.382
734.048
1194.6
954.788
802.907
782.713
1044.07
741.168
843.791
793.047
825.969
746.529
746.566
825.411
964.25
972.19
879.442
768.821
822.93
690.694
714.894
671.605
836.844
868.58
919.983
912.796
797.712
691.069
793.302
866.064
836.031
638.896
980.066
820.106
796.858
924.81
809.163
680.217
974.067
985.158
948.123
820.394
722.595
907.943
799.892
882.346
962.194
875.059
872.854
783.253
711.582
946.086
725.797
980.41
693.008
1000.64
712.518
922.313
643.796
1038.39
908.094
841.174
854.909
713.962
819.517
648.496
893.186
987.035
1101.97
1016.76
743.173
1004.03
698.951
976.119
670.755
964.675
1105.15
752.703
730.475
1070.32
984.368
1066.99
977.988
1027.61
994.659
722.04
840.634
942.239
931.307
984.161
816.049
761.165
1059.84
872.001
831.963
838.732
865.559
749.386
1065.94
871.087
950.237
1056.06
736.743
734.485
838.256
728.737
879.541
796.514
772.041
1088.06
704.576
687.048
871.386
782.212
836.561
881.669
798.1
814.44
906.246
1083.39
980.876
839.74
1018.56
786.459
687.421
1019.82
855.107
926.015
860.295
738.348
780.801
804.787
843.666
827.93
665.477
968.78
859.785
717.421
1017.33
965.258
835.679
874.561
1025.51
873.762
846.196
877.796
840.511
931.152
975.838
991.097
927.525
798.012
903.72
727.727
830.448
718.854
1038.48
790.143
852.67
816.514
792.661
844.476
883.662
681.891
828.222
768.41
759.304
877.011
817.824
864.507
831.064
783.326
900.661
818.347
831.719
733.806
831.483
858.026
881.454
751.551
974.758
931.017
791.903
862.478
855.455
751.285
748.734
867.67
1035.51
794.949
1147.4
869.408
849.976
750.462
781.675
860.066
694.208
799.944
991.51
843.43
1046.13
872.366
828.112
871.894
809.313
794.025
837.492
816.518
938.144
842.268
714.547
852.506
809.966
1072.13
922.752
738.011
953.353
782.16
919.654
834.406
737.178
976.448
824.473
869.291
776.311
785.207
998.752
723.81
1049.81
756.363
819.257
909.367
987.723
890.008
774.459
1044.13
858.787
961.572
747.885
746.34
777.525
840.483
934.941
988.778
783.705
842.738
797.422
890.724
961.13
728.083
1040.1
835.271
980.877
765.562
693.112
829.839
781.376
896.675
909.236
864.663
831.395
781.228
777.326
833.477
845.885
869.657
812.049
991.948
784.233
843.891
956.969
1070.97
746.078
920.225
856.683
847.468
884.589
896.007
926.047
766.805
744.967
841.793
778.2
880.915
876.857
893.792
798.004
874.803
763.209
983.829
885.14
1242.57
815.366
876.026
893.255
962.623
776.241
645.95
703.224
867.732
773.559
836.727
724.191
987.306
846.297
912.957
858.486
860.962
912.314
801.622
878.85
800.235
963.52
929.514
781.676
1104.25
899.212
785.544
837.222
803.97
776.892
731.384
860.791
849.636
835.417
856.534
948.606
989.975
925.749
801.415
861.34
705.455
792.287
750.958
1069.54
863.13
828.626
915.133
837.884
716.107
751.068
709.713
969.933
882.913
956.952
856.786
778.931
704.571
890.052
818.565
943.889
944.545
921.359
805.923
899.366
766.211
841.883
811.39
1023.74
835.412
894.481
1083.08
796.009
993.193
987.064
871.357
726.669
771.963
972.411
820.913
884.545
817.674
827.387
934.694
996.415
722.489
872.419
840.783
888.085
958.696
709.814
1011.67
863.168
760.299
857.104
813.091
807.651
737.132
832.272
833.966
757.418
747.248
902.677
846.329
804.496
930.455
1034.42
963.047
898.536
812.159
1048.76
813.344
999.885
677.206
942.051
833.67
824.099
699.384
729.415
1052.89
959.009
938.826
916.432
928.28
860.558
714.986
775.012
850.07
818.874
824.65
797.734
880.531
862.136
836.508
910.893
947.039
882.433
1122.96
985.96
881.09
855.375
657.079
704.06
976.068
735.996
887.634
1062.38
898.258
753.325
860.058
750.816
840.3
1036.05
1019.54
736.628
1312.9
919.365
760.26
925.281
791.712
755.608
883.733
798.059
961.456
995.961
892.112
875.823
832.93
718.194
1060.05
839.722
926.855
969.323
814.714
754.156
831.078
958.535
890.716
779.154
898.264
897.86
768.501
987.544
849.683
845.45
901.83
735.524
902.441
843.142
739.737
890.36
925.783
811.521
873.385
1047.88
974.947
814.108
746.011
770.098
980.222
936.089
895.174
870.045
772.463
794.21
774.836
874.693
917.918
819.217
1018.18
789.938
876.313
830.184
923.475
851.399
690.658
785.514
839.558
712.004
856.454
895.052
663.154
781.486
811.672
908.769
868.637
843.886
998.375
807.845
743.278
765.071
866.821
890.056
682.166
641.875
888.418
825.659
772.821
876.391
893.841
810.984
867.642
606.231
756.486
741.15
758.986
933.501
794.416
759.89
907.617
749.972
1022.29
915.69
857.34
895.333
838.578
964.193
897.556
947.609
817.282
1045.19
757.05
916.309
887.319
926.059
951.042
877.812
790.201
1015.99
826.579
936.613
874.954
1051.6
1158.11
836.367
852.691
729.79
802.399
846.696
806.778
765.181
884.83
1006.79
1000.43
1222.65
709.312
757.683
797.71
864.757
734.349
736.779
814.46
888.344
972.357
835.207
956.843
970.238
858.736
885.553
949.529
934.122
702.665
914.773
919.813
965.843
828.219
899.749
729.239
740.512
778.131
835.076
789.363
735.299
803.565
899.101
987.708
921.09
941.885
739.802
1003.35
884.281
930.075
855.753
794.508
746.763
848.242
766.05
768.879
1027.74
852.988
896.428
865.179
777.707
856.789
948.664
858.775
826.762
954.888
828.343
906.658
1008.13
963.179
933.206
870.663
755.265
873.07
690.877
974.771
788.187
929.659
760.415
909.588
844.1
838.244
897.65
774.668
908.562
820.83
856.858
997.815
769.995
927.811
663.775
875.978
914.235
800.293
784.126
862.461
736.243
1029.66
698.756
845.257
830.92
855.239
884.324
862.35
789.502
1012.06
764.548
716.772
845.617
690.753
818.131
765.488
784.287
756.251
703.386
881.576
666.979
1020.61
933.523
923.187
1049.54
788.318
707.048
1001.32
743.404
807.678
961.688
833.273
866.738
821.266
887.259
985.758
931.095
836.868
681.947
884.308
945.024
888.091
1012.43
816.213
870.517
879.756
781.219
763.985
798.944
970.808
875.11
981.459
778.588
1027.06
895.095
831.314
877.289
749.057
734.54
801.676
762.845
940.966
1016.47
910.939
1000.09
682.038
811.543
914.138
634.913
734.044
771.84
950.118
877.586
1117.32
825.823
832.343
906.759
819.903
798.656
841.656
830.154
875.396
895.397
842.095
787.181
999.745
870.088
1009.2
934.08
858.076
803.002
846.414
827.132
745.825
905.334
767.298
718.456
835.756
856.778
794.669
942.697
803.769
787.95
792.006
946.741
859.077
774.24
901.369
952.391
880.114
844.853
790.48
917.025
835.263
913.24
879.555
828.382
896.908
796.735
658.016
670.971
1030.96
1035.72
802.051
835.268
830.029
902.223
819.799
701.225
694.041
907.961
809.526
887.602
756.398
868.802
936.563
999.192
742.217
833.335
771.283
872.584
935.775
1067.54
856.525
860.609
831.518
939.749
730.582
696.985
992.24
771.757
709.733
977.677
1002.07
1008.51
769.16
811.504
805.915
877.009
873.687
838.899
786.706
839.143
813.189
824.208
925.905
844.834
1084.37
629.756
774.366
1023.27
813.571
748.547
781.651
791.022
1002.71
709.378
764.76
837.441
1094.56
918.328
832.795
739.262
845.288
743.322
887.346
848.013
914.089
720.23
836.109
895.997
803.851
977.591
849.814
791.039
821.708
703.43
865.257
923.433
820.128
717.899
917.576
685.058
759.363
675.059
789.384
896.129
741.438
714.312
781.372
825.51
794.14
816.134
950.662
810.904
1081.23
840.391
868.254
863.122
1065.4
951.381
960.024
811.183
818.418
897.242
875.575
1066.1
1017.69
842.338
755.346
895.19
811.877
1036.04
872.735
831.666
784.137
716.622
969.888
1018.97
737.919
959.116
989.091
989.164
878.684
863.858
898.75
829.273
1090.06
841.528
898.86
775.296
925.148
825.661
802.979
1018.4
892.608
768.794
845.177
766.426
968.4
940.966
951.12
843.071
1015.26
960.951
910.941
868.222
889.219
866.366
816.933
854.084
830.096
838.779
869.257
817.05
860.044
788.638
806.882
791.736
824.433
895.822
851.039
808.155
1035.8
953.314
816.854
719.534
826.57
988.302
855.103
884.656
851.663
792.705
835.254
695.549
914.392
857.213
817.866
799.584
866.952
829.754
686.691
729.337
901.15
924.225
765.892
728.178
779.122
1071.52
1044.01
888.946
895.345
793.161
758.188
697.091
860.892
852.473
725.813
988.914
862.614
728.954
1065.22
829.966
681.348
679.476
931.152
967.309
1098.59
975.272
910.951
739.903
811.791
816.941
789.063
983.756
900.153
924.779
813.071
890.544
766.747
748.414
783.473
661.692
993.212
860.653
1072.84
876.822
970.327
818.294
917.486
892.969
739.91
977.695
735.108
907.931
875.246
749.97
807.469
743.389
800.43
1027.57
670.792
862.262
908.456
1011.94
1022.96
777.022
762.796
723.388
865.121
806.732
741.879
1114.33
966.116
974.458
808.055
706.4
866.277
938.304
684.12
1012.44
1016.97
955.073
757.689
830.176
897.009
710.481
893.387
833.901
817.655
799.825
832.211
1013.04
721.117
757.821
908.457
794.188
918.212
834.568
1114.42
797.467
933.9
775.455
796.13
872.035
786.275
875.309
895.826
820.309
743.39
834.101
864.619
726.842
766.12
623.286
1092.19
1000.17
976.938
902.852
978.632
739.368
845.009
813.685
819.141
856.512
1077.17
729.746
1039.31
920.979
838.11
819.672
972.624
846.746
812.907
969.007
880.904
943.45
830.439
783.385
815.833
1015.2
742.337
772.769
886.766
896.334
801.641
792.618
989.362
938.987
977.9
873.891
811.996
648.864
882.025
887.48
834.488
857.435
790.203
903.324
784.75
793.938
881.189
931.684
694.92
795.654
1114.6
856.375
874.287
798.794
824.819
829.36
692.991
972.308
878.859
787.387
777.2
893.796
810.771
820.424
773.387
937.355
844.988
731.356
865.529
879.085
735.342
834.871
816.334
909.663
714.95
1103.82
1002.96
939.477
761.818
1079.88
957.8
816.97
858.536
895.528
914.36
710.95
978.69
947.205
743.547
974.183
815.757
864.101
938.802
1033.53
887.527
759.127
1106.33
792.754
732.419
796.801
740.971
879.168
905.931
864.364
1095.75
779.756
822.248
899.711
832.716
965.67
767.798
866.84
837.663
724.601
933.726
911.433
894.1
910.12
793.229
856.633
915.278
862.252
846.21
897.791
939.274
652.021
955.748
908.655
739.265
828.483
887.79
854.937
826.654
900.861
796.566
739.513
784.313
841.779
1122.15
904.661
983.25
1011.22
997.998
783.017
1019.9
807.675
914.113
1070.69
804.741
670.414
802.693
872.372
749.438
827.833
949.346
821.278
795.846
774.73
997.763
845.89
862.208
740.878
1033.84
809.814
832.318
881.266
767.162
955.25
810.722
958.924
785.502
850.058
814.305
884.019
980.783
913.51
914.035
752.12
1030.91
810.788
961.763
854.885
759.824
985.967
808.155
823.7
998.273
836.46
775.87
809.953
916.413
1098.14
821.15
890.434
811.621
1012.38
873.03
833.719
867.496
1040.98
955.504
885.397
854.721
874.588
893.58
941.63
899.588
805.174
885.468
844.237
882.904
906.435
759.029
838.705
934.461
796.621
674.68
956.096
866.729
819.096
782.216
960.335
872.01
765.117
776.086
862.566
892.85
854.244
904.484
882.861
920.778
792.491
931.497
994.13
839.184
769.965
922.008
842.455
886.619
760.22
1023.05
1095.17
1188.06
915.335
982.96
777.854
689.774
832.837
881.037
957.157
778.468
830.713
913.208
901.728
723.052
783.723
1011.91
781.942
802.231
942.555
938.737
861.83
612.601
762.224
834.761
739.571
986.793
1043.14
939.449
901.448
776.554
926.065
818.119
779.835
1069.35
761.463
953.642
767.832
919.846
838.68
861.767
737.157
764.482
965.299
1017.34
1088.68
898.005
1090.25
904.707
871.174
805.461
727.581
842.208
620.238
897.016
823.084
855.126
895.913
892.904
972.347
1080.17
912.555
943.348
926.653
790.133
789.751
969.09
900.689
1032.39
896.66
879.309
717.52
894.595
877.796
784.983
885.418
964.136
1107.46
702.591
644.022
964.434
843.492
993.316
1055.46
898.88
729.091
900.792
1054.36
985.711
775.389
788.864
1014.06
971.993
773.083
831.655
823.158
974.252
867.738
880.844
693.169
852.002
711.503
749.163
840.436
888.649
792.654
963.935
794.711
1059.25
811.307
906.021
814.855
872.697
763.337
1145.84
956.584
856.281
754.224
788.747
790.465
850.062
727.483
953.404
806.453
807.879
1019.33
849.049
893.785
785.329
806.042
1102.74
946.34
814.464
1048.23
986.218
752.898
998.541
1004.56
924.861
969.644
866.965
902.858
873.947
935.904
824.972
913.234
867.245
798.86
925.965
925.283
803.949
996.01
932.768
902.913
779.273
856.621
826.07
803.798
760.886
1141.77
980.684
958.439
679.967
836.41
931.437
791.701
814.1
833.667
947.327
694.148
939.853
678.506
705.892
807.696
766.414
828.943
761.993
771.73
956.32
792.843
736.561
763.707
1002.01
900.183
890.784
1172.1
838.123
744.5
841.417
776.879
792.204
913.626
775.067
692.795
690.134
805.018
885.51
962.397
953.25
1026.1
764.658
853.476
1005.12
754.136
740.246
938.776
878.141
882.629
890.92
768.719
1012.72
734.221
787.765
719.456
853.727
643.624
746.601
829.782
902.498
766.779
894.722
990.098
900.338
806.644
852.985
845.642
811.662
770.752
675.601
747.768
858.339
724.522
872.31
880.14
943.63
822.214
720.483
795.577
710.43
705.701
883.174
937.597
979.007
778.91
709.417
898.155
900.766
809.934
950.082
855.829
833.716
849.469
983.83
965.776
1058.81
968.679
854.305
903.56
828.59
700.502
923.769
846.117
795.31
782.536
793.143
813.046
815.391
863.895
779.51
807.914
760.157
817.473
814.246
849.946
791.615
753.699
999.786
759.843
716.666
743.314
856.824
827.57
851.614
1069.57
952.82
928.491
892.541
1035.1
797.446
792.254
844.502
842.705
824.296
1026.7
796.618
1010.59
815.83
984.751
767.124
827.844
752.982
836.535
859.211
753.747
859.196
767.806
835.296
913.366
839.611
1003.02
1008.32
1040.55
814.939
727.511
835.268
803.645
1175.23
914.268
891.01
791.459
1012.52
780.876
870.465
784.89
789.803
895.509
794.47
958.203
773.677
908.454
1165.42
958.15
851.964
1009.79
918.707
886.902
923.797
747.137
781.602
741.63
717.888
774.476
735.353
747.421
922.663
762.05
865.041
999.887
732.242
795.775
682.764
929.041
910.2
838.394
1067.6
834.172
965.962
758.467
788.284
864.486
798.323
835.191
818.885
738.085
887.832
763.978
872.619
1002.78
887.085
848.523
864.973
795.106
743.62
731.145
812.723
854.619
766.457
823.86
836.852
762.424
842.793
959.917
879.683
865.002
867.193
1002.25
1050.57
779.368
813.097
865.316
958.717
928.168
920.041
860.256
1068.9
1070.96
734.675
743.191
886.113
936.12
884.47
905.271
977.74
935.938
907.084
747.804
1011.7
911.499
891.475
859.049
919.097
752.85
741.315
825.047
765.531
984.71
855.484
931.772
815.032
898.565
840.597
824.931
764.651
857.326
975.341
940.489
868.115
615.995
866.756
777.087
758.764
967.976
903.855
752.591
733.325
853.081
900.392
939.828
802.442
898.947
923.947
793.1
779.424
813.458
776.334
811.009
827.437
752.268
849.037
896.148
878.415
791.539
1031.48
791.296
968.931
854.536
967.671
938.686
939.556
851.039
831.03
845.208
940.484
849.806
1145.14
1041.65
964.723
916.019
756.229
858.659
702.234
788.051
710.905
771.468
752.679
929.486
809.96
1160.59
816.97
719.501
932.204
844.877
987.419
811.425
980.486
809.104
739.913
760.899
808.986
732.845
867.092
854.137
899.812
931.243
947.133
857.344
747.129
1165
711.029
711.149
772.719
796.183
645.392
686.863
786.168
819.485
695.754
838.528
760.803
843.154
766.476
886.628
761.868
648.529
1131.92
917.872
1028.93
843.771
997.748
892.682
843.523
782.368
969.119
874.749
798.413
860.118
776.918
780.696
754.263
1028.12
880.026
777.38
989.974
967.275
861.958
951.192
809.614
818.041
1057.65
741.11
810.079
892.206
956.239
790.038
727.352
831.343
1085.37
779.501
894.133
1012.84
807.574
765.753
780.548
806.188
849.099
1107.22
815.764
940.223
739.662
827.76
825.183
729.906
902.333
976.559
1095.83
964.752
1042.69
804.503
863.665
890.064
1021.74
727.951
932.878
827.297
943.599
1004.94
961.582
971.833
901.824
768.414
899.895
880.429
716.623
823.556
794.904
735.433
817.728
829.148
803.011
787.118
838.861
641.579
839.401
712.75
800.194
913.174
831.726
715.218
798.52
841.193
812.555
901.698
848.446
802.161
839.787
890.52
874.951
805.561
731.487
833.305
875.079
1099.33
712.273
810.809
829.747
804.966
940.953
1214.73
666.656
742.279
830.149
976.641
809.012
1029.8
984.317
784.421
1104.38
765.345
833.625
882.03
785.058
788.972
807.552
792.096
766.719
775.972
1054.69
855.762
929.381
704.423
753.167
1049.23
759.312
932.907
902.337
754
974.206
976.439
907.319
977.419
838.195
1271.42
842.722
877.033
713.739
889.799
839.046
817.533
906.599
942.713
936.82
821.599
996.92
758.709
803.347
727.008
896.951
928.306
790.759
836.007
923.831
835.594
1167.11
1079.63
880.283
1090.28
795.848
763.196
848.397
761.829
870.795
772.805
778.374
846.934
912.252
725.539
847.778
877.946
854.656
757.588
724.708
963.081
775.641
712.79
729.062
798.093
772.968
790.833
942.991
910.383
815.408
1000.39
982.405
647.965
635.776
796.265
748.493
802.241
936.464
952.497
731.056
742.939
769.236
833.733
895.08
746.818
789.75
785.759
861.92
855.226
1087.93
755.961
1002.25
966.451
762.899
803.924
1016.37
820.082
879.478
815.427
734.655
954.257
1041.91
918.775
835.447
846.834
884.09
858.986
941.615
864.048
751.838
752.157
840.068
766.249
836.561
810.909
759.631
691.459
731.683
835.827
839.624
893.117
801.201
781.304
829.212
782.739
779.404
801.69
875.362
1040.47
777.799
967.178
842.709
917.389
756.443
688.436
923.082
856.668
691.069
797.732
928.626
759.728
838.062
829.962
765.041
901.196
754.013
827.167
1078.49
679.637
931.647
823.482
755.754
709.37
1001.39
859.677
861.605
766.912
1021.69
897.55
845.64
861.29
949.61
757.914
962.081
870.062
836.81
898.454
799.799
730.559
883.468
911.252
735.465
828.957
849.304
814.011
844.73
833.952
896.438
816.734
1007.73
826.074
865.838
821.203
943.032
895.518
720.548
920.974
804.372
873.172
858.889
841.526
846.328
952.027
914.943
889.226
1000.68
741.51
908.714
824.114
963.289
800.089
995.281
733.472
779.739
859.284
842.868
915.236
853.057
918.764
919.827
770.82
778.007
787.612
871.264
809.991
873.489
907.737
846.046
938.341
795.94
853.586
775.243
1121.06
804.694
871.572
765.568
774.669
932.124
925.997
660.932
758.429
890.201
683.649
975.413
885.743
793.705
919.352
1322.38
899.639
932.191
1056.01
958.451
816.022
833.163
789.472
905.703
992.829
818.936
823.046
916.909
627.4
801.044
696.294
803.755
819.471
847.62
882.438
759.044
1032.48
856.2
699.169
911.989
946.045
957.791
884.392
783.74
734.644
736.588
733.983
903.847
858.609
787.96
713.88
957.672
1027.31
703.599
1055.31
765.992
893.866
775.259
975.787
819.302
1076.73
772.525
1046.89
818.586
778.449
812.609
823.971
1045.89
961.892
718.21
793.417
825.713
1025.89
771.932
868.713
896.1
852.633
974.62
952.794
961.193
899.19
673.211
864.59
919.988
827.287
778.266
834.543
815.208
773.933
777.318
881.27
1060.65
928.603
856.908
1006.63
960.768
634.713
776.535
976.918
797.761
771.63
770.314
1017.88
818.072
809.451
951.142
642.595
753.393
929.279
796.951
829.846
794.153
688.315
688.98
879.465
880.453
934.619
1160.28
1122.47
943.695
777.861
906.28
803.983
996.637
884.945
840.744
922.654
809.086
1018.68
759.883
833.468
1000.48
748.056
894.339
822.459
907.888
1119.9
924.836
794.481
1027.98
843.303
851.914
706.917
730.56
703.529
899.133
931.364
971.829
1051.18
823.206
734.485
772.349
888.064
1044.44
855.336
1247.94
1068.86
839.385
1148.36
957.9
893.936
738.686
771.217
810.6
915.182
973.659
877.738
838.075
792.734
942.223
962.613
884.263
921.863
1244.05
766.377
860.287
704.304
819.569
1127.23
769.683
999.979
760.503
759.88
740.585
943.285
791.033
879.067
927.822
1119.47
1088.24
961.024
849.764
853.704
653.795
939.817
896.767
1021.83
834.041
684.883
756.739
695.364
692.868
786.626
886.586
762.242
755.638
858.126
878.566
735.019
969.388
904.687
937.396
887.008
803.408
853.631
848.157
880.019
971.21
1113.35
914.897
826.721
824.95
711.39
885.191
770.653
920.411
1037.56
839.283
829.685
682.24
901.145
801.024
874.631
1155.48
933.108
739.569
720.356
1067.43
879.963
914.864
807.648
1004.47
824.123
1035.23
828.558
784.828
719.987
905.448
754.927
784.397
688.719
932.137
943.456
813.798
735.957
849.076
940.733
907.077
914.105
1005.68
960.864
846.137
839.965
1187.86
933.892
853.279
796.803
1048.34
911.307
928.561
969.706
728.575
803.414
693.754
894.892
817.781
772.345
935.034
800.843
1138.06
968.756
813.387
829.565
935.852
980.194
720.717
957.025
1204.35
1012.11
736.516
1002.14
924.252
860.52
928.188
777.957
906.83
870.01
904.634
830.992
718.526
747.45
810.076
881.199
788.589
727.661
795.201
930.16
812.374
703.306
917.964
818.903
807.941
699.574
761.825
1165.06
931.05
850.093
900.38
1060.42
945.49
856.312
746.061
918.751
846.572
792.42
902.351
903.873
793.648
888.279
842.166
845.196
783.222
951.033
916.805
1097.69
864.652
709.81
812.006
970.541
787.41
800.538
871.462
890.37
763.313
867.812
817.632
921.682
973.658
784.104
826.497
824.369
878.481
840.931
941.627
775.549
860.53
817.967
759.479
605.539
845.456
875.271
737.594
762.567
776.63
787.678
936.258
735.958
747.258
742.639
741.646
954.251
910.732
1093.23
681.7
719.098
1012.8
944.964
803.009
799.039
957.705
893.808
807.602
997.524
735.802
1122.49
839.718
818.984
888.956
691.68
747.054
869.411
719.435
983.162
743.394
867.002
820.439
747.876
681.798
878.202
739.704
700.018
743.301
801.916
817.759
788.196
941.122
1069.83
908.04
943.776
954.095
761.358
805.738
822.122
905.586
805.423
807.852
833.318
843.945
1006.33
906.888
798.058
894.977
861.574
829.38
859.81
893.942
907.788
751.025
924.407
800.188
839.236
933.187
805.143
873.636
808.91
1198.4
1089.76
866.743
769.242
765.784
740.522
675.499
730.481
747.21
802.182
946.522
941.893
826.357
1102.9
803.111
1185.18
1075.85
1011.37
771.393
903.399
773.424
782.653
1007.36
779.862
910.412
788.548
804.086
969.137
948.915
779.224
773.771
1017.46
850.017
912.459
830.584
706.773
891.265
1084.35
736.847
998.114
754.651
908.623
729.023
980.415
972.513
730.184
781.204
845.523
797.603
975.33
784.87
726.346
973.678
746.933
810.552
815.705
806.15
819.465
727.747
792.604
936.216
936.612
900.362
856.152
830.142
913.254
746.888
964.485
864.618
882.522
843.751
801.08
1085.52
750.141
733.955
821.812
926.418
731.184
764.083
751.788
742.757
859.306
866.189
794.257
678.606
888.768
631.501
793.165
823.952
938.177
659.08
814.953
914.374
921.95
853.318
807.879
884.859
997.707
656.811
794.44
856.597
849.314
787.924
897.67
1025.93
889.591
1006.97
867.364
754.116
845.773
688.207
711.164
846.654
863.991
847.253
759.124
893.501
826.692
1062.52
1077.17
742.537
756.217
958.01
947.979
1001.05
794.316
875.553
758.777
750.871
923.532
937.53
727.887
1022.9
783.971
1034.46
765.489
953.159
878.944
806.31
808.716
750.426
951.983
818.843
811.359
783.974
840.286
979.246
946.796
742.619
904.751
944.437
971.438
753.142
797.344
855.745
960.672
776.734
902.092
754.754
786.79
858.868
750.309
1042.77
802.853
879.076
855.592
763.251
944.285
898.905
731.822
805.037
858.168
995.724
994.623
855.219
805.857
903.822
1029.57
777.82
1092.07
713.775
962.806
852.583
837.027
1021.08
821.932
939.455
846.883
907.509
858.837
711.79
809.127
793.447
900.972
931.853
731.68
795.015
958.952
905.014
1066.44
762.357
843.085
805.53
704.488
723.49
1027.75
807.245
863.354
772.852
898.306
910.796
792.942
977.131
916.669
