823.666
1216.68
852.951
924.51
908.064
1068.83
722.32
801.247
811.694
1144.85
1538.75
791.473
1009.57
714.412
831.562
848.349
979.311
837.383
1186.54
825.807
1000.36
822.587
1100.85
820.733
896.032
1045.05
962.252
1154.9
885.518
735.767
1026.64
865.151
928.028
781.855
741.453
682.843
835.818
875.28
1143.07
935.93
799.447
1004.92
917.786
967.882
981.127
1003.73
1319.61
1238.81
926.853
1065.93
755.147
1075.68
761.706
899.272
1066.02
976.736
1056.64
900.48
873.529
1097.19
1070.67
921.817
1001.33
890.613
1088.15
966.159
1033.85
993.083
961.438
1025.82
992.085
1003.53
854.351
962.009
929.086
975.877
825.746
1139.43
922.655
956.609
1012.8
937.687
895.747
940.909
1252.25
1033.01
1043.15
775.359
777.441
898.317
1150.1
1101.36
1105.58
870.522
937.737
722.971
922.309
737.551
832.625
1204.19
889.318
922.295
815.552
940.828
859.251
861.518
1167.06
819.224
985.027
696.719
848.673
766.524
1037.24
823.434
1106.19
852.961
880.105
1047.94
862.434
1151.31
1074.49
1050.31
1044.31
714.238
978.655
994.157
997.899
803.828
1042.95
843.341
1108.09
932.758
1052.53
1035.36
753.172
1188.58
947.431
931.071
969.729
1040.54
795.262
1209.83
788.408
1033.08
1201.99
836.292
768.512
922.055
1061.68
919.42
952.881
951.822
807.874
597.336
887.625
1319.84
768.247
941.09
754.801
818.278
874.835
1060.97
962.503
894.747
1014.84
960.363
864.855
1098.3
946.373
1009.53
854.381
756.756
878.827
710.68
800.04
830.905
999.443
871.397
1062.63
780.962
812.871
1073.92
900.439
724.304
885.053
1349
949.037
790.094
932.201
724.461
850.564
1105.45
1453.88
853.582
799.308
912.506
999.551
676.474
1033.49
1143.41
987.697
757.482
1483.9
1012.33
885.11
852.082
920.096
710.221
848.266
949.309
904.602
735.102
878.501
803.766
1047.97
870.365
715.626
698.8
902.16
855.491
960.371
1047.05
901.738
1124.45
859.365
981.039
833.481
847.109
927.026
1034.58
910.968
1312.43
982.546
847.773
905.57
876.267
1163.7
1203.79
895.946
865.157
908.985
931.52
918.05
865.072
1040.15
898.497
1243.91
949.132
782.252
782.226
894.648
862.379
918.595
957.254
868.483
987.736
904.913
857.503
863.81
1057.2
908.635
1020.94
848.63
1035.12
846.737
843.271
824.792
1213.48
940.785
697.606
869.415
1034.03
1048.46
854.549
864.088
959.975
1047.97
949.804
861.742
773.155
859.769
854.34
1013.82
1048.87
1037.2
941.401
1027.15
977.874
745.405
680.081
1114.92
935.241
754.379
1112.75
1071.32
1132.81
946.005
1154
914.057
884.882
912.166
872.706
890.914
731.503
972.698
827.122
981.021
1034.18
922.605
609.164
1024.59
972.74
935.955
833.185
926.112
901.882
879.522
850.048
1090.12
788.513
1312.7
966.845
808.062
717.908
777.717
939.016
979.341
867.476
835.394
791.12
929.374
915.401
754.819
986.295
952.706
981.708
999.801
732.087
955.349
859.949
1167.83
869.683
1079.24
790.024
900.009
839.625
1255.29
998.287
1155.02
1047.7
996.888
897.816
725.142
910.91
1101.48
794.684
976.506
855.601
821.085
1082.19
881.183
1144.74
821.986
950.677
794.869
903.776
875.693
852.329
789.915
839.816
954.219
945.978
1017.6
932.376
917.949
855.286
873.503
844.996
1084.5
784.086
841.365
886.632
978.492
940.44
1067.59
639.549
913.074
791.043
966.57
891.84
841.54
1178.14
1411.97
825.641
886.998
1170.66
748.902
793.187
813.788
737.994
853.711
979.711
1148.51
986.868
882.145
1034.59
1178.53
1276.62
1168.56
753.263
840.804
942.651
793.799
761.205
891.337
962.247
912.793
974.188
1123.86
995.172
896.143
810.29
997.56
1141.74
1013.03
1167.28
975.583
723.206
1077.6
996.464
787.186
987.94
902.723
993.034
969.739
1051.56
1081.83
1020.13
862.218
738.36
827.924
1159.97
810.222
1034.07
779.875
1019.17
971.585
938.133
904.722
1003.79
1145.66
795.407
949.9
860.175
948.079
836.745
862.647
665
928.681
940.714
951.937
1245.05
864.655
1018.56
1312.6
820.139
1015.87
876.009
870.608
954.066
878.565
879.096
1025.09
968.25
826.465
797.205
1040.96
762.588
836.593
734.612
917.19
740.257
980.137
852.873
1025.01
813.242
895.067
775.115
763.295
791.32
742.435
940.66
889.796
843.337
1241.35
855.801
898.62
943.416
1003.71
959.019
904.605
880.182
1085.81
1001.76
933.334
861.76
1442.75
1145.08
1026.31
932.602
796.955
854.677
744.437
849.697
878.001
1154.03
858.618
831.93
934.863
833.186
910.742
1059.44
871.478
814.956
875.519
1133.73
824.112
876.508
880.955
1317.44
1425.73
1041.11
1462.82
923.529
822.708
775.665
797.897
1068.63
1072.87
762.126
968.943
755.558
877.307
818.145
950.332
742.986
1026.66
991.406
793.86
912.559
823.609
989.14
958.894
971.174
1027.75
764.544
1033.81
1113.36
990.904
1023.05
838.264
986.34
837.181
898.678
1005.69
743.667
888.986
1034.89
824.793
746.959
1099.16
1087.21
1052.77
841.003
1182.33
875.51
830.22
1269.84
966.748
1032.44
874.114
1116.58
1000.34
1012.72
879.671
848.707
841.63
904.031
725.516
990.812
1354.49
915.069
604.008
862.47
789.525
1239.53
722.073
1058.75
878.314
1007.59
986.849
971.747
1161.57
1086.42
1111.5
886.765
1040.08
1218.24
771.543
1008.76
765.262
870.597
793.011
1222.73
830.584
1018.59
881.744
749.918
939.428
983.919
918.763
1002.31
964.4
1112.95
947.137
786.283
705.358
1339.7
716.665
859.848
896.138
965.943
1319.97
898.425
1120.87
722.377
1036.17
688.822
712.838
949.228
825.63
868.636
950.941
1158.72
971.822
930.675
822.767
1132.18
1109.46
1146.04
813.238
919.507
673.844
959.731
1165.02
717.778
956.517
863.515
898.965
1018.67
833.014
1069.11
993.734
879.291
795.452
1084.27
760.151
1088.97
1339.9
974.317
861.217
900.524
1084.59
1030.1
830.692
1198.03
1266.79
730.157
850.502
693.962
775.591
816.879
851.665
811.061
934.364
799.615
710.398
938.303
729.78
879.782
1150.91
1009.34
868.694
1029.46
838.993
1236.4
790.216
863.598
1047.36
1075.31
791.606
771.403
906.619
864.768
1058.64
698.404
911.909
695.503
921.67
1016.66
956.619
941.927
963.983
764.662
822.916
1069.67
1066.1
846.161
1068.79
764.802
853.537
775.312
1092.65
751.791
839.637
954.542
647.878
1275.66
1027.93
1075.63
880.464
913.321
884.547
816.11
753.397
967.224
689.041
735.857
1058.72
1069.29
659.614
968.185
921.043
1216.73
925.22
792.923
898.495
1142.67
1103.4
891.854
723.773
849.364
1017.33
1164.92
921.529
874.137
896.676
1108.11
926.282
830.655
708.825
1135.05
907.247
856.433
792.265
991.547
886.799
1132.71
1078.82
1089.96
740.749
932.582
1310.8
901.507
1163.44
1038.94
973.688
975.82
842.802
1014.55
928.059
1243.72
926.351
1028.63
749.628
884.274
925.421
894.222
830.608
895.717
956.827
641.075
819.724
980.769
1075.47
1088.96
874.715
1257.37
792.296
777.473
799.443
897.931
1037.97
1027.67
828.848
975.522
867.328
806.757
848.481
849.974
861.082
737.209
835.543
777.073
1051.51
772.661
1251.97
1265.31
794.434
929.272
1025.37
817.791
745.308
1129.64
832.141
767.98
1006.3
1009.74
829.879
803.143
740.809
699.047
894.493
1045.22
871.519
736.771
1163.86
898.808
969.878
988.811
824.132
747.555
976.112
1116.41
1001.67
904.744
1102.59
993.521
692.169
684.914
958.254
830.468
674.186
1025.6
1433.4
841.577
814.894
1117
970.836
917.311
979.387
799.082
921.481
732.583
969.831
870.361
899.904
1053.5
807.618
680.249
859.539
896.996
1013.67
1035.75
1120.13
816.801
850.936
1189.96
854.541
935.609
844.47
963.884
949.422
964.978
842.149
837.131
713.054
815.073
899.257
892.051
993.366
1128.9
1042.41
913.917
793.215
733.187
816.264
814.079
958.436
773.311
981.055
731.983
885.89
870.519
1336.68
798.881
1071.95
1204.23
854.995
836.228
770.554
786.377
900.95
823.442
1022.74
751.954
1196.71
1003.95
1197.71
835.508
1310.52
849.901
976.053
1179.84
1001.49
923.652
919.435
767.61
973.564
884.478
728.915
1327.72
994.556
833.952
1050.28
740.628
783.393
910.744
1038.14
827.128
1217.75
912.947
898.393
982.599
921.741
679.586
972.768
874.555
857.33
851.315
751.064
970.206
766.608
860.047
962.539
1140.53
857.395
748.176
728.263
799.319
859.447
731.053
816.017
917.935
794.417
774.286
951.334
1107.69
801.751
801.023
1002.52
928.783
814.587
979.219
979.041
1502.77
777.878
752.54
781.861
908.338
782.274
812.637
996.007
628.017
939.327
866.301
902.011
790.186
825.767
795.95
789.89
904.888
912.454
978.881
931.112
956.868
851.933
810.772
881.957
1259.18
1217.91
798.626
745.111
695.885
992.373
871.429
962.831
791.754
961.247
1086.58
947.733
1133.25
802.361
1012.83
1111.46
1032.11
936.459
731.018
904.36
1088.72
889.513
765.562
889.507
983.303
1016.84
1265.53
1177.06
878.141
1135.32
969.297
920.521
820.478
816.775
1141.37
1014.72
1078.87
922.557
1084.01
865.53
1102.77
798.027
1118.27
1032.98
981.679
1244.1
869.214
739.133
1025
1077.37
740.312
834.403
875.348
818.314
929.5
831.883
940.893
836.572
1060.97
971.149
975.27
1017.21
984.053
1037.15
992.366
1347.57
949.473
1056.6
767.219
862.579
1106.72
904.418
890.169
1204.02
992.556
889.641
944.05
861.212
677.283
938.034
948.543
792.786
887.766
800.741
1056.61
1409.13
937.94
971.379
839.737
1179.78
1174.97
997.509
1210.79
1085.49
962.695
1055.24
1074.09
1263.11
877.235
832.512
778.047
796.586
790.025
915.254
726.68
755.107
1009.16
889.77
1242.05
921.461
916.843
948.405
1082.18
764.45
887.888
862.105
825.438
953.306
1136.57
926.892
971.051
797.029
962.754
919.789
758.661
761.406
973.565
1000.67
951.134
828.536
1017.29
876.416
1086.91
869.46
975.574
859.566
945.442
964.763
827.796
927.933
791.19
780.745
990.489
1046.13
1615.78
1115.52
1695.25
1384.18
920.593
1077.49
824.19
680.153
858.333
926.732
981.995
718.193
716.421
680.681
905.174
866.666
996.275
1036.03
812.719
1009.31
798.664
830.911
781.008
777.486
1201.74
1005.56
912.165
757.05
748.583
1072.05
805.902
795.309
868.962
830.963
842.448
888.895
893.623
853.441
856.25
816.608
972.878
783.522
992.179
707.731
1065.24
783.296
1210.15
1259.86
912.103
915.307
1031.09
885.607
994.566
816.133
851.898
796.024
849.18
715.686
800.261
770.722
704.532
731.309
824.199
1204.33
984.78
798.586
1046.83
809.632
945.191
1037.54
892.591
870.241
879.491
947.511
741.446
1379.58
760.184
1035.6
972.988
1045.28
891.771
855.185
878.029
1015.29
983.187
823.692
769.024
852.824
798.083
737.994
1044.83
985.921
886.648
1048.79
773.792
1112.57
877.097
739.915
1096.23
937.781
814.64
822.013
888.338
747.286
859.347
1050.24
713.565
744.116
1147.91
722.302
919.909
970.149
1013.85
691.121
1505.33
1024.91
1275.21
1097.23
980.749
1099.74
1037.82
1140.91
810.849
709.101
922.889
957.426
849.375
853.64
1167.92
999.694
827.902
809.218
1001.36
1023.55
1053.47
817.791
938.384
1017.41
822.006
1764.2
978.004
763.568
923.139
1209.49
840.801
1144.29
761.563
879.874
1015.59
1200.57
711.1
799.33
914.197
833.097
866.418
802.938
845.02
746.748
853.662
838.535
903.816
971.614
1042.03
979.277
835.527
844.308
1106.8
786.387
774.938
1011.3
801.612
865.258
1027.9
800.208
821.264
965.831
1109.92
943.354
1013.11
860.95
1152.01
744.832
784.901
921.11
1150.85
778.696
1053.75
913.835
865.099
1055.68
1065.8
972.926
785.12
851.931
913.524
1287.52
1020.93
772.41
953.582
845.025
832.492
793.972
946.129
817.188
902.188
736.599
1223.27
1017.09
943.398
954.992
901.984
833.788
773.38
1307.4
1170.8
879.512
825.812
1071.18
797.096
1024.6
891.236
827.791
831.299
872.884
982.529
774.199
1070.7
977.433
762.421
819.134
760.572
1155.14
910.052
880.79
842.856
1204.3
776.816
1004.02
876.741
1026.87
805.417
889.947
927.956
1033.89
1095.09
1050.44
899.915
1094.42
845.972
1138.2
780.27
830.413
882.06
981.277
706.426
1348.25
1048.19
859.214
1077.86
836.535
914.441
757.211
982.571
843.118
928.644
1155.8
1112.41
968.554
872.866
865.141
708.027
846.534
874.513
1208.53
868.416
760.082
911.941
914.172
878.027
719.366
1059.87
1051.85
977.343
1111.75
1139.68
1088.77
770.068
832.859
819.196
1264.05
722.282
1062.86
973.45
851.77
1117.8
960.433
650.612
778.407
800.515
897.946
880.044
917.231
821.047
720.246
1316.01
1054.02
954.959
1014.86
1007.28
863.173
1004.13
735.773
652.61
1178.03
882.992
862.172
921.461
955.518
955.271
1023.09
967.787
874.224
908.068
812.878
823.597
889.771
1108.42
1011.05
853.588
739.165
971.701
963.317
910.472
1018.27
910.134
918.978
1008.56
881.396
859.036
799.247
1019.93
1177.02
1310.92
936.304
886.507
1033.35
1070.66
917.228
976.033
948.897
787.15
779.367
927.565
762.217
1059.08
934.273
1026.22
649.757
1447.12
1000.31
806.828
790.789
713.425
944.918
994.851
953.879
1238.51
790.78
727.152
960.315
917.301
858.13
904.441
1011.27
1256.4
767.964
815.017
722.06
1138.57
1029.15
754.283
694.056
815.521
1344.1
764.507
865.396
966.793
737.419
1085.32
817.355
755.914
970.661
858.51
1177.98
1050.86
873.375
892.883
739.415
1016.77
698.884
1142.02
884.666
765.077
1014.19
850.166
988.986
772.573
992.017
986.041
822.821
830.455
836.079
1058.55
861.953
891.233
914.351
1064.18
878.389
868.175
710.773
932.137
899.785
850.44
933.403
1001.58
816.205
891.413
816.074
1048.28
952.682
1289.15
981.204
977.699
818.736
1049.02
1126.98
989.187
691.657
1081.98
962.242
905.342
871.257
1052.73
773.747
822.179
1054.57
966.954
870.221
1122.39
732.858
717.639
957.672
833.061
908.135
785.622
813.93
817.549
1147.25
1243.21
903.721
943.415
1205.47
855.503
1075.6
1041.77
1025.15
1176.41
950.723
891.746
1314.23
834.067
1036.71
985.405
829.888
785.812
739.242
810.146
1082.9
702.984
880.473
924.735
748.453
1222.46
947.78
1229.43
1125.59
1385.29
831.658
719.356
790.201
955.575
943.914
894.038
840.14
907.364
1150.05
982.613
966.261
998.347
832.83
868.784
1003.01
988.215
683.878
850.914
794.502
803.488
975.675
1109.77
1119.08
946.071
1021.97
895.526
942.931
953.226
1039.34
895.648
1197.56
1057.32
853.622
764.501
1224.88
759.783
888.787
724.62
936.527
845.208
953.105
1023.01
1030.04
946.593
1057.95
779.647
787.726
763.718
1200
793.312
753.636
981.688
835.423
957.087
979.753
677.971
780.955
838.644
813.065
827.748
754.875
938.778
879.818
917.758
866.628
679.199
1259.32
1074.73
761.434
796.194
712.509
959.359
885.79
1037.03
930.518
752.261
859.693
1018.35
1032.18
1075.85
844.497
764.461
899.151
1045.08
1091.18
833.846
747.787
993.396
1162.22
1014.05
1005.82
779.674
817.473
783.64
1191.33
957.613
748.675
716.668
865.381
1146.86
1537.75
723.387
1292.39
747.901
920.528
1061.35
974.883
828.977
932.084
775.407
862.426
940.235
873.028
1078.77
840.911
704.355
1077.72
844.332
967.033
807.467
709.681
815.676
905.664
1001.66
1392.02
862.047
1259.08
1037.03
823.379
834.367
752.42
1089.6
822.714
623.943
1079.16
922.265
857.972
964.314
958.469
904.506
858.401
979.189
779.433
1127.67
940.615
1003.51
1118.55
752.455
945.399
859.769
972.314
860.424
866.575
974.866
967.65
888.573
791.345
939.03
847.381
1106.34
893.854
700.307
932.398
836.006
1166.05
914.938
809.25
736.786
776.363
798.052
1254.8
1097.55
980.136
723.076
916.714
944.884
826.571
890.021
1023.91
959.092
1222.72
923.465
769.354
748.934
1034.99
932.166
1201.54
895.344
966.322
957.056
760.944
829.412
781.054
1010.86
938.381
1209.97
933.02
957.476
844.759
734.887
903.361
721.525
941.064
784.091
1106.61
833.471
918.421
1486.41
764.427
845.587
881.534
1008.13
1128.86
1081.13
733.444
867.652
1029.62
971.858
1245.99
910.93
895.181
818.402
947.863
992.14
879.298
808.556
968.568
929.071
1096.95
1204.69
1219.44
701.441
955.335
1235.97
863.885
807.913
928.803
879.302
741.59
711.947
840.271
759.962
765.643
1198.54
920.725
835.434
1209.82
1008.58
900.109
977.586
1084.58
1033.6
993.407
900.498
1055.2
822.092
1058.84
815.896
770.956
862.377
872.464
1189.88
962.482
972.011
1232.71
932.506
969.858
1074.52
802.682
892.756
1179.64
1055.68
1234.16
1188.96
827.769
803.292
698.622
809.504
813.411
982.798
801.523
965.352
1534.77
1098.24
716.826
732.958
749.508
1340.9
1198.75
975.485
933.014
775.941
739.53
969.077
859.465
826.258
994.188
963.093
1298.45
1051.16
1028.56
757.427
1006.79
730.866
1124.12
833.925
902.914
993.022
1089.88
708.461
1109.51
964.195
820.514
677.085
923.643
944.949
1079.99
737.174
967.971
1075.99
692.172
1224.41
984.63
884.546
929.476
1032.26
696.061
823.638
938.466
754.588
660.827
850.794
1067.88
1031.87
763.311
1065.71
879.401
826.35
899.919
1011.16
832.686
1008.01
842.773
891.239
876.957
1390.9
1101.79
994.98
776.952
1220.23
1097.46
986.278
715.505
755.332
1156.21
765.415
987.77
1059.19
951.166
640.078
1024.97
902.829
982.942
797.351
910.803
933.274
728.487
771.832
1019.23
851.188
862.512
857.208
1056.32
1079.83
918.932
960.776
895.81
797.849
779.47
1131.97
975.633
764.338
850.647
903.645
1165.44
870.421
690.254
702.047
946.963
784.104
877.421
768.088
1182.44
906.2
1366.12
1088.85
943.103
695.741
751.496
1116.28
747.908
1028.8
1121.85
942.038
931.459
926.844
993.442
792.859
936.582
1293.59
883.562
1120.65
1121.48
898.981
1113.24
1087.16
991.205
1008.61
881.612
928.988
888.632
842.206
895.622
790.654
780.284
830.061
1018.27
948.293
1008.34
1019.51
1012.84
942.043
1149.25
668.576
1014.02
839.077
795.385
678.698
797.198
852.98
946.257
871.068
949.33
960.169
775.105
948.656
1039.38
993.949
1056.52
926.745
1036.43
866.301
1060.58
1021.83
1060.77
820.571
739.617
905.481
891.09
878.271
961.76
980.13
1291.13
1190.86
959.463
963.433
1185.83
1172.62
906.077
1063.78
677.724
850.458
929.978
797.739
858.29
900.832
883.91
936.933
950.08
770.324
772.011
1042.98
1138.26
1034.75
1066.08
836.734
968.527
688.992
858.507
1103.93
814.019
1137.06
908.092
879.203
917.114
937.508
1317.25
839.333
794.087
1047.94
775.846
822.55
1094.69
887.231
994.018
937.81
1088.58
984.29
773.558
711.882
982.796
962.466
1046.96
977.093
963.926
768.994
1138.45
1156.81
950.897
925.287
1001.42
1145.1
803.299
931.913
689.265
1041.46
1156.55
790.598
845.161
1260.74
695.242
944.047
982.341
798.515
963.302
792.969
869.587
975.57
899.778
868.87
1221.87
776.876
854.787
933.061
929.629
828.938
774.464
965.069
923.268
1052.85
637.778
792.51
934.99
786.833
928.564
951.928
939.668
731.29
918.547
861.875
938.122
813.178
1114.77
996.748
862.703
931.392
969.486
827.687
756.291
991.198
1123.62
1243.13
1123.58
975.381
873.919
661.907
900.081
840.874
743.825
741.816
977.873
886.158
1073.96
1175.78
1109.79
773.644
1159.29
945.069
744.745
753.512
978.57
1091.39
772.915
831.566
1084.99
849.133
939.178
1327.24
909.625
817.371
790.108
1169.91
764.604
994.983
1012.51
1016.84
849.934
1065.66
841.842
992.03
1092.9
836.285
1027.95
736.107
806.732
901.024
814.597
735.895
943.054
1005.36
675.212
986.686
1045.31
1064.54
1020.01
746.637
859.121
856.173
895.436
949.666
951.541
679.082
865.917
970.102
667.454
929.438
916.186
953.302
867.082
765.576
1010.52
886.271
1285.33
992.727
1261.19
1127.14
797.233
839.096
884.01
1329.78
1013.88
887.08
738.56
1060.6
752.478
1238.3
1095.35
1072.36
814.477
1011.94
993.525
1006.74
790.032
885.535
845.223
911.874
935.987
898.738
797.961
972.268
828.299
789.831
681.728
724.839
811.504
927.271
892.729
1139.7
837.128
928.546
1098.34
873.011
871.016
969.064
781.987
711.13
778.427
977.13
918.168
800.596
761.628
1032.45
967.529
1030.5
693.892
881.664
1054.84
1131.24
1012.97
821.299
934.218
1137.83
826.552
850.866
942.361
957.37
951.55
941.572
790.042
725.07
1016.97
863.485
916.067
1004.31
899.685
1121.4
1206.68
771.439
982.522
778.724
730.782
915.394
1002.79
949.144
896.939
973.21
961.317
1072.65
733.906
941.586
883.098
947.345
1239.71
912.706
788.241
783.552
873.699
788.719
1051.54
877.514
1153.17
785.634
842.379
779.416
829.727
1089.59
807.378
884.397
1045.12
942.994
821.215
1590.37
859.37
1089.33
979.746
841.092
863.405
1012.71
792.298
1039.42
922.607
999.584
858.329
1121.24
880.095
736.509
1149.53
1030.68
812.286
963.81
1055.02
784.77
910.454
872.011
803.234
1080.25
948.055
1217.24
1148.82
700.152
1100.84
691.039
757.042
883.401
922.254
1021.24
1117.52
893.117
1038.5
1168.36
1180.12
1287.26
750.471
872.779
649.494
877.174
867.791
895.694
945.032
838.854
859.816
761.271
1018.61
887.239
923.161
993.62
731.069
861.189
1066.81
1285.07
690.277
984.715
871.804
765.256
1076
841.317
1065.76
779.081
817.468
1137.83
965.968
915.139
1044.87
848.89
882.323
762.907
793.542
1322.43
953.774
971.27
802.218
858.315
883.44
643.621
684.325
915.398
1306.42
909.023
713.695
855.607
1106.66
737.669
877.852
1015.16
740.756
1103.64
831.167
895.034
1047.6
1058.55
1018.31
977.497
1138.84
1053.89
786.586
1030.57
962.504
967.342
835.046
828.832
677.266
1103.12
1368.6
879.46
893.564
729
949.124
992.091
1018.72
730.995
1000.75
823.821
855.174
1080.62
975.541
914.262
912.006
731.049
807.283
985.439
681.29
798.178
769.238
939.654
875.456
813.04
887.597
952.345
806.825
893.876
898.33
1132
758.772
1048.81
903.935
927.769
1022.57
1096.36
814.762
827.901
986.133
997.681
905.803
853.897
1052.28
812.113
985.646
940.875
915.698
970.068
777.271
1249.8
1169.17
806.76
1074.02
901.923
722.388
935.278
1055.5
924.7
865.597
896.336
1456.84
942.767
1291.05
986.383
878.294
914.651
910.051
826.89
627.544
1012.78
1110.4
961.975
1066.38
949.607
834.14
959.178
777.166
739.313
790.43
1074.58
847.482
743.743
861.513
1064.63
894.153
901.61
986.763
849.97
883.602
831.708
953.607
990.268
1300.34
981.761
1053.44
1027.93
857.207
1001.06
829.58
888.168
812.987
876.501
1104.06
875.289
898.333
835.778
782.377
1201.32
899.674
905.94
804.532
1148.18
899.752
779.418
994.587
1017.06
1139.8
848.169
707.723
1061.05
860.93
834.631
934.714
914.452
827.015
1059.53
959.317
825.994
889.237
882.418
1230.71
959.169
1206.16
783.173
1098.78
928.926
1405.74
835.452
946.699
966.464
826.787
763.507
1251.43
1128.58
709.105
843.906
780.633
976.786
785.74
790.131
959.479
797.148
764.914
814.557
921.769
889.745
902.753
879.844
781.077
814.721
886.333
794.279
853.493
809.192
1140.36
1049.29
1170.29
873.112
792.386
944.746
1024.39
689.628
1275.18
986.162
803.012
987.943
793.569
817.565
834.096
1176.73
1215.51
868.663
1086.81
889.286
908.706
961.541
779.733
933.057
902.666
1013.7
895.461
1088.77
970.214
870.154
1095.57
979.247
1236.27
744.89
1124.74
833.44
1125.07
936.74
852.869
791.536
843.107
841.969
823.057
868.128
918.077
901.039
846.307
915.914
1021.61
752.532
742.829
953.585
952.537
859.129
1052.63
809.313
842.005
759.054
837.436
721.522
1074.39
1143.69
921.624
1004.54
851.974
1075.76
885.646
837.448
865.699
850.073
846.258
897.986
868.239
895.141
946.612
808.299
910.533
1126.56
783.258
900.698
759.681
733.605
1241.99
836.857
737.93
1055.26
1140.35
844.312
820.342
1098.03
811.885
906.982
833.638
1004.57
685.306
1340.84
943.941
918.518
878.136
804.429
869.486
847.669
730.308
1638.4
968.797
877.587
1051.24
786.57
782.34
850.944
817.512
732.597
851.341
963.964
827.666
1079.96
932.987
1174.96
1034.72
850.103
1216.83
841.291
930.586
879.666
671.632
721.43
810.971
828.405
1071.84
785.821
675.375
761.432
797.677
921.928
698.408
1083.67
933.507
780.947
1167.02
882.533
783.571
986.899
1108.66
1019.58
983.588
978.586
906.251
1010.76
790.517
1014.22
923.935
868.872
971.593
974.911
938.205
922.766
937.845
1367.94
915.701
830.146
752.628
784.523
878.667
810.956
769.457
728.044
1190.17
895.412
575.834
819.742
1195.49
858.559
914.96
826.746
983.441
784.439
890.542
712.942
819.439
901.447
898.08
668.769
1093.38
906.132
941.137
790.589
832.646
970.308
1022.77
1034.12
1111.67
1017.73
866.295
866.755
958.039
900.96
921.755
967.718
1035.5
845.974
1503.4
743.429
1090.8
720.895
914.968
1067.78
772.158
1030.53
790.278
839.859
696.567
1000.34
788.398
1107.23
1016.36
914.006
913.965
893.597
953.921
1046.33
1007.91
1010
969.747
745.272
915.995
794.652
848.968
812.681
942.114
774.355
1080.95
907.867
1148.19
1070.24
1056.52
805.367
809.564
998.06
1106.62
918.581
729.986
696.937
1017.39
969.726
846.733
872.592
909.868
879.123
784.482
907.298
786.524
841.574
813.824
936.654
672.274
797.531
1285.28
1038.12
921.274
791.428
952.373
953.63
1182.38
887.265
1066.87
885.024
860.75
969.415
1229.46
931.291
809.213
961.801
989.158
848.92
950.095
756.803
942.511
986.049
763.979
775.411
845.394
1043.51
879.673
794.316
799.317
717.945
1326.58
1111.84
776.698
816.895
791.136
798.835
725.47
1154.24
979.297
708.239
1188.8
1047.24
950.093
858.029
1144.68
1014.12
865.391
1110.83
970.037
976.105
1304.88
947.03
1245.65
1198.18
830.877
848.271
1117.64
740.006
1388.1
984.365
864.101
946.737
1049.22
1023.76
832.312
1211.29
741.664
1134.63
904.447
776.05
1118.34
1010.6
1124.81
922.795
1298.04
665.927
1013.97
1022.13
918.096
1335.43
863.76
653.913
897.813
909.811
1004.25
819.171
908.748
902.414
1145.4
1011.45
1187.66
1314.87
1007.21
931.64
832.001
713.093
877.825
855.412
967.346
1141.73
755.896
842.922
1005.87
1027.5
1031.96
892.161
935.363
799.377
988.148
919.519
924.008
876.227
957.905
645.194
915.187
1122.95
859.811
843.129
867.171
911.412
1179.97
762.617
649.106
854.914
1027.74
704.646
945.072
813.724
869.459
1000.06
823.154
1254.66
810.679
854.857
899.237
1008.81
1462.65
711.981
860.375
894.061
820.165
979.143
1089.3
1012.58
1123.57
850.363
777.06
1271.57
944.375
768.397
874.939
989.872
807.605
862.159
944.992
946.471
936.293
743.263
827.954
1246.05
933.931
893.312
962.675
987.426
1078.83
810.3
832.081
849.127
838.265
1069.61
828.417
975.884
904.869
863.829
977.114
1055.02
982.666
683.436
788.914
757.952
1029.65
949.852
1104.49
941.572
757.768
814.374
1087.97
907.042
963.196
897.426
891.284
856.173
1004.56
915.599
972.419
816.148
831.428
796.459
773.886
787.837
712.152
1026.42
1512.42
778.969
992.96
793.033
821.976
1086.72
931.592
696.737
922.191
1052.63
966.807
998.754
698.617
1153.7
888.47
774.624
928.232
762.097
1050.75
865.618
796.017
1103.69
729.522
963.543
993.596
877.251
919.021
924.756
903.207
865.875
1166.35
879.98
843.307
928.346
800.913
795.77
721.818
1064.45
653.303
1112.95
993.255
838.324
779.894
936.573
1005.96
927.424
842.236
933.372
1023.39
992.391
841.86
960.758
1024.58
973.761
1190.39
1322.84
1465.42
889.348
861.507
1054.68
824.801
630.85
883.089
1176.61
988.652
662.852
881.164
1127.24
991.83
809.671
1078.69
1010.63
986.587
803.009
755.983
785.922
924.824
654.675
804.389
886.613
811.719
1416.69
1023.11
901.993
1190.6
1193.93
927.521
964.735
869.2
841.721
982.744
713.703
1055.18
830.649
698.222
990.637
1446.51
843.791
792.908
717.255
1265.9
756.669
706.947
1233.74
801.16
972.501
937.66
1030.43
830.896
940.586
759.309
1090.67
769.989
895.305
965.114
799.398
808.785
884.993
778.415
781.333
792.258
924.465
768.161
1016.84
877.544
910.152
1012.91
1408.17
913.096
882.378
810.321
1062.34
882.68
765.405
907.256
988.611
916.113
974.983
914.798
935.748
1094.61
1053.89
986.589
983.966
860.76
1005.56
1120.31
1291.31
803.748
785.757
1136.92
895.452
1157.87
915.039
952.801
819.396
861.846
887.944
863.806
1134.76
942.998
691.964
661.528
956.557
756.131
973.937
1251.32
1053.25
722.159
1072.1
756.369
898.193
1170.69
844.391
967.88
912.523
614.222
691.213
771.689
869.005
832.456
1066.88
802.592
1209.92
1119.21
1207.82
941.114
968.751
1187.34
829.199
919.984
947.178
978.152
1196.41
931.607
963.358
1206.96
1040.19
971.796
938.397
851.765
955.317
1086.69
1331.75
1147.27
839.664
771.88
762.524
695.812
998.028
933.646
1112.07
808.18
811.697
950.769
792.62
879.523
861.051
828.989
977.276
783.258
789.728
845.337
680.059
875.073
1404.98
768.651
970.067
957.341
888.963
942.072
815.195
1167.84
956.347
637.659
1077.41
850.925
846.148
916.89
799.905
1105.31
800.018
842.911
890.374
1351.8
1041.72
1202.99
1126.34
800.833
686.703
946.698
1027.37
1068.66
886.638
960.387
811.684
882.734
946.65
869.183
929.168
961.53
935.079
1104.24
863.192
946.988
1092.19
861.916
901.636
1197.19
872.419
1094.96
1094.25
1024.73
751.326
1016.86
914.047
802.39
1155.97
704.639
765.043
1059.19
867.126
808.133
855.041
1075.06
690.478
1008.71
984.787
917.154
786.79
1329.45
886.15
677.195
933.478
1153.52
849.101
780.259
988.915
1220.46
1033.96
898.793
929.935
1076.17
949.603
753.5
896.168
890.406
911.168
802.753
1073.81
935.177
900.127
890.675
1030.22
716.937
1212.53
973.569
899.173
849.642
822.174
769.467
905.825
1101.22
793.974
959.984
747.305
964.959
609.617
1122.19
1122
851.486
997.603
1076.04
1092.19
1022.9
888.97
982.867
1040.49
901.153
983.369
985.828
827.416
737.922
979.885
993.071
971.24
1027.46
1245.61
1048.06
917.758
916.84
914.855
845.401
674.014
717.302
1133.72
847.998
816.865
1226.44
671.931
974.657
1058.6
1104.28
872.95
828.761
831.204
832.332
1202.36
968.23
1072.47
834.208
859.977
991.713
920.863
933.205
886.481
1089.61
737.846
828.395
1003.55
892.991
920.299
787.903
1068.23
790.035
857.206
728.704
1818.73
1064.6
909.3
933.712
967.698
1044.02
1011.59
915.015
891.29
834.622
1108.04
958.504
809.513
891.838
1079.64
960.485
957.889
1016.64
838.475
979.591
730.269
1152.08
714.194
766.55
865.59
720.621
804.927
1186.68
949.119
999.67
887.599
1008.44
906.695
876.279
936.495
1177.85
807.603
834.477
841.008
840.369
1033.76
794.994
893.475
995.858
955.567
807.111
845.686
715.603
1020.15
843.422
880.528
1043.46
987.347
952.598
949.668
1006.01
883.328
821.2
872.773
984.093
845.698
1118.96
1139.39
1110.78
1061.44
956.788
941.621
804.131
938.092
689.937
1087.6
818.894
889.63
1395.49
772.727
912.478
1101.85
968.299
1038.43
1199.51
1103.9
717.571
1066.71
871.64
870.85
659.903
865.053
766.138
743.772
788.677
861.342
913.319
990.965
960.472
1089.16
907.799
1018.25
1020.68
1058.28
777.521
892.658
790.396
803.547
807.297
786.73
786.155
922.026
1215.33
1144.53
888.318
857.834
665.25
985.165
1193.15
750.588
761.525
780.983
844.702
943.092
782.411
1318.25
956.611
812.892
835.453
1046.62
793.323
804.639
897.228
810.021
931.068
850.234
899.207
940.09
768.74
1098.86
776.37
804.532
784.147
925.342
908.08
1016.7
1001.14
687.769
1363.35
730.173
706.23
1242.95
1070.93
965.101
922.881
1062.19
901.853
919.614
702.167
769.954
818.944
1008.5
931.386
877.659
795.226
728.627
812.116
849.689
1045.2
961.934
1023.39
858.597
742.525
660.838
789.295
762.666
892.756
870.653
806.166
804.623
961.792
717.222
1004.2
1315.21
741.342
1024.22
809.074
992.004
994.648
852.85
1120.58
1001.02
870.934
1064.29
1100.98
1102.44
890.753
1095.85
1038.22
1003.26
866.498
789.65
776.523
1056.79
1099.42
731.062
941.443
1094.01
802.586
1078.88
1477.68
818.558
1165.52
1017.61
1018.78
835.023
836.089
824.28
820.506
992.67
917.131
953.287
965.71
904.174
1216.62
999.87
867.408
788.831
1430.75
802.472
776.421
1158.77
1676.46
878.005
961.447
851.629
1011.84
1109.77
941.81
732.295
893.888
1007.46
1078.45
1043.13
727.636
1003.61
879.082
943.586
1029.16
901.453
814.716
879.67
1036.75
961.222
1104.84
993.796
688.469
780.109
842.842
812.302
1004.4
954.144
892.016
1079.54
1029.15
926.448
918.523
881.08
884.657
1390.56
879.312
847.28
855.742
795.675
1018.22
1104.96
1176.51
1362.37
859.159
781.306
1004.8
1057.95
860.842
923.389
864.613
913.506
1088.6
727.346
811.164
888.024
891.681
968.067
890.243
880.839
831.354
1017.24
738.068
904.488
935.385
1202.66
796.314
897.151
921.042
837.678
1056.38
825.177
891.358
846.449
877.477
1028.58
921.08
775.469
1180.45
921.686
823.831
1247.98
1599.83
713.721
1135.74
708.442
1197.67
812.687
1015.46
814.359
913.588
1032.09
786.18
862.805
919.761
899.179
787.956
1146.54
953.591
741.995
756.079
692.354
1016.17
842.927
1021.13
1243.32
1171.6
705.071
1215.99
785.525
1135.97
1026.06
947.742
1033.27
833.669
871.039
891.703
984.268
890.423
767.985
770.237
953.751
999.902
954.062
903.202
998.484
1048.81
825.598
961.076
1060.18
1021.95
961.265
970.109
742.273
873.131
891.318
857.074
965.984
796.924
866.047
1664.6
1056.06
867.994
1043.64
694.692
1133.5
979.447
812.774
850.107
694.4
1099.52
989.888
831.412
1018.75
896.278
1056.64
844.435
895.027
787.667
945.854
911.262
1059.02
1286.98
867.998
1081.76
1114.46
743.865
951.621
818.373
1143.09
693.672
881.04
837.866
1291.96
830.335
1160.19
1113.72
1539.28
1096.53
973.288
720.012
1020.06
786.864
826.524
930.225
869.858
895.068
799.606
884.003
940.146
933.067
972.006
1033.73
972.171
738.78
753.349
984.447
633.03
1207.72
1213.26
663.808
1100.01
804.965
746.184
787.931
693.043
749.831
824.623
799.081
889.09
838.167
757.756
845.44
990.975
831.43
1009.21
995.402
867.71
856.88
1002.81
927.104
851.645
916.286
747.637
1012.96
777.833
901.315
1001.91
912.347
811.292
719.632
1011.99
917.084
904.97
1348.67
906.256
781.952
1008.36
834.99
1354.6
998.34
1236.73
1014.99
826.691
1242.85
1007.21
788.702
887.534
746.242
819.335
1054.29
931.554
725.411
1129.36
789.571
692.844
1462.99
1064.18
755.31
1083.1
684.896
814.502
976.953
1074.98
1042.95
1057.93
923.691
937.575
942.109
763.935
863.094
1103.21
879.966
885.975
861.124
951.72
873.649
938.818
863.699
882.327
948.374
1197.37
895.693
875.94
826.256
881.74
837.721
881.501
936.665
1161.74
822.179
1037.12
887.544
921.879
912.187
1016.02
1034.52
844.171
900.973
929.821
1241.06
994.499
893.836
987.414
717.328
818.43
1014.06
950.755
619.832
769.41
705.776
873.108
973.324
965.767
779.36
1006.37
844.372
854.488
827.898
1013.49
792.362
867.913
920.009
1285.19
1010.08
1143.84
967.859
868.176
1124.51
980.646
877.017
1084.55
939.507
1056.7
927.455
827.136
1026.17
904.35
886.254
878.148
763.293
880.071
622.714
961.447
1044.35
1195.24
955.074
966.424
1045.32
891.479
1232.76
763.46
874.504
992.862
998.401
757.485
906.073
831.733
791.579
929.31
862.925
851.155
844.968
1103.06
971.399
1212.75
785.618
1024.09
859.39
789.761
828.61
831.74
919.659
888.758
1044.87
970.425
900.75
978.192
745.075
1154.57
756.31
872.04
934.348
909.459
1020.63
987.138
945.494
1078.74
1053.91
952.226
856.093
807.367
913.174
816.934
1012.33
1029.65
825.342
847.8
816.678
812.969
861.575
890.761
772.933
708.578
991.121
804.968
947.363
893.973
943.327
920.116
909.022
756.359
814.999
721.165
784.659
988.635
855.44
834.504
894.139
1127.05
963.743
860.263
1190.36
867.559
881.3
770.004
1059.03
1037.46
1355.72
937.014
1069.18
1475.14
940.325
980.448
785.02
1141.91
849.772
1042.38
1166.49
907.368
841.011
1074.07
835.709
1342.39
1247.83
1078.62
823.062
812.842
836.583
948.045
737.578
964.435
1120.89
787.451
1013.34
931.639
809.327
834.73
763.836
985.253
869.545
951.722
667.036
803.531
918.944
1450.29
970.16
1013.6
931.958
1033.68
871.602
960.592
751.911
933.513
894.953
1064.46
1081.58
1170.4
940.59
782.686
751.096
875.343
834.296
666.642
1199.39
851.776
728.456
945.117
957.287
1129.26
823.222
723.405
858.678
1016.3
1052.87
813.826
790.815
834.094
781.494
1154.14
1002.43
830.32
800.106
935.132
870.765
1026.78
945.554
739.824
1178.02
707.988
1241.61
831.046
774.616
928.599
792.056
1075.29
943.828
1074.14
842.821
762.79
1037.83
1063.71
780.344
1078.03
799.061
888
736.188
879.5
859.987
826.346
859.388
992.865
953.272
1009.97
868.724
1105.44
1037.57
836.582
874.408
1162.09
923.015
897.528
1155.06
809.476
676.973
862.958
765.397
675.574
895.969
953.778
862.526
921.129
813.597
1083.97
1287.72
1083.31
1023.73
1107.89
834.635
789.752
950.05
826.6
826.335
1147.56
916.574
1127.3
929.642
871.08
1283
981.296
726.609
1001.78
1181.7
837.262
1122.08
935.587
778.052
936.827
736.944
991.495
1074.11
716.728
742.165
1090.42
947.078
1110.26
795.959
818.185
996.646
1016.34
844.053
788.627
1078.81
911.243
791.672
1086.24
792.558
693.247
776.43
966.557
1072.16
803.514
1142.44
1153.5
888.3
973.702
901.937
1107.34
1246.95
846.296
828.753
684.417
834.82
831.953
636.162
1099.83
1044.72
965.608
743.586
1133.94
1039.4
931.715
961.595
809.458
894.13
790.92
931.777
889.227
1051.93
957.349
950.77
819.115
933.063
1066.49
707.997
834.265
1122.47
990.982
771.222
1001.56
924.402
889.789
918.778
919.147
914.154
907.673
991.543
971.198
958.287
872.884
1121.68
928.299
898.138
1159.13
1053.42
670.003
993.019
763.552
968.696
796.761
842.585
942.904
941.544
1073.62
1242.1
1001.09
737.747
898.066
1014.14
1097.62
800.419
985.922
947.048
882.802
1245.98
801.896
949.543
945.542
1051.82
1037.97
839.656
842.359
1019.6
1077.18
1005.19
805.219
900.998
913.145
853.525
943.311
955.853
864.168
870.217
835.968
878.331
801.086
974.769
833.703
846.362
775.852
798.443
929.804
862.987
684.99
870.51
985.922
917.91
715.231
929.23
1052.58
1089.01
874.96
855.867
728.926
771.287
825.009
678.087
1034.72
1039.31
642.781
932.906
850.296
839.074
1069.78
831.481
801.882
1356.5
933.697
1461.19
1039.88
846.094
911.323
829.43
1002
709.929
982.426
687.559
837.415
857.708
963.833
809.505
890.617
948.292
712.751
743.953
925.429
950.181
938.857
741.496
976.653
1082.03
782.943
971.028
1145.54
1045.97
923.363
1129.92
967.071
857.067
1321.16
930.641
929.223
792.533
793.878
1236.12
806.855
1026.27
1162.56
799.969
743.772
913.332
922.97
777.027
929.103
843.951
589.126
915.615
870.452
820.125
852.818
889.043
1138.68
1087.34
993.684
968.712
882.024
1234.75
902.607
879.411
870.328
948.104
850.872
1170.65
969.913
924.181
818.738
924.838
875.894
1040.72
1590.71
793.677
1061.55
938.051
931.713
833.756
1448.56
864.988
1037.3
904.318
898.106
986.546
829.379
1394.16
854.955
994.013
908.652
755.115
881.535
815.874
990.252
785.63
1011.06
966.397
981.131
886.013
906.063
642.47
768.747
747.786
884.474
759.211
845.784
1481.58
869.336
950.102
807.17
834.234
904.707
1034.14
961.299
1029.79
1108.54
1157.27
888.794
979.579
899.462
787.715
747.313
990.174
999.774
1074.23
829.787
964.622
988.833
892.781
758.745
912.722
879.047
1069.62
782.653
800.784
899.762
864.129
1007.82
1109.6
668.908
854.847
952.016
949.576
1108.65
1026.32
973.795
1161.54
934.013
1227.54
869.61
860.667
1294.13
1100.19
778.726
797.061
826.296
1201.03
728.73
808.057
831.896
1042.83
975.61
1033.24
979.638
1100.05
1134.52
866.839
1128.79
905.438
758.997
836.516
895.814
878.08
896.15
909.15
700.967
785.61
827.298
798.87
828.797
737.363
839.216
945.952
736.159
972.911
945.28
1249.24
906.917
896.156
1538.89
858.149
1049.95
770.173
1108.92
807.127
932.198
1022.94
960.872
908.926
865.418
938.929
1058.27
976.67
1018.59
816.755
952.181
1059.27
971.739
861.58
988.853
972.135
919.308
820.288
1031.99
875.381
899.996
1143.41
811.56
789.23
1061.51
901.961
778.802
820.885
1057.15
1080.96
740.6
1001.82
862.497
946.585
870.87
1121.41
983.573
1239.11
972.19
930.803
1371.19
1255.6
847.671
876.893
980.559
1053.21
868.801
862.758
779.063
950.455
741.906
989.764
941.872
976.238
755.164
809.013
816.177
762.286
895.355
1010.16
948.668
890.66
768.558
722.821
709.184
849.558
867.269
955.534
1018.71
810.931
886.575
804.601
954.989
875.065
1246.24
1044.02
832.44
954.872
789.928
877.895
804.595
809.873
756.895
927.981
775.968
924.1
762.624
1238.94
939.985
793.65
1056.09
755.965
750.105
776.061
901.394
839.96
1175.59
915.104
801.079
1030.94
917.678
1039.65
645.883
1133.82
887.289
1027.21
1291.11
762.43
770.888
951.31
1029.31
882.467
954.699
1125.55
1119.85
802.161
856.279
1025.85
787.328
1159.18
961.355
704.58
1045.82
953.928
933.561
881.369
906.417
1064.68
837.04
939.999
817.079
875.873
894.322
733.295
937.175
928.811
879.973
672.195
867.726
1130.59
1024.77
1133.53
1008.06
979.585
804.709
818.442
764.731
716.5
1019.17
848.915
731.147
726.773
979.876
985.998
958.529
1045.46
895.986
870.596
828.227
876.487
824.813
899.805
1060.13
851.936
844.345
1000.57
1365.85
956.171
704.67
820.314
950.653
1220.14
1028.15
989.938
804.195
1089.75
852.189
1169.06
826.82
1313.86
1006.87
905.953
772.509
960.6
922.33
815.372
793.372
981.529
848.031
970.504
915.162
921.866
903.349
994.214
1103.76
1149.88
896.976
866.375
802.18
997.534
839.577
1094.33
1240.98
1009.74
711.218
1391.35
704.247
769.898
1018.08
870.088
873.705
896.855
840.737
874.343
869.778
1021.46
979.747
1126.3
982.74
942.709
966.384
747.125
1033.04
1003.45
1381.57
686.649
936.231
818.5
695.554
896.01
816.385
804.635
1003.63
1006.85
773.962
779.538
939.815
909.356
890.695
902.109
818.78
859.158
1196.1
694.125
711.874
769.757
708.899
872.303
956.965
1287.42
728.579
1370.03
883.165
999.161
982.928
1122.78
1287.81
1326.19
1245.95
849.898
951.009
999.963
805.141
992.7
953.972
894.86
783.08
1185.67
741.109
841.175
875.082
1014.6
917.543
1069.12
1006.82
1139.63
1128.47
716.871
865.378
1141.78
992.755
814.22
786.256
674.804
818.458
760.144
726.829
847.002
913.243
1169.46
948.252
749.83
891.901
888.528
728.418
1013.27
1009.75
976.132
1061.74
1149.72
965.29
749.214
787.179
1152.63
883.5
825.281
1010.2
930.961
753.383
960.996
874.79
1050.01
745.63
776.202
1078.22
857.635
815.685
731.479
1031.98
852.879
1130.81
913.899
796.418
893.086
766.278
965.938
833.626
921.47
804.082
812.624
880.872
968.709
1283.99
970.233
792.089
841.08
919.925
889.73
767.71
1106.19
1462.96
893.165
929.363
1217.26
994.747
831.162
1072.62
1131.86
837.322
930.93
805.697
821.196
953.204
897.189
698.63
1186.34
814.182
696.08
1085.76
843.181
798.2
970.918
767.716
761.686
1040.62
928.461
1159.11
781.808
807.695
1036.13
1067.14
1172.19
955.54
748.521
790.499
757.895
1068.84
747.309
1033.44
1203.77
908.28
777.251
1208.72
879.372
1409.01
1151.18
891.758
893.768
1001.08
831.376
917.146
926.906
854.031
1006.42
791.965
753.647
803.044
855.322
670.262
708.517
936.45
779.637
829.098
884.446
773.652
995.313
845.006
804.531
962.387
700.937
883.361
736.636
1006.57
1045.06
991.679
939.063
903.907
1020.33
849.531
1229.26
985.158
1134.6
835.209
697.599
897.877
867.815
897.716
1056.33
871.572
1183.86
1187.58
858.247
1439.54
1247.73
1185.64
1024.85
893.418
1148.86
939.831
1067.56
811.945
864.943
928.843
913.605
981.474
1156.17
1160.55
856.735
907.115
699.599
813.852
1137.13
1113.95
703.519
673.655
836.831
1151.51
741.322
964.43
866.771
726.134
866.718
952.364
758.761
978.858
970.913
914.379
1142.66
690.018
1256.12
898.94
899.502
940.437
1040.71
780.971
1088.91
654.492
730.906
928.53
905.581
973.112
1069.79
1009.28
841.92
788.716
901.15
871.902
748.501
1156.11
1059.44
802.212
986.741
1060.84
862.333
837.07
943.897
884.1
970.879
896.363
1099.55
729.178
824.898
960.863
884.45
1029.57
910.507
718.826
884.344
993.77
923.525
980.343
881.498
1046.9
966.114
945.842
712.58
1137.08
776.599
790.152
1101.06
783.893
757.799
802.838
870.48
1044.07
881.402
854.812
1082.28
895.077
801.701
887.748
930.972
700.315
822.682
916.926
762.674
1088.76
888.382
827.714
724.428
1188.64
1008.27
846.979
908.688
1270.37
1073.37
788.626
1063.6
882.118
1011
893.265
695.767
765.414
1047.22
724.361
833.472
1032.27
957.21
816.755
1155.71
875.035
809.048
804.496
1278.27
864.716
800.601
1047.08
828.76
1213.31
984.447
897.724
1140.69
816.588
783.323
858.696
702.241
935.652
801.374
842.621
937.748
1061.28
973.485
932.714
1063.94
870.379
988.342
1013.23
1095.24
838.274
1580.57
1033.71
741.594
814.122
838.95
1117.85
712.502
969.719
933.516
942.258
780.128
947.964
874.573
830.813
770.914
782.544
812.82
985.856
1135.29
868.991
878.152
996.193
654.441
843.481
1091.57
745.96
1365.13
846.241
795.229
820.278
1063.59
971.542
912.853
941.402
917.383
776.293
1030.37
760.577
1008.76
1014.85
933.348
1156.89
901.66
1023.17
729.405
682.08
982.475
1063.13
893.935
760.452
931.758
805.699
884.293
1197.41
811.527
859.527
943.786
1063.86
890.184
950.278
788.553
861.67
952.461
1210.18
1006.02
1059.75
994.236
1160.11
877.476
907.756
848.715
660.887
778.495
790.613
834.271
920.424
851.732
757.648
915.625
794.769
982.43
850.052
919.128
1009.3
806.68
964.81
961.886
952.11
741.912
1045.89
789.581
1380.83
782.886
1372.12
904.653
801.251
860.681
937.296
788.599
936.138
802.419
1122.58
906.546
916.426
836.046
828.72
1118.22
927.97
779.144
988.163
985.182
1113.41
838.476
752.279
907.925
831.049
777.989
890.453
653.487
940.886
935.572
902.283
1050.06
777.617
841.609
1016.98
906.094
1069.43
903.046
1240.71
928.302
944.413
1088.91
1091.89
999.518
787.992
876.6
776.018
924.154
1042.28
816.793
1056.02
1052.5
722.773
886.733
967.875
1091.89
879.935
1039.46
1312.15
1018.58
871.191
1038.95
1267.96
981.502
1083.96
810.477
799.902
866.068
877.735
807.797
1107.23
1063.83
939.679
925.917
805.706
977.845
857.382
739.353
901.142
874.673
1113.38
669.212
780.096
771.523
985.28
1190.64
1236.47
1227.86
639.218
1325.33
1074.44
1062.11
761.232
807.654
1146.5
897.991
787.546
896.433
763.051
710.72
872.176
970.434
755.27
1144.89
1069.39
1178.37
1077.78
834.573
928.993
837.13
1009.68
942.511
962.554
1083.94
731.862
907.432
882.186
945.863
977.155
1265.96
798.452
1174.59
815.905
831.165
840.197
1025.06
868.808
822.716
972.817
1504.91
862.909
842.585
855.022
730.027
1121.29
1536.61
843.704
1040.33
1015.75
1060.77
1055.93
994.683
1256.7
970.571
775.662
866.938
737.354
901.386
791.511
1342.09
881.702
871.5
900.1
1199.25
769.192
775.142
970.675
884.567
755.002
902.95
827.416
1094.23
807.434
1329.06
983.506
810.095
964.819
1134.42
1118.98
1095
1062.37
968.03
883.604
959.62
883.423
1123.01
896.505
972.845
813.525
988.218
1229.58
1055.99
1016.73
849.427
768.742
819.299
841.525
912.415
1004.44
910.303
960.301
736.407
1158.18
875.925
689.534
925.921
890.587
808.022
925.59
778.097
1013.46
765.495
966.568
891.295
747.022
881.365
937.498
750.815
1014.78
1049.05
731.93
953.356
713.19
1092.57
975.419
915.568
943.085
1009.07
815.151
871.753
997.68
838.086
836.465
776.925
772.458
769.603
886.036
1164.39
691.349
977.023
814.136
792.338
1228.49
1018.8
810.478
794.396
935.289
1396.85
896.685
832.527
831.755
985.775
1006.25
891.76
995.671
1082.65
877.862
803.302
843.431
921.811
864.175
760.102
1256.51
938.477
992.483
792.052
729.435
1464.97
942.853
934.267
780.926
949.438
909.766
1170.97
1089.53
926.428
886.069
801.011
961.594
931.992
1012.88
1061.29
908.522
1209.42
710.561
814.134
1026.56
673.134
843.797
760.178
1003.8
974.041
852.598
1084.7
986.227
925.195
833.692
842.798
884.131
1150.38
749.627
1198.79
996.227
900.353
877.537
884.075
591.054
810.406
795.236
709.124
1148.35
664.798
742.543
766.857
900.622
786.26
791.754
1243.61
838.936
794.51
766.929
1136.42
756.134
702.696
926.42
675.087
1027.24
806.362
831.934
827.098
1221.32
753.301
908.658
848.509
1210.14
938.879
1021.22
1142.05
735.728
1147.54
1127.05
1052.07
864.192
1070.69
938.8
1120.28
908.655
757.323
891.744
766.279
950.485
1101.44
756.362
974.21
873.134
897.895
800.243
1025.63
822.785
654.513
943.918
1237.57
813.104
651.688
947.648
1023.23
1062.68
873.775
977.164
771.758
809.347
867.843
823.256
702.119
1349.09
697.696
910.836
754.858
983.518
974.77
970.199
915.512
1030.47
693.304
896.312
1110.71
1118.26
944.975
931.432
873.274
983.395
943.374
926.138
780.824
867.245
712.952
737.833
1175.63
1003.15
943.138
795.807
813.276
864.556
855.621
1179.23
838.349
868.302
890.504
924.69
685.593
1064.9
1099.82
954.25
1264.58
767.003
992.258
1044.23
792.569
743.801
1084.99
954.373
1006.74
766.835
880.355
1014.02
927.313
940.813
824.096
887.974
968.248
887.853
986.366
1147.09
1039.86
958.183
785.31
841.052
928.273
895.678
860.111
990.857
1151.34
817.012
784.9
1064.99
883.095
799.438
828.592
884.174
826.883
869.996
1044.97
847.762
980.28
1081.51
871.352
830.388
702.752
1126.07
902.444
1271.05
1108.28
971.172
1171.03
1518.95
1106.03
1177.43
898
849.551
854.501
1081.84
878.822
973.049
880.465
1026.88
932.97
1029.93
839.82
966.779
906.501
1182.56
986.821
1099.26
857.275
1235.11
694.654
728.464
955.781
939.251
920.341
923.214
807.391
1384.36
975.979
1065.63
775.589
784.415
975.442
790.084
948.045
917.588
750.273
704.742
958.517
808.742
764.988
756.361
964.281
1093.06
784.065
1097.95
1134.58
914.884
948.201
850.747
1087.73
814.505
1000.86
859.382
929.32
1055.92
933.322
778.379
777.103
867.735
852.072
870.288
1099.73
1088.39
955.492
953.816
1057.48
853.156
1191.95
673.825
1050.67
803.815
1419.44
867.409
720.931
799.249
710.508
744.506
870.353
888.121
987.362
732.116
1000.69
1413.49
808.282
779.542
726.606
1132.82
904.736
913.726
948.305
871.328
820.759
911.211
1062.18
859.038
902.441
1028.77
788.951
732.872
951.392
909.257
873.84
889.963
920.862
1097.62
876.717
1121.2
955.228
1829.54
1006.64
986.446
820.742
670.421
990.405
863.008
919.183
855.698
898.097
1019.5
1126.03
952.421
982.492
847.636
890.017
864.951
909.658
892.155
1047.19
1122.93
1053.47
993.399
1161.3
637.896
909.145
831.534
777.662
915.014
716.412
1018.55
1151.09
826.356
777.446
865.968
908.55
1126.98
799.787
929.77
781.157
901.55
1015.17
977.155
754.585
871.909
1017.12
922.703
1068.66
1056.27
1035.89
816.444
998.309
796.205
1258.63
754.454
745.073
913.768
890.217
860.902
1049.22
1032.2
912.231
825.756
863.581
1010.73
829.724
1024.65
787.807
1001.27
797.895
752.194
1073.98
807.582
971.35
904.306
1007.23
790.148
740.399
762.866
1249.7
836.204
794.429
1165.5
990.711
1074.18
937.982
765.96
774.438
793.652
955.875
691.354
803.056
819.044
891.017
764.78
905.658
1049.86
1168.91
650.651
737.309
963.756
1016.05
1013.12
970.422
1062.46
779.563
918.697
891.361
797.3
828.209
1212.36
1030.64
1005.6
1125.28
827.897
962.74
857.935
899.556
915.677
1028.06
726.223
916.861
962.037
669.987
1067.21
954.387
1262.64
881.919
814.2
934.583
1086.4
1063.74
850.574
901.709
880.366
1089.84
1237.1
1029.13
752.527
843.533
772.148
1104.73
985.662
710.419
920.446
915.304
899.288
1011.9
842.718
1279.22
995.405
860.888
791.866
1090.11
892.565
871.104
1080.75
887.736
803.763
879.661
1135.69
862.107
1300.96
924.722
941.957
630.448
1053.53
892.291
989.553
763.338
1034.66
901.521
859.308
1210.64
1041.35
799.72
844.962
1028.8
712.671
1009.51
822.002
956.771
918.886
897.398
1081.69
1455.25
1096.15
1001.7
903.203
1034.15
879.771
820.137
1055.76
1288.52
901.377
1021.22
936.799
1086.96
727.664
570.28
721.938
1004.21
701.505
915.886
934.518
761.836
924.941
1175.13
1082.89
1110.64
1248.28
824.987
927.511
956.042
814.813
786.694
885.264
1003.42
870.698
1156.84
888.232
981.341
930.774
954.763
973.408
844.252
932.269
881.152
821.784
1143.49
911.769
1225.19
830.439
1355.46
873.646
1083.26
905.298
1113.58
831.26
929.671
893.742
812.607
934.946
980.187
741.486
643.651
790.146
888.508
932.777
858.849
1176.02
831.58
968.806
1097.6
984.297
726.92
888.992
904.529
693.883
1449.06
870.397
831.614
1128.98
736.049
1158.65
978.406
789.913
719.404
839.587
1038.76
753.285
822.008
1054.39
1153.19
775.739
935.851
814.903
1010.37
996.628
776.631
1261.82
1105.88
781.835
864.85
1096.95
789.056
854.325
906.196
683.144
909.858
724.571
975.089
1002.51
1068.81
823.471
729.35
862.406
914.069
1070.83
759.763
1165.99
875.954
1139.19
742.28
749.588
839.291
994.512
1110.24
1195.29
1186.85
906.66
849.28
910.186
764.47
792.469
811.315
903.904
926.702
798.102
960.942
838.599
1028.45
1135.23
1174.59
1175.91
827.769
959.843
1071.46
805.958
1316.07
818.049
755.206
777.886
844.317
962.555
873.774
1073.51
948.97
1149.2
972.441
1048.55
971.218
836.969
1042.12
983.022
964.228
755.389
998.349
1011.3
679.021
907.741
875.462
1064.16
771.696
772.188
1090.81
982.817
845.652
1045.83
1170.26
985.515
750.11
1031.92
969.968
792.703
782.796
1135.35
786.205
970.469
834.551
1127.47
957.74
1194.65
1069.63
908.636
992.758
993.295
990.396
784.319
990.422
978.102
789.274
791.525
958.164
904.376
767.663
912.784
1258.8
1636.26
945.308
1113.71
1024.37
922.073
974.047
1158.68
1311.52
1223.7
1099.09
1002.87
1143.13
722.738
907.329
878.272
823.834
819.705
1022.54
1291.92
909.543
971.449
882.166
1036.86
829.14
934.934
1352.69
1288.46
893.89
937.759
1050.45
928.694
1094.43
886.168
815.861
743.601
923.323
842.331
917.325
827.379
983.103
964.331
1132.47
974.759
1198.74
835.037
989.754
912.567
960.513
772.217
931.749
903.693
752.228
1347.7
854.032
1025.76
902.297
888
928.612
886.356
979.712
877.774
1007.85
733.495
802.994
956.379
891.086
901.858
1321.16
790.039
984.508
1093.35
956.096
786.284
1128.29
925.458
838.293
1264.68
1039.43
904.565
949.243
865.446
962.435
717.978
989.245
1350.71
761.13
839.136
939.547
742.598
793.499
771.624
697.918
739.798
1027.37
874.054
850.236
1081.61
1147.28
905.888
941.092
806.919
825.675
1008.99
954.672
1149.55
948.447
1148.37
1562.14
942.106
805.882
990.422
974.577
1045.93
699.783
864.896
1221.18
1438.74
985.949
1157.21
776.085
898.76
743.678
1073.22
924.347
1108.73
1025.7
904.832
893.627
1303.19
1125.5
845.947
1031.14
880.31
806.057
912.646
1206.86
833.608
702.503
826.85
1090.76
821.324
759.826
957.117
677.922
814.963
996.136
959.207
1010.08
704.728
894.079
806.356
627.427
872.532
778.892
788.291
814.559
1127.26
925.5
951.477
799.212
852.632
985.591
1019.17
792.679
1020.9
841.332
898.38
772.781
1040.24
822.488
834.326
972.793
836.331
1005.81
888.235
1231
895.891
717.919
1447.45
989.463
700.563
836.84
837.401
1029.14
869.66
884.896
1188.01
760.301
713.681
882.344
714.746
862.456
880.778
903.091
829.438
882.842
859.702
1379.82
740.709
1049.77
785.683
1015.77
841.935
886.516
777.323
820.423
922.939
822.943
763.929
872.182
934.035
899.678
852.578
940.588
759.887
1025.3
820.172
749.654
993.703
922.073
1073.5
796.275
938.023
1145.74
961.581
944.377
1135.81
751.987
992.87
864.906
900.782
885.756
740.275
972.278
1238.32
1123.67
857.704
952.456
945.139
743.356
722.33
1380.68
834.913
789.047
758.933
829.499
816.565
781.631
773.645
951.182
841.989
824.148
1168.36
978.612
886.242
974.365
1000.96
950.977
872.114
1051.59
1214.08
946.122
692.524
1009
905.181
908.221
690.836
988.906
1085.97
1033.04
781.266
918.606
764.453
904.455
925.452
1126.03
1084.94
1073.46
807.861
827.085
864.394
960.223
764.69
831.08
1116.2
864.273
667.494
1042.46
821.837
981.519
813.613
775.676
1001.13
1016.67
890.014
925.26
1271.82
782.077
808.529
1132.08
1080.99
982.338
792.125
871.726
994.093
819.62
884.48
883.068
914.463
1279.85
950.959
885.615
856.796
1277.45
820.063
1005.73
950.642
905.436
939.117
788.719
901.692
847.535
1315.61
864.944
1001.94
1074.34
896.65
1051.28
893.899
802.042
1070.47
1078.95
841.247
930.643
1196.86
1221.21
754.582
903.954
760.943
912.094
723.944
738.593
832.851
1058.51
1150.25
950.849
847.104
713.915
1047.72
1025.89
1196.95
998.437
1131.99
903.397
1151.05
712.74
1081.18
1144.89
700.309
838.038
1352.07
1111.75
930.589
933.204
952.394
764.757
708.194
836.27
870.457
688.167
817.455
914.955
1119.26
876.531
870.881
978.417
905.543
823.424
1014.1
890.268
882.817
852.281
1088.88
851.062
1137.18
827.027
915.765
996.29
868.011
896.458
957.739
920.302
968.521
1003.74
795.934
770.077
732.99
846.811
1972.68
959.999
903.81
1389.23
893.622
899.2
731.861
828.886
1114.89
1081.67
628.49
907.292
1080.16
1208.3
891.648
943.091
1209.39
1110.63
1044.19
791.411
1070.28
979.322
1205.77
813.129
771.635
1067.34
827.478
747.5
811.348
792.482
894.822
967.443
1054.9
931.808
847.349
975.663
891.299
987.795
774.943
830.847
814.446
729.481
842.153
944.984
1021.3
1057.18
1208.26
920.488
1132
1063.18
858.38
781.63
943.104
992.292
1303.41
884.374
874.247
764.147
939.049
877.023
894.157
909.22
789.34
1044.9
1029.38
1115.01
1276.15
901.036
1029.84
997.263
811.164
902.576
712.716
986.908
763.47
1040.31
800.758
1106.17
1273.04
914.041
886.425
900.589
908.716
994.446
1065.69
874.076
810.245
767.579
768.021
1166.72
896.476
933.355
969.043
1220.54
1169.5
1219.56
961.148
892.043
819.629
942.63
819.784
1078.05
875.557
989.47
982.34
1049.82
795.155
1042.59
835.439
991.184
1096.59
969.614
931.937
808.465
1685.16
842.738
1092.36
1046.24
854.855
931.422
870.328
953.197
1127.84
874.83
1046.64
920.794
779.08
1203.86
980.801
936.342
964.607
820.77
1356.63
1008.03
814.027
825.805
744.026
983.547
903.485
976.124
941.709
1027.8
673.138
816.043
833.437
829.176
927.497
693.844
933.96
884.65
914.733
932.931
866.412
870.541
1037.04
787.404
985.16
823.579
910.867
964.415
867.356
884.627
901.43
959.018
1008.74
1072.25
1062
766.815
748.095
978.21
915.806
1178.51
849.334
965.073
935.946
1042.51
1097.36
951.75
1138.59
908.085
990.692
867.509
1348.59
886.225
882.821
923.53
846.732
794.145
892.811
1141.42
705.694
796.472
1260.27
721.091
935.855
892.191
890.269
1093.56
947.86
1051.87
1068.78
1012.58
787.542
948.653
871.098
1039.17
798.844
1109.75
997.139
1201.15
876.067
882.946
712.564
1265.06
1080.96
709.832
844.218
1013.35
763.755
882.108
1029.25
1315.45
1005.51
957.041
945.808
832.029
860.958
794.004
800.033
876.982
823.814
1116.39
811.97
810.945
981.038
968.695
846.146
852.811
864.261
894.817
783.917
1009.62
806.422
821.7
685.677
1137.8
955.527
938.116
853.147
1005.48
871.577
1213.44
877.1
799.12
1236.76
1420.52
905.439
854.575
956.069
925.487
894.95
752.752
1124.09
572.358
678.575
1113.89
808.659
1238.73
762.031
741.534
840.582
1185.67
838.101
1157.9
1068.69
937.34
1280.45
1148.49
973.432
1019.51
987.504
876.751
1079.2
792.902
1064.95
1028.52
927.15
874.894
894.95
1254.58
1268.43
825.93
959.067
765.83
1155.96
854.579
835.488
837.292
996.603
946.237
1001.52
1025.25
683.548
933.341
1073.21
1250
1051.3
818.168
1028.39
1060.32
875.814
739.1
842.795
882.825
938.787
930.593
854.19
828.752
1044.11
902.17
897.195
827.855
955.454
900.887
977.056
1118.45
690.332
919.301
601.849
1046.9
951.591
924.963
1275.92
859.869
813.511
854.518
994.972
743.502
845.358
711.159
856.997
802.113
800.537
684.17
773.228
1260.22
936.325
813.326
793.475
1108.47
1055.5
1062.89
858.278
808.446
1410.5
944.42
809.694
990.958
1006.39
755.885
822.998
952.071
782.989
1069.03
953.846
790.745
885.286
873.889
866.918
794.413
825.206
870.833
979.031
970.936
754.725
882.388
938.717
1046.26
761.078
1229.68
1051.72
903.712
783.737
872.239
1035.6
846.611
886.362
973.016
1019.64
944.705
743.064
1062.76
933.428
950.779
949.43
1269.27
1056.94
944.25
895.113
1035.16
1170.81
1212.88
1168.56
1226.07
893.908
910.686
1105.91
1249.67
1000.7
1203.13
841.149
838.825
1425.86
834.617
771.017
1073.77
891.203
804.787
1005.04
1146.34
928.111
803.662
948.468
914.684
925.762
782.087
868.709
907.808
868.682
850.507
755.054
936.23
897.768
807.366
929.353
944.528
902.063
733.77
966.779
1037.7
717.314
1142.08
668.81
888.871
981.625
1034.25
770.788
810.035
1400.07
773.261
935.818
1351.07
711.781
728.429
1000.68
826.973
786.767
1043.08
875.277
911.416
995.206
888.707
1122.33
806.546
892.977
945.591
1096.92
990.623
1036.37
821.426
1347.48
776.919
884.351
928.627
929.554
996.231
985.175
1034.84
919.607
1087.65
1255.04
907.707
834.051
782.028
792.254
739.453
665.679
911.229
787.463
1286.01
876.848
859.984
866.314
833.676
985.202
934.937
993.419
888.666
954.633
956.821
768.383
891.676
984.946
829.107
808.397
732.188
943.273
725.694
1219.34
848.054
1110.93
1019.63
1009.9
1265.79
1076.77
904.858
1019.19
883.37
799.757
805.007
1048.81
966.382
1052.2
892.508
1052.01
978.972
837.156
960.811
1217.31
923.536
801.243
1130.1
911.272
869.121
1000.32
896.182
827.928
886.673
978.832
987.05
1410.8
864.365
782.777
923.178
980.557
1599.92
982.422
1061.48
868.41
750.776
1039.74
1171.68
896.387
982.928
691.245
837.189
881.975
881.155
921.672
856.747
1048.05
1266.84
666.029
887.913
982.579
718.399
1019.38
685.419
879.724
905.989
927.82
1043.02
1220.76
978.927
1043.04
751.331
907.94
822.663
886.903
987.525
856.065
1374.82
959.153
969.88
890.98
1014.61
856.576
803.622
1111.15
759.79
832.295
791.853
983.815
962.004
1091.81
928.771
856.708
1032.25
1057.18
1017.2
813.641
1021.76
902.326
907.339
877.092
831.667
945.58
1171.24
934.233
938.237
930.559
1195.24
774.538
830.955
992.054
865.073
793.629
822.365
1085.46
1001.34
1099.82
1006.46
749.93
1007.85
1154.47
759.791
781.972
1054.5
889.065
1317.41
1169.38
809.005
1280.56
959.732
841.077
928.795
1015.57
1001.89
865.864
821.727
1281.16
991.685
833.649
828.525
788.68
1156.02
838.747
848.816
994.514
1084.13
834.739
752.583
966.689
959.508
930.154
889.278
955.444
858.612
1227.66
1015.3
918.677
774.798
997.693
737.7
1111.18
918.759
839.929
724.532
928.12
903.305
906.639
905.072
694.924
913.588
1291.63
1132.78
958.165
1034.04
1007.33
976.686
1016.43
686.721
854.546
1001.04
1625.69
1086.49
807.708
822.656
788.006
801.696
784.459
774.053
725.275
970.247
1002.07
1034.68
880.065
835.679
1028.35
1024.36
756.995
774.327
1215.01
903.689
1074.57
835.214
785.805
1262.42
949.084
936.708
867.649
1001.79
827.945
876.449
877.849
1142.26
849.735
869.969
971.808
913.254
929.952
904.978
903.708
906.242
999.425
839.36
852.914
828.805
1083.68
998.037
945.158
767.536
709.348
815.086
813.48
879.845
1128.03
763.255
1188.17
1045.91
977.499
1022.46
982.048
690.442
846.275
1029.3
1155.89
811.56
1040.1
871.832
920.377
1097.62
1184.69
954.995
898.931
926.496
930.7
813.013
897.834
791.093
880.295
844.071
972.162
770.893
1042.17
766.591
1147.38
823.933
835.014
777.552
738.03
665.262
1098.58
799.012
892.529
882.158
1080.65
900.713
965.299
906.57
857.008
1017.39
884.482
1002.57
1413.93
1120.58
1225.74
823.076
1348.83
843.448
997.106
1018.22
881.862
820.797
790.126
1110.47
900.309
820.329
915.507
2023.51
1067.02
873.991
891.908
1477.54
683.46
838.759
1003.58
1354.53
877.818
956.892
1025.8
842.219
982.659
961.266
906.252
1047.36
798.509
910.028
920.688
876.506
820.933
746.278
1243.88
1017.85
1077.36
1057.59
1034.77
1173.94
993.869
930.74
890.655
1467.34
951.87
916.165
1003.3
859.581
812.494
766.11
799.4
643.075
895.093
1136.12
911.694
861.85
796.543
992.495
999.094
1433.72
1151.09
820.047
1055.4
762.223
1102.98
794.447
916.712
786.761
820.581
835.509
1093.74
781.287
1041.77
905.094
982.409
1000.12
878.954
966.746
853.348
950.434
943.703
728.641
781.479
940.936
837.264
1003.47
865.169
883.97
1247.54
858.081
790.354
806.388
861.787
843.641
1017.22
1179.86
1009
1029.83
703.199
803.116
923.492
815.064
986.005
910.893
778.453
890.647
851.369
1098.84
945.462
992.623
1183.92
805.212
851.615
808.718
826.756
949.348
869.156
800
885.152
986.372
718.534
1323.13
999.591
785.469
1367.06
889.541
801.191
776.561
819.599
748.803
934.491
909.73
987.015
882.285
904.389
730.466
844.693
1040.42
786.942
865.897
788.91
1070.86
846.324
939.707
925.166
1129.25
727.217
992
943.042
849.933
771.452
953.322
908.665
923.183
900.67
1071.58
933.534
700.242
1014.46
860.313
1251.26
858.917
912.292
694.772
856.085
899.07
646.894
931.447
1049.88
991.159
955.248
883.434
807.635
719.053
1004.72
826.503
733.879
864.365
795.681
1073.06
793.852
707.293
897.054
675.079
1209.03
1136.46
1080.58
881.026
1156.55
789.742
870.559
934.513
886.826
853.304
923.034
1005.26
958.106
768.788
779.28
977.496
714.044
743.764
991.534
700.596
1089.15
1138.4
820.17
860.689
911.859
985.307
781.923
825.238
1132.75
857.609
1024.45
1027.87
905.44
1015.42
899.082
970.878
1125.66
920.802
1093.52
912.394
868.585
1105.65
861.545
1032.35
659.354
847.014
797.397
887.216
1082.11
807.774
864.551
936.616
919.492
979.796
1046.66
717.999
935.149
836.895
904.084
1015.09
1258.06
777.769
1056.23
1048.43
987.729
1049.15
713.905
798.742
930.908
1167.3
967.007
967.623
711.893
761.859
689.394
962.388
1115.13
1033.26
917.722
821.026
676.378
836.797
821.932
1268.84
789.633
1063.64
878.756
888.923
805.201
853.56
857.136
1154.68
972.845
760.928
825.17
1141.15
793.475
952.25
827.381
1209.53
880.631
1135.38
906.15
635.785
761.473
1163.79
931.351
850.146
820.976
918.879
1053.76
858.815
988.331
776.106
939.924
725.321
731.438
905.094
1272.81
953.11
894.523
796.985
982.261
1060.56
837.653
802.282
966.627
1034.71
733.247
1012.56
959.133
1222.02
778.288
1024.83
1074.29
906.972
807.926
839.758
843.801
855.885
938.147
759.112
794.563
774.958
839.415
888.39
874.255
883.736
1189.31
760.343
911.444
896.691
1111.64
1253.22
1125.79
908.124
930.646
752.219
1102.24
941.798
1099.44
847.623
851.805
792.931
777.486
907.002
981.312
916.611
911.493
877.123
813.515
894.487
982.919
783.246
1133.19
1017.04
860.622
1018.99
835.03
966.786
889.849
755.156
717.169
945.671
1003.08
955.281
857.99
1261.27
761.901
721.339
808.823
963.559
1151.49
817.487
854.398
1045.43
1162.62
1055.81
926.298
943.251
1007.12
1032.81
971.431
713.108
1163.55
890.348
1123.67
837.191
1064.97
1025.95
887.271
950.21
811.301
993.145
1175.56
687.971
825.016
896.148
832.819
911.363
762.084
1054.79
763.414
779.164
681.055
942.732
779.511
1026.04
843.888
909.605
1130.21
1028.53
1292.9
995.171
1047.07
912.396
975.443
949.704
797.75
915.264
1208.69
989.917
820.373
1001.36
875.552
1087.24
1070.5
757.415
1188.71
880.113
748.602
1229.66
1138.15
1050.34
976.404
862.568
720.194
1001.65
805.8
1749.1
854.681
1017.23
742.638
743.692
962.313
985.417
743.382
1142.17
975.564
840.425
1028.25
1008.68
837.84
1078.03
1234.27
915.28
689.762
944.312
1155.55
977.195
810.334
1051.35
801.431
1053.96
894.965
773.753
949.079
813.043
874.316
846.038
820.447
707.267
811.439
1096.68
1041.9
1031.45
998.057
929.86
1114.32
891.319
997.41
1448.24
936.014
1258.8
1010.13
1168.63
751.294
901.286
971.144
732.365
1037.12
944.267
913.363
940.655
945.133
833.691
817.948
1052.52
720.265
1098.5
929.701
899.058
856.328
1009.36
852.383
970.235
1119.7
751.638
841.543
819.707
763.813
923.28
1576.39
1296.01
801.102
770.328
641.777
728.42
1118.41
792.171
803.448
1007.34
939.45
928.88
894.59
981.432
901.84
799.926
934.939
767.231
812.755
951.391
812.895
1137.07
1042.09
987.549
963.67
899.257
1044.01
1087.57
855.212
1059.19
963.464
671.945
786.528
926.094
666.793
967.848
903.649
871.725
1033.95
1006.13
994.725
1111.59
901.881
902.184
950.745
1082.36
711.688
857.258
1230.07
786.787
878.436
1154.4
894.73
900.378
839.656
938.583
994.973
1087.51
1073.67
746.945
975.878
886.723
989.348
1419.19
687.437
860.111
712.288
710.929
885.293
1084.26
920.367
1026.85
984.102
939.293
1092.29
734.727
926.759
947.724
705.606
873.521
1077.72
864.249
808.738
1041.17
592.534
1048.39
729.026
774.829
838.594
898.258
863.089
835.498
901.63
1024.95
1119.59
848.143
932.879
1068.84
1552.96
1124.34
1009.79
923.158
1022.22
985.372
697.609
1064.49
820.752
945.794
910.405
986.061
1021.78
831.807
1045.8
673.959
734.913
749.757
1019.31
1071.77
1101.83
682.297
888.324
882.696
994.36
949.035
919.785
1357.6
919.692
787.018
959.774
916.105
799.848
687.302
917.905
808.843
880.981
768.135
871.187
935.137
813.813
860.757
963.908
862.168
937.494
911.686
1064.96
1326.01
1085.84
877.508
1254.99
759.599
872.471
866.082
774.053
985.87
682.769
1068.84
776.893
996.545
857.64
1032.19
1029.59
1085.76
878.64
861.092
955.491
984.602
754.927
823.525
781.575
1011.57
828.537
1733
887.652
891.434
953.745
900.45
820.447
777.747
752.064
1325.33
875.182
1044.23
907.278
964.131
812.529
832.805
812.256
915.442
865.216
1185.53
949.754
755.432
1080.38
806.472
845.599
1071.53
977.579
908.145
683.445
1235.62
768.779
840.51
1022.01
856.787
870.245
982.314
874.767
852.298
858.669
945.346
838.711
841.591
825.864
898.444
856.444
881.58
714.947
1091.27
1361.38
746.734
818.872
938.294
927.613
955.918
923.835
852.025
936.094
852.978
708.039
660.579
1192.34
807.846
860.614
944.075
1112.91
960.444
1125.44
689.052
881.918
950.61
796.106
774.066
767.871
824.844
939.694
829.875
844.296
1024.8
909.793
1313.95
1004.74
688.701
834.549
821.666
1018.02
903.714
1080.24
1101.53
1013.41
954.417
1111.95
857.818
989.729
1004.68
1037.25
809.554
965.857
1080.34
905.644
944.135
1083.18
792.545
813.74
896.632
717.317
915.844
1018.74
1274.22
999.858
1127.24
999.808
763.317
793.469
804.659
858.957
866.422
951.838
876.783
877.814
981.009
907.501
1061.95
892.317
796.203
896.93
825.238
813.039
1074.48
1065.66
1246.95
1042.83
749.868
901.354
779.906
944.882
752.931
918.777
977.94
954.258
1004.56
1078.49
941.477
933.486
926.052
1236.31
991.805
1367.81
981.068
977.493
802.734
852.105
1053.3
1006.65
810.332
1041.99
883.532
928.427
943.586
962.1
976.415
886.378
972.657
1090.51
991.998
1129.87
831.505
868.814
754.435
1079.57
883.747
733.793
846.707
1091.82
662.37
753.16
950.923
712.114
845.292
740.468
993.032
949.893
929.701
1090.42
882.423
778.837
1309
745.04
796.271
881.565
826.824
915.675
833.207
820.501
805.515
835.163
993.374
1148.57
966.636
839.065
869.311
847.847
924.09
1328.66
836.115
824.709
731.478
869.102
1034.7
1087.78
871.134
796.712
938.414
1089.97
974.921
895.717
710.768
1082.51
824.507
1029.09
1060.29
795.599
769.644
1139.43
803.532
724.397
1141.73
927.073
987.794
799.027
942.619
988.478
880.181
885.947
823.209
853.235
719.542
802.137
856.335
1257.18
1110.81
910.454
901.494
741.826
934.74
1266
945.754
728.214
891.268
1012.32
892.193
1161.22
960.289
980.642
1125.42
893.359
937.445
977.31
966.26
818.135
1328.35
956.501
830.289
938.845
676.642
1083.12
856.978
981.76
1039.55
841.754
1014.82
838.678
707.71
974.663
905.652
1095.11
938.859
832.905
763.831
893.394
1106.08
657.023
826.535
1070.64
837.047
1173.7
821.083
852.735
1024.83
976.64
1133.02
1042.74
1162.45
832.929
917.498
944.942
1029.79
890.63
856.669
927.053
820.255
788.159
844.397
814.972
871.3
1166.4
846.643
1292.96
887.246
682.029
972.933
992.115
1199.89
851.681
991.016
824.308
903.24
793.154
848.364
962.864
879.381
747.632
787.276
1015.26
765.956
867.268
720.824
932.874
700.695
779.344
861.312
1126.74
887.492
861.374
695.781
911.521
943.263
993.271
1400.02
1155.76
913.671
882.761
881.581
934.7
931.33
900.115
927.246
918.962
729.486
899.227
824.992
664.62
1003.35
1213.57
1182.54
1003.29
1002.5
1257.49
834.996
1010.75
932.721
772.377
926.987
921.967
1009.7
919.326
1086.12
1275.94
820.562
860.232
1102.35
799.512
930.859
1083.87
1057.53
855.62
791.16
865.861
1313
897.259
1022.82
947.408
912.127
974.194
979.026
850.426
1013.53
824.407
1033.19
830.797
1199.99
797.29
1036.84
925.904
827.209
1148.88
1150.72
928.281
1061.43
693.641
1027.36
1061.9
1023.21
781.909
978.468
916.866
967.272
1021.96
815.086
1021.23
823.124
755.928
842.815
832.853
1165.65
831.594
1003.32
728.756
955.1
1140.73
1178.65
924.911
839.358
828.19
1091.99
1006.29
926.123
750.603
772.624
1144.02
966.881
854.663
1363.66
1029.62
838.632
910.405
793.306
957.465
940.297
965.872
1043.28
863.77
761.591
924.372
1375.86
696.562
1047.1
1070.82
790.826
1013.54
769.174
709.048
846.471
888.478
1088.56
1153.37
864.241
996.756
825.937
856.901
781.584
913.88
941.029
952.336
878.245
747.795
836.692
880.398
994.145
765.927
989.894
1055.56
855.879
689.807
871.865
896.66
822.148
761.589
813.141
803.241
1035.28
804.93
788.136
810.606
1152.05
834.226
1039.58
716.012
1155.22
1008.59
839.516
1169.62
854.063
846.483
1300.25
894.699
689.795
1528.33
808.568
1236.84
982.914
827.778
934.932
928.434
681.222
832.612
885.355
1154.89
1075.8
1030.82
992.365
853.771
762.242
778.519
805.952
959.444
870.106
901.653
955.079
1395.49
1148.95
887.752
780.173
812.195
780.366
1117.42
789.886
1001.54
861.314
1194.9
1325.66
796.991
1198.62
916.583
941.985
796.427
985.682
810.826
786.785
899.14
869.814
926.279
754.904
851.477
794.572
861.035
871.593
958.085
1037.03
1006.59
1318.09
943.882
950.673
1529.72
736.543
987.634
1162.7
915.455
806.609
881.231
800.014
1193.61
976.456
894.144
932.394
837.318
766.075
862.874
738.868
1032.12
786.538
897.142
865.022
804.143
696.537
833.955
861.086
1135.29
806.641
958.401
750.756
905.846
1348.4
1059.93
839.212
901.586
807.87
1291.38
1009.55
826.752
640.459
685.488
852.962
728.112
817.518
850.049
728.588
967.325
901.71
965.963
947.965
1122.18
1202.57
933.767
601.892
1075.27
791.276
991.287
1072.57
1101.05
881.132
1092.51
1097.07
1062.95
763.038
1080.29
1025.91
916.331
1080.78
1122.92
1972.69
959.344
1012.31
777.203
1222.76
1063.41
1030.78
883.417
1019.94
655.846
921.591
955.249
1037
838.186
907.765
920.591
958.032
988.159
1146.63
1258.66
1298.98
987.419
1118.71
747.562
891.62
1113.3
873.222
858.718
868.277
1177.75
834.666
1238.97
891.864
822.328
994.4
1108.53
1436
942.345
903.634
766.51
1028.72
968.692
920.925
906.515
1298.88
856.187
826.798
1046.55
1172.17
1153.26
1229.32
821.284
1045.67
813.116
1095.85
1166.38
1033.68
911.179
924.852
817.178
941.502
851.754
846.446
828.267
1022.85
915.328
707.312
1120.84
1026.26
1206.53
825.443
1085.35
811.312
1674.68
811.892
767.446
901.575
920.845
953.12
1119.57
1112.64
770.778
1064.31
943.163
880.172
989.373
1271.08
888.008
923.283
1026.78
1085.88
936.155
716.179
1049.94
942.344
810.018
870.392
726.571
835.44
804.403
675.4
1312.3
955.232
752.58
823.877
1266.47
1107.19
1027.19
823.169
899.752
1122.22
981.69
964.978
847.773
845.85
968.737
825.693
1060.37
876.805
943.562
876.591
1066.12
760.899
942.184
1308.66
888.022
1123.91
840.261
1045.7
931.979
1026.52
971.471
1181.11
903.352
1036.93
1089.65
927.296
1095.53
916.574
888.161
1492.03
843.43
824.696
837.281
801.597
582.15
1226.83
990.689
928.001
886.029
899.934
739.807
964.035
980.362
952.103
1044.94
835.62
712.808
1046.32
740.48
800.845
1110.69
849.542
966.557
1042.46
707.782
877.416
897.957
1113.92
835.418
1223.34
932.644
824.706
1040.42
1221.09
947.934
811.396
818.598
869.446
739.852
917.839
833.499
825.576
1030.21
1236.53
1072.84
863.132
766.016
1070.69
1202.55
860.227
1122.26
1080.04
964.025
702.484
1117.66
1024
833.607
895.179
975.514
865.318
894.261
868.069
906.33
966.366
1006.95
721.555
673.227
820.729
1061.68
787.847
773.624
836.184
962.527
883.975
743.506
1313.86
980.017
674.909
985.487
867.519
837.592
785.897
1262.19
916.779
1040.93
821.268
915.258
857.131
847.824
1116.15
713.772
864.17
801.086
877.183
993.119
943.133
872.384
766.779
1010.6
1247.41
883.26
777.309
809.276
1269.68
720.427
746.696
898.098
1062.87
663.489
976.869
849.5
921.177
1222.71
769.594
922.115
963.261
1129.41
967.58
985.511
784.807
826.894
1133.75
867.79
864.233
919.494
927.512
954.902
1112.8
853.622
1072.72
1124.31
818.381
894.374
974.658
891.068
1035.75
753.072
1048.59
939.719
973.273
943.693
801.147
955.556
844.133
862.196
799.1
850.801
1062.53
782.266
771.823
904.841
1107.54
1083.03
908.963
874.347
909.022
1155.51
1089.93
765.833
970.23
897.142
1034.27
922.52
974.05
829.107
919.217
849.246
860.082
841.827
812.359
822.454
883.624
952.108
960.474
858.819
870.051
736.963
1107.16
1064.56
785.172
984.598
770.527
1015.35
846.08
924.678
1043.31
1300.52
809.346
931.321
848.215
934.62
903.748
704.05
1010.57
881.254
820.537
1315.08
787.345
923.675
1161.66
895.455
802.306
912.738
746.824
819.119
738.421
831.646
1006.77
862.357
1015.35
1179.7
688.695
1039.57
818.184
934.007
821.591
997.811
1045.7
999.507
921.34
806.886
891.23
922.021
973.884
886.963
1025.88
1108.55
919.981
1149.23
967.328
1009.3
996.414
1053.41
877.512
865.258
972.46
762.078
795.024
797.666
900.443
1067.31
783.527
870.827
812.593
838.417
884.486
1123.59
816.249
1011.94
741.189
849.493
1115.6
846.144
1162.19
789.641
1097.08
1074.38
901.688
1027.4
991.015
1107.56
939.779
788.816
792.641
1010.03
1017.88
1151.35
924.654
904.299
757.01
1100.01
1089.91
1004.08
793.321
962.569
907.601
911.648
708.252
888.562
944.256
767.069
927.668
844.758
1007.88
1170.28
976.009
991.405
842.208
1433.29
710.044
735.534
978.607
826.124
923.471
1042.34
669.885
726.041
965.768
910.265
876.943
854.586
871.196
994.492
958.825
734.185
816.374
955.936
983.919
1052.87
923.015
700.033
836.583
1013.33
1333.39
851.723
1289.35
981.218
728.525
895.649
812.463
956.459
1006.04
899.76
721.186
780.468
1142.62
974.214
813.612
985.676
1106.14
853.048
881.534
1085.85
908.974
692.65
837.369
795.048
922.752
912.239
1028.48
877.072
1041.38
904.059
942.184
1099.88
938.501
883.234
1227.49
1652.25
963.5
1141.88
915.122
876.325
1060.86
1069.95
897.066
927.486
1050.51
966.792
997.117
735.692
978.223
1063.26
839.94
1031.67
834.666
836.041
899.893
1068.64
996.406
947.968
1038.6
808.24
899.701
1200.43
827.846
920.949
942.203
998.735
874.448
995.449
967.365
961.332
824.198
737.829
915.582
776.413
805.486
728.275
1085.16
926
906.218
1001.77
960.972
749.117
877.168
768.146
1111.24
954.494
964.917
904.198
866.43
857.301
679.081
864.335
835.168
714.709
1052.49
918.81
834.38
601.408
835.372
833.825
822.239
1037.81
836.349
942.668
769.969
879.884
860.141
1027.23
940.917
925.163
1005.09
986.099
830.698
854.89
949.052
1152.67
703.279
880.633
871.465
733.369
803.968
908.67
799.403
727.801
908.918
995.936
950.308
779.12
1146.6
977.058
785.099
805.445
1032.05
1009.67
750.479
836.906
953.178
886.837
794.054
1105.05
1142.17
939.568
752.79
969.278
864.638
1270.08
886.852
1456.2
1122.8
1013.09
766.663
825.511
1099.07
819.567
761.99
834.665
943.517
883.113
841.379
858.155
991.512
1110.96
920.417
722.175
1242.21
776.129
1000
778.965
1246.39
1192.61
843.338
1338.64
863.486
1036.78
891.266
1078.99
1014.71
1165.23
782.741
1050.67
930.905
843.449
836.158
844.734
996.046
958.396
906.327
861.206
862.231
904.578
855.981
791.429
858.368
756.124
751.11
848.83
843.241
915.482
1239.39
1027.57
787.801
1174.26
1192.69
917.121
822.501
1151.56
1275.84
954.518
973.682
887.132
776.069
822.74
940.39
727.489
945.305
735.768
753.523
1168.32
850.299
881.065
775.72
759.357
682.218
915.268
871.989
882.491
836.926
1027.84
861.474
702.679
1168.84
1355.38
773.514
966.065
1015.58
998.266
889.998
809.527
759.595
713.71
860.434
890.148
816.986
942.651
984.923
813.221
929.882
952.556
851.499
788.081
895.177
1351.43
825.218
899.007
730.986
1099.87
839.404
750.57
979.671
840.415
1025.91
964.383
940.084
717.046
887.454
733.644
955.962
827.18
804.238
827.431
903.171
994.69
1069.04
803.17
793.4
1011.77
928.176
856.589
846.781
802.372
1015.51
832.667
952.22
753.142
871.799
1065.31
813.756
882.474
1060.68
676.704
777.125
1104.38
601.576
926.969
946.727
1139.97
1012.88
834.858
752.291
809.318
819.69
825.806
781.135
726.528
851.98
967.197
1207.93
839.135
843.699
1046.06
829.985
1046.59
935.515
1327.91
781.165
1028.51
796.495
1000.86
1077.59
739.449
812.523
922.038
1516.05
945.89
968.753
880.692
881.024
828.339
1064.27
815.605
1000.08
871.214
857.093
902.697
1014.36
741.515
779.898
826.874
959.924
933.879
848.7
1012.38
873.197
823.836
939.444
1263.32
1247.84
1086.48
877.247
991.652
1166.65
783.556
907.925
852.509
945.376
1040.43
908.201
709.316
907.128
894.623
1039.25
1003.87
858.914
941.398
701.721
1042.64
746.248
887.484
985.97
767.231
805.89
1533.79
1081.2
788.781
836.472
1085.12
1235.21
814.419
888.404
953.485
765.256
807.466
813.095
879.437
740.923
1408.01
867.166
720.369
1036.96
1497.17
835.459
1166.44
907.598
1237.38
633.902
742.617
1128.03
965.516
1021.19
873.51
733.819
939.139
907.453
963.045
652.727
801.605
911.136
1119.7
758.596
834.372
1663.22
973.244
886.982
729.297
778.841
842.771
1028.63
1071.71
1135.75
742.997
1222.64
809.105
1250.56
1116.04
782.149
750.885
882.022
875.224
846.981
967.169
910.448
991.243
1196.11
772.765
1020.89
968.03
1048.15
804.775
1026.96
756.101
899.078
819.173
805.7
1151.38
816.198
860.21
959.006
748.752
891.482
722.77
889.433
931.482
1073.59
774.565
786.142
815.039
976.926
803.743
912.681
854.231
867.784
1047.57
1128.02
747.647
907.042
817.35
899.228
840.923
777.3
855.461
1155.33
888.653
777.975
944.444
1173.11
1343.01
914.505
824.972
696.297
1224.32
805.332
1174.07
856.041
865.175
903.102
920.967
787.124
991.446
833.116
983.385
995.677
854.101
1045.36
789.159
871.355
835.671
1029.32
921.023
879.102
1020.63
897.247
1035.54
1228.41
948.324
860.415
755.349
922.109
955.285
1107.36
1066.28
1130.03
1229.36
805.907
838.075
706.177
1038.62
895.279
869.537
908.833
708.661
1033.37
997.415
723.634
997.241
727.457
960.067
875.848
953.245
809.987
1462.25
967.266
1122.39
1017.15
796.922
1009.33
1101.19
976.653
797.111
730.799
733.285
1066.89
1007.2
963.277
809.673
852.615
777.306
972.042
803.238
986.897
850.149
815.999
970.753
920.894
1263.33
883.004
858.097
814.32
782.975
953.626
1025.66
826.879
689.241
1137.3
901.246
1097.6
765.123
960.861
805.155
856.359
829.2
806.414
1032.62
815.934
778.399
807.165
1071.1
1020.15
906.047
871.968
723.132
848.688
768.031
933.836
1003.76
811.969
797.806
717.646
835.481
1029.71
926.24
686.988
876.565
977.307
991.09
822.884
943.939
987.037
1141.78
1091.99
1060.84
849.111
1235.98
773.111
783.074
1042.66
1047.99
861.998
1051.49
936.244
1041.34
938.058
959.931
626.213
739.394
1061.07
879.539
1095.02
1036.44
1052.82
945.587
1036.1
1064.67
913.469
808.027
1134.27
855.632
939.825
1050.64
1258.41
925.491
828.53
970.242
851.904
772.476
1093.4
1179.99
701.017
979.088
912.5
1017.36
779.543
687.463
749.105
1170.3
1134.14
1201.9
902.305
1242.77
928.518
967.279
934.227
900.371
949.652
926.969
709.468
1088.16
1267.38
1031.08
941.678
952.866
845.816
1136.27
1058.41
798.279
861.737
899.251
1075.88
864.807
1113.47
867.145
1061.79
1117.88
877.615
709.771
979.397
1061.76
686.678
1106.31
845.231
902.169
955.692
799.342
979.765
851.641
1052.35
821.917
832.594
1172.35
977.749
887.462
913.265
1016.96
818.461
1039.61
735.74
769.367
827.778
768.158
775.481
731.659
959.289
903.467
702.176
1260.36
823.209
721.446
826.967
963.195
946.222
894.822
1014.71
707.687
713.912
881.733
917.389
930.988
1036.3
908.165
998.053
1410.31
912.937
1004.46
1997.65
1116.03
1039.54
951.661
841.026
1054.9
948.844
1163.99
1177.44
820.255
943.046
880.767
1008.56
721.806
845.746
1021
991.727
1136.3
893.64
883.65
702.101
1086.14
928.65
898.54
940.767
1307.71
936.853
864.608
837.025
1143.3
986.124
859.035
971.967
796.773
934.788
1009.64
920.961
1142.61
840.514
837.225
852.433
846.225
1099.4
953.566
863.735
806.772
1252.02
850.457
958.458
822.622
