603.785
725.374
615.131
599.592
625.022
771.167
549.75
555.387
586.786
770.774
784.153
569.511
661.732
530.637
631.49
607.49
658.396
592.827
850
586.032
737.63
646.141
736.354
610.316
605.446
718.865
650.131
816.492
663.61
558.475
704.72
576.428
638.376
591.799
520.868
548.308
603.74
600.107
616.02
690.844
601.63
742.171
622.96
673.03
722.367
617.928
865.249
840.136
685.5
707.621
555.127
642.501
584.537
681.922
680.753
723.959
706.041
657.727
665.427
773.838
791.011
617.191
748.441
700.712
677.04
647.903
795.539
673.443
686.469
691.13
688.801
695.968
644.09
721.102
641.442
650.61
643.732
803.353
612.723
667.295
751.539
686.65
627.3
616.01
774.666
686.792
736.529
596.484
557.843
653.694
773.17
792.397
870.328
639.221
688.722
577.851
695.927
538.31
575.673
776.487
644.362
684.278
632.979
705.454
607.5
583.269
692.087
624.844
675.051
544.507
655.808
620.02
627.59
672.553
758.059
615.01
611.42
778.655
642.776
772.979
724.164
701.139
679.735
572.992
669.624
691.289
707.644
608.833
666.032
604.912
781.443
645.151
694.736
659.908
575.972
753.422
662.437
695.056
737.241
739.745
609.716
779.931
561.363
750.857
775.193
590.573
545.936
609.764
734.925
720.188
672.679
709.268
612.841
469.714
676.276
956.214
537.9
642.074
568.477
633.373
601.834
776.482
660.285
675.245
673.861
629.226
627.502
657.684
597.813
711.891
678.166
582.318
640.32
578.921
593.139
622.889
691.911
580.707
709.985
534.932
590.212
746.837
692.288
532.27
623.855
781.254
650.198
589.977
676.349
539.553
599.01
758.534
837.195
622.92
554.196
641.363
674.869
530.004
649.295
734.835
643.06
560.028
920.77
620.882
643.128
599.832
679.418
496.541
631.175
622.601
602.622
586.691
602.23
618.992
672.052
588.959
554.827
528.36
691.338
619.107
678.83
697.412
648.238
855.669
625.693
662.514
666.308
566.958
667.479
672.221
621.38
845.529
758.335
672.643
645.704
590.226
651.86
717.738
643.817
633.015
616.561
667.602
596.133
586.082
674.518
654.581
756.613
646.618
599.924
543.411
668.662
658.767
624.062
636.285
650.097
680.113
701.219
600.05
636.301
775.66
654.216
705.326
597.439
728.026
628.956
597.276
608.797
676.852
672.296
534.716
596.493
783.824
690.742
627.982
668.529
718.443
665.573
618.411
635.323
594.431
571.794
630.699
700.448
689.16
732.214
662.887
678.931
794.962
596.392
523.648
802.826
708.214
572.959
689.391
770.424
825.723
662.408
729.73
688.58
607.561
650.096
592.9
628.411
573.639
657.704
570.255
679.753
753.583
658.842
481.455
713.881
695.156
689.188
590.467
672.724
650.994
590.646
610.616
735.04
607.601
890.713
632.327
612.086
597.546
566.946
658.924
721.754
675.044
572.307
580.138
697.174
620.592
530.486
689.045
704.996
670.136
657.044
560.238
657.464
633.545
749.464
610.807
667.034
631.999
663.999
700.232
733.762
690.693
765.446
662.835
712.106
722.537
556.754
652.367
724.245
633.653
685.057
613.035
623.196
718.566
688.732
742.174
587.412
708.825
550.276
618.695
605.517
622.317
598.207
619.623
593.498
753.386
741.842
715.194
642.295
594.405
646.053
627.3
726.67
634.676
565.329
712.94
725.241
641.416
707.645
478.889
605.895
604.903
700.85
631.477
634.448
877.196
881.748
548.432
640.42
809.086
667.072
581.972
614.213
591.812
671.147
663.742
679.598
659.194
618.055
681.019
774.065
761.37
723.251
520.414
619.484
685.099
612.399
544.639
625.565
618.078
655.619
670.832
734.653
642.593
693.403
608.691
675.894
772.293
723.991
759.531
696.291
580.606
656.925
641.019
572.136
662.776
610.109
694.151
692.093
656.254
745.985
623.458
617.364
574.768
617.192
735.233
567.161
676.631
589.119
643.546
699.892
616.703
638.025
781.553
781.996
569.844
645.084
587.791
633.883
630.973
664.602
510.666
681.204
653.691
740.838
860.025
602.418
660.03
872.737
603.023
727.741
608.272
590.389
627.997
657.049
681.689
732.954
694.841
581.188
582.99
790.25
572.144
586.292
566.955
631.803
519.043
701.657
616.536
696.772
548.802
703.847
531.459
658.729
586.741
558.615
624.335
612.827
593.611
828.587
612.662
626.909
709.275
709.551
714.498
674.26
582.965
795.151
595.42
603.522
623.393
748.021
817.523
728.344
690.8
567.061
615.953
569.896
613.681
586.573
748.081
670.26
620.048
694.816
622.228
648.256
774.59
625.352
549.829
653.047
693.446
562.028
602.348
651.332
795.097
800.659
705.24
822.107
680.685
605.386
599.562
584.731
745.859
760.371
560.955
715.507
563.809
610.908
572.842
662.363
552.735
727.975
708.873
583.56
630.325
566.984
661.063
642.938
658.531
712.126
544.604
729.811
735.933
646.153
669.983
672.829
630.056
597.236
680.962
667.262
551.621
636.785
699.338
610.811
534.269
746.728
685.963
695.903
570.802
750.197
564.155
632.029
786.073
642.453
718.634
668.46
704.91
682.117
747.078
619.658
626.617
596.677
670.238
538.463
678.873
910.374
632.398
460.887
586.61
558.092
836.425
524.915
730.383
633.171
725.058
674.15
703.958
809.512
739.877
765.782
621.979
679.655
877.091
598.868
753.368
564.895
626.085
616.021
809.931
623.169
697.005
638.692
569.617
639.575
603.594
663.512
745.744
666.862
741.227
671.811
568.205
538.982
784.147
541.056
641.224
655.647
612.95
939.241
651.288
699.026
540.183
699.008
512.836
583.324
635.531
640.895
578.209
601.465
722.251
628.552
680.992
650.746
722.877
706.015
795.991
616.812
669.891
559.692
672.537
717.629
575.656
674.465
595.102
608.456
682.736
645.191
735.704
670.559
633.941
576.902
713.627
605.773
739.339
923.434
704.425
610.298
600.29
744.908
765.236
619.074
837.288
848.515
484.986
650.888
517.959
602.534
590.092
703.494
615.657
638.43
584.275
539.291
669.463
545.171
694.519
786.003
678.79
617.628
676.374
597.66
699.677
525.592
659.865
750.738
788.326
592.568
567.219
618.065
632.666
724.005
552.347
626.313
481.219
604.738
690.034
691.623
664.334
686.76
562.662
591.28
708.106
711.8
638.079
689.688
562.283
576.116
595.758
730.334
576.925
641.871
692.22
484.469
796.094
683.251
763.393
588.948
717.136
662.672
597.707
578.022
665.133
506.634
558.778
725.34
714.284
474.997
634.953
636.38
740.703
651.849
573.141
666.687
734.764
721.218
575.288
582.369
629.61
765.204
804.281
632.749
585.181
627.853
725.879
645.878
601.453
547.752
737.385
734.094
621.026
635.757
632.173
667.963
776.389
776.762
727.616
581.478
616.506
775.333
638.385
734.974
660.292
670.523
667.043
635.305
651.491
679.324
792.305
656.37
775.104
542.703
596.094
739.795
663.254
586.367
582.305
654.729
538.734
592.263
671.578
731.458
689.113
533.819
744.115
615.433
548.338
594.678
663.241
695.323
643.029
578.162
669.769
635.224
567.121
614.608
619.072
616.397
534.43
528.092
582.377
727.354
597.935
801.801
845.899
591.627
629.803
690.359
592.412
563.437
777.021
600.87
528.647
644.473
782.805
614.153
604.759
499.427
553.313
605.616
742.074
671.378
583.093
771.313
606.302
716.643
757.682
586.592
609.787
688.38
732.388
623.421
603.949
859.004
723.751
531.629
516.508
627.537
590.574
510.032
699.438
851.049
569.526
561.472
768.338
706.828
608.021
664.16
619.899
623.347
550.292
619.289
638.542
594.367
708.588
636.752
512.587
619.63
697.08
694.488
700.036
820.047
596.838
575.656
736.022
620.995
640.681
570.851
676.624
702.784
674.118
605.441
619.143
546.317
635.551
639.013
607.601
630.174
824.492
670.252
622.488
553.831
570.211
532.428
582.781
654.961
526.605
671.164
545.553
702.247
649.32
828.265
609.083
755.82
769.114
574.419
586.623
559.247
560.592
582.579
643.838
707.374
556.594
773.636
689.904
734.481
599.191
774.995
624.766
692.232
748.494
667.935
663.561
658.195
569.888
677.661
614.154
559.142
785.366
600.218
615.619
694.079
588.403
577.711
681.459
752.693
585.085
783.604
660.926
646.122
673.436
652.094
527.729
689.634
594.891
669.358
586.079
603.802
688.446
545.453
648.668
654.57
760.487
626.545
547.107
551.179
575.272
677.641
558.615
607.854
733.372
577.643
621.839
708.302
728.119
584.658
541
620.712
657.844
611.9
665.518
694.127
936.144
516.719
569.334
565.813
678.892
560.112
620.49
655.723
489.666
660.532
633.355
599.422
656.424
601.461
605.979
623.926
667.695
664.808
685.605
648.356
666.028
607.875
637.301
669.501
811.326
838.874
586.01
541.148
481.395
687.004
650.889
664.578
596.813
609.34
736.4
623.627
695.276
567.234
722.305
705.987
753.72
653.963
551.484
622.079
699.431
650.475
578.969
642.579
649.338
706.039
810.204
703.681
641.219
750.665
622.328
618.748
598.097
612.104
767.705
673.674
861.549
644.655
776.384
669.789
765.099
569.79
705.719
738.142
679.202
836.427
666.867
574.505
693.658
745.138
558.741
601.636
598.213
588.846
660.022
574.059
669.548
608.665
668.565
659.438
678.139
646.215
648.428
698.817
635.087
806.736
639.363
794.801
536.084
588.373
753.624
708.608
609.989
767.854
684.808
682.622
674.467
623.143
569.965
703.251
639.928
596.973
654.947
613.753
770.736
821.058
621.804
645.19
613.588
738.903
821.313
689.07
668.538
730.255
757.984
730.985
715.444
736.213
559.104
589.309
556.543
599.53
573.183
684.94
544.958
580.653
656.627
649.508
811.185
599.913
711.867
759.415
698.312
610.343
634.259
637.174
597.476
680.936
809.421
640.944
643.494
600.21
672.41
717.401
587.384
511.307
651.733
831.477
671.552
603.093
736.345
595.299
711.993
618.109
641.162
604.168
684.764
677.74
569.825
601.294
663.789
627.04
721.778
703.614
758.162
780.68
945.987
1005.69
597.599
719.328
617.294
536.648
684.919
689.652
678.955
523.293
534.674
552.958
633.831
576.27
748.093
740.961
655.398
716.4
551.112
620.398
621.819
573.94
790.511
689.446
621.675
539.98
553.056
798.834
638.225
580.726
665.462
630.196
572.383
585.831
653.89
608.048
593.617
560.732
728.34
573.39
626.896
531.525
683.473
584.232
845.028
800.879
706.854
773.606
681.506
610.817
624.173
586.172
665.863
651.594
640.029
557.951
540.263
566.613
523.368
541.61
575.147
769.856
718.783
610.202
657.194
596.369
668.084
757.008
614.452
585.168
632.398
651.47
577.141
798.874
552.654
693.999
750.958
603.581
631.618
671.737
608.702
709.11
754.166
593.423
547.107
650.279
621.176
535.427
685.419
661.143
617.763
750.662
613.126
725.434
535.305
558.653
737.045
645.034
648.732
629.607
633.62
542.947
579.967
712.678
537.208
557.936
737.502
579.758
606.025
650.732
650.195
506.874
896.322
627.821
868.328
736.541
653.012
723.518
797.014
780.613
615.266
512.035
700.013
636.263
613.214
608.565
743.315
618.812
600.777
583.562
694.094
683.709
741.028
595.884
693.66
674.472
642.004
1094.69
695.552
601.102
621.613
801.045
608.861
793.715
586.343
616.971
764.845
716.53
572.147
561.776
627.214
603.38
607.028
650.076
630.343
570.988
636.976
625.757
604.226
668.766
786.269
658.072
567.5
655.815
762.169
552.834
566.416
629.604
575.921
639.353
764.76
645.958
582.482
620.159
717.607
728.301
657.167
637.191
832.919
599.892
549.299
621.004
686.979
612.613
649.189
709.998
635.477
712.669
665.021
624.39
572.384
633.513
676.126
713.24
722.034
611.447
611.516
599.227
603.981
638.864
673.377
564.997
708.262
543.687
747.027
751.904
623.735
661.935
646.764
590.312
535.612
816.371
707.441
606.757
563.729
725.08
578.926
745.112
640.527
591.255
606.619
613.205
662.423
576.271
731.481
669.919
610.596
576.603
594.216
763.692
616.532
612.06
584.063
756.291
626.353
645.095
621.936
621.082
647.909
711.165
623.108
639.335
660.796
740.966
711.93
754.03
592.721
738.164
547.315
596.712
631.196
640.338
550.188
801.224
672.384
629.618
776.822
542.223
675.201
574.07
703.337
655.581
659.285
792.655
725.041
660.996
591.381
646.679
498.79
636.016
637.318
805.929
629.171
576.244
643.91
598.325
640.718
532.629
622.003
666.37
671.245
822.807
712.412
662.214
579.353
570.797
581.166
838.442
558.025
672.168
629.342
630.303
680.049
700.406
516.236
608.733
630.116
636.327
634.965
631.47
569.374
568.925
751.309
694.194
713.712
699.683
675.979
675.576
657.82
541.871
504.528
858.308
692.418
572.153
691.529
735.472
691.378
775.263
775.418
620.049
694.815
583.248
573.251
633.497
648.942
616.932
641.868
516.471
664.333
682.628
652.777
743.881
663.193
652.378
725.489
610.097
665.598
542.088
697.953
831.403
820.865
682.952
610.171
726.386
722.625
663.131
701.702
707.24
627.121
541.656
651.193
570.141
671.129
637.358
735.541
509.827
915.03
740.398
581.338
591.617
572.93
677.853
723.689
721.339
902.695
558.353
553.187
665.524
615.033
651.896
603.383
674.557
814.408
601.194
604.254
533.578
776.083
660.657
542.053
563.189
607.794
854.495
581.854
660.065
717.077
564.679
695.744
555.98
576.405
670.748
652.241
747.433
703.643
619.395
607.329
563.667
719.141
520.78
733.137
626.182
527.236
664.501
598.431
716.225
601.489
703.817
740.402
610.74
619.788
598.354
707.244
606.48
704.408
624.075
699.191
623.534
601.797
505.877
656.835
635.69
606.963
699.114
672.98
606.021
631.297
620.759
768.342
708.162
850.306
710.912
629.199
591.113
687.038
685.155
698.878
515.947
698.795
635.472
664.323
679.294
700.026
589.563
585.339
631.253
667.534
638.064
735.433
566.451
589.526
672.184
637.472
663.002
596.723
634.084
571.08
714.686
769.658
626.329
649.496
705.373
601.841
697.111
699.936
722.032
703.795
664.49
666.678
749.961
568.615
684.309
675.371
542.86
595.829
571.002
598.717
716.484
502.096
641.969
651.651
559.279
704.138
670.799
808.105
695.756
867.734
555.837
537.711
580.495
697.719
630.701
624.727
548.318
666.434
738.959
640.291
706.929
721.88
602.352
618.393
723.181
718.772
546.49
611.456
599.958
595.186
795.231
722.197
747.831
699.234
751.968
664.696
678.713
645.076
719.726
599.78
738.627
694.159
621.652
580.099
761.873
553.138
634.495
495.884
621.021
626.309
700.813
771.215
686.118
739.082
704.891
612.53
579.832
584.487
858.7
634.344
579.855
694.369
596.688
710.995
685.791
520.356
573.637
575.255
573.757
597.385
615.458
675.654
670.211
688.301
619.25
482.575
827.71
766.667
560.488
576.168
591.338
639.504
633.798
644.112
698.732
553.201
585.623
660.857
772.558
724.697
619.373
559.692
660.396
733.517
739.565
602.734
521.436
637.094
791.061
699.968
705.705
584.45
608.847
582.797
867.657
648.891
512.341
549.572
613.688
799.055
767.112
566.04
861.596
565.76
663.976
719.057
660.252
655.125
681.224
558.779
588.503
681.726
606.621
718.944
568.818
562.706
802.29
589.82
746.946
558.315
542.882
657.13
605.819
651.778
862.374
630.173
850.665
702.253
657.277
647.325
549.063
753.872
612.249
491.137
761.151
694.274
587.023
626.072
604.531
680.692
632.021
658.683
560.176
814.245
643.719
632.548
736.27
564.987
682.246
618.886
718.437
616.561
618.22
658.086
666.6
636.707
573.207
661.134
629.632
752.894
641.16
541.694
658.883
529.72
794.79
649.491
614.713
557.601
590.781
599.299
776.873
692.33
629.259
584.259
693.843
649.536
586.882
644.24
651.159
595.972
748.346
666.558
594.304
552.295
629.659
672.281
790.603
591.231
699.144
667.094
530.109
667.541
589.083
684.464
677.12
683.319
601.971
640.575
567.905
515.701
694.16
582.947
645.41
560.714
762.207
645.674
648.514
737.868
571.536
560.41
674.514
686.848
772.759
712.333
541.091
571.04
715.847
674.607
800.402
638.443
677.347
637.309
685.103
640.222
655.484
608.661
720.758
654.184
729.761
781.833
723.391
540.611
671.089
805.063
682.571
591.153
633.775
613.052
559.406
545.038
602.952
567.892
554.311
738.464
618.016
604.161
809.319
698.055
639.241
730.61
750.646
714.029
678.446
649.659
694.879
639.269
720.021
613.412
560.903
604.839
568.422
840.219
755.181
669.445
721.883
672.868
660.296
645.774
627.495
598.351
741.749
687.442
788.643
741.22
621.104
568.949
564.406
514.732
617.046
676.679
558.424
704.252
817.524
793.883
495.214
568.838
539.571
859.646
746.762
646.345
712.588
559.536
588.629
683.759
554.232
576.716
711.023
672.538
776.529
717.089
728.306
566.517
696.018
553.567
689.554
625.196
625.605
716.289
692.711
565.23
684.26
600.607
603.481
511.039
680.97
656.651
727.972
558.483
683.978
735.246
512.386
714.578
709.965
594.992
675.126
710.188
529.936
581.305
665.417
554.258
530.669
589.781
687.014
721.756
595.616
668.605
610.631
602.546
660.121
713.929
659.813
685.259
526.856
672.627
631.886
825.738
761.31
721.714
616.039
788.859
755.693
715.851
567.521
550.509
691.196
554.821
703.727
707.219
619.592
523.804
744.176
632.815
621.024
557.456
597.703
641.535
539.525
599.019
730.382
639.014
639.309
620.328
792.121
779.771
620.707
646.44
651.558
657.3
603.877
706.222
708.225
590.642
601.947
625.094
734.769
583.365
519.738
514.66
715.733
580.332
648.105
531.911
789.153
651.389
840.069
775.794
650.262
529.359
565.087
690.751
586.154
741.271
692.064
695.461
667.538
643.467
709.623
565.699
594.75
766.591
672.747
700.927
688.199
612.103
717.875
712.283
667.882
735.397
654.611
679.163
648.077
611.238
642.252
594.077
574.192
641.168
731.317
653.571
766.715
702.549
676.201
602.183
699.417
500.114
622.221
605.75
585.396
500.955
516.368
631.248
693.617
610.268
696.163
686.897
583.303
672.819
724.148
684.749
756.6
620.997
676.735
593.137
747.647
677.943
746.833
618.443
587.271
592.827
621.792
675.099
722.258
615.636
743.954
828.791
698.312
644.532
799.54
737.716
695.861
783.04
514.931
585.439
638.857
594.197
573.277
647.83
648.444
653.928
678.31
585.864
579.924
699.988
825.382
697.44
701.768
597.678
726.056
532.027
577.812
704.283
577.794
806.447
641.526
644.745
618.213
702.472
784.004
659.319
583.697
689.64
609.43
570.422
739.722
608.414
655.642
685.209
762.288
702.505
564.678
519.089
755.831
673.149
732.042
731.106
658.743
635.76
747.76
720.025
717.04
635.268
584.678
736.322
548.866
670.617
506.032
752.238
804.011
597.723
608.298
764.547
536.582
617.254
621.151
569.698
650.853
572.102
661.25
710.839
629.914
630.784
744.862
538.993
636.613
695.74
677.083
586.795
579.416
674.51
679.647
791.268
502.762
573.245
632.26
583.775
675.937
651.295
651.392
553.319
689.463
676.088
667.681
595.011
725.294
683.234
630.798
625.477
688.289
606.903
558.63
658.474
860.188
744.921
751.797
669.044
659.302
495.342
662.198
630.263
591.66
552.627
737.699
627.881
710.8
888.135
780.772
590.38
727.415
665.125
564.164
587.467
614.991
696.482
637.621
581.242
688.731
681.681
730.211
833.147
632.911
606.417
545.05
766.863
581.194
665.611
645.53
696.819
607.602
675.961
678.362
660.729
740.649
640.78
715.618
534.176
612.268
613.057
593.085
507.425
634.554
645.064
552.674
666.793
726.476
764.173
761.54
574.668
638.977
577.477
686.087
690.784
730.817
511.196
603.021
705.576
489.163
671.472
740.428
681.243
750.978
560.659
658.134
644.693
925.735
732.385
810.541
811.352
565.766
570.631
623.493
883.809
745.822
654.025
537.401
738.368
540.09
789.126
648.815
722.051
610.384
697.517
692.283
707.238
576.346
644.165
565.979
683.902
662.312
597.807
561.902
682.567
683.867
553.89
515.528
562.466
603.529
642.872
605.152
907.114
613.422
677.709
710.735
688.053
714.491
711.14
501.073
568.911
600.809
708.742
753.178
659.268
569.551
661.867
662.486
721.58
522.225
597.005
739.545
786.3
686.263
647.098
659.93
740.939
610.91
636.1
622.772
718.606
671.367
708.627
590.309
562.559
649.324
649.446
701.263
752.187
646.892
653.339
748.35
548.478
628.989
573.482
517.812
633.647
616.091
639.647
617.93
648.3
683.545
692.385
551.145
655.62
611.882
673.149
820.498
629.344
572.279
588.662
582.003
625.186
647.284
567.497
758.59
595.227
605.204
564.152
599.956
756.622
584.04
610.681
695.345
583.065
622.608
875.519
586.658
753.395
694.623
644.707
598.47
679.292
611.424
738.189
693.611
659.841
590.106
741.952
673.838
550.984
768.947
724.139
545.153
628.592
695.389
587.969
590.727
649.117
560.818
696.352
671.287
822.111
732.242
496.455
656.338
502.847
524.625
688.531
577.573
656.78
740.584
690.83
719.643
733.715
806.48
850.738
585.446
668.076
525.598
618.482
647.846
682.715
642.509
593.359
613.781
565.424
599.938
608.212
675.881
693.781
562.631
607.413
683.756
878.079
517.89
634.742
598.381
566.145
777.625
664.596
730.564
522.992
620.182
723.57
711.436
644.112
715.55
627.512
667.326
589.318
645.606
835.295
661.602
656.442
613.244
604.392
578.487
503.684
523.549
642.561
778.384
650.938
478.374
590.282
771.446
565.413
596.131
714.508
540.312
782.209
619.504
645.381
748.544
696.316
753.202
703.978
715.214
654.296
600.877
721.036
560.991
679.171
614.05
518.438
518.561
735.059
805.176
623.381
613.193
569.825
679.843
653.716
688.502
549.212
737.259
592.729
612.858
681.277
679.645
590.773
652.493
562.105
619.677
674.334
568.408
571.858
576.032
641.267
612.692
604.628
651.129
692.788
573.188
630.787
585.265
720.78
581.852
676.241
639.601
681.649
747.997
701.427
642.3
598.158
672.201
672.289
614.115
615.385
763.529
563.316
693.328
617.653
628.791
737.482
582.785
769.191
722.397
578.889
705.19
671.622
572.909
674.788
747.407
668.452
617.282
679.406
892.404
659.881
821.918
650.509
621.632
631.855
621.846
603.237
496.645
687.173
742.945
740.317
679.402
622.405
638.112
613.667
601.778
557.48
557.827
668.741
545.748
560.623
637.56
693.381
620.762
623.086
696.908
595.007
670.78
655.07
656.243
688.969
834.195
653.701
711.557
658.341
623.233
720.967
657.707
657.782
611.013
589.01
743.223
672.58
565.437
576.763
558.881
837.64
631.145
640.862
648.205
812.432
611.485
572.282
712.556
696.505
771.729
612.73
567.318
738.581
604.799
658.711
611.159
594.64
579.383
679.618
654.427
620.452
653.945
667.717
858.955
656.207
792.636
585.251
731.738
652.743
918.769
569.999
682.952
707.008
641.292
562.369
781.72
754.088
527.868
598.121
601.333
658.573
559.048
657.331
657.426
562.242
558.004
635.606
695.442
652.947
682.452
649.746
574.609
584.046
611.352
552.945
565.716
542.685
697.362
696.712
737.485
593.293
588.853
651.767
744.383
570.834
700.195
673.077
586.848
748.802
608.087
553.301
639.274
853.269
761.46
690.76
671.029
678.226
687.217
642.52
548.368
688.101
666.927
741.861
719.727
724.595
745.238
701.864
745.72
716.164
794.528
534.046
737.229
623.56
765.066
651.74
581.011
631.139
563.752
666.378
599.442
626.942
690.36
679.505
647.148
627.098
600.461
537.267
557.382
673.479
602.711
591.345
743.11
640.389
638.845
573.622
642.463
585.973
798.171
765.153
697.877
706.177
576.873
808.968
608.49
617.874
677.35
650.075
616.515
650.68
616.627
619.961
722.299
583.625
612.472
622.486
552.981
644.556
610.667
582.896
735.148
598.761
555.696
779.345
777.413
589.405
591.67
740.476
619.867
564.475
630.882
698.874
546.607
884.173
700.065
681.395
619.404
626.13
579.7
638.385
535.04
854.239
691.14
640.189
725.055
561.151
618.451
707.62
598.727
502.431
675.135
690.767
652.588
703.02
633.615
789.586
691.604
627.143
839.051
653.503
629.299
609.43
552.35
518.211
552.609
623.633
694.594
579.632
533.144
614.055
585.575
708.927
542.8
719.931
678.833
571.379
708.387
681.382
597.279
677.435
672.09
689.873
623.028
672.58
624.409
702.009
586.089
738.495
564.73
645.784
751.419
665.837
687.722
672.177
669.966
814.408
677.813
633.873
533.456
597.008
619.559
625.729
570.522
538.439
724.694
658.121
488.008
620.324
810.422
688.157
621.158
607.229
719.914
562.641
637.434
525.814
526.653
646.486
659.091
519.442
753.233
672.03
657.389
601.198
623.31
716.885
718.291
700.869
777.535
745.526
652.116
640.726
633.374
688.86
602.785
708.352
725.488
544.081
1013.87
515.537
701.728
564.089
619.774
725.836
566.468
648.377
566.591
637.099
528.558
680.457
621.593
715.96
660.218
629.315
612.438
678.158
658.538
736.343
632.65
742.776
647.938
562.798
677.637
631.515
618.685
648.618
690.298
566.7
795.047
623.597
795.038
771.213
691.422
616.211
549.036
688.573
708.574
627.922
621.39
491.47
684.627
694.304
603.373
645.447
659.383
600.578
608.167
637.983
559.703
615.764
541.155
696.542
529.884
634.004
804.329
744.492
679.798
557.843
661.539
661.809
744.191
658.547
727.594
615.067
626.673
671.054
801.039
628.225
599.147
673.818
793.487
616.402
652.873
576.692
660.463
651.038
560.709
568.314
596.631
743.693
568.546
645.291
630.901
501.374
746.528
681.503
585.342
548.186
594.329
582.776
554.06
727.353
668.666
510.777
687.191
732.289
674.488
663.298
753.791
657.102
656.393
712.35
775.077
644.644
809.478
645.59
751.932
767.532
547.176
576.79
768.569
563.469
817.599
751.284
676.549
640.692
672.686
670.541
597.108
767.903
555.445
736.657
628.356
570.249
727.169
735.332
761.355
639.174
826.553
527.352
701.713
744.286
651.611
820.76
602.591
501.754
634.546
703.917
792.922
616.357
617.627
606.123
789.979
739.237
727.261
780.372
724.161
651.663
580.629
561.218
608.801
579.291
663.326
703.235
581.675
575.273
758.504
639.748
742.239
639.527
670.281
594.864
703.258
639.984
718.371
625.125
595.03
514.866
704.108
715.798
601.737
623.592
563.016
658.092
775.495
547.759
551.651
650.929
684.032
508.83
631.418
546.578
561.937
700.718
604.318
776.932
624.264
653.327
604.863
646.751
910.169
562.249
652.51
614.36
665.42
728.573
725.99
704.699
737.048
605.944
593.317
808.802
620.835
608.041
575.663
680.751
571.446
646.491
685.641
738.516
629.963
550.337
608.851
875.905
692.957
630.281
689.174
629.766
698.429
566.59
658.601
601.481
599.108
823.843
634.908
686.236
649.611
661.906
663.524
631.672
636.027
509.227
529.739
590.251
617.927
655.615
752.282
584.375
551.227
587.421
786.987
688.146
667.729
637.608
598.478
571.568
627.33
647.127
621.718
633.881
623.558
583.73
606.005
554.609
545.026
705.821
954.206
592.32
684.04
497.059
621.825
678.359
664.973
545.44
633.418
716.021
696.208
648.218
550.863
789.815
670.631
574.643
663.209
548.033
715.337
625.127
608.282
738.849
544.551
730.47
656.06
616.629
660.771
619.886
659.718
630.233
686.836
638.864
587.711
636.712
563.967
618.159
531.013
729.262
461.719
694.51
759.661
593.399
603.208
672.925
651.093
589.629
673.944
774.548
665.749
632.111
634.491
648.329
627.866
681.309
808.05
794.835
905.478
651.399
660.11
761.187
633.346
514.007
650.527
754.259
688.35
495.456
624.45
719.544
753.169
615.34
769.028
676.772
673.084
587.93
601.646
584.313
621.998
512.621
605.297
632.621
591.454
787.068
661.684
689.243
844.189
735.465
599.267
656.602
670.541
604.333
736.973
570.916
823.96
659.507
546.764
688.084
828.814
659.663
576.108
536.764
820.768
579.455
544.099
741.873
623.271
688.639
753.676
764.209
578.181
689.119
615.435
699.201
562.715
650.525
625.898
586.419
587.616
637.89
594.315
577.098
635.766
685.063
570.263
767.72
583.875
634.753
755.146
920.504
697.075
622.374
554.758
708.601
596.239
525.108
616.074
690.366
686.308
684.884
621.176
640.414
690.652
667.155
668.391
647.2
628.627
689.482
737.807
868.451
592.333
608.305
685.077
639.55
796.343
593.593
601.198
583.003
661.962
639.196
642.711
734.55
630.366
496.94
513.389
649.939
530.232
629.74
865.064
671.717
556.968
761.09
548.555
667.902
763.918
535.079
697.118
659.705
458.178
563.222
550.005
631.645
681.872
721.468
601.296
757.9
702.988
794.404
661.11
663.219
851.372
641.696
633.066
722.103
677.885
750.728
650.06
689.088
734.149
680.66
663.218
663.714
551.423
711.581
705.545
776.749
773.259
614.148
562.676
499.751
527.294
741.865
625.857
683.977
552.53
574.068
656.237
625.358
643.119
645.353
625.899
742.792
589.803
557.94
642.669
534.593
648.033
783.284
563.743
655.541
663.427
621.587
657.085
579.447
719.955
695.478
498.731
722.706
668.26
623.537
611.682
608.605
761.814
580.077
627.452
636.69
919.82
786.834
715.017
808.545
611.711
516.103
675.12
662.74
674.917
674.67
635.222
611.851
618.706
679.101
660.753
698.448
683.428
636.396
720.3
689.106
602.47
683.191
664.788
697.963
837.749
571.608
733.67
724.153
653.144
592.115
770.098
618.738
559.704
840.93
532.139
581.126
749.983
622.886
588.56
609.73
775.88
560.557
787.692
725.941
605.13
542.768
781.505
656.519
493.369
629.596
736.021
599.991
566.457
601.258
788.582
767.285
681.215
646.349
747.797
661.899
556.616
594.566
616.708
628.038
643.509
756.435
690.446
670.107
609.362
613.681
544.536
876.666
634.145
667.236
627.402
607.627
588.843
626.165
750.69
566.966
661.557
557.451
609.188
493.642
856.863
764.931
584.308
718.194
738.204
738.802
772.19
626.962
691.864
755.71
667.096
649.524
676.327
543.076
557.12
696.952
742.586
730.163
678.49
709.713
740.56
655.823
623.726
622.991
622.883
531.564
535.866
730.576
605.272
604.407
752.621
527.809
647.053
687.724
735.387
639.22
606.286
567.288
573.196
870.338
620.604
736.993
565.13
628.04
621.285
687.596
598.944
657.701
727.58
532.11
551.966
684.451
607.078
670.837
573.492
694.51
575.574
584.877
558.137
980.645
806.218
598.907
717.184
697.867
681.341
721.418
645.586
665.288
599.215
754.623
690.596
516.907
588.716
704.55
682.315
638.295
760.495
612.156
764.619
600.514
721.747
516.363
559.065
587.51
577.315
600.883
837.241
734.588
699.757
697.716
778.46
671.686
619.087
643.518
757.336
647.456
632.691
591.714
628.615
760.099
551.352
623.125
694.455
650.258
590.195
587.441
537.961
656.946
658.729
650.867
658.339
693.937
700.926
725.482
748.017
706.219
584.396
616.803
733.106
608.118
790.018
695.227
754.33
634.057
668.749
598.545
563.219
601.852
518.387
842.817
597.263
684.587
796.809
571.551
638.135
819.698
684.967
701
826.838
678.201
557.233
745.691
601.311
638.075
488.554
623.792
554.366
555.505
598.355
555.841
693.403
707.933
634.551
788.396
633.519
666.305
672.87
678.836
565.832
660.503
583.196
622.577
599.089
608.136
584.213
689.9
774.509
718.01
656.703
630.089
546.467
703.037
802.897
546.166
514.973
576.981
635.633
641.054
587.961
810.909
605.043
579.272
611.823
775.787
606.52
569.911
585.444
622.119
624.98
622.665
587.008
694.658
569.174
858.571
556.563
562.992
630.949
649.44
648.663
627.561
670.387
479.711
750.762
563.911
522.587
756.82
708.331
633.845
675.982
719.926
612.39
615.714
552.62
596.624
658.498
689.342
645.515
679.683
577.782
545.834
631.158
559.021
757.303
667.891
681.702
663.552
485.961
535.3
598.913
577.319
660.806
625.849
642.848
624.559
662.038
548.619
658.112
876.532
578.273
716.7
571.023
683.863
634.963
679.808
736.381
643.729
613.483
655.497
798.382
669.657
670.628
643.919
711.33
635.446
651.058
591.793
555.77
746.403
738.52
562.985
688.421
733.78
585.307
774.277
940.409
590.119
742.997
701.177
692.444
633.349
572.471
655.507
600.515
651.349
653.815
700.189
677.482
658.627
727.383
649.42
616.984
612.901
974.819
567.842
557.945
760.993
910.231
652.402
675.428
633.467
718.037
730.027
705.386
535.442
675.31
744.17
743.089
614.481
523.324
758.013
616.887
671.415
662.101
686.836
601.109
632.316
669.959
689.467
747.794
693.848
539.118
597.085
680.06
596.693
642.85
654.83
683.672
784.712
724.633
644.343
718.851
630.138
587.769
890.161
577.157
581.824
660.247
593.494
701.21
751.597
805.158
862.477
632.873
593.02
667.7
678.097
592.799
645.267
583.359
681.696
812.421
569.703
597.858
608.717
630.783
696.134
665.313
623.736
589.364
680.337
570.301
638.756
651.47
787.889
564.437
694.763
663.35
643.675
753.943
615.655
634.601
613.445
601.071
651.72
613.854
597.813
744.91
655.703
579.785
832.523
978.561
522.544
767.888
526.108
773.514
582.532
697.909
627.469
713.572
654.636
576.935
596.79
705.627
643.172
540.681
762.91
655.99
575.068
528.803
543.696
676.952
618.482
775.18
766.171
750.533
522.973
703.243
613.108
777.55
659.675
666.794
732.003
620.587
643.241
596.8
685.3
638.482
517.251
592.616
655.243
729.277
664.63
692.62
688.694
783.945
562.1
717.113
702.838
788.811
699.993
681.669
525.847
670.238
654.453
565.596
718.346
627.581
614.043
827.206
692.872
679.468
674.182
547.308
754.641
708.67
580.006
625.643
486.825
748.072
665.904
618.967
687.462
614.552
701.246
596.488
621.683
618.1
685.363
601.745
690.532
764.071
668.757
688.008
775.682
522.178
628.049
636.007
748.224
533.825
677.669
627.406
776.79
590.952
714.205
779.613
905.242
821.526
626.841
566.792
643.977
596.718
580.371
560.074
667.998
642.178
519.326
609.51
627.669
656.81
627.678
729.591
629.913
527.364
573.663
665.152
479.786
814.948
827.012
530.723
662.568
590.53
555.009
650.969
551.703
566.593
626.457
544.815
637.268
715.963
591.45
590.744
714.937
636.687
673.55
687.627
609.197
636.569
671.463
689.183
631.078
692.41
518.313
693.524
533.303
663.037
662.43
703.726
606.438
573.485
670.248
599.233
681.572
790.428
624.104
569.251
679.075
629.912
814.017
627.447
762.573
626.771
590.747
760.386
693.309
605.776
661.911
541.193
538.107
708.654
684.477
490.445
733.744
562.005
593.155
890.609
775.278
555.696
689.447
522.008
596.649
659.147
815.883
722.999
723.193
654.457
622.332
686.36
585.516
727.217
765.947
643.538
657.106
611.41
630.512
612.327
645.206
615.04
610.938
726.711
851.661
604.949
628.68
605.446
619.015
580.74
637.84
691.444
769.378
643.374
783.778
603.323
674.562
648.288
754.778
693.787
577.651
654.506
713.683
829.187
703.619
611.665
637.457
555.8
596.305
740.029
690.678
507.068
592.884
503.042
639.52
675.609
685.163
605.711
696.601
627.655
638.549
597.968
694.519
582.757
615.337
667.096
906.626
659.714
767.187
662.817
693.312
691.062
667.423
663.041
707.993
616.793
722.129
641.446
583.781
683.587
609.491
651.914
681.402
570.193
599.968
486.344
628.545
744.973
760.37
708.948
702.324
722.89
679.674
836.913
534.905
660.546
670.365
640.994
595.523
619.445
568.635
591.2
655.57
609.133
606.182
597.144
698.224
658.064
747.376
572.37
738.776
621.156
563.173
611.249
618.027
680.009
628.559
645.843
604.724
617.656
709.338
565.677
735.697
574.532
578.566
634.243
634.828
693.731
714.332
696.674
757.306
695.05
635.069
615.193
581.349
648.163
571.902
685.596
619.88
652.19
584.096
568.637
594.962
559.931
613.954
543.155
557.689
754.159
604.094
645.273
604.687
754.535
685.884
676.054
583.334
564.475
540.266
563
633.282
577.218
589.789
706.839
751.156
718.16
583.405
806.096
618.076
696.086
598.34
699.563
670.23
938.77
679.105
706.146
971.751
648.323
700.277
518.908
777.108
661.576
743.371
756.511
696.713
631.467
647.462
608.605
807.455
825.941
674.079
602.166
570.566
618.28
604.537
552.983
643.025
753.455
591.257
719.166
597.589
655.948
629.854
588.329
718.468
632.624
617.285
502.91
614.776
629.52
850.126
619.544
655.236
694.491
657.113
605.778
748.391
545.638
684.651
674.593
768.457
744.604
685.898
727.841
578.815
531.539
653.764
597.528
553.219
683.395
574.549
555.475
669.17
653.978
715.455
596.787
573.746
714.86
673.123
729.081
605.054
608.825
619.717
571.112
797.603
700.805
625.926
561.182
663.395
639.227
781.583
668.396
582.149
744.812
544.485
789.596
605.512
587.656
682.043
563.458
824.263
691.147
782.565
596.664
606.165
722.091
667.769
568.89
745.019
551.79
639.377
521.879
568.117
681.71
627.132
638.67
667.923
639.76
766.204
629.012
667.713
678.448
560.596
617.746
754.992
739.144
631.642
767.63
623.794
508.106
610.399
583.177
483.629
681.67
616.691
634.693
702.478
603.528
764.609
909.005
664.505
686.392
769.851
635.3
570.472
655.645
612.01
575.735
704.088
673.739
759.189
659.999
652.712
710.334
728.222
554.471
732.128
769.85
641.632
730.317
657.03
578.12
682.243
557.782
737.504
722.426
553.803
543.178
770.358
651.018
738.585
565.616
612.887
711.455
715.947
648.397
583.476
700.11
596.621
664.807
725.751
561.048
538.52
568.831
733.08
608.727
559.84
700.413
782.331
651.302
627.128
644.172
663.371
794.086
626.448
562.745
569.935
595.683
606.024
465.271
776.115
640.327
688.389
577.993
712.781
680.958
674.685
728.029
611.172
665.806
594.328
660.855
620.84
771.921
664.049
632.351
586.208
651.25
739.198
540.44
609.946
724.417
649.389
550.671
656.16
620.662
666.399
664.058
577.534
657.29
620.797
740.202
749.814
720.544
646.364
779.76
694.883
617.186
722.738
699.369
541.887
717.233
603.983
672.154
600.517
653.759
641.718
664.775
745.546
767.184
675.168
564.962
588.695
661.098
729.188
615.25
676.53
650.719
641.692
810.431
583.296
657.735
652.259
716.508
728.152
579.851
586.681
714.53
762.612
636.258
611.378
663.623
677.514
574.609
732.3
616.886
623.825
623.301
621.818
646.881
647.698
673.67
623.956
600.714
579.225
585.17
685.318
600.187
524.926
572.391
652.6
631.437
523.086
610.719
693.741
804.757
640.015
658.73
612.14
590.587
570.311
486.796
721.112
763.236
476.14
730.499
565.053
650.746
764.268
547.692
528.712
881.11
725.91
811.646
662.819
609.799
607.504
628.643
656.519
499.307
718.963
541.325
616.62
671.658
675.247
579.193
645.956
730.853
539.857
537.959
601.084
698.158
642.061
595.397
645.982
801.573
591.882
705.174
725.033
758.57
703.84
804.772
656.08
595.197
845.068
677.35
646.547
600.639
589.171
779.287
541.509
710.261
743.745
588.088
546.255
702.279
699.368
557.069
688.392
645.842
450.259
647.795
703.115
587.657
658.401
645.589
748.441
732.958
674.225
661.239
617.14
675.822
597.434
594.664
620.899
661.16
608.319
717.628
665.539
696.69
598.187
710.529
606.086
695.517
874.616
599.065
663.003
607.245
607.1
629.236
805.186
650.551
698.241
641.781
679.749
665.791
600.465
752.556
590.722
641.689
612.178
593.254
613.915
552.788
703.279
618.499
729.127
666.164
771.735
655.609
676.423
523.15
559.168
579.229
590.663
567.232
636.684
919.594
609.636
674.092
623.159
631.665
666.919
719.533
663.749
740.744
736.433
799.275
676.617
675.077
685.594
587.751
552.12
686.63
641.914
753.438
639.009
682.407
666.362
670.048
551.196
651.821
691.425
711.096
582.73
588.664
622.83
608.472
646.421
728.282
516.629
699.906
697.804
665.674
707.786
765.52
604.448
743.781
619.07
733.821
645.095
634.18
751.152
735.128
589.597
631.544
645.799
714.831
547.261
608.644
645.038
675.769
648.883
794.729
671.682
768.709
688.942
613.696
745.943
627.948
602.032
657.174
592.31
657.607
546.732
652.204
529.331
577.777
587.584
578.529
620.378
566.788
632.401
669.178
597.085
640.877
628.223
837.338
645.487
599.555
936.178
572.692
670.031
575.112
752.364
654.92
666.156
694.175
650.957
718.352
613.735
604.133
719.772
704.058
665.672
589.067
608.666
723.591
682.266
585.987
662.66
623.463
605.915
553.102
687.887
637.704
696.591
784.649
622.266
568.856
730.628
616.901
578.624
581.533
719.331
714.084
518.662
698.868
614.073
666.036
613.081
776.418
662.585
712.024
629.902
690.285
803.018
758.516
627.295
670.972
698.578
695.626
640.873
654.911
575.155
610.458
513.807
622.881
682.67
667.14
593.826
616.32
629.513
525.405
664.431
682.821
649.855
617.422
564.727
549.806
560.49
596.237
599.263
752.678
656.741
575.451
619.534
545.915
654.552
613.179
759.656
663.973
591.103
703.375
593.9
606.616
660.046
568.814
583.255
655.379
604.663
628.834
564.524
762.77
724.465
609.588
708.746
528.769
520.679
642.395
686.997
595.794
758.414
629.129
596.248
702.56
741.035
750.902
494.005
745.652
577.742
694.024
836.646
581.299
569.15
674.133
670.413
637.873
674.676
735.025
733.034
577.682
611.331
704.37
598.113
784.205
623.39
570.433
712.085
650.923
659.731
608.331
603.952
716.626
620.489
669.596
659.532
633.702
600.232
545.367
685.012
644.07
635.54
488.516
601.506
734.548
685.66
703.45
677.578
725.397
549.589
624.02
580.255
563.45
685.677
667.05
566.738
588.223
709.853
650.444
690.426
702.603
685.761
591.007
625.636
615.779
578.544
610.245
739.885
641.054
613.299
679.964
823.47
648.009
507.277
636.945
643.066
865.9
672.837
699.366
575.315
688.441
604.219
761.747
610.117
858.41
719.47
712.83
570.94
631.19
689.091
623.921
544.988
675.718
590.811
702.369
588.085
633.635
599.581
706.936
663.258
717.159
718.248
634.552
571.775
668.758
622.303
807.914
844.577
726.096
535.659
687.892
485.105
560.411
782.931
632.036
637.802
745.115
640.371
617.754
622.75
710.106
690.43
717.638
742.117
708.715
699.653
564.412
777.982
659.169
851.081
534.124
741.035
613.524
536.478
643.948
608.229
612.549
649.245
676.643
571.012
607.898
697.664
625.53
606.063
675.968
586.942
600.914
699.921
537.376
592.814
563.958
536.726
593.522
653.8
825.16
553.791
784.731
685.57
701.976
669.147
819.587
871.855
865.12
807.048
660.829
635.391
654.927
587.706
797.151
731.806
609.754
563.801
719.696
530.472
615.767
623.054
683.261
608.68
665.184
693.67
641.983
776.132
511.733
645.455
772.775
685.764
569.82
588.599
520.603
592.53
585.657
554.264
621.342
611.564
752.391
663.481
616.406
669.587
684.968
527.457
721.228
652.246
676.432
700.349
733.095
640.546
547.23
613.4
709.863
674.724
573.692
673.6
707.338
575.33
693.403
625.243
746.499
555.598
575.295
770.945
669.757
616.14
562.331
775.068
626.936
744.848
663.1
609.63
628.642
606.483
650.014
597.405
669.822
571.8
590.373
677.382
610.546
873.732
649.668
576.397
688.363
625.825
630.578
586.957
684.41
933.796
613.865
707.56
768.593
633.851
564.52
726.445
761.559
608.572
664.314
588.148
604.303
675.406
661.249
529.395
794.894
614.363
510.403
737.675
687.1
602.839
748.891
625.349
521.837
672.363
645.839
691.31
547.906
622.307
658.787
797.774
706.202
693.081
555.253
541.464
552.758
699.232
516.299
700.824
803.291
583.556
559.276
795.462
557.087
796.753
692.802
593.874
626.925
757.783
588.086
672.534
663.39
620.223
665.978
588.425
558.315
580.205
652.51
521.811
538.412
684.23
546.721
598.564
567.001
570.152
699.556
566.372
587.905
750.408
523.578
688.075
570.918
700.038
694.914
696.184
662.458
642.67
793.244
619.622
768.35
724.872
828.652
616.77
536.493
614.901
624.845
608.876
688.45
621.136
713.846
787.49
667.588
874.803
784.728
793.192
692.244
652.658
828.929
595.623
704.686
622.711
599.182
662.314
660.228
652.631
696.954
778.325
688.691
602.947
497.07
584.288
704.101
716.554
521.677
565.135
645.198
653.647
590.268
711.04
647.108
559.692
611.074
619.672
541.112
632.764
676.726
642.852
801.953
509.766
733.632
652.994
682.078
706.06
645.487
578.453
630.791
532.642
534.592
689.404
622.092
719.301
706.073
694.625
629.487
605.535
588.149
659.685
577.791
786.834
775.289
632.943
619.288
673.39
590.06
630.807
697.57
638.192
650.18
592.512
762.508
575.575
584.38
652.696
656.617
704.572
640.198
585.3
608.581
622.383
680.181
712.946
668.213
824.768
714.384
673.982
491.843
641.717
534.276
623.523
766.027
587.962
565.863
608.876
648.867
770.834
628.549
632.497
736.613
667.563
583.468
623.805
658.958
537.701
560.045
707.292
595.809
797.671
606.559
611.562
543.183
823.275
684.523
614.97
620.788
835.675
743.785
556.345
700.185
625.842
700.478
647.715
558.327
570.984
663.308
556.969
591.385
723.324
600.217
621.082
781.913
664.187
593.949
592.764
726.62
655.038
615.582
732.41
578.471
819.147
677.166
667.525
726.538
582.513
565.018
638.12
529.745
677.783
649.858
616.611
680.676
750.958
638.893
704.267
633.254
634.474
711.426
629.451
800.337
574.369
970.914
721.162
562.725
585.676
620.94
781.23
536.716
618.695
606.936
752.303
520.76
674.93
695.91
628.667
610.012
615.553
588.437
651.967
728.083
630.132
543.58
712.45
505.025
663.115
812.775
556.956
965.024
642.983
567.568
598.993
659.334
641.389
575.21
669.917
636.624
589.577
709.055
572.985
630.33
713.776
659.969
735.89
689.719
660.617
536.33
497.431
666.667
725.215
663.691
585.202
618.974
604.83
616.872
666.354
609.607
580.213
640.356
773.415
650.522
692.1
609.029
610.503
701.587
796.023
680.247
680.428
693.834
702.786
647.905
628.278
660.516
498.811
571.956
600.341
635.229
600.685
608.862
610.807
604.145
553.399
730.888
685.1
654.051
715.962
661.078
608.566
636.823
639.92
540.835
731.96
581.893
842.525
548.134
779.582
563.579
592.757
669.054
664.002
598.06
642.06
603.42
697.619
665.423
637.648
631.262
586.395
723.804
645.349
587.895
635.639
651.794
701.509
563.995
532.709
661.848
575.804
530.377
583.595
501.03
696.438
714.905
575.472
704.607
536.09
621.565
718.331
685.693
669.38
691.717
685.19
659.305
657.583
704.013
727.354
686.944
573.438
662.761
546.559
694.815
750.92
598.651
683.166
690.68
548.065
621.637
701.951
687.871
606.039
669.39
740.703
727.92
672.746
743.501
839.148
684.806
758.609
617.361
610.165
624.076
657.185
599.709
753.573
735.231
639.662
644.938
586.751
677.002
658.792
533.321
643.254
601.161
683.159
484.063
572.961
550.088
646.29
731.754
770.427
818.755
539.293
832.086
699.759
702.993
555.33
597.715
773.365
568.923
586.695
663.585
587.942
560.839
674.626
719.623
588.883
776.159
704.603
739.556
778.449
576.321
675.635
650.678
661.334
643.436
671.431
820.261
528.848
691.614
676.897
684.595
676.999
797.091
571.012
737.797
554.632
646.814
619.329
678.238
655.902
616.821
763.922
903.306
568.043
597.541
624.799
545.465
817.788
929.543
602.988
768.136
726.612
760.568
710.407
699.773
740.166
620.537
602.082
642.034
532.404
638.583
591.734
821.167
648.881
624.844
606.746
746.693
542.371
529.204
632.76
693.298
589.199
651.985
584.324
685.434
565.946
812.094
685.197
629.994
631.268
728.732
703.552
794.558
641.032
691.59
612.434
643.303
612.407
797.255
642.491
643.076
604.385
742.77
765.891
692.602
740.694
570.054
571.404
615.042
627.722
625.734
673.731
697.998
701.438
552.6
697.234
638.677
570.776
658.25
718.1
624.808
670.679
555.443
673.029
577.955
669.25
616.722
564.636
666.579
655.273
600.831
728.099
722.226
609.327
655.996
535.247
713.794
715.021
641.47
684.719
740.802
604.627
641.836
727.536
568.923
602.054
583.982
613.716
580.158
645.883
748.494
560.276
643.226
567.769
596.059
808.452
705.071
620.318
566.962
695.958
870.86
644.279
624.684
593.39
675.155
622.459
590.283
730.147
640.81
570.239
607.524
615.646
672.119
632.5
576.078
864.582
703.24
785.804
572.218
530.958
798.824
712.013
686.147
574.123
714.311
645.074
713.161
768.511
651.879
656.072
610.244
676.438
637.24
635.623
694.535
624.325
713.44
547.059
605.131
660.682
507.443
636.895
562.448
706.144
690.715
622.799
758.3
690.565
594.268
639.149
616.032
651.785
770.783
531.526
856.745
699.446
670.478
607.197
659.825
454.064
598.661
598.44
552.14
712.117
510.499
559.751
553.992
654.695
631.203
598.973
744.66
585.669
585.428
593.486
812.295
545.013
528.863
651.197
499.276
710.949
571.266
613.005
588.334
805.738
531.792
619.757
616.205
771.637
639.713
713.363
740.336
547.149
812.03
715.442
669.61
623.675
746.566
704.097
670.549
628.336
608.66
659.465
545.939
622.564
700.275
518.586
646.709
684.709
577.51
589.67
772.848
619.065
569.552
686.013
784.127
615.162
479.44
648.192
708.352
719.832
604.432
721.813
603.947
584.241
661.864
610.855
547.506
801.168
564.035
638.49
613.55
645.662
729.299
703.868
683.305
661.05
503.22
708.004
747.759
745.736
662.044
707.831
606.929
631.131
749.318
722.056
558.573
625.349
520.352
545.01
751.41
718.897
642.152
597.033
618.631
626.91
640.729
752.226
644.677
599.929
601.541
640.229
552.593
700.986
709.188
643.069
745.955
577.531
660.46
684.955
551.442
550.368
693.696
706.801
639.061
573.69
642.562
772.757
680.465
680.081
602.943
588.683
650.605
592.348
697.608
737.229
710.815
630.894
610.252
595.209
652.615
589.827
629.762
684.883
654.663
612.529
580.552
706.036
584.774
588.289
560.204
590.545
611.943
614.858
703.8
677.582
690.907
725.736
603.191
669.806
498.513
801.442
622.261
818.432
802.024
665.41
721.757
808.601
679.611
908.755
683.222
616.689
659.218
724.569
646.58
665.373
728.731
718.964
708.887
726.609
612.172
648.185
630.189
775.128
694.655
734.461
681.027
869.387
520.412
530.129
693.814
661.944
720.513
661.594
584.665
823.776
695.247
664.224
543.523
601.439
677.663
593.866
598.496
644.682
567.539
558.251
631.852
672.63
607.768
560.854
657.895
766.924
639.199
645.985
761.555
635.964
657.821
598.253
692.118
596.218
753.359
599.249
670.02
662.96
691.521
580.485
552.338
604.491
635.375
602.63
675.16
664.234
605.444
686.737
652.552
623.79
718.147
544.091
766.738
610.632
897.1
590.689
508.321
560.589
567.991
601.419
619.093
589.877
723.413
533.106
644.534
871.203
581.519
614.531
534.705
776.886
668.399
678.258
734.974
609.569
637.827
647.319
660.734
617.19
609.677
798.251
563.638
533.086
697.599
764.448
617.314
637.452
686.139
743.368
647.03
707.037
685.595
947.948
678.941
758.003
663.821
501.569
683.76
605.78
673.391
655.307
652.393
757.22
740.268
676
737.113
580.762
629.786
695.588
621.943
695.189
758.402
789.014
658.416
669.54
695.957
470.325
600.892
618.821
601.189
698.448
501.585
758.245
769.297
668.743
573.027
660.867
629.873
777.366
593.072
687.85
555.464
665.811
693.242
726.305
549.715
708.514
700.175
639.103
728.507
700.844
665.493
607.897
670.831
614.874
893.224
622.828
571.165
619.419
596.298
591.794
735.58
682.301
691.281
623.56
669.077
635.162
601.527
657.264
619.427
719.326
588.033
579.563
725.593
592.591
685.129
623.452
606.81
599.567
568.392
556.477
866.564
600.523
605.289
750.346
818.088
762.778
638.368
602.984
587.105
607.617
656.608
559.768
591.979
564.354
608.014
570.468
648.961
726.183
791.867
541.092
561.643
667.261
741.351
724.768
652.746
747.034
542.08
633.655
604.011
605.773
595.452
759.566
688.158
706.313
697.502
585.243
671.979
584.988
630.368
691.547
641.83
505.207
646.91
656.64
545.396
741.202
718.789
772.66
633.633
629.51
725.693
719.937
748.421
640.988
614.964
603.498
778.994
720.001
728.402
565.602
600.747
526.551
763.465
662.061
611.463
618.692
716.159
614.733
774.81
608.835
738.283
742.105
597.19
593.253
835.682
654.603
669.976
681.423
602.452
609.307
655.064
783.91
586.445
846.701
662.048
680.017
473.868
723.182
571.38
596.042
575.408
684.48
635.977
613.382
781.35
673.789
573.052
599.644
611.155
557.865
729.254
561.383
651.777
652.444
665.353
701.909
863.173
753.502
750.081
625.537
679.032
642.067
558.292
699.501
794.568
658.589
653.085
690.467
787.694
553.275
466.841
538.804
682.971
517.376
700.594
693.961
515.971
683.153
790.876
778.907
766.722
794.703
601.364
648.235
661.218
620.692
598.151
689.933
682.731
680.129
780.824
625.335
731.003
745.605
648.909
685.936
561.19
639.448
593.66
608.561
691.644
649.99
717.426
630.437
861.449
685.064
760.437
677.952
735.021
612.203
700.946
562.147
609.788
667.412
729.484
568.78
503.405
569.302
611.48
609.703
615.554
727.446
618.836
688.082
726.179
717.581
526.617
720.479
632.461
507.278
904.445
616.916
539.871
704.981
529.276
621.735
689.2
584.614
509.319
598.116
740.372
522.672
541.817
722.879
705.112
521.124
647.19
601.933
735.788
695.604
605.302
862.359
692.924
551.183
617.886
793.54
665.15
613.323
637.524
528.281
666.549
567.926
781.783
702.936
692.501
622.209
562.413
662.671
703.196
689.291
552.063
771.59
654.324
750.338
546.694
566.681
591.323
693.686
849.312
773.762
801.949
641.203
611.186
630.845
541.699
573.364
601.548
663.519
614.39
560.288
661.134
555.894
655.328
731.148
817.674
815.16
600.194
722.91
711.074
649.852
884.558
612.238
593.837
587.564
622.918
653.872
621.206
777.186
726.361
740.016
623.473
788.761
684.988
601.892
675.426
717.491
675.486
577.643
630.683
692.833
500.137
667.968
648.751
692.72
595.706
595.372
712.558
660.982
697.322
655.331
733.163
664.032
556.249
660.195
683.541
612.338
579.386
701.249
585.531
672.626
542.636
741.972
675.929
834.983
691.694
601.662
717.573
670.131
647.768
620.172
630.189
620.269
579.862
628.69
730.251
592.871
513.307
654.318
828.7
864.51
657.617
696.81
686.954
712.164
668.364
804.044
817.092
698.135
695.549
754.082
846.344
565.908
640.145
608.675
608.432
627.446
735.993
887.029
643.148
622
664.89
673.756
615.12
672.099
855.139
772.135
642.77
745.065
672.063
651.039
752.117
610.793
636.752
550.783
642.291
594.551
688.103
605.026
701.664
687.942
702.017
727.595
777.534
617.1
657.4
664.082
636.322
574.945
701.328
704.434
530.355
827.928
596.998
635.261
691.621
635.003
701.398
698.307
731.374
639.816
639.118
576.753
684.294
649.813
711.721
623.716
721.846
568.812
818.355
771.537
665.773
627.153
746.486
628.973
637.193
785.69
705.544
693.33
735.368
632.971
667.13
545.286
628.193
912.59
578.988
575.294
662.776
581.068
608.022
562.811
535.658
561.068
715.913
673.69
605.07
756.154
717.784
651.189
667.732
632.631
649.327
750.278
757.768
739.904
673.141
774.44
967.14
633.159
590.377
659.2
565.665
679.321
525.071
583.567
869.205
847.474
718.581
864.638
581.062
619.418
580.231
785.387
640.272
710.703
669.275
668.825
590.532
766.793
770.848
599.123
696.43
640.66
543.5
672.761
764.696
596.915
528.704
598.412
730.189
597.138
571.526
641.207
488.427
609.63
681.228
642.262
645.013
585.28
628.516
561.179
498.466
629.297
584.172
612.253
588.868
769.06
644.351
655.879
600.733
583.04
652.233
737.653
573.061
676.793
620.964
632.821
601.204
680.076
627.198
616.676
657.583
663.779
753.825
681.179
834.036
677.121
556.323
826.477
794.352
542.591
599.515
643.835
682.568
637.664
593.767
773.331
522.63
582.907
610.143
583.713
627.431
599.966
656.506
612.373
604.259
612.932
888.496
555.669
744.69
569.436
657.595
603.546
616.174
620.907
631.383
634.562
594.19
546.712
657.25
627.26
708.568
612.658
635.043
591.021
793.233
682.801
519.871
676.105
661.519
703.435
611.893
637.291
690.997
674.466
688.565
753.431
573.156
658.826
622.34
639.927
670.841
550.72
680.812
776.733
892.117
594.215
642.626
646.717
522.675
560.313
865.959
646.043
630.035
519.121
614.47
594.19
562.267
569.699
657.92
652.156
568.451
778.792
823.35
647.707
675.957
653.361
630.593
596.934
722.126
769.993
661.82
586.065
710.135
651.432
638.485
513.699
710.786
824.699
704.264
588.621
697.727
602.946
678.724
634.157
614.001
738.724
718.107
595.863
640.158
634.705
599.226
593.557
543.512
777.014
618.254
525.043
734.95
630.435
655.577
610.192
574.7
598.585
671.873
626.15
678.679
827.212
574.672
593.674
659.514
722.503
679.581
580.649
673.042
712.355
610.946
643.266
649.791
665.157
781.953
694.733
622.36
608.685
795.069
608.646
719.839
678.061
669.536
712.865
551.605
658.88
604.462
830.816
609.618
611.799
731.787
646.857
674.993
639.893
580.397
679.298
711.102
585.763
671.487
717.583
786.508
583.38
641.784
550.196
661.84
540.243
523.877
614.05
721.122
755.011
731.363
612.64
542.585
710.464
700.244
797.588
692.516
803.556
692.481
703.348
535.808
689.401
708.296
486.342
638.865
819.417
781.069
667.286
666.966
671.572
523.866
517.947
590.524
673.066
528.531
587.898
709.738
719.726
659.841
606.864
637.737
685.768
586.515
663.761
654.232
642.475
596
743.003
607.355
790.964
632.894
654.922
654.709
633.224
659.95
654.784
682.777
659.806
717.626
523.736
598.174
559.308
652.025
1031.21
739.532
605.711
789.769
632.418
706.698
553.572
670.817
753.236
716.059
498.357
659.307
769.625
788.663
617.653
748.947
747.058
631.952
762.86
573.454
692.132
728.997
789.689
615.175
545.634
713.052
620.9
559.868
647.493
565.313
639.68
707.996
666.832
649.367
628.413
652.283
612.06
720.498
566.441
612.708
632.501
513.051
592.134
706.875
696.55
688.785
727.44
637.206
720.058
707.086
603.622
534.178
680.736
690.526
728.409
615.682
647.912
558.655
662.989
647.596
605.021
583.041
560.538
673.116
702.883
725.466
741.839
599.724
722.783
716.608
584.052
635.037
552.776
736.527
575.429
696.158
649.2
782.097
751.609
619.969
709.684
673.824
578.692
806.028
678.195
617.282
611.977
579.051
632.151
766.758
635.383
639.775
690.345
845.793
865.973
767.758
728.238
609.597
593.415
705.812
645.41
706.884
664.065
760.195
673.466
663.761
529.317
730.61
545.038
718.51
736.114
608.351
641.01
623.255
869.131
616.934
776.242
709.494
580.844
622.751
669.853
677.21
717.297
619.449
781.597
607.998
587.55
816.395
637.374
667.928
658.55
619.778
882.881
691.346
643.577
606.795
556.88
703.172
642.051
690.277
634.868
698.584
525.727
601.289
614.666
678.788
645.447
539.118
660.153
647.568
662.402
660.185
591.032
622.517
701.898
546.972
726.12
576.165
647.11
660.948
649.645
639.588
708.142
713.403
677.23
697.229
684.548
582.435
568.092
645.766
703.864
723.852
596.373
723.815
697.65
709.154
693.067
660.264
662.899
711.547
701.565
663.522
721.63
609.643
565.961
716.556
606.893
549.277
586.829
752.006
521.246
578.67
789.35
543.307
634.964
613.833
631.607
676.76
737.355
773.92
672.846
726.667
579.089
683.49
623.013
696.307
569.606
711.941
712.687
730.034
639.472
645.065
538.578
747.657
724.108
518.859
558.394
752.175
598.066
667.921
716.251
692.584
683.645
688.416
694.179
599.436
627.862
595.996
617.498
620.796
626.431
715.53
651.482
633.336
636.061
646.149
586.654
580.243
584.451
613.192
606.448
686.454
643.642
598.403
522.159
755.397
630.704
717.014
589.774
612.794
653.298
785.534
664.998
600.689
843.268
821.854
649.181
636.307
635.305
640.311
702.703
509.342
709.488
448.885
507.659
745.32
634.061
708.448
530.88
572.64
621.444
724.728
588.887
736.256
691.376
730.215
748.757
726.77
711.325
666.201
718.136
641.734
768.08
579.284
709.459
664.528
658.8
605.366
646.494
903.318
771.904
600.69
669.14
570.298
775.411
656.344
637.352
614.331
636.94
725.002
663.643
703.944
482.884
679.721
758.501
841.371
761.574
633.525
714.221
714.542
557.326
539.398
624.084
656.537
654.826
659.23
565.568
656.37
678.891
634.415
615.646
586.375
676.087
658.323
751.159
668.296
566.306
649.141
501.924
732.226
629.7
607.092
771.368
611.647
566.496
668.695
727.749
598.993
612.825
556.508
584.67
636.005
553.153
496.327
666.735
857.183
690.165
624.802
570.989
698.216
719.528
668.976
579.918
557.804
971.09
696.538
593.527
683.005
663.642
581.373
554.477
736.542
546.62
836.29
690.87
607.995
618.312
613.53
600.341
564.393
573.44
669.986
656.485
675.054
554.384
634.39
633.755
673.672
566.554
758.93
736.025
652.976
613.65
686.512
634.818
670.098
663.537
644.045
753.095
704.068
521.54
765.95
636.724
610.503
670.241
743.892
738.077
706.309
637.742
791.779
777.107
845.053
737.018
693.112
675.214
654.331
743.738
806.277
708.632
771.386
572.379
608.15
909.747
554.524
566.395
706.261
660.44
571.205
664.748
734.797
672.592
677.193
655.082
663.533
615.413
561.649
705.11
661.066
661.774
604.887
616.652
665.206
624.526
585.834
652.667
758.529
625.748
586.319
654.286
777.994
542.64
705.576
469.178
627.16
715.943
717.071
561.041
584.259
826.381
591.749
608.578
787.592
517.511
603.998
653.139
680.545
559.367
725.111
615.256
632.071
665.134
602.789
714.957
605.98
614.805
761.109
734.011
634.298
734.715
611.328
902.443
540.484
685.063
699.513
686.879
630.122
664.509
763.593
633.776
767.804
831.465
591.159
633.659
548.852
628.423
594.554
497.266
645.152
575.733
793.519
600.193
564.354
676.455
612.52
682.742
681.702
649.521
613.665
708.145
648.767
530.959
692.465
641.362
589.058
567.704
542.263
691.711
519.818
751.867
599.665
792.996
690.216
686.461
717.897
754.552
728.531
686.57
616.6
591.524
566.317
724.25
646.628
751.806
616.42
722.714
604.514
595.964
688.636
870.703
695.866
558.179
682.295
598.014
615.315
692.933
566.927
556.366
629.602
610.959
797.716
924.272
576.676
613.246
681.616
745.699
817.151
644.632
744.603
619.216
594.776
674.254
825.651
587.874
654.785
509.683
614.193
658.493
668.17
624.219
639.956
776.249
777.774
499.157
668.857
714.473
556.136
728.559
539.103
661.005
638.393
608.684
744.439
850.862
651.979
668.05
608.055
588.298
607.798
577.397
627.905
657.889
855.525
664.876
701.478
633.406
725.291
706.26
662.52
777.576
529.374
621.772
594.452
681.819
723.68
738.756
689.766
665.39
661.324
747.037
721.248
564.699
659.432
720.47
639.892
616.944
641.465
628.654
701.077
666.742
631.944
708.385
743.555
542.959
554.114
650.345
607.406
575.177
588.418
736.644
652.824
772.144
722.714
562.988
763.567
717.967
571.279
619.379
735.288
626.218
873.757
780.022
600.078
794.086
741.324
601.966
640.061
711.61
745.043
556.961
583.427
812.253
685.602
567.557
618.077
607.956
758.256
663.53
637.601
678.209
812.098
584.639
577.415
715.379
668.661
635.267
703.064
704.101
565.148
843.283
706.697
630.677
559.984
680.952
551.663
691.27
655.885
633.362
573.338
623.129
642.086
647.575
597.369
482.761
751.309
860.296
707.894
670.796
697.071
715.726
693.703
629.875
513.551
654.065
648.991
856.141
708.334
560.7
581.277
552.94
560.683
553.572
578.913
507.126
672.923
714.005
780.677
634.716
599.215
662.855
699.486
522.801
586.778
829.264
566.504
741.806
618.938
621.568
824.591
638.433
633.614
633.492
701.699
623.603
552.736
607.601
726.529
651.848
675.254
674.428
643.314
716.255
610.281
657.311
665.866
621.63
638.332
639.672
603.428
707.087
683.146
688.49
544.582
540.479
573.767
622.158
663.662
795.314
536.186
830.212
732.807
689.425
710.955
653.497
533.854
593.223
758.566
663.047
589.724
642.545
621.761
669.685
712.988
786.059
668.352
681.428
664.32
666.219
657.414
597.143
571.707
652.955
611.847
662.057
589.214
706.778
539.504
745.245
627.642
636.306
594.553
548.214
485.565
732.473
606.216
654.741
660.917
696.651
641.716
634.133
622.976
659.06
744.89
618.143
653.99
764.991
736.102
809.882
636.838
1032.59
589.88
709.005
744.075
626.726
576.689
583.132
811.186
641.127
628.291
668.212
1064.6
731.89
628.843
605.219
884.736
497.979
630.963
681.14
939.418
637.986
688.777
658.514
580.017
755.376
697.427
690.187
756.172
559.686
675.117
645.502
617.764
668.306
594.96
797.057
689.477
773.722
633.89
703.606
747.374
661.59
651.475
711.495
936.135
642.162
659.52
743.345
569.313
579.334
569.872
617.694
492.561
715.917
732.298
652.025
604.045
580.337
727.929
698.476
926.677
813.117
634.074
671.6
532.147
723.824
583.747
609.107
584.928
671.079
603.45
703.084
527.023
742.579
592.68
702.885
700.551
661.639
656.447
554.748
672.291
717.25
581.983
508.97
669.524
600.014
663.259
633.921
636.902
801.349
596.207
580.959
609.568
617.108
677.495
639.453
810.386
713.887
747.522
564.592
612.069
659.832
613.841
676.495
605.277
574.236
653.293
587.809
739.493
726.742
704.261
754
562.615
638.264
595.382
575.976
687.848
591.896
571.175
665.926
655.877
588.698
754.105
636.6
579.099
813.453
630.639
564.103
581.161
678.983
594.338
648.8
686.61
634.987
629.15
568.366
539.173
595.355
734.383
581.743
625.458
617.498
738.031
581.496
682.5
699.224
775.103
566.663
671.956
619.927
747.335
572.487
645.727
703.749
695.946
612.192
772.426
633.752
570.605
698.421
603.816
714.185
695.18
646.947
556.997
660.004
626.603
497.451
681.01
672.759
681.107
670.139
622.118
605.138
587.244
703.052
630.509
559.984
612.35
608.738
714.086
612.852
535.685
613.57
542.898
814.427
734.709
626.286
638.604
808.274
574.873
645.744
656.756
662.352
657.888
685.239
617.647
681.275
524.714
559.916
682.503
574.395
523.195
682.874
523.419
682.062
751.741
627.305
596.194
602.825
695.881
591.672
601.097
739.625
648.338
713.025
702.327
638.834
639.549
644.142
816.114
676.082
580.25
705.379
602.339
575.344
664.03
628.113
681.049
501.937
634.386
602.139
668.003
751.301
615.829
651.878
640.121
615.487
725.911
711.356
544.276
638.787
620.217
645.76
732.559
755.828
588.138
766.192
764.327
732.544
696.44
520.956
562.269
727.876
725.369
700.913
650.628
525.125
550.763
541.619
679.318
789.962
780.807
663.27
618.141
533.612
642.619
597.853
831.807
567.658
748.837
575.233
595.985
604.13
601.618
600.288
703.34
697.584
570.519
666.359
820.509
569.183
713.848
617.239
784.386
617.611
770.4
659.562
490.786
618.553
782.985
619.909
620.76
576.092
613.051
723.268
592.119
639.213
550.032
659.247
533.944
582.243
616.411
788.538
664.289
680.54
566.875
634.299
698.254
657.634
615.757
723.507
792.391
562.7
685.785
676.719
743.804
553.558
653.766
764.399
669.361
626.212
609.158
589.674
663.402
653.254
581.405
572.66
545.01
593.994
576.14
668.816
618.116
758.796
573.804
685.883
606.689
768.304
800.035
798.434
644.968
674.486
607.893
689.567
625.905
707.81
605.445
616.852
566.733
561.771
677.247
649.107
659.243
576.634
616.821
584.407
612.859
649.846
633.652
736.135
678.768
585.594
637.924
634.968
702.531
671.095
585.307
551.289
648.742
723.425
663.422
598.949
740.699
594.277
537.814
520.578
714.512
779.19
581.086
572.629
733.566
742.954
687.249
679.931
685.989
640.814
700.989
620.327
466.802
738.73
643.717
769.918
653.526
720.891
726.468
630.807
658.278
608.735
749.326
865.576
535.45
591.045
666.383
606.959
686.63
555.743
723.12
543.077
607.191
500.95
679.353
583.438
736.856
596.811
632.926
852.152
767.679
874.403
687.084
779.501
675.061
706.293
681.935
589.097
599.708
750.891
748.806
654.759
739.756
611.021
732.789
718.436
557.642
749.381
602.778
565.206
726.981
794.943
734.473
716.266
581.3
496.423
709.168
588.837
926.381
627.133
748.106
577.096
574.274
705.821
717.561
544.005
747.12
709.901
613.237
667.591
658.891
594.742
696.264
704.905
652.266
544.685
610.121
816.583
654.562
602.09
668.166
559.396
688.307
639.94
579.526
665.932
585.768
693.792
630.356
594.118
525.967
623.297
654.506
707.919
698.669
668.549
705.599
786.106
640.536
662.653
874.694
636.177
939.163
715.491
705.554
551.921
615.282
663.583
540.167
722.826
727.865
654.483
648.013
668.921
621.183
626.859
742.607
536.842
654.534
626.668
580.222
606.636
596.409
628.236
718.669
753.664
529.907
618.386
623.249
524.974
647.295
935.344
828.463
558.609
582.908
552.26
540.597
725.259
599.841
572.022
679.719
664.272
644.867
662.198
640.868
633.44
605.103
684.163
598.539
599.899
682.973
603.998
651.527
712.198
652.854
630.193
628.625
625.525
833.42
610.922
713.921
693.41
500.972
586.758
690.179
497.689
634.923
712.128
629
691.038
685.238
709.705
791.726
591.066
677.15
683.612
728.403
563.95
596.732
768.248
623.04
643.67
820.057
587.327
650.77
619.474
595.559
680.548
776.88
696.893
590.746
637.955
657.264
628.687
819.331
543.927
652.024
521.495
579.209
643.858
837.385
657.577
676.227
627.588
714.994
777.137
538.336
671.555
617.543
554.522
636.574
704.11
633.519
619.671
717.055
480.669
808.236
582.832
581.727
614.24
620.507
715.176
574.294
650.446
709.407
804.967
669.644
633.521
718.365
835.186
777.108
657.451
645.174
701.45
659.032
552.353
780.798
623.334
670.393
755.8
754.626
652.286
615.902
723.182
532.542
513.528
555.509
638.592
737.823
817.119
552.691
671.042
602.067
715.825
703.183
581.243
800.321
655.258
556.319
709.425
697.855
584.345
474.813
591.214
567.966
575.492
543.433
653.43
621.743
541.849
634.702
608.354
664.786
632.453
643.959
714.085
877.26
685.009
596.305
844.354
601.22
613.948
592.635
537.603
729.427
510.731
695.96
538.301
610.11
642.424
694.755
724.831
769.089
643.983
621.338
627.151
655.648
592.4
601.842
627.589
613.159
564.784
849.919
612.015
643.286
667.387
615.669
551.836
591.817
528.529
883.92
584.362
716.299
581.858
774.282
505.471
608.509
626.833
647.151
657.663
806.573
677.828
566.155
682.677
571.296
665.228
667.582
623.762
602.701
569.541
802.066
572.413
621.907
673.964
638.44
582.008
779.093
661.312
687.393
654.836
641.558
654.233
589.267
606.145
676.49
553.572
665.417
510.651
738.242
773.43
581.625
591.452
645.042
649.054
729.815
706.426
602.399
630.256
633.054
523.336
520.84
878.055
576.043
604.95
611.973
699.983
713.196
721.495
494.585
652.78
732.216
632.827
542.452
575.672
613.271
596.377
568.895
605.017
699.017
645.983
753.984
741.625
512.032
592.752
611.234
633.378
724.499
613.692
735.33
708.133
711.627
760.653
653.556
726.057
620.784
721.231
591.553
671.055
699.548
594.663
689.092
676.619
614.364
553.543
702.978
536.132
630.427
735.465
927.398
734.961
873.01
706.057
605.54
534.065
603.142
635.622
622.015
639.237
630.776
634.611
678.855
628.214
737.58
645.371
600.155
677.475
565.915
591.419
689.452
755.106
752.399
628.396
576.094
641.376
574.207
684.864
599.784
691.299
730.671
646.976
677.962
651.245
651.702
688.826
664.335
731.561
676.102
759.302
664.269
681.693
596.113
620.327
616.295
704.116
649.123
642.591
644.65
614.293
651.357
652.159
683.659
649.408
645.28
658.421
636.244
783.062
555.747
627.617
564.349
742.339
584.284
504.111
615.553
737.066
499.37
556.047
692.535
524.165
598.378
555.163
722.178
685.347
604.479
709.813
634.408
571.978
771.626
547.235
560.565
584.107
649.51
634.658
567.55
553.791
640.986
654.319
740.44
790.944
675.37
569.578
650.632
602.665
625.901
734.285
579.418
610.857
536.81
613.694
735.541
702.887
613.632
566.189
627.798
780.276
719.337
659.196
513.702
698.411
583.706
699.197
761.808
655.483
580.318
824.433
581.795
513.443
765.78
672.629
674.783
573.433
664.288
690.118
590.826
672.914
670.424
660.927
529.436
569.346
582.011
712.161
719.543
675.029
682.116
599.779
697.544
819.728
669.665
531.801
676.198
661.119
582.993
861.255
757.641
658.137
804.533
578.751
603.084
647.045
662.139
615.503
870.362
681.341
650.55
629.652
480.074
675.407
646.488
648.207
735.892
593.206
651.16
634.281
521.346
666.025
699.132
696.414
729.269
613.035
581.766
677.015
745.877
516.298
639.569
764.292
624.728
683.445
595.263
638.442
781.312
653.638
747.413
696.895
790.775
618.727
626.965
694.511
695.024
645.325
650.866
626.581
641.335
573.091
609.597
652.753
667.97
793.11
630.92
863.819
716.565
544.453
652.547
699.483
755.869
622.132
714.691
613.013
636.041
572.39
658.656
649.409
642.599
570.852
604.842
725.24
565.299
616.389
574.041
650.71
522.82
527.553
598.48
812.373
652.91
618.688
546.231
637.597
606.21
769.777
841.233
810.336
648.726
653.096
583.552
643.892
686.129
656.305
712.204
585.825
597.279
668.487
542.361
486.905
691.673
813.205
733.574
710.734
738.253
848.875
572.772
721.225
643.385
561.148
625.557
720.379
723.901
673.735
682.315
743.183
622.131
623.679
720.236
573.361
701.77
716.612
680.611
612.363
621.188
589.611
910.038
612.13
774.471
635.183
600.527
680.44
714.282
672.313
686.459
616.07
730.572
631.143
730.932
559.356
700.479
653.447
599.763
792.184
770.213
690.893
710.488
556.884
649.408
680.181
719.019
615.01
723.474
640.916
706.013
719.165
574.14
708.586
629.079
615.987
644.893
579.638
752.675
662.269
725.557
570.114
664.917
674.048
775.725
669.96
631.473
568.953
713.71
669.336
672.018
577.651
579.713
840.397
693.24
608.27
907.698
738.039
585.529
655.588
653.377
685.031
616.772
701.726
733.789
605.995
563.495
644.157
862.736
531.42
706.541
626.325
615.287
710.089
590.012
530.148
616.221
620.571
730.586
767.99
620.054
646.113
672.534
671.987
598.755
655.98
659.573
666.364
691.481
531.89
632.138
662.28
656.829
570.602
625.959
685.121
633.58
580.934
637.256
668.467
586.948
568.062
585.553
593.762
783.763
598.692
584.602
639.143
749.025
584.264
673.926
562.278
749.679
715.169
575.216
737.561
644.958
660.107
753.018
634.999
496.396
832.942
572.54
789.205
702.636
605.711
648.425
694.785
556.517
607.245
627.791
739.769
780.469
687.226
667.921
617.137
584.346
535.552
607.665
614.603
614.152
647.634
612.679
844.693
742.086
622.488
575.914
574
592.679
675.664
622.591
718.256
589.208
872.927
826.753
556.953
770.278
604.593
642.311
610.574
659.971
568.792
554.685
652.738
667.489
655.725
613.474
600.106
556.088
552.243
560.201
669.504
714.461
697.169
844.548
671.289
718.419
760.188
585.179
679.858
730.382
615.606
603.024
627.836
566.297
812.368
620.243
626.987
636.924
616.261
556.856
627.573
535.456
641.068
585.104
545.855
622.88
578.623
539.084
600.322
618.073
700.232
632.55
665.006
568.05
573.711
778.816
684.391
650.395
693.607
595.8
793.264
665.819
589.942
477.28
522.11
646.659
572.902
575.972
675.436
599.573
689.986
733.8
701.538
730.134
780.863
772.84
621.935
456.072
754.628
599.111
706.463
759.215
699.748
599.696
688.045
763.922
659.883
556.883
749.83
753.239
638.059
748.405
687.684
1040.69
626.257
635.244
524.727
722.523
688.511
708.692
621.501
720.295
503.307
608.725
646.386
687.669
611.841
604.737
611.421
675.69
699.281
715.003
879.299
816.397
724.39
727.821
542.765
635.294
707.472
663.312
651.044
622.785
815.623
579.788
812.022
656.554
593.077
743.169
781.475
833.218
604.311
680.925
579.522
729.86
703.606
639.66
592.958
889.346
686.657
597.705
622.836
752.285
804.617
751.407
628.501
773.635
598.846
799.496
853.129
744.785
719.435
720.423
656.43
672.836
564.256
630.149
603.72
641.732
609.427
527.339
737.184
744.293
782.287
603.81
715.084
606.204
962.27
562.766
595.497
702.237
661.553
660.924
710.921
697.816
568.093
723.7
702.602
593.409
639.119
821.56
656.333
641.152
692.842
723.346
675.157
550.557
756.907
675.533
613.1
612.324
512.324
609.873
536.851
536.282
813.87
660.614
563.804
605.933
852.355
700.984
726.819
553.341
637.503
752.988
642.211
694.475
541.745
623.407
624.038
645.151
679.052
593.362
648.697
625.128
663.872
559.776
693.308
765.089
645.586
752.458
658.139
755.276
643.797
708.227
690.08
790.934
672.046
799.589
703.762
697.135
704.211
632.462
675.859
818.913
607.698
632.776
574.007
565.779
458.758
791.673
680.618
692.296
626.145
645.283
567.479
669.054
683.173
766.878
735.555
605.987
570.333
787.599
559.033
616.324
741.652
577.639
671.187
691.262
541.05
646.749
683.883
655.269
658.807
801.863
644.217
572.463
655.642
756.252
689.323
640.635
620.066
626.786
570.252
706.29
606.402
587.26
699.813
741.614
664.519
633.829
598.526
726.259
828.045
603.167
667.405
742.853
661.015
506.52
761.393
629.55
636.138
633.742
698.482
597.031
651.935
582.628
660.79
698.749
701.137
583.694
526.279
587.84
737.621
585.47
586.447
612.919
744.484
621.161
587.302
918.778
649.245
537.348
739.961
650.439
633.747
581.172
801.996
644.286
721.147
528.521
645.973
637.041
596.71
691.99
525.918
652.834
581.584
637.979
728.148
631.866
601.925
617.501
732.783
862.816
665.251
582.13
626.673
791.186
562.692
564.783
616.448
729.417
538.524
670.929
603.076
640.013
797.541
526.428
648.984
685.913
703.014
712.698
735.051
601.844
607.446
749.617
596.875
610.721
631.507
598.219
631.031
715.967
637.294
747.368
745.825
591.863
623.633
630.615
606.678
731.456
554.741
699.614
615.57
626.317
637.857
575.978
654.073
621.859
631.059
551.115
635.155
747.827
622.757
609.811
561.021
687.118
672.104
640.091
599.782
656.917
703.015
724.639
592.203
683.673
682.333
734.253
648.75
667.048
644.237
629.466
613.277
668.661
571.368
601.632
626.663
612.735
665.275
684.934
591.149
594.012
584.095
703.746
714.659
549.715
636.843
558.98
713.615
602.545
665.148
695.812
804.021
611.204
669.641
632.696
631.029
683.817
533.374
697.279
623.361
607.294
776.685
545.071
664.623
793.634
708.159
545.864
670.232
593.115
607.335
525.258
641.629
724.786
615.656
764.941
789.634
499.307
698.736
621.122
622.8
642.354
712.695
667.162
672.35
715.338
632.686
713.424
612.152
685.147
684.905
745.844
797.391
610.384
774.214
705.314
691.679
717.297
700.02
575.39
641.157
683.639
599.2
608.328
592.45
653.073
756.571
567.093
616.237
646.797
655.492
581.673
663.247
586.297
727.311
496.756
548.222
733.085
692.711
782.964
572.493
731.234
750.103
659.245
742.707
666.294
651.625
661.684
548.719
589.433
711.107
716.748
807.586
639.211
612.606
548.243
663.578
707.065
638.765
562.019
622.967
666.068
603.554
515.253
647.644
679.264
544.14
744.189
698.985
666.968
798.921
711.751
615.509
573.157
811.893
509.42
541.88
694.809
608.702
700.321
718.175
499.73
537.297
660.232
610.249
628.563
631.574
631.885
661.994
665.224
568.586
652.347
653.646
665.291
778.062
711.763
592.373
608.118
748.741
727.921
621.979
956.531
711.432
563.834
651.573
613.019
647.704
713.569
731.118
526.614
612.8
751.567
669.329
588.476
645.884
741.194
637.342
642.911
729.518
605.47
561.357
598.123
577.614
628.547
588.245
663.675
612.773
789.895
687.958
618.34
693.245
645.484
649.245
771.583
881.415
693.109
754.943
683.355
615.951
789.527
666.799
627.109
663.148
681.296
732.814
662.7
543.633
655.208
725.369
627.267
652.476
593.117
601.907
693.982
673.938
706.71
680.742
768.398
587.32
678.149
717.872
644.972
665.009
698.52
709.856
674.499
674.132
666.756
716.885
609.486
576.827
657.556
595.986
609.882
562.147
737.822
640.929
619.553
639.044
694.79
550.097
623.94
586.465
770.628
713.94
679.385
621.317
602.904
649.774
510.311
667.803
595.199
540.009
784.809
738.883
596.806
477.18
617.364
569.701
612.47
628.232
583.405
655.872
555.237
657.66
639.935
721.913
698.999
645.647
702.766
673.936
580.502
593.496
632.226
693.622
529.783
678.793
636.749
583.911
584.194
662.699
537.111
566.62
663.166
775.84
617.341
599.542
687.312
740.761
598.699
597.742
750.046
615.906
548.569
628.813
681.186
701.223
596.097
780.423
715.657
666.278
555.177
599.803
617.917
701.068
704.459
886.054
701.864
670.19
621.057
602.437
787.081
619.37
566.497
600.33
710.872
622.896
594.7
614.411
697.069
750.031
643.584
566.032
828.759
566.293
730.391
539.733
740.111
801.58
648.059
864.954
649.841
707.997
696.918
732.37
663.513
846.206
586.559
703.274
649.016
591.692
589.913
655.668
640.089
662.65
684.908
602.703
579.077
591.695
645.581
631.659
660.525
561.166
563.521
615.06
591.31
654.766
740.404
707.89
566.722
764.021
761.709
661.725
629.61
757.632
782.66
666.489
647.969
637.407
511.299
635.162
649.895
528.675
661.633
519.997
573.537
791.1
634.449
612.589
566.769
597.524
534.287
627.584
642.156
682.798
610.191
667.565
655.784
534.432
762.747
900.304
565.014
660.289
652.852
568.152
631.224
565.018
560.172
576.924
684.898
648.41
584.231
614.208
671.905
588.187
673.961
624.853
630.096
533.354
593.036
866.365
623.567
599.728
557.33
672.438
612.405
612.217
660.57
623.388
851.416
657.748
737.439
550.156
631.644
576.068
707.631
606.957
604.737
607.922
667.419
696.919
729.131
598.617
550.282
730.703
669.592
643.267
619.434
567.413
728.269
657.69
670.266
592.501
628.481
784.445
642.133
664.139
771.379
534.588
599.737
678.833
494.1
629.043
713.889
807.851
747.885
534.443
561.043
555.964
582.204
610.183
637.051
572.153
583.442
637.613
708.331
623.237
619.225
654.382
632.877
777.002
603.051
815.488
623.984
733.654
571.496
666.352
726.608
562.703
594.056
591.312
800.482
595.967
660.01
634.146
630.633
578.329
665.122
616.528
672.552
589.952
612.667
594.204
736.443
564.13
601.227
582.904
607.154
669.959
647.729
740.865
578.928
574.737
670.312
835.831
794.638
721.577
654.568
665.78
702.299
554.814
653.863
594.674
678.298
727.862
686.79
539.415
636.84
620.667
821.845
665.205
645.225
630.725
535.079
652.691
561.206
632.112
642.189
583.878
622.658
876.679
732.375
570.851
643.248
707.252
795.622
610.145
648.129
690.118
605.795
575.72
616.333
626.053
510.355
855.532
655.622
548.461
758.469
1005.67
657.061
721.473
698.643
812.193
448.399
560.856
750.029
660.844
676.821
612.832
567.274
573.953
640.955
713.539
460.038
605.058
626.869
740.351
612.177
576.363
954.286
727.42
655.796
524.052
577.1
655.155
742.583
669.751
737.457
549.391
785.792
616.588
824.917
700.771
569.062
576.951
571.113
615.953
599.902
670.5
630.953
604.659
766.893
539.095
745.12
667.934
708.953
588.845
704.277
549.351
625.437
586.944
621.811
794.283
626.37
662.661
727.13
569.962
676.095
514.93
666.69
702.458
778.723
610.067
563.903
540.218
709.625
638.201
657.853
599.026
640.56
726.886
700.819
559.872
642.612
591.667
617.198
635.192
606.114
654.574
765.475
614.605
582.531
730.447
819.812
886.114
655.216
629.94
533.845
739.53
609.696
669.458
585.779
610.758
601.151
586.663
518.698
701.723
645.555
646.46
724.748
588.719
646.739
577.262
594.487
658.48
722.815
654.771
665.332
717.732
651.013
741.801
740.469
709.688
643.435
636.981
694.704
698.157
754.603
843.083
773.146
719.208
597.529
600.769
474.99
732.65
580.956
587.869
656.86
521.902
686.208
647.78
516.38
681.543
556.684
625.879
610.116
645.687
627.732
924.35
756.277
693.073
728.348
504.845
735.148
761.78
716.237
542.829
590.806
516.052
738.891
711.407
652.944
593.21
631.151
635.356
715.762
575.241
701.442
603.63
559.443
758.044
632.174
754.8
630.423
589.723
662.093
601.551
716.47
768.165
607.051
528.206
747.449
597.792
647.268
592.638
662.48
608.61
641.333
609.243
563.678
644.255
606.417
565.374
669.888
733.306
743.41
657.495
648.492
511.504
641.054
572.9
595.291
707.834
560.783
543.149
524.039
601.025
707.982
694.611
511.515
606.435
642.133
734.894
621.183
695.575
709.319
762.499
686.466
720.286
630.273
869.974
562.175
617.382
685.84
687.393
591.024
784.502
621.828
676.903
671.336
631.854
492.857
539.46
715.569
601.229
685.44
732.689
679.589
728.392
716.325
719.807
555.855
593.742
696.681
634.703
758.498
694.762
778.23
691.318
634.304
728.23
624.89
570.579
736.803
750.61
512.924
591.098
691.013
668.397
610.151
534.574
529.02
799.393
877.607
738.748
660.355
798.947
602.072
641.997
643.291
597.895
606.202
587.554
584.166
694.536
736.791
688.149
668.266
698.672
593.237
744.242
742.587
632.611
654.197
578.605
750.035
604.771
675.202
632.04
686.26
774.323
611.917
509.302
748.354
737.386
556.44
681.145
623.317
626.484
653.566
576.362
666.719
643.201
748.138
557.026
584.555
715.716
684.537
613.898
663.133
685.485
627.901
786.5
540.731
591.01
618.488
591.136
616.664
543.007
658.583
674.994
535.875
816.77
681.093
602.113
609.479
691.064
628.723
634.434
632.361
539.369
558.989
666.913
758.156
701.895
714.694
663.007
707.904
751.241
664.605
671.507
1101.05
772.775
722.663
700.515
617.597
753.845
682.355
764.1
770.564
593.258
654.867
589.224
687.753
506.154
618.584
705.252
702.623
722.679
641.958
652.428
539.265
704.843
673.792
660.464
674.349
906.099
670.907
576.513
608.635
687.598
676.922
523.216
658.922
578.41
668.098
762.839
644.458
756.289
591.657
629.151
688.322
628.281
774.187
642.528
608.892
605.033
886.376
565.952
654.571
608.655
