2616.6
2681.36
1888.43
2780.55
3591.55
3659.04
1768.65
1754.87
2368.89
1860.96
2268.39
2298.25
2663.81
2366.31
2771.87
3172.08
3862.95
3422.94
1621.71
1598.1
2018.63
3270.03
2319.27
1558.74
2565.66
5287.68
2591.57
2293.55
4793.09
2094.6
2627.46
2510.77
2239.76
4488.11
2217.45
2204.59
2045.9
1714.86
2439.6
1959.71
2799.88
2191.4
2152.84
2701.57
5448.94
3818.39
3505.86
1957.05
3592.29
5947.92
3036.75
2131.9
2388.37
2285.38
2119.74
3342.29
2497.17
2209.75
3258.26
1842.75
2275.87
1535.24
2640.51
2363.13
3465.84
2388.14
2073.35
2539.71
10877.9
4110.64
2170.54
2368.76
1685.55
6358.65
4004.48
2605.28
3122.92
2909.54
2504.07
1218.68
2216.04
1930.6
2240.17
2710.87
2460.41
2876.8
3095.57
1868.94
3107.1
2459.7
2595.28
3315.4
3984.52
2162.19
1582.5
3215.24
6112.75
2954.05
1998.57
2369.54
3115.04
5078.5
3389.99
2743.52
4679.78
3128.85
2384.41
2547.43
5903.43
2832.72
2690.68
1706.84
2011.26
4600.85
2355.54
2757.39
2123.85
1695.08
1938.16
2374.03
1697.42
2369.45
3432.56
3381.39
2803.46
1756.79
2112.34
1638.48
4362.3
2393.61
2023.06
4184.03
3532.98
3146.98
3399.87
2141.52
4632.24
3352.68
2716.86
8012
2422.12
3686.25
2002.39
2808.64
4088.56
1904.94
2816.78
2438.21
1377.77
2990.14
1782.23
4243.77
2924.62
4376.47
2404.39
2126.81
2249.24
2729.44
2545.92
2907.28
2236.18
2004.99
2259.36
2336.8
2477.48
6211.09
2634.43
3663.92
1818.55
2295.39
2839.8
1168.63
2345.93
4081.22
2255.27
2169.75
5000.14
2148.48
3396.7
2482.94
2466.06
2627.09
1473.14
2345.93
5125.59
1999.44
4210.1
2443.57
2462.27
2313.19
2175.99
2430.4
2503.33
2083.56
3546.24
2176.65
2109.03
6351.55
4108.82
1778.07
4521
2963.06
2825.42
3218.68
3400.53
3413.78
2058.91
2923.38
2552.34
3450.29
3326.39
5559.11
3029.76
1428.64
4898.43
1735.29
2284.4
1642.11
3037.96
4737.32
2375.9
2458.46
3870.53
11749.8
3625.35
2417.42
1981.04
1893.94
2522.75
4524.13
3037.59
2763.07
3464.75
2437.82
2700.11
4833.55
2721.88
3113.42
2505.62
3387.48
2128.04
2005.04
2128.47
2312.55
2440.33
4186.89
4689.65
2048.93
4046.05
3168.62
4155.09
4846.95
2430.63
3571.05
5334.41
1809.41
2259.52
2624.82
2656.63
2066.18
2312.8
1900.61
1616.59
2797.6
4564.56
2830.42
2458.93
2792.7
4573.13
1999.45
2509.2
2877.6
1822.76
1889.34
1965.4
1295.35
2342.94
1483.35
2722.57
3364.11
2191.2
4334.78
1916.8
2358.48
2154.93
1890.09
1694.97
2330.83
2285.9
4005.61
2177.49
2106.91
3094.34
1749.28
1731.22
1765.45
2287.4
1957.94
1994.79
2984.13
3456.01
2181.69
2904.89
2492.64
8098.16
1523.88
2279.32
2985.67
1521.91
4386.2
2045.33
1593.63
1754.32
2570.28
1916.25
1883.25
2435.21
1494.92
2465.58
2601.34
12060.9
3238.64
2623.07
1748.38
3571.26
2034.08
1812.47
2241.24
3547.59
1530.74
2459.55
1768.94
2321
1584.18
2459.36
1583.5
2097.79
1526.42
3015.04
2008.5
1650.91
1868.55
3198.31
4699.49
1482.67
2473.67
2635.7
2285.21
2976.2
2976.49
3298.29
2125.9
3574.16
2141.4
3283.82
1619.64
2868
2081.87
2307.5
2217.5
2664.7
1351.63
1941.22
1595.75
3138.19
2113.9
2411.94
1854.12
1692.16
2768.41
2170.17
1410.47
2850.96
2503.26
2799.28
2018.96
2616.58
1607.61
2832.32
1219.95
4381.39
4145.84
2671.67
3669.4
4838.03
2774.77
2093.84
3286.96
1551.61
1905.5
2025.68
2085.38
1805.93
1891.14
3386.25
1906.26
2261.63
2568.32
2393.59
2706.72
6372.35
3307.02
1626.22
2411.24
2129.75
2309.72
1747.73
2774.44
2059.01
15813.5
2214.5
1534.79
3435.24
2412.4
3778.09
3111.54
4310.8
3430.51
2752.87
2657.92
2449.42
2025.21
2248.94
1851.55
2645.71
4088.5
2419.04
2620.93
2789.66
2583.59
2133.26
3807.05
2241.62
2500.38
2625.84
3007.7
1893.56
2958.06
2399.45
2346.45
1967.41
3709.6
2089.64
4967.6
2849.49
2350.87
1409.27
1766.67
1418.16
2527.74
1852.79
2536.15
3006.55
9280.27
3474.27
2730.79
4724.78
1788.62
2105.47
3165.89
2147.46
1747.9
2722.09
1300.64
3408.64
2520.89
2087.25
1962.18
2503.26
2998.98
2935.05
2793.24
1732.81
2449.35
1632.86
3086.61
4010.55
1555.82
2126.65
2285.87
4745.34
4028.31
2263.5
2727.67
2037.65
2287.23
1514.09
1790.72
2341.01
3306.35
3850.86
1827.9
2204.4
2062.09
2030.53
1788.63
2224.22
3484.3
2572.66
2300.14
4913.52
5511.01
4752.37
2087.85
2307.81
8175.7
3108.75
1734.36
2136.76
2103.83
2970.51
2957.4
1593.65
3107.94
4586.68
2188.44
1939.09
1922.93
2578.69
1949.09
3218.12
2857.2
1743.5
2894.85
2420.33
3339.89
2189.8
2009.01
2537.18
1789.08
2154.42
1950.17
3205.04
3764.42
1272.35
1625.43
4078.57
1650.25
3956.06
2139.57
3137.25
4388.5
2657.77
2658.84
2313.42
2276.48
2508.19
1237.08
2120
4684.33
2358.5
3268.77
4059.75
2308.58
1251.17
4905.94
2270.06
4094.15
2187.95
2812.21
4039.76
3220.64
2566.49
2068.79
3192.64
2550.24
1587.26
3055.51
1966.17
2741.92
2871.21
2969.25
2171.6
1821.28
3212.61
9097.01
1451.36
2651.68
2413.57
4004.82
2677.54
1926.55
6648.57
1659.59
2663.17
5064.12
2460.9
2941.66
2519.48
2957.63
1658.55
2357.28
4195.22
2575.51
1359.63
5735
2755.17
3486.36
4597
2898.1
2113.42
3195.3
2041.37
5588.93
1824.97
2646.67
1895.86
1948.09
2460.72
1593.2
2314.02
2339.26
2019.05
1727.94
2696.88
2280.99
1426.3
4122.39
1578.54
3728.81
2774.25
2403.95
3988.45
1564.19
2563.64
2248.17
2039.86
2021.43
3460.22
1418.31
3347.81
1724.87
3209.64
2855.14
1645.31
2018.94
1472.05
3543.88
3148.83
5572.09
2219.33
1650.24
1787.1
2628.83
2490.05
2734.58
1700.14
2298.24
4380.1
4103.18
2636.81
2741.22
8483.57
3459.97
2757.47
2606.9
2442.4
1983.78
2919.27
1914.88
2536.59
2163.38
3184.28
2237.09
3156.36
3395.34
1941.06
2258.88
3237.43
6852.7
2569.64
2103.92
1763.92
2351.84
3101.87
3797.85
2921.76
2594.98
2130.11
4127.2
3575.34
3099.88
2921.39
1656.73
1907.22
1723.3
3212.54
2250.18
4721.66
2836.27
7349.72
3111.96
1742.19
2380.41
2664.64
2068.28
3424.27
3644.23
3395.83
2732.61
2182.98
1876.71
3911.27
1533.88
3326.57
2456.13
1729.74
2043.33
1519.25
1467.76
2725.08
2843.41
1907.57
2301.96
2402.56
2004.28
2399.71
2543.42
4638.03
3300.78
2717.34
2156.29
1966.95
3533.75
3785.04
2984.67
4859.16
3886.56
4012.89
4287.05
2639.08
1994.82
1944.44
3914.44
2010.96
1415.06
2211.59
2616.6
2416.23
2049.66
2005.85
1803.77
2138.23
7371.85
4119.02
2443.33
3472.5
2565.87
1653.95
1684.16
2636.97
2339.79
1986.54
1667.66
2964.04
2292.92
3258.31
3281.01
1530.87
2715.29
2640.48
4232.36
3024.69
2595.02
3620.45
2260.33
1808.29
2546.51
2735.11
5349.1
2023.45
4253.41
1711.74
3424.82
2173.58
3498.04
2655.51
2305.5
3493.22
4000.52
1805.82
3463.01
3384.2
2170.18
2647.26
1783.42
1633.06
1665.42
3186.84
2023.05
1977.32
1805.71
1740.15
1424.42
2537.77
2625.43
2570.56
3029.96
2296.16
2703.76
2608.66
3607.02
4209.72
2217.01
2952.8
1595.64
2871.38
3429.07
2265.35
2714.92
2913.78
3907.04
2698.73
1488.54
1550.65
2269.57
2345.87
1884.56
1833.01
4896.71
1971.25
2794.72
2247.42
2326.73
2585.21
9521.71
2390.48
6371.22
3622.25
6744.39
2244.71
3241.9
3668.24
1689.42
4317.91
2199.05
2736.5
2838.19
5447.14
2593.61
3179.31
3039.78
3011.43
2044.92
1657.08
1811.59
1978.03
7703.09
3978.23
2911.94
3472.89
2369.13
3876.93
3372.85
3086.26
2738.02
2459.7
3923.18
2743.74
2288.5
3017.72
1929.85
4655.86
1825.22
4387.45
4479.86
2762.14
1475.58
2340.86
4004.26
5232.35
2244.81
3121.07
2358.2
2657.18
1583.91
1847.76
2796.07
3077.49
2304.53
2041.92
2704.2
2535.3
4090.08
2152.82
1851.68
2848.59
2761.2
2457.2
2265.61
3638.63
3449.45
2410.04
2684.09
4501.06
2384.72
1913.89
2099.03
2717.69
4757.38
1833.64
1627.06
5018.79
4540.89
3070.45
2847.13
4037.12
3246.16
1738.79
3782.57
2878.47
1835.3
3195.57
3899.65
1999.48
2484.09
2074.19
4269.09
4091.39
3229.18
1561.42
1815.42
1980.47
2325.11
2791.96
2282.13
3447.03
2325.71
2433.24
3530.48
3352.5
2384.9
1975.1
2774.55
2332.61
2341.09
2346.13
8329.25
4541.5
3614.81
2659.73
2009.16
2644.49
1659.26
2251.71
2595.04
1994.78
4521.71
5162.84
1765.51
2345.76
1929.17
1665.82
2351.31
2700.99
1743.75
2724.94
2269.45
1567.95
2240.91
3456.28
3305.29
1566.22
2183.09
4663.56
6298.3
3584.78
4172.63
1729.77
1787.51
3404.19
6347.6
3951.84
1841.05
3219.02
4139.8
3745.98
1952.81
2156.49
1991.3
2259.89
2580.03
1687.72
2256.18
2537.66
2314.33
2295.48
2680.49
2624.79
1688.58
2232.57
2367.37
3131.55
3792.54
1941.75
2242.2
2885.97
2613.34
2981.84
1392.98
2959.66
3774.67
2623.23
3630.73
2279.68
6770.19
3502.54
2605.91
3638.89
2404.13
4353.72
1640.73
2994.42
1754.53
3802.67
2493.99
3654.81
1759.22
3293.08
3752.65
1979.85
1832.64
1686.37
3013.38
1358.19
7991.23
3066.16
2557.78
2306.67
3865.29
4218.23
1986.3
2833.84
2731.84
1677.41
3662.73
2182.48
1201.48
2976.02
2460.77
7770.73
5493.34
2700.12
2999.54
5799.17
2918.77
2832.05
2813.53
3182.77
2720.38
2689.67
4030.96
1704.62
2393.5
1599.04
2447.75
3842.99
4510.82
1764.95
1501.35
2989.24
3619.77
2562.24
2350.01
1534.85
5843.51
3326.93
2876.64
1895.75
2259.03
5713.86
3890.05
2167.38
2089.8
2722.07
3215.33
1820.56
4031.3
2195.54
1225.07
2302.45
2719.55
1893.83
2228.04
3490.28
1867.87
2877.66
2184.97
1976.91
2660.02
1716.41
2161.1
2058.86
2790.88
3087.17
1843.98
1688.58
2133.29
2527.17
2355.9
3255.71
1751.87
2767.57
1590.16
2131.19
1351.1
1712.39
2667.35
2159.26
2762.26
3645.47
3054.29
3885.14
2585.78
2467.12
4210.31
2676.42
2111.96
3291.78
4244.76
2243.07
3672.49
3361.91
1618.33
2903.78
2218.54
1832.13
4349.49
2621.1
2379.16
3026.79
1997.73
1400.39
4551.87
16687
2819.28
3286.28
1789.26
1533.52
2374.83
2777.56
2520.68
2191.07
2176.84
2241.75
2787.91
2126.51
1822.12
2171.99
1667.3
2113.96
3769.37
3539.01
1367.81
3039.98
3691.36
2240.11
1842.89
3719.35
2398.46
3352.12
2234.64
2312.04
3301.06
1679.73
7539.84
1744.28
2481.98
1610.53
2088.83
2392.96
1722.42
2862.57
3021.55
1623.47
2283.23
2900.32
2805.58
2624.41
1652.18
4602.68
2295.76
3504.65
1740.01
1457.11
2748.19
4953.34
1637.82
3517.27
2703.19
2722.86
3049.05
1897.94
2075.59
4793.54
2087.32
1669.19
2335.25
2942.5
2297.24
3358.86
2560.99
2899.11
2766.23
2421.64
2913.03
3554.99
2169.33
1879.03
3028.88
2335.68
1916.45
1841.53
3439.18
1384.37
1482.63
4344.1
2653.89
2850.14
1715.35
1687.24
2241.65
1964.46
2148.83
3193.22
2415.8
2018.1
2119.44
1440.05
3123
1632.76
2826.51
4068.28
2975.64
4764.62
1862.78
2493.48
2113.09
2407.53
1959.88
2238.88
1459.45
2281.88
2215
2198.38
1834.3
1883.95
1419.24
1864.21
2321.7
1902.31
2233.21
2746.38
2619.66
2083.65
1881.59
3113
2459.36
3042.07
3317.53
3736.53
3074.21
2375.22
2651.05
2625.69
2130.64
3947.87
6446.5
2668.51
2243.6
3018.08
4333.2
2408.5
2633
5018.17
4508.53
1644.28
2718.56
2025.9
1485.51
3511.12
2611.29
3259.33
2410.88
2121.21
3012.52
2119.8
4275.71
3801.09
2155.01
3261.89
2271.02
3274.51
1843.34
1431.33
1913.12
1769.11
3641.26
5175.99
2695.13
1862.4
1483.69
3259.45
2485.4
2462.26
2842.53
1665.7
2851.54
1641.82
1844.12
2405.48
1730
4991.95
3277.38
3948.53
7175.74
2926.51
1781.71
3093.67
2829.03
2743.13
2007.55
4529.39
1721.59
2663.56
2473.91
1575.09
2255.77
3097.41
2604.54
3125.23
3566.3
2536.71
3181.71
1832.43
3194.29
2164.56
3032.16
2056.95
1482.39
2816.46
2562.68
2260.53
2484.52
5651.66
2107.41
2295.98
3307.45
2966.7
2429.72
1705.36
4665.82
2618.4
2585.92
1574.27
1500.7
1735.85
4756.07
2833.11
2194.49
2673.19
2190.72
1840.91
3010.23
2137.05
2558.21
2139.85
3438.97
3791.73
2670.25
2445.34
1854.39
1639.17
4080.23
5065.23
2319.72
1713.42
2607.22
1957.4
1669
2059.51
2454.02
2090.85
2470.17
1704.59
2930.8
4714.25
3556.5
1997.96
5612.87
2087.8
2181.52
1766.91
4090.71
3336.03
3074.31
1795.85
5324.34
3603.49
3469.34
1900.72
1864.24
2167.63
2705.05
2510.57
1855.12
1608.68
5089.33
2391.97
2993.84
2196.14
3675.61
2832.79
2793.38
1659.79
3965.02
3824.67
1788.42
2308.9
2702.5
2611.02
2213.88
2390.6
3054.25
2226.62
2711.52
4879.51
1968.84
2171.1
4447.54
2636.13
1955.9
2769.07
1665.67
3543.68
5941.12
2814.14
2205.88
2717.13
7314.15
1993.54
2778.09
3065.16
2869.96
4623
2240.51
2402.77
3344.19
2611.13
2239.57
1835.03
4157.94
4459.74
2505.3
1788.06
2298.84
2679.3
1964.6
2333.79
1528.43
1325.44
1958.08
2243.12
6489.32
1921.26
1690.6
2808.79
2069.91
2238.05
3001.54
2738.07
3431.63
2197.09
6282.86
1462.24
2476.78
2469.19
2420.02
1649.62
1472.35
1832.69
2641.8
6053.92
1844.75
2016.03
3142.79
3540.9
1783.53
3223.74
1829.59
1874.85
2007.98
4447.55
1597.17
2258.52
1848.89
3429.46
3138.95
4708.11
1943.72
1596.01
2104.77
2243.23
2256.48
3183.56
3395.49
4487.41
1738
4182.09
3487.34
1765.15
1178.97
3194.35
1701.6
2669.02
2209.11
3121.37
2785.4
4698.38
3865.22
2455.97
2485.44
2598.06
3285.47
2925.5
5035.21
2066.51
2223.79
3544.27
2037.11
4712.16
1940.11
2250.42
1948.17
1734.7
2229.3
2821.3
3156.65
2710.04
1641.3
2426.28
2034.22
3231.73
1954.27
1301.07
5342.1
2396.46
1969.76
3300.96
1834.85
4420.36
2601
2157.94
1893.82
3280.17
1295.3
4695.97
2195.85
3113.89
2068
1974.38
1982.03
1668.63
2330.18
3685.69
7807.66
4439.3
2308.81
2381.97
2802.95
3204.09
1961.68
2446.58
2675.96
1974.34
1934.14
4643.94
2863.18
3383.58
1647.68
1941.49
2815.35
2027.4
3337.23
2858.23
1952.5
2266.1
2642.21
2695.58
2892.57
1415.58
2112.87
2401.54
2108.08
2680.38
3662.85
2343.61
2195.24
2837.33
1678.3
2883.05
1570.61
3012.92
2493.38
2367.82
3476.45
2350.32
1499.46
3335.38
2182.34
1966.7
1636.48
2264.75
2356.75
4950.05
4942.76
1572.58
2322.62
1636.26
1989.68
2261
1983.63
2538.89
2469.47
2711.96
2165.73
1779.13
2637.08
1953.97
2977.27
1743.84
2960.12
1678.94
2052.46
2829.29
1743.15
2252.57
2489.86
4199.98
3389.72
2735.77
2461.77
4207.23
1806.8
3429.02
2188.69
2699.12
1593.2
2174.8
3131.72
2178.63
3066.66
1965.15
1552.17
1795.96
2790.32
2545.87
2065.4
3431.87
2775.01
2049.48
2609.47
2779.93
1537.03
2994.88
4268.31
2389.72
2754.97
2020.02
1735.96
4098.22
1638.79
1829.27
2085.88
2343.84
1584.65
5328.23
2085.48
1634.63
2166.14
2091.59
2835.33
1643.92
2723.85
1508.63
5108.5
2870.68
2370.75
3320.21
2049.62
1863.73
3806.03
1624.99
1628.88
2689.74
2179.79
2716.55
2698.51
2549.3
2263.62
3387.14
2314.14
3750.49
4218.37
2449.82
3849.44
4345.84
2415.66
2663.1
2383.73
1811.97
3198.29
1941.46
2303.74
1724.24
2430.41
2869.81
4793.52
3898.23
2634.43
3188.53
2035.1
2046.3
3029.97
3101.83
3155.63
2540.67
2293.47
1606.02
3453.39
3060.29
3125.47
2044.46
2255.05
5478.14
7494.35
2169.54
3121.92
1857.84
2183.57
2512.97
1782.94
3395.77
2960.96
3702.93
2580.52
3739.86
2359.03
3154.28
2575.42
2045.99
2078.04
1904.58
2563.44
2834.92
3087.5
4169.09
1735.14
2229.24
1836.8
2631.33
5163.94
1920.22
2793.92
5114.18
4133.89
2149.86
1730.51
2623.35
2139.84
2492.79
2842.89
2550.07
2117.97
1588.1
3665.31
2323.48
4985.65
1990.68
2394.92
3117.76
1803.67
3527.82
1664
1949.55
1548.49
2152.96
2180.99
2215.04
1902.13
1757.83
2169.96
2383.73
1590.52
1869.46
1869.35
2756.56
2004.81
2373.66
2747.97
1800.48
4575.3
2317.43
1425.3
2140.88
3763.43
2588.08
1639.49
3203.41
1675.57
4006.77
1521.98
2770.63
1841.05
1601.22
2104.97
2817.1
3146.63
2237.6
1882.31
1896.87
2697.78
1749.27
3968.84
2215.59
3608.2
2042.44
1950.92
2506.4
2555.81
3410.07
1893.33
2067.15
1751.46
2473.12
3140.33
4520.47
3407.71
3285.58
2335.15
3165.12
3360.96
2621.45
3380.47
2176.95
2227.95
2021.19
1942.66
2911.52
4322.54
2299.73
3099.63
2237.56
2351.59
3080.54
3254.25
3741.79
1527.66
3639.04
2325.94
3302.71
1737.45
1697.87
2030.7
2187.51
2287.93
5313.91
2407.49
1779.12
2893
8832.21
1653.87
3181.34
2525.61
2638.15
2135.94
1753.13
3784.21
3316.71
2329.88
2870.96
2041.05
2538.95
6130.34
2425.05
1866.56
3771.67
1752.31
5037.04
2465.14
3026.45
2424.64
2262.24
4435.18
2444.39
1793.79
3075.78
4576.12
3460.28
2163.77
1976.29
2322.3
1673.44
2405.29
2475.75
1393.8
1679.13
2834.01
1985.13
2183.01
2192.89
3354.56
4786.47
2836.75
1026.93
1851.62
1781
1852.18
2774.67
5204.38
3281.26
3691.86
3003.22
1813.84
1515.23
2142.95
6088.86
4155.94
2937.95
1769.27
2610.06
2242.59
4277.79
1862.85
2398.56
2404.6
4301.27
2694.22
2187.85
1421.31
1492.79
3719.87
4154.51
2619.55
2610.4
1917.59
1893.85
1818.77
1607.66
3573.64
2195.73
3172.45
3280.84
2042.45
3150.53
2259.23
1779.28
1332.14
2233.19
1883.5
8767.69
1893.67
2067.83
3082.52
1708.52
3601.69
2346.25
2993.73
2853.01
1922.26
2524.04
2074.82
3076.17
2283.69
2179.14
2526.81
5505.67
6221.72
3653.06
1908.33
1699.99
3619.84
1975.58
2833.05
1957.78
5692.4
2078.91
2158.44
3088.32
3396.72
4034.76
4170.81
1784
2506.08
2668.01
2167.57
1917.89
1771.12
3089.12
3204.02
2361.08
1432.89
2571.02
4518.75
5115.3
2172.77
12387.7
1381.25
2647.43
2305.56
2249.99
4820.61
3925.87
2289.11
2912.62
1694.39
2514.69
2012.13
2387.08
2628.71
2118.63
1245.85
1889.62
1677.33
3328.34
2123.37
2852.45
3057.4
1875.79
2262.92
2267.07
2981.99
2279.93
4588.82
1821.83
2375.46
2723.61
2175.55
2610.91
2706.12
2452.07
3462.64
1886.32
2201.57
2811.42
2246
1377.19
3032.6
3344.48
1896.18
3297.07
2647.38
2071.94
2151.29
1972.09
1867.41
3162.47
2821.96
8138.35
2994
2083.62
2437.06
6260.18
2165.29
1512.21
2172.03
1927.99
2409.11
2355.28
2213.08
3780.23
3437.38
2624.92
2960.03
2804.36
1386.15
1858.86
1881.26
1845.22
1403.67
2418.54
2226.12
4643.77
2383.7
2275.83
2925.09
1837.65
2509.12
1727.16
4012.07
2018.6
2587.02
2825.17
2143.83
2258.96
2112.11
1912.42
2091.73
2356.03
2325.67
1722.78
2949.34
1486.6
2061.74
3788.23
2193.62
3323.75
1525.8
2635.22
2917.79
3274.22
2706.1
2767.11
2077.05
2107.56
2072.02
3237.46
2795.64
2532.46
5439.15
1530.72
1720.29
3623.4
3009.66
1915.44
1740.03
2046.09
2358.98
2282.58
1630.85
4722.77
1262.4
2949.77
1508.91
3337.47
3020.29
2175.06
2178.9
3182.77
2440.21
1992.02
1694.9
2789.03
3926.8
2105.87
1729.17
1813.57
2561.82
2404.22
2906.31
2270.38
1722.58
3389.32
2937.39
2957.1
1683.24
1481.13
2310.65
3017.56
2401.2
3994.88
5562.53
1963.33
1726.21
1963.18
2620.11
5075.11
1544.52
3107.67
6042.48
2252.88
2003.85
1827.18
2863.1
2061
2596.57
2606.25
2627.64
6324.58
2339.63
3800.04
1358.57
2215.06
2154.65
1991.67
3435.49
2320.28
1741.18
3187.84
2583.83
2661.44
2127.53
3100.03
3533.05
4357.29
3817.5
2930.78
2484.67
2036.31
1770.54
1561.81
2573.06
1775.22
1432.93
1894.6
3896.09
1842.59
1547.03
2327.89
2797.92
2725.32
1643.11
3761.81
2736.3
2480.6
2279.17
5837.15
2476.51
1766.93
2380.4
1712.48
3527.17
6681.45
2063.94
2066.73
5370.73
2348.7
1711.68
3480.2
2044.85
2939.6
1903.13
2328.86
1786.55
2060.11
1961.85
2875.58
2955.07
2266.54
1425.41
2082.76
1532.9
3194.3
1956.77
2843.86
2762.52
4543.09
1908.26
2883.95
2759.56
2783.89
2792.44
1475.83
1696.15
4283.5
2394.72
2317.2
2074.85
5419.01
3739.48
1983.93
2969.11
2583.55
2451.83
1952.58
2913.85
2466.64
1940.18
3343.86
1942.29
3008.17
1642.57
1909.43
2632.05
3081.7
3428.37
4304.7
2145.78
2132.09
4327.45
2236.91
2061
2289.23
1750.53
2835.44
2311.79
8123.39
2376.37
2189.98
2850.78
1907.14
3621.69
2905.55
2912.67
3203.8
3484.7
2996.63
4964.98
1746.28
2043.72
2980.29
2174.07
2830.78
1845.17
2181.6
1931.58
4310.92
1475.85
2580.24
2704.56
1464.75
4917.09
3050.18
1970.33
2591.45
4240.53
1604.86
2609.55
2256.67
2718.52
4444.59
2171.43
3601.83
3108.78
2759.46
2053.56
2892.18
2274.29
2018.56
1718.44
1400.62
2904.33
2584.94
1933.53
4831.07
2086.17
4727.07
2090.89
2056.83
3693.59
2116.31
3065.74
1942.16
2870.72
3398
1633.16
7406.99
2646.56
3409.15
2353.91
1639.98
3105.17
2105.13
2197.74
2176
2253.96
3750.76
2771.03
2647.93
1673.13
2875.58
1945
4196.33
6138.23
3980.59
2022.3
3747.49
2515.5
1885.19
2775.89
1999.1
5212.53
2229.91
1738.79
2326.69
3154.6
2869.42
3034.57
2677.99
1649.41
2155.89
2409
2230.53
4305.64
4173.18
5020.95
2702.67
3034.76
3200.65
3058.64
2400.12
4367.65
1599.17
6043.73
15179
2693.47
3217.11
1410.38
1716.08
4011.68
2833.76
2022.78
2704.62
3590.15
2103.56
1606.52
2047
1656.89
5114.42
1776.54
2024.28
2342.13
2547.41
2647.42
2007.67
2690.71
2586.79
1757.77
1931.94
1656.24
6726.63
2352.32
2944.29
1593.21
3522.73
1839.39
3425.21
3788.27
2568.82
2194.91
2055.16
1540.76
3058.11
1913.29
3759.9
1612.45
3323.71
4989.73
1482.53
2285.96
8839.69
2010.11
4227.22
1742.18
1917.68
6053.93
3132.64
2422.5
3046.96
2868.35
1809.84
2033.85
1757.72
3026.16
1792.83
2940.43
5432.79
1599.18
4438.77
2591.76
2146.8
2479.04
2133.1
2660.98
2207.96
2961.5
3072.31
1843.55
2308.67
2214.35
2223.92
1863.01
4205.97
3275.77
2639.29
3702.97
2630.44
4435.34
2080.93
1802.22
3707.12
1912.87
1999.84
1546.87
3383.85
1600.46
1876.26
2556.91
1420.67
1553.01
3646
3135.77
2839.78
1595.68
2347.71
1743.34
4253.23
3636.77
5611.75
1965.29
2755.12
2193.66
2432.16
1422.47
2274.67
2768.15
2048.57
3134.08
2338.65
3017.31
2559.91
1863.18
1807.25
1538.55
2122.45
4280.16
2313.02
2465.22
1459.25
2469.37
2790.21
2084.03
2195.19
4676.5
2898.3
2447.51
2944.58
3016.64
1704.34
2910.81
4476.74
2208.1
4266.25
1723.65
4695.23
2529.8
1931.44
3766.58
2835.26
1847.91
1886.91
2558.39
2470.82
3293.63
4703.35
2923.13
2338.28
3004.82
2694.32
5766.47
2429.07
2106.05
2236.2
1553.63
2121.08
3157.05
3174.98
2390.06
3587.12
3019.79
2996.17
1675.46
2581.51
1378.6
2276.53
2275.88
2808.89
1587.48
1956.15
3065.6
2778.06
2514.38
2328.11
3142.16
2747.95
2288.08
1831.9
1983.85
3262.21
3793.14
2844.89
1928.6
7634.82
3663.58
2165.45
2076.16
2557.33
3505.98
2686.35
2605.32
2862.8
2933.42
2859.75
2349.91
2008.41
4150.97
1537.26
3109.91
3491.51
1841.44
2564.02
1676.54
3105.31
2040.79
7834.2
1977.25
1904.41
2478.09
5594.13
1705.54
2279.93
5268.22
3159.6
2404.24
1806.18
3919.8
2829.95
2675.28
2186.64
4658.97
3677.92
2576.87
2266.45
2895.19
3570.67
2380.91
3629.19
1667.8
2406.22
3006.33
4691.63
12288.4
2747.7
3571.56
1891.09
2584.27
3127.26
2868.09
4547.75
2361.94
1934.99
3735.93
3365.16
2231.14
2095.39
2597.06
3591.43
1307.23
3247.11
3712.57
2891.88
4179.78
4235.91
3678.12
1899.19
2084.94
2233.21
2018.29
1857.06
1702.42
4144.97
2046.21
2789.76
5098.57
1558.27
4707.22
2463.7
1847.66
2128.74
1821.45
3204.93
2142.43
2014.95
3324.54
3516.65
1627.21
1667.75
2595.57
2654.4
3131.12
2827.07
2828.43
2223.89
1718.38
6407.17
1643.01
1810.69
2839.12
1827.62
1685.4
1937.01
2673.59
2908.94
1924.88
2773.26
2040.83
2325.32
1622.91
2044.34
2087.56
2256.84
3547.23
1828.26
3096.84
1558.39
4862.29
2903.3
2586.17
2326.51
3483.11
2434.78
3509.17
2022.17
2579.73
2364.19
1590.51
1845.76
2937.87
1686.23
2121.64
2457.76
2546.14
2531.75
1796.02
1289.93
4740.64
2151.68
2540.74
3599.92
2309.23
2092.36
1811.44
4230.67
3483.83
3579.41
3202.77
2721.51
3318.65
1960.88
1715.18
2788.18
3822.95
4025.2
2323.35
1604.14
1751.09
2404.36
2231.86
3066.38
3783.87
2066.14
2555.71
1718.32
3276.73
2040.1
2086.97
2321.37
1941.98
2519.78
2655.56
2137.89
3875.12
6635.31
1903.14
2523.09
2438.42
2499.56
3856.83
1660.14
3451.68
2663.75
2474.35
3135.13
1953.89
2960.98
2092.41
2288.97
1805.84
3475.88
2725.42
4118.69
1576.96
2005.62
1791.03
2542.08
2303.42
1702.25
2410.91
1968.64
1882.74
3424.06
1574.71
3673.6
1209
4822.87
1692.78
3387.68
4465.87
1947.21
2416.05
3602.16
1382.8
1961.19
2371.83
2457.13
2140.45
2865.86
1576.68
2707.65
4231.12
2727.88
7770.13
1634.72
2420.23
2172.63
1692.2
2570.42
2523.99
1616.96
2131.02
3281.66
1610.24
3356.79
3511.26
1730.63
5179.66
2240.84
1848.08
4001.14
4485.24
3034.73
4756.42
6265.08
3557.15
4182.41
3248.01
2489
2408.76
2610.07
2626.36
4158.91
2976.91
5735.44
3221.11
1896.95
2096.8
2259.83
2553.62
1993.84
1944.55
2110.01
1420.01
2322.21
1798.05
1955.85
2334.4
2576.26
2431.86
2005.48
3129.47
1706.49
1448.77
3769.75
3277.57
3697.5
2264.6
2925.4
3134.05
5079.66
2161.28
1838.73
2095.09
2944.82
1943.32
2407.01
2247.9
2036.96
3737.2
2080.86
3335.39
2746
2966.33
2236.53
1550.66
3101.03
4425.79
3497.31
1246.22
2907.9
1922.08
2920.86
2383.01
1409.16
2984.15
2447.79
3006.26
2858.77
2887.08
6340.28
2190.5
2745.05
4171.84
4953.44
2548.17
3639.63
3816.42
2121.15
4187.17
1504.24
2426.44
2367.6
5349.16
2902.81
3083.21
4155.5
1768.6
3106.42
3374.35
2093.55
4227.11
4757.63
7357.23
1783.69
2981.04
2709.53
1404
2152.21
7359.9
2097.27
1706.5
2751.93
4240.76
1957.33
1622.56
1830.97
1827.7
2255.37
1543.25
1448.52
4497.76
3592.14
1877.34
6990.44
3026.83
1998.34
2175.66
5010.08
2729.44
1796.85
2025.41
2333.55
3043.13
2257.29
1708.65
2677.98
2197.93
1458.9
1743.54
1618.58
3239.91
1936.03
4509.65
2327.14
1907.46
2769.53
2861.02
4514.63
2197.36
2408.8
3165.44
2268.53
2725.85
2305.67
1641.22
2085.19
3223.99
3676.76
2511.59
1731.55
1641.57
2777.8
3086.05
2633.75
1392.75
3778.18
2334.86
2538.97
1753.87
2234.57
3975.02
3398.95
1772.46
1929.64
3734.13
2069.91
1768.57
1887.87
3392.22
3896.04
2788.31
3766.2
1408.42
2157.9
2150.56
3510.76
5320.26
2670.29
2666.42
2872.1
3518.45
5029.54
2256.09
2529.6
1899.43
2771.41
3048.58
3761.31
1727.21
3755.45
3525.89
2639.1
1741.41
2645.46
2010.56
3974.61
2059.64
3044.01
1726.84
2961.85
1865.95
1955.15
4571.97
1877.96
2574.91
1781.63
4020.9
2507.59
1969.68
1963.14
1701.95
1820.12
2454.54
2603.6
2811.81
3177.69
3146.7
3796.49
3354.83
3153.37
3185.51
2216.46
2775.49
1288.85
2151.55
1876.39
3574.7
2024.7
1993.42
2443.35
1610.68
1736.75
1705.53
1542.21
3551.21
2119.63
2549.08
3933.63
2825.47
3099.95
1527.52
2048.52
3232.38
2157.91
2074.45
2391.43
1910.14
4650.08
1716.17
2226.92
2366.38
2675.33
2226.8
2238.09
2420
1799.93
2545.49
1917.14
5013.25
4351.81
2033.67
1879.55
1877.48
4648.03
2737.02
2261.95
3503.27
3017.23
3080.82
4235.42
1975.23
3036.79
1926.24
8345.58
2861.88
2339.48
2247.67
2066.01
6894.03
1832.58
2842.5
2435.59
2808.37
2887.94
4336.7
2460.95
2499.61
3113.45
2447.06
2201.26
1950.47
1751.42
2132.73
2962.7
1725.67
2783.32
2823.16
2522.16
1653.43
5153.78
5166.5
1664.11
2779.9
2609.51
3076.98
1798.2
3335.3
4797.35
2476.43
2087.92
4517.08
1884.91
2469.35
2144.45
2278.41
2598.03
2691.27
2110.8
3929
1545.7
1728.71
1644.64
2025.45
5051.75
1938.6
3358.6
4583.75
2788.59
2600.56
3131.8
2074.28
1669.31
2404.17
2631.55
1612.13
4568.27
3303.02
2295.43
2814.9
2754.16
3034
2510.23
1919.63
2107.22
3348.04
3697.7
2495.78
2106.14
3581.82
2252.17
2618.16
2625.96
1826.73
1574.19
2422.47
1639.78
1846.88
3179.11
2994.26
1760.85
3742.58
1594.18
2109.62
2257.32
1584.49
3076.51
4087.18
2405.78
2434.35
1931.67
2745.28
1340.84
4048.78
2316.86
2849.94
2520.72
2194.15
2898.93
2387.1
5221.45
2081.9
1987.32
3026.23
1693.98
2850.03
2328.76
1691.91
2688.38
2063.95
2715.56
2215.13
2675.61
2487.13
3160.07
2196.6
2646.95
3161.06
2083.25
2065.16
2077.8
3807.07
2860.26
3275.32
3422.09
3303.88
2178.58
2785.02
3053.46
9596.31
1817.79
1833.86
1436.81
2290.8
2068.38
1580.7
2681.32
7154.18
2667.6
2736.32
6788.44
2343.27
1521.78
1729.11
5647.29
3844.9
1735.12
1781.46
2314.85
1865.39
2691.37
2564.64
5919.25
4402.38
5518.04
2839.95
2266.09
3493.63
1754.38
2554.8
2091.05
3210.27
2339.42
1756.49
2076.13
2647.16
2656.38
2285.57
2827.02
3106.92
2901.67
2017.04
2380.27
1967.77
2328.81
2796.65
3191
3326.04
1612.18
3008.82
2858.64
1933.74
2932.83
1850.64
2530.76
4273.41
2061.08
1792.96
2656.71
2128.99
3595.64
2482.58
3104.5
2252.08
1896.34
3227.88
3475.39
2429.38
3851.04
2193.9
2229.41
1818.14
2560.66
2561.42
2628.2
2404.48
2056.64
3961.33
1666.16
2482.37
2990.2
3340.1
2712.26
2248.44
1917
5747.5
2386.67
1997.38
1610.02
3219.42
2362.57
2473.01
2310.02
1767.63
2349.76
1769.12
3626.55
5447.62
3116.41
2487.39
1329.42
2465.17
1494.09
2367.14
2377.62
2163.19
2555.37
3231.83
1587.94
2111.72
2270.1
4011.93
3337.83
1717.28
2417.87
2588.19
2446.33
1951.5
1943.22
2884.73
2553.16
2113.87
2322.45
1630.25
2395.75
1691.13
3340.26
1443.82
2515.74
2055.79
2819.22
2044.63
2818.31
5025.71
2235.7
2053.29
2376.21
2580.26
3626.08
1869.57
2577.4
2925.23
2108.68
2306.59
2205.87
1844.21
2795.15
2478.45
1371.99
2248.37
1791.94
1784.36
1863.25
3510.9
1728.32
6346.54
2070.66
1979.22
2659.96
3239.62
2325.96
1776.07
1769.7
2982.83
3040.94
2780.9
1812.62
9161.04
1552.12
2253.44
1702.92
4778.47
2483.89
1999.68
2215.94
1910.96
3272.98
1828.2
3084.78
4184.7
2188.12
3183.26
2560.81
2693.47
2354.78
2990.11
3405.5
5152.21
2309.4
1702.06
2027.6
3085.39
1340.65
1977.28
2682.12
2059.23
2113.83
1710.47
1482.71
2434.56
1565.35
2181.9
3327.63
3650.37
2184.72
2216.83
7096.22
2674.31
3382.94
2305.38
5246.38
2781.5
4989.11
2288.2
1698.59
5471.15
1791.58
4177.07
1862.76
3794.69
1940.81
2620.14
1987.82
1893.04
1644.96
2097.8
2452.4
2843.65
2397.29
2492.17
6419.09
2055.78
2291.97
5412.04
2804.03
2339.6
5574.47
2000.8
4055.68
1994.9
1920.73
1750.17
3086.22
2716.1
2061.55
2697.98
2056.38
2737.33
3283.78
6037.83
1776.84
3662.79
1816.61
2545.56
6119.44
3112.22
2827.85
1881.74
2804.49
2545.86
2557.01
4697.54
2575.32
2690.46
1743.29
3472.62
1519.62
2706.83
4779.06
1838.09
1505.43
2778.95
1460.64
1421.55
3170.82
2075.05
2859.29
3072.07
2045.17
2186.96
2189.5
2261.79
4619.63
2574.35
2983.81
2620.24
1773.53
3121.73
2695.14
1833.48
8198.08
1951.1
3776.74
2335.67
4671.87
3520.39
2512.37
3738.96
1386.29
2139.12
3334.26
2760.57
2310.86
1968.49
2308.2
3886.1
2232.33
3366.61
3546.06
3745.23
2436.67
3508.43
4655.51
1770.01
2944.28
2889.58
1991.11
6957.78
2598.62
2442.52
1752.72
6306.09
1814.5
2697.52
2664.22
3304.1
1908.7
5954.24
2585.21
2997.61
2327.67
2807.78
2265.33
2368.87
3018.67
3136.33
1996.97
1938.79
2776.83
2875.01
1816.74
3428.02
2355.77
3600.15
1813.07
2212
1257.31
2871.47
2538.83
4955.03
1816.1
2672.84
2915.69
2215.17
2969.86
2772.08
2122.12
2859.14
2304.86
2399.79
2351.54
1762
2149.47
2921.98
2459.18
2802.95
2595.54
2736.88
2222.17
3608.77
1505.17
2203.33
1724.12
2453.74
3470.34
2943.46
2140.19
3557.31
2594.72
2834.21
1667.91
2258.24
3430.17
2560.25
1136.84
3060.79
2205.58
1251.83
2359.19
3247.68
2228.86
1715.19
2203.49
1755.89
2013.48
2537.07
3998.96
1855.41
1639.88
2657.23
2023.6
2159.08
2454.09
2708.96
2255.88
2331.2
3620.45
1983.37
1446.42
4372.54
1881.86
2248.85
3521.42
4176.13
2036.65
2899.16
2695.99
2911.41
3097.79
3587.62
2468.23
3046.73
2747.96
1812.44
3064.59
2369.01
1363.17
2176.8
4752.44
2654.28
2168.45
1853.4
2432.11
3300.07
3727.79
1671.39
3542.4
2548.48
1881.97
4946.15
2077.45
4940.45
4077.32
1675.73
1560.58
2353.77
2064.92
2039.11
4323.38
1960.73
2698.64
4359.55
2320.91
1369.04
3355.1
1917.97
2387.1
4025.45
2290.32
2820.8
1821.07
1966.79
2369.79
1989.32
1654.76
1784.5
2827.76
2214.41
1970.73
2734.69
1753.44
3846.45
1578.46
5104.65
5745.05
4805.48
1913.89
3280.07
2387.45
1792.29
3401.73
2321.34
2719.24
2088.58
2027.15
2122.32
1674.22
2004.45
3318.78
4463.38
2140.49
1943.62
3622.94
2618.35
1527.73
4807.97
5117.21
2098.8
2361.31
1736.18
3067.12
3507.09
1573.37
2184.3
1873.43
3471.45
2564.12
2236.63
2432.73
6045.98
2479.64
2117.55
3079.51
1292.88
3455.58
2561.57
2290.96
1797.99
2270.96
3583.96
5264.78
3835.25
1946.62
1764.47
2084.71
3011.78
4508.43
2407.61
2513.65
1878.94
1886.84
3635.05
1968.26
3902.62
1891.33
8790.27
2169.11
2506.47
3289.14
1862.31
1949.23
1363.8
5661.56
2536.46
2388.57
1825.15
2885.82
3108.87
1774.54
2654.12
4526.95
2716.37
2692.44
2149.77
1585.74
2049.07
1947.1
3464.72
5063.21
3341.54
3499.9
2311.41
3933.43
2408.27
4374.68
1948.77
1770.44
3560.44
2020.49
2399.28
3252.81
3845.33
1952.11
1408.43
7057.21
1894.46
2868.34
2670.23
2795.23
3069.82
1714.54
2742.22
3293.39
2325.44
2723.33
6814.8
1761.19
2815.83
1391.88
2203.22
3126.93
2033.88
3810.24
2236.37
1653.55
2549.81
8601.65
2718.71
2493.89
5749.17
2612.56
2504.6
2625.11
3969.44
4502.91
1858.63
2231.27
2744.84
3044.74
1610.3
1811.89
2303.28
4225.09
4212.57
1834.66
1744.86
1416.8
10149.8
2214.16
2585.71
3427.96
1853.06
3006.61
3663.85
2627.82
2215.33
4634.6
4670.73
6410.82
2578.07
1996.71
2536.78
2632.74
2490.21
2461.14
2378.7
3698.57
6089.95
1724.08
1541.18
2102.75
2788.78
2974.22
5756.93
4377.63
2340.02
2851.21
4794.01
2234.02
1784.94
1864.48
2306.13
4496.6
3007.21
2396.77
2240.99
2239.47
1648.19
2543.84
2789.61
1997.5
4114.18
1947.54
4566.45
5899.23
2754.89
2379.12
2819.31
2285.02
1950.14
3236.79
1778.39
3534.18
1591.52
2190.63
2179.28
2020.05
2327.29
2125.61
2777.85
4417
2035.4
3950.32
1757.16
1580.38
1654.07
1552.31
1718.08
3545.59
1756.52
1847.51
2258.42
1590.59
3970.89
3421.73
5302.1
1588.65
2045.34
2474.93
1430.02
2687.39
1820.45
3900.66
4299.79
2308.93
6030.85
1411.54
1784.29
2879.59
3003.3
2414.35
5902.13
2126.18
2313.84
1645.04
2115.56
1644.68
2092.98
3104.01
3453.79
3346.01
2606.98
3097.11
4308.32
2601.74
2329.46
3603.6
4068.03
2623.44
1403.68
1980.13
1485.42
3695.95
2948.06
1860.26
1821.61
2037.37
1704.99
1610.23
4336.91
2691.97
2027.3
6323.36
3098.48
3917.26
2159.65
2087.36
2983.77
3486.81
3499.97
2188.13
2320.96
1876.98
3433.78
4581.8
2457.3
2798.78
1925.87
1767.66
2491.59
2597.54
2146.57
1730.04
2796.49
6690.33
2218.16
5618.24
6973.82
3619.96
4016.98
2235.3
4156.19
1829.41
3830.64
2979.69
6191
2776.27
1557.15
7064.24
2531.02
3664.93
2445.74
2827.02
1989.77
2908.26
4347.17
2522.3
3080.16
2724.97
3627.09
2599.93
2607.83
2026.19
2728.94
2587.78
2591.95
2016.05
4789.39
2062.83
1746.43
2076.59
3569.75
1726.77
4078.97
2169.6
3608.12
2651.7
1612.83
3976.8
2491.84
2477.37
8491.41
3494.13
2142.02
2388.17
2369.76
2396.83
1922.11
3381.67
2198.53
2938.92
1931.87
4989.73
2341.14
1999.38
2233.29
5642.35
6482.36
2360.31
6388.13
5070.45
2552.9
2031.5
1906.38
2227.81
1850.52
1948.31
2268.67
4266.47
1714.69
3000.43
2018.71
2764.81
4735.41
1948.93
3085.3
3722.42
1872.52
3213.25
2478.61
1872.75
2294.13
3883.77
2828.39
2557.57
6304.53
2913.7
2891.02
2344.63
2929.9
2344.26
3639.6
1506.65
1969.71
2135.82
2317.54
5460.73
3104.85
1676.57
3190.21
4014.52
2259.47
1934.44
1664.67
1756.29
2294.94
2972.28
2720.53
1757.45
8182.12
2299.75
2289.99
2296.11
2745.25
1972.63
4610.27
2044.41
2118.74
2896.77
1841.77
1486.28
1304.85
3244.61
1924.64
15547.7
1656.47
3730.78
3588.74
2343.23
8078.55
1684.64
4046.83
2547.98
2109.62
1977.66
4018.43
1743.97
3017.93
2193.3
1680.37
2195.01
1871.01
2175.08
3060.11
2569.39
1551.42
1958.02
1972.46
3117.23
1933.75
2280.49
2418.13
2514.18
2262.05
5136.66
1960.11
1834.86
3868.19
3362.23
1504.72
2225.83
4142.77
1389.46
2447.87
1970.75
2094.74
1592.05
2552.28
2426
3857.03
3212.19
1743.08
2411.68
2041.94
2522.37
2614.14
2280.82
2638.45
3123.66
3361.46
1480.11
5229.81
1608.75
3447.61
2386.02
3306.92
1915.47
1609.83
2314.95
2614.85
2409.11
2599.15
3244.52
2183.43
3594.14
1400.15
2630.7
2528.57
1984.68
2258.95
1707.65
2284.49
4338.96
2503.97
1982.17
1949.81
2600.19
3142.7
2179.84
1682.14
1638.21
2414.14
1943.07
2356.54
1402.75
2191.98
1716.88
2269.2
4320.09
3633.98
2702.65
2038.89
1953.47
3832.87
1633.68
2502.84
1823.09
2609.8
1432.65
3025.2
1645.78
1449.98
1751.43
2251.74
2791.03
2092.83
4413.13
2677.11
2492.07
2205.54
2245.17
4190.95
2127.66
3307.58
4284.82
1813.19
3738.57
2723.51
2884.08
2512.76
5532.6
1613.78
2001.45
2521.85
1899.93
2401.16
2064.27
2481.92
1987.24
2392.49
1986.01
2417.02
2985.41
4198.39
3549.15
3086.36
3077.41
2316.74
2546.11
2682.18
1753.97
1665.3
2807.61
5620.99
1762.04
2771.68
1562.6
3069.28
2294.17
2798.47
2624.24
2299.67
1774.98
2775.74
3276.98
1601.19
1848.61
5313.15
1901.77
2727.05
3740.34
4382.56
3302.78
2791.29
2898.89
10128.6
1923.69
3163.4
2777.56
3461.3
2271.66
2140.45
4082.51
3173.8
2012.44
2480.65
2862.92
1300.92
2658.86
4322.99
1630.34
2177.22
2631.27
2167.72
1931.8
2797.06
2014.72
2052.36
3656.45
2875.15
2965.49
1417.79
2480.84
2419.87
1959.73
2490.7
2328.72
2631
2144.24
3380.71
2048.01
2598.62
1958.89
2804.07
1770.6
3347.13
2925.61
3974.97
1993.99
4087.16
2298.99
2481.56
2420.48
2500.55
2495.34
1706.32
2331.02
2815.57
1875.48
1729.2
1730.69
2388.27
2185.9
3333.73
2600.93
4133.09
2850.12
1520.31
1886.52
2361.44
1948.32
2789.42
2234.55
2410.26
1811.21
2790.15
2793.35
2964.09
2067.69
2588.45
2376.1
2261.39
3397.91
1605.96
2445.93
4368.9
1897.94
2316.36
2474.73
1562.91
3081.49
1641.67
3476.03
3600.66
1509.28
2974.55
1593.08
2003.2
3521.35
1905.96
2059.29
2865.99
4432.63
2062.48
4374.35
2141.44
3615.55
2642.43
3291.27
2779.99
3112.35
2343.69
4103.05
2014.95
1518.25
3966.55
2802.16
2125.17
2771.65
1888.25
1812.21
5045.49
1970.01
2482.86
2327.74
2360.85
3744.51
2789.87
2846.84
1936.35
2207.19
3120.3
1513.69
1840.08
1862.06
2713.64
2735.01
2851.75
2093.04
7995.03
3757.37
4631.85
2738.26
2482.99
3906.46
2597.42
7877.16
1496.06
1927.87
2387.55
2372.66
2976.88
3011.98
2823.64
1755.44
2315.25
2561.76
2522.15
2819.54
2548.24
3337.98
8074.49
3495.96
2988.29
2386.9
4277.46
2538.56
3121.38
1337.81
1655.67
3853.53
2755.68
4674.79
2559.85
2475.97
6739.74
3270.69
3311.98
3254.91
4301.29
1988.76
2488.42
2193.86
2066.92
3676.42
1718.04
2059.97
1750.65
1949.82
2858.94
2230.31
2399.53
2051.87
4158.5
2862.4
6209.8
3815.75
4670.79
2784.43
2792.26
1974.44
1573.66
2631.71
4214.38
2312.58
2457.06
1617.66
2909.09
2703.88
2732.28
1994.77
7494.87
1678.49
1884.19
2427.05
1773.86
2113.16
3094.34
3176.02
3394.43
3445.21
1786.43
2291.91
4421.62
2160.49
3496.62
1728.91
2001.76
3084.5
4172.69
1874.14
1631.6
2013.74
1702.98
2122.92
1811.06
3742.72
3543.32
3023.98
2034.16
1647.17
2996.85
2713.05
1968.38
2504.66
2005.51
5620.88
2736.42
6790.24
2781.13
2728.16
1649.54
3145.62
2341.31
1935.05
1947.27
2427.22
1812.31
3072.96
3153.28
2293.33
5389.86
1575.69
2411.46
2262.84
2445.31
3211.82
3673.79
2164.15
1350.1
2339.61
3002.77
5327.46
4756.27
2038.68
1672.39
3252.84
2954.86
2121.43
2246.17
2477.19
2309.03
3832.06
3781.05
1716.64
4332.07
2385.55
2386.26
2143
3524.35
3005.13
3510.08
3754.6
3330.82
1460.76
3601.07
2203.63
1741.73
2091.69
3264.79
2161.56
16297.6
1822.38
2451.78
3206.96
3177.27
1974.86
4270.23
1904.7
2704.35
1917.48
2465.62
1473.59
2377.23
3442.18
2041.29
2099.54
1563.77
1936.92
4341.17
4777.04
2495.78
3620.29
4576.61
1845.42
2390.51
2590.93
1823.71
1728.76
1626.47
2112.35
2109.41
1488.3
3814.52
3796.56
3073.95
2099.31
2481.11
4214.8
2557.49
2874.11
1773.37
2105.5
2108.79
1850.98
2666.75
2452.66
1683.15
2465.33
3562.29
3177.91
2576.85
1658.14
2572.65
1427.22
2695.93
3639.6
2536.16
2139.58
2811.22
3096.34
5048.1
2163.54
3477.01
2681.3
2764.08
1991.3
2348.39
1583.25
3636.53
1690.67
3370.49
2518.64
3673.01
2450.81
2614.23
2619.76
2484.94
2178.97
2900.5
3527.81
1700.82
2125.66
1922.28
1811
2246.42
4187.52
4145.6
1734.54
2793.57
2658.7
2152.11
3019.03
1831.5
2118.16
1564.38
2562.74
2762.76
1637.99
2392.37
2094.76
2196.08
1894.39
1915.12
4212.29
3580.15
2469
2767.17
3703.45
3112.09
1286.55
2913.46
1923.38
2120.39
3260.85
2520.18
3413.81
1592.45
3148.3
4985.02
4636
1957.43
2215.99
4105.36
2349.69
2303.07
2190.11
2015.55
3626.43
2414.34
2269.81
2843.95
2310.98
2064.62
3004.65
2024.2
2829.38
3010.69
1794.54
3364.33
1635.47
3194.87
3431.62
1782.15
3429.93
3189.61
4270.9
2075.43
2671.91
3053.95
1710.69
2563.77
1928.97
2585.8
2036.21
2226.25
2667.25
2700.91
2070.3
2427.06
2786.58
2999.35
3083.88
3583.01
4172.53
3722.22
2307.54
2671.11
3335.49
1957.43
3602.02
1566.69
1539.96
1972
4740.97
2981.1
1933.54
1471.13
2345.6
2868.58
2069.01
3694.29
4319.67
2262.05
2121.32
1770.38
2398.07
1444.36
2221.01
2260.68
2609.8
5236.71
3170.67
2173.78
1840.75
3982.82
3015.09
2819.79
1885.02
3777.16
2819.59
2236.62
3071.97
2442.8
2225.57
3233.04
1815.4
1801.58
2516.71
2334.52
4203.86
1903.64
2951.14
1949.69
2354.33
1457.85
2295.64
2290.07
2606.52
2206.39
2151.96
2736.23
1691.75
3008.08
2742.58
2142.85
2711.32
3301.01
1532.03
1511.81
2808.55
2201.42
2374.12
3278.06
1401.23
1963.85
2459.76
1988.35
5732.7
2338.81
1778.6
2098.18
1812.07
3366.5
3701.11
4213.66
2877.79
1540.98
2546.28
4640.54
2005.78
2025.6
2334.78
1932.84
3985.45
2533.19
2961.37
2864.94
2811.59
1628.26
1832.99
2143.19
3131.5
2629.22
2130.11
1278.05
1643.77
2819.56
2411.7
2948.3
1846.7
1964.37
2647.22
2562.13
1952.42
4757.36
1776.63
2577.03
1920.52
2468.28
1852.29
3260.04
3934.26
3022.32
2802.85
2227.5
1742.64
2651.65
2581.01
2180.68
3623.39
4865.4
1912.05
1689.71
2196.07
2900.2
2149.12
2070.04
2994.56
2348.65
1716.92
2199.72
2337.32
2271.7
4059.94
1818.1
2410.64
2211.33
4824.68
1839.17
2484.55
2667.42
3983.76
3674.06
2972.38
2886.45
2072.86
5305.3
3485.96
1789.8
2239.03
1629.09
3032.62
1614.34
4977.17
1608.8
1717.84
2307.26
2335.39
2872.45
2057.09
2243.84
2283.8
2825.5
2924.4
1997.43
2173.08
1681.49
2480.54
4363.72
3064.28
1751.94
1922.7
2255.68
1640.9
3577.84
2126.58
2333.97
2206.13
2411.05
3277.48
2998.67
2675.33
3569.7
2506.89
2433.19
1727.24
4317.81
2578.64
3658.13
3371.54
2681.93
1976.54
2849.48
3179.02
2322.8
1628.09
3679.74
3024.54
2360.75
2101.51
1901.86
3538.51
2615.48
2996.46
2297.28
4486.51
1882.23
1769.56
2497.53
3009.09
2203.79
2620.57
2070.67
1732.88
3748.43
2425.41
4073.65
3309.76
2159.99
4644.69
3429.68
2630.18
1675.35
3472.88
3947.69
4088.5
2998.5
1433.92
7432.02
1693.84
2898.79
2419.22
2956.67
2544.5
3562.71
1980.76
2118.64
2032.94
2416.77
2281.67
1573.08
2021.25
1424.32
1848.85
1450.03
2457.52
1906.79
3902.97
2389.49
3442.2
1972.19
2013.86
2341.21
1887.57
2540.55
1691.02
1613.88
2142.16
3055.17
3967.92
5186.35
7142.62
3494.17
2430.18
2646.66
2552.88
5512.91
1506.07
1879.66
2699.51
2639.92
1409.67
3895.59
1426.24
3451
3358.36
2129.42
2157.07
2486.58
3556.54
1502.44
2726.25
1946.2
2239.4
2461.95
2146.92
2002.22
2963.67
1197.9
4581.38
1586.64
2346.44
2441.71
2645.19
2257.39
3164.51
2301
3296.3
1607.68
2853.38
1556.34
3821.63
4630.07
2152.84
2161.93
2173.34
1976.91
2143.98
1923.66
3037.67
4093.39
3402.93
1831.29
3054.23
2501.66
3268.51
3590.39
9087.58
1851.01
2139.56
2260.94
4749.43
2636.22
6116.99
2139.19
2075.15
2765.44
3376.51
3143.13
3290.05
2319.52
2543.57
2092.81
2209.92
2365.11
2362.06
3153.06
3115.19
2110.57
2577.94
1839.3
3440.08
3001.25
1736.2
1708.24
2586.59
5169.9
6050.39
4346.32
2240.85
2931.2
2769.43
4526.45
2830.67
2409.29
3987.27
2087.94
4559.94
3963.43
2901.95
2043.71
2704.8
2296.06
5304.56
4322.44
4254.06
3402.62
2177.51
2390.57
1483.48
3442.89
1899.9
2639.99
4499.78
4610.57
2307.33
4636.74
3266.22
2018.04
2245.01
3813.37
1611.76
1796.84
3779.9
2900.93
2425.06
3550.34
2058.74
2182.15
2112.29
3537.24
2317.83
5471.48
1846.14
3540.7
2252.63
2306.57
2527.48
4746.66
3127.82
2847.86
4415.94
3027.21
3180.47
2979.51
6412.92
2527.18
4243.5
3940.53
2699.02
1925.86
3038.35
1623.72
2310.4
3821.77
2679.28
3156.61
4593.8
2038.61
3095.46
3167.06
1527.33
3756.04
3473.26
2331.3
1974.7
2635.23
4538.69
3570.33
1975.67
2143.78
3111.15
3411.7
1754.03
1516.99
2720.23
2706.59
2619.59
3039.98
2004.92
2908.79
3514.6
2990.87
3653.75
3151.72
2305.17
2708.93
2978.61
2907.54
1802.45
2886.4
3248.13
3812.46
1989.09
2434.1
2648.01
2447.31
1428.94
1808.59
2564.86
3576.36
1747.23
1852.67
2248.93
3253.95
4387.09
4678.83
1963.49
3859.11
2123.69
2556.98
2337.15
1584.6
2748.98
1956.33
2466.2
1860.55
2441.09
2590.01
2700.97
2190.04
2381.24
1899.09
3025.32
3408.46
2744.55
2282.51
1707.25
2587.01
1914.26
1545.44
3060.76
4497.94
3197.44
3272.31
7460.97
1547.71
2561.69
1993.53
2467.24
2422.48
2232.61
3075.02
2218.95
2432.33
2227.7
3928.11
2579.62
2620.96
2451.38
2363.36
1954.01
3743.37
2824.64
3065.75
2573.63
3538.4
1798.2
2871.52
2432.07
2034.35
3022.13
5118.5
3589.61
1922.08
1771.28
3891.81
2722.94
3237.43
2258.39
1934.42
3871.49
2029.44
2601.8
3084.28
2700.3
2553.03
1677.25
1770.89
2794.94
1559.33
2393.03
2682.53
4504.64
1624.21
1876.27
1582.75
3000.88
1985.1
3828.62
1994.35
2883.66
1776.55
3011.65
5092.9
1802.46
8119.21
4607.04
3406.8
2825.24
2647.42
3671.62
2467.21
1756.52
1700.7
4002.01
5122.06
2797.43
3045.25
2083
1802.76
9155.31
2651.99
1601.93
3002.13
2228.26
2106.68
2275.19
1632.83
2119.39
2981.8
1794.25
1914.28
2076.19
2625.42
2599.49
4031.81
2864.09
3075.39
2070.56
5235.58
2629.94
1718.86
2118.6
3534.35
2162.98
3070.63
1896.11
1586.59
3224.55
2428.58
4454.79
1731.3
2507.56
1911.92
3125.4
1436.91
1736.36
3202.05
2977.05
1707.29
2658.17
2708.41
1429.41
3136.48
2450.24
1841.04
1776.02
2598.14
1764.6
2065.4
1878.07
4360.7
2182.87
2478.63
2392.22
6422.95
3545.1
3135.57
2101.05
5017.15
2458.96
2422.82
2408.49
2613.65
2618.95
5552.33
1850.05
2337.96
1589.45
3648.65
2723.85
1796.88
3272.01
1891.49
1834.42
2352.32
2575.97
2839.98
3467.24
2423.22
2017.42
1483.95
2210.36
6967.04
3701.06
1729.18
2254.13
1887.7
1579.16
2605.29
4235.86
4132.56
4230.76
3481.31
2082.54
5007.16
2807.99
2172.02
3014.79
4019.23
1950.36
3182.31
2590.61
3696.8
3307.98
5170.19
2046.07
1751.82
2017.01
5266.06
1373.66
7914.85
2715.66
2163.63
1982.35
1838.55
5171
4455.38
2550.26
2931.34
2248.49
1514.13
1942.71
3127.23
3179.83
4268.99
2180.48
1897.05
2837.24
2997.49
2138.21
2420.74
2474.21
1767.63
2021.24
2084.68
2663.24
1820.08
2282.05
2204.74
2569.2
1870.25
1538.32
1849.99
1941.09
1649.04
3577.29
1464.7
1960.93
2248.58
2631.64
2037.92
2512
3535.23
2372.3
3857.96
3280.37
2508.44
3458.69
2796.77
2321.6
2592.52
2682.39
2254.06
4256.79
4062.7
1711.77
1475.81
1864.93
3489.42
2360.94
3206.37
3167.52
1428.42
2409.99
2296.02
1645.87
3166.5
3159.78
1983.31
2072.84
1919.46
4027.03
2569.87
1656.14
2545.18
2821.79
1736.39
3578.67
4731.13
2540.91
2208.88
1379.67
3655.15
2913.02
4298.62
1477.2
2562.96
2151.7
4710.31
1737.17
2319.77
2342.89
6101.97
1442.78
1734.29
2335.34
3352.13
2468.78
2033.98
1958.38
3402.08
1429.35
2534.83
3751.16
2110.41
2147.23
1713.52
2460.49
1873.72
2626.34
3440.84
2902.64
2483.43
1462.48
2487.56
5767.96
2204.09
3185.68
2270.72
2082.46
2481.29
2559.74
2282.91
3044.89
4167.31
2177.15
1836.45
2875.79
3456.94
2192.12
2197.83
2092.32
2910.05
1653.06
2431.95
2387.85
2017.96
1960.72
4445.5
1358.68
1950.17
2172.99
2288.38
3186.19
4259.46
2961.93
2555.73
3256.03
5471.65
2019.68
2965.95
1871.49
2628.08
2438.41
2042.16
6096.08
2234.45
1489.37
2330.48
3080.73
2298.19
2704.45
2963.7
1822.32
2316.33
3962.52
2252.93
2777.38
1759.97
2401.58
2501.94
4406.93
2849.22
2049.33
1699.12
4392.58
1994.15
2079.49
2144.05
2954.04
4869.92
1464.12
4261.68
2122.01
1976.67
1926.99
3407.94
2574.02
2031.56
4317.67
1673.7
1710.07
1699.81
1898.11
1274.5
1439.5
5581.23
1690.75
2218.81
1676.6
2207.34
2741.1
4911.68
1988.69
2348.28
3301.7
3902.75
2833.53
2096.35
2381.11
2931.98
1686.52
1943.53
1666.51
4215.95
1455.67
1820.07
1582.7
1612.66
1591.08
1877.12
3134.83
1857.35
1927.63
4185.4
4569.24
2172.58
2034.24
2768.23
2285.38
1788.32
3284.18
1385.42
1905.9
2152.33
2945.64
5330.09
1539.14
4077.56
1693.62
1616.74
2261.85
3299.92
1787.94
2493.44
4205.78
2350.45
1795.09
1910.22
2551.54
1731.02
2609.21
3517.8
2407.12
2174.75
5711.84
3384.41
3345.39
2526.52
3042.51
2391.45
2274.39
2109.72
3872.76
3675.08
2597.54
2590.09
2882.63
2253.39
2694.49
1825.88
2406.66
1463.98
1643.33
4236.26
2203.91
2528.11
2053.32
2979.98
2411.87
3279.53
4083.47
5222.54
2358.39
4288.24
2323.61
3546.17
4149.42
2288.85
4618.99
2037.55
3479.53
3446.5
1625.81
1944.28
1365.24
1835.97
2793.01
1742.29
1894.25
1961.64
1810.83
2705.96
2267.59
2358.04
3179.61
2094.79
2633.94
3061.36
1529.11
2595.99
3290.69
3629.07
1647.74
2317.47
2613.69
1817.15
4191.69
3263.28
1551.99
2988.15
3441.22
1759.15
1922.59
2860.08
2895.97
1914.42
2509.43
3479.53
2891.46
3409.92
1971.52
1896.97
2588.56
2694.2
2357.59
2809.22
6093.24
1907.09
2186.35
5358.97
3242.37
2337.3
3224
1826.76
4529.91
2621.68
1778.08
1937.17
5456.2
2357.65
3339.89
2273.43
1953.59
2200.38
3817.52
3055.23
2386.26
2117.52
2167.9
2948.69
2322.97
4787.15
2158.21
2495.49
1785.22
3195.82
2982.46
3728.08
5659.87
5863.91
3648.4
2900.29
2072.26
2357.49
2828.08
2185.28
2656
1608.4
2342.31
1544.32
3565.73
1752.74
6339.91
1806.65
2624.97
2882.04
3031.9
1918.52
2082.12
3398.5
2389.18
2705.76
1807.71
1853.09
2104.82
4493.12
2469.22
2708.93
2509.99
1933.98
1844.82
4900.85
1750.41
3932.04
2944.98
4618.24
2336.91
2978.85
2779.24
2761.11
2564.13
2989.87
2667.57
2436.91
1898.25
2721.84
2524.26
2367.12
1570.64
1550.4
3177.44
2206.87
3078.81
3970.92
2301.33
3705.31
2536.91
2923.67
3881.04
1721.36
1940.59
2643.04
3848.77
2416.57
1795.66
3196.86
1950.05
2548.05
1580.25
4504.63
2656.8
2157.39
2559.26
1655.03
2227.97
1914.86
2024.39
2486.86
2467.02
3686.46
2582.2
3846.8
3191.24
2724.53
2203.92
4613.69
2488.98
2264.88
2739.28
5180.1
2044.06
2424.05
1892.17
2266.4
3460.26
1889.88
2411.15
2306.17
2246.11
2896.6
2182.45
3604.94
1698.47
1364.08
1931.36
2582.5
2381.29
2182.26
3367.45
1352.65
1635.69
1445.59
2264.53
2242.83
1423.67
1679.7
3112.99
2936.11
1413.36
2919.89
2085.47
1854.03
2920.99
2124.63
2013.48
2728.7
3050.92
1929.81
2613.22
1786.17
2453.67
4158.1
2168.03
2236.71
1725.83
1744.59
2369.85
2358.41
3001.35
1948.98
2140.5
1675.06
3820.44
3319.71
2435.44
1920.02
3539.9
1816.98
3016.06
4562.01
2696.36
4894.5
2416.92
2169.53
3134.89
3380.23
1897.21
1159.73
1814.33
2964.17
2398.4
1532.91
2342.22
2461.82
2037.62
2463.26
1494.02
2420.52
2637.88
3445.95
1968.93
4573.77
1703.34
2552.15
4385.61
2301.71
2898.97
2388.78
3322.16
3087.12
2667.1
3027.12
2139.18
2497.41
1925.58
1448.35
2069.97
5366.61
1697.98
1838.17
1465.98
2815.16
2823.83
2675.02
1939.73
1260.97
1922.86
2098.21
2730.54
4548.41
2349.67
5970.56
1397.74
1801.23
3339.64
2420.92
2198.69
2343.39
3930.15
3350.65
2437.19
1915.4
3859.83
6362.72
1804.46
2485.87
1817.06
2136.09
2339.95
4379.54
4431.74
2187.98
6000.63
1863.64
3941.82
2030.58
2750.38
1917.62
2120.01
2535.54
2054.39
2399.89
2155.53
2772.91
2510.99
8121.76
2152.66
1467
1756.81
1617.47
3358.83
7878.2
2488.9
1561.34
2516.87
2342.7
2248.58
2264.09
1951.73
2304.57
2154.12
1986.15
2201.28
2847.38
1496.08
2363.97
2278.54
2626.82
2107.72
2119.56
7488.42
2233.7
2431.19
3351.36
1801.85
1854.86
4386.95
2773.87
2045.18
3022.57
1423.16
1869.52
3227.16
5211.16
4409.55
3207.77
1637.88
4127.19
5123.9
1577.26
2695.81
2671.35
2524.38
1799.78
6954.7
1831
1802.14
2024.55
2525.64
2944.35
3711.86
1621.8
3834.81
2893.46
4326.82
3375.64
3981.04
7536.29
1515.32
1631.24
3213.17
3348.53
1492.56
1656.81
5569.04
4336.46
1659.39
1805.24
1585.67
1899.52
3602.72
1913.06
2780.74
2259.11
2475.77
1971.44
1714.23
3231.38
3156.48
3048.96
1728.85
6476.04
2312.81
2207.03
2231.09
6401.56
2646.72
4462.8
1785.14
2806.86
2382.99
2108.99
2688.09
2701.44
3030.2
2160.82
1622.61
2715.78
1984.38
4159.33
3864.52
2723.5
1965.12
1990.36
2014.76
3002.89
3234.14
1467.89
2501.11
1893.87
2079.07
2392.12
1957.1
2578.3
2075.27
2782.59
2814.93
3667.54
2217.36
4772.25
1852.8
4689.97
2255.45
1768.41
2004.67
1423.64
1852.29
2275.52
2334.77
2090.35
1600.46
2271.39
2758.63
1753.44
2662.79
4211.44
4324.58
2110.98
2270.69
3319.99
1609.57
3502.37
1463.77
2027.32
1379.94
2227.73
4618.91
4057.26
2690.09
1634.02
5136.42
2065.28
2959.55
2722.07
2013.03
2604.01
1988.14
2130.77
2860.41
2664.82
1959.1
2134.87
2820.1
1625.19
1758.54
2658.21
2368.03
2103.12
2825.2
1636.89
1880.95
6861.8
2089.15
5002.05
2328.67
1901.91
2932.6
1905.71
1529.71
2422.67
2281.92
1661.2
6055.09
1747.26
2745.56
2850.25
3485.38
2185.84
3147.29
3380.45
2113.43
1478.7
1655.49
3041.73
2077.91
2155.71
3450.88
2081.4
3113.27
2242.81
1768.17
2263.71
2149.58
1986.71
2701.98
1811.37
2842.53
1594.46
1951.3
2091.58
2783.89
3102.8
1803.78
2482.35
2485.23
2510.66
1583.53
2168.98
2301.08
2455.78
2150.47
1640.1
3249.49
2420.55
2576.65
2431.59
2066.69
2391.45
6814.36
2950.47
1829.67
3639.25
1917.11
3699.93
4630.25
2722.06
2448.33
1785.7
2629.2
2805.17
2369.27
1426.12
2276.83
3174.74
2794.18
1421.02
1988.2
1940.73
2360.03
1653.35
2631.85
9580.01
2022.94
2066.9
1662.98
4158.94
3606.22
2368.84
1848.47
3861.16
4627.8
1683.19
2741.69
3443.52
1858.9
2555
1928.1
3195.76
2109.7
1911.7
3435.84
4610.59
2432.74
3216.83
1571.94
1929.91
3291.99
2238.05
2642.65
2007.67
2285.65
3696.5
1732.03
2731.5
3723.86
2677.94
4412.6
3187.01
4385.07
3106.43
1975.64
2002.04
13290.1
1894.65
2608.31
1524.69
2427.59
2030.5
1881.11
2724.57
1394.85
1856.5
2007.2
1724.91
2609.97
1855.1
2463
2059.3
1807.94
1943.86
2255.79
2883.34
1972.23
1531.85
2593.85
2281.45
2087.93
2020.22
2287.77
2282.38
3125.42
1530.86
3669.95
3971.15
1957.53
3520.7
1267.88
2383.12
1789.01
2582.69
2208.74
1745.31
3057.42
2060.96
2502.01
1786.64
3087.22
2633.62
2865.52
2467.91
4312.83
2199.24
1823.15
1828.13
2809.34
2843.79
2839.33
1421.66
3528.78
2352.5
3916.7
2000.55
2637.55
2081.17
2634.86
3336.68
1470.62
3407.77
3294.41
3464.21
1830.61
2698.74
2434.09
2357.53
3191.58
3869.27
4568.25
3569.3
1761.23
3123.52
3241.97
1866.73
1878.75
3551.21
2911.31
3043.36
3570.66
1975.19
3138.43
1743.19
2341.3
2811.9
3171.46
3860.41
1634.85
1936.77
3002.69
1892.92
1806.96
1890.92
2118.68
3239.85
2938.2
2966.1
5015.43
2319.27
3562.19
1758.14
2323.44
1725.48
1528.74
1396.85
2002.52
2954.37
3848.97
4273.09
1670.87
2255.65
1766.43
1917.38
2388.57
2172.54
3027.65
3462.98
4069.86
1616.47
1886.65
1656.01
3101.54
2404.65
2027.07
3366.02
1688.9
4876.96
7011.22
2484.75
1698.28
2074.24
2369.89
5100.4
2122.58
2150.33
2487.41
4525.1
1755.39
3178.97
3015.99
2366.26
2719.86
3716.77
3225.84
4235.18
1309.92
1992.93
6246.79
2651.91
3936.77
2615.47
2280.24
1579.59
2208.7
1668.2
2330.63
1841.03
2094.8
2462.36
4362.51
2771.48
3963.6
2307.42
2943.25
1906.63
2209.13
3060.74
3192
1747.83
3104.16
1926.72
2010.53
4889.96
2322.43
9604.03
1764.43
3950.92
3826.51
3700.22
1535.19
1804.74
2236.49
2866.93
1721.83
2419.47
2292.44
1624.85
3083.06
2257.21
1586.85
2133.69
1670.09
2743.7
4545.69
3418.42
2673.9
2360.92
6624.78
3153.9
3060.11
2826.71
6366.24
3749.39
1734.81
4747.63
1331.13
1837.54
2533.96
4663.99
3799.43
1365.42
2710.44
2810.16
2857.56
2106.67
2118.36
5370.2
2596.34
3822.41
2597.21
2131.39
6136.35
1989.97
5141.93
2200.01
2233.87
2496.96
2426.29
2670.66
4293.58
3432.37
2987.07
2873.06
1988.98
2137.09
2690.87
4227.43
1789.86
3502.11
3274.55
3591.92
3767.28
3127.05
5637.55
2301.55
4195.73
2435.08
2738.83
5041.18
3361.29
2293.23
2049.52
2664.82
2686.76
2409.57
3907.84
2042.4
2097.34
2535.23
2026.01
2773.66
2114.22
2876.98
4158.06
5196.92
2771.39
2625.72
2172.12
3108.06
1611.26
3360.4
2507.81
2954.5
4735.58
1751.34
2757.13
3690.19
3520.46
8384.97
1834.32
2438.27
5041.49
7190.9
1732.39
2896.25
1686.97
2630.77
3631.69
4283.99
1685.23
2820.18
3720.15
2459.59
2375.71
1964.95
1988.77
1914.38
1811.83
3617.83
4957.98
2148.08
1624.43
3029.24
2584.14
2172.74
1655.64
3211.67
2840.3
2304.8
1268.74
2792.2
3905.41
1443.14
3519.92
2818.08
1693.79
2149.4
2087.82
2227.21
2239.22
1809.68
7648.22
2349.91
2292.17
2124.3
1960.48
2615.28
8355.02
1860.3
4179.01
1758.84
1793.29
2438.99
1479.24
1530.83
2380.31
2006.26
2035.48
2175.68
2546.65
4200.9
2468.68
1747.86
3085.41
2595.08
2193.91
1914.05
2115.89
3686.12
2471.98
2211.69
2340.35
2990.41
2758.91
2867.12
2251.87
4662.67
2173.03
2197.31
4419.33
1963.43
4027.56
1728.68
1468.63
1679.78
1735.84
2351.98
2485.03
2455.46
3773.21
1801.27
3363.5
1728.27
1895.22
2162.16
3247.64
3301.78
3738.14
3702.67
2750.46
2856.18
2686.88
2568.4
3865.72
1595.88
2365.22
1677.93
2610.22
4549.28
3932.14
1893.17
1696.85
1525.52
3323.59
2985.29
1753.84
1970.8
2616.21
1999.47
2235.71
1741.35
2141.32
1790.33
1914.91
1925.02
1482.09
2646.25
1455.1
2476.64
1989.81
2337.5
3002.92
5892.26
1927.64
2536.1
2811.95
2150.24
1889.79
2407.28
2405.13
2757.89
3544.93
3543.77
1509.79
3241.25
4482.6
2439.66
2064.09
1915.11
3554.1
2929.88
2106.46
2033.96
4785.22
1895.13
1821.41
2187.05
3360.11
3402.44
2262.81
2011.84
2316.28
3423.62
4980.42
2529.38
2337.49
6946.77
2012.18
1879.51
2229.86
2507.58
1956.36
1944.7
2467.83
3073.02
2369.78
3004.03
2200.93
2837.2
2431.31
1467.6
3480.37
3594.56
2645.37
2845.68
1921.66
2098.72
4019.45
3156.54
3435.27
3577.91
2700.9
2984.53
1893.38
3415.06
3163.14
2021.59
2358.29
3125.81
3371.68
3123.7
1567.19
3461.46
4349.17
1440.39
2153.65
1867.74
1569.3
3622.03
1838.69
2600.99
2870.87
3184.21
2136.05
1793.22
1685.47
2382.76
2695.3
1952.42
2457.72
1538.48
2255.48
3189.96
2606.69
1719.87
2573.19
1834.05
1785.41
2993.54
3531.59
2130.66
2790.27
2014.59
1640.18
2070.36
3705.77
1884.09
1892.62
2034.82
2667.88
2063.47
2097.99
2936.86
2902.59
2921.38
1731.35
1619.72
2868.44
2654.89
2143.98
2574.16
3339.58
2661.85
1702.59
1833.31
1772.13
1810.84
2620.19
2660.32
2437.43
2201.47
3411.03
1611.5
1880.96
2636.77
2158.86
3398.28
4617.75
3151.9
3414.86
4616.63
2838.31
2512.99
1876.97
2957.16
2149.31
4325.03
2518.43
4206.64
2059.62
2865.78
1473.27
3150.91
2228.26
1626.25
2193.1
3004.89
5433.21
2099.57
1381.44
3512.95
1574.55
2995.07
2661.16
2491.21
2300.27
3187.54
4093.57
1879.09
2000
4238.74
2993.69
2117.39
3336.25
3886.84
4513.84
1690.06
1975.07
2796.55
2363.43
2191.87
2710.66
1873.53
2472.74
1935.77
2341.65
3225.16
2362.38
2019.97
3023.44
2196.07
2764.46
2830.58
3058.84
3077.43
2479.8
2123.49
3482.1
5910.21
2945.27
2581.63
4170.09
2023.6
2977.58
2780.07
2269.27
2876.42
2508.22
1955.07
1801.63
2947.22
3239.71
1422.04
2158.58
2411.93
2627.83
4130.28
4519.13
3089.24
1629.01
1097.79
3736.63
2302.33
2359.61
2992.02
3825.86
2597.14
4589.6
3027.42
2870.97
1914.54
3070.22
4056.14
1939.49
2543.98
1765.85
1581.44
5816.15
2583.31
1438.34
1519.54
2800.49
1492.19
3284.66
1211.03
2059.07
1597.91
3556.01
2630.24
2034.97
3266.96
1668.87
2943.31
1596.77
4469.04
2124.09
2479.78
1757.56
2012.8
2708.96
1825.45
1515.13
1776.65
2699
4984.58
2171.32
2539.22
1854.16
2704.66
2053.23
2588.29
4557.91
2075.26
2624.19
2562.65
2389.46
2029.4
2066.96
2713
2214.47
2947.11
3180.94
2242.43
2227.12
2000.67
2782.08
2821.26
2978.34
3348.43
3373.86
2547.82
2225.28
2077.67
3413.32
13755
1472.33
5833.43
2567.6
4484.02
2036.04
2516.64
1873.4
1800.15
2945.08
2422.76
2218.08
2560.99
1963.83
2995.89
2703.51
2528.67
2999.18
2602.9
2181.85
2668.08
1970.66
2949.55
1706.7
3411.68
4236.6
3347.33
2432.23
1239.99
5794.43
1392.91
3528.39
2041.69
4360.56
2043.85
1679.34
1918.91
1856.45
5381.45
1784.37
1732.85
3189.88
5230.67
2047.72
2760.69
1905.14
1947.76
2585.24
1883.93
2155.64
2028.74
1459.65
1906.01
1583.37
3146.13
1442.67
1410.02
2870.51
2304.11
3239.92
5439.02
3872.21
3456.68
1901.2
2374.68
3698.23
2055.68
2013.92
2707.86
3233.52
2307.22
2675.22
4139.81
2149.96
2161.08
3529.95
2215.84
2388.43
2772.64
2239.48
3204.33
3658.19
3328.83
2498.2
4411.39
1431.39
4331.65
3329.83
3965.46
3008.72
2685.95
2786.11
4497.13
3765.78
2360.38
3308.76
4518.41
2289
3057.05
1678.29
2723.04
2361.94
2882.33
1746.01
1785.44
2021.49
1850.38
1644.79
3822.65
2722.72
2306.78
2532.96
2116.57
2223.11
3256.1
2827.22
3044.28
3049.92
1820.05
2775.13
2267.5
3265.66
1927.93
2211.76
1829.37
4464.52
2773.66
2560.47
2426.75
1807.92
3655.1
1866.06
3125.39
4550.97
2012.5
2857.77
2375.04
8317.38
5723.88
2474.29
2525.34
4400.49
3333.41
1705.51
2227.52
3260.91
2674.64
1678.13
1695.87
2178.75
2754.81
1854.23
1414.59
1428.05
2807.06
1927.53
2149.21
1988.94
3394.01
2187.77
2121.57
1307.75
4805.12
3109.52
2005.87
5109.96
2671.32
6224.71
2209.64
1776.21
2339.12
2091.91
2337.75
2094.3
1961.51
2505.48
3242.63
2044
3013.03
4220.21
3044.81
2490.22
4047.94
1894.45
1571.78
3105.89
4658.86
5246.13
7948.2
4621.62
3019.52
3759.31
1813.25
2024.2
2392.8
2997.23
2042.89
2999.46
2044.6
4618.35
1762.29
4422.75
2311.29
3444.57
2264.46
7224.82
2323.3
2885.84
1711.57
1781.27
1796.61
2565.5
2692.95
4182.57
2978
2423.66
2091.13
4362.87
1306.52
3787.05
3810.27
2612.75
2491.49
2428.76
2934.36
2445.96
1841.29
2700.9
2444.44
2094.33
4156.19
1557.44
1664.6
1862.78
1691.51
1573.48
3719.81
3218.99
1962.44
2377.48
2276.68
2538.89
2515.32
2767.77
1712.88
1717.24
1286.06
2149.54
3561.84
1406.58
2057.97
2669.74
2072.25
1355.77
2222.95
1587.66
3962.52
3150.03
1882.69
9828.97
3472.38
2308.49
1971.43
4228.7
1855.66
3028.21
3771.59
2292.12
2836.83
2559.91
3849.18
2167.57
3210.5
2918.9
4315.47
2146.87
2724.22
2825.21
2672.03
2427.56
2873.96
1939.99
2764.75
1935.2
1479.35
1965.23
2821
1696.13
1467.09
2069.61
2284.05
3677.54
2651.73
3122.08
2637.53
1955.06
4045.57
2296.16
3198.13
1626.99
3097.61
2328.99
1578.66
3074.99
3071.57
4077.56
2550.8
2922.44
3893.87
2498.37
4314.93
2991.72
3263.48
2564.73
2050.65
2603.97
1468.2
2961.98
1371.47
4486.17
2153.26
2730.07
3384.66
4937.99
3025.64
2243.49
1664.92
3185.22
2748.98
2235.52
2248.52
2729.23
4095.62
1858.2
1468.81
2616.45
4758.85
3370.09
2433.06
2253.31
2978.84
1854.1
1703.36
3344.04
2449.59
5569.95
8234.32
1839.71
2409.43
2196.55
2341.4
1624.93
1493.4
4669.53
3728.56
2559.99
3154.09
2470.03
2025.02
2419.65
1695.02
2441.93
1868.19
3371.91
3583.03
1601.18
2097.77
2548.92
3318.32
2806.97
1388.96
1713.6
5105.62
2055
2358.82
2825.86
2975.99
2672.81
1470.68
1960.4
2136.79
2114.39
2453.69
2108.38
1783.28
2086.52
2574.68
2897.8
1642.78
1592.35
2825.1
1685.85
3301.74
2207.24
1655.19
2232.59
1477.71
3394.14
2616.47
1443.75
2346.24
3271.71
2220.12
2094.82
3158.51
1449.86
2832.15
4610.75
2439.4
1706.57
1812.06
2070.72
3629.69
1800.13
2970.15
2957.78
3201.68
2211.53
1372.8
1891.48
1761.72
2982.77
1982.22
2948.5
2366.46
2536.99
2437.84
2554.24
3121.77
3410.61
3387
4827.71
3474.72
2589.23
1864.81
2539.55
2599.15
2201.17
4737.11
2773.1
1995.88
1461.4
2201.8
2283.7
2361.58
1925.91
4544.26
2697.35
4786.89
3212.81
3933.96
2485.55
1478.13
1443.67
2987.32
3254.45
2489.82
1892.43
2173.63
1941.39
1758.8
5126.94
3045.88
3652.88
2167.36
2655.77
1742.77
2771.26
2733.66
2638.33
2110.41
2510.64
3784.53
2192.4
2412.66
2679.98
2383.91
1792.03
3194.97
2901.98
2629.03
3345.89
2606.59
2078.11
4239.62
2469.42
2705.86
2669.48
2374.02
3064.74
3014.06
3427.65
2296.19
1740.88
4842.7
3010.52
4079.77
1810.16
2218.99
3538.23
2154.07
5079.09
3639.91
2235.38
1285.54
4941.66
1642.96
4053.81
2650.29
3455.12
4470.68
2764.12
3407.04
1909.71
2000.85
3206.01
2532.74
2456.84
2993
4508.81
2606.89
1744.79
3211.25
1886.85
2566.61
3244.45
1432.81
2725.92
1882.47
2674.01
3165.91
2639.21
2397.99
1480.9
2123.44
1774.17
2175.26
2239.11
2251.99
1939.9
1669.43
2858.84
2238.97
3079.43
2618.53
2083.45
1969.17
2930.92
1918.84
1800.96
2426.79
4006.81
2158.44
1614.77
3348.73
2326.11
1917.51
3424.16
2321.21
1856.25
1664.91
1826.87
2160.53
2850.45
4241.16
3263.09
3478.11
2908.08
1926.85
4920.29
5052.35
6853.01
1481.29
2021.53
2497.43
2423.26
2446.12
1411.43
2419.51
1775.96
4398.06
1891.36
2031.9
2196.17
2218.76
1233.91
2081.93
1401.32
6874.73
3096.65
2273.84
2027.9
3682.59
2054.13
2167.01
4809.12
2342.85
3595.67
1927.69
2216.08
2188.07
1819.89
2132.12
1747.28
3835.97
3253.24
1744.98
2074.98
3800.78
1962.02
2511.67
1577.34
1734
1830.44
3211.68
2698.15
2168.33
3090.77
2607.31
2087.58
2645.35
2393.78
1187.1
3971.66
9347.57
2970.63
2470.32
1707.98
2933.65
5278.91
1496.79
3250.84
4240.05
3022.74
3350.3
3029.45
2505.19
3608.11
3010.52
2531.78
2264.61
3451.72
1660.45
2359.6
1831.51
2169.82
7087.69
2661.58
6362.6
2448.37
2951.06
1802.76
3415.13
2234.03
3066.24
2846.79
2409.86
2588.74
2920.82
2933.54
2913.88
1648.41
2295.75
2290.62
1422.39
1975.36
4629.16
2931.45
2062.14
1650.78
2193.13
1989.63
2335.37
1795.03
3919.27
6095.92
1560.49
1786.21
2132.02
1905.64
1860.98
2660.22
2332.77
1344.15
1817.24
1920.46
1845.99
2009.98
2075.17
1612.29
2061.83
2319.6
5559.97
2222.29
2196.86
2180.58
2955.49
3029.23
3341.53
1863.48
3965.37
1510.37
2221.06
3213.37
1418.52
1769.04
2841.5
4373.38
4641.89
1926.55
2426.83
3638.3
4064.46
2009.63
3630.62
2622.85
7256.16
1797.9
4553.81
1522.11
3310.88
2339.26
2487.04
2183.65
2188.85
2598.21
9281.53
7076.93
2324.02
3089.02
2849.86
2548.42
2205.01
3206.37
1743.66
7205.69
2218.69
1785.35
1929.18
4535.52
2562.37
3635.86
1877.2
3895.42
2757.17
2689.85
2900.81
2604.8
8983.27
2139.28
3770.73
2921.89
2685.9
1903.39
2935.3
5575.04
3019.59
2905.49
3032.86
3047.42
1926.92
2113.51
2431.33
4668.78
2591.73
2879.96
1990.1
3460.23
1792.15
3038.38
1513.92
1889.49
2092.77
2369.3
2475.24
1729.18
1983.58
1913.72
2708.67
2535.51
2227.75
5100.66
2487.62
5166.94
2487.94
2543.29
3012.11
2438.74
2500.55
2863.76
1258.34
1929.27
1684.68
4436.71
3533.47
1862.47
1920.07
1821.59
3536.44
2370.18
2520.2
1605.67
2089.74
1992.88
1865.07
3507.89
2220.23
5342.58
7668.4
1766.57
3125.57
1330.98
1846.33
1838.81
2325.6
2931.48
2655.73
3680.87
2177.44
2199.43
4339.57
2002.21
2112.35
4632.88
3079.37
2083.52
2646.11
2322.53
3208.43
1655.87
1707.74
2518.94
3226.32
8587.24
2622.05
1972.74
1930.65
1556.32
1865.07
2738.04
1777.21
2642.89
2623.79
2761.58
2918
2219.1
2759.04
2345.83
1837.26
2220.23
2841.64
3985.99
2532.11
1931.4
2208.95
3636.95
4987.05
2577.32
2048.78
1979.63
2429.77
5051.98
2095.87
1445.21
1885.18
1590.3
5639.08
3136.49
2560.88
2764.94
2155.69
3704.41
3508.55
2473.62
1945.66
2087.55
1987.16
2789.68
3977.83
3775.44
2052.99
1740.58
2051.46
3159.56
6029.34
1707.56
1549.26
4793.49
2049.17
1651.56
3508.9
1660.97
2206.96
5017.68
1648.35
2107.23
2905.1
4815.61
2149.98
2668.3
2312.55
2305.16
2300.43
1249.45
2271.69
1856.38
2286.61
2512.4
2169.06
1942.43
3318.07
1914.8
1659.05
2113.15
2095.34
2769.49
1887.09
1940.29
2024.58
1978.26
7734.02
2505.68
2035.14
1829.86
2077.63
2735.31
2410.61
2286.6
2665.43
3907.16
5135.45
3483.72
1931.93
2021.43
4972.55
2874.81
2272.38
3618.54
1665.36
3715.91
1786.76
4001.85
2166.61
2617.19
2872
2561.38
2019.39
2261.74
1574.82
3106.84
2629.34
3738.22
2961.78
2219.9
1978.91
2118.72
2795.18
1884.13
1928.71
1888.56
1930.47
4604.03
3366.33
1799.73
2190.33
2144.06
3592.99
2166.47
1484.3
2909.77
2222.35
2420.92
2287.35
5480.27
1856.2
2531.98
2324.11
2845.67
4168.69
1619.85
2029.38
3341.93
2880.79
1346.99
1935.48
7201.82
2960.76
1456.82
2821.51
3015.81
3819.89
3706.84
2722.6
2792.51
2244.76
3393.42
2053.93
1619.65
2638.19
1834.27
3307.98
1547.3
7226.31
1712.17
2026.58
2405.4
2575.43
2349.55
1999.97
3018.96
3308.78
2170.51
1584.29
2760.23
2294.46
1695.27
3977.55
4502.42
1986.73
2865.63
4512.82
2034.88
2285.06
2072.43
2953.97
2382.36
3344.04
7199.9
2772.51
4836.85
2494.17
3168.19
2815.85
2692.67
3539.92
1690.99
3748.82
1943.83
3959.05
1690.17
1633.94
2347.14
2266.48
4463.25
2654.84
1703.99
1522.17
1595.51
4156.53
2341.23
2619.32
4581.45
2278.93
1962.01
4922.32
2202.42
4771.75
2440.36
2196.79
1779.31
2090.36
2579.22
1975.85
2681.74
2245.89
1936.94
2342.09
2832.03
2151.1
3040.54
3073.98
1974.45
3164.98
4871.64
2452.1
1527.07
2171.94
3188.71
2622.01
1668.02
2218.57
3868.06
2853.32
2056.09
1880.37
1802.23
3864.45
2898.78
1533.95
3420.77
2340.88
5022.41
1973.75
1822.5
3228.9
2618.07
2621.5
1896.44
3505.73
1599.33
1590.21
3108.52
2538.79
1897.53
3357.04
1638.81
1772.48
2510.05
1895.96
5916.41
4062.39
1750.78
2466.38
4632.98
3171.34
4096.91
2877.98
2973.46
2914.17
1697.98
1986.49
2203.18
1867.18
3846.09
2992.36
2849.35
2763.94
2305.6
2206.22
1949.01
2175.26
2151.33
2689.65
2941.38
2448.1
2772.13
1881.03
4854.2
2175.33
1847.38
2820.91
2249.28
1868.15
2265.76
2107.54
5468.02
4694.77
2646.71
2091.55
5304.95
2901.23
3102.55
2830.11
2340.81
3148.65
1912.63
3756.77
3948.67
2269.55
3213.71
1435.95
2723.05
1419.67
13418
3166.13
2544.86
2736.32
3196.94
1840.48
2789.79
2887.38
3208
2755.59
1452.63
2112.41
1847.96
2812.72
1659.72
1966.2
2682.53
2569.04
1946.04
2650.96
4329.67
2395.19
1823.84
3137.69
5193.71
2396.52
2364.09
3017.96
3195.48
3705.48
2369.91
2793
1501.19
5439.28
2419.91
4613.85
2555.13
1893.73
2333.84
2215.85
2723.71
2874.51
2056.19
2527.03
1621.85
2740.89
2441.03
4842.25
2532.35
1987.47
3378.21
1582.96
1809.59
2179.53
6122.43
1311.02
3315.14
2637.76
2718.62
2879.05
2204.98
2693.73
2360.1
1703.57
2193.75
1600.18
1979.76
3183.66
2973.74
2117.84
2319.5
2728.09
1905.96
3121
3352.33
1742.95
1932.8
1740.12
2823.82
2388.76
2502.39
7783.9
2038.21
2658.95
1906.64
3507.11
2461.04
2850.45
2589.49
3364.68
2468.3
1965.66
5071.5
3553.78
2235.95
3570.12
2406.45
1939.22
1514.72
3971.45
1850.91
2693.09
3906.01
2610.61
4561.76
1654.17
2799.53
3838.65
1797.35
2040.68
2356.55
1950.58
2585.18
1955.39
2394.31
2808.97
3609.43
4767.23
2093.96
2885.46
1915.71
3070.77
2403.28
2839.18
2443.5
2304.81
2537.33
3472.61
2278.07
3189.16
2108.33
2796.19
2982.31
3657.73
3472.49
1774.25
2059.78
2472.26
4545.02
2724.61
2430.45
2050.79
2124.03
1625.53
2769.55
2942.37
1845.51
1724.28
4936.07
1955.72
3105.57
3748.28
1863.55
1914
2459.74
2776.4
5327.34
2747.07
2302.79
4385.31
2329.3
1925.43
2724.27
2161.39
1945.19
3052.67
2350.21
3112.12
5945.84
2843.32
2021.75
5224.23
1990.39
1646.15
1521.01
2493.59
5740.95
1752.69
2732.72
6859.23
3063.66
2039.84
1823.35
1758.67
1879.33
2171.45
2142.51
1585.04
3336.88
3689.16
3474.32
5341.65
3617.95
1541.69
4958.38
4926.99
2164.2
3934.85
1883.66
2586.48
2483.81
2102.9
3291.34
4513.55
1621.29
3741.56
4319.71
1674.4
2472.88
2031.23
2152.8
2399.51
2006.01
1819.58
3125.17
5588.31
4909.49
2308.83
2038.33
2290.67
1720.57
1699.07
2394.83
2798.12
1640.91
3180.94
2087.08
1932.26
3005.6
3638.63
1815.77
2393.78
3080.82
1576.63
2093.16
3299.47
2087.76
3881.83
2437.85
3864.91
2915.17
3579.77
1989.21
1542.49
3177.2
2006.05
2061.05
2748.8
2723.56
2104.8
2798.32
2445.96
1809.12
3652.65
1438.59
6248.33
4048.3
3250.98
2654.23
2223.92
2307.47
1422.48
3058.86
2465.64
5691.77
2474.08
2546.06
1956.46
2657.68
2862.64
8325.07
2782.83
3281.53
2055.59
2643.13
2446.26
3413.64
2145.48
1506.33
1845.56
2660.51
1997.89
2340.42
1894
3287.42
2392.5
4687.07
5644.97
3273.61
2726.2
2576.61
2034.14
2333.94
3896.09
4411.26
3395.84
5176.12
2751.47
1999.83
2672.42
2551.02
5695.42
2740.07
1861.49
3138.62
2346.84
1889.66
2960.94
1891.86
2547.64
2123.51
2542.19
2308.29
1849.78
2976.28
2229.66
1610.17
1670.88
3592.68
1903.49
2359.43
1480.9
1790.94
1920.05
1778.15
2160.84
2413.72
3739.35
2425.42
3277.03
1459.28
1594.98
4831.55
2093.91
2881.67
1403.53
1931.35
2518.48
2300.41
6118.14
2685.8
2327.8
3173.37
1901.26
4684.17
2061.32
2225.84
3475.12
2830.86
7469.8
2140.88
2315.02
2165.51
3462.69
2773.91
2603.74
3003.45
1497.56
2470.46
1440.83
2006.69
4155.4
2945.1
3118.63
1881.4
2638.35
2242.69
3069.23
2177.79
1740.19
2314.08
4930.43
4483.69
3016.11
3055.52
1541.41
2402.74
1618.44
2837.4
2663.43
4169.62
3715.62
2067.77
2685.14
2818.4
2050.35
2019.17
3413.81
5924.85
1941.29
3439.33
2404.02
2401.52
1823.92
1649.36
2460.55
3912.84
5794.85
1556.45
2264.31
1605.15
2501.51
1801.02
2603.31
4398.75
1927.2
1641.65
1879.17
1774.9
2099.07
2198.81
3349.08
2826.96
2630.86
1481.02
2229.71
2137.06
2644.29
1928.3
3042.26
3107.07
1683.9
2705.04
2180.72
5962.05
3112.14
6298.69
3360.95
3447.5
2157.64
2095.91
1863.49
2154.43
2148.34
2065.51
2384.35
1758.55
1519.57
7866.69
3802.42
3781.08
1809.68
3647.31
2199.1
2008.62
1641.46
2200.8
3667.64
2439.16
2012.06
1853.08
2548.81
3075.55
2119.9
2341.99
2995.45
2385.67
3219.52
4112.59
3440.39
2641.59
2399.22
1752.57
2575.47
1992.67
1785.63
3071.71
5291.29
2078.53
2975.18
1356.56
2042.5
1781.33
2297.13
1953.36
9610.27
2379.45
2869.85
3784.73
2051.93
1926.73
2455.72
2435.39
2401.77
2653.42
2330.7
4166.21
2134.69
3901.04
9416.64
3556.72
3608.1
2548.78
5167.15
2417.92
2214.42
4339.94
2714.08
1618.09
2252.19
2663.52
2281.49
2216.45
3235.11
3410.08
2279.17
1617.89
2232.46
1923.34
2369.34
5871.85
1652.99
3299.58
4008.11
2307.43
4370.19
2603.07
2231.88
3332.64
2814.39
1595.83
2389.88
1840.11
2130.42
9891.28
3260.51
4277.13
2903.19
2085.28
2450.12
2222.59
2791.14
1948.26
5831.13
3379.96
3287.15
2793.39
2092.04
1555.38
2415.1
1667
3886.78
4299.11
3827.35
5577.94
2452.31
2007.41
4192.79
3920.37
5185.13
2052.65
2183.03
1461.29
2182.53
4226.23
2559.99
1329.02
1413.26
3202.08
3234.97
1812.27
1733
2020.86
3692.43
3465.75
4227.4
1701.98
3631.75
1678.86
2384.86
2993.5
1988.07
3275.14
2227.28
2643.26
2232.63
1891.85
2585.85
3743.21
2763.96
2621.19
2163.25
2730.71
2750.59
1527.5
1965.7
2983.63
2719.5
2704.57
1550.44
4656.91
2631.1
3792.78
2264.92
2051.8
2327.75
3948.01
4827.72
1555.15
2069.74
3849.71
2766.39
3089.77
1545.65
2435.84
4644.65
3391.57
1999.63
2993.11
1716.61
3851.16
1780.51
1875.98
2802.79
2559.29
2784.35
1726.98
4650.33
3370.4
2771.43
5438.03
1830.05
2244.45
2665.25
1318.31
2196.72
1826.14
4030.68
1726.15
1862.77
2179.57
4897.33
2329.13
1679.54
1538.58
1781.29
4585.23
2424.34
1722.47
3874.88
2880.25
2021.98
2295.39
2869.81
1502.14
5459.05
2524.64
6373.53
1669.02
7380.25
2589.76
2223.4
2808.15
1664.13
4052.57
3594.86
2419.38
2274.14
2371.52
5713.34
2904.76
1589.2
2352.96
1977.17
3658.49
2852.24
1514.86
2299.21
1846.09
3807.41
2963.49
1949.93
2739.3
1765.72
4221.88
2524.63
3927.77
1925.31
1404.27
4765.64
2177.76
1899.62
1808.34
2288.63
2763.12
2233.66
5836.14
2392.6
4805.25
2406.54
2208.97
1794.9
3465.82
2091.21
2241.41
2084.74
4648.66
2359.38
1841.44
3810.03
2950.18
2246.41
5488.17
1537.98
3072.88
1851.54
2028.57
2152.36
4041.01
2056.17
3748.96
1698.29
1974.35
3167.09
1997.66
2739.9
2652.8
2093.84
2330.74
1735.18
2538.18
2627.91
3105.76
2292.59
6403.89
3385.9
3086.1
1662
4376.68
2231.67
6063.41
3044.7
2444.87
1888.14
4831.32
2086.82
2312.16
3547.25
2117.78
6532.45
4243.94
2283.2
2383.35
2969.42
6930.24
2483.4
3111.93
2279.35
1751.96
2604.61
2413.51
1724.83
4391.24
2348.64
2270.01
2525.1
3267.6
3214.28
3205.24
1957.86
2207
2507.51
2065.24
3899.95
2505.3
1706.68
5344.17
2169.68
2409.88
1688.51
2076.41
2725.03
2391.68
1521.25
2480.95
5453.72
2146.57
1827.47
2508.02
2639.77
2493.34
1903.14
2226.28
1594.15
2205.97
2163.93
2067.68
9750.65
1881.28
3047.95
2690.85
1649.23
3177.19
1825.78
2505.41
4851.4
4005.14
2504.72
2102.84
2351.07
2297.58
3174.77
2404.92
1706.77
2178.05
16045.3
2566.79
2256.41
2146.52
3428.13
2102.07
9718.15
2544.42
2137.59
2072.86
2829.93
2768.48
1756.58
2587.34
2506.66
3476.05
2306.13
2736.52
2285.54
4730.97
3213.68
1872.01
2268.62
2528.69
1979.02
2169.14
3108.28
2060.76
3752.93
3366.33
2693.57
2547.08
3077.45
1741.01
2908.39
2216.33
3069.04
2893.46
2742.62
2752.38
2110.43
1849.46
4324.73
1991.89
3410.5
3151.14
6115.26
2820.49
1861.1
2822.91
2532.77
9019.97
3841.83
2669.76
2289.49
2399.66
3348.78
2179.26
3212.54
2773.99
2019.29
1140.43
3661.26
2072.71
2074.58
2441.3
2040.44
2038.48
2111.98
2161.99
1532.53
1775.97
2078.65
3897.84
2278.47
2251.51
2214
2709.36
3318.44
2879.33
3452.92
2295.09
2989.97
2190.86
3967.78
1492.76
2340.04
1975.89
2305.41
2125.24
2067.75
2107.28
2296.1
2871.57
9410.48
2721.14
2239.66
1855.76
1965.74
2025.08
1816.79
1642.42
1776.81
4065.41
2477.5
2072.82
2731.53
4646.49
1750.63
2803.79
2529.25
2745.62
3692.81
3073.01
3549.17
2420.05
5927.65
4095.88
2449.99
2279.84
1957.91
2134.56
1816.67
2915.94
3818.89
2224.8
2658.34
2732.87
2711.72
3020.3
4780.02
1891.22
1856.82
3513.76
1618.37
2323.35
4281.76
2237.12
2063.51
2437.03
3486.53
4609.05
2392.64
1931.34
1684.42
4187.77
3707.23
2126.54
4022.89
3072.25
2806.51
3766.38
2499.47
5244.54
2289.9
3416.05
2109.4
2588.44
2306.58
2177.18
3980.38
4383.99
2838.36
2406.38
2626.48
2540.42
1712.14
1894.82
4343.1
3335.93
3305.61
2504.2
2163.1
2724.16
2690.49
1696.81
2550.89
1975.27
2876.86
4661.22
3437.41
2748.34
2008.79
2753.72
3297.4
1842.1
1922.09
3559.94
2864
1826.45
3022
2118.06
1982.81
3937.62
2555.8
2662.42
2357.88
2852.16
1428.02
2230.95
1908.11
4292.56
4086.73
2354.42
1822.39
2727.71
2624.72
2370.78
5904.88
1973.29
1577.47
3851.12
2494.96
2821.17
1654.39
3629.32
1805.88
2712.34
3120.68
2607.62
2240.07
3116.87
2747.82
1792.23
2551.56
3290.86
2411.5
2158.11
3962.63
1518.23
2213.11
2805.91
2771.42
3272.56
2925.16
5272.03
4390.99
2012.43
2133.43
3968.16
1945.69
1893.43
2893.68
3905.92
3714.05
2836.21
1403.85
2713.24
3426.43
5145.77
1608.86
2349.75
2444.32
2020.79
2362.59
2732.1
3760.93
2830.77
2221.49
2123.3
2253.54
2258.24
6384.88
2853.82
2255.36
2808.7
1967.08
2477.58
1549.19
2098.71
1987.34
2278.36
2385.98
1991.63
2372.72
2742.95
2666.52
2269.8
3330.75
2624.26
3062.7
2227.42
2793.02
1622.2
1563.43
2448.09
6394.65
1801.64
2226.33
2145.39
2044.83
2314.17
2412.72
2221.85
1711.2
2574.67
2942.96
2867.41
1796.15
2230.31
2877.52
2141.65
2179.4
2387.14
2475.21
3111.06
3989.49
2466.64
2683.67
2418.33
5874.92
1748.79
2888.64
1991.71
3523.25
1496.44
2130.86
5112.89
1611.74
2280.05
4851.9
2636.35
2650.55
2295.04
1733.93
1666.77
1970.95
4320.72
2722.11
6248.95
2771.06
4961.8
1706.98
2116.2
2051.02
3353.13
2451.21
2090.5
2118.43
1112.74
3526.58
4803.36
2051.74
2362.02
2185.65
5993.24
2831.4
3507.97
1628.66
2659.71
2183.17
4212.85
2156.97
7409.32
1594.13
2211.52
4415.19
3241.89
3297.6
1926.99
3061.77
2114.65
3076.59
4602.32
2062.76
2223.33
5468.35
2158.67
2072.34
2672.18
2795.82
2266.74
1865.73
3598.12
4776.63
2150.49
3664.16
2060.18
2481.13
2209.65
3154.23
2754.23
3732.42
4071.27
2785.12
4118.19
2251.05
2302.62
3271.18
2507.71
2283.94
1973
1326.1
3796.98
3209.39
2878.59
2610.09
6100.54
3780.54
2665.56
4203.42
2623.06
2595.66
5424.81
2476.48
3910.01
2175.83
2396.83
2646.27
2176.19
1439.11
3065.07
2392.86
2922.74
3088.37
2838.52
4837.28
2410.33
2711.18
2213.29
1871.18
5679.3
3773.82
1840.48
3215.25
2098.78
2452.68
2758.44
2481.9
2409
2105.61
1933.36
3053.19
1974.33
2747.72
2366.99
4443.89
2910.88
2880.41
1953.18
5842.95
1822.68
2619.64
2696.92
1969.4
4274.54
2468.8
2586.83
2447.27
2240.01
3760.81
1638.66
1849.37
2723.02
1371.57
8614.64
3401.27
2175.35
2701.89
3419.9
2290.87
1772.89
1800.29
3322.64
2719.11
3025.23
2793.75
4621.41
1991.63
2277.86
1468.28
4720.72
2124.07
1766.48
2969.99
1523.63
2527.94
4296.22
3188.04
2935.68
2360.43
1764.75
2738.65
1971.37
1594.09
2550.03
2248.2
2046.33
4257.94
3666.77
5082.45
2906.07
4584.08
2490.44
3413.68
2748.25
1540.04
2556.99
2150.01
3157.24
2772.77
2738.52
4261.52
2614.68
2140.55
3055.04
1642.62
1327.63
1502.78
2746.53
2895.04
2076.87
3145.46
2419.02
2734.96
2649.26
3930.61
2882.65
3678.08
2532.67
1843.88
1694.7
1828.57
3591.55
3083.16
1601.26
2166.24
2728.76
3600.16
2601.94
2289.45
2117.47
1936.19
3027.74
1978.96
1857.7
1919.56
2002.47
4524.88
1877.85
1654.27
3520.96
1945.37
2633.99
3000.95
2553.88
2469.24
2592
4614.34
2010.02
1772.28
1874.38
3227.03
3403.87
1874.89
4182.07
1825.58
2765.98
3224.33
2333.2
2139.13
3194.18
2996.4
2009.74
3494.7
2233.96
3119.98
3446.95
2166.42
2598.1
2242.2
1833.14
7662.08
3543.86
1885.23
2604.95
2193.99
1492.82
3625.24
3585.15
3065.43
2573.95
2473.22
2125.7
3208.98
3578.65
2747.95
1792.69
2760.33
1633.33
1836.53
2611.33
2252.3
2615.61
5020.71
1904.42
2542.56
3016.62
2437.38
2461.23
2096.3
4019.71
2022.93
1639.88
2658.07
4098.74
2947.19
2663.17
2178.01
5352.76
2283.24
3009.21
4283.8
9064.18
2768.85
3427.14
3053.44
2207.31
2947.64
2276.26
3211.63
2136.3
1756.24
2700.56
1479.71
2006.96
2773.04
2584.57
2788.32
2645.19
1759.48
2334.67
1835.33
2026.62
1335.87
2521.75
3462.06
3025.52
2616.3
3125.73
4660.83
5134.65
1851.75
3747.98
3506.51
2902.76
2544.61
2389.21
3067.79
1717.93
4704.86
2945.4
2005.65
1909.24
2213.28
3892.62
2020.02
2257.62
1611.73
2746.59
3560.41
2135.61
2522.75
4636.64
1698.68
3262.3
2364.5
2249.37
2104.61
4523.13
2264.28
3564.35
2040.77
1972.58
2204.05
2241.29
1981.47
3511.92
4329.67
3165.74
4081.85
2246.39
4019.2
2297.5
2923.23
4479.09
1773.78
1830.45
2844.46
2427.88
2430.91
2480.36
1819.09
2907.73
3116.63
1620.39
1704.54
1745.39
7483.86
2773.93
1978.67
4265.8
1531.8
3587.75
3270.29
3049.06
1552.07
3988.82
1917.57
3102.72
2881.35
1825.7
2536.31
1561.12
2051.93
2774.46
2930.38
2787.09
4048.85
1527.48
1506.23
3527.25
3128.87
2070.22
1933.62
1991.62
3203.82
1927.88
1382.7
2482.77
2710.92
2550.46
2046.31
1736.32
3244.36
1982.27
3403.77
5423.11
2459.18
6910.93
3514.59
2652.51
3993.59
1828.89
1714.96
3805.47
1975.56
2605.31
7572.86
2635.34
2447.24
2563.34
1812.72
2050.38
2419.66
3001.92
2377.23
3547.21
2255.22
2183.74
2011.5
2654.42
5287.34
1691.08
3006.44
4766.72
2612.63
2483.17
3431.59
1805.55
2440.34
2987.19
2978.21
3267.77
7945.18
2778.68
5363.82
1968.1
3938.73
3040.31
2076.01
4344.1
2479.15
2339.95
4780.69
2930.12
1346.49
5350.69
2191.67
2468.08
2302.28
1555.24
8972.03
2717.41
1889.48
2174.64
3254.24
2265.54
1752.55
1855.52
2095.13
1946.02
2897.3
2663.14
2940.29
3185.98
5004.7
2384.75
2702.77
1833.97
2939.54
2717.17
2343.36
2568.56
2685.36
2298.86
2378.33
2735.47
1700.72
1919.73
2163.93
3794.93
1736.52
4964.81
1843.98
1772.9
2090.84
5508.06
5885.42
2959.03
3829.23
2477.58
1563.75
1925.47
1676.84
1506.52
1714.65
1986.6
2200.3
2837.48
3263.29
2487.98
2654.72
1974.18
3225.04
2042.4
1559.16
2942.22
1970.28
3056.91
1313.62
3241.12
3343.29
2014.7
2014.58
1770.62
2045.47
2526.85
2548.48
4954.41
2231.85
1892.63
3118.93
2076.08
1748.94
1804.58
2154.94
1890.67
1514.74
2158.76
6148.05
1587.73
2322.14
2376.36
2582.95
2162.04
2829
3069.73
3126.25
2513.08
1786.6
1697.7
2599.12
2403.01
1747.12
1923.57
1851.54
2651.5
3635.6
2608.32
2459.17
2367.16
2081.06
4165.81
2428.19
3646.82
1731.85
2345.99
1680.56
3727.79
2210.47
2035.49
1315.53
4520.58
2958.07
2585.59
4666.24
1746.84
3042.2
2171.57
2173.73
2720.51
1871.42
2305.34
2510.48
3997.74
2023.97
1983.29
4134.54
3067
1555.93
2001.94
2676.87
2746.6
1954.85
2473.53
3564.25
1544.64
2334.33
2258.36
1831.41
3150.68
2901.63
1974.9
2880.1
2137
1592.98
4361.25
1829.89
3012.39
1601.4
2624.88
2423.54
2100.3
2129.48
2526.77
3548.71
2001.91
2702.67
2435.58
5387.08
2633.35
3444.93
2287.44
2922.05
2396.38
4919.8
2345.83
1799.56
3647.75
2068.61
1426.2
1780.49
1697.04
3902.6
2340.67
2371.96
2662.15
2347.64
