1212.35
2029.93
1906.86
1624.97
1767.68
2421.16
1473.08
1930.44
1339.42
2721.02
2956.99
1609.2
1575.46
1710.37
4153.13
1906.32
2455.26
1903.57
1394.19
1815.05
1107.94
1679.75
2270.28
1474.86
2222.48
1988.07
1367.54
1604
1331.38
2003.03
2507.45
2215.23
1606.59
2826.32
4111.42
1765.84
1778.04
3257.71
1409.66
4332.08
1616.62
1999.16
1454.36
1500.75
4530.21
1546.52
1008.88
2243.46
3002.26
1402.7
1476.56
1489.57
1703.41
1291.25
1799.52
2645.21
1602.56
3014.71
1978.1
6842.22
2068.86
4854.54
2244.95
1873.31
13506.9
1311.94
2443.23
2115.63
1521.4
1364.36
1609.17
1183.25
1685.54
1488.33
1331.91
1694.44
1386.18
1078.75
1799.83
1330.9
1999.44
2133.35
1711.47
1939.9
1623.78
1989.51
1321.06
2336.56
1819.86
1664.91
3637.33
2350.64
2146.65
1465.33
1158.26
1289.57
1788.75
1328.53
1398.46
2219.53
1470.81
2186.21
2077.51
2386.22
2283.29
2892.51
2875.96
3987.74
2459.3
1661.37
2431.07
2093.17
3216.67
1987.18
3025.13
1303.92
1014.07
1111.22
1800.94
2439.41
1618.47
1432.1
2376.22
1564.12
1755.02
1690.69
2540.69
1580.31
3017.49
1069.55
1856.01
2478.19
1927.22
1239.51
1491.61
1288.56
1214.46
1439.48
2712.6
1402.36
1964.44
1899.09
1160.94
1162.93
4194.67
1382.68
2424.33
2208.33
1347.43
1965.4
1079.15
1132.86
1728.92
3835.33
2112.02
1776.88
1310.98
2931.34
2849.03
7545.75
1635.31
3159.81
1145.27
3211.79
1745.53
2467.76
3445.92
1262.82
1833.37
1207.74
1635.67
1455.24
1459.91
2280.97
1386.01
1551.08
2542.79
2763.58
3384.68
2407.4
1385.12
5893.96
1434.68
1684.43
2159.03
1803.15
1848.06
1930.46
1669.08
1426.46
2256.81
1752.38
1447.82
1629.75
1957.43
1220.75
2331.62
1463.8
2328.12
1333.95
4666.56
1759.5
2060.87
1421.26
1951.45
2175.58
3577.64
1387.61
6771.65
3047.57
4461.95
2163.21
2554.12
1681.79
1780.2
2178.33
1449.95
1477.42
1550.3
1264.83
1192.11
1460.14
2024.28
3854.44
1494.97
3362.67
1481.69
3354.74
3174.68
2254.21
1713.51
3238.57
1630.73
1601.8
1465.38
2376.69
1463.99
3398.38
2963.45
2373.04
1820.12
2091.94
1778.58
2474.77
1685.42
1885.89
1582.24
2790.54
1722.23
2615.03
1755.36
4106.27
1694.66
1414.63
2019.64
2034.11
2377.64
1501.49
1625.11
1277.19
1753.87
1649.81
1091.18
1875.55
3430.35
1870.14
1603.52
1471.52
2754.91
2979.12
1493.81
1559.23
1427.23
1159.89
1517.45
2160.51
2116.5
1735.86
2286.55
2653.28
3665.2
1576.76
1631.36
1728.83
1921.37
5244.08
1943.92
4646.34
2342.38
1409.54
1375.43
1023.3
1243.65
2139.07
2761.58
1934.16
1229.69
1185.43
1768.1
2926.53
1245.43
1130.1
1498.14
3121.9
6549.28
2025.06
1108.23
1709.34
2031.56
1591.5
1618.75
1239.67
1946.4
1302.14
1902.07
1161.55
2906.39
1825.12
2816.26
1088.76
4626.03
2304.54
1426.83
1976.2
1498.81
1054.19
1195.62
1890.94
2154.37
3522.33
2222.7
3100.99
3881.58
1833.1
1957.94
1629.11
1476.94
1288.28
1286.66
1581.22
1275.45
1743.83
1791.43
1364.24
1375.91
1537.64
4332.85
2289.38
1774.94
1661.87
1139.45
1994.64
1531.68
2463.87
1379.12
1433.63
1698.91
1542.95
1448.62
2553.19
1120.5
1778.26
1718.16
1902.43
1928.71
2346.81
1959.23
1843.52
1953.39
1665.44
1748.85
1404.91
2282.84
1540.41
1495.02
1835.21
3513.98
1620.41
2651.61
1912.19
1352.91
3525.26
1895.8
2169.32
1037.33
1899.73
1415.14
1838.47
2285.36
2098.38
1473.6
1513.66
1548.6
1755.25
1941.35
2051.1
1946.63
1575.37
1862.61
2167.38
1991.02
1261.56
1732.31
1544.41
1693.87
3826.07
1452.38
2155.66
1223.3
1858.98
1556.83
1296.33
2476.17
1657.69
2788.29
1337.32
1739.4
2301.67
1359.94
1635.38
1665.01
1995.51
2701.52
1182.53
1975.19
1791.43
1626.51
1381.91
1719.51
1404.64
1300.24
1297.32
1435.65
1294.81
1805.41
1925.8
1687.83
2004.09
1361.04
1872.06
3102.63
3055.6
1725.07
1284.43
2697.58
1517.49
1197.71
2141.59
1991.72
2430.21
1956.5
1780.62
1533.77
1740.22
1120.77
2500.05
5622.45
1048.33
1356.6
1712.65
1755.54
1986.12
2051.59
1619.45
2013.31
3449.54
1173.76
2523.62
3108.45
1378.76
2416.34
2026.79
2265.18
1870.95
3217.72
1528.21
1231.57
1522.27
1146.15
2767.63
1666.82
2314.24
3833.58
1721.38
2309.91
1613.68
1416.06
3512.48
3715.81
1424.69
3149.67
1775.39
1870.31
1696.87
1881.97
1404.58
3304.34
2246.57
3048.97
1617.6
5024.66
1358.37
2204.11
1606
1077.46
1811.07
1272.66
1275.35
2174.76
1364.49
1583.36
1475.24
1895.29
1771.92
2075.22
2224.75
1212.87
1937.96
1216.94
1256.9
2931.1
2616.71
1646.2
1871.21
1627.16
1737.79
1841.6
1562.99
2801.43
2365.93
1314.22
2214.48
1706.81
2225.74
1750.47
1225.05
2307.73
1177.26
2374.74
2318.1
2184.26
6451.85
2406.45
1606.45
2182.14
3444.68
1645.31
1591.15
4495.72
6783.38
2258.45
2330.57
1677.93
2657.19
1604.15
2702.17
1494.99
1216.84
2154.16
1410.32
1615
2698.22
1454.29
2828.8
1207.08
1340.45
2121.88
1631.17
1650.73
2672.41
1652.83
970.967
1521.56
2116.75
1405.83
2158.42
1111.34
2481.58
2499.15
2524.13
2012.18
1383.98
2685.09
1255.99
1656.92
3161.09
2473.39
3359.77
1683.19
3911.93
2227.4
5908.45
1809.9
1999.66
1207.67
3128.06
1764.16
1954.01
2347.99
1393.89
2301.56
1882.77
1573.51
2276.37
2087.7
2822.71
1585.22
1555.12
1336.86
1061.88
3077.37
2394
1653.5
1231.87
1786.91
1498.58
1629.28
3237.92
2200.98
1802.56
3481.38
3031.78
2130.96
1199.87
2988.61
1457.18
1831.34
1008.29
2215.1
1687.9
1261.54
2426.97
3291
1619.97
2871.97
4942.52
1550.02
1749.25
1424.97
1586.65
1506.33
1776.07
1528.85
1483.26
1370.03
3449.31
3190.53
2383.51
1549.73
1504.65
1310.32
1751.26
4755.06
3211.17
1941.88
7130.81
3629.64
1876.04
1555.76
1247.88
2606.23
1869.86
2083.71
1972.95
1787.61
1850.07
2048.86
1939.33
1432.24
1909.81
1891.62
1323
933.853
1800.58
1750.25
1321.44
1975.36
1221.72
1257.74
1954.89
2711.57
1983.95
3172.17
1663.22
1570.01
1345.98
2182.11
2665.07
1578.96
1884.85
2251.33
1692.35
1482.3
3414.84
1662.98
1770.16
1431.73
2326.04
2781.24
1316.91
964.447
1505.91
1460.28
1285.02
1442.27
2579.85
2790.17
3933.74
1250.26
1418.77
1528.67
1626.22
1344.65
1748.44
1868.02
2289.1
3874.37
2675.84
1739.02
1535.07
3053.22
1347.68
1532.15
3104.29
2711.43
2076.38
2298.57
2131.2
1488.5
2626.7
4009.39
1280.89
1759.11
1799.59
1450.14
1330.6
902.723
1827.76
1998.3
1944.12
1637.62
1621.04
1717.87
1621.49
2237.82
1041.07
1469.62
2163.3
1243.02
1555.29
2184.12
1840.77
1308.11
2379.96
1752.47
1304.64
1741.15
2951.56
1773.9
1533.12
3264.28
2647.25
1358.26
1357.52
1696.6
2675.89
2382.79
2204.89
2246.39
1806.4
1854.43
2477.06
1018.39
1315.67
3720.97
1383.23
1330.63
1568.1
1264.78
1962.29
1674.67
3792.74
1727.91
1425.97
1114.17
1368.32
1217.56
1795.32
1203.56
1656.37
4710.02
1616.42
1269.18
1199.37
1613.58
1978.35
1908.41
1285.28
2018.89
1892.46
1800.16
1978.67
6241.72
3139.19
1537.01
1094.44
2713.48
1643.68
1618.6
3358.92
1990.81
1649.3
1563.31
1282.38
1373.85
2101.27
1854.57
1503.1
1486.67
4198.22
1718.7
1473.36
1235.03
3601.38
1669.78
1635.07
1494.92
2760.36
1970.42
2571.59
1447.22
3258.16
2344.31
1975.28
3572.53
1583.31
1199.19
2088.18
1625.87
1474.45
1507.86
2647.43
2422.14
1917.34
1275.49
1568.9
1790.54
4233.02
1569.5
2205.69
1572.93
1674.93
1533.1
1560.83
1462.38
3411.76
1737.03
2178.15
2461.19
1236.69
2215.86
1455.3
2289.49
1464.15
2982.28
1887.25
1399.75
1199.64
1371.54
2367.12
2088.67
3757.38
1550.6
1405.55
2006.09
1877.18
4056.25
1369.39
2086.71
6060.39
2601.83
2720.54
1722.75
1363.14
1900.3
4311.6
1475.44
2632.74
1522.89
993.819
2448.46
1379.03
1202.39
1789.01
2399.9
1795.57
1922.17
1775.55
1213.57
1355.73
1204.74
2031.57
2113.76
1531.81
1418.35
1935.66
2854.62
1939.44
2131.06
1138.23
1368
1366.93
2002.01
1511.14
2033.3
1174.25
2084.11
1620.62
1490.98
3322.14
1743.54
1151.2
1696.84
1254.59
1589.66
2207.5
1212.04
1754.37
1532.09
3151.43
2088.25
1741
1198.01
1862.9
2768.88
1522.24
1788.07
3362.96
2261.34
1516.28
1554.69
1486.59
2059.51
1596.65
1704.86
2274.14
2064.82
2768.08
4988.61
1987.51
1246.43
2405.86
1927.97
1113.42
1482.43
1842.05
1833.77
1931.21
1989.69
1449.13
1275.87
1326.94
2042.87
2082.77
1675.38
2037.55
1216.63
1851.87
1766.13
1506.84
2019.31
1371.9
1751.3
3059.12
2068.77
3265.81
1236.6
2557.14
2508.22
1627.33
3751.72
2040.4
2513.62
4394.69
2611.68
1876.46
1350.35
2346.63
2430.41
1224.94
2027.02
1515.82
1424.05
2166.9
1740.76
2329.97
2718.96
3441.4
1628.67
3136.52
2925.08
1157.92
2750.02
1392.52
2166.34
1516.16
3088.4
2902.78
1670.58
2148.89
1565.81
2546.19
1643.71
1525.37
1731.14
1543.09
2082.76
1358.18
1430.11
2060.56
1464.8
1717.5
1619
4318.19
4335.26
1408.14
1527.83
1815.81
1505.04
3488.94
1521.59
2749.09
1401.96
1884.18
1701.77
3636.63
3101.86
1218.23
3173.17
1756.07
1733.82
3383.7
2513.29
2010.96
2927.79
1650.03
2077.21
2117.94
2472.07
1328.59
1827.27
2134.73
1683.38
4398.65
1185.1
2046.34
2260.76
1619.17
4010.36
955.345
2037.48
1417.83
1677.79
2562.03
1712.22
1125.55
1262.19
2826.5
1529.63
1794.69
1579.17
2255.99
2689.32
2061.75
1713.05
1849.54
973.76
1555.96
2525.98
1875.88
1288.78
1789.75
2855.35
2714.09
1563.41
1968.17
1743.65
1803.36
5179.53
2299.69
2532.15
2385.98
2589.02
2312.05
1954.75
1702.28
1511.6
1402.93
1567.44
2883.84
1271.22
1923.55
1807.75
977.031
1917.54
2019.61
1673.32
2050.34
3004.03
1240.18
5016.46
1127.77
1265.6
1802.76
1108.36
2295.24
1324.41
3050.16
3098.69
1893.35
1169.28
1609.24
1943.86
1384.32
2124.66
1933.42
1500.46
1865.47
2955.4
1167.76
1481.53
1850.35
1732.34
1606.94
2228.75
1456.13
2139.21
1493.96
1398.2
1459.68
1967.71
1616.07
1331.99
2221.03
2356.03
2507.12
2453.67
1773.07
1579.53
1416.67
1652.39
1745.05
3553.35
1049.09
4333.41
1890.38
1503.11
1094.53
1994.79
1179.66
1653.06
4168.02
1115.28
9584.4
1582.75
2728.89
1450.57
3182.18
1818.59
1516.09
1936.05
1441.54
1849.57
1670.12
1867.8
1088.01
3558.95
1466.66
1515.63
1106.76
2224.22
1602.11
2477.49
2042.5
1586.54
1258.65
2177.18
1149.21
2192.06
3298.88
1363.63
2926.53
1617.34
2049.05
1776.14
2773.69
1351.57
2144.65
2281.64
5918.29
1580.87
1741.83
1487.11
2390.03
1538.46
1832.45
2049.29
1812.12
1486.02
2859.81
1794.09
2085.29
1247.69
1812.01
1789.86
1876.78
2788.66
4117.94
1632.61
1323.18
1746.19
2954.69
3217.75
4639.54
1581.02
3643.05
2256.74
1862.99
1034.56
2477.31
2692.82
2116.46
1513.58
1782.87
1938.18
2560.69
2137.42
2246.36
2036.35
2587.36
1661.4
2767.05
2348.01
3015.04
1461.95
1500.68
1851.6
1542.14
1911.41
1593.04
2041.41
1493.24
1710.79
1491.5
1098.15
2988.53
2541.9
1548.26
2431.89
1904.27
1726.21
1804.45
1513.22
1199.6
1707.34
2357.32
1452.54
1531.05
1327.99
2388.24
2080.05
2983.21
1433.64
2132.15
2604.14
1491.82
1601.79
1533.31
1120
2223.72
1887.17
1449.42
1868.82
3818.7
3807.95
1985.55
1214.45
2097.24
1829.39
2244.61
1942.8
2629.02
2077.37
1431.66
1373.89
2814.62
3105.18
2533.32
1157.32
1367.36
1904
1647.9
3126.12
1508.52
2402.83
2782.63
1908
4875.82
1283.94
1829.85
1441.15
1413.35
2097.1
2328.95
1987.25
2433.77
2477.34
1634.94
1202.42
3121.7
1506.7
1166.65
2432.71
1688.48
2649
1571.32
2584.19
1656.95
1668.87
1372.14
1820.75
2234.01
1800.32
1197.33
1182.32
2143.09
2273.28
1989.45
2157.99
2043.51
3151.54
1881.83
1551.27
1898.62
2348.65
1724.15
1902.07
2148.27
2433.04
1809.52
1898.24
1735.3
1060.28
1775.11
1408.32
1234.88
1651.27
2047.17
2147.11
1921.34
1240.58
1739.64
1542.41
1706.3
1519.81
1414.18
2121.53
1720.04
3952.1
1621.72
2372.69
2160.74
2950.43
4708.3
2186.92
1538.19
1557.88
1545.57
1844.08
2025.57
1515.23
1728.72
1912.88
1666.74
1693.51
1706.68
1549.82
4080.46
1063.1
2577.07
1756.22
1179.96
2887.29
1619.75
1440.3
1996.87
1403.52
2366.62
1446.55
1371.26
1504.08
2986.43
1592.21
2445.79
2173.19
1346.41
1846.57
2449.86
4574.05
2192.84
2156.45
2547.15
1247.41
2657.04
1052.29
3049.2
1085.68
1930.92
4283.65
1644.18
1872.69
2184.63
1656.94
2764.35
1998.37
2313.09
2303.3
2213
2050.05
1872.16
1941.44
2103.17
1294.93
1552.89
2706.19
1858.53
2672.64
1369.15
1730.42
2820.35
1514.49
1234.22
1931.29
1844.59
2184.13
1009.46
1843.57
1371.29
1706.68
1680.41
1443.42
1547.72
3604.76
1790.95
2865.05
2138.26
4333.89
2467.65
1601.06
2032.14
1816.28
1657.22
1749.45
1649.16
1393.94
1646.97
1872.24
1987.1
1403.42
2867.45
2171.6
1915.26
1777.77
2397.84
1489.35
2067.36
1596.09
1662.65
1512.5
2645.76
1200.34
3837.99
3276.57
990.776
3522.93
2735.27
3160.53
2139.19
1483.96
2025.88
1449.91
1327.19
2026.44
1352.33
3510.28
2701.01
2685.87
1689.43
3033.38
3051.91
1186.48
1617.93
1590.7
1612.86
2586.86
3552.25
1425.88
2544.45
1559.57
1997.98
2632.23
1417.55
2197.43
1551.91
2214.21
1231.18
3212.07
1839.21
1084.61
1403.94
2409.11
1822.64
1609.2
1452.87
3046.27
2474.79
1415.66
1995.79
2691.93
1535.07
4073.99
1980.13
1970.22
1426.69
1409.55
2484.05
1471.09
1850.67
1340.76
1327.13
1122.59
1462.47
1024.72
2709.52
1511.17
2059.93
1320.12
1149.63
1703.2
1533
1176.56
1806.09
1192.21
1409.52
1996.07
1342.39
1514.93
2127.13
3021.4
2751.08
1332.26
2556.68
1545.92
1710.02
2024.64
1661.27
2570.55
1527.57
1152.24
1772.24
2056.46
1296.17
1254.73
1918.94
1332.93
2172.31
1582.46
2642.1
1691.94
1230.82
1797.83
1059.23
2415.96
1121.38
2925.67
1550.06
2254.12
1495.09
3093.73
1531.58
1405.38
1466.31
1136.62
1495.75
1472.79
1738.14
1773.75
1801.81
1533.91
1603.51
1850.62
2021.4
2129.28
1595.52
1369.06
1727.29
1512.84
1140.08
3117.86
1884.96
2985.4
1617.87
2544.5
2336.75
1909.58
1503.79
1968
2376.01
2690.39
1323.93
3420.03
3270.41
2883.89
1736.35
1944.44
1648
2632.4
1984.61
1093.49
2635.36
1936.9
1617.44
1294.43
1187.8
2186.88
2446.64
2772.19
3112.46
2357.57
1812.82
1840.45
1405.13
1672.61
2350.53
1975.84
1948.34
1266.94
965.935
2078.5
1549.15
1701.18
1301.22
1869.83
1715.5
2939.31
1174.51
2884.21
1058.36
2030.33
1955.04
1838.83
1652.14
2146.84
2005.66
1645.93
1520.99
1411.51
2561.72
1921.01
1575.79
3185.8
1597.62
1644.67
1445.53
1273.7
2072.41
2469.42
2466.34
1425.12
900.62
1200.68
1765.03
1657.38
1141.23
1776.2
5179.77
2598.1
4813.36
1544.91
1842.96
2145.21
1442.07
1413.59
1184.67
4013.9
1586.95
2952.92
2269.66
1671.87
1318.66
1660.27
1827.99
1036.58
1722.33
1651.43
1834.11
2431.7
1956.18
2528.26
3094.3
1441.79
2016.41
1795.15
1850.14
1389.28
2645.15
1143.78
2513.77
2847.23
1334.4
2500.32
1950.94
2165.63
1413.96
2944.2
1625.12
1679.28
2425.27
1129.57
1746.14
1260.98
1670.31
1562.2
2063.28
2243.38
7754.34
1135.46
2803.47
1236.64
2113.99
1392.72
1254.89
1863.18
1928.74
1553.26
2046.29
2117.55
1757.9
1754.56
2139.58
1168.36
2414.07
2139.57
3049.93
1667.52
1784.13
2449.5
1767.91
1954.3
1837.32
2251.19
1756.14
1678.02
3331.62
4498.07
1124.03
1453.38
1515.66
2348.03
934.566
1342.89
2818.86
3964.84
1792.12
1320.58
1260.2
1893.99
1330.61
2624.56
1194.15
3113.54
1815.11
2337.91
1424.67
1791.42
1695.1
1292.78
3262.73
1703.47
1665.25
2033.6
1937.03
1874.89
1759.37
1377.24
1631.86
1641.74
1578.28
1476.32
2493.52
1886.9
2315.16
2497.01
1928.29
3322.75
1389.04
3639.76
2054.5
2614.56
1289.88
2498.43
1136.62
2213.45
1736.63
1503.21
1455.35
2323.38
2132.63
2110.89
2089.24
1566.23
1676.41
2047.42
1390.06
1904.93
1184.58
2644.03
1805.27
5943.82
2509.72
2144.58
2140.06
2859.72
1338.34
1370.64
1108.23
1729.54
5394.61
1949.38
1586.03
1362.57
2381.25
1256.42
2275.77
1533.71
2669.04
1762
1124.75
1477.91
1745.95
2688.2
2103.59
1546.77
1960.11
2511.04
1838.56
2640.78
1256.18
1229.82
2461.37
1738.58
1923.58
1355.48
1497.18
1515.55
1926.24
1858.75
2347.99
1109.72
3685.23
1672.87
1762.17
2483.46
1812.83
1104.82
1327.05
1498.08
1631.09
2066.24
1739.02
1681.74
2212.98
1955.27
2723.96
1390.38
1436.58
2337
1481.64
2779.57
980.669
1561
1315.15
1427.09
2161.65
1507.04
1789.47
2649.39
1690.93
2162.75
1374.89
1097.78
3136.1
1083.49
1508.74
2111.27
2281.82
3863.02
2206.28
994.816
2313.51
3018.55
4768.35
2646.03
1274.5
1951.88
1575.86
1510.98
1181.26
2003.25
3162.59
1443.26
4500.68
1754.26
2068.8
2116.67
1320.76
2296.02
1608.21
1747.46
1114.23
1774.72
1595
1309.56
1241.23
1795.86
1898.08
2500.9
1799.22
3421.85
1087.17
1921.33
3496.16
3689.48
1358.77
1055.92
1605.16
1717.15
1690.81
2160.08
1371.83
2220.27
2310.88
1670.24
2044.09
1802.24
3421.94
2499.24
1906.95
1574.34
1505.58
1126.76
1791.7
1742.93
1865.87
1582.42
2006.91
1347.73
2319.75
2161.64
1446.19
1774.21
1324.07
1761.17
1337.43
2337.75
2075.85
2226.35
1376.4
1414.27
2422.5
1744.21
2317.92
1682.62
1666.13
2132.13
2242.83
1364.9
2816.52
2633.2
2382.97
2185.86
1628.65
2036.3
1165.05
2005.07
1642.52
863.522
3548.25
1902.13
3140.24
2854.68
3355.11
1839.78
1623.67
1875.41
2215.91
4303.78
2147.1
1769.21
1554.33
1546.24
2853.22
1732.76
2134.71
999.8
1743.77
2083.64
2542.93
2457.53
2002.51
3027.83
1654.31
1902.84
2063.58
2269.24
1438.93
1692.93
2227.02
1462.2
2478.85
1228.21
979.029
3217.76
1423.09
1893.07
2024.69
2213.58
1481.12
1628.75
1728.97
1711.46
1642.11
1545.62
1544.01
2016.27
1680.05
1194.83
1678.68
2776.25
1867.75
1469.35
1713.48
2276.55
2875.87
1658.86
1430.63
1282.84
2848.76
2586.1
1952.05
2558.61
1370.86
3471.67
1399.74
1294.89
2980.33
1317.44
4092.67
2454.79
1523.71
1903.16
1408.72
1850.71
2655.25
1670.42
1514.3
3153.67
2961.03
2752.28
943.852
2792.52
2497.55
2245.41
2522.18
1330.63
2002.6
2707.26
2212.22
1709.07
1286.85
1977.57
2010.61
1106.09
1808.88
2251.51
2859.41
2060.98
3076.85
1380.53
1629.44
1481.61
1652.77
1298.32
2159.47
1521.35
1911.81
1305.84
1298.34
1384.59
1941.56
1636.76
1776.04
5001.62
1623.46
1692.83
1526.6
1406.08
1495.23
2069.83
2914.23
1252.52
1800.48
1765.61
2364.22
2825.01
1524.88
1173.48
2581.02
2572.82
1593.04
2185.39
1597.54
1859.55
1371.72
2203.37
1272.86
1835.46
2015.15
1485.42
1586.33
1550.54
1718.24
1528.86
2099.12
2581.79
2311.11
2556.09
2539.6
1421.2
1283.44
1688.26
1428.04
3078.51
1431.46
4223.16
2347.21
1047.05
1407.04
2380.06
2153.22
2335.77
2769.56
1861.75
1689.83
1382.78
4417.2
2260.04
1738.83
2075.61
1549.92
1361.29
2220.69
2310.73
1438
3260.75
1703.55
1483.96
1128.67
4654.9
1974.71
3620.1
1795.12
1375.26
2388.68
1836.67
1430.71
2028.65
1679.67
1933.35
2362.25
1978.71
1670.13
2222.49
2839.54
1257.95
1437.38
1775.39
1437.63
1482.88
2314.12
1726.29
1314.28
1535.5
2144.23
1801.25
1839.64
1383.88
2421.71
1250.61
1706.03
1574.83
1280.84
1786.2
1207.06
1351.4
1822.25
2100.64
2082.28
1269.57
2482.71
1784.43
1155.26
1214.9
3051.86
1558.45
3120.29
2066.59
1846.35
2039.76
2313.78
2847.16
1384.45
1245.08
1214.26
1835.65
1552.89
1542.41
2763.25
3834.69
1428.41
2443.71
2928.18
1996.65
1676.03
2323.21
2568.61
2359.58
1361.85
1781.84
2774.59
1287.24
1332.87
1758.11
1943.55
1844.41
1756.49
1443.42
2605.6
1543.08
2607.28
1649.39
1128.97
2979.47
2483.96
1812.92
1384.55
1829.15
1745.95
1192.01
1825.76
1613.84
1211.38
1720.29
1633.92
2225.11
1805.62
1553.17
1431.09
1586.28
2737.58
1607.5
1497.72
1193.24
2166.35
2532.98
1957.9
1600.73
2403.67
2333.42
1270.48
2233.41
1370.51
2376.19
1481.96
1271.45
1340.54
1101.33
2702.56
1531.93
1669.52
2053.25
2095.74
1800.39
3294.34
2709.84
1495.06
1419.82
1840.8
1821.84
2430
1269.29
1646.86
1481.82
2616.79
1449.97
1837.96
1885.05
2603.26
3191.95
1507.46
2305.35
980.778
1922.59
2313.98
1601.91
1848.75
2484.69
2320.94
1558.12
1457.46
1495.58
1486.24
1137.91
1804.5
1382.89
1472.46
1856.47
1490.67
2318.83
2056.33
1960.95
1663.29
1794.67
1406.61
1665.87
1741.17
2454.78
2566.76
1600.2
1970.64
1999
1396.18
2038
1869.79
5184.56
1627.57
2481.76
1231.03
1330.66
2352.77
1139.96
1422.72
3711.81
2241.46
1807.81
1554.04
2027.49
2831.78
1681.39
1387.19
1428.38
3019.89
3316.46
2098.72
1821.82
1726.56
1799.52
1873.02
1264.49
3920.57
1412.65
1311.3
1806.28
2125.99
2034.91
1515.03
1309.17
2638.12
2016.39
1347.19
2476.48
1595.43
2620.27
1621.88
5478.19
1907.04
6600.84
1941.97
1505.53
2923.52
2549.95
1111
2525.71
1559.56
1037.38
1801.59
1870.35
2253.57
4118.25
1428.17
1804.04
2424.84
1721.91
1653.94
2474.84
1498.19
1779.55
1566.69
1447.02
1500.56
2202.2
2651.04
1880.83
2060.45
2124.08
1890.37
2091.83
1538.98
3829.67
1039.51
1539.78
2240.34
3045.45
1371.79
1425.28
2132.2
2623.97
2836.1
1856.37
2078.87
1629.75
1487.07
1815.85
1850.08
1535.38
1979.8
1740.68
2444.6
2394.18
2914.32
1646.36
2019.53
3016.41
1661.93
1406
2591.09
1828.96
2208.1
2365.14
1338.2
1402.47
1629.61
3152.92
2188.62
3181.41
2220.38
1469.33
3662.99
871.748
4309.89
1800.36
1328.46
1219.64
998.578
2176.1
1390.08
1393.92
1870.97
1392.68
1238.67
2375.1
2519.95
4324.2
1774.84
3170.03
2031.56
1795.58
2894.35
1519.32
2473.47
933.67
1583.8
1431.1
1957.18
1709.61
1684.7
1887.86
1431.69
1666.42
3315.42
2327.51
2171.27
1653.48
1456.73
1336.6
1466.37
1438.28
3356.04
1916.43
3499.94
2262.85
1414.5
1317.46
2660.92
2777.72
2197.27
1878.75
2433.72
1219.27
1878.26
1459.2
1255.21
1604.35
1962.76
1205.53
1474.18
1202.17
1528.08
1970.33
1683.15
1698.33
1727.29
1714.07
1988.98
1981.01
1886.13
1492.45
1355.91
3175.43
1550.68
2038.57
2914.76
2005.03
1270.7
2602.64
3050.31
2621.83
2191.02
2665.55
4955.04
3210.39
1718.12
1769.49
1259.53
1661.58
1480.77
1110.56
4009.97
2023.78
1805.47
3173.1
2002.91
2600.6
1338.15
1576.92
1979.52
2294.65
1785.26
2010.25
1190.97
2665.79
1544.14
2214.66
2120.31
2072.26
1310.25
1175.7
2137.04
2072.36
1400.61
2511.77
1947.21
1888.28
2461.27
2576.75
2111.98
2090.22
2230.34
1491.53
2172.35
1248.88
1533.1
2192.57
1514.82
2124.08
2407.07
1977.57
3401.25
2165.28
1779.63
1158.77
1477.86
1415.84
1184.07
7967.03
2152.01
1654.41
5537.41
2773.98
1129.75
1102.61
1400.63
1477.16
1652.16
2126.21
1532.37
2609.18
1407.28
1668.04
1693.19
1322.69
1771.87
1471.73
1740.4
1723.7
1296.88
2106.55
1818.08
1291.14
2264.33
2063.63
5340.19
4515.71
1660.27
1402.17
4163.97
1712.31
2118.93
2289.49
1228.95
2649.36
4078.01
1490.72
1522.42
4020.53
1499.06
1751.2
1468.12
3753.62
1202.82
1270.5
2124.26
2292.87
1484.91
1975.56
2346.59
1230.54
1317.75
1699.49
1534.75
4289.04
1693.74
1790.66
3068.08
1141.82
2102.93
2383.62
1676.66
2329.22
1609.81
1393.62
2193.41
2314.74
1851.78
2143.54
1484.09
1073.17
1880.07
2074.46
1474.14
1772.39
1319.67
2679.26
1458.37
2541.54
1084.57
2026.2
2257.66
1121.11
1638.15
2089.14
2122.53
2404.2
1529.05
3846.27
2171.57
1810.6
1225.86
1786.39
1690.02
2947
2519.88
1629.45
1700.6
1738.83
3634.91
2829.08
1546.27
1652.13
1170.27
3353.69
1625.31
2931.31
1870.31
1645.18
2059.75
1001.84
2403.62
2463.29
1277.31
1699.59
1514.23
1491.89
2687.72
1479.82
2872.4
4721.03
1143.69
1352.08
2050.37
2466.76
1594.61
4531.09
6654.51
2008.74
2110.67
2417.62
1184.09
2942.38
1647.58
1348.24
4839.44
1977.61
1215.99
1327.24
1447.44
1380.86
1883.03
1962.69
3498.07
1218.07
1192.66
1571.37
2704.43
1369.71
3104.64
2026.39
1596.86
1567.14
1280.21
2041.13
4931.07
1429.01
1595.3
4128.56
1457.56
1543.66
2065.94
2712.75
1744.37
1321.26
1707.49
2436.27
1615.41
2559.3
1889.95
1540.1
1274.51
1374.46
1546.42
2540.57
1619.89
1797.06
1694.4
1503.62
1460.45
1225.87
1507.64
1940.92
1170.01
3023.54
2146.21
1988.42
1587.12
1290.19
1562.46
1428.89
1369.91
3664.81
2228.3
2291.37
1687.77
1386.64
1876.54
3376.59
2530.68
1451.13
1448.14
2521.64
2012.56
1777.9
1847.49
1654.25
1689.69
2267.36
1931.39
1389.68
2150.27
1852.16
1794.15
1284.9
2249.97
1752.14
1771.76
1157.9
2016.54
1625.34
1776.36
1000.79
2214.34
1819.05
1258.46
1327.97
2407.05
1573.76
1401.21
2131.41
1208.06
1486.57
1896.43
1931.16
1046.26
2052.92
2082.87
1631.25
1563.84
1758.52
1955.06
1416.38
2055.27
3667.93
1435.91
1367.35
2362.3
2680.52
1949.58
3004.35
1884.27
1668.62
3772.47
1537.39
1202.48
1648.87
6698.9
2787.91
1687.56
1901.93
1554.35
1670.23
2861.64
1391.37
1754.18
1340.8
1300.46
1576.07
1518.09
1689.81
1935.27
2651.08
1447.03
3046.98
1782.73
1642.37
1614.93
1498.54
1399.13
1823.5
1145.5
2156.8
2122.74
1958.51
2434.06
1173.68
1443.65
2514.65
4384.57
1618.9
2083.92
2236.84
2383.35
2008.8
5399.82
1846.83
4514.31
1748.29
1790.78
1226.45
1601.73
1849.71
1476.17
1824.51
2262.82
1791.11
3138.47
4428.95
2212.72
1378.86
1879.01
2222.52
6530.63
2304.44
2722.69
4493.62
1494.91
1558.46
1170.02
3192.79
2417.71
1811.67
1545.07
1284.42
1461.56
2201.05
1694.69
1816.04
1673.28
1873.02
1849.9
1407.61
1455.6
1939.88
4949.77
1598.89
1538.89
2501.78
2176.38
1585.53
1502.93
1770.34
1171.55
1731.05
1841.2
1077.47
2670.83
1109.5
1415.33
2001.95
1621.31
1211.27
4681.26
1253.23
2249.11
1562.28
1694.53
1494.22
1111.61
5465.38
2491.53
2346.56
1758.63
2036.91
1997.97
1653.08
1088.48
2852.4
1966.39
1293.78
1899.48
2732.28
1771.52
1594.32
2350.8
3819.55
1460.45
2162.98
2464.57
3463.47
2217.52
1844.61
1335.74
1622.86
1898.02
2195.73
1608.47
2677.21
1865.18
2513.78
936.304
1910.34
1431.78
2068.44
1164.04
2174.67
1766.46
1449.76
2732.97
4698.23
1837.17
1522.47
2944.17
1932.1
1912.47
1032.16
1876.8
1802.31
1424.77
1410.7
2105.06
3008.73
2198.95
2186.13
1586.49
2733.68
1383.88
2094.19
1686.68
1706.15
2743.14
1837.25
1874.27
1306.18
1582.83
1392.2
1568.85
1787.03
1844.09
4017.62
4075.59
1305.47
1653.57
3108.66
1539.54
2576.19
2017.19
1801.84
1948.52
2218.49
3340.88
1842.74
1402.82
2275.71
1803.76
4156.61
2033.43
1895.21
1704.9
1163.14
2848.35
1161.98
978.476
1886.15
2541.15
2269.68
1549.63
2091.85
2337.56
1326.78
1956.58
1597.22
1183.34
1939.18
1609.61
1670.53
1096.02
2002.04
2046.33
6631.85
1275.89
9846.41
1447.53
2899.63
2046.24
2345.58
1126.74
2131.81
2113
1582.06
1945.46
2295.02
2331.59
2185.14
2820.23
2128.12
1867.41
1438.79
1918.82
2034.18
3729.05
2862.04
2686.2
1503.29
1732.68
1235.01
1637.28
1859.2
1389.79
1150.93
1494.69
1451.73
1402.79
1395.9
1677.68
1772.54
3284.33
2908.87
1167.23
2081.47
2274.72
1714.56
1620.49
1406.22
2222.27
2347.19
1894.97
1412.12
2891.44
2669.98
2196.91
3887.27
1637.12
1160.76
1596.15
1799.82
3868.81
4241.71
1436.2
2617.53
2790.34
1717.34
2420.01
2385.48
1554.49
1870.19
1230.72
3786.03
1712.38
2613.19
2594.92
2143.81
1696.21
2196.33
3755.7
2011.94
1338.74
1884.35
2245.94
1388.47
2654.12
2168.7
1468.47
3581.17
3579.96
1058.19
1692.68
1982.05
2768.98
2141.54
1430.71
1474.53
2597.49
4219.35
1096.96
1926.5
1678.38
2318.96
1479.09
3396.46
2463.6
1845.62
1313.73
2068.76
2763.68
2272.69
1862.61
963.563
1492.33
2343.25
2393.69
1887.29
1346.97
1040.32
1362.13
1919.97
1836.69
4299.27
1748.92
1821.58
1652.92
1850.69
1104.99
2417.26
1953.63
1278.6
1981.5
1715.47
1488.37
2079.87
1766.57
3104.15
1357.13
1683.8
1248.08
3114.67
1703.2
1712.37
2132.08
2120.99
2137.32
1382.84
1352.55
2685.4
1501
1704.53
1337.81
2250.32
1905.33
3722.44
2396.79
1389.88
2650.94
1132.53
1879.45
1288.14
2295.67
2723.79
3471.75
1822.6
1725.69
1567.65
3299.56
1880.38
1473.91
1196.08
1304.14
2239.34
2212.48
2073.59
2474.61
2012.71
4388.73
2217.17
1962.26
1553.11
2036.45
1389.86
1232.85
1176.76
1587.46
3316.22
1395.6
2585.57
1664.64
2732.06
1869.38
1773.73
1867.81
3226.16
1351.51
2253.5
1478.96
1898.62
1200.88
2771.28
1283.09
1466.96
3282.34
1999.23
1753.23
2178.72
2107.86
2027.48
1480.54
1687.1
1497.5
1633.78
2008.47
2308.47
1094.1
1873.49
2262.41
1768.34
1324.07
1751.75
4320.83
2076.99
2075.46
2228.19
2617.15
1485.03
2029.93
1717.7
2277.19
3956
3197.18
1318.87
1909.76
2484.17
1532.12
1683.58
1664.54
1912.9
1372.83
2224.7
1704.67
1978.07
1416.22
1401.88
2202.64
1592.34
2199.42
1674.1
2003.17
2198.63
1669.21
1800.8
2250.65
1717.71
1656.85
954.082
2087.48
3687.89
1930.87
1947.15
1066.14
1911.37
1221.21
2217.74
3865.88
879.752
2909.93
3023.74
1631.39
1653.51
2118.66
1372.45
2180.5
1460.31
2087.47
1213.13
2642.01
3185.36
1938.32
1521.47
2024.74
1619.02
996.501
3747.45
2154.38
2047.78
2277.79
2214.91
1271.59
2574.48
1304.91
1436.59
1512.36
2166.21
1731.95
1991.02
1196.22
1342.16
2108.9
1291.33
1239.28
2972.75
1566.3
3974.73
1645.16
1537.28
1580.52
1538.83
2198.66
1396.86
2453.29
1882.95
1564.58
1596.39
1992.15
2661.81
2139.26
1412.44
2732.4
2425.78
1622.77
1583.13
1193.18
2163.47
5411.58
1429.41
1996.77
3354.46
1227.88
3825.46
1344.43
2842.82
1479.58
1246.55
2254.64
1390.16
1697.99
2501.8
1713.58
2932.74
3517.31
2662.99
1282.16
1837.63
1987.44
2070.78
2754.99
1797.75
2633.14
1347.73
1206.86
1883.87
1522.63
1812.04
1317.5
2535.77
1395.12
1430.42
2045.33
2308.49
2089.4
1661.87
1497.56
2287.97
1683.54
1837.69
1661.12
2429.71
1676.39
1456.74
1402.77
1628.9
2936.06
2379.48
2125.33
2083.69
2087.3
1768.5
2136.41
2951.74
3554.56
1434.86
1701.42
1826.04
2143.53
1909.69
3859.74
1344.84
1845.55
1178.32
1267.3
1881.07
3381.12
1169.75
1532.66
1836.99
2113.78
1301.4
3287.25
1250.84
1302.87
2263.6
1724.32
1640.24
3126.12
1921.02
2083.13
1706.42
1600.39
1339.82
2205.48
1643.95
1857.65
1440.93
1775.69
1392.96
1599.59
1427.58
1014.65
1398
1588.45
1946.04
1744.63
1557.28
2184.05
1753.28
1595.31
1130.51
1496.5
1789.71
907.003
1284.84
1771.25
2139.78
2163.87
1296.72
3989.16
1556.49
2108.55
1986.31
1473.18
2067.44
1942.17
2269.51
2955.08
1647.58
1846.22
1830.76
1553.31
1576.49
4935.02
1679.83
2437.6
1783.59
2373.67
1587.07
1485.43
1802.72
2221.71
1631.35
2033.57
1802.09
1371.98
1979.19
2689.61
2085.7
1715.19
2198.73
1512.54
3260.44
2675.34
1085.68
3041.77
1301.45
2554.7
1996.18
1184.51
3746.63
1517.73
1555.91
1191.68
2333.88
1478.1
2139.61
2407.3
1191.31
1997.4
2043.59
4301.71
2155.92
1808.98
1824.22
1310.18
2847.3
1834.2
1658.94
1622.45
2335.1
1718.44
1986.89
1235.78
1760.59
2698.19
1973.36
2553.2
1892.08
1485.78
1760.33
2242.06
1963.24
1314.99
1868.53
2577.64
2224.01
1097.01
1338.53
1770.6
1879.71
2621.17
2175.5
2085.27
1915.18
1318.56
2456.83
1722.24
3671.5
1168.7
1750.67
1572.14
1033.38
3610.28
1791.52
1855.43
2120.08
2875.77
1762.79
1688.48
3539.6
1455.89
2341.96
2330.86
1524.37
1349.46
2565.54
4057.86
2295.71
1309.55
2794.25
1801.03
1812.64
3021.14
2182.78
1458.66
1128.63
2712.37
2446.42
4020.39
3092.29
2018.32
2859.21
1701.53
1924.56
1190.68
1107.32
1424.67
1406.22
1280.17
2120.41
1336.17
2273.2
1708.38
5426.91
2479.56
1454.93
2019.09
1241.71
1299.38
1533.07
1754.83
1585.15
1249.3
1497.66
1589.31
1859.24
2014.36
1663.65
1807.51
1236.39
1861.82
2620.46
1664.64
1774.98
1227.38
2669.43
1595.44
3774.72
2800.56
1577.2
1590.27
2288.34
1244.34
2363.05
1311.01
2608.34
1148.83
1579.57
2461.08
1681.02
1524.83
1482.59
2344.29
1533.06
1620.45
2614.31
1985.15
2853.65
2212.01
2267.74
1960.87
3047.15
1950.88
1456.55
1801.35
4007.63
1788.71
2992.87
1983.31
2362.58
1673.24
1190.32
1622.03
2341.89
1702.72
1822.64
3220.61
1384.72
3262.73
1212.64
2034.04
1332.36
1413.23
2120.81
1461.55
1936.25
2973.35
1120.65
1755.23
2284.95
1431.02
1849.07
2675.62
1346.64
2075.61
4472.02
1994.41
1554.82
1363.99
3601.32
1656.33
2828.38
4000.21
2465.07
2152.17
2721.07
1913.25
1130.82
7812.93
1850.05
1405.09
1252.18
2351.77
1657.88
1241.83
1920.91
2172.18
1313.25
1323.5
3321.83
1363.64
1927.38
1488.61
2222.01
3788.72
953.662
1637.39
2132.2
3722.05
1446.11
1350.65
1561.71
1778.07
2173.45
3277.83
1076.54
2269.4
1788.41
1765.46
1059.29
1480.23
3699.09
3470.17
1632.26
1605.32
1234.45
1345.1
1720.12
1230.27
1437.44
2038.64
1928.45
2612.38
1298.78
2193.62
2097.13
2537.95
1370.62
2818.35
2404.29
3527.11
1398.26
1228.34
1847.8
1857.83
2439.2
1927.24
2252.61
1601.5
2101.58
2559.86
4977.6
1407.89
975.97
1872.12
1787.8
3444.04
2396.13
2128.69
3663.07
1575.8
2247.18
1925.11
1719.81
1672.21
1777.96
1570.67
2137.63
1345.66
1576.83
2581.7
2546.61
2151.36
1823.37
1991.13
1311.4
1516.26
1256.44
3239.35
2241.92
1220.74
1573.75
2313.66
4062.55
1829.85
1652.26
1894.84
1951.14
3038.75
1570.04
1194.92
4202.36
1345.75
2849.19
2275.77
1768.12
2560.56
2311.66
1510.25
1855.18
1477.81
1170.6
1230.04
1331.75
1625.52
1594.37
1127.49
1761.41
3122.81
1222.3
1853.38
3557.82
1621.82
3072.37
2300.06
4191.73
3922.18
1273.55
2539.14
1102.41
2555.98
1592.34
1827.14
1314.4
2391.31
2349.64
1339.16
1947.59
1153.62
2880.09
2004.2
2289.95
1811.17
2073.71
1078.84
1784.68
2225.54
1304.7
4419.66
2220.4
2404.69
2256.44
2397.12
1262.91
1109.08
1914.52
2063.15
2882.78
1652.33
1074.05
1436.55
2624.65
2096.77
1381.53
5235.97
1158.23
2232.84
3321.72
1797.38
1816.78
1986.24
1189.74
1887.17
5582.3
3385.46
2637.95
1844.76
1518.01
2611.24
1730.11
1793.16
1472.86
2669.98
1180.6
1782.5
2185.48
1978.38
2175.37
1417.47
1128.32
2251.37
1341.92
2671.38
1355.98
1730.54
1375.28
1326.83
1412.21
2832.74
2233.32
1219.06
2172.12
1245
2253.62
1594.65
1508.92
1818.52
1927.21
1754.44
1644.3
2059.31
3850.87
1134.52
2334.09
1127.31
2037.82
1540.11
2114.78
2177.02
1852.73
5195.18
1669.34
1787.02
1343.93
2011.33
1979.2
2434.57
1674.33
1611.83
1717.72
1985.61
2810.49
2000.61
1842.67
1125.22
2042.9
1922.92
1909.77
1975.72
2757.96
2068.41
3448.69
2592.62
1591.9
2493.41
1990.88
1572.44
1742.58
3330.18
3681.21
2619.49
1071.69
1728.06
2146.56
1447.83
1404.72
1743.94
1525.19
1780.24
1787.81
3411.77
1954.57
1860.09
1170.07
1617.98
1439.59
1662.51
2239.5
2686.58
1830.93
1400.25
3372.76
3362.57
2136.88
1432.63
1369.94
1872.32
2363.9
3161.25
1851.43
2442.01
2774.33
1963.74
1778.19
1368.67
2445.01
3158.39
2145.55
1408.96
1813.08
1750.35
1546.76
1499.75
2638.99
2831.18
1879.78
1395.29
1392.04
1869.11
2273.39
1611.7
1331.68
1499.33
1484.04
1951.39
1975.51
1363.45
1791.03
4306.92
1832.37
1900.27
1198.19
1554.94
3443.78
1152.87
2569.7
2475.32
1593.15
1966.56
3009.96
1828.3
1650.39
1766.34
1710.95
1707.88
1589.62
2220.57
2062.52
2288.27
1673.22
2859.94
2062.11
1567.19
1591.96
1883.91
3173.21
1497.93
3506.12
1936.59
1809.69
1749.15
1286.33
4369.97
1890.37
2448.17
1725.74
1534.53
2071.13
1743.29
2940.35
1552.03
2356.64
1688.65
2142.59
1796.19
1599.28
2253.99
1828.21
3136.17
1466.96
1859.79
1572.82
1376.41
1786.66
2769.56
2677.43
1704.51
2764.49
1937.05
2022.91
1437.71
1559.73
3288.48
1698.13
3034.22
1829.71
1699
1338.09
2024.96
1308.55
2039.47
2132.43
4796.86
2402.04
2127.22
2148.1
1287.07
1290.14
1267.61
1793.33
1599.2
2009.52
1133.9
1992.74
4519.41
1911.48
2142.75
1948.47
1923.35
2413.19
1089.47
3424.09
1442.74
1475.41
1795.55
1580.32
2125.75
1488.81
2148.14
1298.16
5052.05
5274.21
1842.44
1348.4
3196.17
2147.29
1682.55
2917.43
2307.55
1396.1
1417.22
1344.09
1476.54
2435.87
2314.7
1498.41
1750.33
2473.33
1733.24
1192.54
2507.48
1234.47
2365.24
1983.8
1133.45
1748.53
2656.96
1607.64
1265.76
2089.37
1904.43
1669.67
1447.98
1673.03
1242.09
1087.82
1854.01
1577.47
2260.14
1170.67
4572.89
2936.7
5572.29
3033.37
1992.87
2187.22
2467.61
1319.96
4918.22
1566.72
1722.65
2146.78
1903.53
4414.5
1982.13
2282.17
2458.87
1840.29
1168.72
2280.23
2058.29
3332.9
1599.34
1293.71
1644.08
5235.26
1352.65
1111.73
1613.59
2186.89
4845.73
3185.86
2021.95
1845
1878.31
1668.02
4060.22
1452.69
1651.38
1110.8
1425.12
3169.91
1477.44
1445.98
2207.94
1124.38
1645.93
1841.56
1782.32
1168.92
2556.94
3830.49
1709.24
3129.1
2107.37
1788.74
2302.71
1816.25
3645.6
1985.85
1660.02
3935.62
1507.53
1751.89
1830.55
1822.89
2299.58
2623.14
1532.88
1665.26
1863.54
1486.64
1047.55
1670.95
1993.47
1944.35
1384
1936.3
1179.02
1955.88
3578.44
2910.85
1989.76
1799.66
2535.45
2165.17
2082.94
2227.47
1910.66
3145.41
2943.01
1355.72
4162.61
1854.58
1463.29
2590.53
3076.55
1577.77
1776.7
1904.68
1165.86
1815.56
1742.91
1151.97
3691.73
1558.51
3825.13
3832.6
1702.74
5054.98
2168.78
1144.68
3861.53
2454.49
1609.48
4780.5
2080.25
2336.67
1611.22
1891.22
1472.37
4160.2
1517.19
1562.02
2261.75
1644
2516.79
1505.55
3276.52
1370.81
2920.8
1316.15
2056.38
2747.83
1824.4
2334.09
1942.98
3290.73
1301.01
2351.85
7431.71
1467.99
2033.16
1938.08
1822.33
1473.71
1380.57
1675.77
1858.67
2221.22
2799.33
1193.24
1831.68
1528.96
1614.36
1651.2
1406.43
1663.77
1725.85
1526.11
2092.7
1324.16
2716.79
1949.61
1144.38
1978.87
2048.76
2051.79
4120.5
2568.92
1615.22
1468.47
3316.41
1985.03
1362.92
1547.21
1973.92
1863.63
1890.89
1707.93
2736.51
1600.74
2858.33
1351.76
4807.47
1744.95
1900.92
3244.81
1120.72
2120.62
1418.42
2001.83
2123.95
4053.94
1682.49
3159.48
1443.76
3259.68
1806.87
1681.21
2428.13
2133.2
1614.26
1999.17
2032.71
2717.04
2291.55
1922.62
1586.07
2012.82
2558.82
5571.9
1992.53
1743.84
1822.97
1468.17
1532.38
1179.3
1627.19
2604.48
1529.59
1090.34
1811.82
1551.19
3053.15
1372.59
1439.65
1138.83
1860.74
1491.1
2318.63
1435.23
1655.88
1948.51
2719.08
1981.76
1819.69
1614.83
1642.89
1232.03
1510.93
1985.3
4049.97
1114.53
2107.01
1644.69
3834.52
2213.1
4009.74
1194
1387.25
2530.35
1620.72
1585.38
1527.35
2195.09
1769.85
2286.08
2692.39
2843.16
2873.26
1191.22
1263.42
1395.11
1696.98
2139.76
1620.94
1367.01
4959.1
1452.26
1917.29
2262.78
1541.81
1841.23
3757.71
1434.77
2130.33
2577.35
1869.52
1391.05
1427.83
16299.6
2037.59
1461.89
3224.66
2137.8
2328.78
1249.12
2012.58
1194.4
1927.82
2261.49
2077.69
1500.87
1760.6
1079.06
2369.23
1837.03
1716.74
2191.15
1876.7
2207.59
1902.69
1690.68
2524.74
1223.64
1717.34
1203.57
2362.45
1724.41
1886.48
1524.51
1217.03
1493.46
2351.87
1810.24
1626.04
1666.71
2042.6
1804.15
2208.31
1556.53
1573.27
3709.07
1568.76
1727.12
1558.14
2148.61
1427.67
1810.64
1990.61
1726.43
1431.45
1340.47
1315.98
2512.99
2092.22
1653.14
1780.02
1879.4
1520.48
2528.66
2246.05
1374.1
2778.07
1324.55
1382.53
1252.62
1398.56
1679.84
3471.31
1636.7
2520.55
1516.81
1290.1
1392.63
3687.22
3037.8
2223.73
2374.42
1522.12
3291.09
1496.78
1893.31
1261.56
1115.29
2916.78
2545.03
1520.4
2204.4
2226.04
1509.7
1640.01
1908.4
1793.27
2300.11
1542.2
1377.66
1520.28
1468.9
2456.57
1618.52
2297.79
1332.73
2070.6
1421.8
1669.47
1866.22
1287.49
4401.02
2988.94
1986.73
1593.48
1363.35
1726.01
1014.66
1824.58
2187.59
1613.08
2298.75
1486.8
1781.06
2286.2
2250.14
3113.02
1570.61
1140.14
1653.08
1674.16
2532.67
1313.73
2170.45
1858.07
1858.9
2219.72
2661.08
1997.8
1681.35
1984.04
1563.3
1665.88
1079.21
1529.15
1458.23
1510.74
2470.74
1992.36
3954.69
1400.02
1269.64
1713.79
1331.57
1630.95
3840.05
2604.44
2626.46
1554.85
1548.3
2610.05
1197.71
1775.97
1735.83
1121.15
1664.34
1766.31
1626.04
1609.13
2164.32
2350.57
2852.21
2410.98
2146.87
1455.8
3591.36
1253.67
1752.94
1379.49
1580.97
1894.97
1333.85
1787.83
1959.75
1734.28
2739.1
1267.94
4256.45
1591.37
1631.49
2082.46
1819.68
3108.05
1363.95
921.173
2340.26
2398.04
2255.1
1590.75
1282.84
1703.3
3996.03
2240.07
1821.3
1594.87
2196.42
1883.1
2843.32
1679.53
2203.49
2074.59
2612.07
1276.29
1817.87
1842.05
1269.99
1745.62
2071.68
1510.97
2683.71
2808.83
1853.94
1766.58
1516.4
1203.55
1654.02
1607.83
1912.06
2198.23
1838.5
2542.16
1558.63
2228.45
916.794
1904.12
1717.96
1243.59
1771.96
1205.81
1485.92
2484.01
2663.29
1598.81
1547.79
2630.26
1780.12
3194.06
2043.6
1616.51
2497.86
1319.94
1671.92
1460.12
1668.77
2734.42
1270.78
1645.94
1949.96
1608.83
2512.78
1920.77
1475.67
1717.22
1937.88
1348.49
2425.21
2713.74
1426.35
2207.87
1851.31
2483.34
2212.73
1395.86
2665.99
1969.49
4143.43
2885.07
1787.57
2199.7
2709.23
2191.75
1433.26
1212.86
2278.5
1756.81
1426.69
1457.74
1506.27
1299.83
2170.58
1044.87
1694.04
2150.66
2083.69
2722.02
2128.81
2223.88
1210.94
1567.69
1860.16
2189.04
1675.96
1881.85
2590.45
1661.14
1749
1720.18
994.916
2637.27
2153.03
3642.92
1585.4
1518.84
1606.73
1785.75
1320.1
1577.64
1899.17
2796.8
1544.98
1932.02
1472.65
1908.61
1614.7
1454.6
1525.63
3255.18
1771.37
1952.1
2234.42
2008.65
1528.77
3302.74
3020.86
2297.9
1963.9
1729.23
2419.62
1351.25
1213.41
1354.6
1388.32
1856.83
1798.91
1219.06
1146.24
1540.3
2491.1
1292.86
1375.76
1645.7
1969.11
1675.95
3095.54
1617.78
2176.03
1891.1
2335.55
1581.36
1727.97
2487.42
1590.66
2751.3
3812.46
1401.46
959.569
1268.09
3156.25
5476.36
1532.03
1133.38
1750.65
1529.95
1370.2
2582.41
1515.86
1429.04
1394.74
1329.85
1937.34
1592.51
1615.12
3754.75
3773.72
1520.88
3094.19
1798.24
2772.2
1198.25
1881.57
1464.49
1660.67
2381.14
2994.91
1542.46
1760.39
1391.24
1114.26
1608.19
2063.02
1338.57
2405.09
2188.76
1303.01
2719.97
1938.38
2105.74
1970.66
2338.63
1689.78
1922.59
2332.83
1581.08
1136.44
1765.68
1449.73
1313.44
2771.26
2271.74
1559.37
4834.52
1381.52
1099.2
2444.96
2054.78
1567.94
3630.36
2141.26
2341.88
1871.06
4572.53
1277.36
2878.94
2207.99
3774.98
1896.05
1920.24
1923.79
2191.96
1549.04
2604.99
2337.86
1451.47
1300.82
2477.96
2307.79
3160.67
1304.93
1489.13
1852.67
2045.21
3252.52
1417.5
1965.88
1813.1
1953.67
1575.26
1358.73
2139.67
3410.49
2047.61
2044.32
1861.25
1602.69
2373.62
1537.77
1521.75
3987.09
4014.26
2335.16
1409.05
1632.74
1338.17
1832.85
1627.28
3673.46
2615.08
2772.83
3382.57
2535.52
1404.14
2385.26
2447.54
2005.87
2978.46
2369.36
2091.6
1417.64
2710.88
1810.77
1624.72
1464.88
1600.38
1067.96
1605.34
1401.6
3172.7
1936.07
1623.32
2074.42
1485.23
1802.82
1434.41
1025
1725.47
3058.78
1672.69
2173.45
1346.45
2029.32
2267.92
1925.11
1928.37
1248.1
2160.61
1543.37
2625.18
1629.42
1992.91
1512.44
3120.84
1992.45
2940.13
5129.88
2923.1
1663.44
2277.97
1841.73
1944.2
1918.85
3507.52
1696.76
2098.32
1863.21
2122.7
1241.49
1452.81
2389.97
1476.34
1785.21
1780.93
2668.87
1920.33
3855.95
1304.74
4226.43
2227.94
1292.01
1569.66
1985.44
1881.88
2110.11
1740.8
1212.18
1359.02
1600.96
1799.89
4359.48
5226.3
1673.1
2202.8
3584.52
1510.92
4070.09
1274.38
1797.39
2521.68
2246.34
1382.33
1361.15
1837.35
1842.78
2980.54
1525.74
1845.75
2727.88
3239.87
2989.84
2637.59
2447.84
1441.04
1418.96
1794.95
1652.37
3102.42
2061.1
1346.33
2635.17
1421.82
1231.15
1126.09
1752.34
1508.63
1764.77
1794.85
1073.89
1814.57
1381.92
2070.73
1764.23
1644.93
1490.9
3285.77
2304.52
2523.18
1157.81
1773.57
2079.15
1215.33
3594.15
1123.02
2239.79
1716.78
2371.3
1679.86
1605.73
1533.42
2156.44
1639.78
1623.97
2146.18
1855.99
2394.4
2058.96
2989.26
2930.11
3152.31
3017.2
1132.36
1983.23
2250
1364.08
2279.6
1490.55
2333.58
1769.06
1894.46
1882.52
2097.21
1715.22
1613.84
2083.12
2812.68
1236.42
1624.52
2437.51
8896.32
1565.69
1780.87
2199.2
1000.16
1992.54
1737.18
2142.45
2188.37
1981.73
2725.95
1890.26
1408.36
1483.17
2229.23
2035.7
2853
1332
1613.6
1508.46
1801.3
5220.96
2081.29
1865.94
1830.27
1279.75
2910.95
1893.02
2165.55
1802.49
1787.9
10636
1483.91
1481.35
1403.64
3553.1
2042.59
2861.06
1854.36
2435.84
3542.08
2358.67
2095.51
1585.97
1510.56
3857.04
4815.56
1905.19
1689.72
3486.23
1987.46
1411.14
2276.77
1274.07
2984.84
1950.8
1336.81
2581.37
1788.52
3561.72
2379.28
2362.81
2505.07
2540.26
3007.83
1551.18
1669.81
1683.08
1563.55
3156.82
2315.23
1994.91
3164.61
1534.98
6605.04
1654.18
1705.4
1975.01
1071.95
1840.19
1929.47
2255.74
1961.34
1491.29
1604.95
2029.89
1764.19
1048.47
1836.72
3448.37
1685.42
2004.64
1858.27
2667.9
2467.52
2178.77
2185.17
1515.07
1898.64
2048.9
1773.99
1717.18
1511.16
1752.62
2035.22
2507.64
1459.99
1128.86
1505.16
1442.92
1629.73
2194.57
1213.31
1515.73
2621.99
2433.43
2668.66
1645.66
1283.85
2855.38
1653.62
1599.99
1488.76
1579.63
1119.21
2056.23
2115.79
2330.81
1996.21
3415
1906.57
1992.43
1441.86
1779.8
1084.07
1198.84
1607.29
1764.14
1217.96
2058.87
1335.19
1158.45
1436.16
1721.53
1203.05
1994.05
2051.89
1624.46
2035.56
2306.03
1375.78
2624.1
965.919
2460.08
3338.4
1764.81
1855.93
1338.35
2398.65
1243.89
4007.11
1839.47
1276.52
1312.73
2090.53
2241.79
1935.03
2101.28
1511.57
1389.4
1868.48
1284.83
1782.44
1571.44
1898.57
2169.87
2247.54
1091.64
1807.76
2040.78
1890.7
1950.55
1632.62
1422.32
2466.09
1022.63
2478.99
1625.11
3220.28
2528.19
1522.38
1666.9
1229.92
2163.55
2281.35
2028.91
1444.43
1718.96
1257.39
1472.89
1589.15
1335.13
1305.58
2578.24
1119.02
2377.7
2423.89
1159.74
2855.35
1741.74
1670.35
1658.82
1353.63
2221.16
3040.82
1440.77
1741.33
1540.69
1155.25
4819.11
1783.22
4741.84
1988.93
3072
1267.54
2030.18
2082.14
1430.8
2500.21
2343.28
1745.2
1363.92
1376.33
1637.49
2451.94
1981.06
4678.17
1515.14
3158.35
1779.89
1672.88
2397.78
2490.31
1873.5
1518.49
3841.01
3699.11
1902.35
1675.68
1788.28
4273.95
2576.05
1564.76
1168.52
2355.53
1942.31
2034.85
1088.82
1330.75
1097.28
1397.92
1278.55
3571.01
2312.29
1972.81
1375.81
1993.2
1370.43
2094.03
1460.87
1772.66
2685.29
2421.54
2391.69
3219.26
1666.69
1331.86
1157.19
1702.61
1429.9
1877.93
3962.41
1727.39
1721.01
2380.48
1522.05
1808.28
2422.71
1499.61
1898.22
1511.19
1630.56
1394.83
1832.16
2877.7
1393.01
1672.3
2791.25
1199.64
1755.13
1537.21
2358.32
1328.66
1706.84
3097.43
2315.13
2254.99
2018.59
2031.66
1563.77
1347.19
1480.18
1052.48
1910.42
1009.68
2347.78
3156.69
1359.8
3205.11
1700.47
2278.93
2212.96
1424.04
2007.07
3719.79
3244.83
2260.46
4102.25
1520.92
2837.97
1871.34
2639.55
1437.28
4215.68
1481.54
1731.09
1141.06
1548.29
1779.47
1189.48
2009.84
1690.67
2651.79
2089.23
2056.61
1276.5
1568.33
2498.92
1442.79
1149.67
2879.19
2007.2
1787
2077.12
2047.63
3081.14
2474.52
1281.33
2369.1
1825.62
1812.13
2139.29
1415.28
1763.44
2863.14
3405.03
1623.9
1954.83
1187.25
1460.76
2198.91
1506.47
2064.84
2241.14
1559.15
1819.9
1505.78
2065.55
2269.73
3003.52
2266.34
2019.31
1961.22
1799.33
1250.05
1465.58
1479.87
1650.04
1522.5
1628.6
1799.65
1443.3
1403.24
1082.95
2415.54
2040.03
1606.63
1502.85
1895.17
1768.72
3312.1
3522.53
1352.2
1087.82
2302.96
2319.1
1222.8
1385.14
3122.97
1442.53
2120.86
2340.75
1195.47
2026.46
3060.67
1766.93
1862.36
1287.96
2500.57
4406.78
3335.5
1375.67
2248.13
1675.03
1754.16
1233.65
1007.09
1640.02
1005.54
1958.62
1403.72
2066.12
1671.15
1637.02
1563.55
7190.94
2187.51
2372.93
1190.59
2595.25
3314.49
1337.09
1595.95
1990.21
1659.95
1964.25
1313.17
1518.74
1793.81
1614.89
1190.36
2309.53
1619.18
1360.85
1586.35
3572.04
1653.31
1736.71
1880.81
2416.39
2129.27
1678.48
2357.62
1844.56
5274.73
2172.32
1717.87
1120.45
1348.57
3117.48
1372.78
1272.77
1825.64
1557.84
2412.23
1195.9
2643.39
2041.15
1130.79
2556.63
1732.25
1494.46
1836.98
3674.06
2075.69
1796.63
1823.17
1223.11
1246.07
1677.56
1575.2
1413.3
1715.38
1437.83
1717.04
1419.42
2283.99
1524.94
1106.09
1416.72
1898.07
3451.19
1615.91
1473.13
1672.25
2706.98
1684.12
3098.77
1348.95
2980.48
2018.81
2211.83
1702.24
1222.06
2161.49
1767.27
1764.91
1597.85
6034.59
1304.27
1619.57
1772.82
1782.46
1738.39
1286.99
2229.72
1594.89
1388.23
1970.55
1170.26
2051.5
1399.35
1422.72
3473.49
1902.25
1801.39
1880.93
2350.63
1827.29
1771.31
4659.18
1870.01
1786.39
3065.25
1777.26
1650.97
1396.97
1905.88
2589.2
2435.74
2524.79
1479.57
4094.83
1909.16
2071.14
4465.94
1502.08
1968.84
2963.75
1512.75
1862.04
2153.61
1997.48
1889.9
1199.65
1858.74
1784.55
1776.02
1128.33
1167.48
1132.81
1353.35
1452.83
2030.64
2064.49
1518.64
1159.75
2159.5
1811.14
1695.24
2155.74
1911.9
1657.39
1642.71
1440.08
1995.75
1162.05
1163.01
4369.51
1194.5
2834.78
1551.66
2495.15
3028.13
1587.9
4009.45
1013.74
1875.61
1087.47
1194.72
1963.42
1965.98
2654.52
1642.46
1272.19
1379.55
1126.66
2865.1
1958.01
1208.69
1407.29
1448.81
1946.52
1236.56
2596.57
1869
2100.57
2070.06
4137.38
1650.65
2001.14
1389.99
1184.33
2965.41
1661.58
1504.66
1406.81
2396.12
1748.09
1472.76
2611.65
1749.08
2879.3
2763.16
1508.72
3068.33
1409.78
1188.69
1900.45
1489.89
1584.35
3282.15
1708.59
1125.65
1764.82
1099.43
3586.93
1199.69
1546.81
2914.02
2429.58
1252.28
1390.26
1835.08
1060.97
1231.83
2845.81
2590.39
2270.23
2709.31
1728.03
993.795
3735.04
2083.98
1394.61
2051.55
1503.94
1857.12
2107.12
1210.57
1221.11
1929.82
1499.16
2042.66
3540.87
2442.98
2098.21
2737.11
1496.75
2924.42
2135.78
3896.37
3992.31
2558.47
1524.91
2313.45
1038.14
4933.52
2240.19
1123.43
3176.8
1297.9
1789.24
1468.05
2286.4
2979.6
1095.55
2014.14
1446.55
3571.06
1598.32
2753.35
1604.84
3158.16
2866.96
2448.22
1373.42
1716.18
2020.42
2136.67
2202.5
1558.43
1393.01
1440.46
2420.8
1981.83
1385.65
1925.65
2147.65
1739.58
1749.09
1771
1693.3
2351.65
1566.24
2768.29
4080.44
2517.17
2430.14
1722.06
1253.45
1436.56
4448
1041.04
1437.45
1725.56
1542.05
1880.14
1212.37
1375.66
3082.11
3837.04
1665.23
900.88
2033.6
2667.09
1485.46
1573.51
1246.17
2010.51
1571.95
1697.25
1546.38
1588.72
2043.22
1241.22
1236
2219.43
1658.28
1894.26
1234.97
2379.96
1346.91
3326.22
1747.13
2921.49
2804.75
1217.68
1429.31
2903.33
2573.7
1754.81
1714.95
2698.33
1946.64
1866.9
1455.12
2286.21
1821.02
1768.94
1584.34
1584.87
1902.14
1410.1
3148
1268.32
3393.88
1444.38
2307.78
4598.28
2606.2
2560.91
2009.06
3327.52
2256.65
2073.81
2368.1
1348.77
2178.03
1832.08
1184.68
1390.54
2060.94
2443.29
1363.88
3308.99
1987.01
1707.98
2278.96
1903.88
1966.94
1847.97
1407.05
1315.6
1729.25
2674.37
1432.3
1669.03
2217.6
1487.01
1571.28
1793.01
2056.25
1350.37
1635.45
1279.78
2414.75
2107.07
1654.2
2295
1752.21
1730.77
2415.28
2386.83
1662.01
1246.7
1849.99
2650.73
1886.82
1922.99
1663.44
1684.02
1549.03
1638.99
1606.32
2772.39
2135.18
2921.76
1319.64
2277.13
2453.83
1780.83
1310.78
1897.97
2255.73
1837.52
1497.12
1634.71
1584.14
1877.78
1465.17
1923.28
1879.01
1731.28
1025.36
1854.28
1888.05
2067.66
2580.07
1609.93
1885.61
1193.92
2172.06
2568.98
1876.39
3082.42
1143.14
1207.52
2039.07
1706.13
1414.79
4350.87
1527.46
1458.1
3032.48
2045.33
2207.34
1421.37
2148.76
1339.98
1810.26
1942.14
1104.6
1731.09
1833.29
1859.07
1411.35
3009.83
1901.24
1146.67
1603.38
1801.35
1546.12
1491.05
1343.39
1267.43
2325.39
1201.77
2544.03
1950.21
1512.66
4992.63
6434.3
2227.17
2138.19
2593.76
2878.19
1429.27
979.515
1070.4
2708.68
1959.84
1419.45
2979.33
1513.1
2591.27
2222.07
3782.36
2156.02
3980.74
2887.94
1916.93
1774.55
1663.27
1474.83
1617.15
2323.04
1989.8
1243.45
978.719
1399.03
1341.52
2509.96
4859.04
1314.98
1099.56
1937.31
2069.18
3367.75
1952.53
1467.2
1859.83
2507.3
1776.64
2222.61
1382.06
2451.58
1408.45
1571.36
1784.73
1612.78
1470.09
3540.88
1950.69
1081.14
1819.31
1894.83
1270.22
1233.67
1523.73
3769.32
1490.36
1567.58
2202.08
2742.03
1201.34
5478.14
1101.16
1777.21
2196.76
2597.58
3925.93
2103.01
2399.49
1163.93
2746.13
1836.64
1374.48
1306.31
1231.69
2433.34
1670.13
2225.46
1604.3
2152.08
1943.01
2756.52
4421.76
1543.76
1670.62
1737.85
1905.26
1861.42
1847.68
2617.93
1306.56
1292.59
1322.47
1830.29
2113.27
1378.56
2244.42
3577.86
11809.1
1414.92
1777.45
1502.03
1851.52
2852.44
2207.18
1270.76
1352.35
1816.33
1703.56
1374.39
2253.7
2100.64
3146.24
1144.23
1853.2
2381.33
1921.85
1866.93
3453.56
1385.44
2751.84
1861.05
2036.47
1501.8
2456.2
1339.33
1578.71
2532.57
1354.5
1976.25
2930.28
2701.76
1551.1
2567.45
4266.51
2477.54
1890.2
4093.62
1751.86
1518.99
1962.69
1347.73
1412.44
4407.04
2062.42
1500.55
1603.13
2590.1
2602.52
1885.53
3665.21
1524.23
1515.67
2747.06
2040.65
1724.92
2344.3
1974.08
1570.32
2647.91
2231.34
1393.55
1435.25
3487.47
1285.98
1109.84
2623.92
1244.81
2846.37
2029.36
1403.76
1523.34
1696.52
1787.32
1651.65
1402.95
2014.48
2429.49
4185.21
1900.63
2725.4
1407.15
3002.36
1462.76
1500.85
3317.13
1705.94
1538.39
1688.24
2203.48
1543.02
1588.03
1869.42
1358.29
1315.48
1651.26
1353.25
1870.34
1289.9
2145.97
1610.81
1663.62
3325.3
1411.83
2502.67
3486.02
2428.28
1327.98
2298.59
1274
1365.91
1771.16
1464.19
1498.68
1967.03
1204.98
1881.72
2986.67
1895.8
2274.49
1659.7
2231.56
1793.21
1521.01
1345.59
1085.05
1604.31
2037.2
2093.36
1279.58
6237.69
1951.21
2521.11
2363.7
1703.77
1549.94
2649.19
2117.34
3283.46
1685.28
1443.33
1747.37
2106.9
2384.83
2301.67
2317.95
1888.69
1435.17
2384.6
2050.83
1465.59
1665.77
2089.22
1215.62
1360.77
2353.09
1679.25
1330.59
2683.46
2136.06
1896.83
1660.55
989.806
1780.68
1029.76
1446.02
1305.49
1725.49
1422.42
2700.41
1335.51
2765.11
1342.76
2626.96
1724.01
1292.76
2779.46
1914.51
1592.16
1689.14
1769.83
1197.79
2451.43
2679.27
1290.99
1553.29
1680.78
2153.05
1584.72
1647.56
2536.16
2253.54
4028.55
1992.05
1617.86
1620.32
2761.85
1789.21
1393.85
2025.54
1671.29
1551.52
1520.6
1322.75
2589.62
3616.97
1686.83
2011.92
1855.69
1994.18
3593.01
1546.7
1248.41
1443
1837.59
1173.58
3054.71
1455.28
1611.79
1519.96
1470.75
2593.92
1124.47
1527.91
1476.03
1978.24
1523.14
1250.94
1458.11
2094.58
2117.02
2960.98
1315.9
2066.71
7071.82
1681.03
1846.65
1817.99
1434.12
1469.03
1362.93
1773.9
1225.61
6522.11
1407.63
985.914
2285.89
1695.85
1567.52
2237.55
2157.47
2260.34
1272.02
1107.22
1857.6
2040.53
1919.47
3560.43
2539.62
1585.08
1751.29
2247.48
1445.81
1484.22
2313.99
1957.29
2074.13
1449.53
1971.77
1690.5
3079.12
1484.44
4541.55
2214.71
1571.29
4111.18
1433.54
2404.71
1198.24
1423.52
2158.69
1279.17
1969.99
2421.94
1540.04
2026.17
2080.92
2235.69
1831.57
1398.61
1316.66
1425.6
2430.9
1744.41
1548.43
1780.89
2305.53
2019.3
2697.98
2277.2
1793.64
1804.05
2257.22
2118.79
1612.69
2346.16
2303.39
1445.84
2745.5
2244.41
3118.24
1957.3
2340.38
4250.53
1166.7
1717.67
2937.57
2044.63
1766.14
1750.3
2041.59
1528.34
2643.68
2034.62
2282.24
1861.48
1800.13
2534.05
2635.24
2708.66
1607.16
1422.42
2011.89
1524.33
1485.98
1183.81
1519.25
1775.28
1688.84
1893.6
1329.71
2433.71
1559.23
1594.61
1652.65
1690.87
2257.56
1542.27
2048.63
1623.3
2356.58
1667.48
2201.13
2326.95
1811.73
3101.29
3742.06
1352.72
2093.75
1189.98
1986.89
1692.41
3744.45
1785.91
1172.19
2271.52
1697.21
3079.42
1726.59
2323.56
1663.2
1940.06
2238.94
1443.92
1090.11
1297.95
1323.62
2045.58
1810.85
1991.63
2130.56
3324.1
1457.46
1883.06
1441.07
3401.69
1352.71
1969.02
3318.34
939.786
2235.13
1579.41
3561.68
1376.3
1751.63
1411.9
1432.26
1705.65
2527.59
2738.91
1795.21
3532.13
1525.7
1980.6
2485.4
1531.66
1550.41
2187.03
4601.31
1330.33
1855.99
1511.94
2304.03
1632.86
1636.02
1779.37
1666.77
2007.71
1707.55
2521.68
1793.69
1915.92
1144.7
1597.68
1352.86
2013.79
2240.48
1871.7
1618.07
2622.02
3701.19
1016.25
1663.09
1500.29
2279.2
1031.01
1657.22
3374.14
2016.14
1382.09
1105.51
2065.5
3194.38
3801.49
1449.12
2126.91
1782.8
2269.46
1443.63
1615.62
3599.21
1785.42
3155.84
2996.17
1058.4
2051.52
1539.66
1221.78
3769.46
2680.78
1759.48
1728.11
1876.46
2242.54
2243.35
2114.02
3040.04
1430.92
1127.61
2074.77
1478.48
2429.75
1975.26
1713.14
1338.55
1890.69
3359.05
1971.92
1417.11
3802.01
3171.69
3366.44
1680.54
1736.7
2476.77
1451.83
2792.34
1460.23
1313.84
1596.83
1521.44
2812.86
1094.22
1446.92
2841.42
1572
3501.77
2628.51
1558.95
1215.79
1867.41
1338.15
2611.2
3310.46
2130.54
1748.32
4811.94
7535.23
2377.4
2811.14
2107.82
4168.08
1587.15
1602.63
1463.89
2658.76
1253.53
1603.91
1840.21
3132.32
1607.12
1470.11
1544.35
1295.31
1766.9
1122.23
2337.68
1530.43
2106.12
2352.14
1373.02
2549.37
1391.19
1513.41
1820
2391.84
1558.8
2277.59
1942.25
2009.13
1930.53
1962.98
1618.18
1291.79
1634.72
1481.7
2410.1
1139.74
1603.49
1662.66
1364.15
1806.16
1735.15
1315.12
1526.13
2005.23
1592.04
3681.72
1563.74
1548.43
3290.27
2721.45
2405.37
1317.8
1307.71
1804.26
2247.8
2130.75
1550.35
4110.76
1282
2259.51
1444.21
1838.36
1244.26
1767.64
2057.22
2226.04
1648.82
1214.34
1368.32
1916.65
1263.91
1353.37
3823.58
3164.46
1345.67
2637.95
2008.68
1167.75
2854.33
1712.48
3113.83
1480.2
2307.23
1420.28
1525.47
1578.09
1927.95
5983.86
1658.74
2290.98
1579.52
1909.38
1009.87
1919.18
1931.49
1177.35
2617.83
2972.75
2303.12
1577.27
3758.18
1248.25
1604.12
1567.03
2244.48
1379.89
1734.35
1450.27
2277.31
2747.42
5384.87
1757.38
1760.13
1143.15
2551.65
1847.4
1370.65
1635.28
1850.6
1031.02
2270.44
1294.13
2500.9
4332.3
1758.14
1174.9
1568.51
1969.35
1714.47
1993.46
1330.44
1293.68
1344.59
2060.3
1428.97
2361.52
4075.54
1561.7
2100.6
3492.05
2923.09
1663.04
2445.29
1515.35
1839.69
2169.3
1820.69
1735.21
2373.22
1349.68
1896.79
1545.85
3438.54
1480.29
2042.8
1154.33
1572.43
1196.91
2346.46
2670.27
1430.06
1279.29
1512.26
1636.37
1792.66
2937.85
2234.17
2541.38
1108.46
2369.54
1684.31
2022.83
1791.63
1804.32
1416.14
1228.52
2656.45
1478.82
1635.6
3391.85
2245.14
2120.39
1956.97
1292.34
1778.38
2216.65
2387.65
2200.61
4185.51
2122.79
1427.38
1497.78
3197.35
1698.49
1827.25
7284.86
2259.2
1450.02
2213.24
2023.18
2104.33
2157.1
2025.55
1554.37
1660.71
2076.16
2427.27
1232.84
2061.37
1703.98
1749.46
1922.02
1184.35
1965.56
1861.1
1961.28
1913.76
1860.12
1689.19
1354.42
1725.7
2816.37
1605.46
1823.26
1719.91
3285.87
7484.55
1236.98
3742.67
1167.96
1578.82
4295.59
1660.27
1821.58
1898.57
2507.43
1781.05
2437.92
1752.08
1834.06
1706.86
2180.78
1289.04
2535.81
2021.87
2227.63
1416.44
2855.99
1620.69
2875.67
2210.95
2698.82
1303.05
1803.22
1378.58
2531.84
1714.54
5342.45
1411.79
1999.45
2253.55
1456.56
4064.11
2679.75
1885.09
1557.08
2365.14
1540.31
2212.49
1451.37
2362.6
1795.12
1117.69
2421.19
1604.07
1340.53
1637.85
1098.72
1514.54
1498.8
2258.44
1821.82
1781.82
1497.75
2384.83
1726.31
1012.25
2062.37
2415.37
3728.04
1842.98
3601.28
1734.23
1385.78
1226.4
1744.2
1694.21
1421.18
3165.39
1648.24
2002.98
2607.05
1668.91
1468.87
1891.91
1007.5
2637.38
1826.84
2748.34
1875.65
2413.12
1961.05
2299.02
1702.33
1666.77
2131.34
1573.13
2216.81
2068.24
1705.28
1796.76
2162.99
1725.52
2014.45
1742.62
1458.45
1208.22
1809.25
3170.13
2630.51
2100.35
1812.23
1899.56
1821.54
1760.83
2441.52
2007.35
1722.59
2100.17
1694.15
2064.68
1523.87
3105.72
2563.17
2376.22
1332.6
2081.74
1184.27
4362.57
2185.03
1996.83
1262.87
2315.05
1341.15
2665.34
1444.52
1625.71
1553.16
1381.08
1631.31
3431.8
1595.96
2563.64
1374.34
2585.35
1924.39
3399.85
5155.39
1468.7
3811.71
2163.84
1504.48
1476.46
2364.8
3461.37
3618.51
3102.86
2576.89
1882.71
2392.84
1728.49
1313.75
1130.51
1181.72
2679.6
1373.28
1200.2
1873.04
1991.06
1397.86
1709.53
2614.23
1724.28
1283.37
2525.15
2044.02
2700.93
1745.79
1871.16
2197.55
2922.33
1883.41
1767.97
1283.27
2691.3
1588.19
3303.88
3456.21
2366.97
1535.8
1636.21
1355.97
1521.79
1891.23
2009.76
1651.48
2079.48
1393.6
1405.73
1932.6
1943.89
1555.93
3477.54
1932.02
3427.29
1814.37
2382.87
1053.66
1806.92
2378.84
2348.63
1959.5
1955.82
1857.74
1347.64
3085.33
2333.95
2550.22
1677.94
2775.23
3062.18
1748.01
1847.85
1659.34
1766.49
954.997
2991.29
7748.58
1807.44
1232.78
2613.42
1978.55
2100.38
1915.5
2346.78
1577.07
1321.14
1108.64
4378.07
1369.08
2000.47
2618.56
1877.12
1385.86
1647.92
2159.71
2272.29
2184.37
2233.14
2135.75
3920.19
1154.33
1710.02
1675.11
1755.84
3169.2
1653.51
1380.35
2980.2
1530.44
2616.66
2545.19
2143.99
2648.33
1703.79
1184.12
3317.57
1663.71
1978.74
1518.06
1163.96
2299.71
1702.55
4500.83
1951.88
1717.12
2702.14
2474.22
1516.77
1611.56
1449.62
1811.32
2737.29
1569.65
2217.63
3754.57
1375.25
1214.04
2917.14
2778.08
2134.14
1578.49
1899.63
2370.44
1574.18
1756.19
1697.67
1807.3
1494.3
2528.25
2316.84
1872.37
1857.31
3425.29
1800.94
1882.13
4147.91
1789.1
1794.31
1635.91
1653.02
1732.3
1270.88
1852.69
3470.05
1747.99
2037.8
3468.75
1138.8
1960.47
1921.06
1363.54
2858.24
2220.85
1086.86
2271.73
2051.09
2916.4
3240.63
1588.11
1444.99
2765.96
2242.09
2356.66
939.377
1715.61
2044.68
1080.9
3244.79
1106.55
2198.46
2497.83
1441.49
1831.78
2185.44
1772.04
1796.21
1451.16
1618.2
1953.94
1644.92
1170.87
1772.39
1145.66
1523.27
5417.72
1686.81
2388.25
1534
2526.32
1019.29
1275.6
1386.58
2798.63
1643.63
1949.6
1690.11
1124.72
1962.4
2635.89
2627.46
2058.58
4114.83
2980.35
1537.68
1299.38
1926.72
1744.55
1940.57
1833.72
2706.12
1629.59
2241.49
1944.14
1650.66
1479.67
2985.74
1716.54
2779.11
2038.21
1350.32
2118.28
1703.14
2753.13
1348.65
1741
2840.3
1946.03
1227.13
1243.91
2409.09
1367.06
1719.31
1338.55
1145.74
2075.48
1884.96
1505.67
1765.14
2163.25
1376.61
1433.11
2495.62
1982.6
2077.44
2044.88
1528.08
1560.97
1132.39
1809.99
2117.03
1870.97
1667.53
2177.32
2155.77
1617.13
2209.48
2117.93
1526.92
1319.96
2264.19
1658.32
1842.12
1774.97
1699.82
1612.21
2184.18
2359.46
1607.1
2517.69
1747.24
2782.72
1986.04
2912.71
2401.83
2186.43
1730.56
1548.71
1895.31
2491.55
3556.24
1480.42
1202.83
1982.65
1703.72
2328.87
2066.98
4106.94
1813.15
1186.49
1709.19
1677.12
1187.63
1518.38
1354.72
1298.89
2567.36
1975.87
1527.85
2613.5
1286.01
2236.09
2501.61
4228.22
1829.06
2146.19
1050.71
1588.72
2740.89
1850.67
2338.79
2738.23
1327.21
2030.93
1810.07
1757.42
2058.24
2895.77
1212.37
1992.38
1987
1459.66
3902.73
1339.81
2831.29
3172.11
1395.06
2424.65
3117.5
3624.11
1476.4
4486.03
1330.82
2232.99
2006.88
1397.24
2758.32
4873.02
1485.43
2604.22
1385.8
1132.46
2164.12
2612.55
1451.22
3405.21
1662.94
1325.2
2629.14
1524.25
2012.16
1665.43
1535.98
2464.42
2600.2
3698.71
1077.45
917.394
1693.43
1232.55
1051.04
2087.04
1494.78
5263.31
1478.88
1311.51
1814
1439.33
2294.78
1995.18
2256.01
2478.55
1966.04
1543.59
2419.32
2218.31
2357.88
1865.13
1798.74
2696.37
1915.08
1247.56
1622.59
1353.12
2249.15
4553.16
4142.58
1730.4
1717.74
5291.4
1832.37
1238.98
2321.75
1076.81
4018.19
3355.72
2095.05
1945.36
1169.08
1419.39
1345.21
1114.05
1792.71
2016.04
2904.03
2177.58
1745.42
2330.19
1682.77
1377.99
1786.94
1171.69
1277.59
1195.67
3417.51
1898.52
1767.95
1762.07
2404.94
2056.87
1333.97
1681.87
1722.62
1733.99
2952.39
1831.92
1257.84
1874.75
2341.82
1862.04
1724.07
1498.82
1662.41
2063.04
4068.04
1710.29
3072.93
1999.49
2349.33
1972.68
2210.74
1291.87
1417.09
1742.68
2368.44
1498.34
1220.12
2046.09
1910.17
2837.6
3411.51
1632.62
1983.8
2463.84
1518.38
3677.52
1235.01
2158.6
1252.34
2121.41
1952.4
2323.5
1800.17
2999.48
1852.31
1935.43
1702.74
3785.89
2235.09
2204.86
2764.98
1628.52
1651.09
1763.75
1851.37
2088.69
2191.26
1986.75
4352.7
1518.69
1716.28
2623.23
1921.48
2999.58
1621.79
1269.05
1937.22
1989.25
1784.01
1394.41
1800.41
1387.02
2032.14
2446.68
1981.27
2416.35
1750.05
1530.19
1769.03
1484.96
2290.99
1739.29
2600.39
2387.78
1576.93
1855.63
1736.33
1304.73
1536.61
1869.11
1385.75
1422
1371.81
1536.16
1402.99
1205.05
2832.87
2977.36
1941.46
3322.73
1815.38
2002.44
3098.19
1936
1991.55
2053.81
1504.84
1788.25
1898.94
1339.76
2153.45
2440.46
1763
1386.08
1826.05
1156.99
1460.34
1436.87
1724.16
1024.1
1167.35
1504.37
2059.82
1937.45
1432.54
1274.23
1532.14
1785.77
1332.38
1501.98
1924.85
2005.09
2060.03
2376.74
1716.87
1041.06
1071.22
1805.53
1923.98
1131.75
1746.39
1194.67
2871.37
1207.52
2427.97
2319.6
1822.39
2459.07
1966.99
1932.18
1858.72
2970.63
1397.28
1903.78
1513.8
1423.68
3169.83
1621.27
2343.46
1581.79
1644.03
1433.02
1374.19
1427.4
1685.64
2771.34
1901.79
2184.5
3113.46
1283.81
3546.18
1974.59
3101.06
1679.02
1821.26
2212.18
3001.23
1407.85
2282.79
1608.23
1747.26
1593.86
3076.13
2406.43
2764.13
2296.28
3330.39
1695.67
1351.85
1420.99
1423.6
1344.13
1518.73
1360.83
1848.4
2138.67
2681.87
2119.52
2364.62
1648.09
2087.47
1481.47
1313.1
5915.46
1253.51
2432.78
2137.18
1317.8
2397.61
1171.87
1767.09
1669.19
1744.06
2471.9
1734.93
2289.65
1641.06
1716.26
1467.06
1784.53
1137.42
2407.86
1547.72
2120.36
2435.63
1390.34
2603.59
2346.51
2439.29
2877.76
3566.21
1605.26
1908.66
1087.58
1719.59
3646.19
2230.71
1262.72
2635.78
1520.5
2503.31
1437.56
1272.81
2344.39
3313.55
1268.41
3405.01
2786.12
3270.01
1408.53
2037.02
4211.14
1215.38
1531.96
1739.04
2142.3
1441.48
985.075
1244.76
1949.08
2109.25
1583.3
1780.45
1285.51
2004.41
1676.95
1444.64
1835.94
2068.81
1653.63
1550.98
1873.54
2419.18
3050.36
1706.15
1398.05
1128.17
1591.29
964.273
2548.15
1732.53
2129.66
1230.31
2218.63
1298.91
1638.49
1287.92
1667.29
1644.52
1570.04
1702
1226.77
1894.17
1045.97
3094.7
1726.11
2041.44
2376.49
1475.87
2234.11
1952.83
3975.3
1473.47
1158.38
1429.83
1685.5
1477.39
2180.81
2806.4
1758.75
1876.04
1944.58
1293.85
1490.08
1575.63
1558.11
1407.88
1405.92
1475.38
4182.99
1981.35
3018.77
2565.8
2254.36
1531.69
1771.31
1400.09
1402.52
2081.47
1755.58
1670.76
1647.28
1653.49
1902.19
3302.99
1336.37
1893.24
1979.4
2627.16
2337.23
3808.03
2586.6
2264.42
4668.35
4515.33
874.243
3564.86
2290.89
1622.43
2141.5
1310.11
1654.47
1549.93
1881.85
1915.21
1642.14
1456.95
2019.39
1336.59
2440.18
1932.67
1454.22
1799.91
1730.77
1767.92
4956.19
3343.74
1567.05
2233.78
1443.76
2686.11
1566.26
1157.06
1628.22
2169.1
1651.04
1946.65
1896.84
2763.8
2623.36
1410.4
2270.3
3130.82
1864.29
1301.11
5496.01
1291.65
2394.67
1725.77
1226.01
1983.51
1958.8
1664.45
1635.52
2296.14
1271.57
1578.16
1824.92
2717.94
1689.58
1458.56
1958.01
2432.12
1293.79
1870.92
2446.09
1625.93
1880.27
2066.1
2256
1617.83
1876.25
1735.29
3045.46
1858.42
1389.57
2102.04
1664.34
2151.27
1510.44
2320.83
2673.65
1845.22
1092.08
1629.81
1906.96
1148
1769.38
1546.1
1531
2961.82
2087.31
1235.68
2122.69
1425.21
3100.56
1192.59
2077.57
1287.22
2045.34
1546.56
2156.48
1608.38
2085.01
2370.07
2240.4
2284.31
1556.06
1988.98
2067.6
2874.04
1176.01
1883.72
2236.18
1420.08
1828.16
3082.26
1095.19
3875.75
1614.86
2305.17
1899.78
1293.56
1616.6
1531.67
1993.73
2410.73
2080.06
2341.37
1650.9
1453.79
1634.07
1288.11
1784.02
2063.27
2526.67
1547.48
1267.14
2495.91
3505.29
2304.64
2439.88
1425.42
4691.04
1999.54
1793.31
1434.74
1362.14
1381.14
1533.58
1608.84
2441.56
2025.57
1750.08
1103.76
1432.36
1560.01
1882.58
1871.67
1691.47
1541.25
1941.19
2419.81
2035.71
1479.59
1658.84
1096.48
1892
2267.75
1121.77
2133.32
1659.44
2349.36
1809.06
2346.97
2389.79
1772.17
1592.02
1875
1885.06
2710.77
1789.69
1778.94
2197.8
1606.95
1745.3
2171.31
1899.93
1314.26
1735.2
2043.06
1875.58
2079.11
1474.14
1965.01
1454.02
2060.26
1340.95
1354.76
1261.07
2571.64
2595.56
1617.47
1507.39
1142.02
1563.29
1926.6
3718.19
957.777
2315.52
1351.36
3307.03
1061.75
1553.32
1295.11
1825.48
2837.37
1399.94
1393.18
1258.7
1856.12
1396.21
2114.43
1484.93
1367.02
3189.1
2954.77
4175.8
1560.1
1511.83
1491.84
1594.38
3127.38
1862.55
2130.41
1603.66
993.942
1673.97
1854.51
2242.13
2553.22
3282
2207.24
1932.12
2676.95
1356.87
2450.04
2260.42
2284.99
2566.09
2776.07
3958.02
1585.58
2128.08
1161.04
1967.74
1354.54
1929.06
1200.56
2181.07
2636.58
3273.4
2034.51
2429.06
1338.82
1431.35
1903.75
1703.65
1420.16
2836.78
1570.95
2361.68
3566.09
1807.82
1545.14
1212.79
2236.11
2386.49
2966.61
1713.59
1438.95
1381.62
2115.75
1150.36
2709.9
2800.79
1795.44
2056.75
2387.01
2652.75
3258.98
2505.52
1960.54
1831.57
1547.61
1703.38
1708.32
1888.5
3286.09
1573.67
2823.8
2147.3
1514.77
1369.41
1565.62
1361.2
983.49
2546.66
1262
1773.34
1579.13
1721.38
1481.9
1804.04
3976.45
1640.26
1241.21
1722.24
1313.22
2041.46
1909.25
2051.07
2440.44
1395.84
2031.6
1706.56
1426.03
1866.26
1811.62
1645.96
1955.32
1931.17
2565.72
3056.67
1412.6
1306.31
1805.59
1288.88
1756.9
2217.21
1816.07
2913
1852.16
1684.82
2087.63
2165.33
2012.77
1655.42
1487.19
2279.19
1760.07
2580.97
1642.55
3396.58
1574.21
1039.94
2246.87
4060.69
3131.19
2505.84
1319.94
2131.82
3846.06
1410.06
1685.06
2789.83
2377.28
1550.85
1511.58
2843.84
1659.95
2002.65
2534.59
1711.01
1811.8
1450.94
1945.18
1490.37
1675
2396.27
1442.87
1734.47
1377.4
1715.29
2360.53
1852.83
1486.15
1326.02
5581.03
2420.03
1621.67
1687.37
1724.03
1849.19
1514.13
1723.58
2498.6
1971.06
1817.5
2122.07
1483.54
1512.3
1741.91
1430.1
2089.6
1781.11
2009.76
2762.98
1590.4
1380.82
1035.73
1756.95
1920.69
2047.16
1945.21
1794.12
1977.26
1545.1
5296.09
2005.33
2778.56
2210.76
4587.13
2009.7
2156.32
1300.78
2269.16
1656.38
2844.54
2680.27
1587.32
1589.6
1593.49
1402.93
2317.31
2026.9
3484.17
1849.78
2055.18
1336.61
1684.76
1564.47
2275.67
3132.7
1249.44
1859.3
1931.21
1647.75
1578.7
1390.11
1480.85
1856.46
1789.55
1848.15
3595.59
1808.92
2195.65
2162.76
3126.6
1578.67
3454.93
3691.5
1675.11
2740.88
1728.55
1875.79
1593.26
1686.56
1666.16
2713.28
2767.22
1977.61
1416
1223.99
1171.61
1047.83
1841.92
1106.13
1601.33
2040.21
1946.72
1850.23
3215.78
1778.08
1799.54
1428.18
3293.73
1725.36
2805.87
1328.35
3636.09
1801.45
3000.42
1950.43
3740.6
1080.73
2082.73
1114.87
1152.69
2653.41
1303.93
1261.04
1885.21
1801.97
1329.53
1297.75
1645.53
1422.48
2253.72
2083.08
2493.87
1519.45
1826.08
1775.52
1590.69
3482.35
2279.94
1634.28
2818
1877.07
2009.25
969.221
2111.03
1425.42
1670.75
1265.39
1726.31
1744.84
1616.42
1509.68
1915.75
2130.58
2220.27
3797
2581.03
4747.71
883.161
1091.82
2742.61
1723.54
1509.72
2601.55
1482.81
1854.27
2078.58
1259.1
1665.02
1527.7
1406.08
1771.52
3786.17
1937.21
1304.17
2267.9
1316.1
3727.49
1585.49
1750.31
2582.14
1008.22
1457.67
1855.12
1692.14
1757.48
2823.03
1803.72
1449.97
1866.32
2022.78
4473.83
2697.62
1741.61
3605.92
1280.12
1335.67
3523.4
2084.34
1915.88
2471.85
1862.37
1315.89
2585.32
1671.77
2219
1596.14
2789.89
1608.59
1828.98
3771.36
4220.76
1518.37
1292.88
1930.06
2066.79
2001.98
1692.4
1557.24
1203.23
1669.24
2238.3
6506.93
1488.83
2045.44
2322.8
3311.25
2193.39
1553.13
2042.92
1326.34
1947.82
2425.3
1888.28
1555.47
1738.11
1656.16
1486.88
1615.9
1642.8
1458.56
2184.97
2398.44
1274.15
1852.42
1651.04
2322.75
3836.95
1725.32
1444.62
4290.18
2350.73
1392.59
1227.3
1601.41
2198.91
1241.55
1077.99
2281.07
7360.98
1919.55
1681.6
1997.78
1825.68
2047.42
1709.25
1535.53
3023.36
2064.72
5023.07
1376.25
3702.56
2140.55
1643.87
898.069
1601.24
1529.02
1483.68
2311.29
1885.68
1519.9
1554.48
1699.54
2141.2
1417.02
1395.68
2240.93
2002.87
1509.22
3290.17
1507.86
1287.73
2026.03
2057.11
2835.1
2192.48
1612.87
1378.66
1345.37
2318.6
1726.41
2405.99
1854.77
2935.61
1916.48
2678.14
1942.1
2744.81
1316.92
2327.62
1370.59
1294.38
1862.72
2551.02
1363.88
2784.36
8570.5
1756.91
2880.44
1401.09
2155.64
2608.72
1523.84
2911.65
2044.69
1180.83
3261.49
2382.49
1677.4
1216.03
1087.05
4087.44
1816.76
1647.36
1405.42
1626.55
1329.64
1741.15
1137.36
1629.29
2422.74
2091.67
2493.88
3994.19
2882.89
2037.27
1260.47
1586.05
1922.29
2293.84
1538.27
2499.47
1320.23
2072.53
2402.73
1627.29
1402.33
1249.12
2412.46
2188.94
2113.82
1477.94
1397.59
1481.12
2154.73
3012.94
1915.13
1876.16
1348.32
1819.06
1610.63
2418.54
938.412
1440.01
1576.11
1838.32
1669.82
2876.99
2520.7
2800.15
1211.88
3498.25
2307.79
3095.95
1925.57
1609.48
1634.96
3141.88
1880.06
1861.29
2591.75
2027.12
1717.14
1705.33
3030.39
1951.1
1521.62
2052.16
1975.85
1077.2
1570.09
1394.34
1534.89
1305.37
2040.1
2057.31
6070.16
2192.4
2147.21
1573.7
2802.35
2755.65
2764.02
2186.37
1978.97
1594.85
1647.29
2859.29
2198.62
2560.09
1634.62
2367.43
3212.24
1825.06
4119.31
1879.85
2844.96
1851.11
2269.12
1170.09
2995.01
1133.09
2700.72
2568.4
1734.29
1695.55
2014.87
2940.63
1708.1
1832.74
5485.38
1310.45
2483.07
2360.47
1815.27
1563.75
2350.36
1574.38
2560.66
2727.05
1281.26
1754.89
1933.25
5948.01
1826.41
1993.59
1458.73
1442.29
4730.38
2477.78
1634.8
1077.73
1422.76
1227.72
1601.08
4200.8
1551.69
2550.64
2017.72
3963.84
1350.55
2114.21
1264.48
2173.44
2652.37
1637.69
3076.79
1746.18
1484.53
2330.52
2625.59
1141.79
3891.66
1995.15
4474.44
2622.33
1242.44
1685.92
3096.47
1166.57
1816.45
1498.76
1180.79
2208.14
2793
1976.99
856.73
1464.96
1671.43
1507.19
1010.24
1051.54
1953.64
1605.21
2105.59
1787.76
1838.01
1561.82
2169.63
1207.77
2658.83
2454.25
1727.84
2119.74
1963.32
1370.34
2879.5
920.768
2765.91
1873.6
1585.96
1193.36
4379.07
3247.84
3061.9
1609.49
1544.04
1359.5
2167.47
1416.59
1283.73
2117.29
1492.82
2028.9
2592.97
1651.64
2296.89
2340.18
1255.94
1195.44
3059.86
1666.39
2033.9
3005.04
1230.18
2020.51
1491.6
1528.79
1789.29
6775.54
1667.89
2558.19
1134.34
1598.31
1378.78
1736.53
1415.97
2230.48
3277.46
1458.32
1489.6
752.589
2144.57
1872.17
2271.36
1515.77
1456.97
1797.5
1513.37
1895
2493.43
1434.84
1253.14
1483.56
2998.84
3844.72
2791.03
1603.41
1091.59
1349.5
3254.34
2098.08
1591.16
1581.67
1694.53
1756.97
1550.54
2212.92
1567.4
1952.14
1198.61
2421.05
1276.06
2956.12
4128.72
2624.02
1795.64
1357.17
3516.98
1670.85
2037.15
1722.39
1431.27
1433.35
2371.89
2350.24
1330.3
2021.49
1296.87
1710.07
2307.42
1171.92
1506.72
1432.03
2194.96
2232.62
1982.95
2911.6
1248.7
2448.24
2242.82
4760.11
1990.67
1382.51
2614.88
1738.19
2138.52
1094.15
2387.3
1841.18
4472.52
1564.56
2122.69
3010.66
1764.78
1678.14
2095.2
2254.76
3784.82
1659.07
1369.56
1803.64
1725.62
1448.95
1481.47
1434.45
1306.67
1448.1
2010.85
2385.99
1140.74
1892.69
3477.6
1737.27
1142.46
1772.6
2295.64
1952.7
4207.09
2382.86
1216.92
1697.61
3728.73
1817.69
1157.37
2738.88
1621.45
1191.79
4832.76
1522.59
2327.14
3250.65
1262.77
1404.6
2325.83
1432.93
2301.45
1246.09
993.074
2163.38
1313.66
2462.81
1970.34
3789.19
1583.53
1240.26
2443.53
1530.59
1433.25
1474.66
1372.51
2401.73
2506.75
1883.82
1015.32
1202.9
1501.35
1960.11
1843.32
2079.12
1514.71
1403.62
1105.87
3660.24
2746.17
1855.57
2655.74
1871.92
1229.13
1995.2
1747.06
1612.11
1986.52
2343.32
3891.22
1146.74
1631.63
1811.45
2788.88
1653.54
2356.74
2175.02
1096.25
2734.09
2194.16
1181.6
2533.76
1883.89
2077.84
1301.37
2082.12
2399.09
3180.54
1734.44
1150.67
2980.98
1748.77
1665
1217.69
1306.53
1655.71
1444.3
1623.01
1560.76
1542.2
1518.03
1879.02
1766.69
3021.94
2127.08
2212.45
1459.11
2566.47
3114.03
2140.92
2128.12
1382.08
1670.09
2281.01
1385.96
2081.02
2076.81
1524.3
1898.44
2001.21
1729.07
1632.37
1775.86
2006.05
1431.87
1797.56
1155.27
1673.08
1665.12
1191.86
1459.22
1991.85
1425.03
2851.85
1409.6
1411.24
1629.23
1769.12
862.957
1800.3
1217.63
1510.85
2050.86
1548.31
1325.28
1885.91
1114.9
1876.4
1806.37
2936.5
1783.95
3139.49
1504.84
1665.44
1948.17
1888.96
1079.36
1729.6
3274.49
1176.07
1596.57
3709.93
2236.23
4059.23
1821.63
1355.92
2628.82
3233.08
1519.9
2682.79
1729.84
1315.39
1497.43
4360.87
1667.95
2382.66
1625.61
1754.97
1717.38
1376.64
1068.83
1416.57
2198.01
1780.16
1473.45
1425.52
5016.16
2014.71
1504.22
4976.23
1410.11
1811.86
1770.78
1762.11
1667.17
3206.87
1824.25
1185.35
1388.89
1394.02
1384.96
2109.51
1131.78
2228.46
1729.07
1307.59
4825.46
2010.19
2356.1
1123.78
2203.89
1916.12
4112.24
1331.16
2755.48
1466.83
3444.17
1737.11
1313.61
1275.63
1733.22
1869.17
1672.67
2882.88
1876.74
2497.55
1169.02
1775.07
1122.15
2002.68
1918.96
2298.18
1348.57
2411.02
1500.16
2099.87
1100.04
1713.59
2067.85
1361
2316.34
2895.67
1972.32
1480.78
1654.64
1513.71
2927.73
1286.37
2591.78
1676.67
2361.53
1351.87
1874.34
2966.02
1642.23
1215.93
2300.43
1540.22
3288.7
2797.15
1689.8
3576.61
1569.45
1624.83
2301.74
1153.49
2277.29
1950.09
1531.69
2695.44
2650.6
2032.18
1409.35
2184.49
2146.68
1302.55
1349.87
1656.88
2335.14
1433.09
1956.09
1336.3
1784.05
1389.4
2437.37
1501.34
1961.86
1909.82
991.18
2133.33
1377.46
1612.79
1632.64
2070.5
1944.83
1362.45
1849.04
1778.98
1579.19
2008.01
2274.32
1085.5
2801.86
1838.99
1958.29
2099.25
1353.19
1432.32
1324.46
1735.22
1617.66
2295.06
1665.81
4544.54
1507.92
2209.11
1174.35
3512.95
1219.22
4723.17
4971.94
1739.19
2543.42
1290.82
1259.15
1579.19
1590.1
1538.88
1926.42
1965.25
1565.46
1285.94
2406.47
2595.02
1418.86
2318.27
1886.6
1203.19
1691.77
1516.78
1374.69
1786.25
1964
4201.48
1854.16
1977.01
4229.34
1213.15
1169
1548.58
2815.75
1077.27
3608.16
2998.45
1459.8
1454.41
2118.67
1664.78
1638.53
2335.01
1684.56
1337.76
1692.95
1477.94
1646.97
1608.74
1430.86
1272.66
2754.76
2595.92
2407.56
2094.3
2374.3
1929.46
1743.45
3499.69
4526.46
1952.23
1786.83
6317.82
1478.29
1545.23
2119.61
1595.16
1437.92
2343.01
1753.09
1685.4
1521.45
2339.52
1565.4
1791.58
1395.67
1049.68
1462.67
5962.26
1668.39
1209.51
1748.64
1779.89
1278.23
1251.58
2645.76
1917.04
2193.77
1302.9
4849.04
1653.15
1306.89
1851.01
2204.73
1344.92
2539.47
1638.92
1152.36
2341.32
1557.96
1729.39
2860.38
2610.88
1454.58
3171.48
2093.95
2844.57
3226.05
1288.62
2124
2785.09
2843.33
1409.23
1524.51
2104.28
1742.59
1656.42
1901.83
2330.97
1954.65
1459.53
1585.56
1318.64
1817.61
3304.96
2530.81
2159.59
997.942
1367.49
1351.34
1750.42
1832.27
1422.89
2369.96
2009.2
1306.2
1772.32
1480.44
2150.63
1442.86
2126.52
1662.64
1328.47
1477.83
1760.37
2208.25
2949.1
1563.07
1294.39
1644.14
1891.12
1314.33
1833.76
2101.29
1214.72
1413.57
3142.8
2225.33
1793.26
1289.34
1613.48
3709.86
1708.08
2089.05
1934.43
1764.14
1693.47
2835.78
1728.19
1230.31
1896.15
1804.02
2211.65
1938.98
1770.64
1572.88
2044.92
2359.27
1312.69
1877.23
1812.15
1563.94
1651.43
2931.18
1895.67
1735.61
6907.7
1378.88
1882.78
3395.85
1751.62
1937.09
1366.72
1982.89
2783.74
2844.02
1800.09
1175.99
2263.86
1242.61
2631.4
1910.75
3271.41
2360.17
1436.2
2123.25
1771.42
4202
1453.88
2782.26
1428.09
1753.73
1326.75
2463.31
3212.9
1292.6
1964.14
1944.15
2026.47
6019.02
1358.7
2544.44
1375.32
1850.77
1268.39
1604.23
1873.5
3955.64
1709.69
2024.48
2546
3004.05
1618.39
1415.12
2554.73
1716.91
1589.48
1813.71
1261.47
2852.51
1812.67
1749.42
1761.47
1437.69
1884.02
2191.67
2433.46
1294.25
1588.82
2065.1
4353.8
2886.84
1763.68
1191.41
1293.62
1922.71
2083.14
1772.25
1751.64
1987.93
1725.99
1810.39
1860.54
1801.04
2668.71
3149.59
1882.48
1596.07
1569.22
1556.38
2983.56
1898.38
2648.88
1578.64
1956.82
1443.09
2961.72
2316.71
2690.91
1509.69
1328.72
3293.5
1101.2
1226.48
1909.74
1269.94
1634.36
1470.34
1254.05
1941.94
1410.69
1641.28
1997.99
1372.54
2349.56
1954.26
3744.65
1171.42
1253.15
4558.67
1489.09
4713.73
2493.42
2281.61
1796.05
1988.38
2270.84
1483.11
1731.44
1628.44
2832.21
2416.02
2968.65
2266.04
1398.9
1329.81
1730.27
1294.39
1457.89
4386.74
2450.7
2472.55
1328.11
1405.1
2162.38
2145.89
1784.2
2376.44
2633.51
1728.47
1524.11
1715.11
1777.18
3694.55
3429.79
1124.44
1504.44
1248.8
1929.31
1400.82
2866.4
2160.54
1665.83
2282.55
2348.55
1372.43
1536.69
1235.93
1419.04
1948.52
1089.77
1569.92
3603.72
1812.35
2542.93
2288.63
1109.05
2603.57
1553.87
1477.64
1854.64
1494.06
1167.54
2652.89
1984.25
1947.23
1576.89
1715.47
1558.7
1513.17
2182.85
2787.82
1328.99
1722.85
1439.29
2601.85
1777.53
2885.48
2572.59
1554.36
2660.67
1755.16
1272.49
1002.56
2652.5
2141.01
1859.07
1465.07
1550.83
1960.52
1827.87
3099.11
1539.44
2439.37
2205.96
1696.28
2131.49
2701.73
1637.61
1544.94
1655.39
2022.91
1528.47
2094.05
2407.2
1156.72
1685.27
1355.31
1829.92
2068.82
920.597
1258.08
2098.5
2176.93
1771.88
1798.84
1126.92
1955.03
1909.61
2257.58
1713.53
1666.41
1696.45
1575.87
3853.42
2160.74
1544.88
1654.27
2558.14
1657.24
1432.9
3066.26
2151.75
1938.68
1669.61
1481.46
954.595
2172.69
974.875
1289.09
1598.41
2266.91
1782.29
867.811
2135.51
1863.6
1969.02
1772.87
1554.01
1771.69
1864.79
3827.46
2095.01
1915.53
2398.43
2475.03
1635.93
1514.38
1511.01
1177.88
3731.02
1519.24
1380.38
1629.62
2616.01
2926.84
2363.54
1487.32
1571.18
1809.08
1597.09
2507.19
1279.36
1385.4
1364.94
1624
1487.85
1768
1437.24
1464.06
2692.61
1935.5
1391.66
1931.24
2093.97
2253.02
1178.73
2561.57
1358.82
2137.83
2142.59
1403.5
2121.51
1303.45
1337.79
1539.64
2288.8
1402.1
3214.46
2432.96
1612.56
2177.99
1502.07
2361.56
1346.46
929.14
1710.14
1321.05
2891.94
1527.47
1019.73
1433.54
2621.78
2112.51
1672.51
1377.5
2256.27
1705.86
2082.67
3673.9
3024.5
1480.34
1256.71
2034.36
2077.65
1120.29
3397.17
3068.43
1825.25
1059.25
1986.06
1470.8
1746.73
1867.87
2225.49
1901.23
1256.71
1629.98
1748.49
3951.37
1840.43
2163.3
2444.25
1117.47
2043.01
1861.96
1142.68
1383.39
3705.86
1844.01
1237.04
1128.24
1383.99
1411.38
3011.83
2294.31
2408.48
2068.14
3081.44
1971.89
1615.39
1811.03
3462.24
1591.8
1721.75
1666.83
1528.42
2239.16
3236.19
2551.87
1461.67
1197.25
2051.48
1422.67
860.888
1323.33
1755.26
1860.83
2074.34
3387.19
1360.47
2062.15
1435.17
2175.1
1655.32
1520.25
1625.54
1390.22
3558.42
1112.58
1067.35
1370.64
1764.56
1402.82
1141.46
1096.32
2332.71
1408.86
2065.29
3577.16
2440.13
1404.88
1444.39
2963.85
1813.25
1735.5
1883.83
1104.91
2051.52
2685.48
1540.21
2099.37
1829.07
2263.33
2064.74
1687.45
1515.32
1980.45
1818.09
1991.87
1935.3
1797.98
1491.26
1317.51
1498.86
1706.44
1380.05
1819.34
1522.62
1307.61
1469.9
2052.37
1492.4
2523.21
2390.63
1522.78
2698.53
1236.43
2936.47
1940.51
1409.85
3401
3147.06
3928.29
2678.82
1984.87
3273.42
2817.36
3843.28
2774.25
1542.24
1667.9
1622.89
2786.81
1753.71
1172.34
3198.19
1833.07
1796.6
1187.06
2820.03
2294.23
1417.6
1409.26
1399.07
1629.05
1263.4
9407.16
1356.73
2589.36
1338.75
2258.16
1946.94
2031.7
2012.96
1906.99
2060.96
3369.21
2694.42
1722.69
1806.75
1295.37
2767.89
2850.89
1341.24
1052.12
1701.11
2004.8
1552.63
1921.74
1562.09
1530.05
2171.45
1465.19
2730.41
1793.35
1200.3
1418.21
1940.04
1920.79
1202.17
1564.39
2660.88
2147.94
2165.57
2108.81
1828.05
1981.24
1530.41
1874.6
3676.35
1737.35
1421.18
1359.35
1329.68
982.42
3592.02
1440.47
1282.06
2832.4
1207.8
1128.42
1884.07
1229.89
1337.4
1409.55
1479.77
2234.64
1727.41
1429.15
954.008
1715.91
1882.14
1351.17
2472.06
1696.06
3900.99
1567.77
3583.84
3126.12
1355.21
2162.25
1549.85
4656.69
1466.52
2855.65
5471.81
1316.96
3259.45
4255.22
2019.02
1291.5
1580.23
2074.74
1639.68
1804.99
2045.09
1529.94
2144.01
1156.57
2643.75
1102.99
1217.35
1584.46
1818.4
1326.88
1616.92
2223.9
2503.84
1929.32
1279.81
2254.71
1210.08
3498.97
1302.48
1998.85
1731.92
2955.64
2063.31
1586.21
1388.23
3646.16
1947.28
2130.2
1278.96
2413.29
2079.28
2195.21
1851.26
3013.14
1140.23
2252.49
2666.74
2094.73
1423.85
2129.35
2480.76
2332.54
1066.74
1186.07
2096.75
1112.84
2442.87
1731.33
1561.43
1705.72
2025.8
2205.84
1868.53
1768.92
1633.57
1691.77
1336.41
4163.49
1784.7
1390.37
1148.55
3673.32
1616.83
2129.66
1292.37
1765.16
1011.37
1504.26
2919.6
3204.13
1578.75
1941.24
2144.29
1855.16
1562.58
2026.49
1154.06
2050.62
1358.19
2640.02
1578.76
3028.22
2431.16
1825.76
2975.26
2238.62
1573.98
1546.87
2111.58
2837.7
1322.86
2323.3
1575.06
2288.91
3431.05
1611.87
2126.42
1809.19
1749.76
1726.18
1447.42
1674.49
3228.73
1999.67
3362.2
1317.88
1863.94
2621.11
4149.02
2556.06
1550.5
1743.06
