1168.07
3930.89
2342.94
2271.12
1907.59
2538.76
2221.08
3977.67
1360.44
2628.26
2719.29
1240.91
2548.74
2459.18
6377.89
1493.14
2024.34
1927.6
1806.58
2577.93
1655.19
1650.73
2479.91
1654.12
3031.73
1773.46
1644.83
2207.38
1215.29
2202.71
2591.84
2369.45
1517.09
2338.12
6791.43
2024.34
2267.34
2461.14
1470.91
7162.46
1319.3
2355.42
1558.65
1404.5
4262.91
1882.25
1449.1
1989.39
4426.89
1413.47
1534.22
1721.32
1476.49
1546.64
2433.39
2451.05
1549.3
3294.89
1580.48
6541.51
3040.65
4535.87
1847.57
2429.41
7110.46
1630.97
3300.38
2804.98
1447.95
1406.45
1903.26
1590.06
1487.09
1574.09
1492.24
2636.35
1431.05
1304.5
1944.24
1723.45
2901.68
1886.16
1818.72
1639.98
1823.18
1893.1
1502.37
3025.04
2116.34
1443.6
3071.75
2584.97
1992.13
1983.24
1407.98
1413.25
2229.71
1452.98
1482.24
2282.42
1353.12
2119.82
2331.39
2196.64
1661.54
2325.85
2949.14
4109.86
2156.84
1950.18
2870.04
2470.84
5172.39
2503.44
3181.12
1275.69
1232.3
1288.77
1756.73
2481.21
1534.11
1254.34
4070.4
2179.63
1610.46
1868.4
1946.11
1461.45
3240.8
1293.48
2240.48
3142.88
2423.82
1584.53
1577.73
1737.03
1360.66
1361.82
4694.4
1465.53
2403.72
1920.03
1232.44
1177.54
4683.16
1406.41
2757.39
2004.82
1494.72
3148.73
1392.11
1504.65
1950.08
2042.12
2704.01
1732.47
1840.1
2613.5
2177.15
8589.75
1563.01
3517.32
1127.17
2570.98
2449.71
2705.12
3415.68
1371.68
2689.37
1370.66
2378.93
1784.57
2586.92
2192.36
1388.29
1758.9
3258.29
2364.39
2979.64
3115.81
1396.18
8916.21
2120.28
2134.88
1931.09
2120.12
3618.44
2485.74
1553.09
1896.78
2408.23
2560.84
1457.08
2356.3
2157.71
1301.57
2659.41
1555.73
2369.27
1470.59
9841.94
1757.66
3322.78
2064.33
1881.84
3218.97
4586.09
1778.28
6922.69
3147.3
3833.22
1803.03
3702.9
2689.57
1753.59
2550.91
1112.16
1976.49
1316.04
1395.06
1127.13
1762.88
2802.98
4408.78
1796.97
3264.98
1972.4
3224.31
3836.25
2294.93
1995.58
4184.26
1634.89
1816
1647.26
2591.36
1839.25
4321.06
2230.22
2977.67
2347.65
2548.98
1628.44
3066.44
1942.74
1600.13
1911.49
3642.77
1733.77
2759.21
1592.5
3351.6
1659.32
1858.38
1853.79
2634.09
3440.8
1987.51
1600.69
1304.18
1716.03
2016.96
1321.41
1668.16
2388.61
1996.9
1979.59
1609.13
2077.2
4567.8
1749.14
1635.57
1552.98
1347.77
1356.99
1805.67
2813.25
2389.63
2700.39
2478
3787.23
1536.43
1719.58
2139.26
1767.75
6302.98
2542.46
5021.83
2478.66
1716.76
1492.5
1241.01
1301.65
3328.38
2892.5
2370.83
1564.08
1335.18
2247.01
3851.15
1354.61
1263.57
1307.4
3565.69
4863.26
2688.63
1392.95
1763.48
2780
1766.24
1553
1621.05
2825.25
1856.11
3188.83
1367.48
3198.44
2234.1
2868.33
1327.05
2766.97
2156.78
1396.61
1888.27
1696.22
1039.23
1507.63
2077.53
2107.66
3996.22
2932.45
3740.38
2637.2
3084.88
2024.97
1904.13
1894.81
1554.96
1148.5
2132.92
1448.93
1599.17
1617.69
1375.41
1329.63
1739.93
3439.34
1691.31
1683.65
1992.1
1498.08
1766.49
1632.11
2565.16
1651.46
1760.25
2091.82
1765.83
1847.35
3089.91
1077.15
1706.6
2345.25
2396.1
2161.68
2514.81
1779.6
2203.66
2345.97
1707.55
2312.91
2016.02
2722.64
3442.65
1538.73
4258.81
6032.64
2241.1
4233.98
3414.13
1327.08
3953.16
1802.51
1905.97
1154.72
1667.84
1518.63
1746.84
3720.11
2159.9
1845.48
1533.78
1633.93
2232.32
1694.97
1981.34
3540.66
2058.74
2002
2021.76
2517.08
1441.05
1773.94
1537.48
2883.73
3396.59
1357.01
2769.79
1485.48
1984.9
2553.09
1442.75
2613.07
2476.46
3424.37
2119.67
1406.7
2519.56
1434.08
2243.07
1983.54
2208.41
2504.17
1206.72
2143.73
1557.85
1547.76
1334.25
1960.16
1334.58
1827.78
1234.09
1411.23
1363.95
2256.2
2656.54
2042.97
2373.51
1458.49
2306.03
3666.34
3114.47
1818.76
1300.92
3178.46
1460.72
1002.94
2793.92
4157.86
3249.8
2389.64
1446.25
1667.02
1945.3
1254.11
2280.76
3929.14
1289.37
1362.52
1824.45
1549.01
2003.82
1961.56
3279.57
2820.44
2945.29
1357.56
2785.78
4459.48
1642.37
2624.85
1806.78
3557.02
2252.77
3218.6
2200.2
1414.5
1656.28
1299.9
3394.49
1802.53
2456.93
5871.49
2052.19
2538.73
1859.07
1757.61
3544.15
2861.16
1298.96
3145.76
2480.73
1718.47
2514.64
2747.31
1588.53
2549.83
2133.88
2345.22
2104.52
3789.89
1494.41
2347.5
2402.22
1314.15
1612.5
1449.63
1652.57
1393
1535.93
1758.29
1537.98
1677.78
1900.3
2156.29
2317.67
1404.08
1873.76
1141.86
1633.95
3101.07
3738.09
1706.79
2285.68
1522.17
1752.13
1635.67
1883.3
2976.12
2030.05
1416.89
3654.64
1845.01
2888.42
2105.83
1245.43
2072.04
1250.22
2936.67
2820.38
2602.49
6628.55
2047.23
1699.03
2614.91
3365.29
1684.09
1868.17
5316.48
4272.87
2296.06
1823.45
2178.1
2780.08
1905.73
2090.86
1581.25
1441.85
2497.71
1412.75
1559.36
4303.13
1541.34
4174.14
1301.77
1708.11
3346.59
1433.83
1704.91
4894.07
3535.73
1147.38
1548.48
2214.11
1747.6
2264.52
1128.03
4985.2
2802.88
2575.22
1938.52
1707.42
1862.03
1574.36
1383.28
4095.99
2587.87
5156.2
2085.5
3608.8
2871.98
5066.63
2043.08
1909.85
1351.87
2187.93
1633.32
2514.19
2206.26
1699.59
2009.61
1971.3
1939.67
2113.9
2833.51
3267.69
2177.62
2060.72
1613.03
1228
4377.27
2790.57
2121.15
1468.75
3032.93
1613.86
1803.77
2870.37
2888.91
2027.97
10436.4
3488.29
3729.49
1398.85
2571.33
2552.16
2264.43
1215.61
2040.61
1808.24
1382.12
2994.7
5620.59
1606.08
4193.42
6767.53
2017.14
2489.37
1242.07
1655.27
1834.56
2413.21
2019.99
2066.9
1159.36
2562.03
2991.24
2384.36
1848.82
1299.76
1139.61
1868.24
5738.24
3023.51
1740.19
6945.99
3350.73
2214.09
1757.68
1277.41
3352.39
1892.42
1975.9
2044.26
2336.6
2021.12
2887.17
2290.61
1748.27
2196.76
1766.78
1471.02
995.35
2293.74
1832.61
1536.33
1670.76
1605.96
1369.36
2035.59
2971.73
2165.21
2769.77
1689.86
1688.55
1282.54
2795.28
2614.33
2156.69
2031.72
1900.49
1751.48
1559.75
4419.76
1750.91
2161.74
1886.47
2707.01
3716.72
1413.21
1093.1
1658.92
1436.77
1272.2
1583.94
2632.31
2044.94
5443.53
1549.24
1474.99
1447.41
1343
1374.18
2157.42
2104.59
1728.17
6031.03
3130.91
2631.68
1515.19
3864.94
1519.28
1866.19
2142.74
2641.08
2959.36
2438
2203.42
1255.72
3534.91
8363.04
1248.01
1643.14
1843.48
2256.29
1888.65
1090.92
1538.59
2424.59
1965.34
2371.49
1731.04
1774.07
1702.9
2136.7
1102.11
1589.67
2887.62
1548.12
2623.95
2209.62
2046.98
1591.2
3380.8
1797.87
1475.2
2040.28
2140.62
1799.22
1836.41
2817.32
3218.5
1354.72
1176.59
2156.23
3512
1957.82
2042.45
2369.71
1789.39
2179.17
2415.14
1198.6
1187.57
2003.27
1629.46
1596.8
2027.15
1473.02
1859.92
2083.55
3245.36
1710.36
1536.54
1225.94
1071.2
1767.01
3022.89
1521.65
1949.64
11721.7
1632.18
1184.02
1283.92
1959.23
1760.66
1794.66
1652.4
2958.8
2525.33
2330.77
2263.26
5132.1
3141.92
1839.82
1264.2
3747.51
1791.61
2121.38
3126.39
2158.36
1732.67
1505.29
1500.75
2435.66
2040.03
2402.28
2458.31
1690.38
5357.96
2582.14
2151.54
1225.26
5299.95
2240.8
1708.09
1703.77
2790.4
2154
3303.94
2017.71
3022.24
2856.35
2835.43
4841.01
2335.99
1399.96
2867.7
1888.14
1588.23
1313.47
2869.89
3048.95
1831.69
1353.93
1713.62
1515.05
6858.33
2091.92
5195.21
1654.9
2335.79
2068.59
1968.9
2065.31
5714.2
1611.74
2420.12
1843.28
1398.28
2918.24
2015.22
2591.12
1516.14
2486.68
2564.08
1713.78
1513.84
1644.98
3227.04
2251.47
4855.97
1789.15
1821.95
2451.67
3544.61
5146.87
1671.57
2264.46
7615.89
2858.68
2410
1856.84
1372.5
1968.45
2525.36
1186.42
3282.24
1701.85
1120.19
2437.48
1429.51
1509.57
1747.99
2902.49
2108.72
1878.16
1836.85
1637.41
2182.12
1255
2089.77
1904.33
1934.96
1765.12
1810.96
2793.81
1949.42
2129.08
1354.22
1677.27
1355.28
2570.88
1639.08
2047.89
1179.31
2157.52
1809.32
1336.16
3473.13
2184.84
1312.29
2612.49
1441.97
1769.76
1927.73
1093.21
1930.63
2544.15
2414.66
2635.17
1389.5
1205.07
1835.84
2595.44
1672.92
1948.13
2707.03
1797.48
1916.35
1722.52
1836.82
2075.57
1970.64
1708.35
2324.43
2783.53
2982.28
3834.66
2182.08
1456.36
2538.73
2740.07
1389.78
1752.18
1700.22
1481
1573.04
2196.43
1587.37
1483.11
1527.72
1637.53
1886.15
1939.49
2304.57
1218.26
2114.47
2038.69
2169.06
2274.77
1306.95
1704.86
3315.48
2505.05
2292.57
1516.45
2424.78
2646.14
1892.21
4302.13
2033.95
2948.03
4667.93
2406.76
1797.12
1484.89
2451.23
2407.68
1369.59
2123.64
1837.71
1395.44
1745.44
1425.57
2389.73
3038.43
4624.5
1966.58
3646.92
2215.61
1307.72
2812.46
1947.94
2226.28
1249.24
2454.37
3585.38
1472.25
1866.55
1717.89
2969.32
1865.7
2318.49
2925.15
2045.98
2697.3
1735.43
1330.51
2447.86
1590.63
2183.39
2095.09
6345.06
4833.93
1449.92
1757.06
2196.24
1647.52
2774.57
1541.48
2770.88
1492.55
1692.81
2653.33
4919.95
3760.06
1584.72
2796.92
1762.11
1720.56
3495.08
3036
2220.08
2842.4
1285.59
2946.59
1852.57
1683.14
1509.04
2024.05
2402.67
1926.65
3946.51
1327.61
3502.89
2032.61
1656.46
2975.52
1086.01
2473.2
1628.53
1668.81
3353.01
3137.12
1281.6
1655.82
3967.85
1610.84
2006.12
1695.05
1990.66
3132.43
2578.67
1889.21
2020.34
1094.48
1952.06
3436.09
3167.16
1612.96
1956
4070.73
3929.72
1534
2443.65
1658.24
1932.83
4309
3761.75
4219.4
2625.2
2583.68
2374.39
2016.79
2008.86
2124.03
1505.85
2320.83
3562.38
1344.01
2462.18
2382.26
1180.66
2178.66
3004
2133.37
2126.59
3499.34
1236.55
3640.23
1004.44
1551.85
1678.09
1761.57
2462.45
1933.18
3870.71
3096.54
2354.33
1339.57
1847
1571.3
1493.82
2564.67
2176.34
1715.79
2377.26
4282.72
1242.56
1136.98
3441.34
2194.21
1953.52
2113.27
1955.96
1864.81
1932.25
1320.81
1373.9
1862.97
2005.22
1812.07
2567.09
2552.72
3002.86
2226.17
1666.48
1913.01
1412.61
2011.74
2569.47
5246.86
1327.19
3802.63
2131.47
1613.02
1137.07
1676.44
1273.03
1495.28
2545.77
1146.77
6316.93
1740.34
3624.4
1527.35
5638.99
2312.83
1475.71
2236.55
1917.69
2721.61
2107.53
2440.59
1369.34
4616.92
1506.42
1420.59
1283.19
2274.84
2308.84
2702.57
1843.91
2051.86
1422.32
2072.43
1184.82
2733.5
2253
1422.46
3096.7
2619.51
2101.08
2096.33
2853.09
1589.19
2542.25
2614.15
6920.18
1898.31
2109.16
1805.2
2926.01
1875.04
2122.57
2118.68
2202.34
1973.99
2257.43
2932.27
2030.92
1631.02
1603.28
1955.6
2075.98
2592.51
8655.8
2396.05
1729.07
1787.34
4007.8
3856.66
3640.69
1940.06
2606.47
1753.41
1810.98
1121.6
1979.85
5314.63
2985.13
1292.64
1381.66
2295.47
4690.56
1922.61
2451.87
2616.16
4006.14
2149.87
4282.26
2263.53
2348.31
1726.18
1605.78
1651.31
1777.33
2299.73
2066.71
3974.46
1548.86
1726.57
1852.3
1257.16
2380.49
2581.01
1691.28
2370.04
2417.92
1858.92
1914.58
1340.72
1303.76
1422.64
2234.41
1744.16
1373.95
1538.52
1779.61
2572.17
2709.71
1477.93
1951.6
2854.03
1508.26
2014.11
1844.14
1489.52
4033.27
2182.46
1373.06
1957.5
2852.39
5436.99
2063.28
1195.81
2076.08
1561.48
2493.72
1965.26
3677.55
2167.23
1695.74
1716.39
2718.07
3348.93
1690.49
1153.7
1686.54
1935.78
1522.33
3288.06
1222.48
1980.11
4509.61
1912.15
5410.29
1362.76
2193.52
1767.85
1930.86
1844.39
2433.39
3208.81
2560.42
2650.76
1943.86
1426.29
3038.03
2162.29
1155.78
1936.29
1852.55
2556.98
1969.66
2829.35
2175.51
1774.6
1592.55
1902.46
2515.71
1911.96
1101.27
1527.21
2608.69
2474.53
2334.51
2174.67
2117.55
3818.8
1965.46
1809.92
1939.49
1691.02
1871.82
1596.94
2656.57
2092.47
3536.76
1916.61
1782.98
1205.46
2809.65
1657.6
1284.29
1897.05
2485.78
1895.06
3549.3
1666.47
1883
1874.67
2148.02
1558.44
1557.67
1948.82
1484.37
2582.84
2348.68
2702.22
3193.36
2816.09
5052.17
2414.67
1520.9
2360.05
2153.47
2094.16
2517.94
1527.46
2080.6
2285.8
2090.32
1839.03
1736.21
1424.78
3965.71
1398.93
1720.67
2681.14
1455.07
3745.57
1699.5
1346.57
1871.6
1621.7
2617.11
1486.98
1160.08
1561.16
3440.12
1962.93
3297.15
2207.12
1121.41
2181.63
1943.14
3070.8
2726.56
1938.04
2456.35
1631.31
3689.48
1217.7
2680.33
1295.22
3039.04
5267.38
1965.24
3021.27
1865.86
1973.53
2475.41
2479.74
2000.44
2495.83
3186.93
2285.22
2120.06
1975.37
2496.28
1626.22
1811.58
3260.44
1568.82
3177.8
1189.92
1988.08
1511.01
1620.72
1388.03
2051.42
2008.75
2082.9
1256.55
1840.84
1965.53
2262.83
1603.6
1636.43
1343.4
4861.32
1853.53
3673.44
2183.68
4686.31
3673.12
2096.88
2306.03
1597.47
1848.55
1820.29
1528.73
2044.58
1632.84
1839.72
2070.87
1694.12
2283.37
2704.72
2345.2
2045.24
2534.24
1624.37
2116.97
1596.13
1656.33
2114.05
4551.58
1476.07
3465.7
3298.79
1101.01
3082.03
2876.34
2497.42
2834.16
1582.32
2508.96
1402.12
1668.2
2556.48
1975.28
3150.57
3140.67
2552.48
1628.18
5170.76
3404.77
1492.11
2088.95
3710.89
1384.42
2188.05
2357.15
2033.74
2775.86
2138.4
2477.95
3942.51
1525.33
2511.58
1532.27
3237.11
1408.85
2909.7
2802.31
1167.23
1356.78
2259.34
2533.74
2057.4
1669.83
3836.16
2267.14
1758.27
2002.42
4138.03
1731.69
2107.93
1907.86
2099.79
1556.42
1300.74
2033.62
1910.36
1689.68
1541.93
1651.79
1108.53
2363.62
1166.29
4442.57
1981.41
1534.34
1928.87
1529.27
3286.62
1807.56
1395.91
2190.01
1353.36
1407.44
1948.22
1990.25
1399.39
2583.78
3281.56
3137.62
1321.53
2726.2
1525.78
1595.25
1841.98
2121.32
2279.7
1766.02
1509.67
1949.95
2806.48
1092.72
1456.16
3253.88
1339.21
2991.98
1572.71
3563.02
1391.74
1348.28
1807.21
1218.62
2173.72
1148.54
3092.35
1604.41
2460.55
1585.38
2069.65
1993.55
1468.78
1823.64
1148.53
1416.97
1976.07
1669.05
1839
1887.68
1453.18
1714.44
1464.23
2193.37
2032.63
1330.91
1775.98
2248.28
1769.02
1195.46
3524.44
1567.75
3482.08
1715.3
2068.88
2335.05
1607.13
1992.09
3552.89
1860.73
2152.44
1183.2
4654.29
2912.29
4813.09
1573.99
1751.26
1608.36
5310.61
1800.94
1235.96
3677.46
2708.39
1378.37
1449.13
1264.31
2274.55
3882.48
3287.31
2584.27
2283.08
1728.49
1853.52
1901.64
1811.52
2715.88
1931.72
1990
1105.05
1155.44
2086.92
1487.53
2679.65
1786.39
1453.15
2096.69
4323.27
1350.25
2279.06
1143.28
2134.3
2054.93
1679.28
1560.06
2235.68
2223.89
1636.82
1516.7
1535.85
2775.01
3731.68
1878.35
3217.44
1854.7
2325.23
1642.92
1326.67
3322.63
2663.49
4767.52
1823.21
942.869
1425.99
2112.25
1586.16
1051.52
2430.55
3703.58
2267.21
5287.28
2105.36
2099.31
2122.46
1335.17
1854.37
1422.96
5041.03
1837.83
3096.12
1760.12
1852.88
1344.74
1818.98
2458.75
1245.95
1437.05
1506.39
1372.8
2178.68
2288.23
6580.88
2659.11
1559.97
1734.07
2193.85
2306.92
1717.75
2372.49
1523.69
3377.44
3796.16
1473.56
2255.6
1823.36
2714.83
1453.05
5286.2
1971.39
1939.28
2543.27
1188.63
1892.83
1814.67
2175.65
1860.53
2404.2
3657.64
6826.17
1248.63
2657.28
1581.51
2109.29
1472.56
1665.14
1329.17
2416.54
1360.26
3863.21
2220.83
1775.32
1864.64
1638.29
1618.83
2486.31
2400.44
6608.17
1990.72
2174.61
1799.49
2569.46
2221.85
1587.78
3691.47
1374.99
1775.76
4061.57
3953.25
1074.92
1776.67
1757.32
2435.47
876.318
1555.98
2445.65
3765.41
3224.76
1432.38
1329.5
2306.64
1475.07
1749.77
1224.28
4214.8
2043.62
2971.65
1359.44
2179.43
2252.09
1621.62
3916.11
2389.38
1565.49
1969.77
1784
2406.87
1507.43
2244.56
2042.9
1713.36
2213.31
1481.5
3890.28
1997.52
3933.74
3551.21
2159.56
3879.63
1624.81
3077.4
2525.87
3749.84
1295.52
2557.24
1340.14
3169.22
2167.55
1961.8
1357.62
2620.81
2040.59
2728.13
2694.91
1561.47
1416.77
1716.82
1263.37
1926.62
1149.66
4067.35
2206.58
4043.48
3011.54
2153.2
2504.47
2618.43
1635.11
2315.19
1227.6
2057.41
6749.08
1787.86
1799.56
1431.55
3540.12
1780.96
1755.37
1941.95
2311.36
2301.4
1101.21
1521.94
1865.51
2847.38
2129
1704.69
1985.34
3181.69
2474.9
2418.84
1450.97
1626.66
3232.22
1314.74
2075.6
1521.44
1708.43
1791.35
1876.05
1910.59
1843.32
1387.45
3231.39
1870.71
1962.35
2117.81
1865.11
958.936
1372.03
1561.9
1218.49
2166.04
2121.46
2010.73
2398.96
1483.44
3821.48
1415.99
2079.98
3056.33
1952.72
2928.45
965.755
1644.28
1480.54
1540.17
1967.13
1560.17
1880.47
2582.8
1933.12
2770.32
1425.54
1400.7
2615.35
1509.07
1567.88
2682.92
2480.15
5158.54
2118.5
1332.9
2601.43
3697.66
3932.84
2402.48
1337.33
2290.87
1963.73
2399.67
1632.01
1914.06
2697.76
1568.21
3413.93
2069.28
3507.84
1921.51
1392.35
2574.31
1954.44
2103
1270.02
1451.24
1525.37
1291.78
1361.87
1968.11
2831.12
2879.84
2645.46
2908.99
1597.91
2587.72
2299.14
3975.25
1371.49
1026.71
2198.37
1783.55
1908.78
2391.81
1243.33
2302.98
2327.02
1357.78
2249.87
1594.85
3289.55
2080.62
2308.43
2011.07
1623.34
1264.52
1732.71
1797.27
2034.73
1768.45
3313
1507.31
3102.37
2316.53
1891.42
2538.15
1651.97
2322.62
1399.13
1946.58
1926.58
3087.68
1344.7
1479.26
4114.38
2169.76
2256.7
1866.37
1927.34
2012.06
2424.86
1565.45
2181.98
3955.63
2464.05
1622.09
1764.71
3398.25
1615.17
2333.79
1648.33
987.216
5921.48
1591.3
2205.75
2547.68
4213.77
1569.78
1863.63
2124.55
2650.58
5170.41
2704.71
1806.81
2148.88
1621.88
2480.66
2010.21
2269.6
984.887
2036.95
2286.71
2544.24
2499.67
1980.04
2903.29
1987.54
1973.47
2099.63
2699.01
1505.21
2163.16
3577.13
1853.38
2119.34
1420.68
1105.56
3164.94
1414.14
1992.44
1628.36
1841.42
1903.29
2063.36
2242.54
1464.4
1531.36
1361.17
1577.84
1911.51
1447.15
1372.03
1635.71
3875.97
2197.71
1711.33
1557.58
1644.23
4309.25
2151.59
2193.86
1230.02
2404.07
2825.71
1722.69
2462.38
1349.56
3955.88
1560.53
1797.33
3312.11
1716.9
6326.23
2670.34
1998.63
1737.8
2031.38
1882.29
3365.24
2041.73
1592.5
3342.15
4710.34
4176.56
1222.81
2661.9
2835.88
2140.37
4853.38
1635.64
2896
2801.16
2292.52
1739.72
1332.23
1785.06
2372.28
1396.12
1603.15
1857.72
3364.53
2471.41
2805.85
1649
1793.69
1664.16
2734.14
1589.17
2601.19
1607.44
2136.9
1219.84
1324.56
1685.72
2713.53
1810.2
1914.52
4024.98
2542.67
2627.84
1136.26
1579.11
1907.31
2326.01
4315.61
1520.98
1844.87
2018.53
2855.83
2734.52
1753.12
1448.14
3817.37
4363.13
1615.9
2840.09
2297.38
1721.26
1890.8
4942.81
1496.61
1941.16
2472.82
1494.38
1449.39
2243.41
1698.32
1706.86
2570.24
1823.57
2981.65
3948.3
3071.4
1445.92
1456.67
1430.01
1586.63
4400.06
1812.43
5483.43
1985.39
1289.17
1431.15
2461.16
1918.22
2305.71
1809.04
1549.99
2100.73
2158.93
5694.2
2073.41
2654.92
2125.23
1487.62
1294.18
2126.52
3752.44
1442.77
3215.58
2348.43
1382.6
1355.51
2980.22
2146.6
4874.14
2253.61
1368.8
5072.74
2534.25
1421.1
2650.54
2336.85
2859
2339.22
2536.93
1965.35
2352.88
3604.85
1658.25
1772.74
2257.09
1956.55
1895.71
2611.39
1975.67
1502.86
1791.83
3666.79
2538.97
1539.04
1434.38
2756.41
1254.27
1757.68
1935.52
1250.09
2226.28
1465.93
1467.72
2012.66
1540.1
1946.56
1511.53
2910.6
2441.11
1459.18
1288.33
1979.75
1571.63
4461.7
2395.66
2685.51
1469.17
2041.21
3187.23
1991.15
1613.35
1280.86
2048.11
2133.69
1970.54
3212.62
5213.98
1626.01
2228.99
3440.44
2364.57
1503.87
1680.65
2628.31
2866.79
2004.51
1970.48
3728.26
1797.84
1345.03
2484.39
2022.94
1944.07
2403.03
1397.13
3482.29
1591.97
3209.97
2023.32
1187.18
2653.71
1770.5
2549.06
1355.93
2182.7
1872.36
1303.04
1841.73
2095.17
1341.14
1861.93
3045.83
2972.94
1776.07
1547.24
1554.83
1982.43
3114.91
1903.77
1222.33
1202.14
5278.52
3512.06
2004.24
1520.65
3552.15
2438.95
1322.37
2369.27
1960.16
2289.45
1821.21
1346.8
1263.07
1241.12
2270.63
3829.66
1650.96
2056.48
2469.99
2150.53
4061.16
2540.33
1341.37
1421.28
1977.4
2149.6
3271.01
1434.44
1666.09
1641.54
4366.86
1624.27
1692.46
1905.09
3615.77
3850.67
1850.48
3402.75
1017.67
2287.12
2411.08
1959.96
1407.24
3962.46
2155.44
1648.23
1251.9
1628.45
1362.51
1318.73
2593.07
1519.48
1679.74
1839.8
1467.81
2262.29
2714.19
2454.69
1453.13
2092.2
1727.91
1430.67
1479.42
2602.1
3420.2
1857.9
1925.26
2745.07
1286.46
2417.04
1966.32
5489.88
1902.84
2376.74
1577.78
1388.54
2965.88
1218.45
2079.56
3561.18
2313.99
1477.62
2136.96
1790.39
2885.69
2230.72
1378.02
1707.67
3658.49
3328.65
2719.09
1533.7
1859.78
2238.93
2280.6
1430.52
3699.64
1523.32
1218.92
2214.82
3380.88
3076.16
1778.53
1606.35
3274.34
1780.24
1430.71
3808.34
1969.35
3039.5
1599.25
4888.84
2176.15
5721.98
2545.13
1436.51
4448.33
3988.95
1209.23
3679.66
1749.04
1118.86
3188.98
1807.93
2172.55
4959.68
1530.11
2298.51
2418.43
1970.52
1510.52
2874.03
1981.66
2272.61
2060.34
1502.1
1594.6
1873.11
3937.1
1831.07
2924.22
1616.92
2233.71
2649.15
1343.75
2817.2
988.814
1789.58
3681.97
2585
1721.23
1510.91
3376.74
2956.1
2877.92
2652.78
2518.13
1666.3
1598.57
1888.74
2684.58
1479.19
1862.77
1778.47
2032.38
1853.52
2254.26
2479.38
1544.17
2683.07
2296.61
1454.7
2192.23
2036.91
2586.68
2005.32
1689.71
1493.91
1725.21
2725.64
2884.77
2369.85
2700.96
2017.78
4320.84
920.867
3381.13
1867.91
1399.43
1369.89
1471.28
2383.86
1882.93
1494.88
1667.38
1503.56
1472.4
3027.84
3387.98
5718.42
2623.78
4179.74
2277.54
1740.37
5001.25
1704.22
3400.42
1229.83
1574.86
1790.8
2623.73
1759.66
1938.71
1998.12
1483.47
1774.39
5389.37
3988.98
2235.94
2464.95
1636.54
1549.7
1845.08
2376.99
4274.64
2779.72
2793.48
3009
1546.99
1894.1
3358.34
2476.64
1693.14
2200.45
3864.05
1885.93
2426.02
1650.81
1362.98
1522.9
1940.95
1379.26
1232.73
1171.42
2025.13
1899.32
1623.39
2504.15
1994.21
1791.9
2580.13
2459.6
2837.19
2063.32
1679.88
5967.61
2072.24
2204.11
2265.22
3244.15
1541.1
2286.78
3840.99
2400.58
2427.38
3019.31
4462.81
3051.58
1988.98
1424.36
1327.83
1953.61
1716.98
1619.1
3630.83
1826.92
2344.95
2113.4
2407.81
2919.54
1630.55
2136.55
2504.01
2891.61
1958.74
2025.59
1369.74
2398.12
1512.35
2383.9
2229.2
2010.23
1592.6
1434
2454.49
2225.23
1420.13
2544.59
2892.4
1687.62
3090.08
2387.36
1833.98
2922.76
1939.06
1729.89
2470.69
1212.66
1463.63
3090.87
2085.44
2400.59
2619.56
2191.86
4114.25
1743.35
2119.66
1276.38
1619.32
1555.65
1273.36
11746
4217.86
1932.11
3142.45
3518.05
1241.82
1185.65
1534.22
1617.62
2130.48
2918.19
1818.08
2479
1247.65
2023.03
1644.07
1860.62
1711.66
1755.22
2485.48
1653.99
1313.88
2466.85
2337.46
1370.9
3916.63
2351.75
2139.15
3182.11
1814.99
2222.05
4181.1
2120.65
2345.14
2256.06
1498.18
3697
5046.86
1401.83
2033.61
3146.75
1260.31
1568.83
1561.06
3956.48
1073.36
1493.89
2240
2177.31
1576.16
2953.93
2701.82
1219.83
1395.05
1737.82
1784.59
4633.56
2015.32
2047.68
3007.87
1211.52
2257.85
2881.52
2668.78
3075.68
1973.82
1496.1
2603.92
2057.98
1744.9
2573.13
1591.85
1430.41
1758.22
2513.89
1616.65
2145.21
1528.52
2315.07
1962.81
1947.25
1131.75
2868.42
2275.61
1173.35
2469.43
2487.84
1937.33
2208
2027.43
5181.55
2265.06
2490.09
1326.12
1969.45
2828.91
3570.94
3172.32
2383.27
2334.38
1933.9
3340.15
2654.11
2065.86
1431.88
1112.15
4948.68
2063.97
2703.04
1784.63
1734.35
1940.35
1092.03
2598.31
2566.39
1533.55
1785.18
1294.26
1388.14
3412.54
1489.87
2413.7
4949.31
1206.42
1404.67
2955.25
2852.79
2128.01
5663.37
6226.75
2252.23
2259.96
1652.44
1361.36
3093.93
1764.87
2028.86
3852.84
2119.34
1132.68
1384.24
1625.4
1584.85
2944.66
4081.03
2802.18
1398.23
1922.22
1806.29
3741.83
1843.14
5486.95
3123.79
1697.88
1678.1
1481.31
3562.22
5206.61
1607.38
1804.88
3685.52
1682.63
1769.19
1852.32
4149.9
2201.05
1324.42
2481.94
3354.78
1822.64
2172.47
2045.96
1426.73
2247.19
1502.4
2456.68
1663.52
3243.26
2179.2
2090.26
1571.52
1997.69
1315.76
2076.64
2087.76
1412.72
3811.88
2191.14
1861.73
1780.34
1450.69
2017.79
1890.02
1367.93
5301.93
2187.94
2230.36
1691.34
1418.55
1821.57
4006.87
4185.21
1449.74
1906.04
2933.63
1813.32
1769.5
2391.58
1733.58
2020.31
2175.99
2197.58
1698.23
2375.04
2027.09
2443.55
1180.09
2326.03
2425.89
1960.15
1373.87
2307.82
1909.84
2319.07
1004.16
2097.2
1884.58
1348.07
1371.88
2309.19
1635.83
1700.28
2671.18
1214.46
1394.75
2129.11
1469.08
1137.63
1826.53
2234.12
2027.23
1885.9
1965.45
2363.05
1876.15
2714.91
4947.85
2311.48
1423.15
1968.97
3108.47
2234.38
2850.81
2946.75
2011.16
2887.47
1534.88
1244.6
2187.21
5241.77
2226.97
1769.94
1933.59
1613.23
2353.31
4463.83
1673.15
2005.79
1732.32
1269.82
1872.45
2101.41
2316.9
1821.78
2570.58
1501.35
2710.55
1547.21
1689.18
1804.87
1973.15
1571.03
1822.6
1326.48
2195.14
2506.47
2321.26
2340.17
1302.05
1731.03
3895.38
4220.76
2455.35
3586.04
2352.7
2162.77
2135.38
7823.75
1815.82
4006.85
1557.48
2006.9
1409.23
1653.24
2486.43
1557.13
1433.15
1868.05
1428.33
4698.8
6304.09
2706.96
1370.27
1754.84
2088.62
8170.09
2365.72
1929.29
3066.6
1541.51
1650.26
1334.46
3524.43
2239.67
2664.32
2213.7
1100.94
1628.35
2399.49
1646.93
2340.57
2051.64
1749.42
2208.51
1661.71
1533.29
2284.53
4432.7
1686.71
1912.99
3150.99
2580.72
1599.51
2105.84
2280.15
1568.73
2021.5
1850.2
1162.42
3528.39
1174.72
1690.49
2188.02
1512.39
1215.75
5950.47
1440.25
1904.34
1354.03
2484.41
1452.6
1113.07
4067.96
3232.98
2469.57
1491.17
3047.89
2611.75
1540.43
1159.71
2762.91
2655.65
1258.37
2393.16
3637.81
2535.04
1946.37
2008.81
3585.91
1855.61
2801.62
2209.37
4027.91
2456.25
2184.72
1488.41
1726.03
2063.17
2846.21
1642.32
4767.57
2186.04
2542.54
1224.44
2785.04
1444.18
2720.21
1278.49
3092.63
1926.41
1911.52
2612.37
3903.67
1773.17
1519.03
2659
2186.36
2507.06
1187.68
3983.83
2874.63
2181.66
1446.86
2414.5
3238.33
2456.48
2052.49
1605.7
3205.2
1204.15
2301.47
1975.81
2497.3
3345.27
1837.62
2371.32
1374.07
1574.84
1392.37
1662.34
2282.71
1779.76
8252.73
3191.57
1370.61
2150.45
3230.68
1472.97
3014.14
1965.1
2164.68
1946.84
1641.16
3371.29
4866.9
1276.65
2813.8
1607.64
4999.31
3739.47
2385.02
1829.7
1521.59
2382.47
1141.93
1354.76
1822.98
2549.73
2729.25
1905.23
2668.32
3416.17
1207.94
2214.84
1752.16
1336.84
1932.46
1903.07
2026.91
1118.93
2012.62
1807.13
4325.66
1375.6
10652.1
1473.78
2557.56
2182.47
3476.11
916.8
2688.55
2724.39
2147.62
2267.9
2309.1
3249.13
2301.11
3293.16
1835.32
2312.69
1690.06
2429.48
1962.72
4162.98
2391.96
2564.68
1257.97
2611.56
1326.82
2073.11
1578.37
1335.83
1663.43
1792.9
1319.4
1560.8
1665.42
1532.85
2438.97
3125.5
3117.5
1400.55
1681.43
2384.8
1971.06
2324.54
1337.57
3583.39
2948.67
2496.21
1638.06
3328.52
3192.92
2817.61
3922.02
2357.15
1277.61
1834.77
1638.42
6505.62
4483.46
1699.62
3670.9
2111.25
1787.06
2790.07
2995.33
1978.3
2409.99
1381.75
4081.46
1996.42
2241.34
3367.09
2429.2
2346.27
2614.1
4285.34
2285.74
1396.89
2532.62
2439.41
2009.04
3101.68
1870.06
1703.25
4270.67
3679.25
1325.19
2063.97
2303.71
2813.32
1998.86
1434.26
1733.93
3007.5
3011.72
1225.53
2008.37
1857.38
2974.29
1198.23
4183.17
3691.38
1761.63
1442.36
1617.33
2992.03
2340.59
1830.75
1013.83
2024.81
2651.57
2268.96
2280.96
1719.03
1230.91
1460.79
2252.38
3262.72
2676.02
1958.33
2750
1835.58
1406.71
1387.87
2948.05
1609.95
1280.98
2674.16
1740.74
2282.45
2281.57
2174.12
1887.44
1486.93
1742.58
1525.98
3119.04
1282.44
2082.1
2490.4
2589.3
2368.5
1684.18
1280.45
3590.29
1336.82
1791.25
1454.86
1979.15
1862.13
4164.97
2468.57
1711.5
2797.9
1242.73
1872.97
1548.13
2237.66
3726.26
3511.75
1752.03
1585.41
1713.2
3317.28
2559.68
1461.41
1232.23
1489.81
2092.54
1828.62
2303.2
3139.84
2285.56
4451.12
3101.4
1658.59
1635.24
1716.23
1488.18
1641.38
1510.33
1705.43
4518.63
1663.32
3469.95
1828.57
2779.18
1919.44
1668.15
1594.09
2788.71
1461.44
3279.32
1641.58
2366.81
1273.03
2672.55
1385.68
1678.05
3387.77
2084.24
1687.04
2013.06
2295.72
1901.8
1425.28
2105.6
1741.96
1303.97
1565.34
2003.76
1226.83
2143.4
3356.09
2240.89
1218.83
2205.08
5234.58
2985.74
2398.65
2125.93
3287.21
1521.77
2784.85
2663.14
2122.69
5709.6
2863.2
1389.31
2334.37
2383.16
1971.54
2073.09
2013.38
2008.26
2477.46
2373.98
2044.85
2977.42
1694.78
1472
2500.91
1684.52
3545.5
2784.68
1774.91
4042.23
1841.06
1769.76
2096.2
2027.34
2111.71
1481.05
2207.3
2923.13
1779.34
2322.97
1546.37
2801.8
1655.74
2784.5
3428.21
1012.87
2412.54
3547.2
1315.09
1928.91
3465.02
1602.59
1959.12
2052.17
3488.01
1753.85
3146.58
3327.41
2109.13
1781.99
2189.43
2083.75
1259.48
4499.44
2166.81
1915.14
2828.9
2321.82
1217.07
3150.78
1450.89
1383.94
2011.62
2616.01
2241.05
2439.72
1308.58
1504.13
2245.91
1454.74
1229.77
2329.77
1708.11
3680.27
2035.47
1827.54
1931.55
1995.44
1733.38
1488.79
2426.13
2240.74
1759.25
1930.53
2153.14
3074.66
2631.87
1442.99
2360.29
3454.59
1426.39
2429.72
1402.9
2631.31
4859.39
1590.46
2966.99
2420.27
1099.33
3675.89
1427.4
3464.05
1405.9
1798.3
1938.43
1441.58
1664.37
2739.57
1472.7
2883.76
2677.91
3789.03
1665.9
1871.01
1857.9
2271.4
3047.28
1573.82
2834.41
1922.13
1528.5
1648.61
1749.75
2069.64
1482.65
3504
1704.57
2478.26
1797.27
2016.58
2150.24
2230.44
1852.73
4132.38
2599.2
2742.68
1854.61
2624.31
1702.11
1650.35
1644.05
1582.46
4031.04
1763.53
2473.72
3048.48
3075.37
2365.21
3461.52
3182.04
2335.18
1379.81
1746.72
1649.51
2851.6
1732.64
3884.14
1517.58
2359.4
1375.62
1412.49
2087.23
4730.43
1173.96
1358.98
1485.13
1742.4
1235.55
2986.33
1389.06
1351.85
2338.87
2048.89
1397
4233.98
2490.67
4629.34
1592.33
1487.56
1803.44
2462.39
1570.4
2223.71
1392.46
1659.67
1759.39
2059.7
1531.35
1280.8
1383.08
1860.88
1828.68
1781.29
1580.85
3045.88
2106.53
2652.53
1322.64
2439.87
1801.87
977.584
1428.67
2091.67
2516.33
2449.24
1467.85
3891.87
1905.89
1872.82
1840.4
1554.75
2010.34
2293.5
2978.93
2741.81
1774.01
2315.71
1681.29
1757.47
1533.93
4772.87
2288.63
2741.23
1542.39
2678.3
1660.18
2440.23
2025.05
2433.88
1721.15
1815.35
1805.71
1704.35
2513.36
2250.4
2363.43
1685.56
3168.26
1752.64
5149
1895.25
1100.52
2892.61
1296.54
2391.55
3123.05
1317.25
3182.39
2496.13
1812.72
1258.7
2708.52
1455.36
2301.66
2179.14
1384.95
2892.14
2113.3
5478.88
1742.3
1985.48
2411.27
1257.35
2108.36
2176.99
2271.08
2022.4
2352.72
2046.66
1940.22
1585.39
1632.43
3972.8
1438.04
2357.88
2810.99
1990.05
1834.89
2669.3
2309.77
1694.46
2334.05
2246.73
2638.34
1316.4
1649.73
1607
1843.75
2992.74
2229.2
4021.05
1985.57
1466.55
2201.16
1617.37
2921.17
1146.48
2502.92
1627.57
972.785
2659.88
1683.51
1562.78
2352.83
3389.37
2688.66
2413.09
4464.83
1909.32
2626.78
3491.92
1384.09
1090.55
2409.5
8005.04
2301.77
2029.92
3341.33
1817.95
2626.95
2168.33
2365.29
2850.82
1287.44
2606.49
3596.46
3837.1
5765.18
2883.91
2632.61
1676.26
1878.77
1203.07
1001.94
1494.46
1609.21
1927.96
2565.2
1918.23
2799.59
1935.18
7290.74
2798.08
1781.22
1946.77
1362.94
1514.24
1199.15
1958.31
1593.03
1149.2
1779.53
1928.61
1847.45
3127.9
1484.53
1587.27
1223.92
1770.88
2539.72
2273.48
1745.92
1318.74
2713.46
2016.52
2679.68
3884.45
1858.56
1748.02
2317.52
1432.6
2779.18
1446.02
3449.1
1204.07
1427.03
2685.54
1442.7
1723.96
1573.75
1958.87
2066.04
1578.63
1934.39
1724.73
2626.46
2048.1
1856.44
2332.84
4078.45
2338.32
1863.59
1914.77
4902.9
1576.59
3077.6
4380.99
1715.26
1900.37
1561.06
2565.61
2550.57
1864.26
2395.48
2781.07
1716.49
2770.78
1415.82
2681.52
1087.03
1846.96
2712.08
1662.93
1954.06
3934.58
1149.83
2300.12
3935.63
1747.49
1985.05
3960.05
1359.04
1993.93
6285.67
2301.1
1691.9
1545.2
4569.52
1554.2
3142.37
2748.58
2385.09
2388.87
3278.81
2159.5
1180.85
10283.1
2066.25
1603.7
1329.48
2739.31
1988.05
1463.18
1937.85
2907.92
1418.84
1703.18
3777.53
1324.56
2200.96
1337.7
3813.25
4999.24
1173.32
1727.18
3112.18
3087.03
2147.26
2112.79
2080.12
2474.19
3144.31
3416.14
1414.72
1963.94
2037.19
2369.59
1185.42
1558.59
4064.83
3216.5
1511.13
2238.25
1273.12
1363.5
1902.21
1549.31
1556.18
2498.06
1891.5
4540.73
1548.68
4235.03
2234.29
2917.65
1216.81
3780.03
4352.75
3059.16
2077.51
1496.07
2406.61
2734.79
2276.52
3098.03
2725.28
1831.01
2443
3388.04
5553.96
1680.37
1037.17
2205.72
1577.68
4831.22
2878.76
2491.84
4044.25
1686.14
1624.45
2385.31
1829.17
1598.38
2229.21
2340.37
4071.33
1579.06
1561.89
3564.23
3305.49
1657.43
2711.4
1841.21
1452.57
1682.3
1746.71
3062.3
2774.8
1474.99
1784.4
2116
5433.52
2078.25
1417.74
2449.54
2360.67
3165.18
1383.79
1150.14
4413.21
1409.26
1952.96
1842.4
1815.79
4007.38
2835.99
1732.93
1668.07
1757.44
1370.52
1517.45
1894.2
1547.38
1907.95
1167.27
2211.62
3818.87
1291.82
2069.97
4724.48
1695.44
3534.84
2879.05
3420.53
2952.48
1502.34
4741.39
1389.56
3358.9
1777.94
1543.96
1509.75
2924.97
4198.07
1578.23
2172.27
1316.81
4040.04
2479.97
2373.94
2336.29
1971.3
1224.21
2215.75
3315.37
1276.8
4307.83
3150.66
2094.2
2330.24
3882.49
1417.23
1235
2742
2877.51
4254.4
2064.85
1455.12
1610.36
2154.17
1925.93
1374.72
4472.59
1228.53
3415.6
2957.35
2295.16
1573.21
2389.25
1248.69
2990
4078.27
2718.64
2491.72
1845.43
1554.78
3350.5
1694.29
1932.05
1466.89
4260.47
1429.1
1739.92
2154.45
2310.73
1977.43
1435.91
1147.09
2666.67
1503.66
2806.68
1715.07
1692.47
1342.24
1459.34
1260.75
2409.39
3122.96
1607.65
2582.07
1250.44
2409.16
1529.67
1709.84
2546.85
1781.71
1431.55
2114.77
2358.62
3478.15
1527.98
4173.7
1458.8
1857.35
1624.96
2515.3
2136.69
2013.48
3968.84
1804.77
1635.76
1309.81
2190.13
3420.84
2437.6
1533.9
1499.37
2263.03
2375.39
3698.13
2429.44
1988.42
1378.92
2100.13
1668.54
1968.29
2077.46
1827.32
1704.21
4666.93
2908.56
1663.28
2427.52
2214.35
1869.71
2293.65
5786.37
3773.93
2612.03
1178.63
1857.72
2634.57
1519.33
1473.36
2087.16
1417.55
2679.53
2057.29
3677.12
2363.21
2065.07
1278.98
1704.89
1442.55
1387.77
2395.09
2277.78
2072.65
1635.34
3597.16
2742.45
2029
1712.65
1372.94
1793.05
5172.83
4655.27
1738.16
2269.98
2920.23
1569.78
1706.89
1428.39
2605.13
4915.65
2167.21
1584.66
1797.44
1601.2
1560.99
1317.3
4000.55
2889.19
1690.58
1689.96
1344.51
1883.47
3775.78
1583.61
1456.41
1279.43
1954.57
2116.03
2612.85
1550.72
1969.01
4625.4
1752.87
2069.37
1214.79
1821.11
4378.14
1189.11
2158.89
2347.31
1786.33
2658.23
3581.23
2562.6
2367.08
1465.69
1770.6
1846.24
1511.69
2193.12
1906
1456.7
1497.95
2548.48
2820.11
2181.49
3129.55
3139.59
4740.43
1634.88
2576.04
1978.08
1797.18
1742.54
1523.68
3803.15
1679.65
2301.87
1603.47
1607.5
1989.9
2939.52
2788.87
1929.54
2492.61
1459.86
2718.07
2361.54
1902.51
1881.73
2543.61
3945.79
1733.16
2002.09
1850.49
1490.03
1843.35
2801.36
4037.34
2460.44
2211.38
3126.81
2742.44
1587.64
1558.64
3625.32
2134.74
3318.45
1893.36
1824.59
1368.41
2232.38
1419.5
2985.46
3139.56
3872.24
2386.04
2045.66
2482.82
1468.74
1392.89
1416.34
1505.09
1813.74
1916.62
1509.55
2415.41
2182.29
2091.57
2266.49
2354.35
1516.62
2717.1
1364.94
3070.33
1468.04
1372.61
1702.99
1743.53
2016.17
1645.7
3094.1
1882.82
6738.23
5632.66
2017.61
1292.22
6193.4
2550.96
1435.21
3075.17
2185.93
1321.36
1868.84
1414.54
1450.03
2515.09
3036.45
1827.14
2399.97
2307.91
1820.95
1280.62
2696.48
1243.13
3138.43
3232.15
1419.93
1555.01
4644.9
2045.3
1679.51
2524.07
2120.99
1639.7
1402.4
2158.19
1298.26
1448.14
1829.28
1877.04
1943.28
1183.53
4253.75
5005.17
4392.83
4050.6
3290.5
3387.3
2678.13
1215.21
3598.97
1746.23
2378.61
2263.54
2628.76
3291.43
1883.47
3280.42
2017.4
2352.16
1125.23
3085.61
2411.72
3664.48
2052.38
1079.07
1528.97
4146.07
1367.4
1198.36
1723.13
2030.55
5554.84
3139.3
3424.66
2065.21
2008.85
2284.33
4585.29
1607.73
2338.76
1548.97
1740.49
5527.99
1822.14
1869.53
2930.59
1178.13
2155.66
2710.18
1727.69
1433.01
2388.59
4310.69
1687.61
2276.88
1991.98
2069.74
2454.75
2013.51
4867.79
2828.18
2261.99
4474.93
2592.24
1918.67
2281.82
1770.52
2009.33
2988.03
2396.81
1932.25
1879.11
1459.88
1126.37
1718.95
2755.16
1951
1212.67
1877.82
1190.34
2313.35
2255.09
4119.62
2198.07
2009.77
2582.47
2204.91
1996.3
2285.04
2594.42
2637.72
3029.2
1270.16
4629.42
2090.33
2143.05
3813.36
2440.96
2040.98
1568.71
1672.04
1366.7
1869.58
2185.89
1189.35
2746.08
1605.2
8626.01
2606.8
2296.5
3289.63
2559.35
1191.57
2351.16
2962.11
2576.63
5842.99
2260.26
3336.14
1850.33
2404.78
1177.24
3264.97
1917.76
1858.76
2598.08
1942.53
3166.06
1537.84
4759.79
1395.62
2889.79
1678.16
2155.43
2786.5
1916.31
2209.95
1922.72
3248.73
1686.29
3019.26
6964.7
1505.07
2238.66
1844.92
1905.42
1605.99
1293.67
1462.78
2137.22
3032.55
3351.86
1505.14
1421.51
1623.08
1494.13
2202.1
1496.88
2365.35
2109.18
1759.77
1989.69
1416.98
2710.73
2672.8
1262.24
1679.6
2168.63
2259.82
3284.91
2283.93
1485.32
1449.85
4257.7
1844.44
1608.03
1581.19
1961.98
1960.74
1687.08
1653.27
3232.53
1451.07
3947.06
1536.65
3967.94
1871.45
1914.9
3101.59
1156.03
2528.97
1895.17
2650.09
2561.45
3335.5
1419.21
3196.05
1589.06
4475.02
2324.38
1763.29
2632.47
2473.5
2261.64
2263.36
2030.87
2835.35
2792.83
1956.94
1913.79
2254.53
2954.16
3662.66
2042.55
1622.54
1519.72
1652.08
1876.34
1705.02
1741.32
2579.61
1570.85
1217.39
1485.3
1453.81
3294.79
1684.82
1991.65
1473.82
2529.62
1374.81
2175.97
2122.4
1893.93
1979.11
3392.5
1952.22
3398.63
1804.06
2194.87
1343.38
1807.75
2502.96
3914.39
1228.2
1990.05
2087.56
4021.11
2453.35
3798.55
1248.38
2128.68
2768.12
1995.75
1236.77
1267.71
2322.57
2048.53
2255.59
2305.5
3603.81
4104.01
1205.29
1399.62
1402.69
1658.95
1955.8
1768.32
1679.05
3751.07
1188.38
2528.82
1899.79
2149.1
1755.03
2755.71
1491.83
2011.71
1619.23
1544.43
1424.49
1410.78
19629.6
1812.05
1637.38
4248.43
2188.55
2543.57
1738.08
2331.31
1633.4
1507.5
2686.36
2524.13
1412.03
1811.72
1257.59
2272.24
2514.17
1652.85
1817.4
2527.33
2081.44
1520.71
1872.84
3061.46
1170.46
2155.3
1104.44
2478.47
2188.45
1444.54
1547.26
1170.52
1953.15
2959.08
2015.54
1705.23
1888.98
2014.97
1681.55
2804.21
1377.07
1382.42
3898.96
1702.16
1820.98
2068.92
1850.88
2123.05
2298.2
1404.38
1686.21
1739.84
1634.63
1742.76
2281.24
1943.65
1804.87
2567.76
1844.41
1644.07
3105.5
1706.7
1583.7
2779.21
1439.45
1617.76
1543.62
1376.62
2503.38
3877.37
1569.75
1837.14
1744.49
1323.73
1668.28
3231.42
3427.8
3613.33
2372.01
1724.04
2901.16
1675.14
2204.77
1547.25
1276.42
3128.36
3642.38
1316.45
2473.06
3028.09
1476.85
1853.57
1865.92
1617.59
2429.65
1785.27
1520.83
1353.81
1517.44
1644.52
1599.33
1855.47
1474.48
2330.87
1412.66
2204.37
2861.47
1854.9
5758.85
2480.74
3255.35
1866.3
2043.8
1866.67
1099.93
1990.77
2448.69
1692.55
1936.69
1540.91
2106.85
2407.16
2881.09
2711.16
1393.1
1394.08
1625.73
2076.6
3530.94
1683.8
2173.74
3030.35
2225.41
2425.46
4444.87
1472.08
1886.61
2234.14
2074.97
1358.45
1027.01
2119.82
1353.2
1511.49
2875.88
1919.45
2623.22
2084.3
1591.73
1787.24
1364.1
1592.75
3654.73
2197.2
3599.53
1956.5
2103.24
3053.48
1772.07
2898.35
2323.42
1088.92
2054.62
1633.95
1821.23
1987.85
2731.18
1988.81
3502.23
2626.13
3146.97
1388.7
3276.12
1508.32
1464.72
1510.68
1694.8
2253.09
1319
2824.29
4361.13
2698.81
5682.79
1570.47
6043.03
2046.8
2072.23
1836.4
1816.29
3203.72
1434.51
1119.58
2636.58
2400.54
3247.05
1811.03
1283.49
2098.65
4745.44
1484.36
1808.42
2068.61
1829.6
2371.4
3543.58
1621.29
3720.55
2320.5
2250.61
1590.18
1830.65
2403.65
1523.03
1646.83
2205.11
1628.9
1992.14
3007.59
2139.87
2373.88
1846.79
1945.42
1371.8
2067.16
2300.42
4057.55
2605.01
2344.45
1713.99
2733.3
1040.08
2147.1
2054.81
1410.67
1907.24
1350.05
2131.67
1929.35
3152.22
1552.9
1685.89
2452.17
1408.92
3103.18
2143.44
1885.13
2456.94
1753.47
1867.4
2175.82
1565.48
6803.89
1388.1
2095.95
2073.71
1549.87
2429.77
2030.96
1784.42
1923.85
2086.19
1677.55
2467.49
3355.25
1885.87
2086.26
1821.3
2432.92
2751.98
1397.31
2953.9
2172.14
5160.82
1900.52
1841.81
2090.2
3515.78
2674.99
1809.41
1497.91
2273.82
1845.01
1689.88
1832.64
1819.34
1254.95
2404.31
1457.55
1526.57
2877.15
2243.95
2459.22
2524.94
1848.3
1223.28
1467.62
1694.93
3568.62
1753.09
2112.53
2470.46
2017.02
2040.12
2047.39
1400.18
2625.39
1809.21
2645.95
1616.33
1709.71
2281.06
2219.21
1737.21
1679.25
1842.35
2784.1
1457.04
1645.87
1498.27
2218.01
1713.23
1733.91
1747.11
2799.34
1726.59
1962.63
2032.62
2907.46
1693.56
3098.06
4942.79
3304.37
2190.41
2196.05
1896.92
1495.78
1187.76
1585.56
1432.46
2269.02
2032.15
1697.15
1105.89
2054.76
3634.26
1302.99
1744.44
2069.55
2016.54
1752.45
3217.96
2299.47
2838.26
1856.78
1847.02
1717.9
1979.9
2490.91
2069.97
4017.46
4464.99
1546.96
1133.63
1655.45
2990.36
15355.1
1511.48
1298.08
1935.99
1461.86
2098.05
2244.59
1358.48
1772.12
2287.93
1535.33
2563.56
1831.44
3010.62
3184.46
3264.72
1668.9
2877.1
2814.1
3197.43
1450.46
2162.06
1626.91
1706.13
2185.08
2132.91
1860.43
1666.84
1276.98
1270.29
1438.91
4105.67
2122.47
3735.81
1965.87
1440.09
2158.92
2091.49
2198.5
2275.24
2370.75
1836.54
1521.59
4416.68
2013
1240.69
2444.94
1478.47
996.54
2879
2251.82
1809.56
1915.99
1754.13
1058.66
3873.11
1694.81
2256.22
3744.12
2749.22
3578.12
2353.2
4746.54
1297.33
3094
2168.59
6161.62
2120.7
2370.29
2289.9
2023.74
2517.08
3244.09
2459.64
1696.55
1495.69
2550.21
3191.41
3344.2
1493.45
1689.01
2984.79
1980.11
3493.69
2078.68
1740.99
2626.31
2662.03
1660.63
1846.95
2018.79
5840.63
2104.87
2168.46
2628
1403.84
2845.62
1252.96
1808
5392.76
4043.81
1823.13
1737.38
1642.34
1285.69
2715.72
2089.33
3789.45
5696.24
2881.57
3682.97
2753.04
1981.25
3207.47
3373.6
2133.23
3378.34
2023.68
1711.82
1241.56
2779.17
1543.18
1945.51
1547.22
1756.67
1228.41
1941.65
1723.57
4032.1
2103.51
1716.08
2399.64
1651.02
2154.91
1172.4
1084.97
2346.79
2818.31
2595.84
2673.5
2045.54
2345.35
1916.37
2015.31
2168.75
1593.92
2809.61
1803.6
2790.41
1684.83
2332.61
1553.67
2766.35
2116.23
3301.62
3038.03
2236.13
1816.75
2344.74
1980.55
1686.43
2268.34
3850.08
2181.02
2214.06
1817.8
1966.28
1438.38
1627.18
2152.23
1604.75
1743.38
2186.93
2562.03
2058.98
3658.06
1490.71
4298.91
2213.09
1334.71
2148.94
2188.73
2240.41
2399.52
1858.94
1287.36
1312.1
2068.7
1815.34
7453.39
4039.64
1878.63
2773.7
3346.87
1493.36
3982.3
1461.78
1898.58
2568.27
2375.46
1345.53
1575.19
2142.25
1508.75
3623.95
1919.31
3090.19
2327.31
3151.13
3310.27
2290.25
2992.69
1861.17
1411.75
2692.88
2620.32
2875.28
1989.9
1387.03
4144.49
1564.85
1520.58
1511.02
1890.54
1645.5
1951.73
1642.33
1117.38
1675.69
2076.22
2472.97
1977.15
1816.05
1325.39
3181.16
2710.4
2026.47
1449.45
2599.42
2216.2
1295.21
3166.51
1421.28
2057.54
2078.18
2167.08
1518.81
1945.41
1503.1
1983.63
2135.22
1269.2
1930.61
2179.01
2120.93
2241.72
5025.37
3849.66
3772.18
2615.42
937.022
2237.29
1987.15
1997.98
1955.33
1989.53
3244.53
2011.19
2176.98
2777.97
2601.22
1901.62
1679.35
2342.66
4163.43
1232.79
1599.15
2071.71
7048.92
1673.21
2024.87
2538.38
1298.52
1652.02
1691.17
1622.92
2451.89
2096.19
2733.93
2179.86
1344.97
1487.75
2019.46
2012.73
3089.31
1701.37
1595.73
1845.48
1938.5
5185.19
1898.97
2367.62
1375.93
1214.51
2387.29
1717.64
2141.21
2041.37
1727.08
9272.14
2292.15
1362
1621.77
2699.21
2336.69
2616.75
1706.24
3101.7
3657.43
1816.66
2487.39
1623.73
1459.9
3085.12
4439.69
2171.65
1559.05
3189.06
2746.8
1846.25
2510.62
1147.1
3226.38
1635.68
1790.3
3101.02
2362.27
2428.75
2271.74
1952.29
1992.09
4868
2905.15
1834.53
1791.04
1739.5
1380.83
2668.99
2750.34
2193.31
2967.08
1802.26
5518.34
2671.37
1746.66
2279.82
976.03
1878.9
2061.71
2115.83
2288.27
2187.65
2240.71
2829.84
1853.21
1278.84
1567
3289.87
1430.34
1810.56
2466.2
1970.8
2361.37
2528.79
2074.98
2083.98
2697.1
2300.22
2329.39
1388.42
2135
1588.88
2098.36
1941.07
1757.05
1256.88
1782.86
1425.47
1947.71
2708.53
1380.77
1925.82
2234.83
4202.94
4312.57
1845.27
1299.08
3174.87
1779.21
1588.61
1952.75
1562.98
1253.72
1956.49
3515.05
3174.44
2672.71
4153.87
2519.03
2452.34
1647.72
2937.44
1324.9
1261.4
2133.84
1430.08
1193.32
2280.33
1385.02
1608.13
1696.26
1828.33
1467.26
2404.6
2494.79
1557.37
1645.83
2692.34
1978.18
3047.92
937.422
2881.81
3282.27
1732.6
1999.76
1737.96
2572.39
1589.6
5607.4
1676.54
1267.96
1246.8
1600.86
2831.73
1879.12
2734.19
1986.67
2131.28
2116.29
1408.17
2238.24
1372.82
2506.95
2266.09
1935.76
1342.5
2806.17
2388.59
2808.51
2356.65
1430.98
1532.59
3311.15
1009.78
2620.82
1487.89
3401.8
1853.03
1824.86
2278.73
1333.36
2716.82
2365.61
2094.13
1511.72
1813.82
1660.14
1550.4
1976.6
1384.41
1760.61
3422.49
1207.57
3272.26
2931.59
1311.7
2191.77
2104.06
1650.47
1746.91
1462.46
1786.31
2756.5
1543.03
2849.38
1460.41
1145
3309.82
2120.66
4137.95
2129.9
2530.66
1164.72
1604.92
2107.52
2110.51
1966.84
2338.15
1825.33
1483.75
1752.54
2068.99
3250.83
1840.93
4798.43
1796.98
3395.14
1730.24
1576.67
1977.95
2397.53
1937.4
2083.09
4545.34
3758.71
1486.41
1392.07
2304.3
5998.22
4098.62
1662.54
1330.18
2388.6
1864.47
2535.81
1204.18
1944.21
1025.7
1450.53
1697.11
5722
2435.07
2401.17
1724.36
2062.53
1401.49
1952.07
2363.5
2336.37
5536.51
2766.84
3457.7
3084.57
1534.9
1386.54
1185.59
2125.37
1551.99
1969.16
2072.78
2060.71
1867.7
2391.39
1651.16
1896.29
2048.15
2075.24
2267.83
1406.93
1999.61
1927.67
2597.53
3332.71
1652.11
1598.75
4459.79
1483.81
1667.92
1541.15
3217.43
1643.58
1678.18
2443.91
3496.78
4249.13
1892.28
1799.12
1564.8
1458.76
1580.81
1112.37
1755.61
1080.78
2163.34
2377.56
1675.4
5430.34
1920.91
2366.41
1947.16
1929.19
2291.41
2345.11
6016.72
2689.43
3172.14
1942
2459.3
1631.07
4314.33
1673.35
4489.86
1497.66
1749.38
1110.08
1575.37
1564.04
1514.09
1842.65
1683.22
5056
3111.82
2243.3
1487.88
1524.65
2928.52
1508.43
1376.65
2477.37
2156.29
2105.55
2506.42
3371.62
3271.74
3162.03
1348.31
2795.22
3818.74
1839.32
2452.11
1624.38
2144.05
2704.82
2817.82
2287
1932.96
1201.77
1568.31
3290.58
1394.22
2495.01
2084.06
1145.6
2205.2
1515.9
3448.12
5302.23
2241.55
2886.06
2265.45
2645.75
1673.92
1351.56
1749.46
1370.9
2697.46
1600
1826.37
2488.71
1264.9
1991.38
1161.18
2927.97
2469.96
1874.3
1335.95
2636.99
1579.51
3088.24
3226.57
1452.55
1101.83
2800.09
4167.11
1227.07
1813.44
4885.67
2212.01
3090.12
4077.88
1324.12
1654.52
1944
2128.15
1829.52
1570.42
2138.51
4397.56
3454.18
1670.1
2554.61
2060.74
2067.28
1358.2
1077.83
1564.73
1070.63
2427.89
1684.58
2683.59
1857.72
1790.3
2182.27
11793.2
2390.99
2131.24
1223.48
2221.05
2897.33
1352.84
1916.9
1981.91
1945.65
1838.16
1270.34
1622.22
2087.8
2013.84
1552.97
1383.81
1809.72
1933.67
1837.35
4982.42
1725.14
1690.8
2353.1
3890.28
2302.76
2287.7
3549.43
1875.83
4449.66
2006.17
1935.84
1162.15
1624.87
4250.26
1286.46
1411.8
2554.17
1390.64
4106.32
1633.9
2779.31
1800.75
1320.83
2764.24
1545.98
1524.8
1935.91
3636.23
2573.45
2348.69
1589.19
1295.06
1257.9
2124.16
1864.85
1537.55
1860.19
1622.97
1693.93
1235.09
2615.01
1800.08
1296.21
1522.34
2330.48
4605.63
1622.28
1724.27
1816.95
3573.63
1979.08
3757.54
1578.3
2878.08
2100.31
2239.33
2252.45
1135.36
2371.48
3076.09
1990.64
1756.8
7608.41
1602.1
1353.76
1570.43
1948.94
1914.28
1275.12
2517.19
1610.35
1809.98
2588.8
1579.3
2278.29
1430.71
1224.89
3429.85
2770.05
2402.91
2308.28
2512.84
2021.34
2211.96
5701.32
2369.72
2142.85
4034.29
1922.42
1514.53
1453.57
2673.74
2881.32
3728.16
2222.03
2863.17
4867.94
1568.04
2604.13
8823.88
2381.85
1954.25
3317
1772.74
1732.65
2207.39
2563.56
2114.68
1287.25
1741.59
2029.72
2228.49
1383.45
1280.46
1284.02
1819.09
1191.32
2268.47
1645.58
1806.49
2191.9
2347
1990.16
2443.9
3006.24
1829.64
1858.21
1489.64
1356.41
3318.32
1296.18
1443.45
2664.37
1257.98
3099.66
1761.58
2594.27
2163.74
1663.81
3364.9
977.955
1646.08
1137.93
1408.48
1640.49
1901.15
2453.17
1797.8
1345.99
1544.48
1171.4
3610.04
1904.75
1349.17
1412.76
1801.85
2013.38
1197.69
2574.69
2494.24
2268.83
2429.51
2922.19
2374.82
2794.39
2046.9
1333.23
4816.39
2221.18
1869.26
1280.59
1938.67
1801.67
1477.59
3139.82
2279.5
3124.16
2908.61
1873.69
4074.92
1357.46
1552.21
1621.82
1728.93
2052.84
3835.53
1632.97
1342.53
1534.84
1433.23
3091.95
1478.3
1464.8
2742.94
2335.5
1391.49
1640.61
2278.22
1190.67
1895.08
2615.83
2154.06
4440.37
4645.8
1487.58
1082.12
3635.44
2242.7
1444.1
2621.55
2184.8
2553.52
2036.22
1699.14
1364.27
1950.47
1983.11
2025.2
5411.64
2947.27
2115.59
2639.13
1459.73
3143.52
1869.01
2883.67
3042.9
3394.38
1700.39
2143.44
1188.51
9790
2449.32
1133.42
3405.66
1202.62
2097.71
1631.88
1735.37
3442.99
1410.12
2191.47
1533.51
4646.91
1867.59
2686.22
1630.57
2908.93
5565.16
1603.78
1402.28
1802.64
1592.51
3119.34
2709.23
2414.75
2041.34
1348.85
2745.36
1717.18
1618.68
2040.53
1981.17
2313.64
2196.94
2003.02
1704.71
2394.32
1631.38
3634.31
2602.93
2974.14
2497.77
2138.02
1395.7
1605.27
4261.98
1102.19
1358.47
1575.94
1800.88
2055.97
1165.58
1455.75
3133.15
3310.71
1685.19
1123.22
2922.44
1870.77
1458.94
1640.23
1272.82
1947.19
1512.1
1511.73
2456.35
1494.68
2019.85
1645.6
1924.38
2129.34
1439.13
1721.24
1174.13
2155.48
1488.92
2538.99
2234.61
3670.36
2737.17
1738.89
1573.4
2290.99
3025.91
1663.9
2438.12
2820.59
2410.79
2764.92
1784.85
2943.59
2029.07
2066.72
2665.35
1926.14
2270.07
1716
3682.67
1296.17
4008.38
2308.89
3214.52
3988.61
3616.87
3241.17
2348.39
3942.16
1986.83
2296.94
2462.29
1431.56
2450.68
2088.57
1422.56
1434.39
2944.64
3877.11
1495.06
3662.74
2709.14
1847.41
2351.19
2086.36
3054.92
1831.5
1700.01
1425.75
1628.07
2297.43
1773.94
1778.07
3498.97
1846.56
1527
1388.5
3946.53
1550.31
1494.93
1958.48
2408.26
1545.31
2558.91
2097.27
2110.93
2048.87
2768.2
1963.49
1838.47
1308.72
1949.89
3429.75
2116.93
2172.95
2348.71
2137.68
1897.3
1745.86
1641.67
1727.5
2120.68
3446.54
2646.55
1870.91
3307.74
2453.13
1330.17
2280.11
2581.08
2128.12
1557.05
2108.18
1805.65
1982.85
1785.84
2020.65
1670.23
1842.64
1271.56
1862.82
2247.07
2415.02
3054.73
1886.22
2069.29
1698.56
2914.91
4689.19
1980.4
2379.28
1528.94
1446.92
2350.21
1579.23
1703.6
4403.8
1629.55
1837.51
3632.83
2028.95
2525.53
1556.48
2822.21
1600.82
2076.19
2008.05
1389.71
2094.21
1851.26
2700.05
1886.83
3502.27
1989.75
1474.12
2061.95
2641.63
1626.68
1586.23
1827.61
1205.41
2820.09
1346.94
2293.67
2941.83
2030.91
4419.1
10292.9
1910.19
2867.56
2168.84
3557.77
1467.53
969.42
1326.5
2961.85
2296.33
1773.22
5865.82
1895.14
3345.94
3263.17
4810.27
2468.55
3006.45
2743.61
1930.43
1700.37
1771.12
1868.08
1520.63
2566.69
2363.3
1538.03
1271.94
1769.18
1653.83
4068.68
4004.38
1494.12
1182.38
1954.4
2768.02
2771.27
2305.04
1772.44
1866.98
2707.76
1726.92
2688.87
1772.63
2852.09
1939.37
1505.6
2350.38
1322.5
2036.81
3971.76
1973.29
1095.79
2549.74
1975.87
1392.72
1366.9
1736.08
2760.19
1366.12
1717.03
2821.7
3259.99
1391.35
4203.69
1453.14
1973.3
1952.91
1596.92
2988.84
2222.71
2914.54
1228.12
4959.68
2349.94
1215.96
1549.6
1281.18
2402.91
1517.36
2134.47
1553.92
3372.35
1687.75
4145.72
4672.15
1610.25
1711.33
2102.18
1772.57
1950.81
1938.25
2153.83
1589.58
1390.11
1593.8
2239.17
1978.1
2024.43
2598.43
3247.62
10452.8
1459.53
2662.98
1784.7
2332.29
2155.79
2924.74
1584.6
2005.3
2129.34
2693.3
1531.4
2366.23
1752.95
3621.79
1068.12
2903.36
2396.04
1815.71
1604.47
2354.73
1407.86
2850.68
1746.25
3283.71
2269.07
2503.2
1456.73
1641.13
3054.04
1702.84
2472.63
2490.87
1640.14
1916.57
2019.07
8069.81
2656.11
2419.89
4317.6
1628.28
1579.63
1785.07
1321.31
1479.45
7366.66
2132.66
2005.2
2083.33
3769.15
3439.32
1971.16
4113.7
1592.38
1228.69
2899.29
2396.59
1749.63
2475.28
2205.98
1819.32
4113.42
1945.52
1437.8
1597.42
4646.38
1212.87
1309.98
2753.57
1278.66
3411.69
2289.35
1641.2
2059.91
2988.34
2398.99
1531.16
1467.03
2970.49
2572.65
2937.62
1572.99
5668.26
1532.04
2649.96
1634.48
1856.71
4166.96
2061.72
1721.46
2152.64
3797.39
1237.5
1841.62
1670.08
1586.5
1601.9
2127.26
1757.42
1955.73
1441.66
3226.16
1749.28
1607.5
4060.1
1295.7
3823.23
2698.66
2028.67
1386.76
2695.08
1892.02
1567.75
2019.27
1792.79
1436.06
2479.77
1514.51
1770.4
2961.88
2473.78
2680.59
1903.73
2132.46
1815.79
1738.2
1911.4
1216.11
1902.84
1911.94
2792.03
1870.28
12074.6
2130.18
2613.84
2989.85
1833.75
1673.29
3667.51
1954.88
4247.87
1938.8
1992.78
1590.01
1543.11
3772.39
2999.25
1982.05
1861.56
1510.19
4347.78
1822.27
1638.3
1749.11
1792.24
1278.29
1113.76
2536.59
2057.03
1560.65
3970.53
2416.85
1520.92
2066.03
1104.92
1775.66
1247.82
1809.6
1379.8
2388.13
2037.04
6944.21
1346.62
2100.03
2087.09
3295.17
1919.13
1635.59
2660.77
2152.46
1708.23
2053.29
2659.73
1233.5
3597.39
2675.38
1583.26
1720.13
1931.92
2270.48
1920.52
1442.31
3987.26
2050.32
2300.41
2235.32
1950.34
1474.54
2974.53
2205.94
1683.79
1889.59
2016.74
1744.38
1698.92
1679.11
2743.66
3304.59
2627.23
2247.84
1971.53
1713.68
5074.95
1452.48
1553.91
1497.97
2912.95
1175.06
2575.17
1280.62
1593.56
1689.71
1371.23
2567.77
1200.76
2294.35
1342.34
2160.91
1691.43
1507.31
1572.67
2127.22
2239.39
2691.74
1445.4
2310.46
5068.04
2164.33
1634.96
2650.03
1562.66
1759.16
1589.14
1847.92
1419.02
14658.8
1618.9
1174.8
2000.11
1549.24
1723.87
2368.31
1689.81
2068.66
2003.25
1581.54
1873.86
1710.86
2746.43
4059.7
3880.24
1803.99
2472.47
2693.56
1791.47
1526.29
2577.44
1879.39
2228.43
1869.65
1926.28
1996.34
3350.12
1570.54
4878.4
2787.32
1420.67
4496.57
1481.72
2412.05
1719.48
1630.17
1755.09
1438.06
1759.33
2138.01
1155.94
2068.87
2535.96
2453.88
2787.06
1456.78
1436.64
1472.96
2795.6
1517.83
1532.29
1640.44
1817.42
1959.57
2403.43
1832.15
1796.9
2338.65
1424.3
3116.05
1696.46
1916.66
2440.61
1338.74
4464.78
2311.47
3915.91
2103.83
2289.23
3098.3
1213.05
1648.85
3261.04
2800.21
1941.45
1514.75
1567.88
1727.6
3800.96
2215.26
2109.36
2295.78
1389.9
2896.04
3853.91
3577.34
1602.16
1392.04
3768.94
1298.96
1772.08
1360.89
1527.35
1850.94
2104.76
2385.98
1571.03
4001.49
1788.62
1702.89
2355.79
1550.66
1926.38
1722.76
2625.43
1739.47
2784.18
1494.2
4124.39
2494.3
1748.23
3000.16
3067.49
1494.98
2590.75
1279.85
1946.65
2067.72
3594.54
1656.75
1148.19
1859.85
2592.74
3130.91
1949.58
1974.1
2913.75
2726.6
2338.09
1508.85
1280.67
1616.84
1443.51
2642.78
1587.5
1747.75
2568.09
4659.91
1604.08
2315.51
1726.15
2948.93
2050.98
1631.41
3767.88
1001.87
3373.6
2015.83
6715.15
1543.05
2947.77
1392.23
1277.22
2134.87
1914.73
3630.31
2450.41
3959.84
1597.4
1603.16
2942.71
1343.75
1369.72
2909.57
6701.78
1340.71
1946.57
1765.82
3490.74
1608.13
2404.23
2007.26
1511.95
1723.75
1752.03
2091.05
2140.77
3327.03
1184.39
1603.22
1213.32
1954.08
2163.59
2426.79
1765.55
3328.15
2774.29
1108.36
1784.33
1615.76
2094.61
1183.72
1626.39
3089.29
1954.29
1534.37
1183.93
1812
2624.26
4191.17
1353.06
1781.84
1822.08
2321.54
1803.71
1510.69
3832.47
2916.09
3852.98
3059.23
1093.41
2483.37
2389.31
1498.41
2832.1
2632.14
2111.99
2087.35
1512.64
3635.15
3803.15
2963.24
2258.49
1603.5
1189.46
1681.95
1626.86
2368.05
2232.14
1729.66
1251.43
2268.07
2842.99
2233.1
2040.45
5417.71
4274.47
4421.65
2518
1914.17
2549.29
1404.24
2502.77
1597.12
1564.95
2745.22
1903.88
2591.54
1256.58
1700.6
2808.54
1436.54
8471.32
3189.19
2048.83
1390.77
2188.49
1330.8
2121.9
3653.09
2709.89
2198.33
3163.86
7471.9
2486.07
2528.81
2436.28
4182.6
1685.28
2038.28
1926.38
2642.77
1072.42
1612.32
2039.72
5368.44
1648.29
1630.86
1905.45
1678.32
1746.52
1094.61
3370.22
1469.08
2859.38
3004
1662.82
2135.52
1195.98
1910.83
2412.3
2926.84
1709.3
3903.09
2668.09
2297.37
2386.45
2499.09
1780.49
1231.98
2126.01
1951.01
3557.24
1419.34
1576.29
2101.5
1380.76
2241.97
2378.5
2396.67
1703.95
3653.32
2038.42
3826.27
1343.24
1691.33
3169.88
4805.99
3493.68
1559.04
1220.92
1922.52
3159.05
1891.9
1914.61
3496.9
1593.64
2716.9
1480.72
2571.71
1142.96
1880.3
2714.37
2034.08
1632.53
1282.07
1472.1
2393.57
1422.4
1498.36
3538.87
3140.77
1472.44
2471.39
2008.29
1361.5
2664.44
1664.8
3351.5
1744.8
2841.13
1790.72
1962.41
1842.09
1931.64
7279.17
2895.61
3255.15
2087.93
1727.33
979.107
1780.19
1840.77
1368.86
3034.85
4253.34
2398.03
1739.12
3814.15
1324.56
1878.74
1928.9
2212.7
1598.21
2022.61
1840.83
3961.43
2214.97
4347.5
2016.41
2259.86
1558.17
2051.12
2095.3
1619.4
2268.25
3274.92
1387.77
2101.4
1278.92
2556.77
4554.18
2195.5
1262.29
2055.13
2292.41
1605.96
2260.46
1489.66
1362.17
1766.07
2582.48
1704.13
2222.51
2612.74
1865.82
2339.95
5383.35
4112.18
1761.65
2570.44
1494.14
1512.72
3299.32
2253.97
2323.41
2277.86
1532.34
1916.38
1786.31
4550.19
1936.9
3595.77
1115.58
1632.02
1322.41
2958.64
2685.19
1822.52
1180.51
1343.71
1685.93
1580.35
3679.76
2105.36
3080.84
1106.38
3003.03
2385.5
2598.05
2057.85
1857.5
1770.08
1460.99
2488.33
3713.55
2161.47
2386.72
2517.08
2580.96
3245.84
1498.52
2151.18
3487.46
3895.72
3618.9
3041.72
2541.17
1890.42
1325.45
2724.23
1936.07
1440.08
11716.8
1860.42
2208.77
2370.18
1742.34
2381.18
2717.82
1960.6
1750.56
2095.55
3164.51
3253.46
1529.99
3280.53
1841.75
2205.71
1784.72
1314.45
2689.33
3231.34
3052.79
2284.92
2017.98
2147.86
1513.07
1800.41
3866.35
1868.4
2242.5
1857.11
3082.3
4968.24
1256.8
5237.22
1332.86
1969.52
5053.34
1787.71
1661.37
1828.19
3241.36
1873.52
2769.14
2074.78
1729.58
2117.77
1863.01
1527.45
3110.51
2597.55
1957.86
1725.4
2582.9
2137.67
2411.15
2224.46
2559.19
1282.92
2245.24
1961.39
3412.52
1749.06
5780.54
1575.57
1904.84
2333.61
1833.04
4447.55
2598.6
2373.13
1829.62
1937.44
1561.65
2048.32
1577.69
3273.17
1979.98
1501.72
3597.03
1723.24
1459.48
1695.64
996.096
1693.01
1642.6
3142.81
1389.12
2694.4
1880.82
2127.46
1815.02
1359.49
2015.09
2189.54
3526.72
1819.34
3312.83
2582.89
1613.78
1493.09
1722.27
2108.85
1288.81
4847.55
1872.7
2053.51
2317.96
2034.91
1624.54
3060.95
1044.1
4868.03
1756.24
2023.72
2053.22
2770.73
2591.38
2804.79
2125.84
2135.36
1718.94
1481.46
2676.58
1976.8
1824.74
1637.83
2519.45
2009.75
1910.23
1926.79
1514.59
1208.21
2069.99
2898.14
2466.51
2510.92
1402.1
2071.82
1728.24
2572.87
3216.2
3636.8
1812.31
2940.31
2235.98
2688.48
1757.98
2906.63
2884.03
2928.71
1380.89
2236.24
1334.17
4340.4
2941.6
2010.13
1506.35
2017.4
1498.86
2936.37
1541.05
1849.87
1766.25
1518.91
2346.1
5167.28
2056.87
2558.21
1741.08
3078.28
2170.23
4333.63
10553.1
1653.61
6323.33
3235.64
1733.37
1620.53
3638.13
2576.43
3717.08
4319.02
2174.31
1928.3
2830.89
1904.37
1407.54
1310.49
987.973
2464.74
1332.99
1251.27
3055.8
2143.63
1562.15
2675.46
2502.04
1394.78
1239.38
4114.94
2218.05
2839.26
2344.59
2414.03
2269.44
4159.11
2134.12
2107.24
1784.42
2656.74
1890.86
3963.31
4085.91
2203.7
1650.69
1798.1
1648.46
1447.6
1938.11
2075.42
2617.55
1766.53
1611.31
1822.73
1697.56
1743.19
1738.94
5011.48
1545.14
6184.33
1858.51
2734.62
1287.76
1672.89
3447.44
2481.27
2847.64
2087.65
1938.7
1495.53
3450.3
1938.3
2059.16
3864.54
4243.38
3013.26
2597.01
1708.62
1620.12
1951.12
979.168
3302.3
7098.37
1483.43
1331
2203.98
1986.74
2029.17
2049.56
2066.82
1735.81
1529.01
1270.7
6508.99
1629.71
2737.37
2969.24
2066.89
1658.2
2047.21
2847.77
2630.25
2288.17
1998.8
2202.99
8734.12
1287.26
1700.04
2122.4
2467.91
2635.88
2041.2
1617.75
3274.69
1885.3
2686.31
2169.24
2682.79
3425.9
2622.6
1355.35
2866.56
1833.55
2324.77
1395.24
1518.44
2275.16
1908.15
3595.4
2135.55
1523.52
3252.55
2086.32
1833.32
1555.54
1557.87
1628.85
1986.36
1483.29
3339.25
3529
1221.77
1238.16
3332.07
3937.27
1935.87
1487.32
2516.11
2326.58
1586.38
1971.62
1630.98
2071.38
1408.45
3340.34
3542.39
2177.63
2042.58
3805.08
2074.99
1798.87
8670.51
2008.66
2926.18
1628.36
1931.76
1487.94
1879.54
1649.19
3105.94
1754.54
2552.95
3332.49
1404.83
2380.11
1891.77
1271.7
3272.5
4474.53
1298.08
1984.79
1883.85
2786.35
3251.56
1488.19
1223.79
4190.44
2122.34
3480.51
1288.35
1420.93
3416.45
1406.38
3424.33
1193.94
3021.14
2609.46
1517.75
2036.82
1833.89
2527.39
2145.09
1721.87
2030.28
2886.92
1718.34
1149.23
2389.72
1238.42
1628.53
5418.14
2485.36
2084.68
2031.11
3198.08
1151.53
1448.26
1750.2
2906.81
1755.24
3192.75
1657.61
1113.8
1641.18
2551
2834.83
2199.24
5272.53
5486.04
2553.9
1444.65
2276.29
1474.73
1957.84
1677.96
2191.83
1347.38
2898.57
2169.36
2252.75
1374.44
2571.41
1538.59
2373.19
1925.2
1643.55
2225.4
2043.9
3328.47
1274.59
1801
3282.97
2359.68
1111.26
1492.55
2849.88
1667
1340.05
1946.47
1311.55
2314.36
1801.42
1277.64
1940.25
2619.69
1510.1
1971.36
2541.53
2281.73
3027.6
2643.12
2305.23
2069.65
1283.53
2131.45
1782.93
1985.54
1549.83
2876.88
2105.24
1965.66
2611.93
2071.72
2502.02
1708.68
2002.24
2024.97
2792.65
1770.56
1729.1
1876.07
1765.66
2786.06
1791.28
2701.17
1915.52
4161.97
2030.76
2657.99
3028.27
2645.99
2110.22
1981.91
1949.64
2385.66
5655.51
1796.03
1329.51
2150.65
1655.98
2701.53
1633.93
3772.47
2039.16
1683.38
1676.79
1607.81
1188.12
2432.31
1607.02
1251.29
2241.2
2176.78
1700.44
1711.29
1173.33
2368.75
3254.64
5557.32
2584.07
2480.33
1167.82
1758.06
2698.07
1619.61
1812.18
1903.08
1440.68
2199.84
1944.33
2230.2
2946.93
2710.62
1374.12
2652.28
2331.86
1249.5
4966.58
1705.04
3471.63
4226.01
1295.36
2721.4
6079.73
3097.36
1459.63
4386.16
1575.04
2116.41
2010.44
1801.52
2606.08
2840.08
1907.6
4005.6
1273.2
1187.19
2260.99
3356.54
1263.59
4585.38
2123.42
1467.92
2299.56
2310.53
1617.98
2128.92
1585.32
3117.47
2085.91
2547.6
1286.86
863.085
1597.2
1396.33
1425.39
2606.41
1797.78
4142.72
1948.95
1459.83
1965.28
1939.16
2480.85
2823.64
1835.72
2424.98
2660.95
1689.4
2291.81
2689.83
2491.48
2145.73
2004.19
2707.39
2172.02
1275.02
2174.42
1470.38
3724.58
3496.95
4682.34
2217.2
1379.59
5886.63
2615.04
1328.91
3057.05
1100.68
6887.8
3452.89
2543.39
1565.47
1581.77
1688.79
1453.86
1379.13
2246.22
1575.97
3195.48
2163.74
1803.76
3329.61
1698.75
2139.25
2354.69
1414.95
1483.23
1383.8
4045.04
2298.06
1753.36
2070.72
3343.69
2036.61
2201.47
4195.38
1744.65
2175.98
3447.76
2410.04
1489.54
2294.72
2747.56
1842.09
2332.51
2059.64
1451.01
1688.07
5702.55
1863.06
3371.87
2859.32
2491.25
1977.79
2515.95
1535.47
2094.27
1737.53
2915.75
1494.25
1255.28
1850.63
2367.53
4418.06
3856.36
1763.64
2772.51
3076
2089.59
3598.52
1390.27
3328.47
1139.14
1759.72
2012.4
2045.8
1954.6
3205.62
1877.24
2457.52
3239.39
4084.13
2653.05
4390.78
3342.31
1975.97
1668.03
2180.41
2393.84
2420.17
2185.16
2183.84
6096.19
1318.99
1696.88
2733.41
2340.74
4674.25
1526.68
1331.58
1756.27
2229.67
1643.74
1326.8
2828.18
1539.86
2184.15
2292.74
2139.6
2721.87
1645.97
1824.18
2335.67
2004.47
2253.38
1979.61
3113.35
2436.82
1606.67
2165.83
2011.99
1205.48
1813.31
2462.02
1571.48
2160.21
1330.76
1615.47
1434.61
1266.33
3051
2548.99
1907.03
3506.64
1893.27
2183.98
3021.94
2297.72
2697.36
2210.4
2141.72
2231.29
1795.06
1356.55
2052.58
2357.05
1633.12
1537.51
1673.28
1847.95
1499.02
1977.67
1284.18
1176.08
1411.43
1422.98
2383.4
1857.7
1976.17
1543.82
1593.77
2200.11
1281.86
1392.41
1950.19
2050.78
3551.22
2642.71
1903.9
995.807
1229.19
2512.63
1964.04
1234.3
1973.41
1200.92
2116.57
1459.3
2274.24
3365.48
2619.26
3394.48
2952.88
2129.75
2147.24
2998.96
1387.44
2633.7
1287.9
1329.52
3652.86
2204.46
3076.94
1522.22
1818.39
1324.93
1417.06
2016.07
1910.3
2204.59
1570.56
2705.3
5214.68
1177.43
5070.82
2740.78
2250.47
1625.93
2301.42
2060.28
3703.07
1753.96
1647.78
1770.76
2176.99
1710.21
2295.84
2273.36
3316.72
2480.51
5189.83
2079.64
1668.53
1580.23
2023.38
1426.5
2285.33
1589.14
2423.28
2098.62
3247.35
1972.22
5874.1
1349.46
2257.08
1705.55
1552.17
7062.22
1493.47
2767.24
2123.95
1425.95
2461.05
1269.1
2003.86
1720.66
2209.37
2932.66
2266.89
2498.31
2086.47
2595.78
1644.58
1515.21
1383.16
4201.1
1962.63
1938.16
3079.85
1296.21
2928.74
2854.46
3995.24
3238.82
3368.78
2664.93
1964.98
1558.96
1738.39
2925.22
2263.66
1469.47
3108.26
1471.01
3785.32
1830.96
1312.69
2890.4
3611.66
1173.16
4088.09
2549.52
3307.19
1634.15
1760.72
3774.62
1125.78
1838.65
2067.05
1868.92
1266.98
971.679
1190.63
2125.19
2024.3
1934.8
2140.41
1487.25
2115.94
1763.5
1550.41
2301.03
1720.62
2278.5
1660.57
2808.33
2012.82
2822.78
2364.38
1600.98
1273.4
2150.1
992.739
2779.42
2429.94
1892.95
1133.61
2600.85
1149.35
1552.16
1199.93
1749.07
1643.2
1886.9
1612.06
1347.18
2148.54
1094.13
4071.51
2132.5
1902.09
2707.84
1678.29
2658.47
2073.58
2989.32
1565.28
1234.11
1697.45
1790.42
1476.33
2731.07
2248.81
1514.47
2841.08
2199.86
1436.54
1333.47
1493.18
2351.23
1480.85
1343.95
1425.36
3762.01
2958.75
2424.44
2353.31
1712.21
1321.52
1727.3
1419.75
1415.76
1938.08
2091.89
2837.56
1428.54
2053.36
2689.31
3075.71
1670.23
2433.63
1747.1
2356.1
2347.3
2459.07
1949.97
2207.67
4427.01
8792.21
1012.9
2474.18
2467.86
1528.96
2438.8
1332.96
1931.33
1864.68
1816.74
2335.19
2071.45
1228.65
2821.41
1323
2433.98
2470.94
1331.36
1937.22
1946.76
1941.67
9285.39
3817.3
1631.41
2789.48
1939.25
5588.67
2216.66
1411.06
2090.5
2034.73
3401.28
1705.74
2129.8
3745.1
2829.74
1400.81
2784.49
3726.61
1852.28
1309.29
7375.36
1763.35
3393.76
1648.39
1207.18
2599.61
2323.43
1920.58
1911.78
2377.23
1441.87
1975.12
2854.59
2690.24
1877.16
1677.09
2282.89
3320.24
1308.51
2537.38
2750.43
1494.75
1841.65
3128.62
1911.97
1698.49
1933.7
3137.26
2553
2237.43
1319.57
2095.08
1647.66
1846.42
1298.47
2338.89
2572.38
2395.45
1164.24
1729.92
1530.42
1279.01
1976.49
1642.59
1834.84
3299.86
1708.89
1214.11
2482.11
1503.33
4320.19
1124.88
2281.12
1344.25
2751.91
1829.65
2318.74
1815.85
2763.32
2568.57
3190.33
2504.37
1499.1
2293.87
2436.29
4437.82
1338.14
2173
2391.61
1628.42
1985.13
3833.46
1182.39
4846.03
1877.61
2222.04
1938.92
1595.2
1883.11
1456.32
1759.54
2829.02
1660.02
3223.75
1963.38
1672.61
2258.78
1391.23
1667.5
2539.75
5880.11
1939.02
1327.43
2213.23
3401.73
2182.44
2748.67
1255.92
5494.6
2904.25
1991.44
1615.67
1692.7
1554.38
1804.69
2303.32
2507.46
2514.6
2108.33
1340.44
1240.67
1941.06
3584.11
2045.34
1853.53
2143.84
3397.22
2919.84
2306.85
1534.11
2113.81
929.687
2093.19
2435.6
1125.31
2987.39
1759.78
2528.18
2625.29
2781
2103.38
2135.31
2418.5
1855.17
1619.32
2613.71
2129.42
2544.26
2587.97
2590.58
1770.92
2305.91
2000.7
1451.16
1902.39
1876.41
2126.52
2659.65
1275.58
2044.61
1635.99
2222.73
1983.09
1469.35
1401.73
3111.97
2377.8
1677.4
2129.15
1193.71
2029.82
3923.54
3762.92
1037.92
2397.1
1269.15
4118.02
1377.04
1402.23
1729.35
2066.6
3696.93
1440.18
1634.38
1450.23
1581.31
1579.85
2523.56
1538.4
1940.25
2724.8
3136.68
3868.68
1997.75
2006.9
1758.18
1884.91
2977.73
1755.22
2870.8
1876.96
1085.03
1786.13
2053.19
2506.9
2216.69
3930.66
1805.32
2267.93
2247.28
1357.23
2397.59
2575.35
2326.27
2377.5
2727.3
8082.39
2126.56
3253.85
1407.05
1803.7
1424.98
1659.09
1356.31
2279.23
2534.64
3252.94
1889.03
2105.56
1300.52
1282.8
2798.75
2457.34
1713.02
2276.42
1519.75
2288.07
3505.51
2573.94
1924.51
1362.12
3016.32
3554.05
4818.2
2669.28
2020.36
1504.98
2121.78
1241.49
3061.41
3881.23
2019.16
2365.94
2292.58
3622.76
3443.65
2178.13
1921.73
1691.38
1394.93
1888.62
1727.06
1986.17
3848.03
1765.31
3435.35
2628.64
1891.55
1787.73
1786.75
1446.65
1264.34
2464.26
1805
1512.21
1712
1737.36
1828.84
2626.97
3132.41
2132.82
1358.92
1589.11
1919.69
1814.46
1582.27
2149.13
1846.95
1487.55
1862.7
1673.25
1678.4
1687.99
1614.59
2307.72
2372.82
2451.68
2677.8
2294.18
1515.67
1403.66
2160.71
1313.08
1873.1
1766.38
2133
2584.56
2124.95
1630.61
1855.58
2542.56
2056.09
1802.69
1356.63
2161.97
2190.55
3032.24
1384.03
4310.62
1491.03
1046.41
1806.89
3447.97
3735.56
5261.67
1378.81
2040.97
3174.28
1469.55
1527.36
3098.18
2302.12
1691.3
1450.15
2776.99
2082.54
2073.99
2427.55
1331.58
1915.99
1507.39
2277.37
1570.04
1881.81
2813.18
1394.92
1942.43
1580.65
2066.57
3081.85
2243.9
1758.35
1334.81
5537.47
2246.46
1952.7
1802.3
1662.67
1941.38
1662.4
1512.72
1948.13
2485.45
2174.81
1951.95
1469.28
1512.75
2121.66
1478.98
2373.68
2662.16
2727.04
3201.46
1929.13
1447.07
1083.73
1797.81
1832.7
1911.69
2126.68
1673.17
1815.49
1545.2
9458.31
2135.88
1846.3
2007.35
3601.19
1659.85
3414.95
1193.7
2763.14
1663.57
4010.6
2850.41
1628.43
1567.2
1970.62
1617.13
2285.96
2235.95
3092.76
1943.59
2334.92
1409.92
1520.36
1220.11
2428.45
2404.23
1294.32
2586.1
2079.88
1578.05
1413.31
2160.15
1866.13
1832.36
1583.13
1713.67
3065.33
2232.33
2126.23
1928.39
2915.15
2338.12
2832.13
4213.57
1930.82
3953.24
2042.54
2092.02
2200.96
2723.15
2252.69
2099.89
3030.28
1854.99
1704.04
1368.19
1184.27
1058.51
1896.66
1314.75
1882.54
2071.88
2399.01
2234.2
4166.84
3318.48
1525.17
1684.94
3206.92
1452.41
1871.97
1971.13
4342.47
1478.06
2187.33
1752.1
3700.42
1324.19
2793.91
1200.59
1607.94
3664.6
1502.61
1396.13
1622.85
1605.75
1400.67
1190.91
2082.2
1821.1
2548.9
2324.94
2695.35
2268.2
2122.69
2089.61
1982.54
2477.46
1907.95
1857.14
3362.16
1648.18
2566.72
1307.78
2152.11
1429.86
1314.94
1307.94
1640.55
1425.68
1925.37
1599.84
1438.37
2670.8
2873.39
2311.3
3242.59
5839.86
966.87
1099.75
2237.05
2370.74
1595.73
2086.84
1683.57
1962.9
2331.44
1182.88
1449.87
1850.2
1739.04
1579.28
3739.47
1523.31
1454.24
2461.65
1359.52
2288.66
1949.68
1755.55
3253.7
1202.8
1879.34
2003.49
1819.2
1505.25
2350.72
1904.38
1693.91
2953.9
1730.56
5087.08
4057.24
1971.51
2976.14
1237.62
2221.56
3935.61
1873.09
2291.75
2890.2
2202.52
1686.56
3272.98
1823.65
2992.97
1757.48
3281.73
1996.86
2399.02
4205.19
2496.63
1510.2
1357.97
2060.53
1829.41
2626.69
1955.48
1510.53
1655.55
2100.44
1977.38
6957.41
1628.57
2926.22
3575.7
4125.23
2292.1
1313.62
2932.62
1727.52
2380.75
1803.32
2330.41
2117.82
1622.43
1331.08
1673.4
1410.81
1996.63
2135.69
2633.27
3428.54
1632.31
2139.27
1453.6
2006.14
4787.16
1643.09
1479.46
4307.61
1951.5
1751.74
1293.27
2692.58
2346.69
1417.06
1488.41
3576.26
7441.8
3013.8
2073.21
2794.48
2665.38
1905.85
2258.72
1917.66
2978.44
1835.07
4266.9
1415.63
4069.73
2704.14
2094.25
884.466
1794.5
2343.75
1594.74
2858.27
2158.05
1821.03
1432.5
1686.66
1974.17
1340.75
1380.84
3356.68
2780.87
1503.04
3938.54
1719.56
1177.73
2898.16
2749.87
2210.14
1736.77
1194.51
1827.39
1710.07
2898.61
1755.78
3440.18
1779.27
3441.77
1968.36
3555.07
1768.96
4606.2
1531.44
1905.23
1400.32
1491.33
2261.86
3524.21
1667.59
4314.41
14901.6
2326.45
2383.17
1627.49
2166.62
2791.12
1642.13
2722.17
1712
1307.93
2698.46
2639.93
1780.09
1372.94
1191.08
3498.33
2306.24
1556.43
1822.87
1562.33
1397.55
2430.88
1202.11
2034.46
4086.77
1570
2560.17
4176.19
4440.33
2226.2
1348.98
1538.41
2191.53
2630.05
1638
2523
1162.53
3425.21
2583.05
1693.63
1732.8
1538.55
2063.74
2093.61
2875.92
1767.66
2514.25
1804.39
1977.78
4048.61
1760.2
2109.08
1479.98
2865.21
1480.43
3276.04
1348.66
1464.4
2254.96
2168.8
2292.78
2803.37
2557.19
2924.93
1640.72
4922.62
2509.2
1990.18
2249.51
2229.27
1730.5
2878.93
2149.43
1955.74
2358.84
3547.56
1651.43
3657.44
3401.74
2022.65
1784.99
2393.6
2377.15
1146.59
2325.77
1619.25
1709.43
1164.06
2050.9
1641.66
6371.55
2891.46
2613.8
1817.48
3523.39
3192.91
2787.14
2808.66
1663.4
1993.19
2160.28
3284.1
2256.14
3132.04
1940.9
2444.01
2568.33
1563.47
4233.15
2398.97
2592.02
1606.59
1938.86
1164.23
2513.32
1380.81
2668.16
3515.38
2153.3
1566.43
1824.71
4336.2
2045.76
2073.28
4719.38
1606.8
2598.84
2482.45
1745.24
1867.66
2286.38
1703.04
2775.18
1950.91
1418.55
1757.42
1830.51
2706.57
2470.7
3166.82
1537.19
1469.89
5030.6
1596.73
2052.14
1563.82
1472.88
1603.18
2196.25
4346.19
2104.23
2939.56
2053.95
3267.08
1525.34
2678.31
1418.79
2474.94
2930.61
2293.49
2624.49
1686.76
1330.52
3397.16
4314.83
1160.07
2777.79
2744.13
2723.73
2591.36
1411.47
3403.99
2767.09
1379.31
2001.67
1806.61
1530.98
2108.69
2598.16
2403.93
860.886
1590.18
1829.9
1646.26
1018.89
1287.51
2309.03
1436.94
1481.47
1624.98
2650.72
2146.26
2737.37
2091.24
3618.44
2518.39
1892.86
1994.45
1585.54
1288.78
2425
1030.37
2748.69
2235.53
1748.53
1167.31
4747.43
3392.7
4682.85
1699.06
2230.02
1871.52
2781.32
1576.74
2021.77
2548.26
1325.19
1999.18
2488.15
2126.11
2402.43
1950.81
1295.22
1177.35
4055.88
2033.8
2335.96
3012.49
1076.67
1831.29
1473.96
1442.8
2299.96
7660.75
1885.98
4062.67
1105.81
1936.8
1448.3
2028.68
1796.17
3173.04
3161.11
1881.98
1838.09
839.055
3352.6
2079.05
2623.09
1566.49
1584.79
1771.2
1681.67
2522.06
3813.01
1346.44
1370.59
1511.09
5800.15
2503.52
2684.61
1533.61
1115.6
1329
3808.86
3038.06
1293.62
1742.56
2679.58
2046.67
1659.04
2353.66
1960.49
2779.04
1425.46
3281.27
1318.75
2791.81
3360.84
2417.47
2258.69
1431.8
4032.28
1689.19
1841.84
1565.62
1755.75
1402.96
2830.68
2656.14
1445.79
1850.51
1464.82
1552.68
2073.51
1345.33
1572.86
2286.54
1979.73
2161.86
3294.36
3199.54
1369.87
3111.59
2067.18
2739.49
3094.28
1447.44
3234.3
1505.98
1877.2
1386.4
2864.25
1718.41
3491.35
2029.41
2179.09
1966.61
1759.14
2196.63
2298.74
2624.25
2798.43
1613.61
1569.5
1734.4
1318.48
1971.37
1496.57
1749.45
1234.87
1979.7
2375.75
4565.1
1282.06
2460.17
3234.48
1543.62
1311.12
1886.99
1805.26
1953.31
4670.16
3125.64
1610.31
2181.71
3130.37
2732.4
1138.73
2949.14
1846.69
1188.61
4371.34
1601.48
2302.46
5012.14
1057.22
1497.93
3725.23
1016.74
2468.42
1140.07
1121.76
2249.41
1493.84
3325.58
2734.42
3369.73
2143.63
1818.1
1981.69
1612.12
2157.94
1886.92
1999.47
2442.63
2454.78
1941.86
1162.66
1240.8
3048.81
2389.21
2277.92
2212.48
1450.91
1447.42
1082.86
3719.96
4770.31
1718.19
3055.39
1795.35
1407.84
2165.87
1911.77
1692.59
3020.97
1896.18
4321.21
987.711
2116.51
2748.27
4555.08
1693.29
2507.69
2997.26
1446.68
2961.77
2838.62
1346.99
2700.42
2212.68
1875.8
1780.74
1948.41
1917.58
2610.85
2121.26
1587.01
2522.94
2368.52
2031.08
1362.29
1298.57
1895.95
1298.45
1594.49
1715.41
1644.97
1372.42
2193.08
3033.15
3151.79
2701.73
2751.78
1385.34
3322.4
3058.85
2392.54
2496.31
1584.39
2093.87
2059.84
1518.59
2615.29
2539.48
1798.93
1827.63
3585.04
2522.35
1632.54
2064.74
2359.82
1358.95
1605.19
1195.97
1761.96
2395
1381.88
1935.29
1736.09
1430.7
2366.97
1560.97
1360.1
2052.1
1727.51
923.991
2235.49
1162.91
1648.12
1623.2
1416.01
1775.16
1657.43
1532.4
2155.96
1715.14
3320.75
1866.77
3197.75
2267.08
1783.2
2036.47
1463.53
963.141
1998.2
3621.3
1689.05
1710.13
6375.53
2649.95
4669.71
3060.2
1711.48
1904.36
3703.37
1534.08
2873.1
1898.9
1238.32
1651.53
4043.13
1553.84
1992.74
1876.06
1406.32
1732.84
1907.98
1342.54
1642.54
2682.74
2209.07
1671.15
1938.95
3456.74
2778.81
1886.94
4908.84
1378.21
2132.86
1801.86
1907.9
1916.27
6758.77
2149.55
1611.36
1610.65
2108.17
1282.23
2762.82
1149.62
2019.33
2152.63
1256.65
3869.19
2551.3
2324.89
1018.89
2356.99
4182.71
3906.89
1467.48
3644.24
1505.89
2962.44
2035.47
1410.45
1201.16
2810.4
2410.17
1623.44
3452.72
2243.53
2899.57
1565.15
2245.94
1257.85
2287.2
2271.34
2343.23
1346.36
2515.83
1670.56
2439.95
1225.29
2775.54
2292.18
1289.6
2133.24
3024.22
2013.68
1571.78
1602.44
1925.86
2842.33
1220.17
2484.06
2355.58
2907.62
1275.43
1804.91
2706.73
1343.77
1300.71
2521.82
1623.93
3473.18
3954.69
1769.88
3208.24
1876.12
1776.58
2904.85
1226.05
2223.93
1946.41
1861.15
4189.39
2515.8
2295.48
1698.11
2211.74
2070.34
1463.36
1721.53
2007.59
2073.98
1498.88
2345.15
1455.84
2207.87
1677.39
2203.99
1435.02
3006.84
2858.22
1462.5
2260.78
1610.17
1633.64
1481.74
3464.58
2156.35
1722.94
2244.45
1753.13
1951.37
2195.01
2029.77
1316.53
3429.53
2239.88
2332.6
3603.05
1798.33
1312.02
1525.66
1849.09
1997.01
2640.38
1543.55
8255.46
1722.16
3121.19
1892.29
4551.23
1320.33
6254.15
4196.91
2393.64
2433.65
1519.25
1441.37
1386.37
1466.06
1534.48
2122.18
1922.25
1701.69
1198.46
2311.93
2740.18
1645.23
2699.33
3854.14
1835.56
1621.28
2007.43
1596.86
2182.94
2032.83
5853.32
1770.86
1883.41
4630.75
1526.16
1304.2
2267.34
2730.81
1135.33
3211.03
2091.39
1691.77
1765.55
2483.71
1386.48
1990.16
2731.33
1771.65
1302.2
1738.57
1598.75
1448.68
1958.59
1414.23
1191.28
3439.54
3571.47
1873.48
2146.14
2654.3
2289.02
1694.57
2418.09
4888.03
2662.57
2069.95
6384.86
1926.07
1230.42
3136
2563.7
2019.06
2740.16
1904.03
2115.83
2105.29
2919.35
1911.85
2286.89
1397.99
985.461
1922.24
8798.75
1649.56
1456.3
2124.08
1554.57
1176.87
1215.24
2869.79
2093.95
2262.04
1241.41
3667.29
1906.82
2153.21
1742.2
2576.23
1505.26
2930
1807.85
1272.29
3686.85
2847.67
1874.13
4089.11
2941.38
1452.24
2478.7
2960.85
2969.01
2790.67
1422.7
3507.41
2340.78
4825.44
1284.44
1504.98
2375.97
2842.41
1688.53
1983.7
4641.08
1786.35
1719.48
1923.7
1777.52
1961.73
3280.24
1766.38
3029.45
960.235
1661.67
1436.26
1930.96
1951.49
1566.13
2932.55
2355.97
1801.02
1616.31
1886.89
4056.89
1613.37
4114.47
1628.76
1378.53
1731.1
1381.36
3020.75
2721.37
1403.71
1155.46
1512.26
1918.87
1303.48
2177.02
1704.25
1267.42
1775.38
2441.83
2997.6
1795.09
2227.96
1576.61
4373.38
1924.8
2158.07
2026.46
1785.31
2325.87
6035.62
2519.22
1865.38
2056.89
1988.83
2322.65
2369.24
1647.2
1622.29
3001.88
2556.99
1778.17
1824.93
2680.84
1770.13
1596.9
3241.22
2439.76
1829.52
9292.34
1833.93
2650.87
2331.59
2169.7
3133.14
1320.89
3692.53
3455.68
1732.46
1993.34
1258.16
2356.45
1503.68
2575.04
1965.63
2050.47
2940.77
1371.3
2105.11
1978.42
3440.58
1643.26
1881.88
1407.82
2297.72
1528.27
2603.14
3278.35
1684.32
2089.46
3320.69
1492.59
6027.89
1495.23
3661.37
1688.77
3068.34
2314.94
1815.32
2017.36
3196.93
2581.31
1899.19
2683.72
4205.54
2210.61
1355.78
2695.64
2016.3
1793.72
2246.71
1466.09
2094.2
2571.69
1922.85
2167.83
2031.87
2498.55
1819.72
2198.23
1514.33
1314.63
2039.94
6931.92
3897.99
1549.44
1466.61
1658.64
2509.7
1910
1700.81
2370.17
2668.66
1558.18
2483.23
2798.03
2211.38
2274.22
4123.19
1724.35
1866.33
1906.34
3501.78
3390.74
2077.5
2369.44
1844.51
2487.21
1434.44
3094.27
2836.46
3162.91
1765.81
1269.1
4216.39
1409.11
1263.33
2640.18
1349.94
1610.84
1438.43
1147.92
1655.07
1946.21
2061.61
1833.46
1590.23
2632.53
1587.48
4320.42
1091.61
1045.96
3660.88
1588.02
5765.55
1883.53
2679.22
1743.92
2289.01
2511.27
1472.6
1703.32
1420.73
2387.98
2575.77
4219.03
2041.65
1456.32
1505.38
2062.64
1402.16
1665.24
5342.71
2344.68
2484.72
1675.54
1318.98
2417.58
3015.72
1643.87
2912.18
2432.81
2316.66
1655.74
1652.14
1614.64
3493.74
8174.4
1253.67
1299.67
1667.28
1627.4
1449.84
2456.56
2275.42
1731.16
2354.66
1685.81
1396.77
1709.37
1730.92
1908.58
1675.75
1139.04
2456.87
2891.54
1819.41
3323.94
2578.16
1100.85
2997.91
1685.41
1585.06
2007.39
1455.42
1523.32
3330.62
2108.01
2726.67
1641.89
2363.87
1677.92
2240.71
2672.45
2697.27
1649.31
2127.02
1568.8
3441.77
1931.68
2304.26
2825.15
1991.58
2625.04
1758.41
1497.93
1401.72
3622.34
3317.92
2012.79
1438.16
1705.34
2419.46
1895.8
3005.87
1869.63
2039.99
2205.99
2852.44
2132.45
3893.45
1964.13
1672.58
2464.66
1889.08
1338.19
2604.16
1788.37
1322.8
2629.19
1364.93
2380.65
2090.71
1147.59
1224.34
3438.77
1915.42
1695.23
1783.14
1098.71
1997.06
2926.8
2870.19
1988.7
1475.98
2216.72
1354.29
3803.84
2270.12
1990.41
2139.06
2080.18
1952.45
1487.58
3324.52
1853.94
2403.55
2026.24
1594
1048.56
2499.21
1215.54
1592.38
1613.09
1728.13
2226.9
986.299
4533.89
2772
1531.84
1534.33
2416.47
1908.59
1871.08
5091.32
1676.38
2350.16
3445.72
2806.23
1742.89
1494.19
1770.74
1159.7
3990.32
1288.17
1845.89
1682.54
3120.89
3730.31
2322.59
1439.69
1594.51
1739.94
2376.28
2400.46
1649.19
1643.89
1358.43
1631.6
1736.51
2607.15
1442.28
1911.37
3067.34
2075.8
2036.17
2094.41
1476.71
2290.28
1624.72
3312.78
1647.58
2543.48
3036.94
1418.94
2075.67
1400.86
1385.69
1888.5
3163.66
1551.87
3541.14
2343.45
1992.92
2427.48
1446.24
3827.03
1498.57
1108.38
1594.39
1420.74
1838.49
1838.98
1144.56
2290.26
2009.74
2298.74
2355.65
1289.07
4128.99
1721.05
2254.14
4526.98
2319.9
1735.46
1550.46
4078.3
2687.53
1115.91
3292.21
3558.31
1570.86
1156.92
2868.73
1391.83
2505.88
2149.22
2905.64
2696.39
1409.9
2026.62
2033.86
3084.59
1728.73
2527.96
4338.73
1236.4
1780.97
2473.37
1185.96
1438.27
4103.73
2176.82
1303.37
1348.01
1627.14
1277.02
4622.62
2477.79
2186.09
2143.97
2467.23
2764.18
2601.4
2080.7
2520.28
1815.73
1451.03
1856.21
1447.01
2934.03
2546.92
4244.6
1270.69
1418.83
2384.09
1310.1
999.233
1374.72
1905.59
2285.7
1971.48
3318.18
1304.6
2071.16
1620.43
2058.71
1633.05
1743.85
1549.84
1511.47
4635.51
1136.85
1327.55
1380.73
2186.38
1840.3
1349.49
968.104
2971.45
1466.22
2433.05
3059.66
2897.06
1594.33
1512.46
4072.74
1574.42
1851.41
2234.18
1180.3
1862.45
3039.97
1693.48
2191.8
1869.84
2905.7
2830.99
2407.05
1460.77
2519.19
2367.73
1790.86
1790.32
1704.47
1540.84
1652.78
1440.72
1983.33
1564
2021.1
2040.13
1596.65
1449.52
2009.19
1907.78
3226.77
2269.46
2016.75
2573.52
1450.01
3566.89
2015.45
1557.29
3924.61
2241.1
3758.3
2128.75
3432.14
2937.74
2703.19
4298.2
1806.29
1588.57
1430.87
1591.21
1899.86
1448.7
1401.89
4186.62
2238.45
1757.98
1480.85
2957.74
2584.34
1921.93
1229.07
1290.46
1430.81
1403.34
7539.74
1700.65
3962.54
1105.94
3297.44
2022.26
1981.09
1834.6
1999.57
2317.47
3749.25
2940.66
2029.33
2298.93
1430.09
2521.57
2624.94
1453.62
1356.94
1561.09
1518.27
1867.82
1503.06
2242.65
1326.48
2272.92
1550.11
2470.15
1926.89
1325.22
1545.75
2387.35
3317.95
1358.44
1868.37
2741.58
2063.06
2917.67
2934.48
2772.92
2332.28
1629.84
1753.18
2423.75
1906.97
1648.1
1713.36
1623.27
996.086
2945.57
1672.62
1096.22
2635.83
1503.39
1144.59
3276.69
1365.5
1429.5
1280.31
1581.86
2917.28
1413.64
1527.08
983.215
1464.79
1930.05
1620.93
1920.22
1637.5
4552.3
1404.39
2828.66
2814.25
1774.31
2480.28
1549.55
3202.72
1494.33
3186.29
5047.36
1749.93
2980.86
4933.54
2569.33
1435.87
1999.35
2002.71
1776.25
2483.75
2734.45
1507.68
1858.11
1347.96
1866.94
1229.29
1211.69
1619.69
2625.8
1451.63
1862.76
3270.27
4327.81
2850.27
1593.01
1826.36
2290.87
4465.45
1486.65
1668.67
1870.84
2193.43
1830.22
1896.41
2072.34
3269.09
2680.26
3885.23
1592.03
3171.56
3124.95
1752.34
2572.29
2523.24
1341.1
3971.98
2338.26
2189.95
1583.71
2418.23
2450.84
2765.12
1022.82
1110.41
2241.63
1490.36
2319
1948.53
1724.46
1327.12
2610.6
2104.32
2248.21
2110.86
1614.08
1824.86
1900.74
4019.94
1793.61
1762.63
1299.67
4120.82
2135.05
2770.62
1527.5
1436.85
1219.68
1801.48
3032.04
3816.82
1876.35
1808.16
2327.19
2431.29
1594.63
2051.58
1400.9
1787.62
1518.98
2473.82
1493.71
3463.89
2514.3
2162.89
2961.94
2318.71
1534.82
1901.85
2445.41
2758.48
1333.51
2548.29
1422.04
2847.1
6848.82
1621.35
1609.94
2563.45
1966.97
2079.62
1960.55
1542.45
2524.3
2025.55
5337.78
1580.39
2219.48
3934.98
3375.83
3282.56
1801.93
2106.56
