2474.89
5168.11
2236.6
4556.12
3935.16
3855.05
2496.7
3003.5
2408.47
1829.45
2148.3
1757.42
4829.23
3322.63
3706.89
2284.01
3073.09
3475.44
2090.74
2009.32
3628.32
3185.8
2507.18
1723.31
3405.53
4323.92
3395.04
3257.01
3925.49
2276.33
2693.32
2672.69
2093.4
3594.2
2881.28
2554.04
2498.56
1486.25
2577.34
2480.47
2210.42
2550.18
2312.97
2468.43
5163.12
5177.3
8774.34
1797.66
5205.78
5923.4
3183.38
2527.06
2065.04
2898.97
2758.87
3076.95
2383.42
2336.53
2481.07
1835.95
3240.47
1508.52
2223.7
3016
2535.74
3203.51
2637.51
3232.06
9259.1
4318.8
2650.81
3797.15
1529.57
7068.02
5064.72
4435.64
3207.67
3993.02
2709.22
1487.82
3017.56
1761.45
2388.39
2306.06
2812.82
2721.59
3832.59
2215.1
3777.33
2110.72
2302.49
3694.07
3610.77
2978.68
2041.28
3724.72
9346.95
3365.52
2115.67
2437.93
2721.85
4833.23
3905.5
2544.78
3057.86
2589.76
2426.83
2609.14
4852.98
3404.66
3153.6
1912.74
2676.42
6305.59
2446.85
2642.2
2919.46
1985.79
1894.85
2405.81
1626.11
2014.09
6584.1
5830.53
2522.88
1887.61
1731.93
1543
4710.76
3318.26
2383.45
5618.73
4801.15
5181.32
3696.51
3030.76
5975.19
3028.18
4057.02
8685.05
2928.59
3757.09
2161.99
2863.51
4474.83
1942.87
3153.36
2234.03
1496.59
5507.66
2542.03
7667.96
3366.19
2407.22
2963.5
2079.2
3512.19
2495.07
2075.77
3184.15
2118.83
2153.22
2200.98
2023.66
3551.52
6995.61
2624.57
4245.05
2551.64
2747.01
4562.75
1308.03
4492.06
3815.4
2263.63
2484.65
6689.53
1934.69
3076.02
3148.18
2482.42
3369.85
1995.68
3057.12
4362.28
2309.09
11467.2
3246.35
2262.75
3464.88
2284.58
3668.2
2530.31
3020.49
4031.71
2361.79
2318.28
7028.4
4203.94
1976.42
8324.56
2948.04
4679.07
6064.13
3245.27
5105.83
2350.11
4419.76
2587.73
3529.83
2982.06
4124.38
4362.99
1917.63
4691.09
1948.74
1660.44
2201.7
2360.84
5884.94
2155.71
3213.4
6015.5
13578.9
4852.16
2382.55
2823.25
1849.63
2900.84
4540.66
3816.89
3376.85
3459.25
2813.31
3155.55
5369.03
3689.78
3773.48
2047.14
4283.89
2669.87
2318.59
1952.18
2708.12
2862.78
3116.2
6350.24
2417.68
4109.83
3331.59
3550.72
4036.27
2372.17
5481.11
4628.23
2148.8
2938.5
3741.84
2587.42
2123.03
2262.09
2206.57
1962.63
2443.39
3129.45
3039.62
3071.6
3174.55
3206.36
2569.57
3036.07
3032.28
1986.82
2277.76
1749.04
1175.03
3049.2
1812.4
3191.68
3161.3
2231.71
4113.2
2022.69
2976.98
2006.49
2065.55
2025.33
2433.2
2393.88
5820.18
2397.32
2804.88
3360.03
2379.22
1771.61
2020.56
3233.42
2230.26
2481.11
3713.18
4015.73
2566.68
2383.89
2716.59
6101.88
1782.82
3359.95
3087.56
1792.61
5217.45
1959.68
2017.13
2235.37
3903.57
2986.84
2247.09
2621.96
1686.07
2502.57
3600.73
6237.1
3023.44
2506.71
1695.7
4266.51
1995.26
2318.9
2441.48
3451.52
1623.04
3219.36
1967.72
1822.2
2242.49
2533.2
1786.62
2874.82
1790.61
2526.44
2673.55
1882.46
1738.55
2819.38
4823.72
1438.76
2920.71
2313.92
1765.61
2764.7
3727
5803.24
1924.82
3914.25
2210.82
4692.99
1906.31
3676.86
2429.01
3091.29
2516.28
2466.67
1320.18
2508.15
1887.31
3557.41
2230.02
2184.4
2107.43
1947.73
2839.66
2818.56
1842.2
3325.32
6211.29
2898.81
3893.08
3927.89
2064.73
4311.56
1640.99
4084.93
4620.9
2528.5
3078.64
6503.05
2322.28
2253.45
3087.95
2113.54
1949.78
2600.67
2113.38
1890.35
2301.27
2856.93
1856.36
3707.29
3490.81
2566.44
2516.48
9478.78
4272.77
1652.72
2395.01
3432.86
2163.05
1633.06
3572.07
2586.27
16112.8
3833.41
1688.56
3627.83
3871.12
4745.75
6760.62
3064.32
3761.97
2977.7
3912.45
2984.45
2195.15
2129.26
1884.2
2863.75
3308.71
2295.75
2473.2
3343.73
2382.71
3317.34
3422.37
2192.1
2684.72
3283.18
4425.5
2223.27
3501.41
2623.73
2926.83
2149.93
3787.98
2197.7
5065.12
3288.62
2251.5
1232.42
2100.44
2233.05
3160.93
2113.4
2069.07
3354.46
11711.7
4595.06
2525.08
3527.63
2347.72
2103.98
3476.9
1928
1760.3
2591.84
1901.1
4933.04
2273.03
2485.73
2122.34
3355.53
3968.74
3177.66
2485.55
2190.8
3003.1
1643.58
5142.12
5435.91
1656.02
2558.55
2633.22
5536.67
4330.99
2881.14
3539.33
2203.67
2661.59
1780.24
1802.94
1982.26
2910.78
3846.29
2361.38
2029.04
3146.21
2863.26
2013.33
1912.83
3293.27
2137.22
3016.37
3891.42
6927.96
5214.35
3003.71
3170.31
6143.78
3743.93
2253.43
1485.02
2404.98
3468.94
3117.99
1479.59
3365.4
4759.06
2254.06
2252.31
1871.08
2311.37
2548.03
3388
3858.66
1793.78
3627.86
2250.88
3370.43
1918.39
2475.86
2659.96
1653.93
2383.85
2834.93
3571.11
5177.87
1407.69
1649.29
3537.46
1744.57
5047.45
2417.49
3801.12
4477.57
2294.23
2828.9
2669.08
2249.94
2572.41
1373.51
2318.54
3271.18
2394.64
2493.93
6096.93
2387.47
1377.19
3502.62
2422.53
5734.07
2464.23
2793.18
3774.92
5088.02
2772.15
2648.81
3661.82
3482.6
2078.91
2588.03
2021.09
4830.21
7670.8
4199.07
2210.45
1879.88
4760.05
9974.03
1474.42
4819.05
2662.27
4074.49
2575.13
2348.47
3693.72
2082.58
2169.73
6892.48
2555.83
4063.94
3247.53
2804.56
1919.77
2208.11
4867.48
2452.98
1511.65
3662.83
2507.76
4726.45
4179.14
3926.89
1927.58
3373.2
2508.53
4965.76
2239.15
2973.7
2638.37
2649.02
3085.26
1892.88
2929.81
2634.34
2473.74
2123.09
4832.04
2506.33
1528.03
3611.1
1825.75
4381.85
6155.32
2639.16
7837.49
1845.65
2313.85
4140.9
2449.13
2660.27
3152.23
1488.19
3855.5
1952.3
4995.57
2786.72
1984.87
2344.67
1793.61
5987.64
2569
5955.61
2757.96
2031.59
2218.39
4113.56
1967.13
2218.25
1655.55
2299.42
5880.93
3154.78
2102.58
2960.27
10390.3
3288.23
2446.09
2576.08
2325.99
2331.4
3439.45
1965.63
3106.24
2182.44
3008.11
2317.93
4375.33
3807.64
2605.58
2651.65
4504.32
8961.67
2359.96
2457.07
1883.28
2977.72
3295.32
5104.11
2431.04
4203.3
2367.89
4406.13
3890.7
3432.92
2617.96
1677.03
2052.16
1631.26
4281
2221.83
7707.11
3027.27
5503.13
3262.13
1826.56
2783.37
2813.82
2558.15
5475.36
4337.71
4504.49
3018.35
2797.83
2065.55
3816.19
1519.34
3849.62
2495.37
1469.77
2419.53
1854.68
1506.91
2518.24
2158.47
1944.6
2888.64
2741.74
1652.2
3091.97
2872.7
8787.82
3245.5
3250.65
2508.97
2443.29
2506.65
3687.6
4446.6
5238.22
4034.36
2949.71
6257.47
4232.87
1921.33
1819.82
4033.72
2980.12
1866.91
3161.3
2173.66
2863.52
2066.18
2820.97
1909.18
2208.82
8125.76
3884.28
2687.3
3927.72
3317.09
2157.62
2692.69
2660.66
2608.14
2450.8
2060.53
3056.21
2681.94
4030.68
2568.64
1545.97
3440.47
2382.28
5241.94
2978.14
2111.44
5068.44
2759.24
1606
2385.4
2857.16
5205.23
2313.71
4116.95
2113.12
2863.81
1516.23
4539.99
3498.15
3147.99
4737.03
3684.03
2151.02
3084.6
3321.76
2370.77
3141.72
1373.44
2501.96
2499.46
4963.53
2362.78
3103.58
1816.81
1622.17
1525.3
3261.13
2306.21
2393.83
4671.3
3252.56
3822.07
3581.2
4247.67
3645.02
2223.17
3817.13
1924.44
3776.59
3899.89
3072.26
2583.23
3172.54
4151.18
2553.73
1676.41
2304.78
2212.4
2965.01
2851.12
2057.8
6163.42
2814.59
4716.31
2210.21
2870.98
3676.64
9731.98
2854.03
6383.68
4005.06
9559.91
3393.75
3034.22
4513.79
2101.1
5734.97
3475.4
3585.67
3985.23
6999.93
2843.37
2586.97
3285.5
3715.73
1970.17
1757.7
1962.02
1713.36
13139.5
6737.09
6965.22
3817.75
3438.06
6263.42
4779.16
5364.25
4054.45
2270.41
4507.16
2113.74
2778.44
4050.39
2561.5
5551.79
1891.49
3620.06
7430.17
3736.56
1888.76
2941.91
5628.94
5803.02
2598.13
3837.1
3238
3299.62
2312.14
2088.05
3737.37
3332.37
2569.74
2189.04
2459.26
2739.77
4019.32
2216.87
1426.81
2031.84
3357.58
2821.44
2691.85
3603.28
3697.49
3400.24
2599.72
5725.39
2793.4
1881.57
2167.58
4607.01
12761.3
1919.65
1653.26
4275.65
6922.96
4557.14
2627.78
3955.79
3252.94
1739.93
5916.77
3854.27
1821.06
4216.05
4645.6
2010.93
2490.18
2129.29
5189.36
3351.75
3358.75
1851.95
2168.28
3046.8
2733.6
3180.17
2034
2823.87
2534.45
4448.02
2756.12
4440.31
1861.04
1976.62
2726.97
2228.67
2633.74
2544.25
6201.99
3310.11
5343.88
3082.14
2583.63
2658.34
1954.09
2258.55
2643.35
2515.45
4935.76
4091.58
1882.75
2856.75
1994.04
2051.05
3413.35
3339.13
1631.39
2168.08
1852.02
1675.95
2484.18
4622.22
4137.03
1391.17
1994.23
5899.29
7770.22
3618.9
4956.07
1918.61
2499.1
3878.04
5477.92
3778.49
1937.67
4045.41
3004.77
5901.24
1892.94
2243.98
2309.37
2461.24
2574
1840.73
2330.77
2375.76
2213.27
2642.23
2790.72
2601.31
1854.43
2326.71
3013.95
3014.87
2895.28
1626.53
2285.98
3199.03
3216.85
3918.25
1487.36
2313.11
4858.03
2670.65
6162.29
2326.28
4369.41
2816.63
3069.39
2994.23
2099.86
5304.31
1801.91
3548.12
2550.67
7971.53
3499.06
5075.67
2267.37
2897.69
4604.54
2143.9
2263.34
2088.7
3976.44
1414.53
8425.36
3772.26
3114.71
2561.73
3091.13
4340.9
1991.71
3097.85
2413.16
2347.81
4776.06
2498.19
1499.52
2703.91
2458.5
7510.09
5707.24
3199.74
3344.79
5521.79
2156.65
4187.16
2483.33
2171.32
3360.5
3033.09
4715.25
1887.37
2268.1
1798.12
4017.11
3371.15
4613.24
1516.39
1748.32
3645.76
4622.58
2544.8
2892.33
2305.77
8369.22
5402.35
3803.01
1960.99
2538.74
6427.72
3383.72
2397.26
2484.6
3022.79
3582.06
2170.07
5985.64
2728.51
1570.41
3060.87
3000.45
2334.44
2945.93
3379.23
2156.13
2716.84
2349.14
1848.54
4236.57
2276.58
2316.99
2059.61
2855.97
3178.91
2095.42
2280.25
2316.3
4146.09
2751.52
3573.37
2097.57
3914.16
2071.3
2362.32
1702.33
2037.14
2768.78
2373.66
2730.39
2858.05
2374.3
6047.73
2398.22
5429.75
4560.09
4669.36
2434.05
3290.08
5534.28
2703.79
4669.55
2632.93
1739.15
3553.44
2440.42
2073.68
6206.37
3507.81
2582.85
2108.85
3587.26
1595.64
6111.63
14446.5
4201.29
2793.82
2210.81
1467.93
2220.13
2612.04
3266.61
3239.1
2446.78
2392.14
3314.36
1967.86
1723.78
2645.3
1663.67
2598.9
6415.48
4960.89
1683.1
2798.97
4341.97
2410.59
1915.89
2937.25
2689.24
2860.19
1719.05
2383.67
2587.99
1823.77
10805.2
1825.4
3670.37
1893.94
2014.66
2730.41
2232.64
4368.69
4226.65
1914.08
3420.87
3496.91
2877
2391.84
1924.5
4676.29
3635.25
3826.13
1625.28
1716.7
3424.06
4577.22
1691.04
4520.6
2060.32
2877.99
3197.2
2809.83
2120.21
6351.11
2130.22
1931.42
2736.44
3362.81
2490.38
4507.37
3175.43
4034.13
3250.29
3002.38
3462.19
3743.29
2521.11
2432.49
2442.6
4167.76
1881.7
2506.78
2884
1448.18
1589.22
3961.4
4208.18
4743.02
2205.77
1717.19
2716.52
2181.64
1920.38
4309.36
1970.21
1663.21
2072.29
1561.84
2527.21
2261.64
4038.61
3100.39
2248.06
6205.98
2838.32
2260.11
2253.54
3033.79
2606.43
2939.7
1781.24
2212.61
1873.6
2592.03
1950.55
1725.03
1570.84
2164.18
3179.32
3135.39
2322.92
2786.73
3400.05
2526.1
1644.18
3152.44
2734.22
2964.62
4421.89
4094.34
3310.11
2028.87
3063.14
2048.79
2051.41
5639.78
5181.5
3403.98
1766.75
3848.46
3873.42
2511.94
2404.9
5651.76
4445.09
1950.91
3421.36
2976.46
2072.94
4271.55
2410
3492.8
2002.57
2543.02
3117.31
2054.71
4135.1
2957.92
2317.65
3294.42
2940.31
3402.61
2184.46
1714.23
1866.3
1836.19
2346.57
5090.45
3688.36
1883.54
1399.08
3411.4
1947.9
2084.41
4206.79
1669.87
3064.38
1738.86
2143.74
3174.34
2208.89
4107.76
3414.86
7512.55
7673.03
3129.48
2058.45
4300.94
2768.36
4445.37
1973.46
3416
1880.23
2589.86
3192.52
1666.15
3134.45
3303.48
3251.02
3256.68
4059.43
2726.22
2715.67
2433.23
4027.31
2309.06
3700.47
2068.3
1522.14
3283.6
2698.52
2613.21
2520.17
3449.72
2288.85
1952.73
4327.23
2597.71
4896.13
1716.33
4771.52
3338.01
4278.66
1804.82
1556.63
1950.75
6220.2
2516.03
3980.54
4625.36
2347.22
2147.61
4001.66
2189.87
2886.4
2003.03
2780.86
2672.18
4236.5
2771.07
2446.55
1603.49
4322.03
5748.31
2289.26
2463.06
4001.46
2170.35
1971.21
2073.49
2952.11
2438.32
3135.82
1844.09
2966.38
4019.84
3491.09
2930.84
3343.16
3209.35
2879.46
2026.24
4408.77
2958.22
2837.65
2076.65
6015.09
3820.11
2634.97
1971.11
2015.52
2687.27
3572.61
2538.08
1541.65
1778.49
3671.32
1886.07
3766.15
2026.3
3514.1
4371.84
3631.75
2019.07
3481.06
6009.64
2410.73
2610.63
3460.27
4232.46
1963.15
2918.96
2748.76
2701.67
2356.95
5422.19
2485.97
2383.73
5297.16
2668.91
2208.87
4114.33
1869.35
4236.13
4407.49
3260.32
1841.19
3230.51
2935.97
2119.04
3391.11
3290.91
3184.9
4321.36
3367.52
2399.51
5692.73
3696.72
2145.66
2045.9
3316.6
5933.77
2606.1
2056.92
2336.37
2820.18
2523.61
3177.68
1638.57
1211.15
2151.32
2344.61
5405.45
2927.02
1680
2745.18
2141.45
2763.7
2466.09
3429.69
4457.3
2522.93
6756.31
1564.99
2533.31
2456.32
2402.6
2094.99
1905.57
2412.92
2472.79
6082.18
2170.9
1873.46
3289.6
2907.15
2195.74
3550.3
2154.14
1808.86
2638.49
5990.28
2247.41
2134
2041.79
3262.12
2984.5
8273.93
2069.88
2037.51
2607.77
5029.98
1906.5
2693.69
2422.68
9327.88
1833.88
7646.27
4516.27
2265.6
1244.08
3759.51
1682.65
3878.52
2687.29
2870.51
4666.32
5513.29
3612.24
2322.49
3511.1
3547.77
4079.99
3525.51
4426.96
2615.56
2229.1
5368.57
2326.76
2490.57
1886.49
2389.38
2112.97
1620.21
1923.27
4236.64
2807.66
3314.23
2101.14
2357.77
3266.76
4393.77
2600.41
1594.38
3292.2
4062.68
2878.22
8188.36
2104.45
6547.32
3284.98
2492.28
1889.83
3184.36
1759.65
4094.43
2597.21
3326.32
2247.19
1947.12
2078.38
1650.16
2157.39
3227.43
12818.2
3744.61
2749.39
3803.61
3158.2
4592
1590.72
3012.27
4625.35
1975.64
2405.91
4534.33
3727.78
2648.8
1816.28
1949.83
3856.69
1894.72
3466.1
2990.71
2019.84
2429.61
2848.5
2001.93
4226.32
1467.72
2749.72
2445.51
1991.8
3930.55
3403.02
2430.2
2276.72
2644.79
1766.1
2184.93
1663.95
2829.91
2046.56
3559.65
5182.04
2838.72
1565.58
3720.81
1820.15
2150.45
1709.46
1948.58
2355.33
3632.87
8876.18
2290.56
1947.17
1442.55
1756.07
2740.28
1856.67
3708.1
2225.76
2445.03
2102.73
2651.01
2379.05
2384.77
4183.09
2176.84
2412.56
1889.58
2278.94
2935.49
2231.23
2534.03
2189.69
4027.65
3177.72
2757.54
3494.11
4759.28
1980.72
3321.33
2234.65
2191.21
1919.68
2181.34
2939.46
3298.72
5085.19
1581.84
1760.66
2179.53
3670.23
2095.96
2305.94
3618.44
2912.81
1900.2
2418.84
2898.85
1641.76
2942.52
4156.66
2651.86
2945.57
3573.4
1978.8
4114.43
1854.16
2479.92
2434.57
2478.26
2051.41
5817.46
3332.31
2056.72
2319.65
2686.81
3514.17
1594.75
2397.36
1852.67
3878.45
2555.18
2512.58
5366.2
2265.65
1852.39
3331.19
2082.85
2070.02
3120.02
2495.7
2815.48
2146.92
2862.42
2313.09
3799.86
3125.04
5950.31
3112.02
2209.74
2475.43
3793.54
2873.39
5824.95
2135.85
1928.86
2686.04
2306.49
2855.91
2136.04
2235.15
4995.64
6946.45
5168.12
2977.45
2880.68
1918.8
2415.64
3120.78
5143.19
3996.77
3036.79
2366.26
1682.8
3887.75
6025.99
4352.44
2463.58
2572.8
10773.2
6669.26
2530.85
2978.57
2437.26
2178.89
2695.12
2408.97
2158.59
3906.44
2965.88
4818.32
3956.63
2377.19
3380.49
2012.37
3326.45
2129.14
2066.25
4431.34
3566.97
3861.33
2830.18
2321.93
2493.27
1635.53
4099.74
3315.56
2022.56
3277.37
4540.77
3678.27
2702.01
1974.66
2704.89
1911.01
3069.16
2528
2473.76
4254.11
1704.95
4107.88
2862.43
6010.44
1562.49
2486.49
3871.98
1981.98
4659.87
1591.06
2335.99
1863.11
2870
2460.26
3035
1814.3
1724.57
2013.77
2987.8
1408.11
2948.51
2303.82
2934.95
2784.26
2366.5
4052.77
1881.55
8578.56
2920.24
1516.29
2364.51
4867.35
2342.74
1858.6
4525.14
1683.35
4100.17
1756.34
3877.63
2227.14
2046.69
1935.28
3169.29
2970.42
2765.24
2318.09
1890.15
2212.7
1563.98
3295.55
2238
3312.77
2693.86
2289.76
2077.73
2963.14
3401.96
2088.96
1956.42
2136.57
5178.13
3900.41
5900.26
4050.69
2943.02
2670.44
3378.92
5185.84
4417.48
2457.22
2769.2
2023.89
2619.42
1884.27
3013.77
4727.05
2391.91
3135.84
2516.91
2375.09
3841.37
4723.19
3408.8
1730.18
6514.03
2839.78
2300.92
1832.15
1903.65
2328.64
2675.86
2232.65
5468.33
1974.19
2303.7
2641.71
11045.6
1775.04
2694.28
2589.13
2108.8
2220.71
1826.99
2416.83
3478.5
2848.49
3646.82
2177.66
1949.88
9572.25
2470.71
2690.27
5100.37
2234.68
5384.04
2395.26
3257.86
2804.65
2501.54
3853.61
2532.53
1864.18
3004.36
5766.86
4521.66
2253.67
2647.05
2036.05
2512.94
2487.19
3073.24
1456.65
1865.58
2710.79
3135.33
2391.91
2506.24
2947.5
4219.06
3061.23
1107.96
2243.2
2604.55
2778.14
2637.75
4306.77
3816.45
3003.88
3705.14
2727.31
1428.85
2278.9
7181.17
5766.02
3698.53
2058.73
2088.21
2122.94
4213.55
2066.64
2607
3516.02
5053.1
4065.5
1991.42
2115.77
1870.42
2538.29
4436.04
2657.9
2424.44
2579.3
1958.64
2011.24
1722.16
2962.65
2266.4
3189.85
2359.54
2195.53
2703.73
2214.73
1601.52
1457.18
3008.32
2032.23
11952
1844.76
2116.95
3376.62
1866.52
7092.02
2685.92
3890.01
3065.04
2621.26
3620.08
2657.78
4408.04
2407.03
1890.29
2359.12
9078.91
5774.54
3939.25
2747.99
2000.8
3492.21
2185.26
3391.75
1876.82
6388.71
2440.61
1826.47
4318.63
3538.19
2760.89
4725.92
2506.48
4165.54
3124.27
2169.82
2429.79
2262.51
2511.63
2293.71
2201.21
1564.44
2169.91
5657.52
6379.11
2514.05
15617.6
1574.31
2701.26
3315.76
2349.71
4104.4
4897.38
2421.02
2812.87
1927.03
2742.12
2014.07
2421.06
2597.29
2071.2
1376.19
1948.2
1697.48
4075.38
2217.16
3965.99
5020.63
2372.23
2012.64
2794.23
3889.2
2261.31
4503.15
1890.29
1932.38
2284.89
2959.15
3559.69
3551.68
2046.13
3112.19
1676.1
2248.87
2650.84
1917.7
1573.42
2930.42
4573.19
2190.4
4272.85
2348.87
1604.54
2818.04
2492.34
2874.88
2961.43
2481.5
9302.13
2512.39
2028.85
2378.02
7189.66
2489.86
2015.91
2328.69
2543.19
3174.32
2519.86
2895.19
3249
6962.68
2668.25
3603.84
3575.4
1432.93
1919.68
2378.85
2304.1
1821.4
2340.89
2457.13
4341.14
3760.32
2965.46
4539.25
1877.21
2586.53
1751.77
4210.72
1857.37
3056.38
4434.57
1891.23
1952.08
2333.46
2180.53
1979.98
2889.47
2590.35
1924.05
5973.36
1790.92
2392.71
4167.39
2426.53
2962.04
1551.88
3433.31
4283.97
3692.55
2951.65
2442.9
3141.92
3048.81
1510.72
3973.55
3983.06
2820.88
8430.69
1891.46
1753.4
4369.28
3589.03
1892.36
1975.06
2643.11
3117.93
3322.23
1649.68
6684.87
1617.31
2653.89
1849.6
8970.79
4055.51
2287.09
2553.88
3191.34
2192.02
2773.22
1680.57
3210.8
5059.95
1657.61
2027.83
2347.21
2987.97
2438.07
3520.25
1913.95
1922
4613.21
4057.71
3510.07
1528.34
1848.57
2348.07
3115.19
2173.84
3902.03
3171.17
1709.24
2054.56
3315.58
3058.36
4476.92
2015.12
3172.85
5331.22
2106.64
1942.46
2487.25
2859.38
2050.67
3781.86
2360.46
3512.53
3981.62
2515.52
5094
1583.07
2190.97
3870.31
2612.99
3342.56
3054.43
2331.48
4941.92
2560.29
3411.42
2485.05
3288.82
4420.47
7563.72
5437.73
4037.49
3792.13
2672.83
1921.06
1692.8
3252.41
2055.18
1819.32
2525.37
2937.16
1913.46
1653.74
2319.19
2885.47
3577.72
1601.99
5350.79
3824.5
2764.5
2496.09
3456.89
2321.18
2124.06
2676.47
2207.09
5843.76
7462.21
1585.35
2077.25
8200.71
2655.36
2142.89
2366.41
1877.21
3276.2
2796.99
3218.02
1894.69
2264.21
2663.13
4081.41
3356.43
2698.64
1579.77
1950.07
1652.8
3824.48
1771.92
2124.27
2812.56
5869.97
2880.38
3285.26
3480.27
5060.8
2812.47
1825.4
1747.57
4561.23
3199.74
2225.02
2576.24
5715.19
4640.37
2415.68
3255.25
2363.01
1906.11
2699.33
2788.45
2922.48
2064.12
3899.08
1954.76
4303.49
1813.37
2032.61
5189.61
4121.25
3332.54
4216.98
2325.17
2759.12
4977.99
2665.53
1641.62
2313.31
3038.34
3938.43
2358.83
7340.88
3327.62
2259.64
3014.41
1990.23
7243.01
2811.2
3802.85
3529.44
3078.66
3763.45
3988.88
3975.53
2015
2984.74
2449.64
3588.21
2063.57
2102.59
1737.5
4268.03
1552.72
3062.7
3512.38
1635.86
4977.13
3584.44
2685.58
3028.08
3718.2
1620.3
3358.91
2553.43
3573.48
7356
2296.63
4575.48
3223.97
3513.79
1618.92
4718.92
2147.26
2141.21
1477.06
1484.98
2586.15
3193.85
2694.37
5784.87
2414.29
4616.96
2043.03
2020.43
5165.49
2509.8
2562.7
2213.66
3970.49
2717.56
1422.6
8022.16
3327.91
4344.01
2303.34
2010.47
2712.94
2436.45
2296.4
2250.53
2690.28
3562.87
4346.96
2808.04
1881.19
3230.25
2765.24
4027.92
6312.83
2975.68
2786.85
3152.29
2553.5
2411.8
2743.82
2412.35
6467.9
2238.12
2174.04
1933.96
3489.41
3727.3
3786.7
3203.78
1617.32
2356.54
2168.15
2758.15
7566.06
8046.72
6968.37
3646.04
3657.66
2762.02
3276.4
3335.91
6297.76
1755.98
5974.88
12922.4
3088.75
2990.14
1630.54
1642.18
6069.72
4180.77
2278.05
3783.77
4243.03
2351.86
2305.39
1980.62
1624.89
6174.19
1881.13
2484.91
2336.82
2978.07
2306.67
2210.92
3896.87
3378.02
2326.9
2006.25
1736.69
4938.88
3166.82
2840.81
1970.67
2540.78
2084.09
4489
3007.65
2080.92
2019.43
2434.33
1991.35
2641.76
2504.7
4158.8
2123.64
3733.99
5062.92
1841.63
2713.32
9423.3
2158.81
4411.82
2221.48
1851.7
5309.95
3207.51
2077.85
2372.6
2366.65
2582.21
1599.11
1655.35
4807.94
1846.08
2503.32
6558.2
1764.89
3506.65
3721.07
2291.18
2634.46
1963.44
3373.28
1846.97
3640.51
5630.04
1996.12
2568.39
1944.9
2300.69
1969.81
5411.97
8486.23
2840.42
6698.35
2885.11
3719.59
2247.29
2185.5
4812.05
2323.06
2278.82
1971.18
4311.36
1706.98
1830.83
3916.55
1552.87
1849.26
7719.45
3119.64
3902.21
1906.74
2403.21
1942.29
4550.05
3845.52
6159.32
2543.44
4482.29
2246.04
3783
1554.01
2796.89
3962.47
3541.63
3818.55
3131.86
2534.34
3361.24
2028.45
2564.24
1757.22
1977.58
3102.36
2702.79
3569.31
2046.18
3089.06
3274.62
2303.09
2079.82
4644.21
3558.31
1996.01
2825.4
4553.39
1661.53
2752.13
8360.45
2599.35
4552.96
2076.63
6525.71
3601.26
2591.79
5924.45
4790.67
2379.35
1998.31
2111.61
3958.01
4557.14
4008.09
3533.31
2181.06
3362.01
2990.47
5210.68
2349.54
2409.93
1772.04
1637.75
2491.32
3961.3
6202.32
2267.83
3101.56
4203.41
2112.1
1857.21
2855.34
1599.92
3146.03
2759.61
3526.72
1713.28
1968.43
3955.28
2543.4
2434.33
2481.89
3303.85
2658.16
2924.97
2305.14
2202.55
3567.41
3898.83
2871.82
2609.31
5806.82
4806.61
2060.36
1853.01
3544.06
2994.44
3201.24
2944.57
2713.18
2727.65
4006.17
3458.27
2215.49
4579.68
1644.61
3661.91
2714.39
2152.2
3026.49
1798.99
3586.37
2248
11285.2
3260.16
2168.36
1861.16
7494.97
1874.68
2576.5
6337.61
3585.11
3175.9
2180.48
5516.16
2720.15
2222.94
2726.68
4363.72
7081.31
2469.44
2852.65
4627.01
3351.47
2427.48
4405.89
1980.63
2608.44
5462.77
5579.9
4142.64
2198.53
4078.55
3315.64
2603.45
4278.2
3178.55
4423.48
3078.62
2408.91
4442.96
3000.07
3053.46
1841.67
2096.52
3072.44
1365.61
3382.42
2898.31
3687.83
4445.68
3967.74
4039.3
2439.36
2318.31
2196.64
2176.12
1890.03
1947.73
4434.21
2421.38
3271.53
4919.29
1681.13
5238.65
2843.6
2818.32
2614.57
2161.24
3588.24
2474.41
1857.63
3070.78
4327.72
1718.55
2308.97
2419.96
3145.31
3574.36
3603.45
3583.23
2008.07
2218.47
4293.3
1725.18
2260.55
2854.27
1933.44
2329.58
2188.76
2442.48
2654.48
2475.61
3406.2
2113.48
3120.92
1759.07
2242.49
3356.58
2542.14
4515.01
2430.86
4676.29
1673.79
4442.25
2763.13
3857.63
1963.9
3108.76
3198.07
4833.46
1944.64
2434.72
2508.21
1534.68
2097.37
3189.9
1725.39
2710.16
2597.98
2064.94
2280.25
2081.26
1296.23
3851.91
2219.29
2753.86
3830.8
3276.99
2336.86
2401.08
5135.18
3337.29
4211.45
3472.27
1953.24
4242.67
2029.5
1807.12
5535.35
3225.42
4434.48
2109.54
1661.94
1961.44
2947.28
3533.6
7155.55
3119.1
2495.12
5625.84
1933.64
4230.88
2815.6
2903.06
3499.74
2072.28
2732.73
3377.65
3331.96
4029.31
8459.35
2144.72
2362.02
2973.02
3006.55
3316.8
2044.02
4732.55
2650.31
3643.38
4136.78
2160.48
2550.45
2240.98
2083.84
3262.69
4103.17
5013.96
2523.73
2597.35
2348.93
2118.92
2667.27
3407.31
1826.89
3554.55
2083.83
2493.09
4254.91
1594.23
3368.72
1294.02
6098.54
2044.24
5337.04
4350.62
2393.64
2376.66
3486.97
1384.01
2005.55
2303.43
2725.34
3138.03
2833.95
1923.62
3074.66
3622.32
2696.6
12539.1
1684.18
2878.67
2097.53
1839
3425.35
2755.09
1724.88
2764.92
2801.34
1648.65
5267.16
4084.93
2038.67
6499.54
2631.54
2301.66
3914.81
4163.94
3158.44
5529.84
6746.36
3401.74
4493.91
4693.43
3033.06
2438.34
2379.8
2987.29
2772.55
3603.54
4671.86
3509.99
2287.8
2491.59
2552.03
3095.79
2606.51
2493.08
2482.44
2014.73
2424.3
1596.83
2155.72
2637.71
2481.42
3826.34
2446.14
2608.13
1703.72
1504.75
5772.25
2843.17
2934.78
2370.05
2977
3272.77
9528.87
2889.75
2213.54
2387.06
4330.74
1889.31
2853.09
3169.69
2711.49
3457.82
2038.12
3528.87
2529.16
2492.46
2302.83
1678.74
4632.28
5632.89
3472.19
1394.32
2956.7
2143.03
3563.74
2304.62
1560.64
3966.35
3418.9
2942.12
4700.28
5241.35
6856.1
2041.91
2915.64
5597.29
4779.83
2386.15
2974.26
4436.23
2629.53
4324.74
1806.06
2582.42
1827.45
4078.92
2158.95
4285.83
5629.42
1998.02
3017.47
3067.84
1998.65
5031.54
4856.03
4354.16
1523.11
3081.04
2894.66
1587.41
2278.49
6311.61
2953.87
2414.02
2153.77
5048.83
2098.58
1586.59
2245.2
2202.22
2115.8
1757.7
1621.26
4948.88
4332.32
1791.84
7716.61
4055.47
2289.28
2503.65
5128.29
4228.52
2203.79
3046.19
2704.57
3043.34
2562.31
2033.19
2982.89
2722.16
1538.49
1635.81
1622.14
3835.86
2263.49
3595.73
1988.69
2549.05
2630.75
2794.22
3563.54
2662.02
2508.58
2572.29
3216.69
3709.97
2139.88
1760.65
2049.84
4517.96
3430.38
3146.28
2050.22
2095.54
3592.49
2610.99
2543.76
1683.63
5227.65
2156.31
2831.33
1878.22
2656.73
4872.23
3706.69
1873.55
2318.78
3867.29
3119.75
2005.68
1901.29
6215.45
6288.47
2816.37
5272.98
1526.97
2832.99
2323.53
5468.15
4945.84
2412.2
2545.59
2831.28
3181.41
6115.89
2865.2
3351.06
3218.02
4716.85
5929.98
3893.1
1897.61
4027.9
3935.7
2471.06
1757.56
3000.9
1702.36
4392.99
2358.04
4894.8
1919.8
2950.19
2219.7
2056.26
4387.89
1872.24
2796.7
2217.58
3757.68
3954.95
1724.6
2074.5
2124.59
1853.25
2324.15
2946.75
2743.9
4109.33
3142.43
2617.64
3380.38
9075.01
2716.98
2623.47
2463.02
1384.86
3561.18
2264.55
3975.51
2963.67
1776.59
2388.96
2563.26
1695.67
1711.77
1729.88
4893.08
2597.78
3614.96
3262.67
3245.73
3464.66
1769.52
2041.56
4051.89
2563.7
2130.87
2402.34
1720.11
3376.13
1866.19
2323.47
2409.85
2415.63
2352.68
3052.68
1756.6
2120.08
3241.47
2712.32
6259.08
4354.81
2555.76
1947.67
2055.32
3742.08
3440.17
2710.69
4873.29
2891.06
3358.3
3481.71
1922.26
2273.36
2603.61
10325.7
4015.72
2035.24
2121.76
3209.16
10039.8
1670.24
3462.45
3069.15
2476.48
4079.73
4104.57
2588.26
3392.92
2393.33
2564.78
2502.35
2909.15
1656.07
3038.24
3715.08
2069.68
3540.52
3142.61
2888.59
1901.14
5178.96
10194
1871.51
3248.79
2336.47
4583.88
1841.98
4515.75
6956.97
2007.05
2159.56
5431.04
2169.45
3350.85
2717.48
2618.36
2735.51
3194.53
1908.27
5189.3
1671.25
2261.77
1814.9
2182.94
6086.59
2030.27
5112.8
5100.8
4639.78
2918.43
2675.42
2469.82
1792.43
2456.56
3883.95
1863.21
5710.4
3345.76
2167.07
2802.76
3364.45
3454.6
2097.1
2223.8
2179.51
3905.86
4900.96
1914.82
2378.24
5628.14
2156.66
3034.53
2061.36
1920.72
1604.76
2379.13
1768.13
2490.85
3583.9
2839.39
2007.97
6052.66
1939.49
2276.06
2634.49
2213.48
2239.23
4826.33
3614.97
2765.7
1499.07
3911.48
1469.14
3078.96
2318.21
3946.93
2552.24
3548.35
3192.36
2967.04
2935.71
2338.29
2049.88
4312.67
1703.63
2078.66
2873.56
1883.02
3260.25
2232.62
3728.42
2077.37
3330.8
2118.86
3355.12
2412.6
2349.36
3067.23
2226
2118.72
2663.62
4046.36
3347.92
3245.48
4840.48
3228.11
2678.36
2808.11
2888.49
7995.69
1984.61
1849.39
1732.33
2256.59
2156.44
1780.3
2493.32
5086.33
2987.74
3318.47
8462.31
2370.25
1825.95
1552.86
6167.51
3064.13
1841.2
2551.89
3559.65
1989.69
3369.41
3281.52
8678.47
5036.99
5627.02
2917.14
2130.19
2860.36
1632.91
2850.56
2697.7
3656.29
2890.25
1886.47
2031.1
2971.16
3266.68
2334.29
2954.79
2926.31
2658.22
2162.03
2250.38
1883.9
2986.1
3367.12
2297.97
2493.59
1489.82
3816.28
3389.9
2553.85
3850.04
1703.66
3256.2
4994.31
2824.44
1983.03
2541.76
2479.33
3756.92
3271.72
5391.83
2121.42
2255.66
2925.76
3807.34
2893.19
3666.21
2737.41
2827.96
2114.56
2679.04
5795.69
2800.61
2920.69
2888.7
5564.37
1739.2
2817.64
3235.15
5872.8
5308.4
2022.35
3013.91
6845.9
2340.1
1898.59
1829.82
4680.61
4597.13
2606.08
2046.82
1663.71
2768.34
2936.03
6025.18
11540.7
4010.69
2289.81
1572.83
2142.36
1592.13
1844.07
2815.86
3328.88
3063.56
2891.13
2079.9
3180.53
4089.86
4909.42
3466.1
1825.68
2923.86
2797.66
3147.38
2892.25
2125.88
2903.42
2395.95
2445.7
2420.19
1555.4
2751.03
1948.97
3123.93
1743.92
2951.14
2579.9
3558.09
2268.07
3349.51
5618.9
2598.35
2027.16
1998.35
2867.78
3394.25
2350.4
3293.06
3894.83
2728.75
1908.72
2361.97
1835.81
3445.57
2901.99
1587.35
2401.03
1947.2
2058.43
1900.88
3026.32
2090.03
4800.84
3337.55
2387.34
3194.66
3040.36
2642.65
2344.37
1500
2449.08
2958.97
3004.28
2007.85
8086.66
2364.83
2003.54
1762.88
4510.3
2684.2
1742.27
2196.53
1677.65
4581.25
2358.21
3165.98
3773.52
2361.91
3497.44
2218.33
2878.3
3592.98
4710.9
2848.7
6904.23
2599.17
1884.18
2541.3
4254.73
1914.49
1769.39
2361.07
2102.61
2904.41
2033
2072.61
4350.19
2047.65
2426.4
3578.13
3738.49
2496.06
2652.51
6657.46
3412.26
2437.33
2625.04
9145.59
4066.63
8163.08
3413.64
1771.16
3419.82
1715.3
4357.17
1704.97
5245.29
1801.77
2645.28
2263.74
2350.73
1902.33
2428.08
2694.26
3674.21
2380.12
2148.58
4313.02
1760.87
2133.2
4890.07
3273.1
2471.12
5796.12
2334.72
3025.74
2377.54
2383.46
2734.52
2786.87
2467.77
2941.51
3005.09
1967.99
3367.56
3074.12
5227.4
2192.74
5545.77
1952.98
3903.77
5933.83
3907.96
2630.86
1919.23
2875.71
3428.56
3138.74
10002.1
3367.71
5332.47
1752.08
4041.6
1657.5
3196.97
6187.42
1996.39
1678.51
2735.17
1686.14
1329.3
2883.24
2183.05
2759.89
3749.17
2495.87
2084.32
2355.18
2793.46
4029.68
2985.81
2853.27
2585.5
2254.31
3489.86
2268.47
1998.19
8777.29
3048.47
4443.71
2509.86
5046.07
3034.82
2511.23
5508.48
1561.4
1878.28
3860.19
2685.75
3083.13
2268.27
3048.18
2637.96
2261.6
3217.43
3481.02
3487.43
3566.18
4567.19
4019.2
2688.07
3625.17
3142.39
2231.82
6674.03
2801.41
2242.2
2045.11
11752.8
1858.37
3129.75
2180.49
3729.78
2349.29
5236.98
2091.86
3661.88
3256.09
3632.49
2279.82
2890.26
2921.78
4974.09
1856.24
2495.64
1967.53
2676.45
2417.05
5379.63
2452.61
4401.58
2024.31
3133.7
1410.17
2535.71
2971.51
7453.1
2306.29
2341.63
2832.12
2443.51
3036.81
5920.63
2189.48
3376.82
2118.94
2216.57
2049.94
1720.03
3001.33
3063.14
2213.43
2299.58
2401.4
2236.78
2430.35
4237.99
1975.4
3193.41
1922.07
3464.27
3919.89
4487.21
1943.27
2499.43
2471.71
4597.59
1676.39
3873.47
4064.27
2583.23
1354.09
2376.55
2344.19
1993.67
2853.58
3137.61
2917.88
1691.57
3317.27
2201.53
1918.48
2487.89
3907.87
1874.39
1461.87
2811.57
2359.4
3606.6
2855.21
5051.76
2703.58
2624.23
4478.62
2179.89
1698.37
4127.06
2092.18
2762.35
2416.62
4847.66
2042.24
2471.51
3377.35
3841.17
3051.35
6368.86
2175.24
2589.19
2668.63
1737.43
2976.03
3324.08
1354.06
2402.12
4841.15
3521.93
1800.34
2260.92
2956.08
3775.97
3745.62
1964.97
4269.7
2952.28
2287.49
5671.72
1868.54
5583.76
3075.9
1858.24
1634.84
2026.26
2898.52
1983.26
3018.86
1746.63
2521.68
3949.42
1990.73
1496.3
4334.34
2171.75
3103.34
4359.44
2594.83
2416.62
1851.51
4061.1
1812.79
2262.3
2339.64
2609.14
3060.09
2437.04
2472.95
2460.63
2206.46
3301.13
1824.42
7936.93
3413.09
8039.86
2239.7
3918.87
2401.75
2116.84
3547.4
3141.95
4465.35
2584.86
2148.49
2707.92
1687.03
1940.94
4261.37
5375.66
2364.89
2218.83
4410.28
2463.83
1617.58
3335.9
4877.78
2272.06
2705.61
1910.06
3294.52
4194.77
1687.58
2573.44
1985.57
4094.69
3158.29
2819.67
2449.25
9514.66
2759.39
2893.61
3425.63
1267.9
4126.98
2250.58
3379.91
2040.96
3293.29
3868.06
8904.69
3191.45
2909.84
2902.96
2779.85
4238.78
7392.83
2480.89
4117.69
1732.3
2094.51
5578.94
2338.27
4205.03
1994.38
7977.64
1994.15
3656.64
3488.04
1891.1
2121.91
1653.2
6633.76
3031.01
2338.69
2465.03
3882.68
5899.62
1855.4
2994.26
3524.32
3518.09
4553.89
1967.51
2249.73
2603.62
2401.45
5840.85
4578.88
6152.92
4292.02
2658.11
4721.49
2899.41
4763.11
2376.64
1924.23
4473.8
1799.95
2989.88
3902.14
4665.64
2064.65
1473.16
3933.19
2206.4
3104.3
2536.12
3655.81
5152.48
2465.44
3457.88
3254.64
2932.55
3482.5
4203.57
2367.33
2553.72
1506.39
2473.36
5677.14
1971.02
4911.08
2815.67
1865.79
2356.32
11862.5
3129.73
2082.36
8611.34
3168.05
2586.25
2247.08
3656.09
4702.2
1958.1
1752.5
2271.73
3136.92
2092.89
2042.84
2694.73
3640.07
5911.2
2323.02
2148.01
1851.91
8653.57
2706.72
2721.54
4588.2
2091.32
3297.24
4171.7
3240.66
2314.33
5413.99
6327.45
5219.1
2143.34
2423.74
4028.12
3937.91
3071.03
2805.15
1986.65
4855.54
8004.46
2463.14
1770.98
2319.61
3425.9
3976.47
7821.89
4572.38
2989.55
2696.33
7126.03
2719.05
2241.19
1823.21
2289.09
6973.58
2614.51
2454.95
3149.8
2596.13
1858.91
3662.88
4011.39
2546.44
6090.47
2957.89
5798.46
4615.24
2521.78
2357.4
2566.29
2480.23
2610.09
2955.57
2115.39
2938.95
1828.08
2326.09
3166.35
1766.98
2022.43
2052.64
2773.64
4563.89
2339.98
3783.19
1868.7
1574.35
2129.91
1925.56
1686.49
3454.77
1962.18
1731.04
2291.05
1622.29
4845.39
4277.01
5589.35
1910.09
1998.6
2394.19
1540.46
2312.02
1663.91
6036.4
7587.92
2697.79
6187.19
1451.65
1710.33
3333.52
4425.72
2231.61
3932.62
2769.79
2596.09
1585.77
3269.82
2254.98
2993.15
2760.57
3776.03
4106.56
2555.68
3420.27
3453.83
2845.99
2145.76
3492.12
4590.94
4620.81
1409.91
1827.57
1408.67
5469.11
3560.58
2179.49
2070.39
2171.07
2123.56
1637.35
3429.65
2783.07
2105.38
3501.44
2472.9
5256.55
2337.26
2177.45
2909.62
4037.44
4610.61
2828.14
3340.73
1904.94
3419.81
5748.71
2644.6
3503.13
2038.41
1864.7
3073.91
2353.9
3189.68
1933.45
2967.95
9378.94
2447.05
7044.32
7989.93
3601.6
2920.38
2349.74
3461.08
2028.89
5349.27
3134.57
4794.53
2611.19
1806.04
6969.86
2419.73
8534.36
3191.18
2633.02
1896.79
3039.55
3192.03
2403.94
3278.53
2891.98
5383.2
2617.74
3062.83
2008.82
2491.67
2597.65
2103.58
2706.22
4888.39
1877.4
2152.84
1976.54
3594.17
2395.37
3907.36
2466.69
2714.75
3933.5
1699.21
5523.86
2957.58
2701.78
9153.24
3284.12
2303.28
2426.19
2830.03
2801.5
1983.48
2862
2109.03
3458.41
2406.04
6039.73
3333.05
2806.71
1890.79
6005.69
7489.47
2227.97
6199.47
4427.39
1679.09
1818.33
1805.12
2910.5
2700
3597.01
3585.71
6238.71
1862.63
2350.76
2055.34
2724.44
4607.97
2382.19
2808.31
3159.93
1802.77
2903.93
2627.39
1819.46
4326.41
3684.59
3717.49
2690.02
4548.64
3748.62
3911.43
2874.07
2482.01
3413.97
4609.94
1731.98
2091.15
2552.68
2558.33
5608.52
3137.63
2062.91
5426.65
3146
3512.54
2451.38
1820.87
1755.61
2441.76
3947.01
2951.37
1799.99
8920.21
2362.53
2513.45
2581.41
4142.28
2631.58
3870.48
2038.49
2056.44
3381.24
2108.69
1585.76
1428.86
2484.14
2170.43
13238.5
2228.03
4865.45
2091.12
2553.72
8738.22
1890.26
2950.6
2801.33
2976.94
1846.71
4031.8
1634.26
2802.97
2422.07
1619.59
2502.53
2413.16
3402.93
3719.69
2660.85
1648.72
1865.34
2960.76
3725.43
1656.87
2375.63
2312.45
2337.48
3194.05
5853.51
1911.24
1882.01
5442.12
4655.01
1880.07
2116.33
4457.02
1474.79
2586.57
1984.62
2574.75
2109.86
3516.19
2149.15
6916.77
4528.29
2255.66
2867.1
2255.62
2461.26
2503.42
2951.59
2813.35
5198.12
3272.94
1666.48
4126.35
1624.28
3266
3439.89
2861.34
2197.17
2160.95
3519.11
2820.62
2152.49
2187.57
3784.79
2993.89
3793.3
1672.49
2209.08
2402.78
2530.85
1947.94
2026.25
2161.56
6431.17
2884.28
2094.05
2538.05
2006.55
2795.44
1946.37
1698.01
1776.75
2621.56
1847.18
2532.63
1399.72
3654.02
1877.06
2420.19
7191.58
4031.89
3073.02
2932.58
3109.2
5553.44
2076.12
3388.21
2458.72
3467.26
1495.22
4484.78
2124.46
1421.72
2161.68
2149.41
3066.5
2061.4
3119.64
2514.09
2900.19
2304.21
2466.67
5402.17
2836.34
5404.92
4784.59
2943.82
4327.02
3369.68
2773.13
2221.97
6521.04
2336.83
2363.44
2537.9
1862.36
2749.91
2125.15
3370.58
1993.16
1981.49
1932.37
2442.21
3611.33
2718.4
4925.17
3499.52
3522.72
2353.86
2590.04
2555.04
1783.97
2025.18
2403.15
5836.4
1644.87
2985.21
1694.65
5440.2
3119.28
2275.07
3681.85
2021.56
1606.17
3586.51
3386.54
1841.27
1937.48
3888.81
1954.76
5104.1
2765.32
7210.45
2497.34
3287.7
3116.28
5264.69
2177.06
6196.49
3176.6
3824.79
2964.37
2479.9
5631.47
2224.74
1795.88
3481.49
3633.32
1381.84
3222.36
5593.03
1656.13
2710.98
2706.15
2151.56
2676.25
2930.42
2032.37
2145.37
3422.14
2818.18
2934.76
1723.71
3099.11
2363.95
2012.36
2735.94
2224.43
2746.3
2384.11
2966.6
1797.9
2988.26
2423.33
3231.51
2269.65
2428.82
3178.27
3499.74
2628.28
4646.22
3447.19
3062.75
2917.65
2376.77
2719.8
1715.61
3126.58
3282.9
1643.83
1801.94
1837.67
2100.34
2017.27
2886.78
2545.68
5083.53
2615.04
1770.82
1920.68
2347.86
2025.54
2463.02
2164.57
2735.43
1641.12
3572.24
3427.25
2601.49
2201.56
2617.35
2311.41
2356.88
4272.22
2063.91
3160.06
5707.83
1740.71
1950.25
2501.57
1675.77
3970.92
1952.47
3699.98
3937.55
1637.05
4624.13
1714.26
2001.77
3659.6
2176.42
2092.26
3685.77
5246
2282.37
3180.37
2184.44
3272.32
2166.28
3981.24
3658.28
5374.75
2518.29
4082.06
2065.74
1741.76
2945.98
2577.12
2234.12
3804.08
2455.21
2491.17
8196.75
1829.19
2342.96
3754.4
2823.27
3805.95
3384.05
2800.06
3261.63
2485.08
4751.98
1642.13
2124.37
2201.2
2667.26
3214
2676.21
2684.17
8468.56
4255.49
4399.93
2871.18
4317.05
4284.76
3331.8
4125.88
1315.14
2011.73
2741.77
2346.69
2567.92
3682.35
3804.85
1779.23
2671.35
2573.33
2450.63
2565.77
2803.75
4970.07
5886.38
2390.88
4193.68
2041.46
7992.72
2406.66
2512.32
1375.59
1594.49
2301.69
2168.1
4800.73
2518.87
2726.38
5413.17
3959.69
4205.48
3330.93
4738.38
2961.34
2829.68
3325.92
1660.06
4433.08
1969.98
1905.38
1794.2
2415.92
2733.93
3083.12
2305.03
1776.39
6708.09
2691.83
4009.27
4431.5
5808.1
2609.18
3679.98
1795.19
1622.44
3483.45
2778.87
2344.39
2289.51
2003.44
3555.36
3052.18
2889.96
2255.7
7130.28
1597.7
2191.78
2104.75
1593.31
2176.09
3437.37
3361.92
5155.89
2830.86
2598.72
2891.67
2595.21
2106.98
4809.18
2088.76
2779.92
2804.9
3746.13
2013.33
2066
1977.73
1810.09
2444.97
1517.22
4568.93
3529.68
3460.81
2467.83
2101.27
2870.61
4435.4
2080.48
2389.29
1591.18
7370.43
2832.31
10884.6
2562.31
2994.47
2191.11
3141.3
2679.35
1815.73
2197.54
2782.46
2259.93
3891.39
3346.53
2971.18
4013.98
1686.47
3152.95
2216.11
2787.34
3116.91
3183.56
2259.87
1494.22
2650.67
2502.86
5380.64
2732.31
2013.12
1481.22
3947.26
3358.49
2098.24
3034.98
3825.17
3972.17
4797.77
3112.21
2383.63
5740.25
3609.24
2601.18
2406
4009.63
3355.32
3713.79
3014.97
3509.95
1644.84
3806.96
2639.39
1646.42
1845.67
4596.77
2125.22
27323.2
2235.67
3394.15
3216.34
5856.4
2300.42
4766.38
2573.05
2039
2128.15
2773.55
1854.63
1860.38
3098.76
2862.85
1935.27
1564.08
2123.4
4106.83
3339.92
4155.66
5677.6
4865.57
1889.29
2325.03
2518.85
1667.94
2057.43
1952.02
3014.31
2329.69
2124.89
7881.13
5914
2902.38
2519.13
2258.72
5167.44
3262.99
3624.45
1587.62
2423.24
2251.25
2389.28
2508.5
2310.19
2059.94
2018.61
4080.09
3482.94
3029.92
1634.74
4332.41
2087.69
4554.66
7139.32
3587.3
2639.82
3808.26
4348.12
4138.92
2157.03
3569.94
2868.32
4200.44
2158.23
2350.76
1903.07
4296.96
1688.56
4494.85
2824.55
2337.7
2432.55
3558.56
2191.29
3192.67
2548.8
2758.11
6550.57
1824.21
1915.18
2430.3
1820.99
2944.8
6082.58
3680.35
1807.54
3075.52
2058.85
2264.13
3545.29
2273.89
2586.11
2786.65
2049.99
3754.9
1848.49
3853.47
2874.13
2067.74
2066.67
2233.7
6160.76
4195.02
3079.25
3459.13
4078.42
3808.64
1660.26
2333.36
2126.87
2057.61
3669.28
2375.14
2400.05
1576.74
3329.36
6536.94
4470.65
2659.3
2475.57
8199.91
2195.96
4560.03
2458.75
2562.38
3922.05
2302.84
2219.72
2994.83
2937.37
2283.18
3233.54
2505.98
2868.46
3622.81
2361.48
3155.46
1617.62
3112.39
4392.34
1778.44
3755.66
3546.68
5141.47
1627.4
2743.42
2893.88
1958.76
3058.17
2459.43
3682.19
2035.22
2329.31
3404.46
3844.33
2478.19
2290.57
3099.52
6282.55
2665.2
4996.93
4585.05
3333.71
2629.84
2229.7
3329.41
1820.43
3171.85
2034.95
1594.33
2156.66
4446.74
3899.98
2215.67
1643.5
4384.89
2855.21
1829.88
2780.38
4410.09
2590.94
3022.21
2059
3661.14
1515.33
2157.85
2258.25
2386.99
3996.23
3199.39
2509.99
1938.89
5584.88
3575.47
2521.99
1850.81
3787.03
2565.06
3076.96
3490.9
2340.16
2979.37
4823.76
1960.18
2181.98
2071.39
2700.11
3951.4
2291.38
3092.68
2326.55
2683.16
1931.68
2175.93
3249.37
3550.27
2227.61
2800.16
3827.61
1721.75
3173.64
2822.07
3243.16
3593.23
3193.21
1346.75
1614.94
3274.96
2205.92
3266.49
4696.24
1498.31
2203.1
3390.02
2711.51
5417.11
4036.85
1753.72
2456.42
1958.59
3088.22
8849.1
3495.79
2458.53
1816.62
5140.72
6139.99
2595.09
2326.44
4792.39
1794.92
3510.68
2898.99
2785.74
4709.32
3136.79
2008.93
2044.01
2388.43
3238.41
2420.74
1742.37
1421.39
1570.8
2435.56
2935.84
2535.04
2999.26
3299.38
3911.5
2303.53
2147.51
3608.37
1888.7
2686.8
2168.57
2493.25
1989.63
2437.62
8223.39
4259.46
3378.75
3186.52
1774.5
1716.11
2664.95
2164.71
4602.71
2170.67
2487.68
1618.12
3091.89
2271.83
3123.84
2115.63
3835.25
3371.79
2043.75
2260.76
2362.43
2390.22
3963.94
2269.61
2689.39
2696.44
6134.61
1737.57
4212.95
3270.15
4202.37
4901.16
3631.92
2960.07
2602.75
5630.18
4630.18
2027.68
3510.1
1597.57
3216.89
2308.17
4050.14
2134.23
2078.49
2436.23
3490.44
2714.92
2781.75
2296.36
2389.85
3984.44
2483.92
2299.85
1768.45
1939.48
2968.01
4398.86
2375.31
2171.69
1929.42
2116.02
2230.85
5398.97
2175.73
4104.66
2269.2
2562.03
3561.66
5252.47
3438.27
5014.17
2660.51
2633.59
1553.1
3214.11
2157.12
3751.46
2754.45
3322.07
2088.2
3263.9
4197.1
2878.15
1960.33
4577.71
3303.38
2521.65
2374.52
2109.99
4563.25
1947.16
3402.88
3170.6
4119.65
2856.71
2046.48
4151.27
3543.25
1936.09
2755.59
2259.17
2275.48
5197.55
2903.43
4354.47
3477.75
2464.85
4766.08
3049.75
2784
1782.3
2452.47
2923.77
4605.67
3084.51
1507.16
5675.67
1894.18
3087.96
3168.41
3148.88
2476.75
3199.76
2368.1
2401.06
1883.11
2696.73
2226.59
1817.89
1983.15
1491.53
1808.99
1642.63
2496.68
1896.52
4149.52
3615.01
3814.08
2308.88
2195.39
2492.98
1990.77
2405.07
2030.42
1626.37
2882.75
2562.66
4718.01
7227.94
6490.18
3408.13
2400.31
3273.85
2710.85
5617.99
1555.65
1812.46
3245.93
3139.58
1241.19
4771.86
1717.84
6712.66
2873.59
2099.86
2295.19
2216.36
4336.04
1828.02
2703.74
2738.56
3330.83
2337.78
2080.83
2065.6
4452.45
1285.27
7035.83
2223.94
2542.66
2699.23
2952.49
2065.75
3461.57
2118.57
6553.34
1788.76
3238.43
1667.59
3043.35
4445.94
2408.87
1873.87
2890.8
2698.74
2248.16
2076.38
2774.02
7348.72
3113.55
2132.27
2807.27
2255.11
4271.28
3454.34
7747.3
2348.35
1706.17
2035.99
6068.17
2378.12
7088.26
3003.42
2458.66
3124.15
2973.11
2244.5
3809.22
2113.33
4510.51
1870.42
2979.29
3140.07
2709.21
3649.66
4808.11
2489.97
2945.1
1897.92
3981.86
4166.94
1723.8
1685.1
2245.68
4349.92
6856.42
5254.44
2519.23
4875.87
2229.51
4318.32
2066.67
2655.39
4301
2091.12
5601.9
3634.77
2899.25
1898.99
2673.87
2417.49
9589.62
4175.15
6041.97
3766.43
2187.97
2211.76
1711.22
2307.14
1775.09
2293.41
3850.1
4461.16
2604.16
4366.22
3010.44
3101.26
2023.16
4993.15
1414.98
1987.06
3425.35
2608.62
2868.53
3642.74
1685.64
2514.89
2152.02
3349.41
2038.1
5068.32
2036.97
3111.53
2150.65
3130.75
3519.01
5435.92
2564.56
3049.92
3402.71
5152.47
3764.8
4194.65
4023.74
2421.93
3348.65
3024.79
4943.03
1891.95
3799.8
1711.59
2386.35
3145.31
2374
3707.61
5223.49
1980.24
3870.29
2834.06
2150.2
3903.47
4078.55
1993.89
2009.61
2814.44
4097.13
4238.19
2801.56
3119.99
4343.8
3653.04
2279.7
1362.9
2620.69
2186.22
2385.79
4352.28
1668.57
2783.4
4138.62
2825.71
5904.3
4668.01
2546.39
3779.35
2354.62
4482.46
1668.38
2968.18
2465.41
5384.5
2298.74
2923.67
2591.09
3047.64
1596.96
2138.57
3452.69
2971.8
2440.04
2446.16
2525.19
3336.05
4915.94
5264.94
1946.36
6473.02
2096.16
3087.07
2228.26
2159.14
3763.84
2467.95
2769.75
2239.6
2989.6
3111.28
4796.59
2967.62
2550.03
2517.81
2311.58
3281.58
3017.23
2360.54
2540.85
3319.94
2003.4
1780.11
3884.86
5763.86
2986.59
2544.65
9692.57
2038.11
2907.18
1891.73
2822.44
2401.85
2187.61
3329.54
3064.23
2567.02
3090.41
5306.74
2320.77
2589.62
2276.75
1856.64
2339.48
3541.82
3691.42
4551.98
4593.65
4217.11
1971.23
3957.17
2052.12
2569.45
3169.81
4017.52
5783.57
2779.86
1965.2
6721.71
3267.28
2578.16
2459.19
2394.62
3610.76
2108.6
2335.68
3216.58
2051.43
3203.13
2089.63
1962.09
3485.37
1591.95
2456.14
2858.07
4954.7
2212.11
1979.65
1853.01
3178.59
2944
5151.6
2191.42
3912.59
2012.59
3862.11
3609.74
2081.49
7717.02
5010.1
3959.39
2258.53
2464.46
4097.52
4173.84
1680.02
1682.27
2961.66
6777.94
2585.45
3292.36
1843.19
1619.58
5536.84
2689.22
2237.59
2398.64
2225.79
2194.18
2553.53
2005.83
2717.74
3947.78
1701.44
1948.78
2505.18
2755.71
2517.16
3627.64
2375.32
2967.97
2134.04
9981.52
2918.41
1739.2
1683.04
2750.78
2689.92
3843.37
2435.05
1660.89
4160.16
2456.79
4166.07
2020.04
3066.28
2965.35
2678.81
1479.21
2344.51
4843.56
3102.25
1964.4
3932.65
2790.75
1458.03
2870.18
4469.44
2302.41
2650.47
2914.43
2225.19
2021.28
1736.9
4658.21
2251.43
3179.78
2659.83
6837.81
2035.11
3915.25
2284.27
5030.38
2718.51
2538.07
2129.85
4215.14
3144.35
4700.71
2273.45
3431.66
2050.27
4182.59
3583.6
1724.55
4900.82
2513.63
1764.5
2339.11
3401.18
3930.98
3377.19
2078.42
2588.9
2021.5
2094.78
5533.2
3687.95
1858.28
2431.72
2035.82
1494.38
2977.17
3792.36
3092.71
6818.98
5577.08
2341.26
5220.84
2462.05
3172.52
3414.24
2681.17
2596.29
3893.62
2209.73
5534.57
2867.09
4019.54
2888.77
2006.74
2085.12
5187
1384.27
6931.57
2773.37
1923.97
2601.83
1724.17
4970.88
8741.65
3669.19
3182.43
2809.93
1481.36
2168.93
3297.08
4776.41
3639.11
2329.93
2151.53
3455.69
5285.73
2221.36
2916.86
2648.5
1962.6
3637.23
2109.15
2998.64
2089.57
2722.03
2116.77
2274.75
2573.55
1532.78
1871.44
2081.78
2094.52
3103.09
1637.13
1864.42
1598.02
3227.35
2046.07
4122.71
9131.56
1877.52
5099.72
3780.2
3435.9
3131.15
3221.05
2881.79
2331.63
5037.54
2368.73
5140.25
6577.12
1474.24
1917.51
2037.41
4271.12
2763.53
4001.35
2710.68
1749.66
2139.47
2204.77
1592.72
3554.08
3192.68
2299.5
3138.74
1923.47
6649.47
3555.66
2417.57
3857.35
4800.86
1932.79
2671.74
2829.89
3043.11
2171.8
1606.92
3092.95
2918.95
4445.27
1713.57
2857.8
2712.62
6249.13
1939.72
2589.22
2218.28
7493.49
1620.36
2078.64
2936.51
3865.03
2776.87
2780.22
2487.62
3762.69
1355.36
2657.02
3159.98
1959.2
2182.77
2030.42
2443.62
2186.54
2448.34
3192.37
3145.46
2999.16
1687.3
4062.83
2641.18
2467.6
5396.66
2615.8
2514.18
2576.62
2483.54
2836.25
4686.86
4651.33
3064.61
2357.4
2940.01
3072.62
2040.07
2490.95
2206.85
3995.57
1928.19
2225.74
2730.61
2643.39
1718.63
8631.3
1669.97
2017.91
1950.81
2920.73
3455.93
3477.09
3015.17
2699.85
3231.67
7570.67
2550.3
2514.57
1993.13
2633.94
3076.17
2385.55
7575.76
2446.73
1651.09
2291.3
2540.17
2523.06
3375.62
4292.9
1943.28
2862.78
5192.82
2262.52
3484.05
1882.91
2933.61
3016.02
5450.86
3620.58
2009.68
1745.71
4375.18
2593.81
1904.68
2294.8
5445.81
5830.54
1571.76
5147.5
2718.74
1650.82
1732.86
3869.3
2884.29
2003.3
5020.62
1686.58
2199.12
1992.15
2889.37
1343.21
1467.69
3911.53
1694.9
3096.03
2091.25
2699.64
2907.67
5774.92
2428.1
2642.28
4442.04
5105.75
3500.87
2252.49
2157.84
3086.45
2095.38
2089
2095.11
3653.17
2424.82
1998.05
1389.58
1845.52
2161.34
3068.98
3103.1
1988.6
2281.79
3772.38
4635.67
2684.37
2244.05
3101.45
2144.46
1989.32
4365.18
1722.37
2145.8
2534.94
4574.86
3553.35
1644.37
2937.93
1977.05
3522.47
2423.65
3740.97
2348.22
3331.96
3959.68
2619.84
1639.76
1790.67
4186.15
1948.62
3696.77
2476.93
2579.63
2289.3
7196.63
3502.47
2466.76
2660.78
2701.75
2223.39
2015.13
2269.7
5699.27
2879.57
2508.55
2404.73
3267.93
2385.84
3122.38
1924.75
2815.34
1446.65
1871.85
4227.69
2779.06
2616.82
1971.7
2955.82
3319.24
3619.34
5042.44
3732.68
3570.85
7302.28
3455.79
4477.52
6954.24
3051.15
6448.22
1834.85
2747.09
3588.98
1630.06
2186.6
1590.83
1943.37
2916.1
2085.09
2249.28
1886.71
2521.73
2289.36
2682.28
3138.89
3580.21
1989.24
3455.96
2527.37
2048.5
2367.92
4960.24
3305.19
1596.91
2244.31
3031.31
2171.86
5956.04
4112.16
2424.85
2764.97
2830.69
2567.93
2680.83
2359.89
3452.16
1883.25
2675.65
3658.17
3673.27
6408.91
2539.03
1855.46
4402.66
3272.88
2380.56
4123.93
5987.2
2331.02
2535.28
5374.38
3141
2268.5
3452.77
1685.77
3403.22
2206.44
2087.1
2145.48
4833.57
2979.9
5643
2437.62
1970.27
2286.16
3234.06
3715.03
2699.6
1732.17
2387.78
5141.97
2513.4
5290.57
2512.21
3013.25
1766.87
3258.09
2773.17
7070.41
3039.58
6089.3
3918.29
2206.07
2704.18
2799.58
4845.69
3503.37
2357.25
1712.05
2048.76
1731.82
3831.47
1652.98
10952.5
2160.17
2970.58
2910.81
3071.51
1986.56
2476.04
2404.54
2742.73
2774.95
2178.43
2129.47
2389.69
4327.89
2747.91
2488.96
2297.29
2239.42
1981.81
4298.16
1849.47
3984.9
2662.99
4641.02
3634.75
4425.76
2035.03
2693.29
2676.74
3101.48
2580.95
2328.54
1730.95
4859.61
2326.45
2335.9
2059.05
2558.11
3027.08
1902.07
2753.25
3548.16
2128.05
4436.21
2041.73
4070.71
4882.88
1703.17
3145.45
3011.85
3020.23
2746.26
1713.8
5247.95
2012.75
3166.03
2032.06
6873.71
3344.53
2382.42
3009.27
2425.66
2822.77
2189.68
2493.71
2779
2522.28
4283.88
5301.79
5668.32
2891.57
3571.71
2588.86
5765.07
2781.32
2008.91
3037.94
5387.36
2169.65
2681.67
2152.89
2931.55
3653.72
2474.77
3396.66
2565.17
2399.18
4163.15
2367.17
3706.96
1824.98
1724.34
1916.08
3545.02
2666.22
2059.68
2884.52
1570.47
1707.79
1849.16
2829.45
2163.01
1222.82
2456.12
4077.58
2574.14
2073.5
2908.72
1672.5
2687.62
2670.65
2509.39
2322.6
3072.34
2474.5
2100.55
2791.74
1851.63
3041.55
4921.81
2411.83
3324.98
2114.91
2048.65
2556.84
2419.39
2045.15
1938.81
2397.28
3335.95
2932.58
4429.85
3405.85
1949.69
4486.87
1999.57
3643.75
4763.81
3762.48
6278.67
2541.63
2809.63
3309.54
2905.44
2011.74
1381.16
1821.87
3656.55
2738.32
1679.74
2825.94
2710.22
3147.15
3160.58
1996.76
2542.01
2114.83
5702.23
2553.54
5600.59
1605.89
3411.96
4435.93
2471.72
4094.34
2689.12
3289.84
3562.84
2971.56
4055.55
2687.11
2911.86
1975.06
1779.75
2482.76
5404.28
2223.69
2427.1
1579.87
2943.51
4500.37
3667.07
2668.26
1305.39
2054.61
2880.04
2519.15
5858.58
2817.58
5280.77
1730.29
2301.86
3092.64
3146.45
1890.16
3016.61
3149.93
4084.4
2512.96
1876.53
6351.54
7315.3
1997.19
3322.04
2668.92
2652.77
2839.78
7318.09
5687.66
2469.35
4404.6
1814.74
3974
1946.24
2961.66
2396.07
1972.28
2769.05
2358.37
3282.25
3414.09
3725.54
3424.54
15876.4
1964.21
1626.86
1931.24
1630.19
4631.09
5962.75
2931.05
1832.68
2519.48
2495.51
2175.21
2644.11
2539.81
2602.4
3028.56
1904.69
2902.64
2235.61
1905.14
2514.59
2300.91
2687.19
2859.42
2195.37
9676.29
2673.79
2844.79
2614.22
1649.88
2018.15
6421.75
3189.42
2446.47
2602.08
1905.43
2047.19
2816.07
2948.47
3420.19
3423.69
1838.67
4496.51
10069.5
1852.82
2226.3
3462.85
2655.78
1788.99
5500.64
1783.9
1744.22
2869.55
2206.24
4390.29
3884.37
1671.14
3900.01
3656.48
3913.57
3542.09
4324.04
5340.43
1819.54
1765.84
4301.14
4298.95
1441.91
2342.76
6837.5
3887.79
1596.04
1869.8
2100.43
2239.45
4859.66
1645.02
3607.78
3011.67
3941.59
2327.57
2513.35
3861.28
3321.25
2511.22
1861.96
5352.8
3452.93
2217.74
2111
4826.63
2043.75
4537.88
1821.44
2574.87
3595.71
3445.2
2735.45
3002.27
3163.19
2463.92
2011.03
3441.2
1817.36
2429.7
5575.88
2248.5
2754.87
2095.38
2489.03
3119.85
2901.11
1515.83
2274.73
1851.55
2186.92
3293.97
2005.47
3764.84
2716.84
3803.25
3598.22
3872.98
2378.78
5181.06
1531.73
4975.03
2610.99
1789.35
2093.74
1517.99
2120.86
3264.85
2047.89
2166.33
1758.02
2726.3
2511.84
2189.44
2774.61
4448.54
5442.1
2336.08
2780.83
5168.68
2481
5244.33
1391.18
2123.5
1676.52
2340.77
3312.19
2972.4
4837.94
1769.92
4404.54
2325.13
4053.02
3253.95
2417.27
3050.15
2531.46
3061.96
2086.88
3241.9
1763.51
2527.79
3914.12
1965.56
2204.99
2796.21
2816.05
2916.61
3131.54
1595.39
2091.32
5628.96
2807.79
3745.12
2017.26
1983.37
3492.62
3100.33
1719.15
2789.53
2884.94
1601.59
9281.33
2207.18
2566.89
2832.39
4983.78
2468.65
3852.88
3202.77
2138.95
1627.94
2386.87
3778.94
2467.78
2035.36
4858.96
3294.24
4723.61
2436.12
1819.05
2749.12
2310.74
2136.64
3604.06
1729.36
3491.42
1737.74
2844.18
1913.62
2046.94
4804.54
2158.16
2159.13
2450.34
2664.8
2186.92
1951.05
2666.7
2609.05
1913.3
1720.45
2331.79
2580.17
3340.41
3039.22
2699.98
2649.15
4340.71
3922.04
2148.58
3593.88
2516.75
5195.85
5212.91
4104.2
3770.85
2998.43
2640.66
2257.32
4339.52
1607.61
2510.44
4549.38
2681.89
1525.06
2126.84
2333.83
3355.39
1699.61
3644.85
9416.34
2508.09
2315.05
1836.94
4426.31
4837.34
2076.69
2394.83
3447.43
2664.26
1827.34
3477.53
2962.4
1949.31
3206.77
2423.7
2974.68
2535.89
2151.35
4028.61
6949.57
2546.51
3014.8
2153.9
2103.44
3566.39
1968.82
3280.87
1863.65
3068.79
3879.36
2368.43
2703.37
3116.81
2260.27
4291.97
3818.62
3717.13
3076.97
2151.96
2968.37
10012.9
2020.93
3008.3
1805.48
2665.31
2058.1
1960.74
2538.06
1502.69
2006.69
1750.75
2090.84
2297.33
2478.24
2713.93
2450.5
2173.73
2021.53
2789.82
4874.09
2340.6
2008.89
2269.79
2063.14
2297.87
2103.77
1831.32
2131.71
6920.8
2358.66
3696.01
3010.96
2615.72
3960.83
1478.23
2744.67
2371.41
3031.68
2809.43
1786.44
3394.28
1995.09
2682.86
2240.99
2984.51
3203.18
3083.54
2659.02
4575.63
2630.17
1649.94
1924.75
2928.76
2842.16
5539.51
1588.05
2791.07
2753.43
3293.5
1845.13
1881.44
2113.05
3235.51
3740.69
1936.81
3649.61
3799.02
3621.42
2002.9
2247.6
2406.19
2158.32
2473.57
3630.24
3985.7
2772.7
1763.82
4335.34
1974.21
2482.25
1968.42
2739.35
3079.69
2660.55
5871.9
2019.99
3850.52
1836.75
2302.18
2293.33
3466.36
3575.64
1726.9
2387.9
3362.02
1674.74
1491.05
2131.94
2725.41
3565.53
2718.52
3895.52
3287.34
2552.95
5270.34
2097.38
2299.23
1683.41
2335.42
1239.66
2384.48
3737.9
3865.18
4507.13
1965.1
2756.5
2076.53
2505.98
2760.99
2327.83
4927.4
3037
3271.75
1778.02
2309.43
1750.5
3684.75
2133.95
3192.91
3639.34
1637.25
4660.85
5443.51
2869.36
1957.78
2319.82
2322.97
7366.92
2077.39
1998.91
2379.34
3374.32
2484.77
3226.94
3500.44
2078.76
6284.27
5613.34
3371.47
4567.35
1506.45
2631.67
7596.51
3436.6
3167.34
2287.25
2673.94
1841.37
2460.92
1914.48
2893.26
1707.43
3513.2
1998.37
4953.33
3211.67
6492.62
3032.22
4843.13
2175.71
3647.62
2972.61
2671.46
2058.68
2430.27
2300.63
2628.28
5499.94
2452.59
5921.6
1968.69
3082.69
3090.88
5201.46
1771.19
1818.03
2323.04
3552.2
2214.53
2384.88
3564.43
1762.18
2702.12
1978.07
1617.09
1843.84
1904.99
4934.58
4880.11
3418.1
2293.52
2288.99
6173.03
4430.29
3529.38
3466.11
4494.02
4420.42
1846.53
5399.21
1279.74
2284.64
2467.03
4213.68
3615.44
1472.48
3045.54
2415.61
2463.26
2237.05
1962.89
4042.81
2649.26
3911.44
3586.65
2007.52
6508.13
2903.5
6489.21
2231.18
2338.38
2966.11
3986.31
3582.01
3299.37
3370.09
3777.43
3620.52
1625.82
3039.85
4448.63
6239.12
1485.52
4294.6
3698.92
2719.74
4491.4
3040.34
6854.36
2322.3
3631.41
2904.91
2451.51
5990.2
6370.07
2899.01
2443.66
3289.14
4324.07
2661.76
4009.05
1968.64
1948.78
2813.43
2473.41
5694.34
2772.84
2672.68
6087.42
7688.95
2748.09
2312.82
3631.04
3780.99
2027.72
4416.69
2943.48
2898.47
3647.59
1841.26
3475.97
5309.91
2618.37
8314.35
1890.64
2259.49
6284.47
7199.73
1821.74
3899.12
2219.28
2619.07
2625.91
4287.35
1821.69
4238.5
3871.04
2816.09
3087.39
2612.02
1966.74
1846.12
2248.3
3366.54
7800.4
2586.58
1974.62
2594.91
2055.48
2739.01
2026.28
3921.93
3240.56
3608.24
1485.73
3211.71
5232.92
1658.94
4051
2588.81
2121.21
3115.55
2614.54
3103.46
2199.94
2296.45
7697.02
2940.1
3188.15
4581.32
2220.18
4757.51
13847.5
1903.43
3106.83
1888.27
1750.12
3640.81
1763.24
1771.03
2135.04
2109.85
2557.85
1955.15
3376.02
3663.51
3352.46
1971.43
3111.39
3744.96
1971.41
2011.68
2672.28
3311.92
2439.71
2375.72
2564.58
3840.6
3360.74
3440.53
2164.67
4626.87
2423.48
2094.95
4346.06
2384.85
3688.41
1689.8
1518.52
1907.63
1978.81
3172.12
3403.7
2969
3778.25
1927.79
8544
2238.66
2471.36
1984.48
3013.92
3013.89
3450.36
4968.83
3139.96
3846.95
2788.5
2904.34
3912.22
1696.76
2810.09
1962.46
2570.17
6318.4
4981.05
2430.07
2301.41
1371.35
2906.18
3567.23
2137.69
3203.01
2213.62
2216.17
2720.69
2276.27
3534.81
2804.13
1809.61
1891.49
1501.46
2736.33
1708.18
2732.3
2551.79
2688.67
2784.18
7127.66
2199.86
2737.3
4009.26
2543.39
2287
2293.46
1806.61
3597.47
4049.44
5247.22
1811.5
3478.81
4749.15
2363.84
1726.45
2583.12
4711.86
4287.15
2040.75
2369.96
4856.41
2184.08
2152.1
2834.03
6836.85
3160.8
2354.16
2299.98
2851.96
3434.98
7883.16
2239.26
2005.88
7358.51
1800.53
2157.2
2124.96
2941.44
1948.75
2308.06
3525.21
4103.17
2764.91
3123.4
2841.68
3899.56
2303.02
2829.37
5286.53
2628.35
2913.48
3448.12
2781.8
2531.58
5257.11
4967.51
5947.8
6626.71
2228.84
3588.4
2528.82
2730.82
2778.9
2308.88
1893.49
4263.76
2735.26
6165.72
1635.4
2840.76
5025.99
1663.1
2102.33
2099.78
1849.98
6164.25
2199.56
3523.07
4458.15
3432.37
2641.41
1697.67
1875.06
3120.69
4502.88
2865.13
2936.64
1625.02
2781.42
3779.17
2720.24
2064.65
3102.42
2137.34
1920.77
2859.29
2794.22
2179.43
3515.66
2383.62
1979.92
2258.95
4247.48
1751.86
1838.07
2435.36
2803.72
2265.15
2436.47
2757.81
3906.49
2461.31
2065.73
1786.71
3702.84
2325.92
2692.66
2389.08
5043.36
2339.9
1710.05
1790.1
1742.02
2157.91
4293.21
3383.51
2489.86
2288.91
4221.03
1558.84
1925.8
3603.26
2270.8
3285.4
6397.23
4001.87
2744.53
4756.4
2606.55
2786.17
2312.25
3395.06
3240.62
6982.65
2704.66
5064.17
2135.87
2362.67
1609.23
3640.88
2888.51
1338.51
3351.27
4137.78
4609.79
2191.98
1866.08
3385.77
1498.83
2878.26
2612.09
2363.58
3368.28
4105.51
6007.49
1857.31
2503.11
3422.91
4247.78
2414.93
3431.99
3425.05
6218.38
1875.4
2985.56
2984.93
3758.62
2108.43
2147.02
2018.26
2778.14
2396.12
2754.35
4342.94
3062.83
1759.8
2761.45
2582.15
2619.16
3081.05
2747.2
3608.29
2888.46
2029.56
4002.16
6285.38
2934.19
3077.35
3784.5
1947.62
3623.1
2020.79
2457.33
2696
3893.28
2334.41
2847.42
3105.01
4660.33
1726.08
2691.34
2875.02
2507.74
4718.84
5832.72
3269.17
1714.69
1187.72
3716.94
2945.39
2373.19
3953.88
3235.83
3056.8
5171.01
3321.09
3419.82
2183.44
3545.35
6768.8
2372.76
3404.56
1765.17
2077.54
7327.92
2890.13
1583.11
2035.47
3378.23
1804.39
5102.91
1332.66
2264.66
1993.52
2794.89
2679.3
2472.14
2750.6
1698.92
3504.93
1723.81
5286.35
2665.69
1879.27
1678.51
1943.89
2879.9
2586.65
1594.7
1964.71
4498.82
4690.54
1795.05
2378
2483.62
2940.22
2122.64
3519.38
6818.45
2127.98
3426.05
2865.83
2852.2
2905.08
2048.54
3364.32
2479.43
3381.54
2942.92
2460.51
2517.5
2571.93
2617.98
2887.54
3086.93
6722.59
2757.28
3211.57
3076.59
1858.33
2908.1
18857.3
1691.14
4002.14
3964.74
4637.09
2238.53
3941.94
1758.13
2267.83
3120.11
3599.21
2350.23
2671.02
2217.23
3298.56
2312.67
2100
7679.31
3717.69
2165.25
4331.71
1832.24
2824.58
1855.36
3610.91
4708.6
3187.38
2024.17
1309.91
4441.17
1397.24
3348.5
2156.9
3625.1
2248.23
1933.62
2249.24
2235.82
7664.06
2141.22
1856.65
3610.27
7498.81
2609.95
3818.53
2090.16
2017.54
2342.98
1926.93
3547.49
2305.76
1456.62
2330.93
2004.02
2719.42
1692.89
1589.17
3096.26
2883.59
3321.34
4339.59
4934.55
4397.79
2750.96
2887.95
3238.17
2245.28
2322.79
2412.24
6157.05
2287.04
3089.6
3436.84
2340.71
1928.28
4430.94
1968.41
2951.33
2653.04
2435.1
2733.11
2618.27
3058.6
3721.81
4151.67
1297.71
4598.43
3736.82
5880.47
2720.36
2489.69
3881.18
4316.7
3811.51
2657.59
3096.93
5622.6
2128.47
3998.32
2139.87
3176.31
2582.68
3115.01
1943.66
1728.54
2817.47
2004.25
2359.22
3854.03
3290.84
1953.48
4791.48
1891.23
2086.97
3243.72
3568.37
2948.8
4778.79
2130.24
2712
2068.06
3690.47
3155.07
2900.49
1657.77
3939.74
2679.47
2576.65
2256.15
1533.46
5590.96
1802.62
4676.12
11472.2
1706.79
4684.21
3530.74
9017.05
7022.99
3285.2
2621.16
4814.02
3860.27
1547.57
3153.68
4009.2
3329.8
1970.47
2251.02
2270.93
2654.89
2399.7
1517.33
1512.91
2815.37
2745.14
1957.84
2708.54
4237.52
2667.04
2481.54
1579.19
5000.81
3399.25
2954.09
4873.33
2644.04
4407.9
2164.54
1872.64
2486.42
2405.13
3571.04
3433.27
2218.46
2916.06
2551.83
2059.99
2701.28
3334.44
2349.56
3129.62
4723.09
2621.75
1488.75
2734.88
3743
4264.57
7095.38
6893.38
3182.51
4856.85
2022.92
1885.13
2479
3355.27
2371.63
2515.33
2554.23
5708.56
2225.67
2925.52
4006.92
4412.66
2502.3
6449.9
1913.06
3227.99
1955.92
1981.59
2413.59
2601.29
3023.48
6644.56
3981.54
3995.37
2815.25
5762.91
1433.17
3066.98
4080.91
2405.73
3212.22
2367.22
3770.82
2828.02
1811.43
5041.74
3595.02
1921.97
5766.51
2000.3
1661.72
1890.83
1917.75
1390.24
4566.64
3841.72
2052.78
2616.83
3055.51
2601.17
2342.51
3387.08
1921.58
1988.36
1502.8
2206.53
3389.15
1667.43
2482.5
3230.14
2243.06
1333.71
2502.73
1381
3688.04
3571.83
3003.77
8874.91
3245.79
2303.82
3351.6
5850.78
1771.75
2618.99
4312.84
2623.31
1901.54
2226.54
4124.24
2650.23
3858.33
4307.12
5170.9
2455.66
3121.33
2783.3
2318.89
1948.57
2081.33
2127.81
3015.78
2045.24
1720.11
2551.59
2662.34
1941.46
1717.38
2379.44
1856.08
4426.81
3750.22
3772.02
3251.3
1788.21
4589.16
3681.72
2806.81
1607.38
3069.6
2921.12
1530.71
3065.23
4670.52
3791.65
1866.24
4028.52
6247.37
2223.01
4600.55
3133.64
4142.01
2119.56
2436.37
3316.82
1604.48
2600.55
1902.5
3193.97
2788.85
2853.21
4288.31
3652.1
2277
2959.45
1519.61
2938.09
3401.05
3583.76
2735.91
3551.03
3424.24
2413.33
1608.56
2872.4
8223.65
3634.72
3414.59
1953.66
2906.9
2322.44
1841.86
3173.51
2934.57
5889.9
10974
2019.97
2420.37
2428.99
2404.39
2085.19
1615.2
9093.2
3047.59
2771.83
4547.33
1948.32
2140.64
3596.04
1839.46
3081.48
1915.92
5033.39
3670.6
1805.74
1756.37
4577.83
4549.46
3139.17
1690.17
2009.8
3295.31
2179.72
2346.39
2943.12
4207.33
2686.77
2041.38
2453.39
2851.18
2544.98
2945.21
2350.55
2011.81
2067.54
3082.75
3885.09
1634.72
2583.75
9010.73
1704.55
4497.67
2437.73
2022.39
2843.1
1658.91
4001.59
2575.55
1758.72
3345.28
2623.21
1891.61
2511.27
3513.22
1513.1
4299.69
4940.53
2437.88
1864.94
2133.5
3190.31
3626.09
2031.12
2940.02
3107.37
2849.25
2686.62
1644.14
2021.63
1871.79
4419.81
2270.53
4678.71
2354.89
3102.39
3630.15
2223.14
2529.55
3539.13
2874.32
5381.57
3692.49
2632.32
2195.75
4960.06
2756.81
2520.7
12783.6
3212.77
2441.34
1473.15
2731.39
2906.8
2695.24
1924.6
5201.02
3248.35
3552.53
3127.02
4102.82
3090.7
1781.24
1384.1
3156.75
2918.84
2800.03
1755.58
2037.37
2902.2
1950.95
5708.23
2849.09
4080.22
2382.64
2469.53
2023.35
3942.51
3985.79
2593.82
2337
2920.43
3870.83
2226.01
2811.7
3200.8
2108.46
2047.41
4493.02
3598.4
5272.64
3197.95
2786.62
2123.39
4725.33
2617.98
2392.7
2612.23
2470.94
3220.97
3352.75
3351.82
2618.58
2105.4
5413.88
4717.02
5410.49
1741.57
2250.95
3297.84
2099.46
4475.2
4345.78
2056.9
1870.64
5056.43
2149.96
2560.46
3313.03
5106.85
3903.78
3188.03
3200.93
2641
2575.64
3386.33
3221.57
2320.47
2633.56
4549.15
2661.7
2473.8
3574.02
2041.77
2353.87
4559.23
1731.9
2779.63
2095.07
3072.24
3211.89
2021.27
3264.24
1433.58
2824.43
2360.86
2753.3
3280.02
2471.25
2160.54
1674.32
2792.09
2894.1
2382.66
2375.69
2262.76
2662.02
3825.85
1851.59
1964.28
2155.14
4228.68
3172.95
1792.63
2679.77
1914.6
2219.58
5480.15
2063.88
2220.67
2090.47
1508.98
2087.97
3715.4
3766.88
3992.01
5017.56
2166.52
2132.38
7448.8
5666.83
4605.81
1441.69
2269.53
2659.72
3227.23
3057.56
1670.36
2811.86
2491.91
4958.57
2886.66
2424.95
2768.75
2182.08
1321.92
1971.36
2077.79
4302.5
3362.45
2639.42
2535.01
4209.04
2526.01
2383.09
4755.41
2618.69
3694.53
2109.1
2501.44
2243.6
2204.79
2412.83
2145.07
4245.83
4741.33
2415.01
2319.06
2949.92
2530.75
3825.45
1884.66
1628.92
2109.03
2791.59
2978.43
2579.1
5169.64
2860.44
2033.37
5171.82
2458.17
1582.28
3996.31
6877.73
3006.43
3059.96
1886.33
2784.98
9234
1830.38
3419.08
5518.79
3223.7
2864.42
3452.68
2349.31
3644.12
3758.91
2181.59
2150.05
2848.09
1947.26
2817.91
1659.42
1880.3
6613.13
2453.5
7170.86
2366.06
3889.64
2110.49
4456.11
2337.41
3263.32
3160.68
3098.15
2167.5
4364.52
3262.94
4531.74
1465.79
2184.51
3172.95
1595.72
2286.67
7705.04
3046.21
2200.08
2118.29
1985.17
1808.99
2710.29
1576.95
3547.07
4943.62
1616.88
1784.15
2573.12
1822.75
2053.79
3036.78
2510.18
1496.66
2167.6
1820.55
1999.49
2315.51
2316.42
1690.38
1756.5
2454.81
6572.56
2695.86
2335.4
2175.91
3792.03
2495.73
2675.35
2594.32
4709.01
1684.03
1940.7
2922.55
1874.32
1855.95
2657.22
4046.25
4220.02
2537.77
2079.12
3312.69
2855.18
1702.92
3501.56
2663.97
7308.49
1708.47
5875.65
2116.84
2637.2
3024.85
3569.92
2101.67
2957.7
3340.47
6894.07
6014.74
2332.18
2294.91
2171.89
2488.58
2137.43
5033.26
2257.29
4690.75
2337.85
1698.42
2152.73
4637.07
3040.32
5052.73
1828.97
5104.81
3740.79
2106.45
4087.99
2539.75
8808.5
2638.01
3222.32
3141.95
3073.07
2081.81
4434.08
6372.48
3166.9
3680.5
4830.4
6108.14
2718.38
2789.2
3198.54
4263.53
5202.71
2475.02
2189.1
4642.42
1881.82
2968.48
1718.13
2077.59
2080.28
2375.58
2894.68
2426.41
2488.56
1848.63
2645.19
3325.94
2613.98
6472.65
2999.59
5280.7
2958.38
3450.7
5269.07
2421.89
2809.42
3463.3
1365.89
2383.28
1701.65
7083.07
4041.67
1743.1
1887.92
2467.21
2987.16
2489.88
2591.59
2588.55
1882.76
2368.91
1767.2
3499.98
2195.79
4204.89
5292.95
1776.8
3015.72
1556.83
2024.75
1937.67
1830.47
3517.73
2995.08
4035.49
2624.4
2375.64
3395.22
1958.1
2371.36
5160.26
4046.15
1909.38
2885.91
2473.64
4558.87
1927.09
1797.9
2902.71
4341.56
9948.14
3713.82
2104.39
1864.31
1704.57
2095.55
3763.63
2094.66
3091.88
2796.03
3324.73
3185.92
2557.5
3228.75
2700.27
2091.25
2158.96
2887.22
6489.17
3044.1
1827.97
2010.91
4477.81
3524.12
3345.64
2402.78
2239.06
3510.55
6109.15
1977.49
1626.11
3233.25
1910.14
6351.01
2781.69
2515.71
2615.42
2353.1
2895.34
3986.95
3495.16
2135.9
2385.7
2533.54
3312.88
5201.94
6496.5
2097.23
2032.57
2417.07
4921.07
4258.9
2089.29
2237.07
5514.55
2218.92
2132.25
7231.04
1859.2
2507.69
5288.26
2005.01
1680.42
3211.67
5223.21
2155.2
3707.27
2478.25
2442.12
3349.18
1355.05
2073.3
2150.66
3662.48
2483.11
1902.72
1896.37
4080.26
2556.51
1831.09
3236.32
2124.59
2943.75
1958.85
2170
2194.98
1855.68
9746.09
3218.98
1760.28
1886.49
2386.61
2932.71
3808.14
2532.61
3117.88
4767
4575.48
3670.97
2744.89
2138.08
7852.69
6520.87
2299.26
4297.2
1698.48
3271
2004
7780.42
1965.69
4036.84
3307.01
3131.36
2092.62
2669.63
1809.27
2509.12
3210.48
4619.87
3108.02
3438.31
1810.98
2210.29
2674.9
2399.79
2544.96
2242.9
2232.57
4342.77
3094.4
2249.33
2554.64
2499.57
3959.28
2377.47
1577.5
2516.78
2508.81
2015.04
2640.91
4332.58
1854.52
2488.99
2578.06
2887.78
3800.56
1609.09
2925.07
5228.45
4301.18
1585.69
1803.99
8201.6
2505.51
1640.74
2960.31
2901.67
3793.96
3392.83
2389.2
2651.34
1908.55
5550.07
2865.51
1930.69
2224.12
1773.43
3201.09
1540.87
13382.5
2089.61
2363.43
3011.47
3726.43
3403.63
2994.42
5097.45
3784.77
2175.27
1730.2
3051.62
2888.25
1854.58
4690.87
4287.6
2419.53
2987.6
3695.44
2001.99
2092.99
1861.34
3375.55
2400.72
3551.04
8772.81
3197
6028.06
2992.13
4282.55
4073.25
3139.42
3899.12
2236.71
3604.95
2924.16
3137.3
1810.53
1644.78
3104.37
3193.82
3537.7
3905.14
1876.73
1445.68
2229.6
3475.33
1945.9
2721.4
3204.19
2431.61
1835.37
4676.68
2658.6
4060.34
2177.89
3125.1
2060.27
2540.17
2676.41
1655.73
2916.87
2463.61
2250.65
2390.57
3059.03
1822.46
3730.73
2743.43
2208.57
3027.34
4064.82
2820.15
1549.33
2351.89
2773.2
2485.61
1962.93
2480.69
2910.73
3489.87
1945.77
1894.87
1540.56
3393.01
3295.02
2241.5
3663.32
2255.55
4039.66
2058.66
1695.61
3534.38
2536.72
2891.17
1814.42
3421.04
1887.01
1627.71
2972.12
1935.84
1986.44
3538.59
1808.64
1859.9
2837
2102.61
5512.17
4891.66
1988.13
2960.02
6504.75
3998.84
5425.33
2911.66
2978.65
2704.79
1963.15
2095.41
2121.1
1941.15
4500.71
2576.79
2267.98
3463.37
2691.86
2058.81
1929.16
2170.55
2680.8
2811.5
3357.72
3651.3
3798.62
2053.36
7013.55
2302.99
1980.19
2900.13
2142.16
1777.34
2455.69
1986.06
4640.86
4745.4
3843.14
2189.07
3121.89
2599.65
2660.13
2268.84
3458.13
2732.38
2164.38
3791.68
5734.48
2365.62
3331.28
1422.84
3440.67
1595.04
12619.5
3587.91
2352.13
2893.21
3636.23
1938.34
2455.8
2095.62
3462.17
2256.54
1497.87
2801.03
1957.03
2651.36
1515.67
3295.78
3597.63
2537.25
1752.06
2446.71
3751.41
2948.72
1788.86
2772.6
4703.29
3649.97
2096.8
3352.74
3799.05
5332.21
2775.34
3173.37
1877.82
12969.1
3283.99
3404.14
2753.75
1798.82
3008.66
2568.85
2749.65
2927.2
2113.45
3381.16
1842.92
2791.71
3012.59
6491.67
3024.4
3436.91
2742.78
1852.26
1795.52
1812.32
3561.93
1730.54
3819.14
2158.77
2116.31
2515.81
2190.84
3987.33
2993.5
1833.88
3678.24
1880.39
2313.25
3969.6
2479.1
1894.55
2478.8
2369.39
2361.02
4737.8
3848.53
1875.78
2033.33
2481.73
3420.67
2831.42
3137.25
4871.49
1788.44
3050.17
2134.25
2969.61
3081.71
5224.61
2639.04
3387.79
1891.22
2027.95
4634.67
2662.97
2699.49
3929.61
1789.25
2276.48
1748.94
2647.87
2096.44
3057.02
4991.32
2630.69
3578.53
2050.14
3028.8
3008.02
2026.68
2124.8
2601.29
1798.25
2183.95
2354.03
3008.06
2433.72
3578.43
3229.08
2431.1
3110.54
1981.04
2108.78
3070.93
2833.14
2860.64
3126.25
3564.64
3769.04
2467.15
2554.25
1885.94
2962.84
3792.5
6820.2
2848.66
1872.78
2606.02
2845.97
3763.96
2602.51
4883.54
2195.04
1942.25
1805.14
3203.16
3448.62
2343.95
1976.04
5716.47
2377.63
3515.2
4406.47
2325.65
2410.57
2638.42
1969.25
5205.9
2965.91
2459.56
3650.02
3032.05
2213.93
2605.6
3601.5
2455.52
2696.06
2418.98
3554.01
9667.09
4435.72
2291.31
5613.44
1706.45
2070.64
1927.1
3069.99
3601.7
2039.69
4123.13
5825.04
2239.03
2316.2
1607.46
2066.82
2820.02
2506.83
2841.74
1977.59
4004.29
3002.33
2903.5
6547.03
3349.19
1572.67
4969.37
3764.73
2720.92
4320.77
2864.74
2736.46
2991.6
3513.37
5443.01
4570.15
2210.73
5031.5
6832.96
2177.27
2321
2610.27
2620.42
2383.88
1823.88
1706.34
3236.57
6159.36
6866.34
2987.38
1972.55
2654.22
2705.02
1806.51
2871.02
3291.23
1891.18
2773.76
2068.43
1839.24
2763.53
3558.55
2388.57
3269.37
3047.52
1719.27
2449.07
2860.67
2774.96
5750.02
2021.23
2834.74
1983.11
6505.49
2567.74
1746.07
3201.26
2598.51
1980.01
3105.05
2795.25
2508.81
2499.02
3604.26
2146.48
2904.83
1462.95
8480.7
5278.83
4482.36
3721.99
2933.02
2992.99
1680.39
2645.17
3053.7
5636.46
2619.81
2770.37
1893.81
2208.22
3453.75
6252.86
3104.44
3546.29
2394.95
3130.02
2256.73
4775.26
2031.05
1802.5
1778.3
2820.02
2733.49
2565.43
2278.13
5544.51
1796.93
4820.14
5827.86
4891.8
3009.24
2844.51
1971.94
2631.42
4579.83
4747.39
3434
3762.4
4537.48
2100.17
2808.07
3459.73
9159.16
2383.99
1800.85
4334.92
2921.23
3343.34
4017.15
1773.31
3062.28
1964.56
2857.44
2610.61
2617.62
2582.84
2828.16
2642.69
1692.4
6064.91
2173.07
3251.17
1476.67
1807.65
1971.21
2565.78
2648.94
2588.39
2355.39
2904.58
5411.38
1518.48
1531.84
5905.21
2189.87
2626.35
1845.07
1854.94
5445.84
2497.22
6491.28
3377.35
2656.36
3965.71
2066.74
9562.59
2398.55
2528.33
2882.32
2840.53
4727.97
2221.39
3035.8
2580.65
4373.08
3412.48
2956.69
3025.92
1710.32
2114.08
1697.5
2542.75
4823.7
3016.42
3800.87
2202.32
2715.59
1928.24
2447.99
2214.3
2085.11
2181
3868.09
3631.63
2955.04
2646.51
1881.91
2380.25
1927.78
3698.87
2404.24
3514.36
5452.77
2448.38
3078.25
2582.17
2640.18
2090.66
3596.94
5452.23
2287.52
3354.55
2624.3
2557.81
1515.52
1823.54
2456.69
3605.41
2876.17
1886.82
3280.08
1679.82
2576.39
1862.32
1802.06
6707.89
3685.23
1702.39
2696.93
2378.72
2140.99
3081.93
3852.82
2869.42
2326.66
1645.7
2661.44
2490.39
2978.89
2039.31
4732.87
2721.6
1649.99
2303.96
3024.85
11386.3
3174.2
4307.34
4956.85
2343.19
2143.35
2398.43
3533.08
2023.22
2723.2
2255.31
2978.14
2378.54
1470.16
7005.58
5055.78
3825.19
1940.85
4170.68
2389.6
2039.12
2047.76
2522.03
3004.43
1776.53
1860.9
2361.62
3667.43
3906.08
3994.21
2911.25
3073.9
2597.42
2981.44
2973.29
3085.85
2281.72
3151.44
1743.74
3037.93
2213.89
1730.56
3258.61
5515.69
2645.59
3189.99
1713.74
3189.95
2063.18
2649.52
3237.62
13225.8
2035.72
2801.96
3596.27
2709.19
1984.43
2104.45
2534.2
2370.26
3278.32
2870.31
5043.8
2144.56
2861.58
7817.74
3454.7
3252.71
3432.59
5783.84
2761.06
3116.55
4095.51
3466.25
1693.48
2645.65
3810.83
3049.23
2175.28
4843.92
4812.5
3059
2166.72
2448.56
2114.68
2461.6
7129.12
1635.34
3830.9
6301.42
3224.76
3742.54
3001.73
2278.44
6147.05
2109.43
1571.25
2264.22
1894.1
2081.48
12102.1
5062.87
2947.79
3296.1
3324.63
2850.45
2365.88
2953.36
2376.67
10714.1
4741.92
4428.9
2934.41
2019.87
1452.97
2277.33
1983.51
4268.19
4890.73
3868.72
4660.77
2203.96
2487.33
4100.52
4843.98
6241.93
2260.56
2027.96
1621.54
1979.29
3654.68
3177.56
1367.49
1914.35
2872.69
3120.92
2551.93
1816.5
2285.42
4756.07
3138.74
2696.89
2234.82
3950.02
1889.98
2036.77
2586.55
2699.61
3921.54
2076.07
2256.91
2963.22
1930.86
1910.61
3662.14
3877.65
2876.69
2432.48
2262.23
2645.91
1707.18
1904.47
2212.29
4192.5
2742.24
1864.35
4069.72
3857.67
4716.07
3644.95
2390.39
2933.71
3693.74
3829.39
1766.4
2203.52
2859.86
2768.88
3337
1784.22
3708.48
7439.62
2931.17
2860.54
2877.56
1788.45
4668.93
1773.64
1820.86
2994.49
2529.49
3866.62
1455.63
5324.67
5518.58
1765.88
5958.07
1675.63
2793.86
2767.13
1452.54
2730.93
2353.38
3650.32
2197.19
3068.36
1875.23
5316.84
3640.74
2079.35
2131.34
1800.19
4417.59
2501.15
2080.28
4070.24
7710.24
2402.66
2816.17
3065.77
1455.2
5872.92
2404.97
6439.94
2274.02
6216.94
2893.07
2132.31
3542.77
1746.39
4637.28
3871.31
3594.08
1921.41
2529
3680.46
3920.41
2001.18
3312.64
2014.5
3868.47
3972.37
2042.83
2440.58
2178.65
5464.39
3140.05
2206.73
2450.43
2512.12
3844.15
2106.58
3273.59
2305.72
1935.2
3924.38
2860.15
2276.43
2115.8
2254.21
3277.97
1954.49
5606.05
2640.78
5466.23
2153.43
2609.17
2586.77
3594.8
2551.36
2615.74
1969.64
6178.53
2338.46
1996.89
4679.71
3575.69
2930.67
4766.38
1668.21
3909.85
2125.3
2380.15
2082.62
8171
2890.22
3733.36
1925.69
2288.21
2947.41
1806.57
2893.88
2810.84
2950.82
2881.69
2183.9
2233.67
2639.38
2667.99
2606.41
5919.58
4635.03
2974.61
1833.65
6466.51
2069.86
6906.47
2354.26
2180.29
2561.2
3982.21
3512.57
2645.48
3270.08
2280.5
6895.42
4321.88
3507.13
2557.45
3096.13
4206.88
2069.98
3757.19
2422.66
2925.84
2824.4
3505.4
1926.97
4968.58
3740.83
3017.87
1992.86
3712.56
3244.85
3400.23
2104.67
2018.49
2799.26
1999.57
3482.25
2136.41
1937.74
3402.07
2188
3766.27
2301.94
2466.76
3309.33
2999.35
1659.57
3564.62
3841.89
2875.38
2225.24
2532.79
2540.14
2967.5
1936.25
2406.7
1795.14
3673.35
2515.73
3000.16
15077.3
2732.78
2700.23
3527.42
1673.9
2844.7
2154.17
2364.54
4082.01
5335.65
2473.3
1858.78
2478.97
4844.05
3060.91
2749.71
1995.86
2230.32
12517.5
3077.73
2438.53
1963.07
7094.44
2648.57
8810.45
2971.99
2555.83
2313.66
4572.59
3743.14
1992.86
2953.07
2918.64
3565.71
2297.01
2840.36
2584.22
5863.15
4004.83
2730.2
2467.05
2310.73
1852.76
2227.28
3168.57
2203.65
3536.78
5027.14
2637.75
2360.42
2955.36
2334.36
3520.97
2060.83
2928.38
2702.85
2162.47
3045.45
2253.69
1926.65
4558.74
2456.43
3588.69
2912.96
8748.18
3161.99
2138.9
3131.61
2480.51
8917.05
5240.88
3795.62
2201.72
2743.73
4520.15
2200.1
3094.61
3281.22
2650.71
1257.14
3196.04
2169.05
2414.58
2755.14
2431.68
2578.69
1953.21
2060.9
1937.14
2343.13
3923.83
4249.83
2865.52
2276.85
1989.65
4357.86
3805.21
4384.09
4401.74
2248.87
3954.39
2359.58
3412.67
1819.49
2708.4
2398.04
2759.64
3400.96
2925.84
1898.22
2766.27
3131.49
14928.5
3081.01
2067.41
2512.37
2273.38
2619.15
2943.57
1864.58
1932.85
5033.82
2265.01
2845.71
2632.03
6467.05
2087.84
2394.86
2304.54
2731.87
4209.87
2994.01
4022.5
2152.82
5532.45
4376.82
2935.45
2559.87
3465.6
3551.91
1754.23
4564.95
5020.45
2758.93
2748.11
3401.86
2561.9
2872.14
5204.26
2535.24
2139.05
6669.51
1603.04
2501.17
3857.49
1744.24
2387.69
3086.88
4219.44
3223.59
2960.62
2156.64
1753.45
3887.12
3800.79
2321.46
3158.32
3969.9
2752.26
3239.48
2929.7
7843.43
1874.31
3518
2289.46
3149.14
2241.07
1782.28
4241.69
7219.45
3390.86
2431.75
3718.23
1974.95
2219.36
3052.62
8142.19
3994.93
3651.56
3290.53
2976.57
3302.75
3371.83
2042.9
2537.36
1786.88
4227.38
6366.1
3330.82
3595.61
2357.53
2379.13
2813.45
1785.23
2045.98
3978.57
2945.12
1705.48
2544.35
2431.58
3905.05
3576.27
2943.01
3146.74
2663.51
3226.99
1580.26
3094.83
3019.49
4854.09
6067.99
2577.2
1817.54
2267.23
3760.24
2440.37
4939.71
2224.37
2138.46
3225.79
3711.56
2452.63
1632.15
4195.25
2669.27
2768.38
3275.92
5059.76
2080.12
4054.45
3611.97
2598.64
2738.58
3269.02
1746.9
2851.15
3522.33
1811.47
2357.24
3098.27
2961.71
3857.63
3558.75
6884.61
8536.35
1842.89
2851.8
8943.98
2167.41
2865.81
2780.62
4086.45
4977.23
2141.55
1655.54
2567.33
2890.31
3898.18
1521.83
2381.58
2407.04
2337.24
1988.45
2943.82
5605.25
2340.52
2785.72
2124.25
4503.97
2202.48
7634.04
3294.52
2317.92
2952.09
1984.59
3483.08
2132.93
2916.53
3131.48
2452.97
2603.55
2065.72
2843.51
2494.91
2760.93
3212.19
3596.31
4022.45
2925.66
3445.49
3222.99
1579.36
1651.32
3196.13
7016.85
2018.24
3272.24
2710.89
1675.58
2880.18
4042.28
2112.53
2789.14
3070.12
1957.63
3188.67
1925.71
2295.81
4020.97
2109.04
2233.91
1704.9
2941.79
2885.84
3929.63
2795.53
2364.89
2836.64
3554.57
1723.55
3949.05
2312.19
3727.86
1516.3
3039.51
5529.1
2219.02
1733.69
4861.77
3002.27
3627.33
2990.62
2484.58
3453.13
2191.72
4894.99
2383.49
13097.3
2570.53
5261.55
2046.56
2809.85
1963.31
3524.53
2957.6
2343.61
2554.45
1249.88
2522.13
8405.84
2235.16
2890.79
3250.21
10276.9
2362.99
3125.85
1896.23
2075.85
2162.07
6295.77
2609.34
5561.37
1997.44
3098.22
6456.14
2913.2
3107.23
2615.86
4181.24
1906.87
4608.53
8853.2
2424.57
1979.19
7779.05
1977.99
2375.97
3415.2
7358.15
2474.42
1988.85
3220.24
6610.19
2637.99
3609.17
2119.42
2999.49
2448.02
3999.06
2561.39
4658.14
7450.32
2864.49
6432.66
2449.76
2264.33
3156.39
2174.03
1954.04
2835.4
1581.39
3383.06
4005.21
3242.59
2111.37
7082.99
3181.4
2004.39
3494.54
2851.67
2921.88
3747.44
2863
3647.31
2460.47
2612.24
2613.51
2139.38
1287.66
2668.16
2525.16
3877.3
2759.83
2975.03
5936.66
2878.45
3019.75
2554.95
2045.34
5325.3
3779.2
2377.49
2869.43
2311.27
3396.44
2471.94
2926.67
2268.1
2774.59
2099.84
2892.11
1813.91
2645.59
4094.98
5982.96
2325.67
4804.73
1706.7
6072.87
1665.6
2744.78
2784.17
2018.07
2901.41
2499.98
2926.9
3767.15
3534.26
3025.51
1735.24
2904.93
2334.83
1376.3
12977.3
3902.1
2140.63
3047.96
3828.42
2471.56
1884.98
1757.43
5558.02
3329.62
3260.61
3851.23
4895.43
2659.04
2492.97
1912.98
6225.42
2077.62
2185.2
3919
1635.58
3047.09
4850.6
2625.94
3191.41
3118.36
1759.63
2745.54
2396.6
2474.61
3241.1
3167.16
2197.29
4133.64
4218.27
6963.51
3051.05
4455.67
3162.75
2805.58
2740.36
2171.86
2551.22
2728.94
3958.01
3083.18
4361.86
3820.01
2243.01
2540.15
2203.74
1902.14
1718.38
1512.16
3676.45
2919.81
3075.28
3004.67
3799.82
2424.09
2498.53
3831.98
2759.29
3778.14
3842.27
2143.44
1919.42
1630.14
4992.03
2437.2
1607.46
2256.24
3816.47
5376.95
2198.11
2843.27
2210.44
2029.5
2607.61
2364.1
2162.6
2087.54
2359.34
5472.92
2685.54
2023.05
3547.48
1592.84
3406.77
4106.41
4929.15
3872.35
1986.15
3619.04
3022.04
1884.28
1879.54
3962.92
2642.86
2227.29
6665.99
1964.8
2980.55
3146.04
2810.59
2093
3383.32
2420.94
2680.06
3652.06
2512.17
3790.92
3356.53
2081.68
2627.21
2149.55
2841.34
7273.77
5870.55
2276.38
2582.36
2198.52
1692.89
6044.37
3583.2
4496.69
2851.6
2650.98
3324.12
3509.49
2227.58
2788.42
2660.92
3442.72
1938.84
2073.82
3562.2
2278.77
2559.02
5837.98
1985.81
3250.4
4194.63
2787.48
2633.7
2036.53
5725.53
2200.38
1589.67
4150.85
5059.45
4824.73
2462.7
2394.48
3079.11
2782.23
3927.57
10785.2
5921.11
3009.84
6020.16
2713.32
3506.21
2968.59
2425.06
3841.28
1825.18
1999.47
3650.95
2141.79
2448.72
2731.37
2532.14
3126
2267.17
1972.5
3232.48
1725.71
2803.14
1453.33
3189.79
5487.1
3653.9
3296.23
3778.55
3707.22
4522.41
2059.75
7025.77
4418.76
2546.97
3441.59
2492.27
3289.09
1808.72
6025.15
3189.42
2552.06
2296.82
1982.45
6149.7
2139.48
2090.44
1647.51
2312.53
5534
3326.17
2887.87
3364.82
1933.2
2636.64
2660.04
2115.41
2565.21
3532.23
3440.61
2815.68
2542.59
2205.62
2014.13
2953.81
2058.65
3968.95
5925.2
2969.57
4015.2
2143.57
4037.76
2682.91
2747.56
4392.31
2002.19
1753.79
3234.82
2912.15
2498.2
3467.74
1825.47
3715.7
4697.33
1986.55
1438.49
2031.88
8479.35
3280.3
1816.27
5223.68
1730.7
3885.73
4375.45
2557.7
1625.87
4931.09
2106.37
2749.69
3206.07
1985.36
2653.64
1585.55
2422.71
3693.5
4477.15
2624.03
5714.49
1813.26
1392.14
3132.13
2943.6
2147.56
2482.28
1904.95
3882.94
2172.34
1473.72
3573.87
3884.62
2483.96
2010.77
2127.98
4124.73
1903.87
5411.57
5066.81
3198.48
8725.69
3641.47
3041.93
4562.08
1493.8
1689.25
2979.22
3062.56
2411.57
6951.84
2823.34
1776.95
2650.32
1589.67
2006.65
1829.05
2347.93
3203.82
4616.88
2743.83
2135.56
2697.24
2763.37
6000.74
2180.83
2384.06
3980.99
2222.84
2880.89
3056.64
2324.63
3430.31
2224.65
4366.19
3424.14
7740.49
2500.67
5781.29
2133.04
4313.91
3284.89
2463.75
6409.88
2799.62
2205.39
4308.65
3261.79
1665.1
4451.56
1669.14
3140.76
1834.28
2088.25
6043.17
2834.19
2017.09
2039.41
3508.06
2599.94
1899.02
2177.25
3415.86
2273.61
3637.78
2725.96
2833.44
4363.71
7971.47
3667.58
3185.62
1931.38
2712.84
2054.85
2578.77
3184.72
3868.68
3029.44
2415.35
2428.2
1947.38
1614.83
2066.93
5950.3
1764.01
11396.9
2100.05
1896
1877.38
6332.71
8723.51
2302.21
4363.32
2664.62
1400.4
1962.97
2036.94
1329.77
1663.62
2158.39
1930.62
2430.93
2977.05
3624.64
3007.53
1969.59
2517.43
2072.36
1654.61
2827.57
2684.3
2848.58
1383.86
4228.46
4124.68
2558.09
1961.62
1886.5
2656.27
3342.71
2503.42
3991.1
2821.85
1529.1
3859.09
2056.08
1784.87
2308.8
2384.57
2144.64
1871.69
3162.01
11594.8
1874.45
1982.03
6985.31
3054.3
2585.01
2355
3358.73
2465.24
2227.2
2071.83
2594.4
2421.87
3331.97
2587.63
2448.31
2166.23
4109.54
2727.1
3664.16
2184.03
2991.81
3168.26
3634.69
2530.15
4484.33
1898.1
2326.81
1867.18
3430.27
2009.25
2132.23
1679.7
4226.72
3405.28
2889.91
2959.52
2085.08
2874.81
2589.22
2580.8
2666.81
1997.65
3710.83
2479.44
3969.01
2598.98
2358.75
4600.82
4504.97
1846.84
2448.15
2143.91
4046.93
2285.21
2547.94
4164.48
1797.89
2182.23
2425.51
2193.09
3201.63
2935.25
2571.32
2507.57
2495.88
1545.63
3953.1
1976.13
3110.22
1807.03
2617.17
2493.73
2037.15
2568.62
2883.88
3453.78
2025.23
2948.93
2175.24
7268.1
4316.07
3474.31
1765.98
4192.89
2687
6602.94
3508.98
1697.93
2895.16
2091.31
1744.04
2108.71
1909
6137.35
2076.68
2881.7
3245.86
2843.98
