9704.25
6753.64
5784.35
4568.34
4528.09
7941.53
4285.95
6728.22
6132.8
9586.99
5577.3
7857.08
3420.01
5678.28
4792.29
7789.67
9851.62
11232.9
5236.41
7086.28
5152.73
10497.2
5925.76
5333.35
6650.03
14543.8
17450.4
3530.69
14265
9118.96
5770.78
5810.21
11519.3
5774.97
4844.25
6464.1
6105.24
7290.85
8532.91
8197.83
10498.9
6137.73
7326.48
6851.48
8295.18
5482.91
4169.21
6824.79
4900.33
5745.23
7753.89
5239.29
8035.32
5475.75
5639.39
10864.7
11799.1
6557.22
11656.1
16830.1
10396.3
14172.3
10105
8193.61
11684.1
5663.42
7241.55
9667.63
4882.4
4356.92
4614.7
4713.07
3570.02
10947.6
14596.9
5199.24
17821.3
6186.3
4326.63
5451.32
5263.42
8033.57
5383.89
12178.1
22085.7
7912.63
7633.11
5441.88
5843.75
10504.1
7687.34
6817.91
6652.18
4297.08
5110.04
4411.53
5868.54
16540.3
6338.73
5237.13
14810.8
4808.53
5368.48
6263.97
6460.2
6121.39
5924.35
5854.88
11255.7
6355.53
5473.71
8169.04
4845.7
8719.61
5926.57
14877.5
5995.77
7919.67
7580.38
7253.22
7135.78
7055.96
4042.34
3643.16
9592.65
7983.17
6586.15
5301.29
9717.49
7819.41
14299.6
5264.37
10972.6
5323.58
13464.3
5217.94
5372.04
7856.6
4051.21
5412.76
8210.66
8781.34
4945.82
11545.7
5494.06
35424.4
5103.13
4280.18
3717.67
9713.04
4328.42
10472.6
5330.12
20851.9
12581.5
4502.06
5824.43
6378
6173.46
5871.29
6606.03
10671.3
5112.77
7832.62
6874.24
9296.73
7341.81
9696.21
3326.74
19367.6
8868.72
4506.31
8625.69
6913
9268.75
4395.65
6480.2
8155.08
8195.29
12206.1
4958.89
10529.5
5128.91
6160.99
9436.44
20656.9
10722.5
5810.7
4901.73
5318.36
13890.1
8117.45
6732.77
6284.03
8494.99
3637.56
7324.63
12278.3
5103.72
6339.8
11819
5860.73
6828.61
5031.97
8319.01
4540.14
7505.59
4643.35
19511.8
5762.94
7510.35
6461.94
16323.1
3689.36
21941.7
4493.84
7073.29
4457.01
16736.9
5452.65
7097.51
7164.86
9292.67
5027.98
8562.02
5712.08
6359.02
11962.4
35948.8
14592.6
5799.68
11130.7
6695.1
6721.14
4316.66
8131.13
16759.1
3406.45
6804.5
4097.55
4555.84
5674.78
13809
8480.46
4337.77
6215.49
4623.93
5364.94
4812.21
15006.3
5438.4
4644.87
13695.8
4929.66
8423.38
6242.51
4091.81
10248.5
5721.67
7548.74
3671.19
6777.1
4526.96
9333.48
21158.2
6468.38
5707.86
4292.15
5897.07
9072.87
4574.3
6421.68
4200.86
5372.34
5465.3
8398.87
5053.3
4031.34
7226
7033.32
3556.64
12468.6
4591.74
7897.41
4793.45
4143.78
5380.87
13268.9
16636.1
4361.67
6077.35
4432.91
11895.1
6504.1
9506.94
15093.9
5340.55
7090.07
9131.55
5489.15
6798.02
6355.52
11957.7
6083.62
8176.74
7311.42
4724.23
9820.63
5607.19
6334.87
7908.37
7555.47
8223
4268.87
12140.7
5299.54
13638.3
8761.59
7000.4
4955.11
31588.6
12939.7
8006.13
9341.06
3794.27
12855.8
4463.63
3735.95
6337.98
9781.59
22218.2
7172.27
15121.2
6520.61
8559.77
4687.9
7455.93
4685.94
4625.14
5701.4
7076.88
7789.4
16863.8
4369.02
3388.01
6891.79
10587.4
14247.3
6446.56
5852.5
6331.85
10333.2
10955.6
13054.2
4928.5
10509.6
5473.87
4755.45
8240.4
4406.91
8318.82
7912.86
7531.5
5621.78
11532.7
6501.39
15940.2
6766.27
13004
4957.77
7310.8
4966.53
16775.8
6983.44
5575.83
14602
4002.33
4736.02
6235.54
4226.55
8649.4
22645.6
8432.19
6530.88
6621.24
7641.67
5574.27
12114.8
4421.3
10411.1
6313.6
11976.4
3920.72
17109
4112.07
5731.27
3624.9
4397.4
7014.36
12289.8
5534.74
6927.9
6782.84
10059.1
4882.01
11629.8
5095.18
15345.6
5499.55
10362.1
4845.8
5659.84
5558.14
9891.96
8414.14
3868.7
6452.26
13955.2
7721.31
6225.99
7672.44
9522.37
5234.23
6731.98
6583.69
7350.44
11853.6
5446.65
8563.86
4105.55
5547.26
4653.1
8939.8
6796.18
5926.73
5301.81
5636.1
5495.52
16772.1
9889.86
12528
17911.9
6144.13
4646.57
5213.25
6602.11
11087.3
3407.79
4382.97
5164.51
6177.06
9559.44
9793.98
5049.99
5092.24
8333.63
9399.72
5989.97
4247.34
9316.92
17757.1
4502.33
6085.62
8824.53
4817.71
9086.97
8116.59
5706.58
6786.38
9802.06
4995.87
5124.71
7877.44
4565.38
5571.42
6917.25
5939
6092.8
5960.26
10495.3
7851.41
10340
5761.34
6987.05
6360.5
6443.21
9634.93
6065.49
6687.92
10190.9
7134.98
7508.06
21138.7
4602.25
3941.17
5887.51
8209.24
8203.2
4432.78
4380.76
7267.35
14393
8015.24
9681.01
16892.5
8802.01
8685.81
11530.2
12363.4
10655.6
5432.02
7209.31
7242.78
11657.9
5903.83
4030.75
6328.32
4662.66
4833.1
3502.4
7065.53
15235.3
6443.72
7335.79
4136.66
4963
6953.26
8071.95
5743.38
4911.41
7420.53
4414.7
9991.45
6992.03
5088.91
5223.29
12537.2
4290.52
6515.6
5371.31
5717.32
8047.84
5680.32
5771.73
7361.94
5033.13
5761.59
7623.43
4897.7
37183.7
5540.65
10268.9
9696.27
5916.8
4627.13
5938.88
4537.96
3685.93
4894.2
6641.01
5880.14
7186.19
5967.06
5586.73
7008.79
5091.96
3943.64
5466.11
8532.95
7626.24
5082.96
7337.88
5206.2
5514.39
7080.59
9014.33
4752.98
6849.56
7266.89
7878.05
12408.1
7235.44
12633.4
3946.88
7769.85
5551.04
4858.8
6273.05
5105.34
6502.68
6622.83
9614.39
9733.52
6756.96
10137.3
12452.4
27888.6
6806.95
8429.3
6557.94
7738.04
3979.34
4836.92
6317.66
9239.26
9184.63
5510.84
8876.69
9031.13
6760.89
6414.68
9883.02
6878.83
6920.54
3982.44
6641.58
6763.73
20353.4
4413.65
7580.52
5565.24
7569.58
10277.8
9328.36
17814.6
9833.79
5014.88
7444.78
18416.1
9547.09
4802.16
6451.67
5242.03
7655.91
13943.2
9905.15
5629.56
4482.62
5086.8
5607.43
9203.68
8097.03
5869.05
5097.46
8765.08
4181.72
5069.35
5526.75
3402.29
12321.4
6829.3
6807.46
7696.81
5138.8
5808.23
9458.82
6037.29
6793.32
6392.54
4136.55
13903.4
4917.66
8760.46
5082.71
4731.54
6607.34
16656.7
6862.34
6746.45
11806.9
4696.61
5368.63
5946.5
7082.2
5261.72
5953.45
7191.95
5354.73
5080.96
10213.2
12171
7431.8
12867
7110.75
5681.46
6152.03
9088.68
8408.31
11550.7
12659.1
6362.94
9765.77
6190.43
15439.8
9524.52
4739.27
4571.43
6990.26
8042.38
5749.07
6142.21
4539.86
8403.08
4522.16
6820.91
7795.79
6906.75
4104.17
3929.34
5911.16
4634.15
12029.5
9264.52
6297.74
4715.01
3591.25
4701.74
6509.87
4884.79
8402.18
10810.4
5732.32
3866.34
8097.28
9339.94
11412
7412.32
24229
6040.04
8694.27
5518.24
15791.6
10161.9
17552.2
4547.1
5533.26
9113.11
5627.16
12439.3
7022.52
6176.06
8871.43
9063.52
6582.63
6687.33
9238.52
7045.79
4566.31
4711.22
5206.8
8922.34
7630.42
10758.9
4318.73
7152.59
3988.82
8256.71
10645.8
10816.1
5370.03
14565.7
4608.67
4608.7
13872.2
8297.41
6994.43
7508.49
9928.25
8273.74
4668.04
5494.69
18001.5
6258.49
4519.38
8781.87
5441.13
5411.45
7210.72
4168.29
7847.31
3827.8
6388.66
5965.2
6761.37
9179.93
7221.61
6022.32
6136.29
5375.2
10830.4
6877.64
6715.35
6706.4
3597.1
5492.44
5479.91
11056
4191.36
8118.16
2966.79
10356.8
7627.79
8032.84
17658.2
6558
8494.75
5598.55
15367.1
6799.07
9076.42
5649.92
3915.4
7882.63
9249.28
5211.41
12782.2
6727.35
6140.54
7595.78
16353.8
6064.02
5634.42
9757.11
6026.38
10457
16386.5
3930.98
5280.71
12355
7565.19
4085.05
3956.47
8247.96
5364.41
8397.49
3218.92
6649.15
3463.23
7320.23
5519.18
7807.62
4233.34
12065.4
7332.41
12709.4
10301.5
6033.27
4450.87
6835.18
5054.64
7735.01
5309.05
11122.2
6188.97
5819.49
8982.67
9092.07
6636.84
7515.01
4974.32
4612.5
8873.96
15766.1
7436.64
26161.6
5886.54
8344.33
5628.81
9948.13
4295.01
5721.21
6110.77
6430.24
15042.8
7375.69
5110.87
3968.46
7664.88
6812.78
7634.81
6604.84
5802.79
11113.2
11922.9
4618.69
6208.75
7562.61
8269.76
13712.6
5506.76
5235.26
6432.66
5004.55
5469.03
8489.84
4939.5
9623.65
5125.18
8942.54
5066.78
5933.36
6731.82
6202.95
6631.56
8505.83
8306.2
8446.2
8224.18
7871.69
2840.35
8671.25
11771.7
5102.95
4540.96
32880.8
6020.82
13584.3
6692.43
7599.15
8158.93
6641.07
8374.78
8018.13
5759.67
21169.6
13597
8570.58
20766.1
6432.08
13045.5
7736.52
4611.2
5044.7
6568.15
13740.4
5495.54
9315.17
11927.3
9027.63
4269.62
7322.01
5857.45
5754.56
10141.7
4775.91
9092.63
4871.45
5633.85
7246.63
5272.79
3988.35
9069.81
4186.16
4292.1
7554.02
4266.01
8997.52
6653.92
6825.58
7759.98
3883.01
4672.01
10194.4
6327.99
9598.44
7915.59
7217.26
6103.26
6388.64
5252.22
9923.62
5025.1
4423.1
3894.37
5508.75
8995.27
6792.08
8620.83
7610.95
6387.47
5005.95
5708.57
9166.95
7086.7
13266.2
14637
5819.67
4706.82
14127
7034.56
6116.87
5940.73
10646.8
5049.75
5255.2
12983.9
6881.57
12016.4
8268.46
5279.95
11649.4
7406.79
6526.43
3273.58
6191.87
3917.15
4672.26
7075.15
16243.7
9608.7
14856
6875.67
4726.3
5967.35
10774.4
5431.63
5452.21
5777.97
10315.3
5808.78
4201.06
5279.89
8213.82
6825.86
26925.7
5356.52
7395.57
4036.89
6937.55
10192.1
13899
8130.84
6119.07
7077.99
5572.18
6042.77
10262.1
6457.84
5006.81
10707.9
5794.09
5777.34
5218.18
8702.97
7226.64
7327.4
3954.95
5717.55
6082.88
9785.13
7866.51
5037.97
4126.43
18825
7240.6
5757.94
6656.91
12794.9
11764.8
7223.1
8519.44
5110.33
10954.1
11593
4844.84
7882.09
10504.3
7123.31
5851.84
8479.1
5325.43
6829.74
6847.63
6725.4
6436.49
4425.21
4779.93
11917.9
7041.97
3632.76
4536.94
13995.4
4997.1
12483.2
4646.18
5351.05
8791.97
5986.01
4029.26
3267.19
12421.1
9320.11
4622.75
6500.47
4756.03
6398.43
6052.37
5721.95
8438.02
10492.1
12427.6
3785.47
11998.1
6319.06
6479.5
4815.34
6212.16
3679.01
9077.66
4928.02
7012.35
11866.7
5299.71
4160.64
6783.2
5676.42
5027.94
11147
12021.9
9964.12
5155.98
6208.28
4693.91
9018.84
7386.89
5915.91
20180.3
6760.12
11717.8
4408.18
9383.42
12615.1
6315.5
8627.36
4793.19
6428.36
9058.1
7747.93
5998.74
5640.37
7704.78
7050.84
5596.66
5720.36
5265.04
8642.96
6653.86
8428.64
4431.53
8963.21
4441.7
7400.24
8501.34
4790.13
6541.38
8868.36
12348.7
8647.55
6031.14
4932.08
6202.97
8531.25
4049.15
9829.4
7161.78
10371.8
4129.17
6826.87
10298.6
5175.17
6872.45
3853.12
9397.02
4582.83
5520.17
10188.9
7001.01
10468.4
11508.1
5919.28
11131.5
8620.03
4800.85
5584.22
3966.25
7873.63
4944.06
6274.27
4720.59
16457.1
3666.89
10510.9
4980.95
11167.3
4884.43
11386.6
5413.64
7870.31
5908.12
9063.96
4195.04
7347.6
6582.55
8258.27
7467.95
8093.11
8147.31
3880.08
8572.66
12414.9
5174.9
8520.1
5190.39
3918.87
8519.53
11796.7
7243.16
6093.18
5177.06
6252.16
4663.28
17221.8
5938.17
9809.59
6007.81
8749.23
6502.98
8061.61
4533.54
10526.4
7700.27
6538.4
8686.42
5069.23
5913.89
6600.43
4547.02
8273.2
6539.43
6891.3
11318.4
7346.56
10169.1
9195.95
15170
6029.69
10030.1
7936.62
4738.17
9842.29
7740.85
6240.47
11506.8
3545.85
8992.33
13138.5
7529.43
7310.23
6291.73
5780.46
6572.75
7825.36
5284.08
6497.45
11631.7
7758.81
17624.7
6527.3
6121.29
8980.32
8369.04
6716.44
19073.1
4096.62
5448.76
15685.2
4827.63
2949
3581.66
8580.02
4715.3
7172.36
6085.6
8043.36
9155.17
5906.82
6769.38
5466.82
5120.22
5954.87
7577.72
5620.65
5580.58
7309.64
8198.09
9096.57
5688.57
12551.8
4537.67
15034.3
5864.46
11652.4
6040.61
5903.42
12871.6
9131.75
9739.9
6879.2
5590.05
6881.34
5138.65
8683.58
5458.49
5697.46
6918.53
4836.52
5573.42
4474.21
5202.91
5439.84
7171.52
11975.7
17375.6
5269.3
6489.27
9721.12
9489.12
5983.56
6311.78
6740.57
11240.3
8814.18
8425.62
11281.5
5986.22
6956.98
8036.98
5031.99
11305.1
5200.49
4442.14
4125.61
6454.74
4855.4
8116.64
6904.53
5546.97
15574.3
17817.4
4953.21
7265.94
9919.68
5796.22
4917.93
3323.98
5661.86
6736.57
18737.7
8103.64
5955.16
3469.39
6637.66
4998.09
18228.4
10546.8
5827.57
8346.94
7971.38
8585.36
4338.86
15238.7
7766.49
10925.4
5694.06
11035.7
8127.07
4272.95
7541.43
6246.28
6557.89
5975.54
6366.41
12044.2
4540.01
5161.83
8988.61
5420.49
11860.3
7328.88
6770.54
5982.1
9774.74
7121.31
4481.87
6636.17
11710.1
6196.16
17814.6
12547.7
5508.94
14177.7
7334.76
9472.28
14108.3
18198.1
5710.38
5025.23
6411.52
15471.4
6038.3
6302.66
4838.03
6188.6
4726.91
5226.17
5713.93
14287.4
6310.95
5506.52
10862.5
11668.4
5957.47
6081.74
4480.97
4807.27
6804.16
7634.14
8538.76
21880.1
7048.36
8967.29
8156.86
6584.61
6769.9
9057.55
4957.49
5371.77
7620.87
4278.92
20341.6
6691.44
5168.34
6196.44
6056.74
19378.5
4586.27
8288.92
4233.06
12628.2
4588.2
11795
6036.54
8929.06
3311.23
5863.23
9086.64
6500.29
25920.1
5093.79
8299.95
3471.2
3710.65
6816.26
8801.65
3446.33
10685.7
13587.8
7703.92
3495.45
7756.75
6534.3
5147.79
11700.2
8937.01
5145.7
6243.16
10187.6
5183.79
14288.6
6252.7
5520.57
6335.38
22468.1
7814.42
5814.65
5079.3
12756.5
3997.23
9448.93
9580.32
6470.19
6071.88
12482.5
7796.8
8405.67
11500
12844.3
8347.3
3688.9
21588.3
7596.88
8364.96
4366.85
7291.34
8742.98
12967.6
4105.83
8162.54
7036.22
6124.05
6188.5
7521.63
6657.76
7508.62
4453.53
4037.29
3995.54
8766.9
15994
12510.2
13874.3
9156.93
6857.93
4713.46
6641.86
5183.7
5103.25
9942.87
5818.64
5190.58
15468.2
3792.26
7482.53
3723.56
13664.9
8954.32
5828.56
9009.96
8319.98
3906.76
7302.44
7536.02
5660.2
5724.66
6601.84
5336.94
10711.5
6244.8
11990.4
9823.79
9791.75
8588.29
5617.17
9301.52
11007.9
3047.12
16933.1
6722.79
23766.2
14700.6
4444.51
4838.93
5005.69
9942.14
6026.26
7657.15
6888.96
14776.5
5342.57
6574.93
7722.98
4376.58
8867.68
8675.31
4162.49
3476.2
10425.3
8236.96
8371.05
6163.06
16109.2
10493.9
5163.44
6661.52
6511.67
9450.9
8583.33
8109.26
9486.94
16481.6
6071.27
12681.7
8485.72
8412.95
7715.57
10096.5
8811.7
7043.16
4226.39
6381.19
6926.67
5739.75
6299.23
10030.4
3813.61
9338.77
5665.63
8172.02
6184.68
6973.86
6777.27
5612.63
6863.92
13379.8
5854.25
5527.62
7688.73
11773
6057.68
4264.3
12363.5
7899.2
7069.52
4863.73
4638.79
12879.1
6998.22
11441
9217.82
6975.04
6188.31
5832.47
5131.77
4925.85
11217.9
14934.3
4719.79
5552.99
9839.56
6189.35
6300.69
3720.78
5172.59
8573.82
6455.13
7758
13517.9
3382.23
6676.7
13226.6
9621.82
8134.36
10922.1
8409.59
4245.19
9578.84
5575.61
4262.98
5112.7
7682.32
5437.76
9113.25
13323.1
3938.18
3982.2
5684.36
4162.28
7907.22
3691.24
6133.59
46203
3958.73
4928.59
7943.71
4053.42
4267.19
9033.07
5105.55
7129.96
4851.6
4934.94
7029.22
5825.43
5292.24
4236.76
5865.5
13931.4
7995.86
5019.49
9234.2
5223.89
3727.34
6602.42
6341.93
9033.74
5240.89
10869
4009.1
8441.79
6142.01
11137.2
10368.3
7781.29
10910.1
6738.31
8959.08
6369.6
9479.68
9030.46
7091.1
4371.57
4321.94
7953.01
11426.6
10017.8
7369.11
9088.86
3859.18
11178.9
6190.47
15320.3
3275.01
6138.82
9846.12
17533.2
5665.25
4597.24
10294.9
4251
5603.68
5281.52
8095.36
4635.37
5542.76
5773.51
6399.84
6137.01
7011.72
4732.81
10832.8
7405.89
3348.01
7226.82
6912.3
4012.3
7483.01
4045.38
4550.85
5612.17
20901.5
5603.45
7441.92
4987.73
3734.54
4744.93
8766.58
6177.18
5248.96
3873.01
6232.83
5735.75
7631.24
4842.48
9793.27
14609.3
9922.08
6964.51
8725.25
14684.6
10655.8
5826.62
3819.09
9704.89
8274.68
4555.41
11460
8414.65
12227.1
20862.9
8341.98
5817.66
7074.59
11837.7
6052.84
6059.16
6094.17
5544.06
14256.9
5802.99
3698.75
5080.34
11117.7
4363.15
8345.39
4487.19
5947.18
5801.89
4628.95
5735.18
9171.92
7847.25
12114.6
6109.22
5000.4
6567.51
8029.12
6407.53
7369.27
5750.53
6441.97
5398.62
5151.24
5802.56
6523.06
7273.18
7187.78
12046.3
15366.9
9589.63
6086
6544.68
6554.98
4952.13
7540.69
14390.6
8507.12
4658.6
10736.1
9722.2
7706.02
5609.13
9303.19
12079.5
5273.18
8152.63
11478.8
4613.63
4574.74
8896.97
4674.41
6513.65
10053.8
3335.27
4694.94
9775.83
9538.49
9574.68
3384.8
7307.63
3832.91
9049.43
8613.69
7270.27
7546.21
9143.82
5111.01
5877.01
4211.29
5546.55
6836.98
7387.56
3706.06
13349.9
6246.86
4811.82
5307.07
6991.8
10140.3
5482.87
10264.1
6104.97
5311.4
7979.54
5133.87
5984.81
4066.76
5999.27
27440.3
6849.91
8864.75
11371.3
5221.96
8161.93
9203.83
6363.68
5067.79
5745.21
3926.26
6041.09
8089.06
4415.45
5622.83
4854.8
8061.58
3806.65
4823.85
7753.43
10306.9
12240.5
5810.35
4989.81
5030.37
4114.85
8676.04
6892.55
3666.67
8003.08
27936.2
5026.39
5591.99
4952.62
14557.3
10506.3
13261.5
5003.94
6041.3
7562.06
3985.36
6142.82
6772.44
5547.22
13232.7
13243.6
6458.36
9586.34
4775.05
38726.6
7574.98
4313.09
5935.22
11194.9
6536.04
7717.39
5181.12
6007.69
7422.12
8450.97
7385.88
19733.3
3670.03
4842.68
12962.5
9807.6
16278.9
11477.6
5898.97
6278.7
4352.76
6171.59
6001.14
7555.73
6687.83
7508.71
14840.9
5018.49
13283.8
6205.89
5252.19
5319.59
6993.49
3919.2
6106.28
9757.84
6479.27
4959.69
6890.24
5622.35
6024.33
8102.96
5815.23
9638.72
18680.4
6154.2
11045.6
8079.42
6783.78
8693.09
5761.57
5205.97
5860.9
4346.58
5574.56
5333.28
5475.17
8911.69
5500.63
5630.48
15682.4
6867.5
8370.52
8119.21
14367.4
7856.25
15822.1
4636.8
5753.3
5354.57
12556.8
4005.25
5321.76
3663.94
9635.92
8711.86
7407.19
7333.27
3923.12
12102.3
4377.94
7168.3
5868.49
4916.03
7396.46
4803.73
7479.79
5976.54
5759.27
8795.41
6069.84
3943.08
14582.4
3850.02
6025.71
10744.5
12041.8
8181.17
4454.49
8432.25
8919.81
5015.51
7542.68
5759.93
4271.61
5259.8
5501.04
7449.78
9786.74
8426.31
3441.88
4622.92
15731.1
5715.35
10815.2
8696.46
5554.35
8004.55
8500.85
4831.98
10201.6
7023.4
6857.08
5782.59
6496.96
5911.01
6641.82
8114.29
6464.35
5866.71
9318.41
3467.87
6826.2
6490.14
7011.3
8987.39
5711.99
5671.38
4399.3
3753.78
6776.53
6776.78
6972.4
6478.52
4046.06
10621.9
9125.92
5845.74
4076.8
27906.2
5327.62
4339.81
8846.59
10798.2
6350.57
6574.03
6176.6
5444.76
6453.41
14040.5
4920.92
13155.2
17974.6
7894.31
10144.3
4364.83
5906.41
8221.55
4106.19
6975.35
8440.64
5903.06
5681.4
4235.49
9699.21
4536.69
23204.7
10969.3
6647.95
10104.5
5162
8487.65
4585.46
4451.58
6353.18
12909.9
6327.24
5130.83
7407.6
10115.1
7930.48
6456.97
9274.88
4157.46
11757.1
5843.1
7519.76
8659.14
5824.82
6227.23
5712.02
6355.96
7805.69
15394.8
3945.92
13940.1
6305.63
5000.58
5784.61
8362.42
9708.26
11744.1
4922.65
6781.76
6998.74
12302.5
17822.3
7099.87
9682.98
6087.28
6175.98
6002.38
6966.57
5712.07
5882.81
4436.25
4548.72
9383.51
7865.94
6124.76
7358.93
11442.7
6525.07
8521.2
7369.53
5710.91
6471.32
5143.24
10394.7
11552.1
4863.9
6658.66
14460.2
7353.46
8277.5
7449.6
7166.99
7106.32
4484.11
6696.94
4381.72
11138.8
8212.53
5240.79
4460.7
10280.9
5796.73
9111.51
7760.56
5662.03
4898.02
4175.35
6200.92
4747.32
4810.65
7879.89
12182
9054.24
10723.2
6280.68
4070.55
7245.33
8566.98
8627.73
7047.71
5544.9
7421.81
6288.34
7166.87
6221.51
4350.5
5583.92
12575.3
4223.26
3761.05
5560.62
7072.33
5791.61
5147.96
8380.63
3991.79
6322.89
7133.06
7931.26
4029.77
8194.49
7307.3
16931
7091.87
4424.67
12505
5890.09
6450.08
4795.65
7004.17
6362.73
5205.08
6244.96
10289.9
5370.64
6828.68
4875.03
4019.92
6047.94
7914.89
6342.05
5441.43
5916.26
10709.2
8806.6
8902.39
5222.56
8749.69
3942.69
8715.59
6131.42
7232.77
11183.2
17800.5
9805.09
7933.24
8027.51
6630.92
3929.76
10089.1
6245.82
14904.4
6963.56
6746.27
10644.7
4174.97
7753.85
5775.87
11396.1
4326.17
5080.06
7113
11839.2
8894.57
11542.9
7828.92
7066.81
3740.4
6546.06
6714.88
4494.92
6755.25
4334.23
17538.9
6949.34
6814.58
21423.2
4267.96
3963.91
3920.66
4821.12
8127.66
6521.1
7323.6
5136.44
8159.83
4479.8
7221.52
5924.29
7019.34
7920.7
3402.06
4087.69
6710
4955.92
3637.09
5218.67
5870.29
5182.87
6712.4
4605.9
5525.75
5293.52
6320.8
8618.7
10953.7
4866.07
11738.1
4921.98
6144.72
4720.02
9501.42
5299.37
8330.93
5660.3
7377.81
14860.2
12026.7
4812.4
7009.92
5743.94
4036.79
6050.69
6260.52
8766.39
9364.48
7235.99
7051.21
5874.16
12835.8
5021.63
8944.81
6889.88
5366.81
4831.75
8906.43
7476.88
10650.1
7115.43
7047.01
11466.3
5501.15
7551.26
5102.47
5533.21
4893.67
6193.04
7631.19
3704.56
4706.49
3561.89
4533.44
4873.48
5036.45
6244.97
6835.43
4950.02
7815.76
6749.73
8891.82
5616.64
7294.18
5408.57
5004.18
4886.9
4729.4
4480.17
5069.28
14158.5
7423.19
5813.58
9260.22
4208.73
6264.97
3562.49
4188.04
4548.34
9374
6057.51
4256.42
7434.27
4928.7
12751.2
4164.49
5270.06
4736.05
8655.36
11766
5681.14
12414.8
6497.88
5922.87
7419.87
6685.97
10000.4
5523.22
5244.2
4162.59
4928.47
13755.9
6864.5
4345.08
5991.09
5675.11
6320.11
6813.32
8824.12
5635.55
10627
5372.03
13349.7
6705.51
9608.4
4170.4
5163.29
6963.43
8267.21
5241.83
7767.78
3927.49
13413.3
5465.26
11168.2
6249.95
11106.6
7140.45
6733.05
7415.13
15924.1
6608.12
15958.5
4556.84
7333.98
19237.7
9035.71
10051.7
16541.7
11965.3
4011.81
7644.54
9328.3
8250.27
6186.83
5878.74
3497.27
4553.03
6421.91
8507.71
5103.21
6893.95
7041.44
8809.68
9930.68
7811.58
5156.95
5946.71
4844.34
5777.45
6352
14809.8
8807.3
5871.74
11718.3
8531.36
8883.53
10489.9
6611.04
4171.33
12060
4860.34
6381.59
7715.75
6972.12
5408.6
8043.38
8819.15
4547.62
4335.63
6974.58
5807.18
6438.5
8595.71
10604.3
4581.04
9531.4
31670.8
4586.31
6156.04
9698.81
6966.78
8842.11
6526.6
6525.13
5169.22
7378.11
15689
4912.16
12384.9
5960.62
6513.4
5596.68
8063.74
5462.5
9176.86
5340.24
6995.3
3551.43
7604.34
7980.19
11625.7
7362.91
4771.2
5221.94
20691.7
6032.88
7148.34
6508.53
7226.25
7017.44
4537.7
6928.27
8385.07
3949.87
6582.3
9526.91
4781.24
13142.8
5267.21
7457.4
9060.12
3927.67
7032.23
5107.41
5078.54
16972.7
11138.5
15436.5
13716.2
17403.5
6221.9
6969.9
10041.7
7314.42
10030.5
3466.3
8582.99
10253.9
14633.1
9504.43
4774.28
7365.13
5031.31
3585.36
4728.93
5189.37
4691.71
9752.67
5765.13
14100.6
8122.27
9753.18
13929
5304.73
4167.11
5260.25
4348.39
7545.64
28347.4
10277.2
9157.47
20346.2
4414.1
6827.72
6511.77
6961.17
8382.52
6956.42
6272.1
13267.3
5404
5988.58
8958.59
5503.46
4946.75
5264.22
7762.06
5251.39
6907
4120.21
5403.63
10345.4
6730.81
5717.99
9550.56
10542.8
6549.56
8198.61
5099.16
4237.25
10415.7
5190.8
7455.58
4803.4
4528.03
10953.4
5129.59
8072.73
12306.3
3909.2
5323.22
10073
6670.65
8867.1
5941.92
10377.6
5701.25
4261.91
10591.4
7310.86
13415.9
8806.15
10933.1
2941.61
7019.04
6491.69
4265.82
9413.16
3877.17
6198.8
6603.53
4660.48
5343.9
21364.9
6231.74
3799.5
4369.75
10950.1
6436.26
6782.18
10329.7
7528.66
6120.59
4314.84
3747.59
5999.6
7982.3
7152.97
5581.07
10970.3
8604.92
5929.85
7299.78
4693.32
7704.02
9307.02
5219.52
5127.6
6542.61
6441.64
5470.24
5476.67
5209.88
5336.15
3944.1
6752.07
6733.79
13294.9
13255.5
10398.7
5773.95
5316.08
6614.81
8263.64
10029.3
11201.1
19134.4
8759.08
7059.59
5183.77
8341.51
10126
4872.04
4814.74
11096.3
4884.94
9861.89
3655.53
5619.99
6699.65
7085.79
5120.57
6854.58
5509.91
16130.4
7141.21
7817.26
8037.37
4084.6
4540.31
6791.08
9147.08
7937.65
4290.3
9620.01
4182.98
10239.9
6359.09
4918.63
5395.95
18694.7
10129.5
18822.9
7460.48
5077.04
3653.76
4109.66
9197.38
4243.06
7547.54
7620.86
13087.5
26026.2
7902.55
7097.22
17324.8
12560.2
6647.88
6339.68
5614.23
12481.6
11032.2
8861.75
5202.03
4062.03
5381.13
6594.11
3358.33
4557.79
10070.2
9632.68
4659.43
18822.1
4571.47
9003.11
6405.6
5362.79
5114.66
14285.7
5628.65
12394.9
13197
7686.43
6324.29
6933.61
7603.28
14091.4
7273.72
9607.62
11500.5
7799.07
6259.2
7341.22
10702.3
14781.3
12337.8
5695.45
10773.7
4645.89
11920.2
3485.16
6366.48
5577.01
6399.77
12477.3
5252.78
5328.36
5466.46
11161.2
12177.8
6700.42
7023.42
8677.91
8450.54
4690.4
4499.58
9178.63
6703.23
6184.13
9040.08
5667.91
4281.64
7829.85
7892.28
3308.94
8027
6448.86
8515.04
10765.1
10408.5
5079.63
5357.94
8687.27
10484.6
4002.48
10531.9
9468.08
3919.73
6930.62
13491.4
5039.59
6972.96
7051.91
6562.76
6799.29
5755.68
4117.07
8157.49
14272.5
7880.38
11092.2
5693.06
5528.6
5430.69
8260.91
5568.43
7126.51
5788.02
7383.88
5641.49
7428.02
12628.6
7095.49
5711.57
4298.46
3969.29
5149.52
4518.95
5945.53
6826.71
5162.25
5135.64
4155.07
8995.03
6389.25
5197.64
4878.55
5196.9
7680.92
6138.69
4179.99
5175.62
10153.2
7471.96
8002.18
6746.5
9548.14
7883.54
4669.71
4380.38
4789.98
4300.9
5447.75
6503.6
9561.72
8487.6
8577.5
3410.4
8340.24
6953.34
5283.55
8058.43
4778.07
8443.38
4947.89
5181.47
3896.53
15841.6
8730.63
6139.98
13481.7
6952.07
6010.14
17271.6
6461.91
7747.05
9946.79
8022.72
12473
5515.98
39050.6
5247.57
8405.09
13839
6745.86
6982.58
5837.55
2919.21
7114.33
9125.05
9428.91
4198
5802.89
8120.81
6708.96
4326.2
5487.35
5086.6
7546.07
6672.4
10846.5
15495.4
4458.9
11132.6
9430.62
7833.97
5970.25
8699.78
5333.38
6357.08
13083.7
5064.97
5870.33
5143.05
3546.74
4806.79
5032.32
6651.68
8536.46
7363.44
7473.61
5505.15
5561.91
14420.9
5862.23
6400.61
5295.54
6756.16
5780.1
5467.13
4762.5
6464.03
5825.92
5620.66
4621.92
5049.92
5149.98
9783.83
6267.24
6578.8
12274.9
6878.44
7295.89
12767.8
4650.12
15298.9
8034.24
11272.1
9861.85
6589.13
4420.92
7787.35
5501.8
20209.6
6671.6
12040
4433.14
8737.32
4960.34
5097.87
6638.1
9214.29
7874.8
5505.28
15617.4
8195.15
4855.17
15855.7
6187.72
6957.31
9659.08
5426.7
6917.96
12239.3
6843.89
6187.86
4237.32
4849.09
6932.57
5581.96
7035.96
6402.5
7665.57
23709.1
8871.88
7052.95
7030.14
6721.98
3350.22
8230.2
9050.99
14766.4
7277.61
6971.1
4653.17
6354.14
5021.26
8117.73
8033.38
5956.89
4592.44
5873.12
7556.07
6366.44
5766.82
6574.13
4819.63
4539.9
5656.2
9694.69
4715.94
6773.36
9055.15
5159.75
4294.09
6942.58
6283.48
6666.21
10123
4878.06
6308.43
8682.04
16430.7
7560.12
7315.95
6066.71
6232.16
6010.77
8887.73
8475.73
5981.17
5487.36
7544.63
7218.23
8280.43
7592.93
4825.11
8653.93
3924.87
6088.35
10605.6
4418.9
10355.5
10140.1
5934.6
8183.1
3684.69
6681.15
3849.62
12598.6
5171.86
6457.66
8982.35
3613.09
8209.22
6279.95
3596.78
22510.7
4622.64
10104.8
9551.49
6183.46
5595.54
7493.05
11601.3
9430.22
16881.7
6932.73
8427.24
3956.32
6651.25
11106.5
4838.18
4723.99
5084.51
14694.9
3773.67
6178.88
5623.27
5170.36
5471.35
5515.77
5179.43
7365.6
6125.12
5697.36
4486.61
5637.74
8105.15
7728.6
10425.5
8945.88
3671.24
5813.59
4828.4
6866.6
12048
4349.85
5166.14
4795.05
5370.17
6414.9
5381.75
4320.19
10000.2
11846.9
7749.42
8947.58
6071.06
6940.12
3830.11
9594.67
11794.7
5772.39
4595.82
5500.25
5984.56
12784.9
7270.86
8195.57
9414.47
5729.42
5246.77
4766.76
7862.53
11802.7
8301.48
5370.49
7049.88
5308.81
7983.32
11826.9
7479.8
7540.64
25614.9
3401.29
8923.87
5549.98
5809.73
6672.47
7346.16
5110.62
5106.72
9325.25
10895.7
4675.16
5447.64
4733.66
16375.6
5421.04
5413.83
3747.55
4997.81
10471.3
8948.35
12907.9
20838.9
48825.3
9564.44
7196.14
7004.28
8736.58
7116.01
11011.6
6758.06
5903.91
6246.64
4764.5
6664.09
5146.65
8645.37
8335.86
4361.61
6558.57
6572.53
6837.03
5868.05
9576.31
8766.34
5905.03
7649.9
6368.71
5153.41
17757.3
7137.2
5666.26
9171.88
3856.31
8104.21
4354.46
5712.33
6638.21
12109.3
4051.99
4626.33
6402.21
5528.86
5679.07
11823.7
15225
6323.7
7426.91
7641.75
6447.38
4084.98
8102.67
7616.59
8031.22
6842.02
6484.62
6321.5
6538.11
5393.94
8561.42
9586.91
6353.49
10089.5
4016.04
4915.9
9730.8
7698.41
7755.11
3805.82
5107.67
8570.71
9822.71
7174.45
9135.72
9043.76
5491.08
6995.02
8419.65
15945.7
10539.4
7009.66
7511.31
6654.44
11240.8
5716.09
7701.51
11183.1
5982.11
4041.31
6441.24
11510.4
7236.48
9176.69
4516.25
8666.17
4747.74
5925.56
5173.07
4726.77
5445.9
7450.09
12413.9
4457.15
5272.43
6597.65
11702.8
6406.61
5963.16
5252.68
7674.75
14644.1
6718.95
6113.77
6000.03
4850.89
7351.05
8116.27
9953.01
3957.88
4192.68
4799.57
5453.4
8747.76
12177.2
7783.16
6350.23
4651.25
7373.14
6833.2
3865.31
5157.25
6064.16
4748.76
5983.88
9544.75
5158.07
4118.1
7409.45
5370.46
5051.12
12958.4
5494.09
9515.96
3850.84
8200.46
6107.17
9770.95
5145.04
9397.45
10486.6
6673.25
5528.37
8725.01
8276.04
5043.29
6201.02
6423.09
4535.2
4409.39
6195.7
3118.84
6122.95
11487.1
4724.45
11085.5
5175.59
14385.6
5329.62
4878.93
6498.66
12724.1
3239.09
9687.64
12281.5
4866.14
6793.08
6449.98
6548.05
5635.93
10350.1
4577.2
5750.45
5159.7
11684.8
5220.83
4707.77
5699.93
7515.37
8469.84
7714.85
7100.87
8284.78
5227.25
6996.28
4826.98
11205
5615.58
3069.81
4696.95
5990.62
4214.53
7162.65
6878.09
5699.93
7473.9
5112.03
7121.66
16454.3
8144.58
7129.94
4730.61
4601.13
5684.81
7932.34
5864.22
5161.52
8506.36
3785.82
9527.94
5851.31
3967.71
5776.33
11832.7
4813.02
5831.3
9696.74
6987.04
6026.65
5794.95
6893.34
17630.3
7958.81
13342
9208.68
6055.46
11359.1
6073.21
6538.08
9471.36
16060.4
5791.8
5293.95
8492.73
44935.2
8898.63
5378.6
7690.86
4533.81
6783.89
5242.09
3969.8
5157.1
9771.78
16175.7
4490.3
4980.66
10394.8
32248.1
5805.09
5569.2
3628.6
5795.21
6538.81
6372.71
5208.23
7381.16
6857.02
6241.64
5853.97
6702.59
8049.99
4852.93
6438.65
6629.08
6113.97
10209.4
10639.5
8688.7
10480.3
8144.96
9381.73
12818.2
4707.46
7080.66
7590.45
8044.84
9116.75
4751.3
4695.35
12187.7
7375.52
5936.23
5683.61
7015.03
6171.5
6715.87
14458.5
5596.22
5840.22
5521.94
10740.9
6858.62
14112.1
9338.83
4961.81
15261.2
7327.67
5409.61
7637.9
8719.13
5552.51
5161.15
18560.6
3683.92
8820.91
7125.55
6451.79
7202.39
5104.32
7023.86
6880.31
12297.8
5595.57
4375.43
5896.27
12401.2
5611.43
10363.9
2650.88
4150.7
6441.58
10951.8
9058.22
6971.12
7480.21
6729.08
7955.18
12369.4
5397.5
9041.47
8032.91
5544.65
9743.54
9142.32
5461.18
6539.57
11033
6838.3
8581.52
5866.63
9656.45
12502.6
5515.34
17342.2
4191.96
21778
8184.54
5104.27
7286.01
9477.24
5468.05
3912.48
7390.91
9010.86
9582.17
7440.79
9107.17
4897.43
5333.84
8596.03
9569.76
7080.3
6920.7
7023.73
5949.2
10438.8
17963.7
6293.17
10261.8
10369.3
7557.55
7112.46
7796.43
4676.99
17953.5
11407
6572.71
21513.8
6741.33
4393.57
10846.2
20965.3
5207.98
4655.33
9142.17
5554.06
12731.5
4693.43
6053.45
8176.39
5085.85
6548.91
5322.77
4664.95
4480.8
10012.7
8289.89
6214.42
9902.8
13684.1
11660.7
9793.72
7786.29
10382.3
6526.7
4519.64
5269.86
7397.79
9485.37
4268.67
4524.64
39018.1
6112.68
9749.49
9956.7
7753.34
4320.72
7694.96
5465.65
7690.92
17672.2
4609
8723.06
5156.59
3611.08
5087.45
8194.9
11956
7437.13
22035.1
14446.8
6210.63
11819.4
6810.19
5875.82
7295.27
4420.41
3372.41
15255.9
5512.27
3415.03
6199.97
6561.95
9658.23
4736.32
6473.91
6370.09
9656.44
6323.52
15235.1
6389.27
5365.61
5513.72
9590.63
5660.17
5678.3
4626.25
7496.34
9521.33
4912.92
3963.8
4467.82
12128.7
5829.47
5498.12
5356.87
12391.3
11328.5
10700.5
6502.42
34631.6
10251.2
17956.4
7572.24
11760
6715.42
10852.7
7231.32
6636.7
5099.72
4865.51
5221.67
4683.54
10429.5
8809.51
4009.96
5535.12
11640.5
5865.9
6742.43
10010.3
10309
7459.11
6055.32
5565.01
7900.17
10438.4
6530.08
13781.2
3795.82
7412.3
12527.2
4937.49
10259.4
6970.6
11768.6
6388.91
10251.9
4597.45
5145.78
6267.2
8802.01
20057.2
10283.9
8016.5
8811.19
5750.48
5534.21
5556.72
8768.05
6684.84
5415.22
9320.92
5280.85
10275.4
5911.78
5364.6
5180.78
7256.47
3961.76
9745.82
6286.58
3844.92
5204.01
7877.52
5316.51
5231.69
4062.75
9938.4
4630.84
17581.6
12812.3
13348.5
7473.5
5038.02
16321.8
6144.55
8014.67
13700
8342.85
8667
7384.11
7922.28
6803.37
5027.09
4261.33
4020.49
11446.6
8353.49
10421.2
4794.18
5576.45
6558.01
5793.68
4801.05
7454.09
4949.02
9077.81
9372.66
6039.17
7261.83
4800.8
7313.46
9540.72
7955.32
7376.79
6950.91
8700.6
5210.18
20580.8
34331.6
4475.85
5439.04
5757.02
5457.9
7615.56
5108.94
9073.1
5427.77
9534.98
3560.73
9754.24
11595.2
7716.96
4670.56
10453.9
7809.75
5819.77
4357.46
5800.64
6444.21
8302.25
6747.4
9357.71
4096.43
6619.22
17249.5
4151.63
4499.18
3798.64
23570.1
11965.2
8060.83
10685
4590.01
4150.09
6560.07
11543.5
9902.5
2958.8
5166.33
6649.36
9087.5
4314.25
8473.04
9340.03
8847.5
10500
7498.46
7720.7
8303.48
4330.12
5493.58
9866.25
6762.58
11996.1
3854.12
17876.7
7453.1
6290.04
7105.82
5981.54
18817.2
6956.38
4726.43
5773.22
7494.03
7428.28
8686.81
13027.5
4148.43
7552.5
11267.2
7372.83
9646.15
6769.34
5855.9
9960.07
8416.06
5633.77
14909.5
8134.14
6007.4
5200.12
6347.7
8565.42
5614.04
4587.22
2662.82
7048.55
15116
5386.28
5245.65
5370.77
4183.46
5945.65
13642.4
7150.31
3919.24
10912.7
14198.2
7979.09
10883.3
5445.53
5248.86
6795.23
5047.34
6108.48
17243.4
7217.29
10097
4050.52
3264.65
5165.63
11687.4
8883.09
4290.58
10096.5
7395.95
6118.09
12728.6
8767.78
4609.24
7392.26
8341.4
5875.17
16717.6
10829
4608.22
12612.6
6145.38
5645.35
5760.44
5264.28
6704.67
5581.32
4012.47
8786.17
4549.56
5152.84
4771.11
4352.03
7370.85
5084.63
4730.22
5251.84
3655.99
6215.52
5000.28
12113.3
9097.99
4615.95
4855.59
5157.95
4560.22
9531.25
7342.65
11703.9
5050.33
4551.9
5262.43
5383.72
5359.57
6048.86
6454.9
12394.7
8435.09
4853.86
7597.83
7415.97
5733.37
4479.16
4903.1
8577.02
4707.97
5647.9
12261
13747
7331.52
6991.29
4631.44
4798.31
7917.19
5417.07
5098.22
10079.7
3503.68
8731.81
4193.14
6393.79
3999.11
10939.7
5403.83
5678.35
8500.52
12567.8
6216.44
7622.24
10291.2
4340.15
4100.4
4237.52
9564.65
6175.96
10610.5
4166.3
8836.66
7344.9
4398.8
27111
4876.45
7054.84
9551.43
4191.15
6885.98
16492.5
6697.07
4613.07
11073.2
5415.94
8836.5
12866.5
3435.31
4260.58
9277.45
6251.03
8814.72
9557.81
4660.07
5104.47
5317.73
6792.69
6708.18
5852.42
5022.01
8707.14
6581.23
8010.22
3733.89
4840.27
8874.35
7688.16
11351.5
5876.07
12430.8
8158.02
8930.24
36452.5
8994.13
18113.3
4333.51
4497.42
6265.36
8957.03
6422.76
7004.96
4790.3
3978.47
11335.1
5779.72
6344.78
16897.8
4996.24
8152.51
4235.49
10523.7
6298.11
6003.36
7233.33
6038.85
8874.01
5022.31
16568.1
4837.75
13896.8
6554.29
4398.57
6347.25
14435.5
4946.24
9895.8
4682.38
4599.09
15985
6608.2
6494.17
7350.82
4708.25
5471.37
6915.98
4315.72
10826
4700.16
3848.02
16313.4
8068.47
5676.37
7036.9
4332.27
4126.59
9863.12
5528.38
7007.5
16293.4
4754.65
6152.71
6382.2
8863.64
7354.08
4841.76
4067.52
9292.66
5562.65
9082.29
7891.35
11734.2
7768.49
5430.78
7186.65
5392.15
9769.47
7889.54
6071.35
8345.17
4939.57
11573.9
5301.12
9074.16
13051.5
4715.43
4183.45
4343.11
7962.76
5741.43
5363.75
9449.28
6579.15
4744.85
4950.94
12482.8
7736.06
5183.05
10093.8
10483.7
8976.87
18172.2
7568.74
7004.08
9664.06
8124.11
7026.76
6049.47
23977.1
4429.13
5458.6
6362.57
5019.41
4602.01
4258.74
8166.31
9320.93
4073.43
5257.84
4398.27
5137.17
19461.9
6840.22
12092.9
9661.84
6475.23
8464
8019.63
13707.2
8203.22
12333.2
7914.56
3979.72
12372.2
5682.23
5523.62
6118.43
9846.27
10836.8
11519.9
3971.19
6299.85
8114.4
5396.33
5115.45
5003.03
5904.64
6953.82
5834.94
4567.59
7408.92
7156.14
5728.12
5302.7
15233.1
4283.82
7836.89
6927.23
10197.8
16731.1
8162.82
4744.31
12237.5
5118.66
5705.8
4976.97
5208.66
6855.42
8310.74
5047
5526.43
13766.8
8318.82
6074.27
6554.88
17018.2
6146.83
5551.57
8447.87
8936.99
8481.38
6402.28
6093.88
5917.33
6897.96
7919.5
4855.77
5994.71
17531.5
13523.2
10404.5
8919.16
13610.3
6701.77
12084.3
13465.3
4119.2
11353.7
9925.51
3771.67
9964.83
4907.46
4050.74
16652.3
3963.3
17143.3
6221.63
5686.79
6950.07
7771
7379.46
6531.78
12494.8
7386.95
6179.56
7158.18
5706.14
4351.21
20217.1
8366.73
4109.68
7218.46
5705.91
5962.41
7591.57
4658.59
6170.63
5023.59
3998.38
4483.19
6283.3
6079.63
4828.94
4386.14
7430.05
25701.1
5333.71
5878.13
7212.84
6318.09
8844.84
18301.1
5784.58
7366.18
3123.05
9300.21
6333.87
7915.83
8197.51
4570.13
5260.73
15299.1
7000.62
5938.7
5663.12
6858.43
5583.72
3809.89
16423.9
4546.24
4752.92
6819.09
10477.2
6139.26
3832.83
4398.53
6053.18
7963.13
5991.6
5692.67
5527.19
8716.47
5800.59
12068.2
5242.2
9502.39
3678.44
6032.77
6354.3
6708.25
3931.39
6414.94
6238.15
7658.02
12873.9
5106.13
8345.45
4315.37
5067.64
21462.1
5988.01
9199.34
12451.6
6162.8
23300.4
6075.34
6655.26
5146.98
5889.09
6379.31
9668.09
6964.39
9076.87
6996.86
4806.12
6242.63
4653.38
7660.73
8092.81
12302.8
5221.6
10248.3
8261.4
5860.27
4226.53
5345.14
4210.73
7086.77
5941.7
8347.28
6862.23
4522.96
5392.36
9573.36
4082.66
5699.69
4280.44
7162.96
5877.01
10258
5125.24
8411.72
9685.72
6116.11
8276.31
10071.2
11064.1
5058.55
10156.1
5495.25
6177.61
5911.61
5350.89
6703.43
9834.17
7546.44
18757.5
9911.34
8637.07
7174.23
7497.25
10890.8
8367.19
8706.58
4057.14
5979.2
9141.19
4108.47
6271.29
8198.2
10197.8
7715.45
5270.34
8165
9793.69
9550.12
15134.4
4766.02
9764.02
8650.43
9420.99
5680.95
16204
4375.55
7520.86
11332.2
10078.7
9760.06
5031.07
10442
5265.94
5978.25
11592.5
13419.6
4342.38
15196.1
7021.08
12560
8133.87
7370.28
7886.82
8174.37
11900.8
8683.69
16646.7
8336.92
29043.8
7268.31
7542.23
4052.34
6756.7
11169.9
9539.67
6575.13
10416.5
6153.47
4405.25
5419.83
4963.63
5331.39
5955.76
6335.74
10429.7
6973.45
6912.56
15734.5
11372.7
7074.75
5937.01
8370.09
6885.31
6925.73
7217.62
5451.15
12004.7
11053.5
7497.3
4248.74
14515.3
8355.17
4423.49
9666.84
7765.74
11793
7691.56
3462.98
8518.67
5336.65
7966.42
4685.38
7245.42
6355.95
6021.09
9885.28
3713.61
7536.48
8594.69
6498.57
6482.48
6196.65
16943.5
8993.18
5651.84
5199.56
3960.32
3845.56
5011.48
10850.9
10386.6
4732.47
7224.6
5137.94
4925.62
4640.55
11838.8
9260.94
6715.17
6704.64
6207.28
5258.67
6396.37
6744.4
7900.23
7092.68
6505.32
5017.99
8510.52
4355.51
4679.21
5841.78
6014.74
4821.93
5011.03
7268.27
4705.93
5365.53
9987.26
6849.98
3963.19
4591.7
4763.14
10105.8
6915.65
5232.67
5870.98
4783.26
16420.2
4026.16
6160.2
6416.14
6397.6
6404.91
11455
4668.5
6383.35
6802.75
9713.3
11210.5
7120.92
5751.22
7304.63
3969.42
9497.94
8526.6
7454.81
5723.74
6837.22
4691.14
25851
4338.25
3884.51
6608.63
5136.76
6119.99
9800.44
10846.7
8102.69
5392.78
5447.37
5242.03
7545.07
5043.38
17767.6
6410.25
6963.95
10945.5
9416.4
7447.44
9070.25
7172.85
5690.57
6363.2
23720.9
4855.33
7738.83
6944.29
5086.14
5994.82
8921.59
5941.77
6562.78
8477.56
6836.94
4445.39
3433.82
5645.14
5782.81
6466.12
5181.39
8093.25
7890.38
6407.09
9320.95
4291.21
8889.47
4447.61
6220.33
4081.71
7936.62
4192.87
6010.29
8388.28
13549.5
7779.47
6949.14
6828.88
7120.89
9286.52
6451.51
10646.1
6819.54
19843.1
6135.59
4689.58
7138.81
9296.28
11867.4
4528.89
5662.07
4961.93
6026.38
6985.58
7825.57
5775.35
5183.37
19430
5538.18
5108.38
7949.87
11073.1
4862.17
5338.2
21432.8
7541.86
5205.98
5132.1
5007.64
5314.7
9262.67
10372.1
5397.91
5943.37
14603.7
5261.17
8258.54
7234.98
7344.67
6729.93
3728.02
5773.4
9679.26
4635.4
3798.57
7058.48
7498.03
9383.68
6401.5
14414.3
4513.44
11286
6320.68
18460
5347.26
7756.02
4222.5
25247.4
11651.7
6147.5
4500.43
8458.55
4088.21
13235.8
5821.79
3424.82
17293.9
10886.5
5176.67
7573.96
6390.87
4556.98
7164.62
9627.99
14780.8
8034.86
7178.71
7307.01
10190.8
4459.01
5116.77
5424.1
6065.11
4447.18
8303.23
7141.71
4280.53
6186.54
5888.09
8183.61
7399.21
7298.88
5183.82
7315.83
6426.4
7959.76
10951.1
10916.3
7627.14
5953.79
8200.37
7149.43
33332.1
8363.7
8354.16
4662.52
6265.22
7445.59
5376.01
6985.11
4305.25
9646.16
11581.1
5513.04
12458
10596.2
5486.99
8395.79
4742.27
6329.59
4325.89
5491.14
10720.9
6866.98
6426.07
8066.95
7035.15
12689.1
6790.57
8596.28
4163.05
9638.24
7868.76
5690.6
5588.44
6780.01
4363.34
9341.77
10513.6
13401.5
6305.61
5217.14
5400.42
7843.13
6489.82
7683.61
9509.14
8289.46
19146.6
9513.54
6630.88
9221.93
11853.7
3784.29
4716.68
9086.95
5187.7
7971.57
5518.81
4706.39
7390.61
5014.36
6438.94
10245.8
3903.25
4899.05
9003.04
7842.52
7433.5
6989
8548.32
7222.19
6672.49
6481.19
6755.62
6151.12
6639.26
7026.2
16099
6490.53
7815.94
16594.1
7598.48
5132.59
18450.1
6690.4
4253.48
6183.5
8412.01
5212.01
5094.82
8511.74
8593.5
10128.3
12516.9
5019.64
5925
5550.65
5812.95
5357.33
5015.16
8288.54
15571.6
15363.1
5748.84
11802.5
5224.61
6840.66
10620.4
10536.5
8002.1
7086.86
4958.96
5655.96
7917.11
5892.75
4681.23
5515.67
4383.11
8546.55
3527.9
6499.71
6196.69
12821.9
6384.11
3768.04
4012.05
4509.85
6684.89
3647.47
4952.33
14737.9
8847.96
12210.6
5346.93
5634.46
4781.95
6467.52
11649.2
16293.4
7664.46
5505.99
5375.93
6933.93
4407.89
6816.83
5029.24
4323.34
4863.22
4719.6
5242.26
4454.34
5359.37
10190.4
4745.55
5004.03
10745.7
6292.13
7750.68
5763.33
7289.89
3485.01
7138.03
9293.65
4720.9
15476.1
10318.7
18198.6
6261.2
6111.33
5453.82
5379.66
5952.1
12759.9
6568.82
13481.9
3955.63
9771.53
6696.89
4254.3
6965.85
6921.64
2923.76
4513.39
12412.6
8098.05
7233.02
7371.47
8663.27
9161.39
6305.49
5435.27
11330.2
5325.09
10880
8691.88
6974.25
5833.48
13863.2
6861.49
6653.02
5893.91
18020.7
7326.93
4417.04
6107.43
6222.04
7319.83
10661.7
12432.3
3800.01
7728.01
12142.5
3639.28
7081.71
5341.51
6521.93
6175.67
9019.81
4282.61
8780.24
8829.39
7372.27
6599.43
5299.76
5741.43
8011.36
6249.23
8311.86
5468.6
14633.3
8456.3
6144.06
5399.69
4121.02
8392.8
4619.64
8243.44
3691.48
9346.15
7343.35
2882.11
15951
6895.94
4921.65
4710.82
4940.92
25345.7
23322.4
8864.46
13305.5
5608.41
8495.29
6124.02
4288.01
5894.19
5646.36
4932.95
3879.41
4306.6
12196
4233.27
4525.81
6602.42
7128.36
7189.88
7131.2
7188.7
9659.74
7925.64
8176.19
20553.6
9166.54
7454
11766.3
5273.48
7588.28
6148.5
9231.21
5745.97
4263.56
7268.5
6896.06
10672.9
18206.5
10575.1
7637.31
3783.13
7166.28
5642.08
6340.52
14056.2
7730.33
8267.62
10705.2
15302
9394.18
20300.3
5900.92
14228.4
11494.2
7583.65
7212.74
6633.2
9195.84
10324.2
7282.22
9421.65
8311.99
5508.36
13357.8
8362.16
5607.2
9085.44
4622.26
6770.98
4667.88
6238.89
21522.3
7536.58
7074.87
4756.34
3056.17
7594.54
8925.22
13116.5
9884.19
5993.7
7507.37
7880.5
5156.27
10600.5
4614.3
13011.7
9528.98
10481.1
8340.45
12078.6
4594.92
4731.4
7875.4
5205.5
7417.82
8393.8
5577.77
7008.33
5197.22
5808.26
5482.15
7577.48
8085.53
10127.1
4636.72
5306.88
5155.12
5441.37
6715.41
7924.18
4951.92
4359.32
8427.09
6278.61
10469.8
6368.78
4629.58
6263.23
6744.07
10270.2
14168
6042.86
3871.14
14742.5
7266.73
6731.41
14025.8
7002.62
6417.43
5519.06
7895.38
4241.23
9391.5
7368.77
7087.67
4386.31
4715.97
5671.66
12932.1
5212.05
5268.7
4075.61
9111.54
4810.57
15653.6
4124.66
4548.89
8812.46
7162.61
6301.72
8963.26
6687.5
8368.13
4478.98
5331.07
8205.31
4924.3
8278.84
3497.18
7224.3
6171.73
6517.41
12554.6
9141.25
5745.37
4868.79
25697.9
4419.3
7641.06
5572.04
6120.76
8241.31
12238.3
6069.93
7416.95
6466.2
10204.9
13807.5
10490.3
10804.1
15864.5
5113.72
5949.42
10185.2
5415.32
5944.74
4605.96
7781.18
5715.26
5165.72
6319.68
4700.44
4925.05
7244.45
9808.89
8854.67
10078.9
3671.14
11809.8
9186.12
9251.67
5172.47
7497.01
7385.63
4970.66
12510.4
5107.44
8561.78
7558.91
4496.09
10754.2
5366.27
5341.43
6445.81
6014.37
4842.88
9759.11
6034.41
9844
5889.62
10563.3
7339.76
6250.15
5188.87
5737.98
8082.98
15747.6
4888.99
7972.13
6272.27
6868.1
5518.47
10001
7606.39
8176.3
6019.88
3719.06
6755.98
7682.11
17058.3
6889.27
5139.06
16895.6
5277.62
6426.1
6156.91
9590.3
5116.77
5733.18
10156.9
7291.63
10650.8
8400.52
7810.88
15106.6
4759.86
6164.41
16477.5
4982.04
5231.06
6303.47
6177.69
5957.29
14914.5
4458.42
5828.72
10456.7
3296.71
6790.27
33673.2
7412.65
10795.9
6823.24
13039.5
8767.11
6657.96
5349.8
7329.2
6236.85
4933.09
5897.22
4654.05
5019.31
16052.2
10325.4
6099.16
6559.51
8961.96
5090.45
4085.16
7928.67
5690.54
6486.56
3162.08
6073.46
6406.53
8297.7
12443.7
6562.47
6007.45
7359.69
6018.16
5671.28
8012.87
5274.42
5531.28
11260.6
9797.6
4356.7
7939.43
5759.55
7619.65
5761.5
5505.74
7805.62
4809.4
7208.69
7208.4
9595.99
5224.48
4866.82
4965.92
5636.5
8590.25
6131.88
7898.57
6037.07
9478.25
6159.74
15795.6
5270.47
4236.04
3589.59
10501.7
5735.6
4501.1
12524.6
6196.82
3799.82
6021.89
14860.4
7380.35
6751.3
7176.68
3188.83
8440.55
9855.28
9964.19
10564.5
4534.83
6955.74
7072.19
6468.4
14633
4751.86
5170.96
10688.3
7194.43
10085.8
6459.97
10279.6
9005.87
5263.91
5329.7
4091.36
13692.4
11724.5
3961.62
5181.29
15917.5
4376.54
11279.2
5440.66
15073
5586.72
5160.63
5420.45
5263.73
5839.66
5539.24
15526.5
7676.87
11847.8
7188.06
4258.39
6200.41
5109
5782
6189.71
6781.05
14838.1
5137.35
6651.82
5744.83
11706.4
9901.03
3763.45
8742.89
5017.93
8126.49
18253.2
4516.48
4506.02
6679.42
7374.43
12728.4
5026.43
3783.74
7180.67
8134.55
3740.13
6523.75
5364.13
4729.54
8482.18
8865.94
14338.1
6351.83
4571.45
6280.12
10542.2
7256.06
4973.34
10752.2
9879.41
8132.01
9523.73
6934.2
7283.18
4318.28
3667.81
6226.2
12261.7
5788.5
6125.85
7391.36
4739.72
7312.58
5635.59
17242.2
5532.4
4803.34
5004.85
8119.24
5551.96
6827.88
4947.05
8552.52
23437.1
5160.96
7104.95
3629.14
4353.07
6638.69
7691.75
9752.55
3446.27
9583.28
5805.17
5711.07
4110.82
22361.1
5167.4
7292.4
4474.67
8094.39
4473.56
7299.16
4297.67
6286.26
6564.57
12145.1
5878.11
5689.85
8239.86
21218.7
7321.28
7970.28
3229.68
8032.95
4338.12
8844.79
4953.25
10365.7
11566.8
8291.4
9744.02
12725.6
7337.69
3988.73
10077.8
17959.2
4151.73
7695.28
5691.56
4981.23
6603.45
3096.29
6563.22
11026.9
4222.66
9066.24
5885.55
5109.74
8334.45
6483.53
5570.72
4148.01
8651.57
6468.48
5683.05
12602.3
5784.61
8659.98
4750.93
7164.72
5698.11
4966.38
5446.65
5528.98
4573.91
9500.91
5425.78
5168.79
4716.12
7314.13
6853.49
6479.44
7811.12
4340.99
8333.88
16801.5
7375.39
27416.5
6329.69
5518.59
6116.48
7669.22
5862.25
7731.37
12235.6
5299.51
5662.48
5151.59
13628.4
19107.6
4421.8
4335.42
7042.3
5603.88
5408.03
6131.59
6066.76
6325.65
7343.84
8693.74
4898.67
5487.96
5646.78
8107.81
10142.6
4224.05
5679.89
4771.36
3628.11
5151.7
12976.9
3941.54
4281.75
8927.13
8369.02
6013.97
3789.19
4385.04
6945.23
4555.83
4980.86
7076.78
5837.66
8105.06
7753.86
7251.52
4841.7
5466.41
9226.24
3685.02
4720.77
6951.16
10690.1
7896.08
9512.23
6917.45
4733.13
10259.1
10041.3
6644.96
13865.4
5895.48
6456.08
7611.23
13158.6
5569.79
4809.65
6094.53
6178.45
5753.91
4377.1
6575.38
6692.49
6539.08
6573.65
7863.57
5669.04
12759.2
4742.48
8928.28
6106.85
6203.13
3427.02
4400.07
8584.13
6880.61
7464.37
6774.87
10672.4
5842.13
10073
3583.59
12080.3
3489.56
8561.92
5416.93
12122.9
11003.6
4651.02
6413.28
4922.35
12057.1
4223.01
5918.4
5972.34
3943.91
6163.03
5294.57
7686.24
7622.85
7889.67
6815.02
5558.77
5431.54
8697.65
4066.47
4868.21
3986.08
12036.3
5702.47
4265.73
5467.46
17944.3
9512.74
4788.88
9534.03
5592.84
11154.9
7094.83
4098.01
13864
4731.52
5773.63
5670.96
7981.65
3843.99
4753.35
4739.82
6967.82
5266.09
10267
8656.68
2961.46
7542.43
9919.33
3770.56
8537.64
5261.51
4350.88
3866.48
5782.89
9919.46
5507.01
4666.03
6083.41
7788.48
7433.4
6136.74
6224.48
5491.84
9498.57
11579
8650.89
6005.17
6288.3
15058.3
7421.87
6703.19
6785.76
8283.63
5531.82
11116.6
8338.25
5035.6
20490.2
6462.98
5676.1
4287.66
7261.73
3544.1
11247.1
7069.49
4515.3
7829.97
7055.54
11552.4
40570
6083.81
4708.61
8063.34
5041.53
10521.9
10367
6644.79
4488.7
4610.5
9390.99
13719.8
8370.32
3698.82
5242.98
9126.47
5479.03
5729.36
6046.85
10663.4
5351.02
4279.86
5483.41
5685.12
8607.11
7999.47
4685.65
8085.48
6345.98
9476
7634.61
4814.33
7951.59
5620.04
8604.33
4660.5
3852.6
7833.39
8713.15
4330.45
10201.9
10261.4
5397.9
7445.01
11765.5
6257.06
5361.48
3813.07
6522.25
6436.95
5824.57
6900.57
10410.7
5892.5
10054.7
4354.41
8982.47
8622.08
10872.5
5177.8
13073
10312.5
5028.26
3694.89
5371.54
3986.32
8627.39
5947.93
3901.24
7599.77
24731
4616.85
7267.98
3170.49
5672.43
7803.76
33157
5441.31
5880.53
5604.22
6213.24
7243.69
8884.8
6984.11
10272.5
11148.5
5896.23
8092.98
4827.82
9824.25
7788.72
7581.16
5693.5
9122.78
12630.3
3357.36
4870.64
4253
8452.1
4425.42
8089.53
5939.47
6890.64
3859.31
7105.59
4291.18
16435.7
3991.74
4646.44
5817.99
27257.3
6341.44
10406.6
3945.61
6362.46
17234.1
3757.41
6556.83
10412.4
4507.56
5620.5
7471.28
13183
4455.16
4656.8
3281.72
6653
7245.57
6172.65
6698.14
6234.98
9279.94
21549.9
9283.57
15556
4730.36
8647.07
5207.93
5580.1
7765.4
5402.94
6079.05
6226.82
7481.08
6380.3
12009.8
7739
4642.43
8887.35
5077.85
4865.61
5451.81
5445.38
4871.03
4220.71
8850.63
19775.9
6022.71
4972.52
6484.78
7214.55
4875.39
6556.1
8998.21
22084.6
4520.45
14821.7
5867.72
8978.15
6477.6
4952.86
5923.67
9914.92
11882.2
6518.4
5291.7
4841.54
26080.9
6894.28
10496.7
14065.4
11279.3
7447.27
8380.6
9116.02
11984.4
7556.79
6717.15
7394.91
4887.78
3566.18
6790.08
6059.68
6511.11
5467.8
8262.83
9283.93
3092.75
7540.93
15402.5
23932.3
8309.08
7129.7
5635
8247.24
6717.32
9080.36
9564.4
6283.9
8115.15
5502.37
10316.6
5825.56
9033.37
5269.67
4537.12
7689.83
10945.8
8406.18
9356.15
4763.4
6943.61
3663.33
9498.96
7534.3
3417.89
6573.89
10066.6
11141.9
4817.42
4165.85
6118.48
17586.2
6025.52
4692.97
6346.73
8028.18
4147.84
4985.43
9563.57
7105.38
6584.05
8151.56
4151.06
6430.76
4902.08
4525.07
7880.74
7687.91
9975.45
4169.88
7289.56
9033.29
6699.94
5968.65
4124.99
7513.07
3641.14
6015.49
6508.79
8433.24
5939.6
9472.42
10424.8
4409.25
8154.47
6044.62
4062.98
4545.21
4738.16
5524.61
5088.48
14490.4
8104.37
7415.86
6436.12
5653.94
4419
8546.03
10803.8
6465.87
5902.71
5196.72
3085.96
7684.35
7381.87
7814.6
4241.11
7139.53
5542.29
6211.23
12305.4
15491.1
5960.09
7388.25
5731.93
6878.43
6814.14
5822.03
5165.9
5791.48
8590.37
6174.84
18270.8
4780.75
12165.6
8552.45
6333.71
5668.18
6059.16
5311
4533.33
7162.35
9181.64
4811.46
5332.02
8165.77
6654.64
4571.61
9398.84
7737.29
4579.72
8111.34
8131.75
10333
8381.07
5132.46
7275.45
6250.45
5674.05
16584
4014.55
6068.91
20909.9
6365.57
5054.62
9628.26
20332.6
6353.46
9028.81
3807.37
3869.42
11625.2
4441.76
4599.28
8415.36
11247.1
7208.13
7346.91
6087.85
4477.48
5436.44
7266.2
8281.76
6187.27
7296.39
5961.43
6066.5
4986.5
5443.37
4469.39
6635.8
5898.8
5931.63
9538.11
4861.73
16561.8
4542.45
5021.49
11026.2
4784.14
8835.4
9201.24
12243.8
8374.68
5073.11
4570.93
5622.74
11670.6
6836.8
6981.13
5631.36
3914.38
7360.12
5521.18
6973.58
5169.86
6046.55
6465.93
4103.86
5872.2
5847.78
5486.81
5547.81
7828.38
8263.72
6749.64
6041.9
12336.9
7947.43
10048.8
19152
5691.18
7555.14
6402.08
5503
8490.59
8414
9311.59
7569.37
11152.2
6846.26
8004.5
6356
6532.72
6025.98
8526.79
3971.58
13042.8
4780.61
5590.29
4645.38
4205.93
10504.6
4957.86
16011.4
4824.04
5870.1
9510.22
4533.26
6301.52
13291.4
7189.73
7351.35
36290.9
4976.09
6381.98
9034.48
12469.5
5499.49
10936.4
4299.84
8814.51
4152.4
5010.48
4857.13
5936.9
11839.5
6927.91
9944
12893.2
8520.88
5102.08
8830.48
4139.03
13484.3
4253.3
5878.19
7182.05
10931.9
9926.54
6452.75
21864.4
4863.73
8894.5
9014.92
5870.58
6800.7
5835.81
4995.68
9800.27
7122.31
4340.06
5726.63
6042.67
4536.66
6308.61
3446.43
8306.31
4875.71
4517.27
5283.44
6157.77
9737.63
5186.94
6896.71
16216.6
6345.95
8181.51
5889.17
10660.2
19349.5
10101.6
13499.7
10488
7003.6
5782.4
6765.94
6421.82
5454.66
6982.74
8261.9
4740.24
13276.9
18527.9
7148.12
9219.34
5950.36
5469.27
6204.68
10273.4
4915.59
5906.37
10092.9
6255.03
14729.8
7286.16
5157.32
4398.32
9525.93
6952.33
3783.65
9131.75
10173.6
7678.71
7309.6
7738.96
9884.5
5051.37
5012.04
9452.88
5087.25
8907.39
9502.57
5713.8
7934.95
18295.8
5125.68
4652.56
3835.54
13155.8
5504.37
4720.62
4118.16
6974.3
5164.96
6427.38
5378.63
5456.55
4139.71
4498.7
8679.92
8881.72
10415.4
5632.93
7169.75
8377.01
6759.61
4056.17
5913.35
5461.37
7894.16
4853.91
5957.86
5275.04
3772.52
9266.95
7857.92
4465.79
8683.93
4580.22
18913.9
12524.8
9112.45
8099.84
5966.19
12658.4
28001.8
9748.39
6301.58
5796.28
8214.4
5724.37
3406.18
4833.92
4968.21
4516.82
6390.25
5119.07
8247.09
9675.64
4656.21
5027.91
6617.17
5017.13
6159.75
3500.92
4484.73
5957.15
4172.3
4360.67
5351.64
4499.19
7395.95
5995.18
3871.5
6098.42
9070.36
13061.5
5715.41
10907
5656.12
7953.66
6962.05
8105.55
4467.41
3991.48
7266.82
5482.46
25220.5
5274.61
11385
9424.38
7820.56
5940.58
20689.8
5160.44
7653.51
21262.7
6205.69
4257.26
6062.34
4489.41
9254.01
5154.79
4505.62
6862.76
4087.8
7953.76
7082.99
9690.71
5540.71
3442.89
4686.3
11423.1
6360.22
6753.63
4797.07
6597.8
8397.29
6629.6
5250.39
4870.47
5259.22
10695.9
6472.11
6996.77
4545.82
10226.3
8337.44
31789.4
4977.79
11067.1
5034.27
10070.8
10652.6
8905.45
9738.43
4890.21
9204.28
5400.88
12475.9
6490.42
5076.38
3279.99
11275.9
14912.8
8588.37
19216
5195.36
5284.29
5673.12
7411.62
5304.59
7120.32
3936.25
8943.78
6219.39
10196.1
9753.43
3812.16
6408.26
9795.58
5432.35
9643.57
3339.92
4797.86
6959.65
7505.2
5622.71
4875.77
6344.69
14703.6
6930.39
5062.47
10342.3
9253.76
21033.6
8418.81
4897.72
5813.47
5303.02
5495.16
5690.17
8568.17
13234.3
10312.1
4665.83
4124.31
5759.21
7015.68
7331.34
3461.29
5440.03
5042.03
7233.9
5934.07
3887.96
6213.77
5708.83
4874.84
8371.91
8215.03
3719.17
6375.14
4735.36
5355.18
18225.6
4131.22
8180.54
5325.44
4414.9
7329.5
5190.26
10722.5
34738.6
8419.76
4984.91
4282.05
11726.1
9880.87
7469.54
9155.96
9007.57
4842.96
20267.6
11065.7
9498.37
12046.9
5103.56
15547.5
5793.83
5299.06
7410.58
5597.51
7773.31
6330.58
4466.75
10822.4
7850.5
10133.4
9912.63
8043.51
5761.62
5157.73
6905.15
6298.36
9532.25
13616
7431.06
5520.29
6479.98
8256.65
5647.12
4509.97
6817.83
16881.3
4248.14
6397.33
7237.41
7004.35
9517.04
7582.5
8549.68
8862.14
11222.2
6841.04
6839.5
7446.79
9784.29
6802.84
6261.63
6143.26
6375.08
13795.5
6982.5
5255.29
4537.95
3548.75
11772.8
9220.88
9223.98
6391.34
4674.88
4176.81
6006.95
4433.41
6936.99
5873.75
8140.92
9006.97
5935.5
9695.68
5643.05
9205.57
5460.5
7790.86
12758
4904.96
9303.84
7365.86
3245.9
10805.7
4405.86
14698.5
15356
5359.13
4615.06
13155.7
15749.6
4736.42
5412.43
15380.3
6271.68
5368.26
5866.98
5568.24
5668.62
3531.63
5354.75
3836.97
6788.63
6059.49
7918.11
7300.14
9633.58
3797.41
3116.27
5822.56
3366.5
4122.32
18459.8
3896.38
7282.59
6602.73
7926.91
5405.6
5408.31
11916.4
4592.45
5539.17
10811
5577.6
9982.77
9003.01
3571.53
6682.45
3218.07
3713.13
5378.15
4232
6075.86
8805.51
4238.66
4428.95
5341.09
17925.6
6228.76
4645.96
6249.79
5103.78
5771.89
8297.29
10720.6
10938.1
4861.29
6535.17
6147.24
10729.6
5710.64
12272.7
4816.01
12511.3
14203.7
8881.4
4312.66
5242.33
7670.32
5162.54
7943.54
8395.32
8047.77
4778.9
9655.82
6419.81
7721.82
9174.21
14254.3
8678.23
10287.9
5118.02
4971.39
9021.93
7368.47
6709.75
12604.7
7808.38
7871.41
6838.28
4610.64
4426.23
10166
10186.1
5914.94
9540.93
9637.07
11014
5457.22
10232.5
7158.9
3530.07
4864.58
9870.57
4248.62
4865.27
7533.84
10500.4
8369.11
7468.16
16742.9
10836.5
4627.06
6071.69
14788
11606.2
5334.25
7254.87
6297.71
5760.15
5901.9
6888.36
4456.75
5754.58
7288.58
7249.14
5742.64
4277.11
6995.7
9061.38
5724.99
7844.04
4584.89
5925.6
4048.19
3119.13
17909
4361.86
7295.78
7659.73
7557.39
5962.26
10207
6059.94
5652.18
7878.8
10539.6
7927.41
4934.11
5410.34
20517.5
24707
8321.6
8837.78
12891.9
7748.12
15018
9927.82
5308.04
8875.97
6545.79
6576.53
5897.2
6383.23
4939.39
8207.58
11227.4
11647.8
5161.74
7443.46
5821.53
4941.16
5569.82
13176.6
5545.7
3752.91
10581.9
9076.31
8964.32
4904.19
7680.73
13329.3
24168.4
6921.62
4809.22
5167.52
5534.7
4323.1
5813.61
7935.09
7610.76
7601.93
8359.17
6840.92
7366.81
5089.24
6414.23
3866.45
7256.22
7899.19
8512.58
6277.46
4625.17
5389.85
5292.45
6424.09
16390.3
15019.5
4110.08
4940.89
4390.89
7244.19
5119.78
4768.53
6155.61
5908.51
5769.14
6978.5
9204.5
22870
7736.28
6854
4853.71
6270.78
6225.65
4404.19
4362.2
5149.08
6739.23
4942.07
6776.54
6163.43
11997.2
16088.7
6663.34
5613.02
7116.16
13159.4
7657.04
11756.6
6725.29
4223.33
6778.7
6242.16
4668.14
5647.81
27723.5
4659.05
3620.89
5358.3
5420.35
8446.49
4364.03
5204.93
7653.6
9284.89
7804.1
10021.8
7540.86
3839.24
11918.5
6160.86
5298.48
5468.45
6066.06
4554.88
5947.07
4184.26
10502.6
12125.4
4485.33
9930.55
8488.08
10085.4
11200.1
5072.46
7996.97
5067.79
5432.48
35823.8
3543.4
12124.1
5499.34
5048.98
5528.57
4530.69
6173.61
7410.9
3821.91
5845
10237.8
4991.89
10471.8
4200.38
7364.19
7601.46
12362.5
29525.8
7075.88
5200.6
6160.79
8283.77
5353.47
6892.88
4601.03
7752.75
7176.61
3543.43
17776.2
11077.8
7194.2
7481.04
7238.51
5076.87
6992.72
3986.58
5403.16
5608.12
5536.95
13476
7455.11
7636.61
8306.98
3807.45
45392.8
22319.2
3716.29
7333.81
7981.95
5649.72
6576.12
3700.41
5240.36
6083.05
27366.3
6692.95
4902.93
9647
6672.9
5769.76
7623.19
5739.91
7273.01
5006.45
6535.13
7058
8032.82
7898.67
12525
2829.04
5462.62
9376.71
5229.88
5468.58
2561.21
4419.14
6296.87
5574.22
6129.11
5330.26
7298.98
10706.6
5294.7
3745.68
11105.2
4675.4
3806.58
5512.56
9976.07
8545.59
4207.37
7165.09
12412.4
6921.44
3821.71
5134.1
4376.96
6542.06
6971.31
14898.7
12556.4
5534.67
6707.75
4743.5
7839
8725.83
4572.59
4330.25
5966.37
10688.3
6318.59
4998.49
4054.85
7927.85
6632.31
13561.1
6707.2
12614.3
7169.41
12765.8
5614.4
8451.41
13555.9
12081.8
7058.27
5951.95
6715.77
5639.09
5424.77
6566.3
5271.69
6241.05
7297.42
5671.95
6132.54
5876.32
3502.54
13396.4
5965.73
7068.24
11332.8
11342
6029.28
7910.37
6720.53
11451.3
5221.66
5828.68
8719.91
4376
6292.45
7867.1
6120.68
7272.37
4166.07
5577.13
8841.51
10235.3
5733.22
6136.81
5470.47
11817.8
4942.38
4180.25
8514.55
7487.24
10664.6
5569.58
7839.56
10494.5
5685.22
8281.43
5279.07
13545.8
10175.8
15706.2
7189.04
7474.41
6687.53
6398.32
9276.06
5596.27
4305.64
4638.14
5517.53
4053.43
15347.3
6401.29
11408.2
6621.52
6985.12
5527.61
8027.74
3746.47
11121.5
4340.94
8115.54
11573.5
9169.86
5492.2
6360.73
11272.5
4762.2
9641.44
7810.68
4835.39
5761.69
5593.09
4889.29
8858.4
9220.54
6506.86
13311.5
10868.5
7712.81
6093.57
13597.9
3977.91
8637.52
5177.54
4614.98
4652.76
5710.75
6507.91
8453.9
6675.83
5462.61
8122.24
4975.02
3904.72
12991
8338.27
6621.35
8314.54
8875.19
10359.5
6480.76
5295.03
7507.64
8641.26
4809.59
19859.4
6899.25
12173
6753.92
5871.54
7813.34
5018.21
7623.11
6566.16
5242.46
10855.2
4648.94
6376.47
6492.71
10418.9
5901.62
6566.91
27856.6
4436.38
7616.03
8434.97
7755.85
6286.02
9997.58
6934.29
6166.55
4833.76
5871.87
6660.91
9663.75
16422.5
4937.13
9174.55
8835.48
4734.43
7907.92
8692.86
6203.89
4339.64
12823.6
9459.09
5083.74
9173.42
6673.77
11939.1
6382.19
5180.94
8383.31
8067.48
18003.1
4115.18
12404.6
7908.53
22213.2
12740.9
4396.22
9099.01
7197.97
6982.74
5373.9
12924.7
7966.66
5636.37
8047.9
4218.19
10702.5
12132.6
8340.73
11498.3
5530.48
4646.39
4782.24
9360.92
4414.23
6693.91
15512.7
4180.63
7555.17
7501.03
7155.31
16282.4
5721.41
3507.37
6074.78
8594.41
8936.95
4279.86
9423.63
9782.55
21772.2
8185.36
5408.68
4569.47
7440.4
14425
3533.34
11430.2
5976.26
14511.5
5649.3
6298.12
6630.94
7121.6
9668.86
8110.58
7068.21
13201
9597.72
6921.41
6186.64
6669.23
5134
14062.2
7630.36
5313
9251.66
8918.89
6203.43
6040.87
4775.64
5202.11
7302.43
4852.57
7617.29
10250.2
7176.36
5603.41
14027
7599.96
5453.04
9098.87
5907.85
12958.8
5745.57
9899.35
5540.71
10497.9
4555.02
10651
8860.56
6065.93
7551.14
5688.68
7642.57
5302.85
7097.96
8324.66
4079.22
6807.1
6198.27
19647.9
5890.39
18243.8
17192.3
8269.16
4907.71
7564.97
5214.79
8237.54
11655.8
5113.92
15285.1
6528.74
7559.03
6277.38
7930.32
7871.59
8003.57
4958.35
6261.99
4864.02
9071.17
5584.97
7838.51
6802.05
8937.04
6907.14
11331
15500.1
7175.49
6646.83
12584.3
5631.41
9003.06
6735.1
8686.24
4961.2
6627.25
7174.41
5842.61
5278.7
6094.85
4003.03
3833.58
5904.54
4823.65
5760.14
6241.39
9907.79
8630.55
6167.72
9954.64
4149.15
5173.88
13205.3
3917.19
8788.13
9944.57
16903.2
11942.2
6679.21
9584.48
7139.29
7810.09
4705.79
15113.7
7058.26
6671.43
6839.31
6360.8
6202.17
12079.3
5315.87
7351.25
6151.12
10044
11717.7
6157.96
5437.36
9107.14
4953.49
8603.02
9550.02
7862.31
14611.7
5154.38
8145.61
8219.8
5415.23
4014.8
6452.14
5947.02
14584.8
3935.73
8213.63
5943.15
8491.24
5209.69
7370.47
5330.46
6672.36
5263.63
10345.8
11536.3
4645.96
13530.6
7350.04
6793.85
8701.38
7200
8176.79
8059.11
7936.66
4288.83
8042.36
7588.38
8875.47
7331.92
3171.15
6086.58
8116.68
8636.86
4502.08
5377.68
11223
5964.45
6490.81
4875.75
21469.4
4342.65
4818.89
4025.1
5155.99
4019.1
4247.21
7007.43
10137
6322.64
6697.61
12047.6
7045.17
8333.66
4292.53
5110.25
15320.7
5278.68
7201.04
4358.65
6276.09
4618.21
8026.21
6001.68
9328.05
8478.36
7601.25
6609.81
6164.07
4758.44
11763.3
4585.1
5967.82
9654.23
7754.97
5428.03
7428.25
3946.66
5342.89
9004.12
6512.17
4854
6469.18
3468.9
11283.9
9265.28
11021.5
5668.64
10756.2
9547.29
4332.97
8237.8
13915.2
5090.22
12801.2
7718.05
5374.41
8210.95
16136.6
4450.13
6193.37
7839.31
7613.79
4098.94
6716.81
6678.77
8088.91
7822.93
17135.9
9091.85
6910.41
7654.23
5280.1
5062.61
7278.81
6002.62
6918.89
4965.73
6326.88
4026.56
10050.1
10997.7
6770.77
6164.29
10971.7
8334.63
6291.84
5300.24
6392.44
4682.9
4593.06
12431.8
10938
7040.02
7837.74
10304.8
4070.64
8056.94
7306.13
5599.08
6590.61
8174.07
4865.04
18519.9
11582.4
13765.4
17197.8
4387.2
5182.88
7437.71
6773.4
5875.71
5271.3
7058.99
6815.43
5918.71
5069.09
6043.95
7411.35
5619.04
3751.6
5887.69
6057.43
6870.53
6683.08
11188.1
10554.8
11320.8
4555.68
4068.18
10531.7
10351
9359.72
9733.25
9557.99
5282.54
6553.12
11628.5
4483.75
4967.54
21871.8
4876.3
8142.54
7878.38
12105.2
5739.94
10214.4
7355.2
3579.31
6351.41
11559.6
7670.04
4560.89
17209.4
5480.22
6006.94
21917.7
8104.17
6603.02
6407.85
6416.9
10349.9
5183.97
8549.08
6680.69
5893.39
7031.65
3526.52
6006.65
6190.66
8701.1
4759.06
4725.56
6154.66
8503.03
8213.53
5541.04
7982.88
4647.92
5949.18
10978.4
5997.69
4716.78
8462.07
7011.82
7166.2
3304.74
4211.72
6451.97
8626.21
7504.29
6375.86
5420.86
5253.69
15623.9
7376.89
8794.58
5928.2
14267.8
7452.02
10846.2
3859.54
7180.36
3982
3828.23
3944.35
5768.22
10557.3
4691.84
6234.86
8995.65
4644.11
4984.26
6082.97
4729.82
6832.98
9280.79
5722.25
5044.75
9226.41
5109.63
4712.15
7275.43
20723.5
4126.81
5420.41
4628.6
5463.42
5337.95
9470.64
9403.31
7413.47
5959.66
7092.19
5003.34
3800.72
3591.19
5788.51
6636.89
4998.62
5772.98
9195.55
8081.56
4818.24
6656.32
3106.67
7647.34
7193.58
8776.09
7564.95
6921.63
4638.57
10583.9
10324
11596.3
7285.5
7479.18
13587
23985.8
5606.49
6800.28
12704
5011.59
3620.83
8377.77
5126.15
10716
17307.2
7931.13
9260.93
5215.58
6928.53
3803.19
9136.71
6524.69
8802.28
4743.73
4573.88
20062.6
5303.82
9196.4
5425.74
6531.02
9259.06
8023.35
3356.61
6798.82
14373
5504.16
3220.82
4680.84
9737.92
6828.42
5333.72
3986.18
6107.96
19733.1
5180.48
4059.99
7584.82
7757.57
10557
4363.75
5944.63
15527.4
9814.48
10711.5
4232.67
8240.84
10013
6690.22
10443.2
10030.1
11232.6
10119.5
3721.96
4045.53
4128.24
5994.59
6259.04
6889.82
5828.81
4737.34
10125.7
5893.84
5984.83
4997.75
5161.2
9630.87
5249.57
6608.01
8866.89
4293.38
5399.55
10489.1
6845.54
6117.77
9380.08
8528.19
13987.2
5206.41
9349.66
11835
8674.29
6200.77
7163.95
4832.25
4459.91
6716.25
8878.65
12982.1
3621.8
32865.6
5476.54
5178.74
4093.76
8602.42
6452.48
3535.87
5190.53
14756
3567.95
10081
8099.03
12287.1
4611.82
5214.66
3938.87
6998.44
4389.12
6951.98
9497.25
8945.1
4115.65
4209.64
5359.82
15018.9
5023.48
4973.49
4191.58
5311.97
5050.17
8390.5
13962.2
5450.75
10998.8
5551.93
12602.6
6153.45
8970.34
8779.33
25107.7
10774.3
4831.77
5814.19
12239.2
16705.2
25996.1
11855.7
5503.41
7270.97
5710.29
4048.22
8919.94
5887.6
11875.8
5167.41
36800.8
19405.8
5093.38
4294.94
17822.7
6667.36
5506.49
5980.9
8050.67
6159.61
11997.5
10820.5
5449.81
6416.7
5020.72
8364.8
7746.31
7021.89
5242.2
9409.73
8671.33
3518.06
14090
5612.41
6976.53
3595.72
4729.07
9565.74
13227.2
11724.7
6580.19
5196.03
9137.54
13083.8
7121.6
22213.2
6879.45
4379.38
14995.9
4360.3
9160.96
3534.53
11069.3
6912.3
14655.3
5165.87
7839.51
6098.16
6124.03
4023.54
9494.4
4749.83
8603.43
6045.79
5407.88
8039.51
4418.89
9585.95
14436.7
6184.29
8415.48
9245.02
4880.36
8996.5
29115.5
3796.57
4050.19
5968.74
8203.65
13666.2
9556.39
10609.5
7589.52
26663.6
11673
5433.24
6774.22
4442.76
5967.87
3615.08
7869.33
8767.84
5492.85
4151.14
4985.82
8838.89
6022.71
4524.85
8804.9
5862.09
10687.1
8933.9
11101.4
8365.5
6325.69
3739.02
6078.08
6990.17
7923.89
7011.61
9153.55
15012.5
6082.48
7061.64
8067.58
5557.4
6254.54
6286.1
6224.92
8053.84
8993.9
9682.37
6638.69
11528.1
4319.99
6394.17
15467.9
6326.22
5873.35
7025
9822.67
9626.58
4350
7146.18
5480.23
5075.78
6130.01
4864.66
6972.61
6922.11
12910.9
7380.22
6179.23
5486.62
4814.51
6213.7
4733.56
5851.83
7350.08
8165.47
3847.77
5487.47
10238.5
7515.86
6502.79
8282.89
4173.58
3732.13
8175.17
5915.13
5497.14
4728.57
5345.03
5398.42
5324.7
5675.28
8723.32
9140.7
8721.48
4300.16
9181.39
4545.38
7328.64
11545.1
7234.75
5909.67
11344.5
8962.62
4830.33
4349.56
29447.5
29408.5
5275.35
12936.6
8832.35
7903.8
5068.5
7092.84
5168.5
7343.49
8768.87
7951.23
4321.7
9283.87
10554.2
3528.97
5356.12
6743.02
6364.6
9602.68
11049.6
4980.6
5906.26
15332.8
5989.43
10827.7
5441.55
15038.9
7442.54
6756.16
8091.23
6038.92
5210.32
12836.4
9955.44
6167.29
14256.4
4389.14
6765.73
11554.7
6753.83
8678.68
6237.87
6397.83
4686.69
21394.1
11274.4
8474.46
3831.43
8447.42
4144.56
5583.35
6376.89
9239.99
6525.83
3802.53
4227.29
7820.08
5956.31
8955.25
11911.3
4141.65
10473.1
9127.38
5531.89
5705.71
7737.01
5310.9
4673.19
13498
6603.87
14047
3755.66
4687.42
5546.32
12063.1
5380.57
3675.31
6594.79
6671.72
5376.13
6576.08
5709.33
11748.3
8996.97
5754.56
7029.3
6427.09
10226.5
10768.8
4523.5
9142.4
7364.16
4340.61
7980.8
12314.8
5480.13
10544.9
5997.46
7087.65
4623.92
6780.28
9277.47
8574.07
7799.21
11445.4
6995.53
5723.24
6745.32
7371.32
6121.02
4140.62
14986.1
9428.99
5399.28
5668.89
6578.22
4432.1
5746.48
9082.54
9798.05
17155
5806.49
5161.69
9468.1
9498.71
11090.5
5916.76
4822.51
5234.54
5564.41
10101.3
9541.61
9973.77
4497.18
8748.59
7512.71
5224.91
6965.43
6270.13
11477.2
6145.74
5307.83
6675.47
11220.9
5018.97
8248.71
7745.91
5669.05
6032.04
29119.2
3764.27
6706.85
9319.04
6271.32
7524.75
5397
4019.15
5132.56
11409.2
6716.79
10909.9
6680.79
5226.42
5307.3
7975.04
10039.1
5575.93
10389.7
9280.06
6510.51
11784
7602.39
8716.8
6387.69
7822.51
6519.13
9827.26
3774.08
10483.6
6183.92
8955.15
4111.63
13916.7
5494.68
11512.4
7019.65
5350.47
5309.68
8119.9
4771.47
11291.3
5570.23
6657.03
7457.27
5623.33
5178.2
4110.5
8105.52
8403.03
3810.29
4852.03
8648.72
5198.23
4616.44
4647.52
5163.81
10905.4
16408.2
6139.63
8893.86
8755.85
7441.16
14494.4
5760.61
6176.47
5324.5
11568
10351.7
19208.6
5712.56
5310.71
5518.28
5311.33
8484.93
5398.44
9575.59
11473.8
8963.59
11132
7228.36
5119.89
4709.15
6157.09
11978.4
10417.8
4847.36
5499.37
7543.69
11782.4
6352.46
9900.7
15196.9
10835.8
7783.55
5939.95
9626.01
11648.9
9671.65
7477.37
6202.27
15964.9
8221.65
11277.6
8404.94
6812.94
5345.37
8446.06
3199.69
23169.2
7308.34
18875.2
5250.89
7561.11
5318.86
5359.61
13659.1
5179.28
5694.47
9813.15
7211.15
6715.46
17656.3
8381.34
4725.16
3853.5
6148.56
7708.84
6504.81
3028.03
7877.09
6587.88
8408.09
9406.55
8691.36
5859.21
6534.12
7499.59
6919.77
6232.96
12726.5
5580.66
6909.03
5003.2
14694.4
7513.86
6057.69
11585.2
6735.36
7423.92
6963.58
21892.3
3423.68
6473.23
8924.92
4828.3
5647.64
6091.4
4935.32
6684.23
6590.66
6707.05
12910.5
6255.48
8015.09
8667.92
10593.7
6946.63
3761.8
4210.98
5342.12
5450.76
3540.33
4779.13
9465.5
7745.55
5346.59
5126.86
6867.62
5224.04
5503.2
11635.2
5972.33
7912.09
12921.1
5107.58
5965.36
4943.13
7543.22
5586.15
6256.3
12458.5
11474.8
8880.21
4383.52
7080.95
6801.65
9365.81
4655.22
11611.5
4581.43
9329.1
4673.04
5052.6
5390.97
24667.2
10609.2
5961.72
6592.66
5510.67
8823.94
13774.2
7508.11
4214.64
5320.41
3883.3
7012.12
4251.05
8156.61
4242.3
6528.92
7470.16
5718.69
12056.5
6688.13
4343.47
7699.2
5961.03
14515.5
10300.3
22337.9
8128.88
5058.57
17229.8
6959.88
10490.2
7371.79
4788.84
5396.1
11159.4
8495.86
10703.7
5697.03
6803.87
8969.33
17206.5
11438
6046.69
5363.38
6095.76
8076.78
9452.05
6697.29
15944.4
6279.61
3518.95
5581.68
7917.29
11649.4
6711.11
5404.34
6239.89
8158.91
6631.49
6537.75
7580.05
3816.59
4593.79
3725.49
4699.52
13627.4
5127.95
6706.38
7579.2
7529.54
11822.9
3875.97
6331.04
7028.34
9822.09
5512.01
6088.17
6285.01
4018.25
6886.52
8499.17
15273.6
10189.3
6973.45
6299.04
7604.96
6045.89
6667.72
4954.25
8121.06
4458.5
6793.84
7628.97
9076.82
7593.33
6003.63
5241.98
4817.51
17395.1
2881.39
11400.7
10215.4
11853.9
6838.47
4520.56
8257.64
12828
8319.53
6431.16
4557.77
7022.78
7277.74
4140.35
4712.98
6284.84
6125.42
6927.71
5032.91
4158.5
5131.5
14886.3
5871.03
8574.22
6318.57
3998.59
14078.2
4376.81
4558.83
8240.64
8187.87
7796.87
4001.77
4245.91
9249.21
16390.5
5609.86
5071.2
5897.34
6090.97
7072.06
8652
8625.46
4736.34
3745.73
8281.39
6619.54
6717.98
7611.86
7095.5
7397.6
5330.98
3396.8
5561.37
9163.19
5620.89
15271.3
8691.62
5751.31
12473.8
3576.77
4509.68
8098.72
7143.56
4360.96
6614.75
6247.55
5560.01
5878.8
5016.05
6657.76
4023.83
5117.82
6499.84
3469.38
10477.4
8761.27
5500.9
4681.84
7430.33
7078.21
5078.07
5076.63
3136.74
5597.9
5765.31
16198.7
6130.61
6120.72
9052.38
19649.3
4789.38
5959.88
5758.29
6998.33
6931.92
9714.83
7185.58
4335.42
9000.22
4328
3258.8
8576.06
17140.6
4402.51
5866.76
9316.83
7345.38
8870.7
4395.34
8411.96
4784.8
5336.5
14002.6
14800.4
11443.7
7686.26
4337.27
5984.9
11456.4
6867.81
4033.92
6365.02
6049.83
7050.54
6642.07
3415.49
9443.87
15838
28860.1
4249.72
5425.77
8007.07
5551.83
4625.93
7882.38
5105.29
8705.01
19766.3
9364.98
5962.7
4494.89
7668.05
4474.3
6097.65
5343.68
5884.38
7348.72
9386.12
5144.2
3775.75
7239.68
9476.77
6796.65
4371.59
12415.9
10525.7
12917.5
4239.4
8039.33
9708.56
4282.64
31272.1
7435.37
9476.89
5474.81
6343.06
5728.52
7737.12
7138.23
4729.36
6087.73
9097.1
4322.89
7387.57
16166.9
6642.55
6863.32
6064.64
5087.91
8923.43
7406.49
5593.65
6653.99
6321.65
4792.53
7425.07
6455.24
6488.64
5039.08
5098.33
8370.11
5794.61
4304.16
15153.2
7178.15
6710.3
5458.55
8172.84
6268.49
4193.5
10060.9
8696.33
5206.69
9273.34
6085.86
8776.46
6632.62
7707.35
5042.41
6358.7
5080.5
6184.17
5011.08
5199.44
5715.68
4090.93
4337.85
6027.77
4708.75
7710.43
8340.1
6921.9
5248.04
4711.67
4763.9
5897.04
9284.44
4053.59
11053
6389.4
4719.07
4996.44
6474.14
16028.9
5987.13
8293.07
5947.36
7159.37
6972.32
7816.74
4933.61
7071.59
8372.86
7224.96
8568.5
10524.4
4567.69
5000.21
12278
7745.69
7260.04
5623.98
5494.67
10588.2
8909.73
9266.51
12003.2
4195.76
6649.84
9640.47
7097.44
14678.1
7613.46
5587.79
13275.7
7833.7
7958.19
6889.01
4932.15
10342.5
8447.71
11479.6
3790.96
7087.9
4125.66
4747.31
4546.44
18278.3
6191.19
4120.86
7177.69
4076.46
7409.79
18257.8
4008.29
4803.79
12155
7039.28
6635.4
7669.7
4484.75
5065.06
23675
8847.99
11472.9
8779.71
13208.6
8893.89
3967.66
9241.94
7179.45
6201.1
6272.86
6303.73
5268.97
7336.68
5776.34
4390.79
5866.89
4216.11
5523.25
8056.95
3997.92
6019.66
11220.9
6973.13
4995.54
6910.4
9549.32
11928.8
19215
4253.24
15437.1
7972.93
7357.84
23849.7
9974.14
17416.7
5793.04
5176.39
8407.11
16969.1
3802.82
5229.91
6180.48
3561.24
5765.56
5371.61
9151.52
6496.29
5130.93
4629.29
5102.77
4796.06
4454.66
5061.5
6615.22
14024.5
6298.04
11537.1
5678.92
4479.1
4321.18
8274.59
5492.73
10386.4
5890.3
6009.82
5995.53
5923.88
6529.4
6700.38
4085.72
9435.94
4506.59
11517.2
4519.56
5038.61
6077.03
10840.2
4907.85
5898.13
11222.3
3572.58
12183.8
8605.95
3765.72
6627.38
3128.65
7170.81
8762.32
5200.32
7222.23
4984.12
7628.15
7592.45
5630.18
5868.17
6008.45
4679.25
7506.07
4580.21
9858.81
4907.27
12747.5
6709.9
6228.8
8426.03
14184.2
6468.68
6630.03
8721.07
3990.89
8067.91
5818.58
14957.9
6253.98
11398.2
8970.47
9537.06
5883.4
6973.9
6888.63
7719.69
10338
5416.99
5499.21
10800.6
6687.18
5185.2
14546.5
4701.42
5847.44
9721.62
7219.04
16450
13095
4884.68
4666.5
10483.2
7579.68
5437.88
4123.36
5747.31
6910.08
6808.55
6824.95
9658.98
16528.9
4781.96
7330.24
10205.1
13113.7
2691.47
8365.12
7160.49
9096.9
7507.41
7241.35
10315.4
20267.9
5693.95
5280.24
9920.4
2954.44
8749.83
5008.61
9497.74
12472.9
5358.46
8129.66
6610.94
9959.92
7296.42
5540.86
4724.83
4886.82
5253.92
6266.79
7501.78
5622.55
8257.83
6466.38
4446.29
5505.73
6455.11
7715.91
4462.11
7375.39
4378.38
6335.27
17243.6
3802.28
8726.71
5228.04
6047.89
6522.57
5224.22
6323.92
10195.2
6272.41
10671
4366.4
6733.12
4951.31
11068.2
6158.75
6431.96
20304.7
7500.65
10010.8
7269.5
6532.03
9211.27
4584.15
5429.86
5428.18
18294
14150.4
4270.22
6647.83
13188.6
10950.4
8481.98
12650.1
8861.52
7315.16
5577.57
8737.23
7833.24
12734.5
6378.81
4800.52
7950.24
8038.56
4667.59
8078.4
4227.23
4988.67
5390.52
6287.92
7431.97
4268.72
7682.41
7317.69
9361.62
11400.6
4924.53
6285.4
5508.43
5376.87
5543.14
5051.73
6790.88
13578.4
6850.85
7281.64
6330.89
12259.4
5092.85
29231.9
4460.77
6437.1
7233.29
8263.24
5899.74
6832.55
6378.8
6420.28
4762.58
3206.22
6665.45
6520.2
19073
10450.5
3930.86
6832.41
5244.28
12896.4
9981.82
6542.29
7408.49
6207.88
7481.09
7862.86
7818.65
3529.7
3847.53
6203.27
7062.86
14695.6
4751.01
5097.6
3954.44
4830.18
6679.37
6608.25
10118.8
17942.4
13626.8
8187.51
6385.73
4929.53
3227.57
6245.78
5589.82
12466.5
14231
7718.36
4134.43
6062.95
7372.09
4948.43
6139.87
6171.68
3650.73
6430.4
15157.1
3962.73
4933.61
5968.19
8029.71
5324.02
10157.6
10531.1
6494.22
5005.09
6402.53
8311.32
6945.91
10627.7
7254.48
8547.82
7123.27
4251.06
12313.2
3849.93
14639
7670.05
3875.55
7412.39
10036.9
4151.9
9487.47
5051.12
9729.37
6321.71
7612.2
7004.37
9572.75
3915.95
5291.46
7050.09
7437.58
4483.31
12896.1
7515.87
6591.99
8113.24
7091.18
6314.21
10778.7
6143.1
4545.87
7545.46
12433.6
5633.58
8226.21
7183.46
5993.73
7568.17
3889.82
25852.3
4180.89
9403.82
16334.2
7839.35
7480.62
5924.77
8977.14
10005.2
8373.64
19904.1
4560.06
30462.7
7307.54
5184.9
5221.88
6949.19
10457.8
4686.64
4583.43
4868.1
4852.24
6449.32
5401.56
7938
5240.28
17979.7
5032.58
4556.83
2865.31
9638.96
8559.52
11201.1
6367.04
6434.69
6939.98
7480.56
7186.04
8363.1
8011.36
8818.32
4260.56
13145.6
4938.7
7497.04
7561.56
6758.49
12886.5
6625.5
4232.99
7526.98
6716.92
5716.95
5443.12
12554.5
5150.31
4456.48
6157.39
14953.9
6218.55
3916.63
5679.84
5416.12
8882.2
9517.46
6854.94
5943.92
7348.47
14523.9
5607.15
13866.6
5250.34
6289.92
8844.18
6960.06
6574.13
6959.05
4491.91
6731.36
34375.8
7795.49
6621.51
4854.91
13938.8
5117.49
4447.32
4700.19
10558.2
5616.92
5026.85
3883.01
4478.29
8125.82
8517.69
5347.31
15545.7
9669.72
6925.15
7722.38
5080.91
6215.4
15669
13416.2
10521.8
5011.01
5053.31
7206.47
4335.03
4479.99
15623.8
8077.41
5054.62
8013.61
3472.35
4313.28
8370.85
6496.74
4563.11
7535.11
5273.19
8402.12
4978.42
16552
5023.58
3913.29
6935.74
24974.1
4375.91
9511.85
5674.61
7534.74
7508.56
4799.15
9938.73
6680.69
5224.77
10408
5546.79
7535.26
8632.05
10786.3
8737.38
4086.27
9703.82
7608.68
6680.04
5812.64
3986.45
6380.08
7499.2
6650.13
6584.09
6817.86
9148.17
9348.05
5065.6
11554.1
5166.95
11433.2
5903.12
6409.14
7981.29
4020.01
6799.11
6718.81
7996.67
10476.9
9474.45
14886.8
7118.72
4880.36
7987.23
4609.75
3153.37
7024.04
6145.9
4437.59
5283.3
14127.9
11534.9
5676.14
3551.37
4500.06
8608.28
7617.32
3864.93
12979.3
3777.75
5223.2
5257.43
7568.63
6050.05
5487.94
6292.22
9212.64
6163.06
16229.5
10204.1
6283.41
8440.39
8999
10607.8
11267.8
6543.5
4485.16
7533.4
5199.95
9637.5
5786.37
7520.95
4097.59
5903.91
9985.21
6248.8
5782.91
5286.55
6649.83
4847.79
4849.3
10023.7
8946.86
6975.5
10829.6
7062.53
8161.4
5635.77
13742.1
6081.45
4768.34
6754.61
12942.8
4294.89
6896.57
6545.02
5466.86
11926.1
9021.35
11059.9
13802
11823.5
4500.72
5687.66
5897.15
6381.72
9010.61
6815.08
22724.8
13866.3
8807.39
12947.1
9309.91
3772.71
9999.66
11347
5227.66
3351.61
3469.48
7028.39
13064.7
7871.84
6968.01
4343.83
12839.3
4855.57
4296.56
5003.11
4710.28
7884.2
11549.1
8239.85
9640.66
9487.72
6801.25
5704.52
6517.83
8045.42
4391.51
6461.83
5477.47
6790.37
6910.87
5344.66
7922.11
8666.08
5181.06
7630.56
5671.22
16294
5032.68
5277.16
15195.7
18925.3
7216.44
6752.32
7307.65
6922.65
9230.82
4216.61
4389.33
11063.5
8308.61
5270.56
6852.32
6342.8
5286.23
9200.8
5214.61
11252.6
7269.83
11568.2
7299.75
9574.05
5577.72
10586.8
5708.26
5647.85
5972.58
5307.23
4031.69
7719.01
6805.23
4368.53
4510.35
11406.3
6296.43
8191.28
4760.1
6077.03
16221.1
8177.77
6003.38
4493.27
6210.38
8200.5
4074.3
6570.85
5950.58
7343.32
5366.54
12687.8
7583.79
6764.59
6308.57
6576.34
11379.2
10084.6
9790.3
5116.74
7339.55
7372.9
12148.7
7392.31
15497.2
10736.9
7501.49
4614.34
10118.4
9432.73
8242.11
9769.5
3585.62
7347.25
5966.69
5783.41
5695.98
8240.19
4941.99
5352.48
5770.08
9117.45
25818.5
9308.14
6986.22
4904.52
4089.94
4818.92
6498.91
19048
7488.23
5914.75
10858.3
6780.41
13066.9
4225.07
5471.5
6789.7
6120.4
9715.3
15862.8
6371.96
5594.16
6907.06
10609.6
6360.44
5989.89
7245.37
3730.32
7545.57
11628.1
4793.54
16681.5
4108.24
3377.3
4104.35
7864.46
3743.38
4444.48
10889.2
7294.32
7203.44
6901.7
10440.1
7391.74
7133.12
3506.36
10399.2
4976.84
7578.17
5556.56
9233.96
3692.97
6989.07
7277.12
6525.16
7535.76
4128.35
5108.01
5600.41
4971.42
4031.23
5217.12
7038.08
4892.02
4180.05
4196.29
11049.6
6295.65
9547.62
6222.24
19012.7
7298.93
5879.95
14236.1
4797.81
7369.04
35359.6
10078.2
11161.5
7625
4657.7
6632.42
5213.52
6558.76
9355.98
14409.3
5465
12763.6
3833.45
7829.13
5479.96
5566.5
4201.66
4832.99
6495.61
4359.08
5485.99
7603.4
26267.3
6685.38
6173.49
5001.3
16758
5538.88
9080.24
7244.91
9636.87
4358.56
7411.27
6936.68
9405.18
4086.96
5640.02
4554.83
8842.08
5562.49
4485.77
6504.31
6040.58
9370.83
5421.5
3938.49
7033.31
6312.34
4148.75
4011.51
15506.9
6710.21
7684.35
5827.93
7028.47
8041.58
5966.43
12437.4
8723.71
6844.63
4530.4
4389.37
5751.33
5879.45
6411.78
5008.87
4469.84
7845.15
14422.2
8184.62
6150.85
6941.22
5136.26
4248.19
16975.2
8817.56
3963.39
9341.36
4605.28
6343.05
4651.41
4976.54
4956.42
6179.25
5896.33
9769.14
18861.8
6476.45
11449.4
10087.4
7297.67
8962.51
7832.35
4538.35
7507.15
7426.5
5489.81
7467.62
3500.95
17607.1
4470.04
5386.97
14311.5
6635.67
5435.15
5501.87
6462.1
6069.34
4338.5
7980.69
4292.97
9133.92
9132.26
7084.13
6270.06
7246.8
7083.8
7631.74
5373.18
5359.63
11241.3
8722.98
10138.2
6131.21
7650.29
6540.48
7766.51
8641.58
8942.23
7720.03
8887.53
14658.7
4219.42
7564.22
5160.47
4386.98
5107.91
5518.74
5380.99
30136.9
8224.97
4542.58
10314.9
5099.22
12020.5
13970.3
4221.7
6337.33
6186.81
7966.27
6141.75
8244.79
8003.88
10574.6
8257.37
6953.61
6267.84
5628.02
7411.75
5012.73
6718.19
7716.32
4331.69
6500.83
10563.2
5416
3762.16
13836.8
6621.83
6669.26
4246.67
5085.89
4961.48
9735.02
7764.67
6978.12
12962
4778.9
6994.89
8496.87
6990.82
11405.9
16740.7
5973.42
6414.44
5823.65
11887.8
7540.41
7631.33
9880.44
18248.7
8472.05
10554.5
7318.07
3709.95
6666.79
6219.32
5258.29
4576.15
7302.7
16920.8
6638.98
4132.03
6143
6180.11
4047.07
16388
5265.81
4236.67
5309.63
9833.49
11410.1
9090.14
5508
7873.03
6930.59
8375.45
8203.23
12127.8
9468.65
6089.57
3789.88
5720.97
6608.09
6226.86
6402.91
10848.1
5126.43
4412.61
11867
14558.4
3632.23
4998.75
5597.7
11002.8
6247.3
4781.07
6831.79
9514.5
4929.77
6448.88
10421.8
6148.53
20476.2
5811.89
19727.2
11059.3
6020.12
8056.23
4726.2
7176.25
4345.88
4479.13
3624.38
5753.73
6568.29
14486.3
6082.11
5831.62
7831.65
10913.2
4251.67
7158.57
4166.42
5987.69
5353.93
8590.88
6883.42
8470.15
4921.28
8021.43
4704.96
6556.17
9514.99
7720.56
4893.44
5221.12
6376.63
5064.1
8251.97
4601.01
6095.28
5506.78
3152.89
4447.17
5995.17
7597.69
5908.4
5693.99
10970.6
8840.61
5776.11
6212.21
9297.23
7095.68
8318.08
3672.75
6667.85
4967.11
9509.6
5170.12
10783.8
11902
5991.43
6728.78
5679.16
9688.78
5692.22
4089.96
9221.61
7168.32
5804.74
7931.81
26832.5
6593.93
5617.64
8736.81
5503.38
5680.82
10210.7
2989.57
17385.6
12227.7
13779.5
4623.26
8889.31
4700.96
3585.81
8479.02
9343.55
5543.77
6496.75
15625.1
6172.62
4357.56
12412.7
7917.28
6498.23
9795.91
8075.03
5922.66
7920.09
6434.52
4285.95
10304.9
7079.3
17755.4
5161.11
5260.09
12206.2
7946.76
8330.14
8726.02
3766.81
8596.87
5317.68
6280.68
4623.87
8850.12
8544.09
7536.44
12774.9
10124.2
10348.1
4072.7
20185
5683.8
5865.78
4398.77
7591.85
7591.88
9038.5
9043.33
10578.9
8126.48
3919.33
6754.06
5713.71
5164.39
7341.51
8322.63
11554.7
4974.15
6738.03
10381.4
6792.86
4463.2
11983.2
5185.44
4783.15
5126.3
4187.79
9975.97
10531.3
5904.06
4499.92
4836.09
9736.68
4615.53
9038.07
8563.12
7590.85
16737.5
7350.1
8599.15
14365.1
2937.9
8309.14
6744.62
7212.39
10012.9
12572.1
3580.39
6368.72
11885.1
3723.99
6221.13
10895.2
4226.22
5054.39
4287.89
5471.77
6559.01
4577.92
6361.27
7430.31
21529.2
7163.7
6380.53
6113.13
6289.31
4683.16
3742.87
6999.3
5342.02
5731.87
11477
8187.34
7909.48
5604.49
7082.64
9209.85
5282.22
5526.34
14610.1
10196.6
4817.06
5094.49
8593.32
4525.38
6249.66
9852.2
11244.8
6222.45
7096.13
8859.66
5864.79
5602.43
6109.65
9121.25
6508.19
7490.57
4743.31
6267.11
17560.4
5704.09
7087.06
3831.24
6051.3
55740.4
8963.05
3242.24
5310.75
8927.37
9545
11199.6
4606.77
15436.5
4435.48
5069.29
6703.9
5310.28
4592.66
6096.2
8231.91
7049.45
4791.28
7236.8
5941.12
5059.76
12130.8
19077.9
4985.29
8729.67
7994.17
7651.46
6886.14
15608
9310.79
4920.85
11530.8
5690.62
8719.78
21672.6
10076.9
7651.59
6723.84
7579.73
4282.46
4344.11
4368.16
10035.2
15798.7
7338.65
4210.89
22593.8
3777.64
4812.96
5211.15
6111.46
7277.92
5921.83
5000.82
5379.78
7131.07
8849.42
4481.81
8192.34
7713.67
6364.84
5679
5300.51
7338.31
9398.36
30494.9
6268.82
15808.7
5028.39
8269.92
7797.9
7996.74
8306.57
7968.94
9668.55
4594.92
7961.38
6673.8
8438.98
10369.6
12078.3
10677.5
7392.54
5366.57
11007.1
6498.07
7859.21
6774.11
9855.57
5107.68
5801.85
9195.14
9324.04
4060.15
7383.4
4643.95
16662
