8995.58
13723.8
7085.45
6218.55
4810.62
8308.04
6560.58
13940.3
6172.2
9115.59
5238.18
5288.53
4929.93
8146.86
6020.8
5456.41
7664.34
11421
7453.08
10660
9201.57
10114
6353.2
6061.32
9198.32
11634.6
26862
4475.86
11199.1
10154.1
5903.55
6176.04
9906.27
4891.61
6281.78
7680.2
7705.8
5803.81
8954.36
12245.3
7541.87
7175.88
7909.18
6166.11
7962.44
6841.22
6979.06
5885.13
6368.18
5733.09
8122.55
6082.85
6528.19
7015.61
7652.55
9730.18
10902.3
7006.16
8073.56
15784.4
18146.8
13135.2
7938.03
11111
7913.47
7812.56
9977.37
13386.4
4605.17
4473.44
5560.44
7106.46
3257.46
11970.1
19750.7
8419.3
17300
8293.64
4570.37
8026.3
7174.39
6937.4
5818.84
9239.17
25891.2
7407.1
9396.01
6723.9
6839.24
8281.88
6709.94
7474.45
6104.32
5680.15
6870.25
4842.54
7554.29
19992.6
6732.19
5298.85
11978.3
4688.66
6017.06
5795.36
4740.22
5047.25
6027.76
5941.59
9458.92
7490.56
6284.35
9952.7
6348.2
11825.4
6135.66
13616.2
8637.81
10588.1
7104.54
7303
6600.24
5753.87
5577.89
4804.1
8319.68
8862.6
5208.67
4852.5
10318.7
12078.8
19747.8
6392.89
15096.5
7705.25
14543.4
7631.07
6311.68
6966.06
5487.62
5637.35
10539.6
8988.01
5299.3
11728.8
5837.89
37800.4
5564.92
3975.2
4106.06
20404.3
5953.09
18756.9
5990.4
9356.35
17643.1
4405.39
9183.96
5821.03
4905.63
6295.36
6242.5
11790.1
4969.71
6430.86
10246.4
10204.9
7221.46
11264
4338.81
25816.5
15960.5
5558.82
20485.3
6424.13
9390.37
4929.22
7833.71
6884.81
7298.64
16265.1
4973.03
14335.5
8273.37
8232.07
8280.78
28654.9
29516
7360.38
4591.34
7562.28
15104.6
13406.4
6842.21
9866.82
9546.14
3843.08
8432.85
13366.9
5173.07
7472.73
23174.5
5811.51
11345.8
7990.56
7819.15
5976.42
9164.23
6135.89
19844.2
5815.79
6715.62
5235.7
27365.4
5044.23
20125.4
4990.95
4853.05
6145.46
10807.6
6296.82
6222.88
9509.62
14471.6
5445.01
11308.3
5564.13
9534.16
11625.4
46221.2
14117.6
6865.49
15393.6
6658.9
8052.76
4863.41
8766.88
27287.6
3734.47
5261.45
4674.56
5582.83
6675.43
11031.7
10515.9
4853.2
5084.77
5441.06
6441.53
4856.09
15850.7
4817.49
4219.18
12938.1
6815.77
7535.98
7904.82
5078.88
17043.4
5530.71
7774.86
3603.31
8458.13
5740.53
7707.88
12787.6
6896.22
7119.06
4691.18
4664.6
13601.5
5335.3
6602.03
4559.04
6732.69
4750.76
6602.45
6339.25
5124.73
8653.15
6577.05
3605.71
11708.9
4846.81
10483.3
4385.35
4464.15
7169.66
14090.7
18848.2
5232.95
6625.38
5825.62
13190.2
9901.78
10011.1
20909.7
7494.55
8350.97
13457.1
6576.45
7760.55
7691.29
8909.49
6659.1
6747.44
9918.21
6698.55
10069.1
7482.54
7220.42
7318.48
12081
13157.8
6061.3
24688.7
6548.69
15088.5
10883.4
7040.05
6488.87
15747.2
11562
7386.93
8508.8
4168.21
12419.8
5784.63
3989.81
6190.03
10827.5
35318.3
8489.77
9040.09
11941.2
8802.77
5328.76
10883.1
5871.17
4079.45
8154.74
8699.48
6957.23
13917.1
4428
3299.31
8323.79
8490.09
8730.58
5944.99
7238.62
10304.2
8736.57
11943.8
13573.5
6275.56
14981
6656.92
5529.45
12273.9
4952.13
7511.95
7406.64
11244.5
6978.29
13402.1
6847.66
12728.8
8236.65
16779.6
5044.83
10114.8
7520.49
20841.1
20619
5757.48
54375.2
5197.87
6139.05
9313.99
6466.5
7956.18
24616.1
7773.29
5589.35
8278.56
6229.56
5990.37
11087.8
5968.77
11145.3
8284.86
12093.1
4094.82
24576.7
3674.36
5581.94
5332.39
5689.16
7532.16
10795
6847.7
8629.66
6944.47
9892.6
7523.47
10342.9
4650.01
23415.5
7335.18
10679.7
8177.09
6558.07
5794.72
18527
10413.9
6000.89
4968.6
15285.9
8285.89
9211.92
9572.59
10713.8
5011.51
6771.95
7140.46
6121.74
10656.1
5109.23
10223.2
3845.3
8723.41
4348.97
8607.59
7281.28
7343.98
7828.89
6980.76
6317.62
19170.1
14582.9
15556.6
18495.5
6444.33
4695.97
5842.58
6297.51
7740.85
3904.5
7674.13
6399.42
7538.24
6889.67
11101.9
5684.25
6157.28
7501.32
7295.51
8920.28
4213.26
10347.9
13814.4
4535.69
5769.62
26653.5
6264.5
7728.09
10472.7
6176.84
9468.13
13447.3
5288.66
4645.22
12533.6
5371.88
5531.28
11624.4
7433.18
6754.4
7297.15
13005.1
8901.67
11082.1
7378.18
8829.99
6915.04
7447.96
13818.2
6085.77
5540.26
8805.05
7126.98
11192.5
17137.9
6455.58
5086.49
6826.03
6318.81
7725.71
3846.77
5550.3
6041.31
17859.4
8720.52
18716.8
29655.2
7270.21
10770.4
20034.6
6210.02
13514
6116.63
7523.59
6264.84
12959.4
6007.98
4130.34
7754.52
4506.43
4458.65
4445
7376.81
24821.5
6700.7
9317.55
3898.25
4990.27
5869
10862.2
6035.14
4442
8655.92
6559.23
11191.3
8839.79
5906.12
5294.2
10679.8
4603.52
7754.31
6165.69
6698.23
8199.55
4914.83
6122.42
8923.55
4946.91
5882.2
9481.37
5314.21
21822.4
5606.49
7683.09
14411.7
6128.83
5578.09
4847.42
4843.03
4332.12
5488.97
6514.82
5597.4
10806.9
6504.61
7484.38
7897.48
6695.37
5232.26
4752.39
8932.86
14544.6
10548.3
10677.1
5292.09
5721.39
10590.9
9650.85
4850.41
12946.2
8087.75
7963.99
11483.4
9747.76
7353.49
4839.58
5913.35
6584.47
4994.24
8640.15
6433.18
6125.11
8138.59
8479.99
10986.9
6303
13318.6
8027.64
22469.5
8996.91
7754.76
8781.31
6562.55
4096.67
6021.15
5874.49
13925.8
10607.5
7969.74
14540.1
12381
9056.84
8435.53
12009.6
9181.38
9527.42
5743.08
7390.29
7668.05
16337.2
5193.84
8916.05
11066.1
8423.05
20423.6
13512.5
14260.3
24975.9
5992.76
11169.2
15835.7
10373.5
5282.53
7743.53
7490.42
7283.32
20945.5
12660
7528.32
6002.88
4404.69
5813.74
12752.2
12187.6
7937.88
7485.68
6313.78
3681.24
4854.14
5494.5
3829.55
9091.04
5302.51
7236.37
8795.01
4925.79
5128.81
9282.75
5671.31
8129.05
7464.29
4227.72
19211.8
4953.4
8155.41
5194.7
5851.29
7307.49
28696.5
8364.63
8933.46
15176.3
4415.13
6234.01
6407.15
9347.01
5503.07
7309.11
5817.96
7787.17
5670.27
10952.7
13172.8
8273.99
10884.1
7235.44
6133.4
5692.45
12543.4
8176.04
19255.2
13724
5363.7
10348.2
6603.51
20101
10181.4
5826.41
6298.68
8111.38
10878.5
6304.68
8201.15
4943.87
8218.36
4478.28
7669.28
7958.62
5321.35
4757.99
4960.37
6143.5
4359.24
7906.51
9282.18
7925.19
5222.64
3041.41
5853.53
7392.12
7193.51
8263.8
13697.7
6925.82
4517.31
5626.97
9129.44
19624
7830.55
24362.2
4694.09
12238.3
8304.31
13796
8818.15
17931.8
6731.41
8922.54
15624.1
4745.18
16865.3
6922.43
9805.49
9641.24
9501.41
6949.3
6357.89
10371
7829.09
5601.72
6198.76
9614.13
8854.93
8447.08
15235.3
5573.95
7306.75
4559.48
10252.2
7535.69
11294.8
6493.71
12207.7
5160.52
4537.01
9627.37
11382
8874.91
6046.73
8919.13
8692.7
4614.22
6594.49
17106.6
8436.21
4053.45
5095.14
6600.48
6758.96
11098.9
5033.76
7301.78
4451
5677.9
5854.28
7546.2
11474
5130.46
10708.3
10933.4
7380.96
13834.4
12630.2
6576.66
5901.61
3846.27
6945.35
4862.11
10018.8
5621.7
12613.4
3462.06
14989.7
8805.58
7089.01
17302.1
8582.33
12097.9
7112.74
17863
10077.3
8455.13
6034.7
4034.73
7356.31
12469.2
9518.03
11997.1
8783.16
11243.5
9289.29
20692.3
9323.87
8775.39
9310.7
7667.99
16760.1
16383.6
4460.62
5294.16
13415.7
9653.77
5506.69
3811.65
10091.5
7560.66
10981.3
4250.04
8732.61
4116.12
8857.02
6001
6340.95
4424.04
16058.2
6870.23
14369.1
11766.2
4957.68
5465.13
10229.1
10129.2
8596.66
7560.78
18547.4
8191.92
9083.99
13875.4
8020.43
7475.64
5581.34
5902.19
5554.67
15406.4
19391.8
7747.43
18963.4
8025.19
12128.7
8048.21
14153.3
5199.68
6080.59
7368.76
7831.01
27077.7
9408.31
8475.44
4434.87
10579.6
7360.96
8812.72
7192.57
5264.54
12300.9
11334.3
4770.16
4384.57
5288.34
9993.93
16405.2
6529.31
5187.56
6847.89
6966.56
5300.53
10503
5703.41
9437
5313.87
16357.6
9199.83
6362.25
6916.11
5584.62
8855.73
12856
7492
8291.45
8180.15
7759.43
3367.03
12324.3
11784.9
6134.35
4953.07
32111.3
6009.45
13959.5
7842.17
6258.01
8416.83
8598.47
10741.9
14801.5
7025.13
24743.1
10687.2
6764.13
23980.5
12538
9107.1
9683.31
3720.01
4978.26
6447.57
12604.5
6125.39
10340.3
9314.11
6631.83
5447.68
8519.81
7750.27
5732.34
14388.3
4802.67
9178.33
6159.99
5928.76
6058.16
5675.87
4721.42
9558.9
5313.22
5858.99
9529.79
3995.57
6601.23
5054.51
7520.87
8879.7
4527.05
5390.48
7271.7
5689.46
11590.2
9128.94
7293.34
6910.36
7402.4
8048.43
11239.8
4708.86
4302.8
4050.64
6585.36
6515.99
10055.3
8121.81
7865.7
7661.26
5450.24
5708.58
10643.4
7385.6
11911.9
12471.7
6645.83
4860.5
13506.7
8174.96
6351.6
7476.51
10192.8
4110.69
4291.52
13424.8
7694.36
16659.5
10653.6
5856.35
8169.19
9116.44
6595.4
4289.4
6338.27
3337.57
4043.97
8477.16
11979.8
8002.41
18598.4
7814.9
5318.42
10476.2
23431.8
7564.48
6920.17
7780.37
8576.35
6775.69
4527.62
6939.58
12157.8
8790.45
29790.4
5510.61
9200.32
4649.46
7685.1
7950.12
14525.5
8280.95
6601.73
6205.13
9346.42
7360.53
12304.5
9744.64
4628.36
10388.6
5707.05
5908.5
6096.24
9767.84
6975.35
5076.35
4961.29
5066.4
4325.73
12742.2
9088.05
5507.86
4591.6
16362.1
8666.11
9689.84
5930.23
12876.3
8756.97
9799.79
10564.2
6100.99
10803.5
16669.7
8186.04
10268.6
19732.2
9065.59
6085.84
9747.94
5686.94
6134.03
7819.62
8304.88
7111.68
4757.11
5672.24
18141.8
9112.2
5030.82
5820.55
15761
6332.97
19940.3
4551.63
6390.96
8103.81
6487.1
3760.18
4120.66
23854.8
10230.5
4597.52
6643.34
4835.32
7477.97
9546.06
6291.81
15548
13203.4
13851.1
4417.32
19778.9
9534.84
7366.96
6982.67
8380.94
3769.87
10568.5
4860.91
5674.69
8653.36
7227.87
3924.02
17646.2
6009.98
8188.96
14431.5
12051.4
12945.6
6345.4
7556.48
3975.19
10165.9
8871.9
6780.76
27020.9
8798.62
17586.5
4633.52
5948.1
36076.7
8170.64
11308.7
4571.08
9205.68
7461.06
11595.7
5534.46
5269.42
7144.55
9270.83
8513.13
6478.47
5589.12
10181
6040.93
7584.6
5207.41
8978.02
5338.85
11804
11882.4
6886.41
6016.3
10284.4
14237.9
8977.62
4986.48
5417.16
5434.96
5858.15
4133.84
7488.83
7971.08
13725.7
4296.36
10532.8
14494.9
4938.45
8137.82
4731.1
15711.8
5773.36
7083.57
18531.7
8573.34
10420.6
9560.03
7167.9
11122.7
15322.3
5087.78
4989.53
4971.85
10163.9
4746.19
6535.8
5447.76
10136
3787.84
11377.7
7869.35
11439.8
5832.61
11663.4
6703.18
9770.21
6682.73
10128.7
4930.93
9288.82
8717.91
10143.6
9722.96
9865.54
8660.92
4345.96
13321.4
8664.57
8264.88
8295.96
7882.01
3527.6
9706.46
13236.8
6668.71
9626.55
7972.8
9209.04
4780.32
25361.3
6691.62
7805.59
7763.72
6562.45
5014.94
7702.79
5040.49
8052.18
14390
9379.63
6576.94
4056.33
7009.67
11378.6
4151.77
9060.84
8560.97
10161.6
17660.2
10611.7
9426.63
7137.09
20092.6
6429.73
8507.52
9846.29
5578.29
15537.7
17545.8
6490.54
11884.1
4218
12417.5
9749.15
7618.86
8183.84
6150.96
7231.94
7038.88
8434.72
4445.85
7564.02
8197.22
7137.55
26824.4
5720.63
7598.23
6415.61
11144.8
6056.35
20717.7
3846.26
5844.99
14683.2
6058.7
3292.02
4930.54
18120.5
5367.05
6492.21
6438.79
6329.49
12613.9
6015.12
6335.77
5330.58
4331.47
6519.97
7606.99
7380.83
5739.31
9903.93
11839.1
8889.64
6000.63
7345.8
4499.75
24927.1
5940.17
10048.2
6237.66
4434.57
9077.31
14802.9
9574.3
7323.68
6002.04
8590.43
6707.11
14701.7
4857.71
5849.98
11680.5
4994.75
5845.94
5387.84
6360.99
5345.31
11875.9
11331.1
11879.3
5806.62
6241.08
14266.6
10297.2
8904.45
6574.74
8548.62
11482.3
10093.2
9198.68
8919.05
8715.9
8646.97
8730.76
5778.89
11287.1
5349.97
4978.23
4306.59
7615.52
4858.59
5559.24
7800.2
4612.4
21955.8
13895.2
8872.28
7393.26
9949.24
7558.88
7477.22
3743.15
5963.5
7885.02
25140.9
6817.76
11178.2
4591.03
7283.68
6042.76
27111.7
10793.3
6486.06
7366.61
6452.55
5938.61
6109.68
18114.3
11969.1
10284.6
5926.55
12541.8
7968.32
5946.83
12675.1
6990.84
8400.68
5966.53
7609.63
16192.3
5587.22
5643.63
8935
4897.1
11258.1
12969.9
4732.37
9389.68
16088.3
8640.81
4654.88
5929.78
10262
7477.23
19959.9
13519.4
4398.51
15768.4
8219.64
13264.8
21535.5
17505.1
4482.46
5861.57
5219.25
10123.1
7577.49
5667.75
4680.94
8910.29
5778.16
6860.7
5167.16
24991.3
10062.6
6215.19
14746.7
23056.5
5237.78
7578.95
4150.18
5766.17
5727.22
8307.49
12616.8
27281.6
8016.75
8881.35
10347.6
9766.48
8214.2
10782.4
4198.87
6054.45
5873.18
4744.89
7360.58
7185.68
6007.48
6587.98
6584.62
17492.8
6543.91
8290.65
5798.09
20750.1
4433.89
14464.3
5081.27
11374.8
3382.08
7102.58
9047.01
6804.88
45264.8
6802.67
9715.51
3139.34
4015.07
7212.14
7566.68
4782.43
10445.9
12981.9
8015.83
4100.95
6141.02
8191.56
6297.02
14802.7
9436.48
5647.59
6372.36
9866.46
5121.1
27612.8
10678
7553.31
5904.12
22405.7
9979.67
5308.41
5221.11
9488.59
4793.96
10612.4
12676.6
6060.33
8693.33
17396.1
15684.6
7538.09
13227.5
11787.2
7929.17
4689.45
24218.8
11752.9
11621.2
9081.42
5886.99
7138.17
7803.15
5741.33
8953.14
11987.1
7395.27
8951.62
8453.76
7657.21
7330.14
5858.23
4731.15
3785.2
15809.5
18675.7
11409.4
12667.8
14487.3
9832.96
5418.79
8040.16
4781.28
6504.11
9928.91
8301.51
5869.19
7039.63
3703.32
8092.36
3988.12
11379.3
7114.72
8144.47
7753.85
10516.5
4875.31
6985.57
16537.3
7177.14
8703.28
9262.67
4191.3
21536.2
10105.8
35803.5
12980.8
14288.2
11023.8
6649.7
9217.78
10492.6
4070.72
14259
7954.78
28051
16859.6
4355.1
5057.05
4901.64
8708
5380.42
11011
6026.5
21316.2
8117.44
7225.26
11081.8
3594.36
11614.7
18110.2
4132.42
4182.4
10131.1
10917.3
6354.91
7141.54
16077.3
15167.6
4729.82
6838.15
6737.63
10007.3
9349.85
8924.59
6206.47
27965.2
6356.68
19743.5
8689.71
7690.72
12179.5
9199.31
9218.12
7371.89
4003.13
6902.25
5042.52
6155.42
5958.61
7419.57
4967.8
14271
6765.83
8838.5
6676.24
5449.02
7657.96
5976.25
5648.48
13239.4
4811.86
7992.94
15177.3
8646.38
5062.02
3788.11
16704.4
7065.12
10570.2
4348.28
4286.12
12245.8
12372.1
9877.48
12471
9264.09
8748.87
4920.6
5936.97
5438.29
11677.8
27697.5
5159.7
4868.98
9323.79
5837.42
6333.26
4672.55
5600.16
10260
6279.23
8044.48
9498.99
4193.85
6627.82
11841.3
20442.3
13834.2
6999.2
10666.7
5178.48
13596.6
4734.34
4700.22
5272.79
8104
4874.12
8345.33
13674.3
4162.07
3928.27
5572.67
4517.55
8451.37
5582.83
7462.56
42954.8
4570.18
6818.87
9969.48
4211.49
5695.85
9641.82
8739.71
10765.2
5178.87
6265.4
8851.37
5578.3
4694.73
5505.17
4921.82
11608.5
8521.7
7157.03
10684.7
5131.73
3505.93
9954.72
9373.52
11070.4
5997.08
11283.8
3407.68
9735.6
6231.62
12663.3
16899.8
11762
7719.7
5875.82
5780.43
5730.52
11775.8
24807.2
6265.23
4661.95
3836.38
10537.5
16681.8
15735.9
6558.44
16785.3
4490.12
15047.9
6881.79
12840.7
3127.5
7580.93
9993.04
36426.3
7146.87
5237.83
10774.6
4449.87
6119.07
8952.85
11148.1
5574.53
6330.82
9053.46
5961.87
7239.84
6605.69
6553.98
10635
8058.18
4205.62
4714.11
9348.6
3553.32
16581.5
4159.39
4561.34
5951.07
12263.7
9613.29
7606.5
5459.66
5279.08
5613.81
11631.6
4671.77
7330.58
4207.11
5278.07
8681.66
5474.67
5115.4
12049
12469.8
8705.27
9282.86
10891.7
14879.5
8313.41
6942.3
3562.8
9308.99
18277
4931.28
13148
10490.4
14712.6
10514.8
8775.9
7243.09
7977.93
16312.8
5612.33
7739.59
8600.34
7424.26
17017.8
8106.32
3544.58
4889.39
9370.67
5220.26
6467.44
7472.9
7774.58
6134.95
6673.88
5630.19
15013.7
8382.36
22987
7940.23
5503.28
7366.75
10230.4
5756.7
9275.08
7621.75
6540.79
5470.48
6509.3
7770.64
8440.9
11299.6
6377.96
14520.1
13485.5
13593.9
7910.06
6457.95
5265.19
4256.45
6362.19
14758
7644.94
6010.19
14636.7
7239.32
9103.85
5566.91
10867.4
11145.6
6841.83
21813.5
14913.1
5296.39
5094.28
7731.51
5306.95
6853.02
16111.3
4566.27
3801.83
14947.9
7935.38
13610.6
3290.54
7494.19
3993.19
9517.45
8659.03
8396.44
7487.32
11902.4
6625.42
5497.3
4870.66
8895.83
8665.68
5171.84
3916.83
17542.8
7445.97
5748.53
5150.93
7107.11
7172.59
7482.57
8918.82
6904.09
5757.85
6611.83
5208.49
4737.58
4187.37
6408.52
11554
7109.89
11917.8
15079.9
5624.87
5654.69
12979.7
6449.12
7918.62
7277
4956.67
6318.55
7763.41
4621.63
6483.99
5286.45
7182.83
3893.8
4997.85
7579.98
12958.3
17345.6
6044.74
6697.44
4473.46
6678.78
8852.39
8728.6
3835.69
10269.9
23548.3
8161.82
6061.12
5611.81
12008.2
9194.36
14517
5722.74
7816.82
15573
5530.51
5768.27
5907.66
6225.84
9939.27
17074.5
11314.5
8342.56
5058.73
47344.2
9944.49
5003.67
7239.28
7781.67
6066.42
7659.62
5857.5
6613.9
12035.5
9600.85
11686.3
15326.9
5880.92
6163.48
8068.95
10295.6
16773
9922.81
8296.99
6446.38
4923.33
6856.47
5139.63
7771.22
6702.2
5318.45
17914.1
4478.59
12340
5300.25
6271.48
7062.04
7601.59
4392.56
5870.77
9981.57
7021.89
5527.37
12263.2
6534.12
7689.67
8630.07
8062.61
16249.5
32550.9
8132.14
11980.5
6436.6
6168.24
13264.1
5529
5451.37
9205.13
5232
5413.89
5966.82
6330.63
8182.59
5846.45
6888.5
10614.6
9988.41
8834.63
5731.42
16592.4
14440.6
35834.3
5199.89
5704.33
6864.23
20627.4
3545.61
4162.1
3472.56
11692
6821.42
8963.96
8573.05
4423.74
14366
5177.79
7251.64
8441.59
5060.51
6499.51
5456.47
8075.82
5792.1
7026.05
9774.37
6056.3
3961.63
14233.2
3762.24
7639.67
11233.6
11953
10431.7
4623.08
12160.8
15021.9
6428.41
6475.42
7357.58
5055.65
5184.68
5434.86
7704.34
7090.83
6734.64
4141.22
5966.59
24374.4
4759.68
9669.61
6822.84
5617.73
7468.92
6750.72
5898.52
9673.18
9502.47
8276.46
7150.46
5729.7
4437.55
9119.96
11251
12684.7
5534.14
7766.22
3631.6
5765.59
6202.67
6816.92
10136.9
6637.41
8515.03
4644.44
4815.55
9094.23
7212.84
9936.66
5757.01
6032.21
10744.4
11665.9
7194.43
4266.86
29962.8
7292.59
5506.15
18290
9879.18
7155.5
6262.94
10793.5
7133.95
9796.69
14584.1
5033.92
13122.7
18270.4
6798.82
12220.6
5847.71
5138.24
6302.84
4466.51
8279.97
7692.75
7446.96
6291.65
4756.84
21911.5
5800.22
31798.2
12266.6
7575.86
8844.06
5292.45
11661.8
5995.01
4827.59
6924.8
10393.4
10503.8
7487.33
4800.54
12496.6
11888.9
7290.76
13545.9
5183.9
11948.5
6739.92
8937.83
8074.18
6753.58
8449.09
7616.43
10092.2
7798.69
22567.7
5420.54
11642.1
9449.4
9135.35
7269.64
8955.82
12313.8
11636.3
4483.77
10864
6733.15
14340.1
24304.8
5132.06
13612.9
8588.38
7303.78
6027.76
8415.62
4662.12
6741.79
5420.41
5734.08
11768.6
6337.89
9514.06
7388.38
11839.2
5789.64
8251.28
4939.42
4669.1
8270.78
8985.95
12833.6
10112.9
7247.75
6761.27
12556.6
6736.52
7854.5
12172.8
7096.95
6951.84
6012.67
6057.02
5469.58
7511.48
8876.11
6309.96
5508.15
9798.03
11288.5
14556.2
7486.79
7462.55
6755.52
5318.17
6073.82
6024.81
5628.9
8364.32
16204.8
14997.1
15443.7
8247.19
5302.21
10319.1
9703.18
10303.4
8786.74
6654.07
13013.2
9504.99
5697.25
6520.92
4708.25
5496.39
13008.2
5021.01
3647.82
6948.93
10309
6448.69
5566.85
5748.85
3801.92
8392.59
8174.11
12641.6
5403.46
8806.36
4990
16219.2
9565.7
4935.48
20507.6
4395.91
5689.34
5154.33
12840.7
9076.18
5526.63
6946.2
18024.3
7192.4
7721.8
5657.18
4544.99
5543.47
9173.32
7414.39
4844.37
4435.75
10859.2
10876.7
17830.7
5756.22
11547.8
5625.57
8689.95
8813.12
7554.96
11668.7
32961.1
9115.04
10670.8
8356.86
7895.17
4619.02
11171.1
5683.28
8964.63
11239.6
6380.06
13417.1
4391.82
8945.86
5781.51
18267.1
4867.41
5387.84
16221.7
17020.3
8563.12
11154.6
8711.89
9822.35
3991.89
8324.65
4964.68
4535.62
18060.3
5375.98
17813.2
6517.35
9808.66
22704.3
4427.16
4092.57
5572.89
4657.06
11086.7
7119.88
6441.11
6178.88
6835.62
10919.5
6952.34
5931.1
8263.8
10390.5
3711.44
3940.33
5573.39
4921.61
3794.49
5955.48
7539.12
6163.52
6753.11
5148.21
8102.58
6157.42
5774.87
8460.86
15996.4
5421.8
17467.1
6631.65
6453.81
5375.91
9681.67
6412.62
5904
8338.7
6849.58
16281.8
8534.95
5167.35
6200.68
7371.76
5252.63
6760.55
7449.24
8530.23
8647.7
7096.44
9174.57
7220.59
9652.43
5828.15
13096.7
5631.48
4483.19
5023.75
12034.4
9212.42
10368.3
10379.7
6181.74
14387.3
5739.97
7824.68
6077.04
5343.96
6682.55
6518.32
9863.15
3921.18
6991.53
3499.83
4599.31
4066.08
7004.06
5417.21
6865.71
6484.91
7683.2
9079.86
10691
5617.61
10062.3
4518.87
5337.08
5863.71
5518.16
5071.95
4907.32
16891.4
6513.83
7088.44
15695.6
5884.79
7806.21
4298.76
4761.61
4115.42
10027.1
8923.7
5108.78
8380.79
4892.92
11403.4
4554.2
4981.27
6051.52
7895.77
18825.8
7945.15
14951.8
8915.18
6719.14
8613.84
12911.4
8995.12
5347.19
5802.36
4413.75
6335.38
13952.2
8172.97
3951.26
6722.68
8036.69
8477.37
10773.6
9354.04
5940.07
8192.91
7186.17
12257
9743.77
6575.59
4712.6
6186.53
5714.3
6233.33
4831.77
9729.24
5525.55
10594.4
7501.48
12308.3
9973.38
12527.8
7197.35
10034.3
9077.11
16933.6
7106.31
16367.2
6080.96
6897.75
16022.2
9191.74
7865.54
10959.8
8823.93
5981.55
5367.65
8238.26
13574
6260.62
5033.33
3754.64
5118.06
5354.77
13883.3
5479.33
7313.46
6206.13
11819.2
7380.13
9472.57
8079.07
6631.83
5343.29
5046.63
6586.48
16503.6
11093.9
11855.3
12606.3
14398.7
9795.89
8797.97
7278.99
5075.33
16614.4
6007.35
7704.8
13316.2
8669.33
5992.79
7642.65
15458.3
5177
5205.59
13396.5
5791.99
8650.13
12677.2
10659.3
5135.54
10148.2
32917.4
4812.01
8943.59
18710.6
7153.31
15799.2
7672.4
8316.93
6918.94
15896.8
20615.6
6187.75
9776.56
7895.38
7299.48
8700.83
9930.01
4986.64
6664.33
6135.79
11027.4
5052.83
10333.2
9771.97
13657.8
6866.06
4753.91
6214.44
13159.8
5798.87
10383.3
6124.19
6648.66
11240.5
5245
7296.13
11726
4596.02
9810.56
16844.3
6117.44
25858.4
7192.59
8135.58
6976.01
5508.06
9241.11
4638.53
5861.93
14920.6
12648.5
18046.1
12218.8
16562.4
7296.74
5224.42
11194.7
9146.1
12722.1
4660.96
7918.23
8484.8
22582.2
6236.79
5522.43
8337.65
6361.67
4403.8
5617.04
6230.41
5124.51
9757.71
7021.44
12080.9
7693.29
10449.2
14703.6
5162.27
5152.32
7189.78
4835.7
8284.71
29516.6
10289
15441.6
15119.1
5201.77
6370.44
5764.14
9868.32
7148.86
8399.93
7190.25
12138.5
5050.41
8045.32
15800.9
6082.37
5225.49
5777.06
9044.67
4426.78
8424.39
4656.96
5925.26
12230.1
7766.56
6913.48
21231.1
13739.8
4785.03
10251.9
5627.21
4716.43
12276.2
5719.8
10384.8
6105.61
5571.94
10288.9
4353.73
10976
11313.8
5471.23
5089.65
14281.5
10428.6
8237.44
6084.2
12573.7
7455.91
4534.25
22497.2
8400.61
5648.86
6756.3
12644.1
4381.24
6990.47
8548.42
4551.21
9115.98
4689.89
7909.91
7584.11
4305.44
7303.73
15691.6
4971.35
3485.05
4667.47
11507.9
5361.93
8600.33
10843.9
7131.08
6571.48
5641.23
4098.5
5860.5
8884.71
7211.45
6808.21
11770.9
11354.2
6787.89
7061.64
5088.95
8429.56
11060.6
8372.41
6201.96
8293.18
7111.89
6268.72
4932.81
4833.18
6079.62
4135.59
11789.8
6187.27
17298.2
15500.4
14419.6
6932.07
4733.85
10273.5
6234.03
11095.7
18684.1
18899.7
9554.05
12149
5950.03
7401.05
8856.02
6457.83
5611.27
11770.7
6509.8
11542.8
3885.38
9898.81
7676.64
8813.19
7660.11
10359.3
5958.7
14347.6
6685.22
12123.2
6270.98
3847.7
5664.71
8808.72
8307.77
7362.77
4483.18
8773.14
4658.7
11249.3
6568.54
6203.47
5678.02
11829.5
8777.19
26245.9
7598.56
4504.77
3719.12
4349.76
9663.8
5647.57
8591.11
11847
15893
24341.3
9128.51
7615.31
9452.49
17151.3
6871.48
6706.76
10005.7
10081
12083.3
7518.5
5369.94
4515.24
6582.54
10989
4931.51
4034.08
13494.3
25829.8
5437.36
29518.3
6086.94
15582.7
10152
5726.63
5428.52
20980.1
9213.11
13159.7
16538.6
9001.76
5883.61
8675.93
9282.71
11685.3
10643.4
13735.7
11127.9
12705.7
8044.96
8490.7
8638.4
16679.2
10462.5
12417.2
12810.1
7189.13
7159.33
5748.55
8011.73
6919.29
6610.53
22896.1
5673.2
8001.66
5799.65
18258.2
15621.2
6786.11
6487.84
9867.97
10258.7
5990.64
5821.21
8844.94
8660.53
5975.79
8677.55
5705.31
4349.93
7639.76
9195.27
4179.74
7799.78
9385.45
9941.5
8952.1
10008.3
6356.39
5631.94
11126.7
10084.9
4351.75
15828.7
10823.7
4222.5
9883.52
10349.6
5127.4
10691.9
8060.86
8467.41
7889.62
6828.77
5014.59
7896.33
12949.9
8215.51
12969.6
5913.12
5340.2
5699.23
11685.3
6819.93
7277.63
5227.92
8464.04
4330.25
8990.33
10106.2
7650.09
7328.46
4974.19
4294.58
6089.86
6043.84
8516.81
8278.58
8414.66
5272.32
3632.53
10109.3
7408.99
4996.98
7247.57
6325.78
6211.52
6102.08
4392.16
6769.69
8454.13
5930.17
8348.41
6819.06
9852.63
13002.1
6207.31
5268.24
5435.55
5664.79
5274.68
7829.73
15779.3
13534.7
7907.62
3359.98
8757.14
6273.66
4565.25
8360.43
5347.76
12906.2
5815.95
5139.71
4701.19
16065
10811.5
7406.35
12733.5
8150.41
7436.59
32055.3
6280.88
13092.3
20512.7
8478.73
10703.5
5855.1
55253.2
5139.55
7756.42
10599.5
7622.68
9130.7
5941.02
3443.2
7529.27
6263.59
7361.6
3476.48
7824.36
10537.3
8025.7
4220.3
5048.07
4849.85
8605.44
6745.32
7174.73
10548.3
4528.86
12127.8
12816.1
8492.07
5530.32
15238.7
7705.03
4905.87
15640.6
5442.19
5673.06
6713.06
4154.32
4533.23
5804.13
8147.82
9196.59
8679.33
7000.68
5830.64
6991.45
20477.7
6839.95
6507.99
7801.67
9351.96
9162.14
6341.51
4744.92
7437.34
7241.57
6206.7
5732.6
5470.72
4783.84
9658.85
7374.12
8173.41
9317.09
5600.09
12246.2
11612.6
4524.76
11437.3
10556.6
11695
7386.83
10566.1
5370.03
6848.81
6090.19
18285.2
9149.83
10788.7
5261.55
11694.5
6963.77
6299.27
5773.48
8597.08
11315.1
6849.58
13301.1
9358.2
5218.1
22047
7295.49
7439.96
10691.1
6742.68
7126.66
24458.4
8205.56
6248.05
6013.33
6503
6992.12
6962.07
8197.54
8728.11
8400.85
44585.3
8312.86
6258.74
6652.13
6529.99
3200.72
9636.32
12870.3
24161
16979.4
12059.5
7420.53
6497.79
5628.48
8559.06
8994.9
5450.82
4598.51
6632.18
5817.32
6822.24
6721.21
10475
5398.93
4516.06
7084.92
10161.2
4600.52
6630.18
10374.5
6485.11
4147.11
11523.9
5414.11
7143.15
15487.5
5008.92
5949.52
10024.6
15898.1
9827.83
7302.98
4561.45
6206.58
14845.2
7498.43
10435.2
5320.34
6115.69
15689.5
9553.43
8988.81
13716.9
4279.28
8417.1
5800.58
5801.95
10475.1
5045.95
15424.1
13796.7
8167.75
6820.67
4011.15
7261.03
4439.25
12182.2
6060.63
7904.12
9170.82
3624.26
6999.5
5101.45
3849.43
23879.3
4670.44
8802.4
10386.7
8484.43
3950.39
9342.3
16663.2
16497.9
21353.4
6909.51
12129.2
4074.86
7478.86
8739.69
5784.37
5653.52
6192.91
13773.7
3968.62
5357.87
5380.76
4091.34
8441.21
6139.66
6910.5
6083.98
5622.55
9322.47
5216.54
4971.66
9740.81
9989.3
8930.48
13691.2
3571.24
6076.5
6100.53
5203.71
12860.9
4849.54
7956.17
4473.26
8050.86
7983.13
7057.73
5137.05
11273.4
14791.2
9918.76
8930.08
9033.89
8234.39
4224.74
8144.05
19131.3
5952.84
5556.95
6867.85
4829.95
13699.1
8522.61
10543.6
14752.2
7515.49
6020.14
4945.56
9834.19
9608.66
10603
5996.74
11130.3
6172.45
8823.26
14113.3
8009.4
11055.9
29737.5
4466.28
10217
4868.61
6985.96
7567.42
7443.58
7553.52
6268.5
11417.1
10831.4
4404.82
5389.02
5577.04
19082.1
4490.03
6334.52
3845.46
5481.79
14172.3
6060.42
16042.6
38329.9
40223.6
11689.9
5316.16
7521.06
8856.62
6942.71
13054.5
10289.8
6509.41
5911.4
5548.58
9694.08
6561.03
9625.65
10076.6
6505.15
4884.4
7464.38
11183
6757.61
6140.49
14197.1
7016.59
6007.43
6347.74
6764.72
17652
13468.6
6165.72
12356.6
3021.41
9494.87
4481.81
7506.82
6575.77
7460.91
4685.77
5190.58
7828.71
6009.74
7534
10450.6
21296.9
5245.34
7855.8
8655.68
5598.03
4007.71
8682.61
7731.54
12014.3
7235.31
7483.51
6245.28
8713.26
5294.9
11985.9
9720.08
5990.81
8760.46
4321.14
4909.72
15193.5
7404.98
8064.17
4269.78
4809.95
6771.29
11483.9
8778.52
10852.1
9079.62
7111.45
5774.72
9004.7
11370.6
11942.3
11029
13622.9
7230.99
15412.2
7167.54
10186.6
12743.4
6049.76
4102.46
6024.69
8889.82
6345.15
10431.9
5747.29
9826.53
5626.05
6358.71
5059.05
5164.92
6513.13
7635.76
13210.2
4271.33
4901.17
7219.21
10813.9
5941.38
7917.53
6232.21
5525.98
9667.1
5877.67
7443.08
6818.93
6329.41
9731.65
7027.54
14588.2
4280.59
5446.03
5360.05
5204.45
11156.5
12793.1
11563.4
10374
4408.2
9978.39
6211.12
4047.5
6014.35
5800.57
6032.67
7575.8
12168.5
5352.12
6868.27
7983.19
6434.17
7107.42
19522.6
5840.09
11390.9
4043.72
14286.3
13160
8239.11
8646.05
10797.2
10088.3
6078.81
6677.54
12762.1
20149.1
5224.82
5323.59
5860.13
5243.26
7409.61
9498.51
4168.21
7637.6
10001.4
5996.28
8965.18
5689.69
8667.42
6325.65
7246.93
7843.06
10788.6
4206.91
17797.9
31751.7
5490.53
7010.41
7010.05
8111.51
6032.12
15559
6854.7
6376.59
5191.15
10466.8
6299.1
4878.25
5275.54
9030.03
10656.3
7235.24
10364.6
9956.54
6600.77
8764.36
5365.56
14301
5971.95
3378.16
4605.9
4934.02
4565.79
6758.25
9430.76
7064.12
10359.6
6759.93
5612.73
18653
7893
8707.83
5329.34
5601.17
6077.21
9062.24
7061.63
5247.83
7283.73
4649.5
7462.99
10304.3
4705.02
6746.18
10569.4
5347.99
8119.11
6988.6
5555.87
5848.1
6187.43
7974.54
15815.3
15909.9
10461
9529.3
5812.42
12756.4
4956.05
6404.01
7160
25871.7
8161.78
5402.23
7630.03
54367.4
9723.57
4756.68
8265.57
6473.67
10289.3
4643.67
4495.95
5817.61
12269.7
27216.6
5454.06
9758.55
8300.83
22311.3
5914
8275.48
4297.28
9639.03
11819.8
10888.7
5755.44
7904.9
6989.84
7109.82
7300.56
6455.32
10890.7
3788.44
7500.05
9594.08
8851.02
16278.9
19739.3
9245.85
6988.93
7605.1
9788.64
9965.27
5770.78
6133.83
7563.82
9811.85
12846.2
5580.37
5362.53
13881.4
9651.45
5805.9
4944.93
5512.64
5089.84
5997.06
13004.2
6522.05
6201.92
5642.83
14194.5
5277.75
19469.8
13949.8
9046.55
13043.9
6468.48
8278.08
8615.41
8188.44
6752.05
4885.04
15685.9
4459.51
13555.9
7956.36
10280
7045.09
6006.66
6482.36
7071.36
13025
7366.17
5166.13
10051.4
18031
10387.6
10269.4
2818.87
4577.65
7600.05
14236.9
10286.2
8698.37
7358.03
8995.91
6841.29
10870.1
5650.94
8497.85
9907.29
6851.63
9012.69
10134.2
6699.03
5912.84
13741.2
6464.95
8328.7
8223.86
11080
9690.69
6064.57
18210.2
6513.08
26510.3
8953.64
5328.56
6400.01
9324.49
7048.02
4698.49
6078.44
10288.9
9087.33
10970
11670
6307.92
4130.62
8547.81
8975.58
6910.75
6446.94
11757.7
7313.57
8962.84
52353.8
7838.93
10982.6
12549.6
7364.66
7729.05
6975.96
5691.08
33845.3
12063.4
7752.41
14176.5
7545.84
5579.55
9649.19
12826
6053.84
6250.25
12356.6
5538.31
17754.1
4551.94
8526.33
7157.27
6605.94
4642.82
5031.56
6347.04
6087.37
10673.8
10157
7437.07
16909.2
18456.6
9395.44
11839.4
11033.9
16527.3
5701.44
4422.41
5709.71
7437.19
23105
4382
5108.31
31147.3
5534.65
7890.95
9229.95
11765.6
4437.52
6763.97
4526.32
6854.19
11980
4981.2
10009.2
8212.55
4665.09
5787.22
12409.9
13826.8
11568
16050.1
8544.95
5840.38
22131.1
6691.55
10637.4
8528
4451.36
4276.99
9957.1
5833.2
6557
7533.98
6349.12
14903.7
4625.45
10608.5
8982.04
8584.26
6150.32
15283
6415.67
4532.71
5729.12
11978.5
10125.5
6615.37
6921.97
9504.85
11367.7
5600.2
4244.76
5508.01
11270.4
6675.86
6872.6
4007.45
14046.2
11071.8
8497.05
8117.43
55426.4
9900.9
38053.3
6371.17
9391.97
6444.89
9703.65
7035.13
10094.9
4962.1
5343.41
5284.31
5788.38
7524.65
12298.4
4582.64
6088.85
11384.3
7362.14
7705.62
11808.9
13908.9
8359.4
5312.61
5980.15
5988.6
12817.9
7069.62
10089.1
4805.23
7158.76
8403.57
4336.99
9078.94
6473.23
8703.5
7555.89
13368.6
5229.47
6759.65
6649.22
10245.2
15136.5
10444.5
25253.2
5866.93
6803.83
8177.62
9483.29
9424.95
7576.6
6896.75
7939.89
7077.89
8821.92
7377.64
7018.2
3984.58
10448.8
4604.23
11795.9
6254.79
4424.71
5336.63
11411.5
8097.32
6636.22
4269.39
15348.8
4634.46
16144.5
17633.5
16134.6
8565.12
5949.72
21856.4
5822.19
8761.47
8936.24
7978.73
9884.29
8885.17
9111.71
7267.83
5745.81
4634.45
4498.06
12270.6
9732.3
13498.9
5991.9
5575.96
9086.52
6495.54
6427.37
8218.35
4693.38
10940.4
7836.12
9677.64
8997.52
7272.48
7880.12
15008.5
6756.79
13267.9
14271.6
14279.6
6754.88
37044.6
35367.4
6489.05
4832.54
6590.19
7323.61
9905.91
5339.73
9695.55
5181.85
8451.44
4517.66
10381.9
11785.1
8596.05
6728.44
11983
9818.32
5622.44
5973.4
7448.22
11183.2
8950.9
7524.43
7379.62
4778.72
11530.2
14904.3
6123.67
5765.16
4502.84
45881.4
10763.1
14437.1
13440.7
5239.54
4543.8
8217.79
12797.8
14002.7
3152.61
6075.32
5645.81
12291.7
4821.2
10110.2
10005
9898.47
6466.67
9687.18
8452.9
7848.54
5089.79
8621.91
20532.5
8550.38
11873.3
4573.93
25969.6
5515.87
9741.57
6426.45
6876.7
23042.3
11941.1
4568.06
6979.86
10588.8
9107.89
7735.15
16739.7
4579.66
6187.67
16198.2
9336.63
9892.96
5663.77
5537.44
10248.2
9129.95
4196.98
9999.26
8275.99
8840.49
6003.48
7792.69
7428.02
7034.58
5834.92
2992.97
13828.6
13117.8
6696.9
5495.55
6785.25
4649.91
6442.55
15658
8788.16
4053.16
12681.8
19583.2
6915.6
8177.94
6732.36
7886.77
10466
5989.36
6945.34
11500.5
9075.69
12690.2
5770.85
3825.74
5685.09
15583.7
12181.4
4948.04
10495.1
9651.55
5789.1
19385.7
11864.5
5938.27
7093.14
8103.41
7874.17
13436.2
10983.9
6238.1
16134
7417.57
8309.54
8119.7
6887.78
8862.36
9460.33
4469.91
7239.62
4263.32
5092.49
4424.35
4648.63
10992.4
4710.78
5807.92
4530.61
4122.73
6712.4
6902.18
9216.62
7346.92
4479.5
4839.1
5259.12
5280.15
9090.73
8058.85
11199.3
6921.51
5877.83
5059.75
5271.29
6109.79
5488.5
6534.34
12746.1
9881.36
5541.41
7904.38
10988.1
5495.66
4345.36
5472.68
6748.94
4248.36
7722.8
22956.2
18275
7473.37
7543.42
4391.97
5337.63
12435.6
4987.45
4218.01
15348.7
3809.31
7976.41
6186.81
10724.2
5160.13
9199.3
5780.59
6565.16
8249.32
14825.7
5362.15
8410.42
9040.68
4272.21
4362.39
5985.91
9355.07
5504.2
9142.01
5319.19
11036.1
9406.8
5052.06
30526.6
6352.08
7342.31
7437.51
4281.82
7284.6
8835.26
5364.74
5392.04
12456.7
5636.98
8540.79
15512.7
3878.43
5344.37
15995
6331.19
8735.37
11791.1
4952.85
5942
5695.19
7444.91
8303.65
5302.52
7460.51
10756.5
6960.56
10116.6
3990.81
5373.35
9892.98
7600.79
7754.97
6180.75
9932.25
9478.54
12295.3
37610.8
7435.4
16260.7
5226.93
4481.74
5905.59
21040.5
8533.7
6387.01
4557.47
4090.62
7881.99
5469
6641.57
18203.5
6687.03
8087.51
4726.52
10096.3
5665.43
5939.25
5834.35
8329.14
9011.17
4500.31
25337
4550.58
13872.4
10883.5
4296.11
7278.29
10004.7
6762.22
10987.2
5692.98
5299.4
19350.8
6917.94
6158.69
7969.79
4752.96
6547.53
8412.96
4439.08
8803.33
4489.27
4184.22
26647.5
9393.59
8086.08
11786.8
3711.24
4236.08
11106
5181.24
6864.3
13604.4
3275.06
5454.76
5799.28
13022.1
12383.8
8896.74
5739.05
13421.6
6228.6
6953.35
7965.19
11193.3
7504.64
6931.77
6473.08
4721.85
9126.75
7041.35
6399.68
7699.91
8300.42
10813.6
6867.23
9590.18
9277.6
5524.76
5129.88
4996.61
6428.2
8248.88
6353.34
12771
7018.53
5607.74
5420.81
12540.4
7829.84
6831.38
18766.1
8197.39
16658.9
29405.1
8801.95
7029.89
10635.2
11659.4
7529.83
6277.44
25183.3
4524.56
5884.24
7248.72
6806.28
6049.9
3919.02
7948
8824.4
4486.73
6336.84
4824.12
5902.86
12160.8
8206.22
10805.9
19106
7965.44
4856.61
9009.55
14614.1
10357.6
8343.4
8820.19
5220.37
11040.5
5660.76
4954.47
5733.07
11378.9
9754.58
14271.6
5116.61
10501.4
9852.11
5585.45
5603.96
4716.52
9537.24
8133.5
4717.1
4683.37
6898.93
6531.11
8255.03
5692.67
13366.5
4342.06
10755.4
9203.02
16980.8
14728.3
8671.14
5098.28
13124.7
5149.26
7248.48
7476.07
6996.36
5935.95
14365
6567.97
8248.49
18959
9474.93
5895.69
6215.56
26934.3
6541.47
8441.8
8104.09
11152.8
6937.13
6425.14
5834.59
8630.24
6026.07
10293.7
7137.27
9064.42
19110.7
11197.9
7921.15
10378.7
23782.2
6969.12
19889.2
9779.78
3917.66
17671.5
7687.15
4473.9
9194.47
6294.39
4535.56
18540.8
4941.71
9972.34
5644.82
5044.11
6904.56
9016.61
8107.45
5926.13
14205.4
7236.99
10250.8
8205.97
6083.07
5584.82
23537
10063.6
5537.22
14241.2
7548.98
8955.61
10343.2
6149.55
8109.99
5345.74
5118.93
5918.4
6024.77
8352.51
4620.9
4646.37
7118.35
15303.7
5025.86
6976.83
7497.61
7082.44
11274.1
34267.2
8626.63
8047.93
4524.23
10854.3
7711.09
7474.34
7032.23
4962.42
8483.76
19826.2
6976.33
5787.84
6431.68
6998.92
7295.92
3812.39
11296
4434.6
4788.68
8126.18
6719.48
7964.44
4114.28
4771.22
6052.85
8083.47
5670.71
5806.62
7296.53
7395.21
5935.15
9976.37
5553.33
11202.2
5062.9
7833.17
5244.81
9499.92
3526.64
5477.44
8039.5
7867.48
17827.1
5381.02
6503.17
4420.13
7941.22
13534.3
8510.01
6657.48
15693.4
6507.41
12075
7170.24
12691.3
5716.88
6333.5
8770.44
12038.3
9162.48
6200.84
5900.16
6383.01
7655.16
5117.08
9656.4
10166.1
12329.9
6537.52
10617.8
8200.93
8531.57
4339.35
5388.53
4353.84
6651.16
5769.31
8251.19
10389.1
5415.54
5254.88
10067.1
4329.74
5387.63
4401
8106.02
5329.43
8104.05
5702.97
12034
11816.9
8690.76
6000.62
11460.2
9461.77
6945.58
11672.5
8353.65
7537.26
7099.33
5150
7259.08
9465.2
10707.5
24632.7
7624.01
8999.27
7871.23
6326.33
9307.73
7134.5
8369.12
4596.85
5486.4
12693.3
4157.19
6178.16
8606.02
8649.66
7361.99
5904.54
6876.89
13870
12253.4
12328.3
5045.51
10098.8
8307.5
9772.17
6720.31
29973.5
5289.86
9470.85
9369.08
7451.92
9712.98
5546.22
14080.3
6727.63
6263.3
12921
16706.6
5717.91
18942.8
7009.98
12728.7
9824.51
7494.47
10163.1
9468.01
14399.5
6200.82
16659.1
7538.98
18759
8624.01
9921.72
5482.92
7253.6
11262.9
10174.8
8442.02
7235.34
5625.47
4602.43
6932.06
7029.03
8548.65
8026.35
5790.47
9474.23
12594
8424.7
15908.3
14769.7
6959.46
10812.3
9907.85
10072.3
8170.37
8975.17
6680.51
11408.8
13962.8
6808.07
5200.84
15327.7
9323.47
4309.68
9892.99
15749.8
12938.1
10504.3
2783.6
6482.71
5530.93
9382.24
4627.31
6238.97
7672.28
7824.55
10258.2
4100.31
7540.25
8108.96
5880.14
7193.64
8748.37
12299.1
6099.75
7378.4
4412.83
5413.12
3712.09
4293.06
11378.8
9441.32
3374.72
5664.51
5218.04
4862.75
5003.31
9668.75
11401.4
8361.98
6794.48
6630.06
8269.51
7334.83
11620.7
5400.63
8216.53
7817.15
4620.65
8691.64
5188.21
4512.89
8093.84
5750.04
4154.32
6660.69
6780.75
3845.78
5915.64
12353.2
6396.56
4812.33
4204.87
4880.27
15032.6
4908.88
5279.64
5423.91
6479.85
22397.4
4341.81
6495.75
7460.8
6225.96
5716.36
16158.3
4106.11
5403.96
7022.91
10933.1
11680
10272.2
4976.62
13709.5
4649.14
5576.45
8128.37
9894.88
7597.35
10788.4
4388.89
21433.1
4584.76
5039.31
6340.44
5516.41
7108.71
6902.72
12976.8
7950.3
5997.58
6656.39
7136.96
7113.54
7773.49
20220.4
6024.58
5241.94
13515.2
9664.35
10226
7986.65
8047.38
8694.8
6351.88
30664.6
4526.95
9062.12
8342.02
6432.69
7319.14
9436.71
7911.04
5411.49
9582.99
9499.35
4380.58
3687.5
5503.68
5175.93
6741.85
6005.93
9457.76
6481.36
6420.05
5640.56
4234.1
6965.54
5090.23
6897.58
4029.71
11882.2
5613.48
10452.4
10363
10371.6
14175.7
8546.73
12175.6
7857.93
11261.5
7155.29
12328
7067.45
13491.7
6423.71
5365.28
7441.63
12095
9918.66
4022.82
7393.26
4874.46
7759.12
9635.22
12125.1
5798.87
7914.77
28295.2
5898.75
7812.31
5508.41
13310.7
5316.04
7429.22
13399
6807.95
7889.02
4657.34
4963.4
5913.33
8746.24
7251.74
8665.3
8426.7
15454.4
5401.87
7830.85
6931.84
6127.96
9209.52
4524.49
8839
11616.1
7582.67
5466.29
10420.6
7062.86
12402.6
5798.63
18807.4
5426.96
15616.1
5378.76
23326.1
5737.84
11470.6
4019.36
20851.5
18572
4909.48
4872.83
9159.38
4554.58
12222.5
9075.46
5228.96
38931.8
23641.2
6771.21
9728.23
8707.93
5698.73
6203.82
9417.88
15242.7
8556.05
11280.4
8144.36
9926.38
5693.97
5828.84
5361.95
7487.18
4843.21
5282.84
7094.26
5215.5
5140.53
7265.74
9996.49
7020.66
12633.2
5640.57
6401.91
9007.65
7902.33
17033.4
16627.5
6779.1
6233.52
9020.75
5274.11
35302.6
10000.2
12339
5539.7
15369.8
5755.44
6908.29
8721.68
6421.11
16441.1
10669.8
6197.23
16563.3
15699.6
6139.75
10959
5658.36
6788.36
4906.21
8952.19
7728.77
7939.45
6114.43
8971.26
6503.96
8019.48
6599.46
9140.26
4775.36
9182.59
12055
6318.33
8578.96
6242.59
8262.13
11003.9
15146.3
14511
5969.63
5061.01
5575.49
11133.4
7329.85
8131.74
14585.9
8391.34
26578.3
15079.1
6250.39
8846.6
11142.8
4285.17
4636.84
9796.13
5657.52
9486.73
4144.84
4792.19
7012.72
6017.5
7629.46
16025.5
4988.88
4857.72
9644.59
10472.8
10834
8670.64
7800.49
7978.4
12949.4
5696.91
9213.88
6553.23
5989.26
8015.95
11306.6
6420.5
7109.72
13911.3
13041.2
5375.71
22744.8
6378.63
5068.6
7344.99
10472.9
9460.96
5067.18
6928.19
6513.28
10219.7
15484.2
7039.25
7490.63
8097.26
6088.25
5212.88
4974.05
7254.34
11405.3
14740.8
6651.85
12974.9
6513.87
8035.62
8991.33
9957.48
7984.66
6373.02
6612.86
6174.2
7445.71
8242
6057.76
6147.67
5385.87
6637.84
3887.85
6166.16
7934.58
13713.4
8138.47
4159.95
5608.33
4270.47
9826.71
4307.19
4984.82
24051.2
12545.7
12464.7
5556.86
5772.75
7189.8
8448.57
10861.2
11073.2
8478.93
6242.46
5348.94
10260.5
5530.23
7572.99
5638.4
5593.79
6933.64
4584.84
9129.61
4340.03
6439.14
12370.8
4457.61
8803.14
8660.47
5440.86
10569.3
12220.1
8880.25
4207.77
8724.6
25592.8
4304.44
12830.3
12526.1
16257.4
10283.3
6784.52
7663.2
6155.77
6825.62
13145.7
5993.01
8882.81
4693.94
8654.6
5686.91
5087.8
5958.39
14635.8
4007.14
5880.28
10128
9427.05
5830.91
7909.74
8965.77
10951.3
6333.49
5933.5
7935.58
9115.49
16499.8
10797.7
10721.4
6035.3
6970.28
7082.49
6574.22
7033.29
6854.99
10462.5
4218.3
9085.03
5009.1
12497.2
10916.8
18122.6
4830.86
10229.1
12360.5
3647.94
7485.41
5244.72
9192.95
6861.08
12321.8
4861.4
7745.98
16792
9217.36
6823.31
6461.21
6842.72
8163.49
8471.95
8693.57
6662.41
19400.9
15059.7
5901.17
5668.37
5995.74
7017.57
6369.11
11546.5
3836.39
16918.3
6896.03
3509.85
16790.5
7327.06
6478.11
4131.62
5688.81
15269.8
33367.7
11130.6
13556.6
4513.78
12367.9
6027.73
4051.13
9480.57
7436.1
4999.98
5707.46
4404.08
13216.8
4453.32
6585.36
8738.68
9727.01
7736.1
7917.47
6126.34
7105.56
6310.73
8411.74
14366.6
11615.8
7863.85
14583.1
6487.98
10268.5
8077.34
11662.3
6194.53
4497.69
8485.7
8031.25
14137.3
10913.6
12761.6
11390
3650.52
12714.6
6867.18
11363.9
18022.5
6436.45
8655.04
12521.6
28526
13120.8
28278
6185.5
15071
14280.3
7684.07
6517.2
6951.55
10367.4
6716.49
5579.7
10425.6
8630.19
5874.21
10483.1
10201.7
5929.21
13469.7
4810.81
6509.25
4336.79
7784.56
27086.7
6644.85
7868.78
4614.24
3405.37
7110.24
9589.33
12310.5
12816.9
6026.35
7541.66
8380.03
7921.1
11596.2
5345.45
14592
10399.4
11444.8
7615.9
18167.9
4587.83
6089.89
6561.86
5811.04
9577.18
7836.16
5462.43
6892.27
6176.87
6153.2
5546.26
7977.31
7435.47
12924.8
5233.83
4318.77
5872.32
7188.75
12353.2
6675.59
4858.35
4615.66
7245.32
7435.11
17609.4
6312.28
6681.22
9959.44
6298.85
9541.95
15079
8688.67
4242.09
23555.7
13231.5
7348.4
16508.8
7970.56
5620.15
5914.2
7060.21
6186.32
11202.3
8440.91
8055.21
3859.19
4600.93
6454.74
9539.21
7169.75
7265.08
4221.61
10487.5
4504.83
31966.5
3914.72
5323.49
8024.59
6366.58
8042.68
8542.29
6125.15
12103
3534.57
4831.61
9995.18
4548.94
9148.03
4395.58
9125.54
7020.63
5837.64
7590.82
11056.5
5103.9
7693.59
18946.2
5862.5
10830.3
6373.43
7036.31
13145.7
16346.9
6975.8
7522
7192.37
15508.9
12842.7
9965.47
8845.07
12970.5
5454.94
6839.95
11983.7
8285.75
4891.37
4489.68
5308.76
6260.58
5424.34
6348.89
5316.51
4631.29
7185.23
8750.94
8798
10795.4
4612.34
11213.1
12608.4
10419.1
5154.16
6816.73
9968.86
3718.61
10284.9
4508.18
7520.46
7276.04
4966.64
9998.55
5024.44
9147.86
5646.06
7490.88
4112.96
11984.9
5589.76
8621.55
7157.9
10589.5
5509.57
7586.87
5233.19
5467.37
6760.76
14101.8
5467.42
6966.47
5830.47
9966.55
7346.18
11402.4
6169.6
8717.92
5050.56
4933.72
7973.42
10669.3
10308.6
6572.1
4460.74
11869.8
8614.53
6206.42
7380.18
10662.2
5245.19
4900.6
8395.78
8499.82
11984.3
7745.34
9758.2
12993.4
8032.59
6354.12
20216.8
4315.31
5273.47
6665.47
5766.5
6793.42
31891.9
6113.55
7654.63
11149.9
3943.73
5466.74
30798.2
5918.22
9567.49
9822.3
8631.72
8213.21
7530.78
5101.08
10987.6
9103.14
5399.29
8119.74
3801.98
6941.97
13343.7
10597.4
4835.87
8749.73
10921.1
6035.66
4017.99
10583.2
6798.02
8247.37
3688.69
5198.32
10579.9
13590.8
14916.1
6725.33
6494.48
8007.34
5933.4
8345.35
7708.15
6130.3
5268.57
23018.8
14973.2
5370.15
9134.47
7474.31
9770.05
6861.21
9025.82
12035.3
5041.47
11471.1
5318.55
9098
5678.07
4938.88
7644.06
7149.31
9225.73
7962.98
9895.71
7122.38
8636.6
4925.2
20047.3
7972.36
4618.1
3431.28
12771.6
5642.06
4405.92
14027.8
8841.7
3950.68
8465.79
21297.1
6390.91
6654.56
6448.43
2724.72
11505.9
9207.23
14404.1
17727.8
7210.92
7990.28
8211.29
8545.63
10505.7
5943.97
5357.58
8492.73
11222
18679.6
7518.64
18614.9
11372.5
4421.6
5821.51
4944.45
12007.9
12493.3
3636.08
5353.38
9560.87
5112.23
18805.8
6227.63
21666.4
5765.64
5236.53
5678.22
5548
9444.52
5864.26
24423.6
8119.53
25509
9231.27
4618.64
8357
5841.4
7259.62
4953.98
8526.52
13996.1
5393.58
7621.8
4717.38
10056.3
10967.2
5381.86
7879.28
4942.93
6187.62
24237.1
4261.33
4749.09
5694.15
6151.2
8473.17
5092.56
5220.38
5734.42
8002.69
3847.2
7447.26
7081.84
5914.64
11480.3
7848.1
14439.5
7920.89
4762.25
6063.48
9422.67
5799.29
4804.87
11402.2
17441.4
9202.61
9590.72
5157.91
5704.48
5223.1
4192.05
9316.57
13174.6
7077.11
6080.79
6992.77
5622.93
8991.22
9896.86
13199.4
5749.33
6632.6
6766.34
8348.53
6735.98
10114.2
5029.19
8791.65
19140.5
8756.68
9812.03
5110.66
4708.27
9566.38
7283.07
8398.11
3545.16
9916.16
7266.28
6404.34
4227.63
9893.51
6070.77
8011.68
4481.81
9076.95
4617.12
6193.48
5855.39
7525.19
5866.69
18375.7
8680.74
8216.26
9371.64
33470.9
6642.43
11964.6
3934.19
7259.74
4266.32
12886.5
6605.56
10037.5
8939.14
12895.9
19226.6
11130.5
6478.78
3980.96
11115.8
20451.2
4467.84
6617.78
6517.92
4671.87
5250.69
3788.95
10073.3
13613.2
4306.93
7480.32
8909.4
5552.74
5672.93
10600.4
6418.37
3684.93
13147.6
5718.66
4892.32
23394.3
6937.19
9058.69
4722.8
7230.75
5382.03
5047.26
4794.6
7548.28
4241.79
9031.46
8286.19
7319.74
5015.04
9770.14
6358.63
7334.01
8205.38
5558.58
7184.94
19492.8
9125.32
35823.8
10998.8
5724.36
7496.23
8197.09
6698.97
18131.9
12478.8
5902.75
6756.99
6010.02
12925.5
14576.7
6034.2
4238.68
7074.35
6025.75
7744.9
5452.08
7276.92
5849.04
4786.72
11234.4
4881.88
8681.14
11304.3
5995.81
13467.3
4578.7
7575.07
4492.14
3921.09
6317.4
11008.5
5975.66
4473.29
10489.8
13163.3
4751.04
5300.69
4747.34
8361.8
5291.96
5769.29
6064.58
8020.63
6784.13
7238.38
6747.65
5249.14
5478.33
11500
5141.06
4711.44
10497.5
17315.2
15325.9
14500.9
12459.3
5397.04
7128.91
6254.8
8203.78
12858.7
7617.1
5681.35
7559.22
13514.8
7173.27
5302.63
7966.29
7597.35
6610.31
4732.34
6113.58
7651.67
8176.77
8636.7
10706.4
6335.79
15947.4
6449.08
12757.6
6666.66
5590.87
3539.35
3983.36
7544.1
7055.42
10252.6
6613.56
14143.9
5476.49
9082.01
3746.56
15688.9
3962.06
15923
3532.22
14670.1
20470.4
5313.66
8141.09
5054.31
11389.7
5104.73
8450.61
6483.59
5230.65
8958.77
5385.41
6839.8
6896.3
9292.82
7424.56
7475.01
6704.36
7776.26
4444.69
6562.69
3580.24
25095
8860.84
4364.44
4815.21
29192.1
10353.5
4295.95
9552.93
5867.23
10901
8954.78
5045.48
10329.1
5023.01
5708.31
7193.36
10250.2
4174.79
5153.16
5436.5
6739.83
4521.06
12269.3
11520.3
3411.59
8355.73
13117.9
4300.61
8580.33
6443.97
4664.17
4516.3
6820.54
12238.6
6716.38
4565.34
6243.72
7674.13
11099.9
5448.71
6755.08
9061.34
10892.2
14125.6
10174.6
8092.32
4989.84
11289.2
8484.87
7573.4
6540.88
9419.38
5535.68
18683.6
11094.5
7712.55
25494.2
6602.1
4616.53
4251.29
11356.6
4330.21
15855.1
7455.92
4890.25
10783.5
8112.04
16652.2
59721.5
7375.02
4993.29
7190.07
5220.51
16465.3
11517.4
9563.54
4150.58
8965.74
10572
9765.35
11598.5
4777.94
9394.64
8979.77
5885.39
7148.54
5601.08
10595.2
6554.15
4694.05
6087.97
5208.98
10343.8
10793.5
6313.09
9623.22
7721.31
16353.7
5694.96
5297.12
5898.37
6759.61
34137.4
4977.17
4131.71
13277
12827.5
4187.27
11647.2
8491.6
4984.67
13304.6
15046.6
8969.2
4147.74
3972.05
6940.96
7520.51
5964.97
5139.36
11228.9
5214.05
8949.49
3905.89
10137.5
12381.3
7927.35
5012.78
11428.7
12235.2
5355.48
4018.16
5740.24
4509.6
8009.51
7277.03
3898.6
10569.3
27558.3
4424.47
7229.65
3646.6
6126.31
9338.64
19367.8
8363.21
8447.7
8957.92
7557.32
11000.8
14418.7
9122.49
8270.31
8248.49
6084.48
8133.82
5405.3
14139.2
8294.34
7791.7
7370.11
11790.9
11955.8
4396.67
4229.29
4866.44
12647.2
4797.39
7493.72
7752.41
5752.19
5693.39
6350.48
5561.61
14192.7
3857.64
4511.45
6743.07
47599.7
8184.53
13751.5
6323.7
5888.34
13127.7
5423.73
10360.7
8198.75
5088.85
5542.39
7879.97
14013.7
5273.03
6590.16
3948.91
6352.49
13425.8
7366.75
6757.39
8850.54
9141.27
36708.7
11407.3
15399.5
4613.52
8192.47
5445.93
4854.57
6126.03
4544.27
7584.58
7031.41
6830.13
8196.28
22113.5
8556.53
4669.09
9672.59
4603.5
5738.24
6132.98
4247.62
5296.5
5833.01
9682.02
21763.6
7106.44
5835.63
6283.11
7318.71
4611.38
11229.8
5412.49
22728.5
4719.61
9246.46
8386.97
11352.1
11254.5
7492.85
5308.1
11197.6
9281.9
8265.22
5565.51
4512.8
47393.3
9043.76
12368.4
14401.2
11025.3
7715.56
10991
6004.79
14052.8
7663.52
8673.6
9200.22
5607.94
3512.69
7614.91
5497.12
5823.78
6686.35
9355.47
8227.98
3231.51
7576.25
12727.2
23325
15019.8
10573.7
4161.82
8007.05
6921.74
9521.74
9037.03
5946.62
6832.21
9071.03
8983.76
5701.43
15511.1
10201.1
4369.96
6260.47
9254.38
7499.34
8184.29
5369.73
5514.06
4474.36
12150.9
7326.71
4917.64
7423.52
7749.16
13450.3
4548.66
5612.18
6310.93
25141
9149.13
5977.56
8028.95
9050.54
4693.33
7759.24
13044.5
8673.13
8491.79
9428.11
4194.92
7358.89
8716.93
5590.06
7102.38
10592.7
12816.7
4713.7
8193.41
7606.93
7486.38
6113.43
4358.59
8597.02
4033.77
8179.16
6775.93
13169.9
8795.02
10908.9
11282.2
5618.24
9007.78
6122.82
4369.18
6489.61
4668.08
7115.03
5546.84
12723.7
6818.42
10186.9
6835.64
8632.02
5374.26
8114.45
7078.49
12972.6
7382.61
4719.61
4522.95
7608.35
5201.35
15255.6
3986.87
9278.11
6619.69
7041.94
9099.27
17569.2
6335.79
7787.45
7093.46
7879.33
7765.12
8447.94
6824.04
7329.9
9418.77
6345.81
9473.68
4752.29
14672.6
28771.4
5163.09
7249.82
8873.78
5399.66
5266.38
8376.7
11350.6
4924.17
7007.68
10155.1
7046.75
5854.71
9904.74
6661.9
4829.15
13162.7
8021.84
13347.1
10021.9
5715.93
9230.72
6793.4
9007.39
26677.9
5666.4
6336.98
13934.6
10097.5
6601.71
11505.8
16718
8567.02
9052.14
3988.47
4649.67
13707.2
4415.3
5003.3
9745.09
16238.5
10098
8989.97
6283.22
6199.72
6763.39
7288.24
13778.6
9313.95
8139.71
6197.94
9373.5
6404.6
8244.48
4667.78
7176.11
9037.4
5551.33
12207
5734.39
14730.2
6103.46
6821.25
9691.08
6059.78
7048.78
13329.2
9660.85
10170.9
5211.15
4444.24
7866.88
13427.2
8129.01
10081.7
8936.01
4708.59
9158.87
7396.06
8468.76
5764.82
5042.38
6104.64
4121.49
5564.81
6205.48
7533.09
5147.76
8568.73
10372
9559.82
10613.9
18516.4
11778.2
17014.9
14992.7
6839.74
8516.11
6391.9
7134.93
7072.18
10363.7
13856.8
7481.81
11808.1
6432.03
9886.44
9204.74
7566.55
9136.8
7928.86
4915.59
8771.8
6804.47
5989.25
4670.58
4285.56
16914.1
5138.64
20404.8
5543.88
6797.48
7125.62
4135.27
7018.23
20817.6
8232.18
9478.36
25616.6
8057.85
7056.84
7639.06
7221.81
4712.58
11910.9
4860.52
9474.34
5735.05
6103.29
4139.19
7482.19
12483.4
6834.21
8207.1
11792.1
8139.32
7334.9
7077.14
5208.4
13927.7
4383.87
5898.54
9204.49
9906.63
10228.1
6944.17
14745.4
6115.23
9964.44
12279.3
7371.93
6298.25
10342.8
5549.54
8816.26
6717.64
4460.96
8633.07
7628.29
5481.61
5067.77
3918.93
13065.3
7478.69
5144.37
8705.36
7133.16
10359.5
4495.85
7671.36
13263.3
10424.6
8175.53
5485.52
8475.18
12006.7
10151.2
14098.3
9256.89
11329.3
10130.4
6849.08
7196.07
5645.03
8379.07
11998.3
5788.29
10480.7
8472.95
9805.76
6858.03
9019.2
5733.06
7826.69
10668.6
4538.65
6130.4
8551.65
6084.05
15844.8
10462.1
5277.64
6195.16
14722.7
9841.48
4414.96
9588.38
11230.6
8183.35
5399.4
8062.48
12230.9
5055.47
5230.25
10996.8
5952.63
13851.5
7816.16
5910.76
9286.02
25042.4
4726.48
5928.45
3929.54
13921
6355.16
5196.14
4861.6
10501.1
9156.81
8898.15
4927.13
5762.23
5527.4
4668.65
6305.06
6591.53
23990.3
6233.17
6444.14
9969.94
8811.58
4595.39
7221.18
6255.4
10851.7
7229.54
4432.4
6143.14
3454.36
12044.7
11213.8
5641.01
14073.9
4754.24
25485.2
22793.5
10303.3
7516.56
6798.96
10628.1
53034.4
7552.33
5369.68
6044.24
9847.92
10670.3
3851.85
5511.81
5988.68
4326.23
8401.41
6899.34
7529.82
9487.58
5797.87
5719.58
7857.84
4804.59
6233.41
3886.78
6542.86
7025.21
4857.53
4146.33
6842.2
7296.6
11132.2
6494.24
3937.58
7632.08
10136.1
15594.9
7415.65
9632.46
6672.44
9602.53
11385.9
6945.41
3461.41
5285.15
9666.76
4743.17
24240.3
5546.01
25493.8
7949.12
9382.55
6334.16
15780.6
5502.57
5512.94
24046.5
8072.27
4989.21
8219.38
4846.16
6525.32
6527.27
5359.46
6750.08
5324.78
11055.8
7699.59
16730.8
8273.31
5408.72
4677.87
8086.54
11406.6
8317.88
5177.25
9128.85
8014.34
7450.65
5672.42
5864.68
7874.71
11177.8
8883.62
6941.9
5736.82
12142.4
10427.8
33435.8
5966.07
8604.34
6861.05
8805.65
6203.5
10117.5
13214.6
4354.53
9707.95
6722.75
19428.3
6045.23
6110.89
3561.09
13234.3
22932
8976.66
16936.8
8158.39
5747.8
6050.38
6106.78
6551.87
6358.02
5062.46
9288.77
10136.6
9768.07
8019.94
3366.67
6267.53
12394.6
4874.29
9578.69
3557.64
7088.83
5962.13
8151.14
6340.12
6123.41
7053.9
14755
7293.1
4722.18
11999.8
10608
15099
11646.4
4385.98
8350.03
5802.41
6698.54
7468.6
8854.5
19968.9
19709.2
5368.27
5412.03
5050.98
6149.47
8540.99
3561.34
4363.64
4725.87
15228.8
11791.6
3902.84
5125.86
8104.2
5287.59
12689.4
9485.71
4704.43
7435.23
5908.3
5511.67
21281.4
4019.3
8921.57
7203.91
4294.71
9246.22
5496.68
12113.9
37569
10878.2
4378.72
4445.43
12122.3
9592.5
15509.9
11648.7
6882.23
5610.09
15244.6
9217.15
6020.68
11818.1
5991.43
17869.1
8818.48
5581.74
8477.73
5750.63
8893.63
5207.35
4438.13
9414.51
6055.05
9169.74
8690.96
6268.73
5745.89
6619.29
4410.53
9552.38
10022.4
9508.68
7865.89
4937.32
9608.54
8478.58
6626.31
4746.31
6670.87
11762.8
4482.4
5985.34
7810.76
9730.34
10635.6
6175.24
5959.13
10941.8
18126.7
7378.65
6332.68
9979.7
6659.03
7770.06
8334.06
7661.54
6187.98
12574.6
13768.3
4312.08
5390.38
4020.24
11762
9559.38
13229.6
7998.23
5595.48
5451.04
7005.39
4700.96
11056.9
5328.94
6708.11
10899.7
7335.05
11037.4
6553.22
7568.45
8972.54
8320.95
11650.4
4792.43
7687.91
8663.25
3636.57
13001.6
4330.75
20960.2
14645.8
4926.7
4427.86
9381.38
37065.3
4781.71
6130.51
11337.7
12817.8
7142.23
6090.12
5814.62
7239.7
4210.65
5898.79
4587.35
5672.13
5221.96
10126
9275.7
11403.8
4286.55
3539.16
5254.04
4583.66
3504.43
21519.2
4247.29
10967.3
9282.85
14066.1
6192.38
9011.96
11206.4
4027.67
7058.18
7405.65
6799.25
16040.9
9898.13
3713.87
5207.24
3483.78
3260.34
4625
5093.22
7674.84
8908.16
4362.1
5078.6
7535.91
17686.8
10311.9
5290.27
5529.5
4434.77
5961.41
6630.02
13998.7
25122.6
5077.07
6510.18
5246.19
10090.7
5493.63
19159.4
5318.05
16395.3
9864.6
10331.1
4623.16
5644.8
6903.51
6476.85
7475.72
7646.3
7647.66
5470.69
10959.9
5558.51
6390.98
9882.86
11894.2
6890.78
10445.2
5195.12
6317.34
7993.56
7630.26
12073.6
15775.5
7946.55
8334.79
8116.7
6961.17
5537.16
7784.55
9914.79
7320.7
12652.7
6943.97
21326
8734.14
14921
5495.23
3917.55
5306.66
7158.19
4696.09
4763.23
8688.56
10576
7257.75
9209.11
13094.5
12620.6
7155.86
7702.48
20836.9
15851.2
8040.38
8205.88
6388.59
5499.93
5433.14
7728.61
5307.14
10806.9
10527.5
6643.61
7131.24
5120.35
6890.29
7732.91
9993.8
9471.7
5853.56
7287.13
4499.17
3087.58
12921.6
4609.7
9220.19
10553.7
5672.17
5938.31
10829.1
5527.94
6404.54
7883.04
11391.2
11009.2
6981.95
5349.77
12279.4
24199.2
9558.97
15121.3
13595.7
9006.89
22777.7
18051.8
5167.27
8316.46
8980.25
6169.18
7905.54
7758.77
6207.68
6966.53
7736.33
17504.6
6590.48
8900.13
6664.74
7712.92
7424.11
16370.8
6776.27
4352.01
12177.8
8073.77
13476.9
6773.17
10589.6
24448.8
23793
9562.77
4840.49
6418.08
7700.04
8424.44
6631.71
16495.1
10761.3
7775.52
6300.3
7531.73
7198.24
7154.46
9059.27
4648.8
6307.79
8493.15
12177.4
5527.05
5728.83
4933.59
6976.12
7939.3
15150.8
27571.7
3709.99
5212.13
5345.17
6618.65
5033.19
5074.21
6928.79
7333.84
6828.91
8262.39
8543.67
22708.6
9013.36
6451.62
4809.17
8290.68
5772.98
4281.23
4544.06
6077.08
8072.61
6391.32
9998.9
7446.68
11983.7
19131.7
15218.8
7505.54
10960.4
10543.9
7041.68
10356.1
6261.09
4992.18
7914.47
8311.26
4831.22
6379.78
27008.4
4968.19
4078.98
6445.62
5296.42
11283.2
4914.39
6942.13
14001.1
7134.95
6786.61
12462.9
10710.3
5603.78
8549.04
7003.19
6515.97
8111.64
10515.2
7697.45
5487.79
4070.13
10648
12545.5
5263.4
11242.4
13042.3
12489.7
10021.4
5566.2
9689.27
5418.3
7366.27
50650.3
4042.53
10960.5
4003.15
6008.68
6025.81
5664.3
8008.52
7846.17
3930.9
5520.45
7406.21
7136.14
14193.7
5431.21
6985.86
9295.95
12505.7
41016.9
8610.47
6942.75
10671.6
7671.59
5584.64
8217.28
5476.87
7717
10113.8
3312.56
12076
11607.5
6220.76
8940.16
6763.88
5863.68
6924.95
4564.65
7379.48
7026.35
6427
14033.8
10602.4
10942.9
7785.64
8869.16
88366.7
13402.4
3965.46
8915.05
14043.8
7064.06
8082.24
4565.05
7653.14
10001.2
18079.5
7948.05
6619.33
7561.23
5870.06
6840.71
5652.43
7238.72
5889.91
7791.41
7034.81
5832.53
9036.47
10206.4
11722.1
3031.78
7097.08
16016.1
6611.54
7408.57
3093.27
4631.06
8319.16
5167.42
7193.94
7036.22
14161.4
21045.9
6200.25
3969.32
15983.6
5221.6
3907.59
6853.99
12791.3
11176.8
4498.65
6814.28
9181.31
7128.89
4404.64
6276.99
5251.17
7176.85
7912
11606.1
11577.1
6588.72
7068.5
5182.5
9839.48
8151.33
5614.39
3836.34
7584.42
13490.4
7986.55
4522.19
5002.76
7122.67
9850.77
10829.6
6719.19
11331.3
6985.05
18881.9
8789.18
11640.6
13779.8
12859.4
8537.72
5634.31
6877.65
7483.02
5695.84
6343.94
6432.9
7628.66
5933.75
5786.43
5606.74
6455.93
4170.51
16262.4
9856.67
10227.8
12405.4
14276.4
6289.76
6065.71
7680.81
13624.7
6660.13
4283.03
15927.9
5393.21
5610.98
8157.29
12036.2
6944.48
3932.34
5380.11
8405.69
9387.22
8790.89
7665.03
6966.02
11593.7
6302.73
3729.61
12414.2
9174.2
10999.5
5079.7
10167.1
12834.6
9306.82
8902.99
8263.54
12149.5
7182.67
17951.6
8171.9
10412.7
8143.68
8163.12
14145.3
4626.33
4051.29
5320.65
5201.54
4247.87
13115.9
7326.84
14419.5
6273.35
7799.8
5731.05
7958.61
4115.07
9893.14
4154.74
9810.1
6949.71
10203.5
5187.31
10204.9
16146.1
8301.26
10053.5
11385.7
6254.24
7229.99
6564.08
4673.53
10135.9
11932.9
6842.33
14957.6
13748.6
7711.09
8284.93
13526.6
4763.44
7293.24
5871.12
4934.05
4940.7
6509.34
7801.94
9618.04
10304
6981.75
11430.4
4960.2
5262.3
16144.2
9643.45
7818.48
14567.6
10917.1
17185.2
9390.54
6200.03
8724.05
14060.1
4025.26
20376.2
9024.63
9623.05
6808.69
6733.41
8825.6
5522.02
10726.6
4758.86
4905.55
10102.6
4842.4
10472.1
6936.35
13066
10006.7
6264.08
15642.3
4169.3
12076.5
9368.89
8023.34
8917
14708.1
7114.13
8125.65
5335.13
7004.55
11473.9
9524.4
22356.9
5435.64
10559.9
8006.07
5107.24
9145.5
13078.7
5767.28
4390.04
13546.9
19215.2
4391.62
12252.2
9746.37
9522.95
5481.16
5887.86
11476.2
6012.36
34999.7
4185.06
14329.2
13609.6
17435.3
20084.2
4579.75
14855.8
7546.91
7293.14
6076.86
14318.4
6603.7
4697.56
23193.9
5272.12
10341
23700.3
7198.26
10444.7
6058.92
4806.89
5083.08
8801.48
3764.37
7481.69
11706.9
4182.29
7154.39
7996.69
6218.6
19524.2
6905.83
3962.52
7850.9
11242.8
12714.8
4609.54
11023.1
13402
34238.6
11214.7
6098.2
4740.7
6551.89
14707.8
4755.54
14087.7
5818.51
20924.7
8185.56
5543.41
8660.82
9255.43
10545.6
11062.7
7186.19
10463.6
12237.5
8671.4
9853.78
8319.07
4692.77
16501.9
9102.5
4772.58
18531.8
8567.19
7130.15
5227.75
5196.46
4644.26
8919.91
4324.16
10216
9597.41
7959.83
4925.89
9003.21
6988.86
7717.9
8536.76
4907.24
14091.5
6326.77
14022
5022.66
9095.94
5586.7
10023.5
8955.63
6880.54
6980.93
6584.4
6929.87
6593.6
10490.5
9957.68
4350.94
7190.59
7252.12
16955.9
9484.16
22161.8
42368.9
8452.31
5619.85
6021.24
9414.61
7046.7
10248.7
5073.86
21232.8
6278.22
11952.8
7755.59
7620.35
6971.16
8973.25
9047.08
8320.49
4369.62
8104.67
5406.38
7718.06
6228.79
6584.55
10113.7
10374.9
25932.3
15234.9
5288.69
26789.4
9100.55
9513.81
7619.65
12401.1
5115.53
7061.8
8216.65
4968.77
7243.48
7119.66
4656.21
4494.53
8512.43
4998.86
5545.68
8822.68
12193.8
9538.81
6164.68
19787.7
3762.52
7232.72
17734.5
4542.84
11286
15472
17562.6
13362.5
11557.1
9126.98
7110.24
6166.13
4599.21
15974
7558.43
7934.18
11214.5
12352
7072.08
15088.6
4451.04
7447.35
5547.45
7818.87
7860.08
7916.13
5988.34
15070.8
4556.2
7532.66
7867.09
6621.47
13069.1
6496.67
8569.45
10415.9
6180.2
3739.02
6685.85
6590.79
20237.7
3503.41
11542.1
7004.62
12633.3
4094.87
14094.7
6296.81
7502.81
4996.27
7663.04
13519.5
5409.21
16375.2
11846.7
6759.26
9890.58
10367.8
11414.4
14959.2
12336.1
4935.61
10075.9
6370.33
9456.64
6644.57
3624.12
5907.78
10753.1
10672.7
4407
9355.97
19685.7
5330.57
8380.97
6697.76
21296
4423.22
5592.18
3494.87
5899.69
4400.49
4421.68
7754.56
16174.7
6488.31
6147.63
16160.8
8500.08
10647.5
5605.32
5238.52
14178.1
6873.11
9398.86
4971.31
6747.67
4413.67
9493.5
4728.66
8608.54
9598.15
16453.8
6307.96
5807.2
4739.53
30694.9
5430.71
5593.82
7981.88
8766.48
6262.89
4662.11
3553.37
5602.2
12219.4
7649.34
6482.01
7412.91
3814.45
13297.9
8940.83
8644.06
4566.59
6587.38
10965.7
4579.08
8987.52
21882.7
6817.81
11588.5
9962.48
7149.78
9920.3
10501.9
5004.37
8545.79
9422.91
9726.49
3747.73
7348.26
11941.5
7015.17
7393.52
16051.8
12654.9
6535.07
7545.8
7352.71
4829.5
4943.99
7948.24
10170.9
4420.82
6583.65
4150.85
13310
8156.21
8597.89
7892.96
14044.2
6991.42
11430
4304.08
8380.04
4846.8
5295.4
9100.76
7310.94
10556.1
6472.51
9315.41
4668.3
16052.9
9299.05
7029.18
5684.87
13115.8
5536.87
21412.4
20058
14567.9
32107.5
3854.58
5052.68
10560.5
7520.26
5637.97
6219.21
7322.81
8030.3
6568.19
5042.56
6800.6
7656.43
7622.9
4048.95
9115.69
5150.61
7412.11
9879.16
7517.69
11343.4
20465
4956.17
4853.06
10885.9
16783.3
9500.39
11971
6729.05
8808.2
8600.55
13586.9
5722.58
6056.02
12139.1
5144.67
8159.63
8190.56
19189.2
5718.91
23966.4
10672.8
4431.38
8051.77
15234.8
8773.32
5124.94
16314.7
6366.77
7739.21
20655.5
19529.8
20844.5
6469.35
8463.15
11984.3
6567.59
11842.3
8257.28
6587.02
6766.81
4481.37
9212.84
5253.1
6676.64
5588.56
5072.49
6632.7
14101.9
8656.77
5472.01
8976.21
5612.21
10195.8
11030.5
7049.5
4667.25
8886.17
6244.66
9133.67
4125.37
4435.72
7069.38
13788.3
9302.04
9788.1
5309.77
6454.97
29064.2
6141.39
6765.01
6088.35
11020.2
8073.3
11691.9
3911.58
9603.89
6469.81
3960.13
4403.87
10257.4
13172.7
5571.08
6313.2
12246
5881.7
5554.92
5994.36
5075.48
8397.77
7027.47
5544.18
5149.94
12174.3
6726.42
4419.29
7530.49
17411.5
4493.48
4921.67
4333.38
8734.93
5996.37
10399.6
8639.64
8220.93
6627.08
6494.61
6045.51
4608.42
4488.96
5649.19
7624.31
5656.85
5856.11
9174.26
9685.11
5497.81
5742.9
3456.16
11012.4
8893.74
20506.5
7241.44
7487.36
4662.68
11727.4
11131.2
9588.97
7026.3
7769.3
14359.7
29202.4
5518.12
7901.73
20157.3
5326.15
4620.29
10652.2
4853.1
10908
14671.9
7617.89
8303.86
5889.86
6146.78
6679.6
9195.24
10353.1
5615.51
5577.4
5783.16
16272.5
5922.12
8423.03
8506.56
8790.52
9778.94
10480.1
3243.31
5963.95
14283.6
5578.09
4090.43
5029.29
11304.3
6160.56
6908.74
4969.05
6185.37
25561.1
5861.45
4100.52
5510.98
11253.2
9844.15
5558.67
8621.32
24665.4
17794.2
12722
4683.65
8359.89
9368.95
9098.95
7401.02
8694.42
12812.9
17907.9
4362.84
3890.28
4503.71
5265.96
6493.86
11526.2
6559.56
4102.16
7274.78
7253.74
8571.64
4472.52
6341.97
15016.1
4262.81
6255.61
12178
4050.73
6305.99
16331
5066.31
6968.82
13578.1
9321.49
9426.23
4895.04
11565.4
13239.5
12596.6
7699.59
10088.9
5535.04
6654.9
7363.86
18600.8
17757.4
4268.36
28671.3
6224.3
4813.47
7075.65
6205.76
6881.93
3914.86
6623.45
17502.9
4122.61
11644.4
8017.82
15257.1
4687.95
5747.14
4352.31
7153.52
5354.84
8262.41
14064.8
9954.45
5048.78
5764.54
6082.58
10201.7
6623.44
7115.73
5259.84
4840.86
5887.64
7010.48
15877.7
6489.84
20096.9
6024.92
11752.6
11554.1
9196
19549.2
24670.2
8557.91
4863.65
7517.85
14648
14994.3
49177.2
19463.7
5724.68
8833.18
6077.59
3675.75
10517.8
5500.75
11962.3
6223.95
24108.7
16576.6
4469.67
5145.87
24746.7
5725.18
4680.7
5754.53
7167.38
6661.45
11080.1
14609.9
6656.79
8022.48
5224.53
8907.48
8624.72
9443.07
4412.72
15282.4
9972.62
4400.03
10350.8
5272.08
10952
4073.07
5493.99
15916.7
13442.4
13007
9807.48
4679.49
7669.29
16905.1
5742.27
18665.9
5975.43
4505.85
14517.6
5189.99
8398.54
3853.04
13151.5
7565.18
19650.6
6465.47
7005.43
6869.25
7495.57
4473.7
10090.6
4046.91
9217.86
6694.4
6685.6
8588.61
4401.16
12967.3
10480.4
5088.78
14392.1
10828
5641.78
7131.86
22837.8
5246.24
4224.74
5590.83
7716.25
12280.3
15818.1
8318.56
6983.02
14718.3
8549.49
5284
6858.64
4469.69
5409.45
4025.83
16028.4
6790.69
7181.89
5668.32
4762.41
13518.6
7801.45
4076.03
7842.92
5793.99
7107.38
6308.26
10669.9
8089.03
9512.84
4563.74
4815.68
7377.21
7161.17
7919.41
9286.57
19825
7827.44
6671.12
10277.5
7102.76
4974.41
9004.71
6022.04
7960.3
12418.6
8173.43
7061.85
14331.6
4599.21
9531.73
17665.2
6582.9
7125.74
10719.3
21675.9
17894.2
5676.26
9898.86
5181.22
9337.26
5301.05
5309.86
9098.83
7349.63
12182.3
8995.43
7005.86
5419.85
4799.04
7269.16
6950.24
7915.29
6862.2
7944.93
4595.2
6465.01
12540
9550.24
6566.14
10071.8
5315.46
5038.71
7959.66
6607.18
6450.91
5333.74
6731.13
5437.18
7135.86
6222.3
7623.13
8687.89
14490.9
3898.75
9599.87
4646.94
16776.5
9035.47
9091.8
5445.86
11351.9
8766.75
4244.56
3790.77
29504.3
28781.1
6743.38
15443
9513.22
5773.98
5811.42
8156.5
5500.93
9600.75
9850.79
6471.21
4229.18
11126.9
11606
4030.96
4768.51
7381.01
6883.58
14415.2
15239
5236.85
6721.8
23781.1
6453.12
18200.9
5881.73
14104.5
8672.48
8084.91
11631.8
7600.57
5892.25
13854.3
12247.5
6635.69
19042.5
4890.6
7825.11
14752.1
6498.79
8693.88
8901.09
7755.91
4395.88
17041.6
14180.7
6309.79
4432.87
10714.6
4605.57
7719.81
7181.91
8323.02
8221.41
5939.97
5217.86
8521.42
5392.13
8608.14
10992.5
4459.02
7982.07
10321.6
7673.07
6336.36
9662.31
6997.5
5303.01
18500.1
10155.2
13854.3
4358.4
5397.27
7742.86
8791.23
7012.04
5565.86
7317.45
7468.39
7945.4
11990
6660.65
14170
9373.54
7485.08
5065.3
7054.66
10950.4
10690.8
5664.14
9870.06
7877.26
5909.23
9764.89
10081
6519.18
21428.9
5902.8
5930.43
4510.37
8196.28
14919.8
10469.1
15190.1
11700.9
7411.01
5884.6
7897.17
8152.7
5535.65
4539.71
23140.6
7130.73
5572.49
6486.02
6997.93
6462.59
6457.93
10849
12000.4
14890.2
6032.97
7804.34
10232
14560.5
31173.3
5933.43
5351.05
5368.55
4993.82
12529
17925.1
8421.53
5986.27
10490.8
9623.54
5421.67
8508.69
7923.64
8628.78
7244.34
6172.43
6985.46
23405.4
4557.5
8588.47
7246.1
7504.33
9402.28
42361.5
4336.97
6424.61
8337.77
8104.99
9194.09
6425.41
4235.84
5633.43
13126.6
5851.33
13142.3
5358.59
6055.41
4707.27
7896.12
9565.96
6241.66
10395.4
8431.47
6368.41
23790.8
12051.1
13270.7
8979.35
6976.91
7027.38
7796.15
4271.06
11052
5939.75
8853.51
3893.5
11079.7
5179.79
8487.14
11138.8
7578.68
6671.22
6513.51
4571.05
10692.8
5497.76
9777.33
10312.6
6666.15
6514.82
5355.53
12529.9
15635.7
5234.64
5353.28
8702.13
5779.76
4967.01
5653.95
5769.67
12790.2
15542
8013.62
9179.62
7311.69
7107.65
12171.7
5059.73
6934.2
5331.88
12403.9
12092
23788.7
6510.16
6105.76
6846.08
7389.83
10335.9
5801.55
16496.3
11021.5
17021.4
8515.02
7871.83
5144.72
5725.92
9253.64
9540.67
16238.7
5369.01
5117.08
14793.2
9560.37
5104.14
10264.3
10011
11787.6
7051.82
5718.4
12190.7
9804.35
8087.51
12194.2
7549.35
23600.8
8374.59
8086.52
9397.87
7424.25
6465.63
8494.04
3329.06
14929.3
8915.35
15285
5853.22
7233.95
4717.79
6183.71
13854
5584.42
5058.99
9022.18
9313.51
7632.65
12001.2
10258.8
4397.12
3867.26
4951.06
6770.38
7421.76
4161.76
8374.73
6265.95
7064.1
9719.24
7425.29
6308.97
6231.82
8313.35
6348.21
6091.24
19774.5
5731.76
6590.27
3953.45
15643.6
7908.48
6959.12
12963.4
7783.08
8658.68
6660.98
27313.1
3800.78
7964.1
12178.4
5663.46
6892.4
6164.25
4920.88
6186.1
8328.81
7174.82
11464
6571.52
9286.84
7281.61
7852.95
8884.03
4165.23
3933.17
5289.88
5402.84
4042.24
4945.05
10992.4
13091.2
7069.31
5646.77
8944.81
5584.41
5979.61
12101.8
5673.28
7104.27
14819.7
4718.16
5378.27
4973.88
11319.5
5868.71
4447.65
10472
9324.52
6625.82
5783.64
6008.46
8181.8
9480.74
5787.5
12660.3
4683.26
8835.6
5653.75
5871.91
5292.67
30835.8
9456.54
6264.89
7335.46
5921.05
7576.3
7771.15
7984.1
3628.36
5451.68
5020.26
7527.17
4063.32
6625.54
6404.18
8504.56
7389.76
4988.05
10880.3
5935.44
5105.57
7413.59
5364.72
12561.6
19367.6
16616.1
9038.15
5731.77
27738.2
8337.89
12058.8
11605.6
7325.77
7442.08
8237.52
9120.82
9760.38
7539.17
7973.39
8948.95
17823.1
12122.4
8392.7
6345.76
6207.03
10277.9
12221.1
8141.45
48664.2
5128.99
4061.49
5447.32
5990.45
7236.58
13109
5984.22
5015.81
6021.26
5880.36
6496.9
11911.7
4636.3
5070.31
5138.74
5690.9
17687.4
6021.42
5596.01
6429.54
8205.87
9657.67
4709.09
8802.27
7807.34
11273.6
5834.46
10148.1
7370.52
4572.66
8999.57
6246.51
11067.8
12074.2
8007.31
5504.15
9882.17
10591.4
6771.38
4978.57
5320.25
4562.28
6339.03
5683.81
12104.8
8282.59
4353.19
6178.27
5832.12
9832.13
3168.64
13571.7
13137
11854.9
5514.58
5812.84
8977.45
9479.19
10291.1
6795.56
4933.01
6128.63
6008.58
4828.26
5795.43
5402.89
6013.19
5190.37
5758.9
4378.81
5229.85
7783.4
7590.9
8412.79
7499.63
5134.63
23579.6
4635.46
4842.1
6480.7
6730.68
8362.62
4575.32
5960.51
7349.48
18999.2
7409.06
5770.94
5193.52
5824.64
15815.3
9375.42
7391.74
5526.84
4071.35
9700.02
9572.83
8077.1
8527.15
9725.29
8270.39
5952.56
3936.37
7575.3
9743.72
4059.39
14699.1
9591.88
6131.21
10116.2
4297.99
5142.04
7674
13790
5436.71
5831.22
6471.25
6157.44
7770.93
6983.13
7796.14
4128.74
4206.25
9306.67
4492.76
13971.9
6129.26
6689.25
6367.89
6675.85
5217.84
5739.67
4442.33
3571.36
9548.69
6864.1
27670.5
9152.05
7032.58
7312.93
14577.3
5320.11
5621.43
5955.25
6987.66
5794.08
14035.9
7711.49
6853.73
9700.9
5014.46
4530.02
14269.2
17155
6326.97
7393.2
14294
12162.3
8173.39
5635.29
11039.2
4717.73
4783.29
11806.9
15227.7
12415.2
9769.65
5581.48
5710.45
14291.6
13942.5
4277.76
7560.74
7053.3
8888.28
5725.87
3384.75
8358.63
13991.4
27424.2
5612.06
7335.13
7858.65
6162.85
5308.92
6803.22
7059.54
12755.5
12949.9
6761.2
4048.42
6390.42
10886.8
5228.78
6064.29
6978
5526.91
8431.36
9623.32
6165.11
3521.03
11289.2
12794.9
5559.45
4430.87
16492.1
14125.8
19394.2
5277.3
12107.6
14488.8
5395.64
22719.5
9478.43
9334.65
5818.52
6955.2
5461.08
6093.98
8696.89
4189.62
6652.98
9848.89
4904.43
9114.56
12890.3
9039.69
6343.22
8463.27
4810.85
9629.08
11021.9
6059.35
8534.51
10206.9
3822.88
7576.49
6561.44
9203.21
5497.02
5568.27
7713.16
6459.31
4699.47
15761.4
7278.48
5334.79
8699.88
8835.94
6527
5267.8
15140.4
7067.45
5043.75
13631.7
7610.9
22183.6
8781.19
6821.31
5976.93
5783.31
5647.14
6904.65
7664.87
4679.14
7315.91
6986.98
4373.2
9102.81
5495.23
11871.9
7922.97
6971.12
5417.02
6891.06
5673.11
6280.6
5903.87
4581.07
18793
6839.61
4477.5
5535.66
6833.09
13584
9582.28
7793.78
13199.9
7753.18
7237.12
10112.3
5481.93
8806.74
9780.25
12568.4
10852.6
13440.1
4050.4
4998.37
8204.47
7952.52
9538.22
6630.33
6528.23
13975.8
10359.6
9348.75
17912.2
3688.7
8945.77
14357.3
7927.09
14638.2
9080.79
6554.69
13360
6292.32
6086.6
7005.42
6140.31
9188.08
6833.23
9220.92
3745.54
6095.63
5186.9
4706.48
5545.8
28253.9
5582.37
3795.49
10181.9
4669.19
8457.49
15531.6
4956.42
4921.24
13079
6650.97
8122.72
7548.11
4830.37
5345.15
13640.3
10454
11192.7
8058.15
6306.86
13504.7
5162.36
9815.34
7409.98
6433.91
4351.11
8460.3
9773.33
7711.48
8640.11
6073.48
5975.08
5528.44
6174.72
8084.77
3690.24
7172.31
15480.7
8295.55
5500.19
7475.31
16401.9
9633.84
17988.7
3816.56
28657.8
12844.3
7434.85
15222.7
15670.8
9932.96
5700.53
5958.08
24817.9
14539.9
4638.27
5715.37
7962.78
4642.16
5583.36
5089.59
11957.9
6557.05
5564.64
5024.66
5528.94
4893.98
6038.41
5754.83
5524.86
7556.69
5627.53
20444.3
7929.62
5295.63
7621.53
11870.5
5603.83
11767
5486.01
4780.52
5511.55
5155.65
8674.19
6687.97
4610.2
11397
4350.39
12279.7
4626.63
6571.87
6446.44
21898
7160.65
7557.39
13865.6
5228.7
15742.2
6723.44
3690.71
6288.88
3707.99
7496.47
6949.15
5351.77
7181.67
5906.64
9844.95
8882.82
5610.92
4744.3
5459.45
4577.21
6775.12
5731.07
10691.5
5534.22
22857.2
6453.54
7624.29
9090.88
18549.5
9234.82
9738.82
8360.82
4959.99
11559.7
7933.89
29205.2
6972.14
13511.4
9527.72
11167
5623.43
7918.57
9809.64
11934.3
8688.12
6121.48
5619.33
21681.6
4946.86
5032.45
12529.4
4858.14
5637.11
11197.7
10885.9
10375.2
15254
7632.91
5205.76
11510.4
8066.32
6940.87
5369.68
7558.63
8856.04
7103.95
6474.75
7982.29
14100.4
5913.88
7955.38
11765.7
13120.7
2555.29
7092.35
10019.9
8993.44
9076.1
8214.01
12542.2
16239.8
6707.99
4745.06
8436.85
3310.03
9223.06
8286.46
8139.08
11790.2
8481.25
8872.42
7695.44
13046.5
6536.48
4115.99
6751.5
5167.65
6146.86
5273.99
6359.54
8127.64
9841.38
5978.71
3984.44
7340.63
6561.19
5100.19
4393.53
10830.2
4709.98
7225.14
11740.9
3709.92
11570
4980.23
4466.21
9527.16
5285.06
8267.27
8957.74
9883.99
13366.3
6326.69
8331.14
6223.41
10245.1
5254.75
8131.21
22045
5878.33
10044.4
7849.2
8330.91
15694.2
5906.52
4837.02
8040.18
16643.8
15114.3
4797.14
6581.85
11802.7
11763.8
8159.51
20517.1
6112.68
8227.51
7943.03
4844.37
8342.43
10059.6
8405.6
4978.23
9988.96
11176.3
6051.78
7206.72
5546.5
8338.27
4554.17
6603.72
13944.8
5555.32
13457.5
7416.16
8944.21
11969
6319.17
6515.3
13337
6365.46
6829.65
5257.7
6363.64
14730.2
6355
7317.19
9659.81
10561.6
5581.68
26329.9
5200.82
6952.18
7899.31
8820.04
8357.54
5441.88
6804.72
4829.75
6113.4
4143.72
9916.79
6583.48
19359.7
15605.2
5797.46
7281.09
6251.64
19488.7
10431.6
7679.22
6534.4
10137.6
6917.9
6176.54
6567.78
4010.18
5725.43
5452.55
10510.6
21262.5
5469.01
4976.45
4381.17
4250.35
6493.1
7265.05
11331.9
13799.3
18068.2
16979.9
6558.08
6052.68
3592.08
5758.81
6682.74
11828.5
15912.8
9090.8
4689.3
8031.84
6654.1
5514.21
7673.07
7549.82
4108.25
6163.27
36627.2
5175.49
4913.99
6888.66
10025.1
5020.56
8373.91
11193.2
6936.46
7130.64
7960.33
12716.9
5985.92
10673.6
6199.19
10186.8
6782.9
5203.01
11432.1
4331.14
23846.8
6711.46
4124.36
5623.15
8517.08
5553.3
7975.53
8901.61
11673.8
5931.76
8438.39
7236.66
9697.44
5587.1
5673.17
7316.93
5348.64
3887.09
16857.9
8206.92
13282.2
8977.47
10912.1
7369
12068.1
10641.1
5801.19
5500.48
14725.9
5657.48
8800.9
8056.99
5342.18
8629.11
3769.86
21059.4
3739.83
11745.1
9495.52
7883.54
12243.5
9687.68
11845.1
12334
11170.7
25271.8
6003.76
18759.6
11015.5
6610.72
5180.2
6629.68
13367.4
4800.9
4913.65
5640.66
7629.15
7608.34
8256.55
10310.6
8250.15
14518.1
6264.59
4611.34
2731.34
12428.2
7870.5
9496.49
8132.53
6286.87
5944.65
7721.07
16882
8003.77
9569.58
11972.5
4350.33
10954.6
5663.55
8246.92
6553.15
12131.8
20207.4
6314.72
4664.46
9492.7
7660.37
8832.27
6896.92
17239.3
5766.56
5036.41
6307.19
14668.5
6377.83
4319.35
6473.86
6459.95
17902.4
11021.9
6097.17
5488.26
7661.98
14489.3
6039.64
12714.2
6916.9
6133.11
7874.43
6626.36
10300.2
8429.13
4191.83
6336.41
27281.5
5808.45
7298.9
5141.18
15272.4
5277.53
5539.71
4845.65
9361.51
6824.51
5622.06
4344.03
4773.47
7793.07
8453.87
6684.86
27788.4
8889.72
7955.95
10405.2
5137.04
6038.76
20032.1
21905.1
13519.8
4577.44
5235.63
8821.76
4687.94
5326.45
24539.4
7117.13
4823.98
12760.4
4526.09
7712.37
9068.47
8617.13
4586.53
6521.58
8068.69
9575.55
6769.37
23105.7
4846.73
4612.45
7496.29
19000.5
5926
11559.6
6978.63
9347.1
13855.3
6422.85
8344.79
8101.88
5622.5
14936.9
6254.92
6702.74
14066.9
13603.6
13799.7
6521.04
12038
8760.42
7917.91
5315.32
5173.43
6091.78
9403.58
8476.92
5560.34
6036.78
9044.14
10543.6
4960.17
13246.9
4611.65
10687.9
6214.97
7708.06
9483.47
6574.82
12977.9
6267.8
13284.4
13988
12758.5
15460
9026.12
4632.35
7500.79
4820.62
3833.51
8691.32
10140.4
4329.08
5710.09
12629.5
7332.12
6744.14
4163.25
5074.3
6332.73
9944.56
4299.89
14262.4
3637.73
5297.72
5775.14
6212.76
7464.69
5356.03
5621.48
11550.9
7926.58
10519.3
10514
6957.99
10855.8
8625.93
7353.08
11876.9
9500.1
5116.99
7573.78
6935.51
6469.09
8000.05
14786.4
5551.33
6793.36
11346.1
8396.59
8557.79
6223.72
8494.18
5892.3
4801.97
8229.74
14411.6
8933.83
10136.5
9706.13
10312
4912.53
10872.2
5830.97
5021.26
7462.46
13214.3
3988.42
5771.64
7657.77
11232.4
10626.5
11321.7
13500.4
16561.2
13650.4
5003.14
8298.23
12000.1
6958.01
12967.1
7520.51
21818.2
9957.87
13929.3
13625.5
7984.81
4192.72
19517.6
9118.07
7295.76
3102.92
3392.85
8080.45
29084.1
7999.8
7274.83
6791.89
11158.2
5875.49
5070.32
7886.25
4966.92
7707.46
6799.45
12131.7
8524.62
13714.5
7281.5
6178.95
6866.46
9483.77
5020.72
7669.89
8428.99
5947.98
10706.2
9267.96
9574.77
18904.4
4976.38
7875.55
6882.21
10212.9
6272.97
4981.31
11870.7
13433.4
6366.91
6790.01
7118.69
8326.17
6927.68
4439.84
5659.27
8255.26
11788.1
5257.91
16207.6
6130.91
5861.6
10850.6
5298.82
11909.8
7301.8
18741
14242.8
15702.8
10479
11824.9
6147.32
5871.91
7293.57
4849.72
4124.49
12372.1
7259.8
5749.75
4362.85
21743.4
7389.13
7703.6
5037.77
7930.87
17667.3
9986.79
9062.28
5656.65
4899.96
10804.7
5853.55
6009.99
11190.3
8938.87
3783.19
14468.5
8392.56
7077.34
8621.58
6401.33
11596.1
6142.08
12442.9
4798.66
7217.27
8400.07
9891.46
8759.22
9106.04
10151.7
10297.9
5402.34
10594.7
9488.49
13880.4
10387.3
5018.93
4938.86
5971.34
6586.04
7640.37
11618.3
7563.77
12756.2
6461.6
10187
18306.5
17023.1
6458.25
5054.8
4867.03
6433.87
6125.04
20090.7
9070.78
6785.06
14902.8
8845.96
8449.84
5375.08
6001.7
8597.64
9829.61
14914.6
11387.6
5734.38
7200.48
5247.43
10245.6
8542.62
7566.55
6053.83
4725.61
12572.8
17415.8
4478.73
14955.2
5478.13
3971.64
3728.49
11508.1
4874.36
5143.99
8728.88
9171.75
6370.18
8390.36
15697.1
21275.3
7928.8
3707.6
9040.72
5908.29
10286.9
5477.48
9785.73
4283.57
7934.6
9068.38
5934.29
9361.48
5547.89
5174.81
7361.21
5405.06
3967.98
5064.04
6048.65
4165.99
5755.05
5175.55
9585.49
7656.36
10851.1
4875.45
21506.8
6271.94
4444.97
11211.5
5113.49
8442.1
20019.5
11788.3
10038.7
9074.99
4975.99
6523.11
5088.48
5307.73
7808.18
15615.2
7184.49
10727.6
3939.27
9068.77
6553.71
6145.59
4694.2
5320.36
6239.5
4359.17
7318.26
6578.08
29572.7
9623.91
5536.93
5809.15
14496.4
7440.17
10277.8
6782.89
8351.25
4236.71
14957.6
8903.38
7044.92
5569.73
4748.57
4651.63
7610.57
5748.67
4565.98
6712.52
4500.9
9323.76
6053.65
5457.73
11718.3
5275.14
4350.21
6157.31
11651.3
6672
9990.19
6556.31
6773.72
9396.57
6485.96
14255.8
9609.68
6524.19
6225.91
5055.78
6118.55
8072.13
6646.23
6601.75
4741.38
13586.5
19179
7821.66
8534.81
9095.49
5657.47
4960.99
19656.2
6932.55
4179.1
13675.8
4537.97
6365.78
5591.2
8359.93
6120.61
9086.39
6345.75
9562.27
21919.4
7877.59
12375.7
9853.27
9976.71
7116.43
7691.17
6860.44
7355.59
10268.9
6477.09
8385.28
4453.69
15085.1
3974.23
6533.55
9053.01
8182.57
9066.55
5511.94
8789.74
6094.05
6244.49
7541.42
5838.22
7721.38
8400.25
6878.76
6018.35
7375.45
11576.5
9613.66
6425.14
4720.36
15616.7
6788.92
9788.21
6366.32
11040.1
8843.15
6207.74
11300.4
9379.02
8337.61
7382.15
20019.8
4907.27
8461.36
6129.01
4847.1
7656.61
7313.25
5399.08
16324.2
11047.4
5641.28
26019.7
7517.79
7482.62
10263.9
6198.03
6840.34
6204.32
9875.01
4911.04
10700.7
12148.8
11740.8
8946.33
6779.1
7606.66
5454.28
7763.74
4244.94
9798.36
8003.53
4748.22
7859.89
9972.38
5127.04
3778.47
12407.2
11463.5
6477.25
5693.65
6284.51
4915.63
9553.05
9839.87
11230.5
12806.2
6152.6
7828.76
9247.08
12990.6
12429.8
8748.83
6034.18
12142.2
7160.22
18504.7
9053.66
10680.5
10016.4
16887.3
9446.03
11501.4
9696.14
4647.32
7699.35
6670.82
5126.51
5627.92
8214.02
14694.6
10435
4581.67
9484.61
5669.05
4349.47
8955.05
6341.12
4961.13
9496.34
7121.86
13013.5
16964.7
5037.97
15661.2
6934.13
9249.42
9852.33
8708.54
12663.6
8542.54
5810.82
7242.41
6435.17
6083.52
7191.05
8670.82
6042
5685.07
10205.8
29422.9
4023.91
6054.73
7675.31
13765.1
7810.76
5502.94
5732.2
8425.9
5463.85
10912.6
13460.8
5391.06
35539.8
6032.57
21486.4
11900.7
7060.06
8779.08
6171.49
9373.26
3948.41
5617.33
3771.69
5195.49
6774.9
10847.1
8721.58
9486.34
9217.15
7678.36
4799.18
5775.52
4527.72
5558.51
6543.97
6840.68
10680.6
6551.82
6106.56
9517.69
4304.01
9560.48
9829.51
8649.46
5858.86
4954.07
6335.67
4797.91
8279.94
5207.71
5765.85
5433.18
3425.7
4259.75
6758.93
9321.28
6054.29
8382.07
10595.1
11998.2
8021.86
8365.65
6618.8
8871.44
9090.56
4082.95
5871.34
5549.43
12421.8
5439.18
15103.8
9129.26
6390.08
8041.51
6337.7
8294.37
6274.85
4438.38
9711.3
7223.5
7008.78
11339.2
53057
6133.94
7069.66
12775.9
4945.23
5199.83
9374.51
3063.82
31592.8
10817.5
17824.7
5266.88
10452
6396.81
4503.14
7968.01
8869.77
7294.26
8129.5
14272.4
9369.77
4202.06
18624.2
9265.04
6615.48
11848.7
9035.6
4499.2
7605.29
5329.8
6629.65
9259.58
6741.39
20722
3906
5391.61
8961.06
7660.95
5607.72
6690.99
4584.28
10660.5
6422.35
6122.63
6459.9
9200.13
9327.24
11896.4
9363.54
8389.14
7943.78
4539.84
16283.8
7819.22
8089.83
3596.2
11290.8
7892.59
8882.88
7862.72
11270.4
9186.46
4090.95
7183.99
6951.65
6433.32
8360.34
7421.77
10206.3
5411.74
10922.3
8685.21
4823.54
5266.71
7913.42
7429.19
4102.89
5296.57
4401.39
8691.18
11216.9
6934.7
4978.64
5715.58
20830.9
5275.12
11891
8772.1
7253.05
25862.4
10442
15353.2
18862.8
3047.91
7577.1
4931.41
7959.71
12982.2
20927.3
4244.58
6458.69
9593.83
4230.06
4842.94
10063.9
5427.52
5095.44
6522.56
6320.31
7135.8
4058.74
6931.09
9664.06
13609
8061.56
6924.52
4988.2
6340.4
5631.68
3262.81
6565.85
5819.87
4881.32
8887.04
7434.74
12461.7
6337.56
6958.49
6624.55
5298.77
5919.25
13193.4
17940.3
4537.98
5492.42
11612.2
5211.11
8537.64
9238.91
12524.2
8401.37
9685.55
8644.79
5030.56
7041.03
4599.04
11724.6
6387.37
7798.98
6439.17
7073.77
23081.5
8050.14
11610.2
5030.96
8389.78
34726.6
37444.3
3537.7
6346.47
7089.34
10402.7
7910.34
4188.84
19892.5
7052.37
4757.56
9790.12
9287.94
5988.88
7562.89
13756.1
5327.57
6270.51
6204.17
7653.01
8139.12
10318.1
21131.6
5794.56
10154.5
7843.35
9076.47
6430.22
13094.8
10033.3
7419.45
10651.9
6470.64
10114.1
11390
14300.4
7066.1
8283.28
9737.61
4218.91
4623.62
6627.41
9558.73
15220.8
10547.8
4826.06
26806.6
4815.12
5891.2
6838.96
4935.3
10436.7
7300.34
5087.69
5980.67
9187.88
8002.64
4768.95
11151.6
7710.28
6413.13
7487.58
4690.12
9100.54
8478.08
26137.7
6926.64
16618.1
5771.67
8199.22
7946.38
7533.62
11149
9220.5
9361.05
4649
8814.42
5952.8
10622.2
20920.3
12215.6
7147.69
10734.8
6009.13
14343.4
9819.84
7216.52
5546.44
10019.3
6905.59
7261.05
11534.1
14423.1
3714.38
9642.14
5377.94
24017
