671.798
898.25
891.936
856.701
794.157
918.921
969.582
822.47
846.245
903.449
974.995
858.685
732.62
887.127
844.77
1007.28
993.198
891.077
927.087
755.098
803.471
897.813
1203.38
885.876
838.29
789.601
851.416
1014.45
926.007
1054.94
1208.34
935.147
829.342
1081.69
867.004
720.455
780.821
894.875
876.571
995.995
763.171
904.48
750.73
842.794
958.57
938.834
824.278
1043.23
620.317
943.529
768.651
914.682
980.182
1081.58
807.188
918.783
836.39
809.725
949.063
751.448
875.031
978.525
858.592
940.866
840.658
824.466
1176.31
794.489
705.177
793.457
794.494
851.018
740.573
914.894
864.495
771.959
990.421
794.392
846.62
860.003
929.839
805.524
943.314
852.051
867.021
762.804
925.121
965.225
786.512
960.11
855.249
887.599
815.97
771.75
837.129
841.246
848.887
922.499
959.653
711.41
736.425
1083.66
811.28
962.341
789.616
790.089
722.362
867.9
734.846
766.597
920.985
948.596
908.475
775.155
894.232
857.054
845.875
922.498
761.498
769.167
862.784
698.723
823.741
847.23
667.724
1096.63
793.385
899.448
892.505
848.608
873.304
837.414
792.294
797.514
949.279
1000.5
886.603
930.888
779.59
931.236
743.643
906.073
953.931
1092.8
803.399
929.594
876.672
913.385
1139.86
643.301
755.537
706.242
908.836
831.51
794.922
919.682
893.742
757.497
1111.67
916.02
927.011
952.477
910.487
892.899
853.628
1327.48
662.763
880.999
994.537
889.51
992.81
1168.67
778.666
1070.07
977.446
816.098
885.217
827.541
1092.26
747.716
755.467
919.159
796.714
901.715
658.21
959.817
893.67
721.931
914.273
983.022
1078.42
710.028
1159.44
793.559
935.634
861.288
918.155
913.631
860.116
861.654
796.396
875.553
772.817
887.927
779.034
1101.58
1015.05
1061.73
870.059
935.388
758.424
869.039
930.319
1168.59
875.804
861.174
946.219
862.58
818.128
884.264
792.574
821.31
870.997
662.358
674.083
804.123
873.41
865.191
781.252
914.394
919.418
707.495
836.915
991.907
783.633
932.288
1028.25
713.744
754.409
807.708
727.992
869.673
907.186
896.555
718.139
833.021
850.91
819.011
810.336
1010.76
717.726
896.325
856.733
916.166
807.862
737.835
761.922
707.169
976.741
831.017
899.054
733.024
713.516
992.645
855.662
741.909
705.664
791.624
807.304
988.467
831.603
765.084
832.387
801.978
856.383
768.499
809.234
778.125
998.183
786.724
776.458
931.704
873.981
869.718
1115.42
756.077
761.322
894.257
1042.92
1008.16
800.05
725.29
834.637
985.51
835.485
989.201
930.197
835.023
830.496
723.223
783.573
870.585
847.1
839.907
825.761
815.017
685.807
870.693
952.343
741.875
848.035
748.308
824.35
839.763
810.894
834.611
788.595
762.218
763.293
856.724
837.132
852.145
1006.51
789.649
1024.02
852.278
721.396
802.976
865.208
764.954
792.773
878.192
828.333
820.191
761.8
875.12
789.295
839.199
872.125
688.25
820.411
895.004
801.585
735.501
868.245
879.263
841.606
720.483
984.168
863.842
872.086
915.838
936.155
788.846
856.824
922.761
721.073
898.898
978.662
979.803
984.019
847.957
952.747
811.404
939.533
771.417
739.439
921.297
851.466
959.762
879.869
700.274
1011.88
1026.9
900.148
750.926
959.528
766.44
895.885
1029.33
981.664
823.848
773.926
737.167
827.718
802.965
876.966
960.09
904.444
780.579
774.216
845.714
809.475
826.951
850.811
803.946
968.635
948.042
987.698
894.671
955.987
811.874
1004.82
727.07
795.992
834.802
777.238
839.286
727.078
945.006
920.02
956
897.298
803.475
883.005
904.711
712.565
791.192
924.547
1030.41
929.966
804.037
952.645
964.797
800.319
899.924
1059.58
835.946
795.252
884.081
870.772
813.259
788.323
867.793
864.761
723.505
954.972
765.032
830.993
956.847
851.448
788.057
737.051
844.014
1050.05
884.503
709.747
845.109
962.563
1003.37
910.728
940.768
816.085
769.089
751.072
1071.83
851.181
887.951
828.476
969.734
911.666
873.97
1230.75
1217.99
766.444
736.96
1007.41
838.509
828.774
815.242
924.455
759.308
974.132
901.259
775.677
658.861
887.669
842.959
831.695
1031.68
910.413
1055.22
837.279
805.494
918.84
859.08
892.612
886.082
970.863
764.291
741.826
828.844
831.303
946.688
853.548
895.411
885.381
1106.13
891.681
1028.74
792.615
788.161
1011.62
962.284
789.243
789.901
766.101
873.431
715.564
776.749
852.682
957.864
767.22
837.596
816.387
848.794
1193.13
804.539
1006.08
1336.37
1018.38
784.782
1025.23
817.205
893.89
751.874
823.047
1002.13
756.262
819.731
977.926
729.566
845.937
1001.27
1048.39
742.02
886.752
890.639
692.324
795.178
959.342
799.484
780.92
786.168
838.229
839.682
823.029
1309.78
820.082
816.915
849.913
876.162
904.755
879.002
793.289
934.114
814.355
982.119
811.011
882.097
736.708
842.839
834.734
765.265
961.825
914.154
999.009
788.047
968.337
866.303
873.469
940.025
845.722
865.708
883.366
858.775
701.657
882.317
738.322
747.253
759.154
789.335
815.255
739.685
1120.42
820.792
856.18
868.499
728.38
736.689
749.342
825.579
905.927
922.626
934.743
923.749
726.823
895.032
887.718
712.093
744.548
814.099
722.758
861.757
880.581
852.932
843.409
912.692
677.916
815.763
1008.28
732.227
788.829
828.239
726.973
821.801
797.606
918.65
833.105
786.022
1058.19
939.593
881.929
876.542
907.969
797.245
757.994
892.114
813.4
821.3
844.621
824.135
925.58
756.507
814.426
1003.55
675.747
771.263
765.116
653.367
843.15
920.012
1040.65
895.664
894.251
911.662
830.382
964.324
819.324
874.142
857.287
873.574
890.72
800.257
720.986
775.219
807.146
752.674
829.074
776.604
1201.64
783.983
727.498
918.462
830.763
953.679
1061.54
847.425
759.257
920.837
694.716
673.188
993.222
686.493
841.844
1020.85
903.302
945.814
714.081
991.561
853.381
737.639
1008.27
817.798
994.981
849.357
823.159
792.068
748.204
860.743
772.252
811.661
931.936
807.141
840.021
917.082
845.472
757.603
882.174
744.596
797.461
725.048
746.748
862.85
897.46
804.673
802.476
852.118
782.838
910.302
724.589
1107.29
785.4
849.023
834.352
939.183
675.897
966.759
775.018
862.145
923.641
840.253
1004.13
888.958
633.425
780.557
806.155
932.509
1144.13
872.599
810.353
947.689
1026.81
1146.54
846.451
812.319
841.038
799.267
721.666
902.931
770.086
879.168
861.723
960.192
890.984
1102.13
804.126
714.389
1006.28
796.779
873.251
753.279
725.602
697.335
779.538
962.494
995.668
741.707
824.557
814
761.847
842.515
931.805
906.161
919.539
897.396
885.319
908.734
1099.96
900.645
779.719
613.012
860.999
809.288
609.915
836.79
723.326
758.121
857.849
1024.25
946.545
917.865
889.874
737.115
751.994
1186.85
849.844
968.622
851.762
1118.75
832.947
722.72
1517.24
1054.53
803.653
866.934
923.068
748.859
760.678
996.775
779.458
759.161
865.932
1045.06
824.289
864.32
849.957
788.3
1080.78
722.287
1040.59
947.046
910.535
837.78
732.938
978.847
775.67
787.699
987.18
1031.42
862.09
838.883
747.147
962.666
677.12
688.873
864.91
921.48
845.801
918.831
884.424
864.176
901.005
924.688
879.026
892.089
829.968
1141.43
809.42
780.633
1101.44
718.047
1053.02
825.777
739.775
860.101
995.385
814.164
747.091
782.095
719.363
919.16
738.225
1184.41
863.922
1011.45
857.584
784.928
819.851
1008.02
1038.31
725.307
856.457
941.481
980.851
853.258
841.739
715.611
1002.62
958.957
678.654
639.181
1109.23
1010.75
827.245
931.91
1042.66
906.851
732.948
819.541
745.789
1023.66
783.988
845.431
837.492
824.768
812.146
872.908
902.492
857.815
937.8
926.635
982.141
782.774
765.395
1120.89
933.483
708.028
790.783
832.272
899.976
801.218
949.843
887.542
873.212
739.7
812.101
750.742
826.149
939.625
914.752
912.548
919.212
972.152
835.83
754.821
790.015
961.266
1040.16
782.621
877.272
880.871
813.652
904.32
915.114
966.494
851.269
841.07
894.73
917.246
845.162
717.837
840.524
978.061
799.478
734.352
694.148
1109.59
1023.76
803.29
804.666
890.925
800.332
952.324
894.218
1018.35
763.418
922.371
753.438
927.827
943.701
989.378
837.266
917.751
929.318
853.272
884.367
682.305
939.993
782.243
858.259
746.377
738.536
836.158
782.011
722.015
774.906
795.543
802.513
961.882
762.308
922.635
945.098
836.056
889.173
691.181
916.157
823.494
707.077
788.743
845.669
813.777
674.239
796.542
868.998
1094.41
895.394
844.419
833.633
748.455
885.815
932.092
942.586
967.381
771.664
763.676
961.872
919.68
845.649
882.107
823.527
650.715
737.708
920.401
984.92
1083.4
745.579
956.666
712.769
780.469
947.195
879.706
905.591
737.343
897.557
728.76
1086.54
845.695
949.009
919.561
755.694
837.254
905.543
851.101
842.218
953.888
819.899
885.268
946.392
778.267
821.026
978.194
847.322
896.052
1232.41
858.504
748.971
709.843
751.234
910.157
1076.26
925.032
823.426
881.701
963.808
1214.43
746.77
775.016
655.581
913.469
1039.58
895.589
975.594
826.331
959.096
852.223
939.893
680.752
866.621
886.681
910.806
877.669
742.508
736.047
871.894
860.771
936.496
763.707
944.494
948.903
811.4
823.742
861.036
700.376
868.511
905.408
856.809
855.783
988.065
835.011
891.155
758.551
889.153
1014.03
903.291
832.565
1022.76
927.801
1100.66
760.642
908.745
873.912
816.076
707.123
722.471
1394.81
745.832
905.683
711.351
765.016
751.619
778.907
800.306
867.867
723.288
767.64
912.175
952.238
931.608
917.634
832.633
1017.33
785.939
933.36
872.86
845.213
794.255
959.279
730.648
888.434
874.124
800.104
833.424
854.928
793.807
815.469
871.248
970.417
828.287
748.531
869.3
750.45
867.731
762.084
763.077
1006.81
933.201
926.101
811.157
826.769
819.36
890.453
743.482
877.987
892.901
682.745
735.987
767.647
799.649
792.445
845.151
692.71
835.466
810.179
855.813
835.826
771.866
982.981
874.355
681.726
930.199
865.266
737.218
936.699
949.195
960.008
708.046
732.605
835.306
884.627
899.591
718.208
949.343
996.546
814.186
1109.01
831.935
859.31
902.469
745.102
798.282
850.313
860.935
720.631
876.278
797.469
794.81
718.078
807.739
858.336
770.19
840.123
781.304
1026.8
751.123
892.669
770.09
972.207
927.457
925.214
785.103
885.778
805.426
653.768
1032.47
1125.25
850.176
816.073
942.151
791.899
861.06
813.316
1012.98
777.784
885.33
823.801
874.477
856.405
832.252
838.552
875.418
963.291
970.38
799.328
978.448
918.945
993.748
1015.77
911.43
764.922
1269.99
809.898
852.008
812.734
804.009
843.281
911.571
792.62
964.164
933.589
805.543
796.611
797.607
916.374
1045.68
1033.2
855.111
770.092
806.945
973.647
1006.94
846.992
908.624
947.935
1113.4
663.087
923.255
868.349
814.894
701.848
834.848
892.282
862.709
936.065
836.882
726.469
914.544
766.999
843.461
735.573
880.029
754.028
711.334
877.377
972.769
886.098
944.852
1025.44
660.086
797.005
736.602
686.711
836.816
996.364
779.42
739.9
856.811
707.742
864.313
778.284
1051.62
1113.2
958.866
675.717
900.247
987.156
995.418
638.052
810.361
798.037
733.299
870.201
768.391
699.594
1045.68
901.564
1091.11
912.131
778.219
750.392
962.02
872.039
820.779
789.575
947.079
915.222
1022.02
866.291
1104.13
906.297
797.271
745.536
838.273
813.91
1066.44
974.016
1012.39
800.127
846.86
987.375
822.831
882.002
766.042
627.365
937.56
766.116
796.301
897.361
1145.67
846.85
907.23
1135.79
835.14
879.176
676.471
778.826
825.691
1113.53
788.623
1023.92
920.711
671.114
868.385
856.529
963.453
808.63
685.966
975.03
785.943
610.294
738.824
770.239
776.841
894.531
1267.18
770.189
823.886
824.292
882.728
866.806
970.45
952.709
671.301
979.298
773.332
1110.22
783.883
809.062
944.125
982.04
773.691
881.937
747.315
743.628
799.794
736.478
740.562
827.485
776.141
776.041
820.303
846.72
833.092
922.132
847.598
859.626
800.542
828.823
705.785
827.544
935.719
932.246
710.28
778.136
852.613
764.088
976.544
874.304
720.305
736.871
919.297
801.965
827.728
806.226
792.527
884.922
1078.47
1072.64
885.798
833.847
950.583
1066.95
762.64
730.978
936.273
917.201
892.625
865.713
850.618
916.79
787.191
921.618
940.396
822.333
899.844
787.746
786.189
1175.24
871.617
808.626
848.195
1010.98
1015.66
971.151
640.043
896.857
996.012
733.453
729.287
894.967
850.312
877.936
796.484
678.399
869.501
918.083
797.733
926.895
905.057
804.161
989.007
860.628
792.566
759.603
873.263
974.949
958.206
927.226
726.778
984.611
925.424
1069.31
934.188
767.583
923.816
736.749
838.781
867.127
805.355
713.574
1028.46
849.427
809.586
1121.31
887.094
741.861
783.605
828.356
1053.46
901.984
1149.93
1054.37
765.969
701.838
1084.83
917.427
1060.6
913.297
848.989
964.423
648.038
850.351
742.87
806.267
942.88
795.33
689.641
818.705
778.053
727.856
846.818
912.806
727.764
1030.5
875.775
915.278
1142.82
753.655
718.412
931.707
831.734
846.587
800.029
741.676
872.561
782.785
787.657
903.672
908.278
825.074
739.183
859.66
756.859
783.456
1039.92
899.868
885.58
895.775
934.834
808.761
894.053
816.112
994.216
827.172
894.755
880.567
916.371
942.4
842.7
873.155
800.634
1013.34
598.224
913.069
959.907
892.794
862.517
688.152
892.494
793.973
725.972
670.461
690.922
1009.59
1204.05
956.355
722.132
1037.21
971.682
856.606
934.455
1037.08
1131.58
978.925
723.074
780.187
839.495
754.542
982.774
924.447
894.168
904.544
803.708
693.885
788.581
800.647
807.011
887.341
782.833
863.91
893.803
729.074
749.002
731.433
796.493
831.785
772.812
906.885
883.536
866.364
822.779
876.785
906.755
862.583
888.896
1078.74
892.943
923.644
775.845
828.179
755.354
951.476
1043.73
773.094
860.665
848.097
740.025
731.358
1026.06
904.528
1186.69
944.605
1024.59
740.699
903.809
1110.35
973.034
997.699
724.794
716.169
887.106
939.716
875.082
932.661
705.64
1014.85
770.169
838.742
891.414
766.197
715.938
1058.58
755.428
923.921
997.211
814.148
895.944
783.169
849.507
916.679
835.261
820.928
712.238
980.758
993.544
1045.12
747.879
973.444
754.505
701.113
873.012
913.253
833.385
829.519
901.894
994.376
817.935
882.049
814.741
857.272
931.478
735.487
805.424
823.479
699.413
790.466
847.116
735.577
1186.8
916.48
1180.22
860.112
753.492
997.992
653.611
880.832
841.214
943.377
1115.67
729.942
794.834
744.855
780.053
835.911
782.909
851.544
932.969
915.35
690.976
811.84
943.671
924.179
708.422
746.909
978.375
730.937
711.1
1004.68
728.695
740.823
876.814
908.817
944.51
859.221
678.175
801.477
658.988
955.498
1059.96
854.254
921.97
917.571
769.291
736.581
899.167
704.953
781.209
852.276
874.821
933.482
760.178
982.371
782.738
761.333
752.001
846.907
1021.53
834.811
794.266
905.869
936.032
800.992
942.726
813.744
722.582
912.219
981.652
1035.43
1117.6
713.262
941.683
800.957
762.787
828.471
1067.73
868.983
1072.8
804.307
809.184
767.607
908.299
905.213
785.833
775.639
873.276
946.624
848.406
854.662
771.796
930.583
902.884
802.782
839.518
812.375
841.762
879.118
795.669
980.242
878.347
738.177
805.004
949.746
904.804
716.063
827.038
998.219
889.055
694.448
840.3
782.042
1070.84
870.866
961.707
839.465
775.673
870.493
876.062
859.126
796.897
1011.71
941.925
727.412
806.359
774.007
981.099
765.59
870.175
791.532
789.555
788.278
999.204
845.015
778.471
864.055
720.509
760.288
791.603
878.523
755.165
811.197
805.975
821.821
761.774
875.378
788.403
738.717
796.206
913.792
734.428
782.487
767.44
847.169
785.091
860.888
756.792
820.279
1077.44
680.879
870.811
959.173
880.852
758.993
1025.41
697.778
936.202
725.935
944.671
795.045
1023.11
906.302
860.665
868.782
784.129
973.074
921.84
757.104
1082.42
764.274
846.189
853.883
761.16
808.3
751.189
864.326
1022.96
1046.35
941.477
956.98
578.959
735.991
824.741
828.035
868.933
863.429
802.358
936.929
822.305
760.087
964.814
676.221
977.595
870.66
894.715
776.583
843.587
790.445
816.784
709.364
750.365
890.068
621.815
789.616
933.785
681.376
843.111
741.196
965.872
950.954
1146.36
860.553
724.094
645.38
592.387
726.069
764.555
1123.82
932.597
986.123
846.616
1123.02
871.472
961.283
852.945
695.922
784.693
768.599
866.96
1061.32
807.932
741.834
1014.03
952.673
825.154
882.904
867.986
735.289
776.587
852.861
1041.1
863.008
896.626
1019.98
856.919
861.719
829.86
1002.08
791.701
818.566
894.712
890.647
796.384
960.845
905.624
900.528
851.698
897.212
1011.85
924.386
890.401
913.621
970.55
964.352
819.14
895.268
857.561
891.084
834.192
763.655
1033.67
841.848
846.82
916.054
853.759
911.501
854.422
744.355
1112.39
760.985
773.031
793.627
856.64
968.636
1033.1
790.14
872.891
778.488
968.367
1084.64
790.963
688.718
677.354
820.398
747.743
806.526
882.423
811.783
778.053
856.409
825.43
841.206
753.45
1072.62
758.646
702.648
975.653
898.844
803.137
828.909
893.596
754.055
747.429
891.776
937.072
788.252
671.681
850.252
737.04
818.228
775.127
637.116
927.161
1023.06
701.735
974.597
958.809
1186.81
620.979
799.081
797.739
769.352
799.732
830.98
891.081
972.637
919.597
1256.84
866.123
920.768
934.056
877.391
660.484
992.612
998.765
1022.94
1079.66
964.803
621.763
784.412
801.627
925.87
789.998
857.275
825.242
1011.91
820.501
920.944
731.594
731.628
830.488
841.998
816.405
717.745
664.97
893.049
782.205
824.953
967.429
864.671
753.386
842.266
966.341
868.236
914.91
732.205
955.64
822.384
822.777
1021.72
1005.69
895.071
802.832
809.933
851.943
893.118
873.084
788.394
662.038
994.828
976.43
899.843
792.059
719.099
842.263
759.102
858.092
844.73
969.928
832.128
801.722
893.671
1241.19
1081.5
903.067
1075.88
733.83
763.07
853.653
995.737
1037.92
645.818
866.417
920.985
873.189
810.228
859.657
925.806
858.532
769.6
837.073
850.758
913.635
1233.47
913.317
852.159
858.251
969.688
961.823
876.862
1001.17
872.32
782.385
822.86
982.725
910.221
679.212
689.465
759.216
814.347
919.53
722.101
1039.62
832.514
865.985
904.305
793.363
920.25
833.751
756.7
842.432
766.868
831.971
889.303
1125.94
876.783
962.272
816.263
727.547
702.616
939.804
828.013
750.813
970.734
861.095
764.831
780.701
675.948
879.128
682.064
815.93
761.146
664.196
919.455
1106.42
890.541
805.636
783.358
788.425
1042.46
861.249
898.721
795.589
823.638
990.64
745.843
791.111
845.503
866.24
829.888
763.552
986.781
776.605
1032.7
837.126
696.783
890.455
1038.22
726.094
866.981
796.495
855.379
925.318
794.194
757.94
779.039
819.152
741.29
961.049
930.675
1227.3
1045.17
800.636
866.225
794.875
745.302
687.574
1022.17
817.519
934.454
925.858
849.656
858.089
724.3
847.558
862.967
734.437
932.154
705.703
904.012
863.286
790.859
756.879
785.993
721.506
860.883
879.05
962.748
1045.87
743.421
830.497
735.411
1026.24
891.205
910.786
924.527
1221.1
742.028
855.519
823.888
892.778
1000.57
1175.75
765.395
778.333
737.671
931.813
808.264
861.371
757.875
973.544
856.681
985.359
894.37
1125.49
976.468
948.02
824.648
914.427
868.43
685.413
811.913
918.94
814.721
896.447
804.691
822.098
940.512
674.598
923.822
878.808
962.552
977.63
889.846
831.491
948.334
841.171
786.48
824.765
879.946
753.694
1005.34
828.955
927.824
1022.72
810.064
787.736
883.583
697.714
643.915
683.63
760.393
1111
778.848
990.245
880.975
1002.12
980.192
845.688
773.6
703.331
739.188
853.254
882.605
728.345
822.372
815.53
800.002
988.177
729.415
1024.1
914.983
831.454
1013.17
786.855
1036.29
788.571
754.65
818.082
793.813
961.745
824.485
845.685
1104.79
858.378
713.474
889.038
975.714
772.263
850.692
807.675
791.499
748.648
823.767
839.722
797.732
798.779
995.509
865.032
884.939
733.551
886.395
838.283
880.987
821.307
915.386
845.181
872.333
839.579
857.133
738.824
822.086
936.208
849.312
908.938
819.555
859.039
829.299
863.795
792.43
1012.97
940.478
698.812
1109.49
801.48
869.42
747.826
1088.27
894.32
855.774
861.713
924.244
816.509
919.194
913.029
957.264
1039.95
703.078
975.268
853.899
720.516
740.659
906.038
1011.18
849.625
796.579
863.155
899.124
837.118
667.499
1050.46
1113.35
722.751
630.126
939.742
762.467
1159.76
928.601
820.03
825.807
718.044
1040.63
839.033
683.067
690.012
875.668
877.944
737.679
873.487
804.295
857.77
939.755
805.685
843.171
758.006
915.377
776.664
873.403
1003.74
808.739
871.102
712.11
729.646
866.008
862.567
833.315
974.924
821.625
869.197
861.555
849.025
945.698
672.943
878.774
940.157
919.109
814.508
811.976
878.7
788.071
921.151
718.788
862.845
772.75
864.491
750.316
851.222
817.703
897.476
694.006
867.072
934.451
855.754
783.271
818.828
759.575
1090.29
1015.28
1064.25
770.96
823.52
699.373
691.167
819.583
680.623
852.438
1072.63
687.825
864.118
1126.59
924.263
735.239
751.533
999.045
858.92
858.504
853.273
998.872
831.407
861.437
891.228
767.371
724.041
926.349
1037.8
778.483
670.917
970.586
816.815
861.591
898.972
960.463
915.993
756.787
826.655
808.347
1018.07
1114.17
903.976
799.428
952.954
766.36
928.133
882.808
983.857
787.845
910.768
860.218
706.368
959.975
961.877
903.282
757.27
1111.89
733.034
850.166
1004.93
789.468
805.275
799.162
885.801
761.093
838.466
1155.45
800.233
805.303
908.411
713.124
919.626
866.8
824.923
879.671
880.015
975.533
705.908
830.588
913.518
953.359
923.707
1023.63
916.36
822.104
926.923
741.719
732.108
906.278
775.964
786.523
704.996
768.887
753.502
808.945
829.3
810.75
780.261
722.35
583.806
936.738
937.795
878.065
749.972
949.255
715.172
756.3
786.112
824.983
723.064
747.02
777.907
818.139
760.797
860.464
952.035
873.296
801.408
853.572
793.817
750.41
848.05
701.229
836.628
852.518
1399.64
839.601
986.571
867.809
840.453
712.716
792.495
804.052
861.697
1049.12
834.954
928.618
848.526
933.841
796.59
1039.12
1012.57
849.326
875.328
837.149
905.845
896.671
820.98
800.515
994.225
939.827
851.324
881.482
907.418
986.956
750.531
865.106
884.764
834.096
829.538
1200.52
916.487
803.12
770.074
712.805
1101.16
720.088
877.5
1009.24
759.002
685.928
897.474
847.22
1052.66
908.902
850.975
742.003
1056.64
1091.6
842.711
764.159
763.397
750.53
1012.87
820.68
825.235
929.309
904.063
858.397
720.14
834.368
875.238
907.614
803.732
1011.15
790.513
871.745
876.745
776.463
869.642
805.124
858.604
661.634
882.488
847.548
993.746
786.83
908.014
842.405
834.468
1059.82
724.857
768.256
766.382
834.957
788.881
856.572
872.653
640.571
786.959
1024.56
837.285
995.913
798.136
918.777
940.728
732.74
811.725
987.152
935.627
819.893
830.27
936.878
1076.46
790.359
951.716
715.442
1018.59
733.327
1007.73
870.294
950.29
901.043
826.666
891.685
769.705
915.177
904.225
750.241
838.982
823.568
842.463
687.332
888.656
816.074
793.248
769.008
704.326
805.446
797.618
811.898
797.627
747.218
685.785
699.516
888.396
714.481
812.428
726.196
850.674
787.646
966.677
804.667
865.885
864.032
844.136
828.025
764.337
985.858
803.036
937.101
693.13
876.46
726.171
742.15
959.044
921.061
794.408
978.567
876.204
844.831
821.336
902.814
682.283
933.15
851.731
812.931
956
802.718
891.99
909.339
830.489
837.27
748.014
867.502
1052.03
914.448
743.614
927.978
744.492
906.087
896.751
916.435
1208.77
1025.71
974.782
813.692
793.739
938.668
951.458
706.144
787.27
939.797
757.093
819.365
755.568
830.73
768.804
902.189
913.927
1108.37
809.447
864.197
824.954
764.032
931.065
768.335
662.901
886.38
1076.55
796.515
940.608
769.88
705.008
579.476
820.22
835.28
688.793
833.29
819.897
672.02
854.301
1005.21
831.709
783.414
649.08
788.198
934.744
888.717
921.372
785.566
1095.55
828.238
955.172
1272.96
837.491
620.281
843.63
713.351
794.677
826.561
903.902
884.15
801.013
806.165
882.248
1118.14
766.921
887.302
786.022
812.406
853.856
700.687
778.887
874.717
812.632
771.53
877.68
924.979
775.501
768.163
879.775
807.955
1024.39
784.769
1078.71
1163.67
743.141
1025.84
799.022
938.621
860.677
967.478
702.817
944.144
985.679
694.086
843.266
1039.89
924.456
857.401
842.983
942.794
774.202
828.052
800.737
825.393
830.811
781.235
871.452
940.411
836.34
725.232
883.764
951.203
780.391
922.08
973.998
767.159
855.236
699.582
989.769
742.294
927.751
782.567
977.906
765.961
714.154
844.461
926.206
897.886
902.359
790.572
953.482
1005.42
967.289
695.751
770.972
823.222
695.626
885.082
707.239
932.251
853.894
982.92
786.179
712.684
925.874
875.457
789.412
811.545
936.543
814.286
1124.01
1230.45
783.314
763.147
1045.44
770.786
713.698
737.42
825.006
904.741
858.405
915.801
779.389
974.005
939.47
880.819
834.595
751.412
746.817
819.614
771.566
881.641
871.661
548.771
951.131
771.584
825.051
793.32
788.688
882.531
823.81
717.012
982.613
945.829
855.748
988.055
1119.19
976.032
1353.82
955.188
811.487
1019.83
936.444
789.473
807.957
811.41
848.262
879.697
985.011
813.038
807.687
889.741
867.833
915.265
880.914
850.163
751.138
884.977
764.039
837.21
809.11
729.817
986.222
785.717
743.691
872.107
1063.8
905.125
781.496
874.453
728.797
904.023
794.098
756.157
819.559
892.02
757.334
779.231
787.54
892.8
947.673
840.839
878.59
918.555
827.496
769.689
848.198
808.315
804.96
902.068
893.511
788.244
882.334
845.951
832.808
1088.55
672.044
837.733
965.413
838.609
791.411
822.29
809.358
812.299
1022.28
701.899
950.664
686.969
943.549
833.916
945.416
1055.38
760.927
848.256
1028.24
881.642
766.107
830.807
829.696
889.868
862.278
880.528
857.546
960.082
880.452
1030.94
755.538
979.88
736.497
764.954
752.215
903.137
820.425
971.307
681.673
766.339
755.94
869.86
886.896
917.807
746.934
696.196
957.698
1093.83
1054.64
835.404
822.831
724.775
778.51
824.912
929.213
867.719
905.434
922.657
823.009
875.776
781.508
752.367
782.78
826.721
763.699
815.47
1013.88
737.636
731.601
775.873
831.877
778.294
805.478
933.592
881.251
715.492
1046.78
889.068
1050.75
1043.16
641.126
965.601
1037.31
835.602
856.517
857.755
875.17
868.674
741.45
957.441
824.662
934.013
993.286
805.01
833.565
710.121
734.046
719.543
850.697
942.581
838.826
731.125
870.098
743.919
1065.15
806.743
749.442
785.553
829.659
983.026
1097.82
874.058
956.177
778.968
925.953
847.91
905.934
613.425
789.872
729.433
734.311
1020.99
788.12
769.283
938.177
795.923
835.42
925.498
996.173
882.565
837.06
808.928
891.11
1020.96
726.436
748.51
870.679
1005.57
828.42
883.063
1089.42
782.239
781.874
859.3
914.044
847.363
1038.91
887.036
1009.28
898.881
753.994
849.779
776.006
854.278
826.611
923.682
896.997
956.653
945.148
855.202
945.216
980.314
676.435
981.629
894.461
973.752
708.42
795.068
748.626
870.747
946.633
861.173
749.593
856.472
806.018
821.095
971.48
1048.23
936.302
764.423
822.491
755.659
736.747
853.476
851.335
817.529
912.328
857.108
763.486
873.173
718.439
864.067
834.761
607.058
809.659
823.114
809.916
894.295
1014.89
856.147
862.085
870.01
715.964
910.582
981.63
910.189
796.882
890.014
808.454
697.928
837.434
849.308
1018.61
849.371
993.753
1003.81
916.537
943.276
1159.23
964.367
1021.27
774.196
889.865
871.482
887.86
873.32
723.679
759.442
782.072
834.603
902.082
873.301
894.581
812.036
905.468
777.051
881.702
818.172
862.127
790.923
833.914
890.441
776.431
775.212
736.68
872.386
877.763
852.506
819.083
810.863
829.018
909.72
899.942
886.652
972.12
699.05
872.468
782.904
878.21
913.75
672.024
795.387
913.24
935.11
978.991
735.589
792.977
881.624
795.379
810.421
727.065
768.041
710.972
825.513
962.059
955.32
718.885
1274.47
843.609
794.985
783.759
998.163
697.984
914.511
849.177
793.331
761.047
762.307
691.763
868.313
1153.37
826.842
802.347
788.079
721.891
793.681
854.606
787.166
896.072
812.953
900.265
754.545
1134.9
937.446
826.192
767.871
714.185
857.755
818.994
920.499
727.867
839.109
752.424
761.212
942.903
776.37
904.925
754.787
915.676
835.594
774.039
840.282
699.153
840.09
719.758
891.751
830.314
873.91
1075.77
918.875
856.718
821.22
928.876
820.164
805.215
883.099
831.718
846.666
858.199
875.514
898.774
922.778
909.824
766.069
931.863
844.646
909.923
975.779
1034.3
987.816
763.603
811.613
717.929
841.093
779.793
880.087
896.105
831.251
872.97
844.825
807.282
819.693
849.348
854.68
832.75
781.71
1059.69
837.464
903.407
833.869
1002.38
771.507
737.758
736.879
847.346
973.578
934.717
931.85
967.139
765.617
887.378
868.772
964.378
805.524
775.536
959.788
753.411
740.669
986.162
837.499
960.416
816.916
840.32
905.559
922.076
925.798
828.009
851.73
836.275
924.267
785.9
701.264
750.672
786.899
796.04
877.39
956.985
931.613
705.772
692.648
987.843
731.06
771.688
762.473
788.336
922.871
1022.79
862.475
714.745
839.416
855.951
860.633
721.829
862.281
739.802
828.976
740.994
814.147
899.829
843.039
731.477
902.217
886.281
678.302
864.787
798.632
762.411
880.47
1051.12
838.178
832.11
814.647
903.693
938.029
750.7
1009.46
864.986
983.038
747.106
935.697
1013.64
780.025
872.124
815.694
850.235
871.605
1120.4
758.225
981.337
952.761
1137.05
795.351
831.862
750.177
1022.89
1102.58
938.851
1119.75
790.442
794.325
796.184
1002.68
933.733
738.719
848.704
778.236
984.328
914.08
1081.25
834.616
675.319
888.972
770.989
1030.66
835.526
878.06
887.803
1016.14
823.227
832.298
814.971
800.285
944.111
778.668
744.33
785.182
982.535
866.669
895.68
918.703
845.173
1016.63
982.694
771.743
805.518
766.748
782.521
898.504
892.393
674.307
901.749
720.298
799.11
839.975
806.975
956.413
962.727
729.078
764.166
931.123
1028.85
815.318
732.117
925.139
843.353
714.012
758.296
978.379
833.311
880.217
826.42
795.077
785.576
807.701
959.436
755.033
922.209
794.652
1092.64
715.462
952.646
859.769
982.429
923.312
774.349
878.299
807.569
696.615
763.134
770.403
745.83
1029.38
775.015
938.322
1169.39
805.867
905.017
721.696
902.741
737.399
835.897
971.246
826.043
865.658
821.381
852.627
810.46
733.252
910.686
765.181
890.754
724.68
752.808
828.144
894.992
875.856
939.289
764.935
662.333
802.081
789.118
872.716
822.738
794.053
902.773
877.007
930.316
741.42
899.78
825.232
1023.16
745.411
890.309
774.066
709.887
857.782
905.567
937.181
750.642
983.73
741.348
887.278
656.113
780.15
986.565
852.947
970.76
894.585
754.212
849.686
944.217
854.106
966.534
755.045
809.844
796.806
919.689
795.707
780.848
843.318
946.05
672.607
924.409
745.865
832.455
794.815
783.118
770.739
807.277
818.359
810.112
936.659
853.203
752.235
781.955
887.859
800.653
758.373
827.009
812.637
918.623
926.572
876.724
1058.59
825.472
752.775
777.389
875.075
742.063
722.106
692.096
746.947
820.454
766.348
866.911
832.812
905.796
811.586
948.453
759.073
1121.71
718.266
954.277
892.444
827.985
1132.48
931.627
892.255
930.195
694.917
916.054
982.885
682.045
749.944
715.779
852.298
893.015
1013.75
1046.71
889.61
781.418
858.18
1091.04
1066.02
806.276
802.49
977.416
753.139
902.453
858.609
885.222
1070.34
952.312
889.034
732.594
730.12
1050.86
799.62
809.009
838.851
662.406
852.466
932.921
728.403
861.518
974.439
910.557
854.367
934.98
941.776
894.714
899.009
916.19
845.161
873.215
844.681
650.162
747.035
808.388
923.122
758.209
706.422
794.082
878.271
881.706
782.674
716.425
855.196
1034.2
952.493
958.314
955.246
976.471
801.949
716.784
689.777
975.17
835.135
1036.08
913.795
879.821
742.064
762.724
932.426
634.982
815.263
878.407
946.96
739.466
899.317
821.635
1262.44
750.862
824.856
955.39
1074.93
624.855
709.578
919.259
936.906
961.627
698.518
735.563
958.813
715.283
876.845
894.594
842.342
843.855
857.803
646.075
852.408
830.906
845.634
839.383
774.55
753.966
945.339
831.726
731.16
935.304
795.496
864.601
1028.62
848.268
743.209
865.69
857.167
763.03
772.261
750.762
856.206
778.209
807.153
937.272
942.771
830.083
735.029
873.944
742.15
810.389
808.889
666.361
912.566
967.041
730.487
970.703
805.334
795.645
1071.8
984.797
689.472
1027.08
823.821
918.588
768.484
814.429
818.915
779.181
813.932
853.46
1061.32
964.082
715.037
837.412
882.83
718.828
999.039
991.735
1104.26
879.575
759.244
843.947
945.019
916.769
1050.37
641.913
993.262
922.091
906.958
1023.79
1057.71
783.295
740.513
819.508
872.598
627.027
867.597
863.939
762.13
933.179
872.309
811.882
900.848
970.741
927.32
756.419
933.912
1027.9
930.904
778.117
948.039
867.445
822.362
847.448
863.63
911.11
929.257
814.796
957.494
843.512
715.857
887.538
794.115
943.386
850.246
800.646
800.786
880.052
979.396
772.261
849.69
902.376
945.312
812.891
977.079
746.231
795.974
736.276
758.628
774.022
902.607
944.607
903.21
832.927
845.03
924.181
799.353
1025.76
745.178
768.646
934.855
996.452
753.564
770.588
998.863
920.491
842.388
821.853
888.823
761.243
599.052
779.996
1123.22
1059.92
794.838
746.715
1110.33
739.734
1005.68
853.468
766.893
814.883
889.427
781.882
800.264
885.803
1054.17
1058.92
770.844
931.24
818.906
751.09
858.647
882.526
833.793
873.008
884.268
1004.26
859.207
816.673
753.956
917.394
728.359
785.531
855.615
825.375
900.426
838.329
721.508
700.763
852.874
732.696
892.721
953.107
867.619
754.83
678.192
1017.88
953.283
877.379
760.696
941.218
771.435
853.602
1082.02
742.426
855.724
791.479
948.561
860.812
1025.82
1078.11
921.449
874.124
972.407
855.619
872.756
863.641
811.468
902.893
646.982
963.666
856.164
1146.42
925.564
756.968
919.438
861.353
920.435
1021.65
693.852
1017.41
1022.31
1136.15
939.84
816.798
929.5
748.327
977.793
730.675
981.887
892.683
811.699
817.794
1010.63
971.995
957.043
838.632
757.477
703.266
797.184
845.266
899.863
984.367
818.606
1107.12
700.749
813.28
798.673
754.632
779.436
716.188
808.931
936.919
773.441
920.834
831.41
858.637
768.499
883.006
1040.28
776.486
867.542
861.356
854.022
929.354
927.299
976.93
858.695
740.76
861.768
814.14
873.927
893.076
881.717
892.617
836.908
852.894
796.987
1065.83
718.978
1027.1
817.494
714.899
806.21
949.19
1009.59
930.264
816.537
928.59
1004.92
807.562
795.624
899.301
840.245
912.307
820.804
685.034
719.049
882.113
1052.17
936.944
798.559
755.535
735.824
820.855
817.525
1194.27
965.071
723.771
788.82
781.499
1008.26
936.913
951.889
796.907
778.115
834.973
889.486
864.526
812.798
762.98
1106.52
895.149
885.947
959.632
778.372
917.016
950.376
762.902
868.216
822.928
672.417
825.923
832.984
800.868
717.507
750.196
860.171
895.928
885.893
979.19
840.152
1326.05
816.948
769.37
807.98
779.937
1050.75
832.838
702.727
977.012
741.242
1084.73
784.921
951.389
801.188
861.684
763.482
831.723
923.18
748.492
747.254
906.423
829.948
703.513
831.783
931.444
752.386
861.146
699.814
785.591
888.72
981.18
828.098
866.107
851.775
834.022
898.442
814.782
1072.75
750.034
1073.07
707.011
914.715
856.076
746.476
853.528
744.254
958.913
866.351
700.864
1130.37
631.84
887.747
805.206
962.705
884.864
885.284
763.479
870.791
773.661
882.793
899.533
973.082
791.04
899.884
761.687
914.22
860.554
864.371
684.503
1218.79
785.035
835.529
900.828
696.316
1116.96
733.406
853.211
928.203
846.475
783.011
898.413
1015.37
1022.22
990.162
936.331
1164.71
804.913
831.031
733.825
912.08
891.199
1026.07
755.976
878.361
635.631
833.083
822.112
761.392
730.466
702.744
907.17
772.825
848.58
823.084
989.766
711.594
667.278
912.787
867.204
972.971
910.958
823.735
764.878
842.927
847.876
784.733
926.32
934.927
783.161
914.189
942.921
892.972
763.038
818.217
855.958
883.548
754.28
882.34
796.47
866.059
832.406
852.058
708.31
843.783
847.049
986.014
1125.35
1063.59
959.981
935.76
833.676
916.637
876.908
988.067
890.298
659.39
857.024
927.561
867.961
985.31
730.187
1038.92
778.08
1023.77
734.91
1014.99
721.884
658.449
750.538
785.927
828.247
863.879
808.039
838.854
803.13
854.338
829.58
946.698
783.919
904.805
1004.97
839.7
827.317
831.707
759.523
996.87
854.358
773.93
632.27
720.078
846.737
773.097
677.301
931.161
965.487
840.482
946.611
744.189
804.533
812.29
911.95
814.927
796.26
739.065
921.578
755.585
1024.29
784.313
792.285
810.193
877.151
793.939
928.725
851.362
764.254
675.469
1012.23
684.118
893.029
771.149
848.039
1014.24
940.326
1013.91
921.545
964.077
939.194
988.508
953.859
878.295
649.752
805.666
791.728
912.132
822.087
780.985
845.043
806.8
803.068
1007.04
865.123
800.281
797.587
784.061
826.152
892.671
904.502
704.059
798.264
734.788
790.891
730.089
883.11
819.348
919.269
779.862
985.844
844.921
928.486
1271
1009.73
779.583
815.876
878.56
880.061
890.011
720.992
781.142
910.155
1003.29
961.496
694.966
910.845
973.874
744.869
743.329
735.217
853.641
800.676
1037.18
950.262
958.223
820.104
777.701
809.643
915.39
879.605
741.608
812.724
964.497
884.102
877.187
835.081
975.168
810.556
825.465
919.623
836.338
960.5
836.743
798.924
873.382
800.552
819.32
1001.21
832.329
709.057
797.736
746.957
759.57
886.725
1267.67
792.786
933.659
903.608
1000.5
889.552
988.164
711.325
809.732
856.004
840.205
1292.32
856.859
791.109
865.669
745.68
932.367
887.947
805.588
924.36
705.61
826.427
628.387
730.989
616.596
973.26
885.407
738.531
929.808
754.322
706.41
991.245
944.438
836.372
815.833
818.864
940.762
889.2
855.982
902.934
813.417
932.273
863.567
880.424
789.043
719.057
841.812
783.586
1003.27
827.561
892.672
751.455
806.498
815.904
679.519
796.028
763.965
805.681
678.88
894.573
1043.94
783.699
768.216
859.673
777.256
973.537
1036.69
818.226
766.117
784.735
883.88
988.622
916.222
820.69
790.895
870.479
737.604
811.493
821.039
771.773
911.017
731.311
1009.92
799.661
902.86
819.927
968.998
943.898
1019.37
1194.1
1047.28
1061.89
795.663
983.952
994.1
820.3
995.259
962.807
810.595
804.338
865.104
773.864
941.22
891.972
731.289
983.282
910.379
1043.8
965.833
745.53
791.502
745.599
901.101
870.296
900.503
818.867
816.01
842.753
769.099
754.066
886.584
959.479
884.743
833.329
1177.94
878.88
793.615
906.625
1082.49
821.788
872.203
763.698
1021.65
800.003
722.746
884.642
782.843
793.943
1013.09
862.553
1187.12
963.68
688.92
809.14
891.5
803.964
784.381
830.676
992.147
862.821
808.543
778.065
914.988
731.056
939.983
891.152
840.257
806.628
659.091
797.575
888.364
744.532
1039.37
983.042
917.417
1070.94
1041.97
1025.83
756.045
769.506
1075.72
845.549
911.255
775.44
1109.15
829.218
870.725
944.01
718.404
841.778
845.173
863.441
1101.73
794.297
728.641
849.264
765.566
857.18
964.903
833.881
745.772
753.169
866.8
787.672
849.482
865.533
781.255
925.241
947.061
673.046
872.792
864.016
857.565
1085.74
1094.51
798.984
732.887
716.657
772.297
842.786
894.637
767.944
773.74
839.47
921.431
921.689
885.142
1012.16
754.429
828.053
910.477
712.63
753.484
894.541
669.24
855.985
980.206
723.04
773.799
878.405
852.525
819.472
837.315
859.88
860.997
825.797
906.332
947.921
953.194
879.436
819.281
880.645
801.96
761.583
792.34
751.112
1034.15
1145.45
893.648
979.966
744.714
958.526
903.119
975.662
904.002
721.157
804.524
994.745
863.436
690.151
987.325
793.728
903.072
830.691
764.18
919.454
781.926
826.263
885.821
820.502
930.325
848.301
910.745
926.47
790.851
955.466
798.847
752.724
861.647
805.595
850.295
905.281
872.248
773.067
967.874
937.174
830.228
901.065
993.059
747.504
768.855
939.959
753.119
848.744
1030.56
932.076
914.479
994.323
881.359
865.579
868.584
823.309
1089.33
796.004
850.505
874.455
876.732
775.371
861.552
753.214
741.953
1214.46
769.107
790.79
966.621
817.204
728.28
802.841
869.997
825.798
909.305
757.75
926.602
681.547
985.36
814.873
818.927
957.095
1049.76
854.912
860.653
1000.22
879.282
941.27
950.019
805.844
826.091
717.044
751.182
779.935
777.566
999.669
834.268
772.788
968.751
853.603
878.39
714.934
859.589
760.695
800.214
893.127
913.071
843.907
974.894
895.412
770.675
729.001
973.689
893.665
808.613
736.753
888.293
938.825
866.296
733.045
877.897
839.682
1225.43
928.229
704.125
853.939
976.055
1031.61
945.994
904.71
760.643
976.483
814.468
806.071
867.795
983.228
721.351
856.251
789.31
984.431
897.231
778.549
822.469
831.736
757.48
829.301
701.703
1099.62
756.89
910.503
897.075
882.097
920.438
800.104
972.02
869.784
818.536
785.444
980.119
840.914
799.367
701.002
1060.47
858.273
904.889
728.077
912.791
1027.51
996.982
723.318
737.654
810.602
952.361
1072.66
761.052
796.682
689.457
806.968
838.174
921.122
874.228
947.632
992.067
1029.11
961.024
981.685
835.941
1024.17
783.61
811.076
873.209
785.001
1008.26
734.167
792.131
762.576
956.373
682.594
765.32
690.706
772.52
825.23
931.545
812.362
770.672
816.532
751.746
870.333
878.266
828.913
745.244
746.219
792.261
991.89
886.525
1093.9
864.708
838.661
806.717
999.691
812.205
748.768
751.094
771.232
875.963
758.032
960.846
872.051
765.681
923.801
863.492
863.677
884.11
800.111
845.682
1228.12
746.224
898.487
1026.74
858.267
1002.14
757.438
836.534
963.166
775.067
767.067
897.044
889.781
791.836
718.224
875.802
990.397
673.739
1084.71
910.823
815.307
810.375
803.026
622.789
692.982
623.376
762.59
717.282
759.356
873.833
779.837
750.5
706.448
927.531
864.741
786.829
796.399
832.461
902.764
696.275
752.689
786.953
1109.24
1089.23
856.459
859.693
889.365
1009.87
1025.64
903.211
906.945
789.004
950.548
1032.12
871.462
797.733
779.958
765.087
857.773
910.94
892.323
833.742
774.013
869.545
902.267
861.933
928.404
758.231
827.956
757.675
776.897
689.036
770.395
1073.52
844.407
713.502
796.747
863.795
801.302
711.413
1079.26
794.757
838.488
877.681
851.679
713.165
824.785
832.913
1038
815.527
1167.42
778.033
741.907
895.023
804.556
1180.88
877.648
726.233
968.981
831.972
893.081
819.529
794.165
741.285
709.119
918.754
788.839
976.098
809.668
987.633
764.437
730.562
1138.78
774.636
884.653
844.168
847.384
828.216
870.377
720.31
704.359
1128.89
799.341
1065.78
871.292
636.517
882.878
1054.66
817.438
822.018
985.117
798.082
770.022
947.224
653.552
783.917
756.799
773.831
875.015
707.984
777.879
771.905
870.893
804.696
920.669
1041.8
808.987
838.157
789.416
779.291
889.372
795.577
730.098
834.606
897.921
748.131
908.246
837.062
841.566
767.54
913.146
860.659
1072.09
941.227
847.279
800.636
742.003
966.579
833.066
957.534
663.436
787.316
781.559
744.688
787.323
877.71
665.237
965.935
792.892
804.157
990.432
1002.33
828.327
926.376
853.47
888.833
1026.59
827.267
747.452
819.419
852.985
839.48
856.239
846.689
885.317
1004.22
1135.27
848.133
1039.45
821.826
881.041
1033.84
901.95
878.919
828.116
923.017
993.953
876.372
993.979
1127.79
854.152
908.073
908.686
1022.47
666.012
1090.17
765.241
1043.89
690.189
952.636
877.985
917.211
864.186
829.262
734.969
994.98
821.108
980.981
887.991
854.636
823.909
870.847
835.197
836.562
845.648
940.597
759.697
1023.27
946.988
687.585
648.074
850.489
892.3
859.468
799.041
865.902
885.578
839.626
903.071
793.764
742.807
854.355
940.255
769.56
928.203
675.601
769.869
777.148
1026.71
985.929
717.314
941.493
846.91
885.805
939.987
1038.35
769.167
847.614
759.69
846.102
756.014
1006.78
636.777
981.509
802.873
775.132
840.369
863.68
879.358
891.209
911.137
997.681
840.344
914.224
988.579
985.375
1220.85
771.989
906.369
862.424
915.689
763.947
739.024
810.413
796.035
738.13
964.896
757.258
871.937
796.49
850.005
662.794
829.483
828.255
1025.77
834.393
1065.08
823.794
824.655
924.438
1045.4
702.178
810.508
875.389
672.502
767.684
1042.81
918.497
796.905
811.688
921.33
944.314
802.511
1027.31
945.466
815.897
840.542
898.073
986.169
845.635
953.714
706.102
966.188
652.296
959.841
1123.35
779.077
832.912
838.227
942.811
896.533
855.268
801.98
881.666
873.233
832.385
851.715
922.443
1016.65
793.666
754.409
704.788
830.529
901.922
945.361
850.283
769.848
746.284
876.54
856.153
834.092
980.863
916.87
879.606
909.212
1010.23
964.581
717.068
729.427
751.338
888.14
886.825
899.569
1023.4
684.896
836.947
855.176
853.824
824.366
895.894
944.457
1178.86
714.641
818.934
793.86
827.712
953.62
891.589
764.54
919.825
808.37
904.698
832.564
886.349
675.058
756.002
836.286
967.309
1003.25
942.475
772.845
1106.87
815.929
770.581
821.458
893.987
780.8
800.096
1055.05
969.952
756.23
1067.82
917.725
859.042
960.389
854.981
892.565
858.567
787.536
1035.88
769.808
875.008
934.427
728.827
881.299
842.056
990.084
830.863
826.381
777.228
819.61
814.621
762.168
976.246
934.48
747.826
918.449
815.831
827.959
782.899
905.602
736.503
876.874
929.329
727.97
789.517
981.773
888.097
808.374
754.74
867.325
759.93
874.653
1007.17
794.291
934.86
1041.47
906.011
691.233
711.91
818.624
814.649
886.521
1061.11
916.893
964.097
894.503
915.57
932.238
850.847
845.172
1069.8
931.025
783.479
732.357
839.497
869.895
935.746
727.275
726.118
960.331
767.972
812.52
960.967
1004.86
811.947
929.018
943.301
921.561
933.54
943.364
877.344
1176.64
866.52
957.148
860.643
857.05
643.67
802.242
712.638
749.487
976.186
761.147
824.408
956.951
738.508
1051.32
912.566
931.925
986.913
971.215
822.919
895.292
885.409
922.103
834.706
945.139
810.791
898.243
979.139
859.554
777.187
814.907
819.186
986.247
845.392
840.864
790.838
869.736
625.515
772.848
832.826
829.422
879.414
829.665
735.732
816.035
898.004
1045.09
839.989
796.362
808.005
822.886
773.539
768.965
747.144
777.368
778.221
795.699
922.741
944.089
886.101
760.981
1020.22
822.135
819.875
797.55
840.517
893.582
794.859
903.678
794.406
751.561
907.002
854.439
897.904
1141.4
997.422
886.764
907.521
887.057
916.782
971.76
685.49
882.49
719.801
761.402
703.815
810.293
915.338
882.905
810.036
756.342
920.406
815.561
747.893
986.207
742.106
748.027
818.263
840.521
815.228
1012.56
1084.05
845.126
899.699
1093.81
1031.9
981.561
900.984
886.107
925.892
973.655
893.949
838.736
774.644
828.59
1063.8
781.492
905.959
880.001
788.785
998.911
853.551
1077.07
874.016
1066.43
661.734
801.658
903.436
1071.66
975.807
847.732
685.354
803.851
826.52
807.957
837.774
832.748
836.424
949.182
886.23
855.534
677.385
1024.22
1051.58
795.689
844.359
837.043
833.476
1065.1
805.542
920.748
719.619
807.769
839.931
1104.46
856.69
962.345
783.356
776.949
817.287
835.97
887.58
834.566
719.304
706.459
975.441
768.867
720.262
859.057
834.992
919.127
653.295
943.383
922.976
831.401
880.147
782.247
819.081
908.302
907.466
897.987
797.079
1219.6
760.808
794.285
886.69
876.689
876.761
730.128
1023.24
944.501
964.091
976.471
744.958
967.754
853.912
806.416
937.578
728.314
872.208
778.036
848.96
885.807
771.471
864.151
851.842
970.266
839.499
849.993
836.666
783.014
858.473
976.8
856.075
837.347
1023.8
819.45
766.508
839.944
768.791
953.085
760.365
808.97
758.278
811.47
662.024
940.739
858.262
939.538
1007.64
941.686
822.84
796.121
728.053
860.786
906.882
944.825
745.727
1014.81
781.288
869.713
788.827
928.29
949.62
887.996
795.9
783.496
836.014
904.079
929.203
873.746
813.347
827.865
892.185
850.438
852.394
956.761
1076.23
636.109
906.437
667.919
760.437
926.681
1182.8
912.206
1013.02
964.904
877.01
593.901
777.352
793.022
787.151
752.962
985.79
744.328
1031.11
710.973
683.841
907.578
732.374
681.331
779.037
1052.68
1097.72
874.955
770.622
942.303
736.423
798.406
879.548
867.528
882.861
853.472
789.012
888.276
924.679
729.904
805.592
660.898
870.781
988.755
862.129
855.794
762.341
901.014
860.454
753.04
979.384
925.551
769.462
971.039
641.416
914.586
1075.29
746.21
923.94
1042.85
791.133
1154.42
787.248
873.69
727.202
972.914
865.896
1060.7
1059.67
719.44
739.526
901.987
676.436
909.199
948.511
969.157
883.757
1050.89
1049.88
972.406
973.648
843.822
1027.9
879.87
1003.43
971.428
1089.65
1031.28
774.359
749.974
841.032
806.231
692.249
931.17
897.552
618.951
980.579
925.705
773.031
697.547
843.586
935.717
714.672
811.29
771.383
901.245
919.507
861.818
770.322
739.378
860.144
728.243
900.412
877.327
817.068
713.637
826.531
892.607
837.938
814.406
1546.8
918.138
805.063
820.83
874.516
823.915
776.565
852.5
841.788
1322.75
860.937
876.471
834.076
764.64
796.786
785.088
802.201
821.635
994.564
805.267
905.959
867.66
898.077
805.399
707.951
753.456
1128.2
854.57
741.568
808.611
946.539
791.137
947.195
821.749
875.733
792.373
900.865
811.156
830.192
843.402
878.471
821.945
932.983
832.115
931.991
767.467
902.54
926.008
812.998
913.024
768.733
929.514
823.56
781.014
929.562
760.847
799.043
674.79
619.423
874.524
941.318
991.118
786.766
1028.96
797.699
899.621
999.162
864.028
1237.4
760.151
842.688
911.427
783.485
677.92
864.166
874.423
931.399
1018.74
866.703
708.784
1034.29
858.962
894.5
741.348
670.604
895.628
886.714
962.97
930.582
959.603
1152.32
957.894
880.278
761.189
760.036
865.85
754.399
903.407
774.052
979.242
895.57
742.602
768.528
964.046
1000.95
957.538
894.259
885.105
703.637
936.901
942.241
857.274
862.485
1025.09
965.481
848.837
978.632
794.921
676.872
713.539
758.214
1124.6
833.195
828.13
857.206
977.995
748.778
1028.24
738.944
829.675
772.46
934.474
827.729
976.994
803.332
1014.01
944.912
1018.93
1023.99
797.874
836.312
1112.42
812.986
944.083
766.391
679.226
835.934
811.222
728.927
803.69
796.409
1111.27
900.653
851.985
787.509
740.866
892.296
761.886
936.447
836.417
919.975
917.833
800.428
739.051
1018.74
891.351
844.739
903.624
889.806
754.387
731.682
957.665
905.15
685.667
870.694
892.256
769.35
950.003
797.663
1049.35
699.647
1092.83
761.387
919.605
737.75
1072
933.496
752.627
1004.23
770.856
703.267
886.563
795.475
770.034
968.665
723.595
923.771
994.36
832.02
690.61
777.641
967.417
1148.68
954.603
942.605
965.88
832.905
751.276
711.717
802.837
791.239
917.854
823.83
816.386
760.663
1076.21
907.395
969.469
856.706
867.654
1139.89
724.062
780.82
859.035
684.803
798.413
950.193
823.427
908.764
832.003
868.485
812.657
749.984
870.884
811.476
772.631
969.536
962.069
878.596
894.684
1057.15
754.315
689.42
1034.21
768.844
971.218
863.955
758.181
1036.74
1075.59
900.416
815.872
750.961
788.562
787.011
925.204
982.453
942.846
669.59
839.451
952.535
894.224
839.732
775.821
867.598
807.366
907.917
991.238
793.205
893.962
834.23
837.601
773.006
795.434
862.754
1009.96
848.46
724.733
832.029
842.361
846.007
872.048
900.51
899.83
961.595
826.045
879.504
819.123
1037.59
786.998
1010.84
759.33
818.755
894.381
974.825
853.935
857.452
817.085
718.794
861.884
749.808
868.716
714.953
857.094
1021.04
748.016
1024.17
1052.67
790.62
812.688
990.278
938.686
902.479
866.97
1032.27
919.456
972.07
999.997
768.368
780.011
690.858
977.457
749.058
956.657
932.456
897.15
849.005
1205.42
698.265
1070.58
763.577
865.429
1017.21
846.516
801.099
950.045
783.705
891.787
1010
944.245
838.739
904.126
857.078
765.724
878.399
890.69
863.217
1116.03
858.51
1056.59
969.269
768.044
916.89
806.138
793.929
817.091
1235.04
862.785
825.413
1077.17
832.741
728.275
835.114
918.33
886.503
885.477
874.996
863.278
767.61
970.203
883.624
1065.41
851.966
865.943
806.52
843.337
791.063
887.198
784.384
759.849
747.479
928.298
689.269
783.918
760.958
804.693
864.385
1012
869.676
942.926
788.766
971.057
1046.62
716.836
921.905
788.949
929.316
824.137
789.557
951.912
926.026
1132.9
704.879
954.555
845.414
1117.96
873.603
1055.64
836.256
838.788
938.966
895.64
881.285
718.628
913.251
951.145
807.761
815.795
893.056
936.688
839.323
794.131
804.441
784.904
839.573
812.42
812.757
832.246
815.005
814.937
841.833
884.099
845.281
1057.28
859.336
925.386
830.739
725.41
1040.1
800.76
818.024
797.001
904.27
824.229
851.815
838.053
968.631
808.078
967.367
744.655
1042.71
721.178
841.365
880.24
959.438
790.406
1057.56
901.626
867.211
1045.05
830.705
896.999
807.325
845.236
859.241
822.336
745.902
775.802
945.658
878.335
792.666
775.555
806.28
766.694
1171.98
978.825
729.034
847.938
777.937
755.946
896.274
1130.03
1057.96
714.159
693.086
920.548
739.536
918.343
806.753
798.653
934.099
891.006
686.914
843.248
879.986
1090.75
767.31
1109.17
700.622
822.36
828.719
742.654
790.729
793.359
830.141
1027.4
828.975
878.06
1150.38
686.887
800.701
814.5
728.388
971.487
785.436
851.604
984.124
859.114
798.415
751.098
1241.49
1047.49
807.177
864.59
1010.88
968.728
846.12
907.623
845.509
1236.61
967.2
850.528
609.65
745.266
850.304
798.822
905.718
694.752
776.453
923.071
981.355
1083.49
929.587
851.268
810.392
960.16
815.908
708.658
1000.41
891.701
816.103
876.022
833.244
874.017
808.405
882.299
885.892
843.182
829.832
745.527
875.943
936.402
939.584
1069.03
832.842
896.887
825.113
802.162
840.883
888.6
871.76
921.103
827.511
917.721
941.519
849.621
949.747
833.371
907.306
979.392
927.442
1177.83
1002.08
848.613
828.676
835.423
902.762
818.883
808.336
870.946
887.231
835.05
867.939
763.801
795.528
1016.54
760.415
840.37
841.094
964.015
964.316
748.702
811.931
1033.72
1177.57
750.496
956.975
885.04
971.294
839.282
887.735
809.812
1002.77
1000.5
946.244
825.606
1169.81
764.115
956.758
976.922
842.637
742.591
861.387
831.801
811.301
750.208
732.538
1010.85
795.04
972.564
909.212
629.374
927.804
1060.23
684.44
942.58
936.578
875.404
817.987
977.461
925.231
791.375
1179.67
1085.22
835.637
811.351
919.867
883.769
923.07
952.84
989.351
766.963
699.825
770.675
872.98
800
826.537
828.084
791.3
732.171
902.063
976.714
836.969
756.666
712.68
896.794
852.39
632.093
1099.73
1066.91
875.567
761.186
936.914
846.136
857.56
819.877
873.632
978.379
878.804
808.542
878.67
915.028
868.095
798.816
932.067
802.435
763.845
843.035
881.981
820.48
969.956
914.141
789.508
837.482
805.944
880.52
761.532
827.412
918.37
752.026
806.599
857.964
715.48
900.616
775.626
1071.11
894.047
948.602
938.877
803.211
852.26
727.34
885.834
743.859
822.401
788.031
979.109
1185.33
1109.55
975.654
1044.29
850.468
688.193
868.331
1145.7
803.009
766.525
885.954
815.756
755.614
1019.87
754.788
855.709
988.277
848.945
790.752
1046.23
1024.5
898.328
853.505
954.487
812.192
910.759
827.732
682.466
905.5
894.481
793.08
1027.86
749.126
877.284
826.178
714.682
911.828
971.188
895.925
849.432
839.784
884.972
842.652
793.65
891.278
1010.58
821.215
809.429
1031.89
699.613
1024.83
852.445
1032.29
775.624
869.514
760.648
871.629
966.751
909.956
825.368
882.06
930.696
655.548
761.707
957.946
799.516
964.545
846.322
963.366
890.34
891.838
840.164
785.387
864.327
791.001
958.559
819.217
884.328
843.423
706.194
784.581
1015.31
899.664
885.204
868.79
949.877
686.426
698.594
714.425
826.96
745.344
904.094
879.512
708.945
961.914
819.292
855.544
834.14
748.463
806.312
814.019
1061.12
805.028
819.859
709.946
883.75
689.973
1086.17
846.51
826.306
796.872
1248.74
948.713
983.906
861.165
822.949
878.868
741.817
808.278
819.725
975.593
787.034
964.675
1073.59
722.303
997.955
691.466
756.072
839.006
900.8
820.334
808.176
911.288
1016.57
864.917
733.817
641.64
833.84
769.961
931.474
750.527
874.729
963.452
980.141
725.054
942.005
1024.2
812.961
806.815
826.267
823.529
937.622
735.347
873.127
917.904
768.67
851.366
945.344
929.775
902.34
838.867
743.15
730.624
821.792
887.568
822.41
847.268
942.138
836.386
1011.14
897.026
766.163
777.972
858.452
988.832
822.056
985.1
877.776
978.657
892.465
742.646
898.795
997.45
827.787
856.683
969.956
889.515
806.422
712.799
780.043
893.939
830.096
850.805
823.846
832.342
762.279
900.911
1381.58
851.845
948.201
724.138
755.98
1065.23
653.372
963.315
778.518
748.678
874.208
882.039
779.167
783.102
981.799
779.314
832.505
805.125
762.189
817.957
1129.46
1011.69
964.925
973.014
964.285
870.895
770.618
770.901
808.637
774.213
994.635
781.746
962.393
889.271
712.199
848.206
822.67
1048.59
957.403
878.939
778.442
887.63
841.681
889.117
964.44
849.783
700.379
936.108
765.004
787.606
759.664
888.322
968.357
877.869
864.933
894.049
797.369
872.165
662.099
859.732
828.752
906.102
760.575
785.588
797.962
895.168
749.692
843.193
817.647
851.959
814.523
676.334
678.027
866.043
956.017
814.168
871.17
866.996
953.595
807.033
878.818
863.179
865.8
772.049
1022.34
766.344
1078.73
776.121
944.506
911.391
751.995
910.399
719.888
779.123
718.708
847.892
807.928
831.996
687.093
788.666
995.704
706.227
948.076
809.014
1120.64
845.741
806.402
702.913
750.849
810.597
666.587
817.71
824.09
804.592
698.182
833.069
856.062
743.633
942.29
923.258
816.353
951.714
950.33
823.67
754.333
858.372
718.063
930.148
860.512
835.339
734.063
786.504
831.124
936.967
812.061
695.323
795.745
894.865
781.614
909.324
799.073
921.671
858.011
852.41
894.912
840.894
942.85
727.597
1121.37
761.653
856.061
840.789
948.85
657.809
809.524
892.446
707.2
895.896
802.523
737.953
668.953
944.737
1129.27
822.495
920.092
780.311
872.744
716.127
865.168
808.265
995.707
891.654
722.773
808.699
943.755
692.74
805.901
886.576
823.75
996.479
878.176
890.301
1293.34
950.988
913.502
1035.98
922.363
842.808
796.755
750.545
704.858
810.798
669.326
712.745
1120.56
878.443
976.948
940.099
872.961
857.194
878.201
753.089
819.227
884.801
870.592
733.4
868.372
1065.58
767.665
890.921
1070.98
948.359
792.405
770.335
750.393
820.719
795.592
936.4
775.728
908.535
831.528
1062.91
676.816
913.293
900.147
875.612
735.578
895.153
802.439
789.245
898.227
954.105
859.238
845.774
793.404
880.094
715.058
764.847
809.923
839.815
771.557
900.999
678.583
898.683
1175.15
803.989
786.476
908.775
894.142
889.804
1008.41
896.304
754.561
1012.82
891.416
832.352
861.564
801.927
853.024
872.435
637.108
894.734
865.306
889.681
912.959
859.104
794.446
931.379
987.193
721.46
714.495
788.17
902.198
1100.55
775.691
843.926
987.775
880.039
837.795
756.492
793.557
886.204
815.128
969.462
847.169
687.363
886.211
795.164
756.251
989.714
806.593
809.611
864.185
816.932
821.889
878.462
873.617
953.708
943.49
1005.06
1060.24
815.178
866.01
784.09
963.598
917.089
984.877
814.029
791.57
835.038
778.838
904.8
834.631
807.195
902.834
724.815
823.266
1031.12
712.189
1024.24
912.523
875.588
791.375
953.192
719.182
1027.64
1027.61
859.042
904.026
947.517
847.931
749.35
1115.79
901.642
780.351
1044.39
791.54
829.301
850.559
788.717
1082.68
850.575
890
836.8
732.461
850.153
922.437
702.102
698.434
929.644
860.912
806.499
758.953
938.065
759.688
756.525
925.311
719.469
970.925
980.633
951.678
835.643
928.497
796.593
763.749
967.459
986.836
875.594
910.496
961.368
904.081
997.629
712.272
737.456
786.304
955.692
917.769
941.115
810.914
815.704
980.161
951.163
860.193
734.814
1008.52
1007.13
743.552
861.14
868.02
824.081
780.792
893.675
762.926
723.425
821.748
882.502
874.801
942.003
898.594
800.507
968.524
812.123
805.11
831.573
928.74
723.987
721.216
956.218
957.907
795.921
671.626
1020.76
685.367
769.114
770.225
1013.83
827.628
964.234
741.696
829.225
917.606
845.939
769.524
839.982
905.005
923.303
861.31
718.308
835.348
798.879
824.822
838.075
803.926
754.282
738.327
797.669
906.642
1005.02
892.771
792.415
850.604
758.995
829.507
885.156
841.855
1007.79
1040.64
849.153
836.659
840.623
720.359
980.097
904.151
800.122
999.08
947.36
824.967
902.892
789.261
681.459
910.444
917.241
809.138
837.405
745.518
712.347
787.584
875.601
718.041
992.963
953.643
1016.13
901.3
814.467
983.933
843.382
809.715
869.648
835.145
959.343
722.147
963.834
785.528
794.352
823.893
1088.41
689.943
1076.23
840.662
837.031
946.532
725.618
958.425
836.765
752.279
990.838
753.778
820.997
902.65
681.077
864.481
859.449
854.07
1022.54
793.804
809.79
775.416
810.073
1081.93
901.755
746.572
1073.49
905.594
783.938
932.807
823.01
809.196
977.586
1034.81
916.196
919.141
794.476
816.35
830.647
826.357
956.605
772.19
806.721
786.409
786.374
810.238
936.506
780.016
718.712
808.813
726.234
773.438
1068.94
747.164
867.267
866.516
851.047
805.304
882.984
734.819
1038.06
882.701
719.588
878.156
764.874
710.381
742.056
892.455
785.995
785.737
926.39
906.382
787.606
757.32
725.684
849.725
838.874
809.119
763.992
939.853
844.309
912.513
909.978
787.559
959.219
920.895
686.595
780.892
837.229
730.809
849.178
931.236
814.545
888.091
821.131
933.249
870.572
820.999
796.58
806.096
1112.66
816.874
776.46
779.566
891.128
701.833
778.01
845.197
698.764
961.283
902.39
927.256
761.982
1095.27
793.435
963.381
851.59
713.356
1101.21
847.224
887.936
776.982
983.495
911.347
657.574
789.686
844.598
877.843
786.252
980.785
821.04
852.838
908.897
926.237
936.557
766.058
982.523
992.925
835.279
825.857
769.815
733.979
756.522
926.829
818.042
784.289
867.501
884.979
857.221
786.36
820.413
858.957
950.502
1159.05
779.207
752.189
852.816
897.901
798.169
803.632
829.297
879.166
853.201
890.188
841.873
794.714
697.771
791.163
1069.29
1006.05
740.719
880.849
805.523
1041.41
796.93
1053.61
769.437
905.651
798.858
817.159
839.931
829.27
837.629
699.676
786.145
854.217
937.177
822.006
980.791
821.894
701.907
1127.55
818.267
754.474
832.064
780.649
890.604
809.134
699.72
1051.05
826.658
753.329
958.314
909.493
881.038
787.058
919.752
851.217
953.201
664.103
898.632
1030.09
802.256
836.09
904.583
1169.74
788.075
954.717
788.931
809.186
788.822
925.175
902.088
1173.71
891.136
813.567
936.461
1197.21
886.625
823.245
796.329
874.457
812.141
908.45
1007.95
791.566
851.205
929.144
770.533
883.975
885.2
828.411
888.597
797.822
764.507
700.882
831.759
821.74
884.091
746.409
784.573
835.593
1119.56
923.519
978.521
778.035
886.843
944.175
836.257
846.14
775.784
953.712
781.013
843.886
880.87
801.245
698.309
866.234
836.857
971.397
971.721
849.613
975.753
1146.18
1159.72
868.395
1321.26
775.338
946.677
1030.26
936.932
821.726
1019.02
917.5
768.083
908.609
867.473
910.201
891.384
743.343
1121.41
778.254
932.573
894.157
766.275
822.04
791.957
745.625
1044.39
825.63
861.415
1034.61
849.342
1055.58
874.226
711.378
765.319
826.574
871.779
927.909
1061.95
946.313
688.731
680.082
776.844
801.609
828.42
807.461
734.948
747.72
894.544
925.501
913.649
867.488
829.838
838.579
1089.83
855.396
791.204
899.549
789.514
864.977
891.751
856.56
809.914
1012.77
728.849
982.33
776.433
964.869
854.334
932.192
891.437
807.625
826.963
884.98
900.041
794.955
830.51
901.767
851.795
812.8
848.176
811.535
925.765
961.68
839.518
747.075
904.041
943.777
991.251
1019.9
827.645
879.087
879.568
908.645
1065.57
748.616
919.564
903.487
764.845
1229.71
953.364
848.395
1347.44
1043.58
851.958
937.409
900.548
768.887
1038.64
873.551
800.998
971.012
672.63
842.374
807.951
867.315
906.54
752.54
936.431
757.233
939.152
647.517
890.156
862.929
754.62
858.863
869.866
770.141
934.15
943.066
1014.69
1091.88
892.234
781.885
816.306
893.307
735.638
780.019
845.272
924.89
1032.54
913.002
868.172
862.211
816.334
804.487
867.127
996.43
928.195
900.9
650.762
881.08
896.051
805.918
861.026
843.017
723.52
919.623
832.415
769.48
749.581
939.343
917.664
1059.36
811.447
971.866
908.922
939.481
965.993
957.941
848.709
761.771
963.133
753.495
817.676
688.99
963.207
990.192
796.261
887.341
947.864
1076.25
868.267
885.759
847.19
839.302
1131.88
899.894
897.864
895.385
690.373
937.032
858.984
1065.12
797.674
837.65
852.002
824.687
851.069
909.927
1091.81
951.822
918.145
794.9
795.044
863.844
855.237
1027.05
861.979
728.282
718.464
791.851
798.285
953.443
968.045
848.768
790.024
1061.42
995.159
1006.55
768.746
906.062
825.115
782.715
849.818
763.208
817.503
780.873
812.965
1205.79
1040.07
1021.98
977.542
815.35
811.477
786.674
1044.46
892.323
920.557
825.376
910.395
769.003
709.772
766.577
878.752
822.385
864.493
801.568
873.086
921.084
962.545
947.658
1025.09
724.421
1013.08
745.802
948.361
848.528
871.516
809.8
1018.76
936.448
820.826
862.34
920.576
742.067
705.506
914.603
970.443
912.73
881.484
976.519
834.752
867.384
942.047
795.745
789.406
838.178
929.785
850.502
955.495
945.112
812.403
730.393
1059.81
824.072
813.13
930.494
863.45
870.11
757.293
812.062
947.329
824.884
944.552
1309.23
728.198
715.86
796.77
1029.61
758.428
736.366
826.376
812.637
708.172
828.11
875.083
926.754
785.055
808.536
1021.86
857.613
909.673
898.681
892.081
862.974
804.938
1017.19
763.046
751.246
829.447
763.523
733.617
797.494
798.617
833.735
790.668
905.305
602.452
821.601
637.761
755.136
809.294
835.893
994.054
810.228
880.016
909.638
812.393
920.37
740.37
791.909
903.515
875.945
879.109
786.267
839.448
937.688
919.805
953.538
933.266
844.774
798.18
877.395
922.544
817.254
787.851
743.849
783.402
920.284
628.579
780.215
875.655
870.643
821.222
883.594
978.184
771.801
1069.16
953.055
767.351
826.755
753.535
1239.9
781.316
967.146
799.228
760.076
672.996
779.869
935.446
714.921
850.31
861.878
1078.02
788.827
865.423
785.965
953.81
1042.22
945.566
893.129
794.48
807.013
944.267
832.527
897.502
620.495
884.323
877.377
799.223
953.453
868.098
750.639
926.057
854.376
808.406
764.677
953.98
728.946
941.64
1009.26
866.782
809.744
730.766
782.693
930.902
878.505
793.43
1024.83
1021.08
731.014
1035.73
785.009
900.342
874.866
901.765
746.891
861.972
675.578
905.83
708.79
1131.72
803.534
858.066
924.889
813.134
865.093
806.298
845.363
813.477
970.26
896.288
963.85
938.26
735.697
846.475
820.942
814.98
877.692
938.212
858.49
993.537
811.352
993.544
926.682
782.747
754.925
684.636
979.903
872.299
805.182
902.283
831.043
745.006
874.155
854.223
942.102
890.864
820.807
991.97
683.518
926.662
783.475
811.855
864.651
729.265
792.848
765.905
1008.1
738.464
709.599
1079.75
1035.62
912.963
742.579
900.281
863.601
858.033
1128.77
935.377
1009.68
1102.18
730.07
871.322
884.496
835.373
888.57
754.435
809.449
732.15
768.718
957.178
886.458
800.035
821.898
758.492
788.175
864.356
858.227
1005.53
814.446
778.495
1268.61
898.376
758.849
875.306
760.916
887.389
881.168
830.719
872.827
813.28
874.839
815.566
940.765
907.877
917.403
768.879
796.413
793.456
788.035
806.04
859.131
925.491
760.198
698.403
834.441
1000.31
805.135
810.613
771.274
1053.64
761.308
797.825
804.392
789.839
828.392
920.717
949.163
862.624
907.412
736.255
1191.24
985.034
796.957
976.575
754.4
815.864
756.402
791.537
782.979
929.314
809.918
719.201
738.026
719.575
874.926
726.743
853.853
1092.81
800.133
771.446
816.957
896.871
928.69
965.663
731.039
900.702
885.199
981.836
866.968
797.072
1041.57
861.042
751.277
833.136
808.614
824.045
756.703
1033.33
931.615
700.963
818.109
841.786
733.803
780.133
823.492
882.884
1044.25
868.002
882.946
805.803
811.965
827.04
1006.87
1105.1
763.649
761.822
886.653
871.761
830.762
920.373
1024.62
816.434
743.465
864.794
891.973
736.417
905.776
695.92
671.31
747.488
940.112
871.068
863.357
889.592
799.512
992.193
826.078
786.465
777.612
781.875
806.793
1043.39
784.688
889.259
861.46
704.145
945.065
1007.2
873.29
810.466
916.153
903.403
857.608
1271.64
698.939
779.912
926.439
952.523
984.958
776.681
800.607
849.351
989.236
739.932
955.04
1017.09
893.089
1155.52
807.64
876.524
703.842
888.239
900.426
1031.44
853.075
655.761
914.631
668.432
880.877
852.225
905.281
789.591
825.345
809.356
953.735
885.479
724.282
845.467
822.11
801.164
1011.57
799.223
930.287
722.28
905.596
993.561
1149.58
785.358
1026.52
686.054
803.579
892.535
798.375
819.482
920.114
867.493
681.659
725.96
894.897
833.925
853.96
803.485
699.566
786.076
643.097
885.434
883.546
785.727
789.755
838.69
768.944
744.27
951.179
875.252
957.274
806.742
1021.13
903.846
781.782
745.375
762.309
879.754
964.014
763.658
897.743
862.51
971.748
1218.61
994.715
807.999
864.219
957.477
832.491
799.561
808.822
949.108
798.794
1027.98
908.635
803.003
789.847
749.326
891.763
814.991
861.079
828.68
1152.5
695.727
713.622
886.438
784.687
673.074
755.987
861.902
790.689
789.665
796.673
832.515
776.294
801.672
788.325
679.677
745.111
775.027
1231.34
694.512
932.836
882.824
844.236
876.961
797.551
841.438
823.634
847.222
925.509
1017.79
717.557
825.618
845.244
837.107
968.359
834.944
760.154
957.333
962.489
858.107
1026.36
937.983
1038.28
776.168
966.104
927.802
912.733
686.838
803.938
729.353
1012.63
819.274
980.006
876.469
819.063
734.255
729.428
777.028
890.948
946.63
732.326
877.473
764.465
768.569
883.329
1102.26
999.78
768.645
713.206
790.009
862.2
935.854
699.163
822.96
795.889
837.055
923.934
896.901
804.149
875.122
730.465
781.291
971.703
833.917
825.755
975.831
920.373
1140.4
857.094
1031.25
831.081
689.031
828.019
922.994
813.342
796.344
919.033
812.351
766.228
874.059
905.995
845.953
941.085
874.502
794.364
783.203
726.973
1080.3
807.042
681.94
910.581
833.517
816.453
849.675
763.755
890.543
958.485
829.372
776.345
892.617
767.566
701.41
708.39
840.685
995.256
1018.58
819.978
904.411
929.349
734.592
989.858
803.101
825.905
849.221
853.765
872.714
844.957
750.286
747.447
620.506
924.077
890.19
861.319
1020.79
744.93
749.753
887.328
925.565
731.398
673.788
1011.02
804.184
775.124
1038.88
812.214
822.176
874.941
780.209
632.288
906.809
735.223
780.504
769.801
700.072
863.581
820.598
856.61
749.683
860.203
744.583
849.432
876.985
921.715
1057.82
852.995
876.933
771.481
751.221
934.857
782.641
1119.99
823.477
912.02
859.654
1046.2
934.684
763.834
857.172
850.903
750.575
1017.41
803.072
712.034
949.56
836.584
800.19
761.554
874.716
756.977
807.507
890.335
868.368
896.203
896.862
849.342
798.757
853.747
877.802
880.433
840.034
856.257
773.047
771.045
995.101
671.176
920.693
845.136
880.882
779.195
841.677
1008.11
971.52
770.541
852.523
951.579
1020.3
771.132
811.915
809.907
878.28
1035.45
884.836
952.996
888.422
926.659
836.99
795.422
789.227
722.687
793.565
814.314
768.634
823.152
746.549
706.345
812.811
925.144
757.462
856.644
952.079
748.343
900.438
707.181
731.233
878.649
844.314
824.413
878.906
895.615
825.35
859.072
1000.63
717.495
807.851
925.801
818.71
754.356
1043.79
931.133
745.372
1069.05
745.873
815.421
948.225
826.966
922.059
800.56
878.385
762.113
890.246
824.022
990.979
892.405
898.819
771.344
806.149
765.255
970.065
1109.91
794.413
663.232
675.083
855.464
914.826
908.462
789.642
914.795
981.52
755.704
669.771
772.8
931.273
920.694
866.637
1057.69
814.763
663.124
802.891
858.59
875.477
920.735
846.046
1024.76
699.259
922.091
929.839
746.26
736.889
945.144
982.049
904.506
966.598
785.151
783.347
1053.16
837.763
718.46
772.912
691.865
845.702
1132.81
685.002
852.724
782.961
847.593
710.559
819.514
852.554
1040.47
901.89
854.093
1058.79
954.981
928.065
897.786
702.693
688.207
996.85
787.696
794.339
897.867
729.378
895.631
847.835
764.587
718.238
967.259
700.498
827.238
853.959
811.715
711.017
867.762
904.53
843.513
1019.33
775.151
998.156
930.176
899.399
968.321
850.178
976.052
867.345
812.62
843.409
746.138
852.265
883.947
925.736
811.29
1084.85
882.229
837.803
748.271
901.11
874.395
891.853
957.276
760.747
821.761
835.369
739.903
980.716
903.204
712.471
745.034
937.014
828.925
952.552
858.859
789.474
699.247
959.344
825.904
814.434
906.175
864.651
735.237
932.065
914.17
729.882
848.578
860.984
832.577
796.307
832.796
816.124
740.483
837.726
956.487
898.107
842.569
896.628
823.887
957.153
986.646
950.879
787.361
1105.45
785.875
741.668
759.147
724.177
913.825
944.988
841.276
806.336
993.633
855.776
963.456
917.918
729.766
931.423
727.208
855.936
802.096
771.278
876.66
810.58
1099.91
704.964
737.776
787.185
816.143
786.174
923.88
787.274
898.85
921.605
891.309
836.766
871.506
748.728
940.606
892.998
854.714
1119.95
746.667
846.835
850.193
818.068
839.396
877.329
782.208
878.581
964.991
1107.15
821.466
928.038
1028.79
781.656
837.212
1082.94
796.144
726.017
693.623
747.436
842.477
773.871
745.877
791.284
868.092
1098.78
655.186
753.388
705.961
811.24
922.764
755.804
884.347
747.588
939.467
894.799
810.852
897.829
1022.32
855.748
1206.65
776.148
793.742
906.924
720.529
773.025
785.57
637.376
877.414
1068.51
878.633
747.527
774.208
783.931
806.078
783.648
858.107
793.012
723.093
997.347
849.278
847.851
1136.1
877.88
787.566
898.721
801.813
868.63
774.216
780.751
809.888
793.796
744.223
1026.43
910.982
771.405
876.685
818.273
1015.35
714.333
917.746
1200.59
799.308
802.602
746.194
1044.65
979.605
801.662
1044.26
832.426
844.971
752.717
869.229
782.845
1018.39
947.477
1085.78
765.085
754.572
748.965
942.524
930.433
828.531
924.649
697.31
833.238
715.324
822.252
952.229
843.796
816.592
704.451
980.579
1081.96
870.384
1109.26
777.614
804.027
807.144
800.174
950.755
1066.86
730.139
744.11
720.002
817.109
946.347
735.919
953.997
1313.27
829.169
792.821
831.67
672.881
1056.94
980.553
713.716
1025.1
913.86
813.621
691.281
781.767
880.67
867.371
648.475
728.749
758.715
811.1
950.095
785.041
810.547
1009.46
1101
868.649
914.433
845.003
785.648
904.005
756.5
922.867
864.47
870.947
808.834
718.252
895.559
821.959
738.837
809.138
822.152
706.847
781.747
815.8
771.326
913.451
896.367
886.693
938.786
737.925
668.831
915.778
703.918
1033.99
1024.34
930.737
1026.81
807.17
859.671
682.4
861.386
778.502
866.25
1012.24
787.984
816.049
779.742
929.072
735.762
808.918
694.471
815.168
793.41
768.594
877.072
929.089
712.203
831.318
895.072
876.257
882.073
858.492
1046.85
1023.55
757.176
805.102
651.107
826.257
901.26
981.533
1066.11
798.939
803.076
818.384
868.209
968.535
750.517
804.227
822.95
961.633
717.229
986.807
1075.28
1034.16
982.67
867.183
857.492
821.852
827.33
809.66
821.51
838.606
772.568
1048.38
905.084
912.827
851.499
771.71
971.018
809.384
954.275
779.106
811.93
859.112
782.106
876.121
770.741
716.229
833.729
962.492
831.604
854.59
952.002
1058.04
806.921
848.648
711.888
847.519
1010.5
991.971
887.548
835.694
774.971
909.674
767.057
825.675
830.823
754.199
1005.96
688.806
833.378
855.484
737.348
836.718
1115.38
797.402
875.379
876.724
857.511
837.489
684.818
767.806
798.83
903.621
777.482
786.58
690.011
887.974
963.013
808.765
701.038
790.503
848.018
827.886
969.44
825.841
839.21
657.608
749.934
924.046
887.383
1035.43
839
714.352
1024.83
797.499
738.788
813.292
886.336
760.243
785.113
765.58
832.926
952.003
805.111
809.665
736.025
911.186
736.727
793.739
871.489
840.026
844.206
801.317
739.544
879.527
836.906
858.459
1150.09
831.837
864.116
859.988
840.94
905.182
782.473
870.323
823.301
759.55
770.086
773.3
686.202
713.322
775.47
979.992
886.294
774.946
827.435
1075.53
846.427
775.062
903.22
969.697
817.237
792.304
817.139
994.762
759.053
681.089
824.709
931.386
866.888
827.099
967.553
807.058
816.154
946.944
960.245
1145.07
848.959
786.659
1009.65
956.07
826.305
791.317
741.151
1013.82
785.134
729.75
969.805
717.48
960.49
815.156
812.553
959.998
963.122
970.921
822.524
880.425
765.87
780.392
814.114
795.578
808.92
690.608
920.248
1010.83
996.756
813.099
889.774
789.278
797.23
860.415
956.865
704.939
926.78
895.363
826.524
748.919
850.6
763.619
779.17
870.483
854.09
874.885
964.08
941.079
971.328
846.923
737.305
871.219
928.337
921.602
786.995
820.556
787.775
852.45
787.902
845.285
896.067
906.498
880.559
778.154
923.315
929.28
949.598
939.114
837.714
835.768
787.364
735.199
741.335
758.762
765.662
1017.16
952.579
977.88
951.269
827.445
816.863
863.916
808.565
771.149
730.558
850.715
940.923
833.33
1107.26
863.842
687.698
746.528
752.422
685.86
844.364
822.526
992.176
862.341
759.573
826.916
723.482
847.093
887.28
729.851
705.549
974.76
925.51
797.2
839.711
784.92
747.412
739.864
775.406
868.237
1070.43
709.245
754.372
889.993
924.568
928.851
795.638
722.048
979.251
936.17
967.782
802.792
716.604
848.264
882.097
821.659
821.314
970.415
848.374
788.015
913.254
943.69
982.271
733.406
855.893
802.984
1011.76
911.815
885.999
881.932
809.125
875.763
938.075
1080.28
747.09
1044.37
935.178
805.886
786.196
913.951
833.319
676.506
767.806
937.327
788.371
749.098
1061.27
940.502
938.303
993.919
733.668
738.662
875.431
852.848
694.118
863.385
842.24
896.256
1072.32
892.682
849.435
802.35
790.591
716.308
702.11
1281.02
931.271
837.776
845.237
695.675
996.555
912.428
800.127
880.24
898.715
903.527
878.182
788.869
759.839
786.77
750.63
990.69
857.84
849.901
835.335
745.882
869.405
897.64
955.946
883.016
853.785
825.832
885.243
998.179
837.433
838.565
761.765
1073.58
746.84
765.9
953.435
950.611
722.606
859.13
888.581
841.534
790.163
831.576
741.404
774.675
931.508
780.201
871.016
758.029
1068.96
797.739
725.746
843.416
688.054
1032.94
947.407
787.645
807.838
813.415
817.407
841.617
704.682
907.236
972.029
916.89
890.627
831.833
946.819
888.776
856.928
964.941
904.11
810.278
757.297
848.475
873.384
756.144
724.619
915.72
1089.02
790.979
814.305
806.658
812.986
843.132
762.622
898.833
776.1
903.23
676.616
976.078
799.835
980.12
719.755
721.408
704.576
657.015
748.804
761.243
926.822
733.644
840.174
841.286
742.129
893.008
774.226
830.946
844.872
850.023
753.269
850.212
993.837
789.15
1037.25
777.91
1078.06
642.848
900.742
831.976
907.65
854.617
672.247
929.557
805.8
805.992
839.52
1013.16
951.03
793.843
922.825
741.531
720.904
915.84
793.08
883.533
873.975
817.783
737.905
703.42
861.85
869.943
707.646
913.606
1111.18
815.205
972.454
917.325
765.271
779.136
999.904
824.211
980.849
735.036
875.276
790.782
1022.22
1000.12
942.74
865.961
907.809
809.957
898.797
750.418
893.735
815.838
850.639
853.82
859.398
726.754
984.745
999.003
770.938
875.579
875.153
754.917
822.822
1055.38
974.442
867.143
754.044
964.326
892.441
975.764
852.325
850.503
852.326
864.731
898.336
938.172
966.68
1028.99
731.8
1070.76
926.834
729.712
759.939
928.805
890.089
888.868
786.341
790.164
705.082
893.64
826.457
1101.17
756.359
779.265
892.396
845.216
1021.15
999.226
777.563
860.472
1015.78
784.743
875.278
836.836
1133.19
835.058
749.119
799.538
1070.29
687.723
732.463
952.045
921.969
857.377
724.959
804.337
792.397
901.999
1120.66
743.019
947.717
1081.29
737.079
984.174
768.003
848
981.671
861.516
780.969
812.162
854.068
894.997
883.942
980.812
930.585
815.395
824.909
769.953
857.923
801.079
729.737
911.59
980.109
790.858
907.79
954.929
754.5
771.585
910.604
767.274
891.938
863.464
832.274
896.864
841.881
831.932
827.453
749.321
715.152
1046.48
830.302
1003.15
843.027
872.863
1041.18
700.761
713.885
843.031
832.601
992.356
1000.18
882.014
1112.79
872.304
685.618
838.05
793.771
890.935
679.934
935.328
930.507
915.688
738.709
944.602
770.317
982.217
945.277
864.695
825.803
814.681
939.138
719.439
881.514
1135.64
790.64
858.209
940.447
891.505
802.389
809.727
723.462
732.739
956.849
696.822
838.021
880.646
882.606
785.091
849.838
772.762
781.928
920.467
856.164
1020.42
880.57
935.655
700.782
807.119
990.298
866.076
832.589
961.615
1014.76
780.491
895.484
1011.16
926.594
805.492
672.941
772.725
939.761
873.67
937.263
822.388
809.464
752.59
795.97
1136.58
796.639
864.836
630.972
928.504
852.976
884.425
844.26
779.149
739.339
761.542
778.233
874.126
814.985
1134.07
793.51
779.058
841.805
853.427
807.722
774.067
783.468
977.931
750.901
968.32
712.071
937.336
948.904
924.799
766.579
849.907
901.344
744.104
942.376
1003.73
826.202
832.207
944.681
814.22
737.026
800.694
1161.64
1024.86
799.433
830.229
774.198
826.348
830.679
890.978
949.723
887.972
759.12
811.232
900.181
789.97
692.806
956.587
989.016
800.052
848.171
745.205
749.364
748.338
903.013
933.799
1077.96
692.798
763.647
1063.95
956.659
1017.75
882.438
728.052
807.807
834.865
924.561
861.022
789.9
643.467
861.288
844.638
884.796
824.958
992.386
1112.43
837.959
1023.1
948.826
850.562
834.24
919.664
860.268
742.887
818.171
741.977
804.205
905.149
821.705
873.801
939.262
796.18
1123.73
936.952
923.035
776.327
789.818
862.956
779.713
906.632
854.771
852.6
833.687
793.39
812.187
848.386
952.09
902.376
777.262
830.626
828.795
881.149
789.196
1014.34
876.504
900.998
830.597
856.541
766.934
1141.87
823.183
870.294
1057.75
788.156
910.501
830.891
777.941
963.014
772.618
796.006
758.92
787.112
889.844
1055.65
693.776
774.445
775.018
843.846
916.184
891.545
823.388
847.721
1177.52
832.099
979.762
776.726
960.806
837.728
986.73
842.754
779.019
797.516
959.664
787.277
868.494
756.566
849.848
882.637
818.782
697.179
734.023
859.051
896.228
897.662
779.798
795.742
778.024
797.2
1043.66
1052.48
924.752
930.415
962.734
920.023
870.53
788.626
848.97
710.16
1014.11
816.625
923.426
934.091
946.483
963.421
971.155
753.315
777.241
806.993
921.8
597.309
838.202
990.233
1013.58
1016.54
784.47
851.733
794.784
882.014
731.122
962.933
822.245
853.119
1039.39
741.808
737.918
854.865
784.01
838.928
897.81
823.151
781.12
731.678
936.334
794.415
815.472
916.212
904.88
909.372
832.308
1059.47
730.636
810.025
869.567
821.095
937.555
795.062
710.848
783.8
889.124
844.334
683.736
869.618
776.855
695.536
923.099
761.139
883.691
985.997
1002.51
897.399
932.651
770.763
973.928
964.151
791.239
953.008
727.164
997.112
849.741
1007.92
827.774
722.583
850.462
864.606
956.494
1009.33
764.121
819.911
763.199
713.09
745.877
821.789
809.994
893.264
770.589
759.74
657.821
761.027
731.571
751.764
882.716
814.994
797.639
808.791
874.976
846.74
915.995
761.599
759.752
678.832
843.925
827.838
866.338
940.345
847.2
795.655
1017.13
790.854
727.57
741.289
1009.65
863.992
720.724
796.427
826.24
795.335
786.586
817.143
787.21
821.238
841.119
751.269
879.142
751.325
916.487
897.565
797.302
898.57
824.903
799.458
897.881
820.985
789.325
743.91
956.218
841.811
947.683
1092.89
802.668
897.891
843.591
959.071
820.62
848.164
751.676
798.744
795.527
856.225
758.263
795.24
1087.83
705.383
730.189
922.883
871.014
829.881
853.045
808.759
972.07
1013.79
1232.75
816.22
696.701
828.175
849.632
925.886
744.226
905.899
874.108
840.553
921.489
818.988
861.562
1026.92
799.459
972.813
803.921
888.616
836.537
813.332
801.156
1021.69
882.494
704.98
982.256
702.097
1013.9
939.349
857.013
940.213
756.087
1099.46
1134.7
981.996
926.67
797.787
873.137
845.883
868.82
725.219
829.655
793.748
835.34
818.851
931.058
747.995
739.735
837.664
895.107
860.394
867.789
959.897
1150.69
805.245
855.567
802.491
964.224
973.157
857.005
840.337
808.886
1042.97
907.032
1110.42
817.343
956.435
817.615
801.874
976.728
774.18
861.815
920.573
1155.39
674.658
967.681
761.644
947.49
803.638
845.547
