649.257
867.22
663.255
544.654
625.779
571.906
585.797
645.831
596.491
667.839
770.581
677.712
531.054
680.152
737.353
546.483
587.453
650.284
781.577
576.673
559.837
574.9
589.782
606.781
730.79
787.838
657.121
928.601
573.645
595.76
676.691
656.156
735.827
609.406
672.403
627.694
661.87
593.497
673.395
576.007
661.42
712.214
704.546
662.411
582.966
572.292
564.158
679.565
634.209
705.454
557.864
653.649
590.818
764.302
720.929
564.524
686.065
587.315
665.553
660.233
687.089
624.818
676.862
821.929
733.307
628.025
722.988
574.524
627.939
565.829
668.603
796.19
638.583
565.194
608.938
622.584
561.192
570.23
607.29
563.215
542.669
604.029
628.434
705.405
522.016
889.979
754.444
667.494
697.459
668.488
871.254
586.46
616.004
624.908
715.307
643.495
510.886
758.122
646.175
710.42
626.283
593.569
777.479
670.867
600.087
709.591
646.126
680.677
575.419
539.177
713.885
672.234
761.881
668.968
746.425
544.589
580.63
713.973
553.997
598.224
611.005
690.778
657.043
685.754
658.626
776.684
593.149
611.552
662.333
674.473
688.082
676.418
643.5
584.075
633.213
745.249
675.65
633.213
642.226
609.194
603.532
642.358
785.676
782.269
627.345
587.417
605.453
620.075
707.213
674.184
552.334
596.384
658.951
603.695
593.435
726.147
634.941
532.835
702.122
588.72
632.729
694.094
583.63
576.759
611.014
636.202
573.424
542.038
688.001
542.304
706.078
598.826
607.985
639.914
703.587
658.696
792.951
678.652
624.613
726.996
752.464
633.146
618.633
594.848
692.077
615.042
605.069
572.821
519.647
684.847
619.693
623.015
732.587
687.89
663.314
718.424
789.441
699.923
737.297
636.138
649.851
887.067
653.539
614.012
716.406
629.014
811.85
636.272
541.221
514.238
864.587
654.905
632.654
577.733
793.594
665.453
649.361
665.638
645.155
586.895
673.535
599.344
636.284
650.878
662.506
517.632
594.252
720.436
605.105
523.41
759.097
575.425
584.079
642.489
593.974
744.111
758.881
544.25
562.73
642.937
641.907
694.94
563.88
745.266
709.114
636.936
668.792
707.489
615.56
759.823
536.077
666.911
655.914
624.926
606.201
706.83
679.031
576.801
615.311
691.791
653.93
531.928
539.258
609.687
643.183
706.883
727.729
560.625
660.975
649.483
702.754
549.303
641.18
563.359
674.233
681.524
614.281
737.341
667.699
636.683
650.712
737.748
687.841
689.699
621.483
809.002
659.071
553.01
726.518
563.745
593.973
624.463
675.806
665.61
675.86
593.092
892.382
728.493
669.504
617.622
654.999
689.289
755.105
642.219
631.421
712.08
667.73
621.012
767.533
703.072
656.903
573.011
658.211
771.734
640.452
540.928
560.221
652.725
590.547
567.084
637.695
638.092
739.409
539.251
587.771
664.979
649.238
679.648
669.172
658.806
532.775
569.327
631.165
729.411
614.615
630.365
562.79
731.569
606.747
653.764
740.412
766.328
671.152
576.701
687.019
773.932
598.483
539.19
793.415
635.557
692.016
668.639
608.529
639.969
556.712
588.361
484.353
715.139
550.639
718.879
511.919
600.864
628.594
634.045
820.272
676.34
670.867
722.574
625.305
659.147
597.497
529.568
647.94
672.58
681.023
618.074
819.079
616.213
657.497
743.393
692.501
504.191
621.123
732.739
604.751
753.309
553.936
705.527
671.856
681.401
621.567
618.132
626.137
566.367
657.157
716.818
678.117
662.11
644.734
630.49
674.861
681.618
659.929
574.942
599.053
540.886
681.331
743.608
637.035
621.23
627.047
743.889
629.379
688.662
708.456
623.856
619.058
714.482
752.275
614.36
579.367
658.843
629.616
559.609
603.622
539.584
624.626
684.296
535.287
600.872
787.783
654.253
651.881
712.402
856.972
633.382
671.73
613.325
569.686
624.858
704.832
669.092
697.096
634.167
669.768
606.472
620.609
764.333
569.743
515.445
678.994
585.436
757.141
778.695
580.608
669.715
644.044
644.172
674.723
460.389
559.504
710.387
626.779
606.596
596.169
537.368
666.318
682.522
570.885
662.165
845.009
439.66
683.754
732.484
727.289
616.806
611.767
647.23
673.763
720.708
690.488
729.534
550.133
740.695
609.394
624.476
620.022
595.272
674.15
694.915
556.851
637.291
641.91
586.112
571.053
696.82
585.063
702.208
627.542
700.939
554.648
680.787
719.325
635.126
744.082
674.459
690.597
587.974
542.02
602.95
460.423
558.17
540.357
577.104
700.467
628.629
589.099
659.77
808.349
863.393
778.293
605.682
689.804
688.135
710.931
632.869
794.815
660.214
522.247
605.5
716.625
571.245
641
521.643
739.336
972.711
659.945
572.653
656.454
660.542
742.554
717.55
629.799
754.447
606.127
703.739
721.602
845.477
690.821
632.503
609.391
660.018
759.745
686.563
557.991
639.477
765.334
655.251
583.386
675.591
810.913
826.828
525.356
811.043
654.181
799.797
684.316
563.534
713.615
673.374
602.003
579.039
669.35
647.466
647.14
592.227
725.389
603.013
773.209
842.994
726.562
642.469
657.083
536.344
512.392
689.301
694.368
829.519
668.581
607.186
733.028
641.695
615.211
609.578
723.912
648.324
639.087
628.623
692.914
621.726
597.821
527.572
590.283
558.212
550.598
549.268
683.657
686.452
534.585
631.828
585.91
595.042
626.755
523.943
649.074
673.736
720.842
597.515
769.59
779.404
586.291
721.668
569.562
735.014
730.699
573.504
650.388
607.961
739.601
512.641
802.529
616.059
862.949
605.467
743.772
693.633
610.395
666.569
531.038
590.778
684.182
556.349
681.026
641.497
616.673
627.418
700.778
770.314
628.5
576.191
707.618
654.005
687.879
589.964
587.951
605.258
763.18
696.123
614.134
535.415
731.485
624.775
495.267
763.721
619.428
660.261
510.98
634.729
596.22
677.044
668.307
656.586
818.321
624.818
663.28
746.293
627.965
713.444
512.908
600.87
716.151
642.203
514.091
671.01
623.776
662.314
692.267
533.76
837.904
890.501
705.568
694.428
578.461
641.918
575.524
708.954
512.248
662.29
594.007
558.986
689.945
636.791
659.144
570.225
864.198
575.829
647.113
607.926
593.036
536.105
699.847
715.287
713.019
632.122
737.618
741.304
728.185
659.901
762.088
584.269
536.556
728.995
700.897
717.644
612.54
617.668
593.289
646.443
724.537
773.581
680.406
707.501
640.341
653.333
641.258
692.019
610.863
644.214
565.199
674.613
606.184
676.597
532.376
641.498
600.849
672.369
591.771
709.806
600.935
632.178
793.337
755.991
553.628
678.51
691.495
832.046
678.001
644.431
643.192
693.363
637.236
675.312
844.419
640.663
600.049
641.661
556.313
531.03
669.809
697.447
682.894
563.718
541.445
710.168
613.099
562.304
614.445
634.013
652.375
731.893
790.259
618.163
633.855
637.262
652.971
729.058
554.724
565.03
599.306
576.841
664.839
611.06
586.179
604.059
760.181
761.951
683.588
563.467
658.423
692.001
842.053
717.535
551.542
669.192
579.301
830.364
552.058
702.139
610.667
688.284
617.447
594.626
545.767
807.345
546.013
737.878
644.428
662.046
742.45
618.924
624.974
740.324
583.074
578.227
666.918
592.353
660.728
604.126
672.153
719.098
738.187
618.83
676.11
555.944
622.009
830.352
504.021
669.743
622.738
650.65
595.202
587.751
614.474
669.604
596.329
718.095
677.604
729.031
734.56
693.199
452.655
662.649
622.826
723.716
684.464
706.899
656.855
619.901
715.956
656.918
722.965
748.871
524.927
675.63
690.652
702.622
577.746
605.272
678.348
709.086
829.065
585.299
776.591
694.183
745.36
558.314
533.207
752.063
683.408
657.203
662.488
676.516
685.352
589.856
658.5
823.607
628.484
606.861
783.631
636.324
660.499
707.251
685.788
602.889
664.756
628.369
712.525
577.928
571.931
615.456
565.848
650.45
695.245
547.622
579.219
617.344
639.27
794.34
568.53
682.056
607.336
637.162
574.225
615.917
620.849
711.062
815.927
546.132
636.334
594.727
581.7
486.926
655.142
517.737
762.806
683.828
640.847
565.047
626.768
568.669
596.549
653.71
951.531
730.597
735.228
561.306
535.797
688.089
667.458
761.972
629.127
564.697
581.7
711.188
676.903
709.033
558.904
759.124
675.772
777.55
774.688
642.615
673.55
617.462
643.924
582.112
637.465
675.228
786.048
642.703
629.195
718.323
454.437
756.871
629.475
544.58
658.304
582.616
658.735
573.005
663.246
608.263
786.953
638.6
669.957
629.665
813.777
743.355
604.542
596.968
665.892
564.204
610.741
597.05
635.99
714.278
641.709
586.186
597.492
506.639
662.672
700.688
746.351
594.617
568.777
637.306
664.962
583.895
530.389
666.223
592.754
802.107
584.613
694.48
610.733
756.522
642.679
543.463
653.159
754.358
711.645
636.963
559.41
675.271
610.548
618.177
679.463
676.199
599.214
635.219
548.464
733.929
651.181
590.407
675.578
713.345
697.26
606.044
694.624
542.631
566.375
721.849
657.633
628.917
559.241
580.73
569.993
767.348
695.601
577.97
690.538
768.644
580.849
603.886
699.883
575.136
733.638
752.563
543.744
708.856
711.8
819.223
552.183
762.393
839.262
667.213
571.407
767.625
617.813
662.162
565.862
668.719
738.459
814.973
819.718
681.124
684.842
857.62
700.767
821.351
577.521
594.651
609.655
575.306
601.074
613.067
551.722
659.631
750.552
609.305
630.324
602.997
704.435
702.886
602.937
520.465
811.259
607.382
854.209
650.34
530.996
582.091
691.838
659.362
580.579
611.492
595.943
716.063
559.372
601.034
641.743
758.205
549.998
578.563
614.044
659.935
675.756
603.657
745.792
675.914
616.745
555.999
587.795
613.064
544.728
710.163
714.127
611.485
611.236
603.647
775.484
571.615
643.111
578.217
761.374
632.385
668.49
775.845
633.464
613.143
601.745
626.774
598.169
753.3
608.912
748.633
724.586
624.752
741.765
680.305
604.506
733.503
667.925
747.034
610.597
740.045
585.545
810.052
884.703
621.555
485.236
621.327
659.207
596.741
648.026
657.095
587.428
682.777
634.88
479.546
696.965
676.348
597.619
657.381
683.094
613.545
636.927
654.294
663.442
597.477
711.698
777.014
612.27
713.883
623.353
693.49
609.297
660.962
563.505
642.843
587.622
616.95
599.545
619.617
603.828
630.888
606.935
634.383
727.878
519.164
623.923
549.04
698.083
612.661
593.138
693.134
653.966
745.448
597.189
650.032
772.722
601.827
667.785
639.097
662.728
814.141
732.825
686.533
797.946
661.505
671.375
718.61
586.62
622.848
607.269
599.341
794.5
710.972
535.152
656.236
658.516
772.335
648.617
604.364
608.292
632.464
633.658
604.47
568.069
563.581
853.728
530.93
642.343
669.749
655.899
583.476
652.57
591.426
643.111
521.754
665.767
639.105
639.507
512.289
705.265
711.271
575.966
615.307
564.238
777.199
582.573
693.545
695.807
653.162
598.329
613.578
628.041
570.317
802.565
494.052
646.83
776.452
607.844
645.042
711.124
653.345
766.465
599.397
578.154
612.93
686.862
614.846
624.999
661.327
660.887
636.035
761.694
575.733
692.538
609.379
537.059
592.338
708.695
647.841
662.9
596.52
773.78
600.049
733.224
686.255
733.767
723.42
878.308
579.915
620.888
610.167
640.171
578.861
544.996
528.492
663.514
575.986
631.784
639.594
845.076
767.683
692.237
735.563
591.689
578.865
602.333
721.652
639.736
558.739
745.345
602.441
844.462
593.011
721.806
565.541
448.318
627.117
551.662
766.746
644.681
545.16
741.211
657.43
656.019
729.318
589.378
568.864
596.219
542.306
649.853
809.358
493.967
678.602
753.594
569.944
727.628
663.871
623.871
612.512
729.46
549.983
659.045
739.135
619.006
694.556
689.088
710.543
561.124
657.68
641.361
676.448
584.581
583.889
703.788
806.657
728.891
853.904
606.398
569.426
569.49
763.295
725.896
620.582
616.771
844.186
734.877
763.192
580.977
644.026
706.947
589.746
831.276
626.55
658.639
660.576
617.233
662.97
639.718
680.483
576.713
672.748
602.728
566.583
575.612
662.372
708.38
607.454
617.844
626.609
531.77
594.908
859.047
763.817
611.16
596.469
655.732
784.944
614.787
509.125
686.97
545.333
510.22
683.43
688.679
661.13
617.919
741.919
581.655
843.489
546.59
629.489
724.18
619.517
762.653
779.253
787.21
653.602
639.882
582.979
837.296
795.461
563.219
570.987
679.784
610.267
702.378
762.459
702.348
813.106
688.989
657.984
610.051
632.69
611.852
487.812
831.56
686.811
661.104
660.458
635.463
755.419
538.37
552.949
774.063
675.681
697.833
634.393
607.415
601.928
651.165
673.073
682.96
606.171
668.613
766.779
637.448
743.961
637.844
652.339
822.329
678.141
609.684
783.645
738.93
646.655
719.158
618.307
637.827
675.656
656.105
563.622
675.726
649.039
747.53
642.174
794.262
627.065
697.034
703.581
631.521
581.86
750.742
785.502
701.901
645.079
793.753
739.99
549.156
604.956
705.31
778.555
717.338
652.756
686.747
769.494
628.267
558.786
585.071
598.086
744.685
682.807
602.326
689.591
695.775
658.248
640.513
660.914
633.062
683.419
650.314
723.887
714.556
660.538
608.611
770.103
491.05
624.745
617.624
637.146
622.688
594.555
736.76
562.468
609.798
589.298
817.249
605.362
725.21
474.287
862.716
578.998
787.67
584.451
552.058
835.634
604.726
607.688
683.726
730.296
574.904
652.479
660.424
739.238
732.545
628.1
542.335
676.052
592.659
792.979
631.328
645.559
724.211
682.066
605.202
730.415
649.813
627.107
694.349
651.537
574.457
657.739
629.536
679.975
530.429
705.787
531.413
715.999
680.036
749.092
644.355
622.738
708.65
858.496
632.554
627.437
634.163
769.277
624.709
534.337
553.746
566.147
644.569
707.583
585.795
652.063
683.352
590.115
689.629
563.321
652.532
822.12
599.742
813.56
736.096
655.862
653.804
709.69
783.338
777.025
703.705
684.309
631.012
659.396
686.147
566.262
576.615
687.666
750.354
593.391
529.213
528.331
751.636
560.861
626.793
571.545
652.222
712.025
715.774
601.911
601.765
754.138
662.266
574.081
525.613
646.942
782.75
666.811
698.096
624.915
608.602
584.074
622.375
617.243
622.145
614.699
630.026
618.723
659.114
768.948
637.992
530.718
766.74
670.966
708.547
575.039
585.527
623.297
682.963
599.429
610.413
566.433
709.299
610.477
673.768
640.764
635.776
785.714
694.039
601.06
659.45
624.172
588.757
647.037
688.078
770.87
660.667
524.717
588.411
584.485
572.238
678.868
793.988
538.127
700.879
669.438
756.127
610.66
603.611
692.416
562.677
676.216
815.974
671.944
738.797
576.789
644.612
628.677
606.842
704.654
611.104
595.425
591.341
618.974
608.463
631.719
590.774
899.608
642.471
617.305
638.988
532.413
609.003
665.253
540.171
534.419
640.134
496.953
621.95
851.342
700.257
564.614
534.842
524.384
663.68
580.728
682.734
776.742
601.586
661.166
620.584
553.596
643.418
577.924
576.091
545.994
599.895
646.118
583.13
666.364
537.696
632.914
721.95
686.589
593.967
592.342
566.384
613.178
660.032
671.302
674.362
624.805
683.935
610.578
639.957
568.59
636.617
657.105
678.091
870.465
702.39
621.642
745.466
667.11
593.909
649.938
830.65
599.311
753.706
640.537
570.18
841.223
595.434
694.499
586.572
755.756
805.129
624.906
601.036
653.438
546.056
888.109
618.915
760.779
541.166
719.498
681.136
728.285
637.548
740.206
704.452
507.245
630.935
737.635
695.738
626.062
754.578
638.744
675.594
684.326
572.573
617.161
582.547
742.815
651.07
668.765
724.567
531.933
710.488
627.849
652.802
623.29
733.667
590.357
834.466
584.405
567.748
627.949
575.177
646.223
510.679
537.789
715.699
618.398
668.31
593.409
686.972
623.315
711.465
811.063
692.856
604.429
529.224
594.004
636.367
719.495
593.908
703.874
646.474
739.41
657.387
612.729
640.289
614.075
571.872
620.017
629.286
685.212
637.791
556.437
758.853
639.825
661.299
626.979
642.08
627.962
802.899
636.634
689.566
644.091
647.473
632.963
603.51
646.223
657.173
677.209
597.743
694.732
675.149
623.899
771.572
642.21
653.706
613.572
705.197
593.283
621.072
601.606
801.292
610.549
628.977
633.479
579.334
781.955
586.169
743.641
824.136
618.441
605.68
593.622
747.418
615.033
595.349
663.619
803.444
615.512
598.677
594.477
589.115
622.445
622.926
701.01
593.52
703.712
770.755
626.162
626.189
515.676
581.428
596.302
594.217
686.483
606.243
575.51
598.64
786.642
637.81
838.159
613.743
647.304
740.991
612.605
649.805
541.83
575.688
631.452
627.406
567.996
760.047
755.975
705.919
597.002
603.674
692.295
607.884
648.08
608.606
575.565
725.397
774.638
634.459
639.573
681.552
710.481
608.897
776.927
632.981
529.37
753.1
676.608
660.3
708.141
591.326
647.557
735.982
525.12
641.019
575.683
732.117
771.03
547.412
679.227
682.102
701.994
805.139
654.305
594.647
743.75
630.411
637.929
637.324
576.36
596.1
668.409
581.144
664.212
727.544
714.611
713.317
810.763
748.426
581.901
693.049
717.947
628.894
649.492
680.173
670.245
621.75
559.469
736.442
880.574
650.863
669.207
732.593
657.482
554.456
632.417
530.408
604.03
640.57
646.76
590.927
851.699
662.053
659.747
695.458
682.603
582.034
736.643
609.516
647.255
632.209
651.367
619.012
589.584
600.549
839.27
567.544
679.296
668.545
613.919
625.172
602.435
648.224
683.856
559.273
583.789
691.193
621.766
581.516
652.81
718.516
673.243
632.942
596.52
624.944
747.864
713.912
688.435
865.429
762.034
700.343
604.158
669.749
607.579
717.621
746.453
738.832
557.469
696.161
788.076
649.723
639.675
859.87
680.435
608.16
684.73
685.428
716.423
674.134
619.333
817.34
708.262
611.241
742.565
715.506
815.613
601.733
704.709
629.298
615.565
794.079
571.75
625.247
588.676
562.276
838.925
606.634
609.625
572.636
543.316
634.153
747.454
693.02
706.649
715.521
673.793
685.99
575.524
645.036
640.241
692.675
599.063
603.898
510.686
789.711
691.195
607.585
860.511
545.507
710.735
572.149
683.148
694.258
623.165
744.249
797.787
676.286
653.037
752.308
650.914
550.141
557.011
632.139
714.818
744.639
819.301
573.764
610.092
634.324
542.778
775.128
679.422
575.311
721.263
690.005
621.298
708.408
635.251
593.216
620.058
644.382
569.981
556.53
634.415
569.553
819.811
644.061
639.539
715.403
648.357
768.96
526.414
855.033
652.954
715.567
596.545
593.714
600.127
648.49
670.826
604.395
844.255
776.905
536.834
510.25
695.892
627.607
592.254
599.823
757.85
620.5
711.085
809.529
791.838
565.2
547.022
618.197
743.357
555.218
637.6
659.349
671.903
649.338
625.678
679.933
674.006
784.821
650.886
830.811
775.211
646.298
699.777
562.244
806.098
689.406
658.55
714.447
715.323
714.258
662.808
604.65
675.409
562.065
480.01
746.065
962.383
626.746
668.271
541.25
515.117
633.817
667.215
707.207
580.554
805.122
615.649
549.579
603.292
580.332
745.19
659.188
557.042
620.148
653.657
724.333
616.894
599.054
733.136
658.629
576.828
680.502
576.85
719.406
737.941
664.047
563.605
555.667
552.917
590.715
578.176
784.048
627.532
674.548
833.708
667.569
674.495
701.268
654.859
754.024
692.828
806.317
533.926
640.251
653.144
599.849
509.062
673.362
615.753
648.854
595.492
733.978
878.539
599.2
637.219
693.265
621.156
702.548
726.084
575.006
726.751
567.767
851.872
601.988
634.661
635.742
681.439
548.799
607.286
659.884
788.463
650.01
616.71
668.396
618.024
676.259
726.805
556.08
610.214
738.454
657.796
660.26
769.711
644.343
852.953
650.516
748.336
663.795
667.767
606.39
659.211
609.442
670.664
680.318
846.851
469.485
672.527
655.634
721.573
624.031
648.845
745.826
490.734
634.403
601.63
699.556
558.804
687.134
549.182
596.253
684.229
717.128
702.334
709.286
634.071
565.604
653.74
583.393
638.396
657.434
737.875
846.848
629.08
651.821
642.371
704.831
670.537
731.111
623.18
700.116
633.448
561.051
650.122
594.127
611.665
742.837
596.421
542.296
586.914
564.306
597.498
812.18
674.345
540.629
538.265
617.03
600.989
620.044
610.164
692.832
659.972
645.985
706.763
658.337
716.345
633.794
668.154
701.966
692.124
741.135
594.46
673.857
621.762
642.898
666.192
656.157
681.219
587.596
624.154
598.458
815.053
734.906
737.203
526.611
761.67
649.999
571.362
601.74
676.174
581.47
727.739
568.714
537.311
590.931
600.864
616.188
611.795
688.175
586.6
608.46
727.693
762.317
553.853
748.953
614.619
665.295
559.945
723.976
783.106
568.73
596.536
532.089
605.516
567.85
646.902
615.909
580.665
686.974
762.425
692.882
747.29
578.734
628.197
711.352
656.396
763.464
728.428
709.634
821.965
698.535
775.659
785.067
650.014
715.819
670.465
523.441
609.773
852.512
709.469
717.4
577.812
765.97
584.204
653.805
681.066
666.793
731.36
694.339
626.561
671.469
734.715
772.832
649.457
684.567
641.461
574.718
632.893
582.028
643.576
502.424
525.402
714.062
628.514
707.437
723.791
676.767
694.274
683.185
627.296
741.142
629.451
650.838
533.946
653.563
632.868
489.037
637.636
565.717
693.437
802.395
627.463
664.749
673.142
603.149
622.026
513.233
675.403
529.275
590.878
828.269
686.491
653.602
682.535
596.517
778.471
581.68
646.464
589.672
596.261
589.906
549.447
626.422
814.845
599.011
847.611
635.42
559.106
941.896
639.32
718.848
563.535
650.685
544.761
644.011
666.671
555.175
736.63
636.235
703.583
712.116
582.238
604.017
580.585
674.448
701.177
717.595
713.326
594.401
633.491
764.447
760.803
631.52
611.644
569.556
677.339
663.704
647.497
526.2
675.51
681.96
636.773
785.256
613.789
660.269
651.881
674.014
565.958
666.824
633.769
583.146
739.564
705.398
653.399
653.671
608.86
798.422
573.33
612.201
505.047
621.834
722.988
589.053
568.77
570.624
727.152
742.967
626.375
624.14
640.939
573.757
651.51
611.947
652.222
488.145
556.363
546.538
668.801
709.288
833.768
619.692
600.431
646.379
639.453
631.79
739.348
694.143
635.268
630.575
713.833
599.762
614.97
646.457
640.266
622.884
523.924
870.936
743.52
866.037
638.593
661.114
515.358
614.247
564.182
572.34
598.187
801.926
601.458
650.485
763.247
737.153
575.636
591.619
676.486
663.974
594.522
702.833
667.304
573.743
708.633
739.899
584.282
705.091
640.47
581.152
699.873
518.112
642.484
592.541
582.029
683.694
927.419
541.158
653.952
594.532
637.31
664.19
507.197
715.978
570.047
586.292
611.399
719.629
566.844
562.184
664.828
733.841
741.719
549.059
733.244
660.116
740.286
744.956
613.14
799.877
687.489
818.379
680.44
604.921
699.284
673.794
528.243
696.756
607.289
656.909
666.502
593.475
706.8
675.994
682.725
557.94
599.29
544.971
611.385
700.265
658.99
659.017
621.448
589.066
706.031
634.702
555.422
816.68
705.521
740.267
570.161
695.714
573.772
747.439
630.814
593.468
762.853
676.456
626.362
682.857
648.728
699.168
531.672
594.312
642.954
818.99
634.298
665.642
799.39
732.766
650.737
632.79
707.04
797.575
766.594
581.54
605.206
604.655
715.364
587.306
655.83
609.183
759.531
537.679
591.79
636.267
663.249
595.584
598.93
553.221
650.676
587.787
677.504
679.435
785.743
665.897
588.649
619.01
561.128
692.169
624.445
564.864
675.374
618.688
697.36
515.002
645.275
556.519
637.371
759.376
626.381
590.928
496.395
610.713
548.306
675.08
566.97
610.802
694.634
790.62
627.394
622.151
589.182
695.308
579.906
612.431
813.471
564.53
705.396
705.108
592.575
893.467
683.956
696.002
777.529
727.231
670.4
656.939
552.213
508.907
825.317
530.521
708.573
699.634
522.057
741.967
642.083
647.66
695.418
692.493
804.538
621.044
660.805
642.939
577.224
797.003
854.907
848.58
582.772
600.076
598.278
648.644
774.528
654.302
796.305
599.994
759.527
661.17
726.819
677.428
779.536
670.047
696.503
670.735
647.045
612.602
641.592
733.554
566.651
572.115
498.636
624.681
649.117
718.532
604.083
654.173
566.577
587.536
565.469
873.886
606.804
703.592
768.172
699.278
665.304
739.273
662.053
639.819
597.017
725.593
735.02
664.053
586.378
651.891
618.206
585.052
608.088
696.003
669.6
659.989
757.829
595.407
723.61
649.571
738.468
587.19
662.429
573.157
643.197
602.009
828.77
757.339
720.163
659.115
745.981
603.629
626.868
628.151
626.997
698.016
702.184
676.18
691.46
755.512
576.332
587.115
987.291
610.831
627.222
590.406
558.755
618.531
662.597
666.386
639.359
787.577
737.533
600.18
722.21
709.78
691.514
661.381
699.814
695.091
630.429
628.247
586.827
639.733
580.872
724.606
595.352
718.809
617.997
722.695
701.574
491.832
549.888
590.193
692.822
678.19
631.95
662.895
738.087
492.199
603.732
726.096
775.002
743.976
602.873
617.918
823.036
719.425
639.652
617.345
566.253
822.491
657.524
690.299
623.055
642.668
671.801
572.147
638.917
751.091
491.508
640.257
722.529
723.858
605.202
793.831
884.249
548.615
773.754
672.484
648.735
512.796
641.266
575.003
690.516
667.613
669.547
629.345
683.316
557.829
721.437
716.285
680.851
690.334
548.748
688.202
699.974
769.041
645.627
581.003
717.873
745.334
499.061
617.182
637.709
674.113
715.551
733.283
625.643
647.404
732.847
771.616
775.173
619.181
685.226
749.342
705.581
631.703
639.706
578.031
688.303
601.375
739.556
668.032
605.479
617.715
749.076
595.708
693.106
700.744
684.414
628.152
794.038
707.332
631.572
576.149
730.32
518.39
721.935
630.299
623.433
834.249
667.257
662.58
570.017
696.855
656.926
534.68
632.366
664.83
675.684
734.754
563.894
644.854
644.926
650.327
702.627
618.542
776.001
651.072
613.691
765.388
639.85
692.169
715.301
671.202
658.197
646.909
616.906
548.969
618.944
603.33
719.547
619.176
594.294
517.179
604.584
600.901
627.125
647.487
531.752
760.403
631.568
676.809
792.619
658.366
591.211
564.037
658.775
602.053
567.942
595.584
574.541
703.273
727.701
742.652
639.461
658.574
766.475
499.424
683.761
632.535
745.679
684.178
689.891
661.394
688.915
575.586
802.976
603.717
673.401
643.815
547.017
738.934
660.753
639.89
605.082
796.581
771.927
637.12
582.649
578.546
612.946
563.751
676.303
585.276
605.829
596.954
543.811
590.453
676.052
721.3
659.411
580.055
706.243
649.441
704.266
786.08
659.783
683.483
763.368
563.048
603.239
749.928
594.206
714.083
688.862
657.702
624.117
806.425
602.465
563.763
677.949
708.765
698.86
597.958
646.06
712.098
807.865
813.647
738.05
663.802
630.799
756.4
677.81
584.662
588.499
569.727
582.683
677.003
657.823
673.76
860.31
676.258
590.52
549.203
638.089
559.444
689.338
657.433
644.787
687.174
621.395
623.001
578.92
466.1
681.262
532.339
571.839
641.841
702.715
635.486
665.154
621.579
629.582
675.349
702.6
711.027
658.005
584.496
661.901
576.856
697.257
700.488
623.651
630.197
579.403
856.583
742.478
727.617
680.425
624.39
541.847
679.516
664.378
627.124
680.208
544.545
641.576
646.585
798.029
711.535
554.28
752.597
686.342
693.352
679.521
649.095
652.463
638.795
690.813
741.939
610.429
624.761
720.317
729.415
657.734
637.756
549.242
501.578
661.201
611.427
777.267
654.135
752.859
601.223
637.989
752.82
640.221
787.889
709.776
513.474
610.697
603.66
625.484
527.408
636.101
678.579
672.61
585.068
722.516
694.531
527.465
650.789
880.572
578.504
737.382
689.014
715.411
644.742
723.316
574.981
662.627
622.958
881.969
686.489
712.201
615.924
645.359
604.412
625.414
579.889
705.811
728.412
834.801
712.563
816.562
691.387
602.705
627.385
608.424
625.219
503.935
659.879
643.689
612.254
682.374
487.655
615.457
597.03
714.241
623.564
778.678
666.719
738.941
761.172
563.899
634.861
602.634
700.426
693.715
583.951
639.424
601.605
592.687
783.927
668.407
617.47
749.135
666.247
598.593
706.111
574.994
756.304
625.227
584.125
538.011
648.875
590.078
725.786
654.557
648.492
673.665
663.859
709.821
620.518
619.914
679.583
638.733
604.958
632.709
739.128
652.332
741.926
728.269
914.349
724.575
706.853
576.352
722.377
624.693
697.64
589.909
559.242
649.668
500.617
810.319
613.268
695.968
700.992
561.991
718.663
601.657
823.912
515.747
560.391
630.116
701.956
686.977
596.704
695.319
712.467
690.393
699.615
597.903
740.636
643.907
485.851
652.97
823.022
771.133
717.053
623.961
603.716
615.182
642.996
662.261
817.597
686.338
734.484
720.952
625.545
647.633
776.084
682.477
760.759
588.353
499.628
522.69
618.263
721.87
707.353
697.756
668.705
621.04
579.623
550.602
606.899
589.464
715.196
722.466
661.941
673.628
731.899
651.822
603.048
601.806
686.973
820.99
621.933
805.639
648.826
762.401
535.378
702.885
647.711
606.603
772.19
649.078
676.833
796.875
654.19
691.931
685.855
608.787
585.175
675.469
765.695
689.823
784.592
503.064
678.012
591.294
692.297
658.427
786.736
613.356
659.321
608.565
546.851
769.481
521.719
645.534
582.427
620.124
596.115
685.603
617.246
651.261
685.416
551.352
774.922
610.059
614.816
567.405
687.325
599.803
620.117
645.928
607.066
662.41
621.664
576.795
648.6
663.742
681.46
540.169
644.025
630.439
641.344
637.168
676.537
770.381
722.019
630.022
704.823
589.823
628.27
825.298
805.061
657.522
622.669
554.788
701.671
637.337
637.852
572.756
531.355
752.668
601.041
646.981
638.903
623.18
638.21
698.348
689.594
694.523
597.087
666.442
661.337
560.689
569.454
748.311
693.514
627.612
721.138
592.238
613.319
615.346
594.579
644.578
657.111
608.167
632.898
814.382
627.499
597.629
666.742
513.199
722.574
835.721
783.626
754.148
612.476
602.73
759.06
742.869
538.772
661.517
672.673
734.765
574.136
676.779
601.945
640.426
623.296
659.141
710.823
907.528
716.165
791.108
626.833
666.608
538.252
692.983
665.656
561.621
792.114
695.527
626.439
548.912
579.099
827.041
551.019
676.159
681.95
632.373
687.91
608.285
637.4
678.589
603.766
572.272
594.156
658.403
653.912
658.187
574.223
632.594
658.284
704.912
678.777
627.911
527.273
670.11
719.026
638.182
660.163
652.991
653.182
747.849
694.448
729.788
626.608
729.137
707.598
621.516
661.926
535.143
509.597
748.237
606.938
690.08
594.368
798.203
618.497
624.468
692.265
760.69
855.268
655.466
639.637
545.218
714.66
775.665
571.347
728.148
799.639
667.407
665.617
595.561
606.762
651.57
582.06
777.646
711.905
638.903
604.781
570.62
605.989
649.414
829.94
571.828
791.68
612.036
646.148
786.172
701.299
624.711
648.044
489.582
701.527
557.302
688.108
640.666
840.738
528.347
782.506
577.075
568.844
743.964
608.326
626.145
586.071
702.063
642.445
727.661
753.214
559.954
538.446
729.595
583.689
552.247
692.798
611.022
541.333
590.416
626.731
799.027
747.181
573.651
653.969
631.325
663.382
507.02
600.001
557.509
748.421
689.005
657.596
573.817
538.953
575.31
733.374
580.816
588.484
574.784
531.978
529.864
623.87
764.144
610.148
698.258
671.669
679.832
605.844
586.263
570.293
614.864
616.616
671.999
723.436
699.499
728.254
587.977
563.985
631.577
676.646
541.755
644.067
811.615
643.484
607.428
700.667
681.993
698.837
655.972
686.932
570.066
642.666
743.309
593.411
767.315
603.701
757.656
635.53
733.251
725.22
717.848
697.086
588.644
537.454
643.87
669.8
564.087
685.638
650.041
581.964
621.028
600.878
494.814
925.738
599.157
827.375
613.912
651.31
647.759
614.865
577.552
711.528
670.483
617.962
620.351
727.795
712.185
712.712
500.433
669.645
738.488
722.775
657.739
682.351
614.907
579.722
630.267
940.089
605.677
675.555
595.225
635.764
720.336
580.761
668.189
692.735
645.057
766.196
859.024
574.177
727.756
734.082
769.686
690.676
651.765
776.884
628.574
485.952
635.689
567.049
614.006
598.885
737.903
790.064
577.492
569.648
649.582
654.207
714.107
666.413
532.76
680.042
759.618
671.351
594.701
691.354
660.3
667.257
653.898
720.657
593.723
688.389
697.844
587.558
734.695
566.33
615.12
655.859
620.172
699.72
712.503
602.187
705.253
562.009
600.436
589.611
742.414
587.314
704.568
560.161
569.469
755.187
629.74
583.614
671.337
668.969
694.65
692.667
623.747
626.84
769.581
652.482
663.109
627.239
685.827
638.099
712.176
578.884
564.656
734.004
675.574
563.217
590.425
486.422
556.377
691.912
675.573
634.589
533.853
611.931
547.117
684.654
844.781
659.632
737.738
532.461
537.686
573.805
572.757
650.446
724.438
604.187
657.852
585.323
740.432
518.57
616.273
603.313
707.138
687.059
604.171
738.151
805.085
704.398
595.184
681.682
732.294
636.805
595.553
653.176
803.142
684.787
690.986
595.647
573.675
637.249
745.189
705.856
561.205
586.538
596.781
678.724
730.182
653.175
529.708
523.682
636.617
588.983
750.944
573.098
579.363
636.342
614.311
652.717
716.716
605.13
546.933
762.666
630.551
679.042
717.7
741.871
587.227
758.724
590.133
589.608
694.148
710.053
561.793
851.142
584.451
671.465
539.895
575.825
674.603
675.856
658.45
564.058
627.383
483.777
646.91
838.325
539.518
950.679
593.213
724.179
614.62
786.335
673.538
739.958
555.268
589.391
693.539
597.845
694.525
652.652
670.621
617.887
630.923
702.137
523.769
586.584
614.27
621.999
645.045
597.247
850.494
583.057
591.56
702.667
803.73
811.569
661.154
615.696
599.825
754.668
761.89
615.035
526.301
549.791
637.366
552.598
710.597
815.218
515.474
642.61
671.254
868.34
587.842
747.677
749.208
494.799
642.44
613.245
684.731
670.457
983.735
708.71
606.948
712.214
579.42
594.545
823.343
626.948
664.819
504.349
579.926
619.242
708.261
692.105
666.951
578.033
524.504
580.08
631.877
652.391
788.473
567.549
630.274
563.937
622.026
658.755
564.384
611.542
640.269
718.943
701.537
576.963
650.721
874.34
543.311
631.995
623.27
616.654
828.015
696.068
546.853
624.73
584.407
647.636
572.501
665.854
555.13
794.703
676.717
597.638
593.241
583.066
860.617
703.284
622.343
570.312
560.144
690.142
678.789
651.763
626.64
625.762
610.035
632.639
625.258
543.115
687.375
711.3
566.732
694.307
646.224
683.875
787.004
596.248
578.62
577.372
584.603
670.998
648.664
594.477
606.558
591.597
681.666
628.764
715.598
644.179
621.45
646.447
561.095
665.066
635.653
667.746
642.502
765.218
581.546
690.056
607.16
770.831
583.657
617.887
646.577
739.918
783.587
662.945
649.589
803.336
738.072
654.265
867.892
604.43
625.097
753.716
733.626
728.929
688.135
604.059
578.571
630.776
713.715
658.224
629.342
789.043
626.826
621.122
699.774
589.203
700.409
694.221
568.244
627.704
648.773
614.165
734.198
663.951
577.249
660.002
902.618
609.816
648.986
627.63
703.555
530.796
672.749
694.03
558.517
651.934
621.607
661.945
726.564
728.226
597.125
574.751
612.486
719.041
653.679
720.289
782.836
602.124
481.61
594.818
627.104
723.593
672.646
613.694
618.979
751.26
526.628
761.147
629.211
611.545
802.193
676.939
683.194
583.696
693.923
619.31
528.578
625.42
654.189
628.716
593.939
689.54
641.608
654.161
543.089
637.769
502.423
898.863
666.03
629.069
582.279
714.505
578.361
588.995
617.177
584.518
594.86
515.644
598.792
800.17
666.661
626.371
601.028
528.51
597.46
763.492
576.678
574.241
602.739
665.172
662.375
680.516
627.748
507.39
584.51
684.763
546.53
656.498
530.781
789.027
693.733
580.655
607.166
623.244
514.285
722.418
684.914
730.014
532.105
691.129
700.309
567.525
631.33
680.598
667.755
685.041
542.55
668.476
549.647
592.051
738.645
534.516
489.215
652.38
690.325
585.81
788.638
652.812
587.126
503.362
561.132
757.632
547.312
804.296
681.182
693.825
688.432
734.485
682.837
664.233
664.086
776.78
672.972
637.168
579.211
623.965
529.24
647.479
725.412
646.898
568.298
557.192
685.82
593.617
642.163
640.398
695.579
525.941
624.193
559.825
651.247
721.837
592.858
726.843
670.647
699.636
693.419
626.348
660.089
597.098
684.552
665.092
599.553
659.775
637.889
545.075
609.065
667.723
672.23
595.292
668.824
719.855
641.33
619.324
629.529
570.912
619.419
516.578
660.06
617.641
575.426
646.311
784.395
570.678
560.033
713.119
710.212
602.217
785.504
634.332
665.344
580.069
615.494
882.742
648.567
661.441
591.625
552.835
628.976
661.314
749.96
582.318
806.44
675.885
688.901
576.767
606.647
608.546
748.058
621.282
558.725
523.313
700.609
597.282
736.153
688.394
757.216
565.514
663.164
798.225
596.909
703.216
718.726
628.873
656.837
750.385
647.676
743.053
662.63
662.626
643.935
583.758
737.281
676.535
695.969
815.844
639.368
621.54
583.093
564.92
687.912
696.177
678.29
668.563
623.002
618.587
780.506
826.666
509.544
533.828
763.455
562.71
752.925
662.469
593.848
658.873
672.93
628.751
726.424
777.631
684.114
685.287
645.668
686.705
634.159
656.968
607.415
666.964
691.923
832.533
607.384
733.727
622.154
600.608
684.147
653.183
619.042
681.692
676.763
618.474
620.86
630.977
656.371
637.303
740.156
696.382
713.26
666.112
701.233
604.314
650.938
710.941
588.054
685.483
611.737
668.037
630.363
605.041
666.855
718.16
567.312
588.01
642.992
559.548
652.307
592.417
655.876
618.927
716.784
831.878
683.285
693.121
633.497
632.126
756.922
617.356
578.903
658.926
505.784
627.873
874.503
601.566
623.796
715.881
762.141
607.98
733.568
668.93
685.42
596.015
681.466
719.327
599.681
591.206
585.125
729.395
633.749
561.187
603.185
865.555
516.078
592.966
638.014
655.113
600.677
763.171
750.904
755.145
595.575
897.957
621.893
560.701
722.081
595.971
654.036
720.894
810.934
498.67
663.597
623.223
705.393
665.341
635.27
640.97
625.179
591.513
645.261
685.368
801.753
723.214
732.624
765.773
748.283
764.251
636.48
582.08
627.314
579.894
652.924
678.877
548.191
588.868
609.867
657.442
647.876
623.172
564.473
653.83
758.22
609.661
634.761
628.601
733.574
665.537
645.616
641.055
626.487
758.097
789.753
724.526
653.342
627.435
533.187
707.582
1028.83
597.765
678.49
643.599
704.992
647.689
735.453
591.167
704.22
715.978
579.371
656.662
695.862
526.728
598.864
686.171
557.825
527.001
684.782
746.459
521.523
591.472
569.392
680.004
720.031
602.012
661.299
664.974
745.634
711.19
543.727
608.86
665.617
567.008
704.646
539.781
563.57
540.858
682.526
585.969
702.928
569.32
546.388
778.37
692.891
615.622
665.935
709.392
702.782
745.031
597.041
790.501
751.244
704.668
635.427
714.483
757.344
614.76
643.008
616.562
616.428
694.699
563.159
661.649
690.617
717.787
733.153
579.393
634.239
581.665
832.389
651.346
631.448
700.14
692.501
676.09
611.581
613.133
664.353
625.78
608.387
654.628
585.941
714.721
680.655
611.294
709.928
558.633
683.813
655.954
627.923
678.241
766.072
635.354
648.538
693.143
696.364
688.418
637.481
598.07
582.393
677.781
815.503
668.847
629.769
736.751
586.785
639.677
640.694
615.697
693.249
510.32
773.132
776.127
740.709
615.369
564.131
623.857
639.422
729.024
832.423
611.328
607.06
733.391
732.773
687.216
642.96
795.267
669.287
644.48
616.209
595.57
768.23
621.935
609.697
635.873
630.051
586.892
645.368
697.919
721.787
516.493
528.017
637.414
620.096
645.056
658.205
583.181
624.471
630.924
592.446
598.577
552.727
516.411
670.775
680.173
600.436
613.117
622.938
600.451
647.343
686.303
718.908
703.383
569.61
725.33
621.809
561.943
610.779
654.851
624.97
624.446
613.693
563.611
598.341
567.328
593.566
621.136
612.895
826.378
573.918
599.664
532.979
674.433
589.995
534.201
617.916
653.214
497.889
673.694
567.378
643.747
697.436
713.469
674.812
806.668
724.439
582.587
619.386
637.42
548.626
788.299
618.466
615.056
717.156
817.738
537.758
621.659
802.478
585.884
625.771
531.353
678.688
833.041
607.274
724.718
712.451
663.965
684.045
583.408
927.234
609.739
647.681
704.597
567.698
541.379
639.177
629.578
742.631
645.565
699.697
675.912
635.872
623.794
660.996
569.979
543.305
681.119
619.293
704.02
745.065
848.336
720.568
723.958
572.45
647.017
555.685
617.912
683.473
571.112
673.244
621.727
622.206
754.73
584.268
819.218
616.511
735.209
589.276
536.745
554.382
536.364
688.81
630.362
736.387
711.883
733.538
655.074
644.973
863.125
625.912
567.871
621.218
730.323
575.404
816.532
648.65
616.729
766.52
613.602
627.141
626.682
617.096
709.678
732.488
762.704
779.036
701.005
707.827
783.569
743.651
626.79
774.196
730.252
550.692
560.703
663.662
644.13
720.615
619.367
620.867
707.039
770.89
632.028
759.025
665.511
625.557
652.976
686.677
637.14
829.439
795.326
644.326
764.403
606.484
623.238
901.654
552.142
668.91
588.424
587.633
665.635
580.132
639.142
580.205
707.001
700.693
769.271
715.766
677.784
705.788
674.774
644.883
819.24
684.568
693.788
673.823
725.635
607.721
604.127
804.224
809.381
591.629
722.103
650.045
633.886
573.532
661.843
581.173
607.844
661.676
657.003
669.466
724.613
673.177
769.341
667.128
630.802
512.577
759.552
554.799
713.178
738.278
658.378
755.134
584.309
778.667
601.324
565.662
754.796
690.221
611.679
707.955
524.325
570.611
711.946
710.741
753.381
711.261
690.482
484.532
668.345
622.561
838.042
702.877
834.376
708.748
897.804
655.448
770.268
537.28
773.03
622.132
640.546
609.808
686.855
599.101
666.624
665.321
798.314
757.03
512.84
609.892
662.634
638.485
758.73
742.425
845.74
643.026
788.759
589.167
526.468
770.335
567.053
693.254
790.572
673.411
747.553
550.251
673.904
650.948
694.202
756.709
718.7
703.681
731.801
656.502
630.701
674.823
697.963
717.535
710.49
587.917
562.27
577.043
655.106
614.34
608.905
688.271
623.277
644.896
558.232
655.07
656.79
581.731
614.66
667.425
777.255
545.644
634.75
666.601
755.347
621.623
790.644
752.806
834.589
519.946
630.445
576.817
523.88
662.137
533.769
582.854
758.354
691.374
525.553
872.178
630.321
684.24
730.453
624.292
651.528
674.756
610.93
732.466
655.461
595.691
584.551
713.245
657.275
617.464
619.507
674.661
590.519
648.117
692.833
628.539
656.309
826.94
745.311
558.792
551.461
632.556
587.424
855.018
597.347
630.477
625.628
699.705
688.405
504.238
559.585
681.651
638.192
632.088
640.687
721.455
558.593
579.608
753.046
579.881
650.545
624.79
676.968
664.317
511.636
654.178
562.438
603.355
707.299
627.959
695.895
769.752
653.523
666.101
692.362
602.303
597.186
623.787
726.271
562.089
603.274
726.741
581.61
728.384
595.009
583.985
594.34
553.177
607.661
664.386
464.824
863.178
694.633
584.471
728.526
790.201
641.195
671.205
617.468
657.358
605.709
711.337
786.212
634.794
569.99
721.985
615.477
667.081
669.274
641.143
747.498
767.116
691.246
600.219
610.608
723.835
523.276
570.68
570.423
554.051
547.319
589.733
581.626
613.247
574.413
672.677
691.222
703.197
689.415
612.492
705.205
611.33
633.622
572.558
596.979
636.18
640.63
626.645
836.978
614.755
603.077
643.826
559.49
607.925
639.624
567.878
575.733
651.271
613.632
676.947
627.8
775.291
719.557
631.465
630.593
748.195
672.326
656.396
631.502
546.824
664.13
586.508
724.831
619.864
763.825
584.174
605.614
613.389
635.482
664.372
660.025
624.889
552.483
698.374
665.688
708.237
681.914
687.691
565.492
570.144
598.261
582.906
664.352
613.443
654.861
547.722
646.462
653.809
563.001
697.877
684.882
553.072
626.13
595.555
648.995
691.941
541.494
629.78
677.636
577.976
570.323
738.811
720.542
598.609
709.419
691.348
609.078
618.274
597.726
671.065
561.935
578.042
664.688
710.479
705.993
587.035
647.668
713.722
645.7
707.008
620.544
695.277
676.95
620.875
641.662
738.902
680.571
587.426
800.504
634.875
633.402
832.75
671.82
578.532
661.153
609.059
609.681
679.863
767.375
631.259
685.834
608.621
612.353
604.06
713.318
590.548
780.459
729.942
611.119
677.905
755.554
591.103
677.154
621.596
683.197
524.477
594.941
595.972
640.088
756.895
941.792
603.962
671.678
649.351
709.931
804.768
564.73
614.231
635.1
639.755
645.054
634.885
615.158
698.627
677.916
627.325
662.248
843.086
646.293
627.913
698.014
537.983
602.791
695.462
626.973
638.354
573.718
563.61
623.642
640.595
669.576
658.372
679.443
573.755
676.002
694.119
622.188
541.241
640.5
618.627
504.844
933.618
617.833
640.301
679.087
739.288
676.93
604.859
699.387
487.324
590.002
684.965
528.068
702.122
548.996
598.937
805.367
667.959
686.458
614.053
645.258
773.946
763.432
703.786
598.943
687.808
638.013
639.119
697.228
595.408
539.137
620.44
786.535
604.415
622.814
710.874
726.799
527.607
668.142
617.061
749.222
508.877
673.082
641.643
777.847
699.273
803.596
696.727
642.696
609.112
787.251
679.65
649.753
792.69
568.879
581.094
592.821
590.07
719.238
792.981
673.844
765.132
596.904
721.249
651.352
685.505
527.316
627.453
632.427
649.125
688.244
838.02
773.753
615.121
667.49
677.425
678.851
682.338
557.575
558.952
676.688
718.1
609.154
735.214
525.152
605.296
727.904
664.595
622.663
678.582
634.371
550.801
659.481
623.498
517.536
648.484
731.678
729.853
739.874
655.988
614.947
521.469
724.559
626.832
555.211
830.545
768.186
717.474
599.834
668.299
823.657
738.772
772.991
663.999
695.177
744.765
593.2
505.426
596.553
659.991
561.339
718.317
756.884
593.039
593.29
678.054
639.891
526.654
645.152
583.287
616.256
623.098
733.683
793.376
618.103
677.987
604.827
662.906
576.413
531.594
559.428
837.484
606.997
682.455
524.868
723.716
600.258
644.826
619.309
579.984
668.653
754.87
792.329
722.794
821.275
633.215
644.489
669.216
531.2
610.036
621.665
536.78
652.728
822.506
735.059
597.079
588.852
615.536
641.241
580.776
722.086
557.431
710.132
525.639
492.727
884.277
620.17
630.099
647.451
779.656
653.956
610.682
651.928
563.833
662.784
688.659
541.082
635.185
558.134
550.911
591.424
916.031
697.92
656.732
770.756
778.143
850.107
617.08
648.824
743.937
679.606
672.949
626.378
655.176
854.405
709.484
571.523
747.445
698.193
607.632
671.302
548.239
623.127
727.236
680.658
633.721
528.191
615.424
616.629
667.744
638.974
622.546
585.173
604.214
635.956
741.299
547.28
692.425
706.731
576.151
722.951
563.54
735.937
573.907
579.804
655.212
555.659
660.698
698.593
562.864
548.261
645.971
590.755
603.252
606.111
738.115
607.266
765.63
1019.94
705.103
597.969
593.922
659.387
732.624
777.081
522.846
588.314
591.723
625.871
745.475
727.466
571.447
561.408
639.02
526.591
730.214
560.712
714.794
757.346
552.949
621.179
592.918
848.681
705.537
617.228
519.711
577.958
635.1
599.284
622.481
613.53
563.166
565.672
674.215
655.895
730.205
826.804
617.31
680.419
555.936
612.396
749.016
562.84
550.027
619.912
707.935
573.619
672.853
678.774
562.998
630.93
641.791
692.905
690.336
590.284
549.132
658.976
743.942
560.292
565.026
677.709
563.241
612.158
599.852
779.311
770.412
591.573
585.814
534.95
592.149
684.771
498.74
677.389
533.203
618.96
690.79
554.665
550.472
595.387
556.687
794.763
804.156
686.761
719.138
677.381
642.037
705.447
804.433
675.932
677.43
700.836
571.405
568.116
636.565
524.498
709.48
656.266
691.492
745.253
525.648
664.607
729.917
736.988
601.983
789.246
551.083
644.515
840.699
571.799
639.726
618.567
617.81
874.385
695.138
603.169
606.92
730.587
798.315
701.99
894.74
716.194
621.494
586.362
618.854
754.764
596.595
534.516
712.463
745.767
639.481
569.926
602.962
620.268
652.781
735.061
610.785
554.158
676.347
631.94
624.069
518.822
687.937
676.091
693.633
743.007
702.138
660.956
608.494
599.888
650.388
694.28
703.052
543.244
655.359
654.472
713.742
730.792
618.472
632.608
717.032
730.188
730.636
553.221
658.391
612.75
683.707
810.628
538.581
595.32
570.333
660.65
766.099
601.615
724.306
677.051
586.347
560.81
522.755
595.523
677.815
612.185
520.724
729.223
729.737
662.05
802.844
667.937
673.875
699.464
732.518
734.701
578.054
655.669
677.011
584.974
649.968
740.172
653.474
637.139
602.948
610.72
894.593
590.059
674.426
640.353
626.21
780.709
557.119
648.503
876.4
606.186
733.339
647.744
662.062
644.512
617.41
751.941
601.524
759.587
662.306
660.619
768.526
632.446
660.923
630.386
636.374
649.726
675.594
598.178
633.955
607.902
593.389
759.145
579.371
657.498
652.019
617.763
631
558.568
834.344
549.039
608.69
559.505
671.986
629.371
616.004
745.899
654.976
777.323
670.439
765.298
668.063
684.183
594.118
802.549
643.616
783.384
606.999
570.248
618.04
790.016
734.317
638.386
636.495
666.866
648.077
628.015
664.315
723.204
665.36
678.039
749.913
615.938
642.306
689.723
654.405
688.487
747.286
729.36
675.062
752.567
584.836
550.992
693.022
682.574
526.606
714.484
676.881
541.512
614.077
745.519
615.77
493.31
578.322
746.683
724.659
624.601
602.729
565.115
724.553
544.103
527.141
737.241
698.132
568.864
650.557
691.2
696.222
588.296
590.618
590.163
678.746
734.507
643.859
724.7
741.684
659.902
789.797
592.304
633.872
540.655
570.57
678.805
801.254
649.239
738.256
576.501
724.024
564.263
610.564
569.36
640.168
629.793
669.956
598.036
552.23
682.609
735.917
693.624
594.464
675.927
594.518
566.621
755.35
664.836
677.811
681.541
702.931
505.63
603.746
573.588
608.282
630.478
695.109
819.976
677.182
711.504
632.728
666.499
622.869
713.023
617.989
744.958
587.415
708.577
474.839
639.44
595.429
712.53
669.57
696.748
582.715
658.578
790.33
673.98
676.504
542.078
636.585
577.942
548.606
630.123
617.377
728.782
653.019
575.933
884.025
694.246
709.791
766.178
834.472
483.395
528.416
789.254
708.876
595.968
690.802
514.375
661.197
656.436
595.361
593.252
491.363
527.866
532.397
749.469
686.944
671.824
601.461
669.476
715.453
712.253
674.208
751.897
617.675
613.595
627.452
484.86
539.194
622.348
675.738
617.332
633.587
581.984
675.091
639.123
658.845
750.32
601.262
713.624
550.45
596.844
660.943
583.837
676.175
652.524
709.195
784.721
732.737
734.007
641.776
658.69
545.781
735.646
681.302
628.335
593.333
570.987
633.171
813.178
627.796
685.864
732.772
771.805
733.886
575.928
537.864
608.035
686.325
729.668
517.091
696.864
619.343
651.327
671.36
595.897
711.989
526.713
566.063
584.45
648.773
582.437
545.912
624.689
530.78
676.463
699.077
607.001
568.48
571.684
583.573
605.524
720.234
582.501
677.437
678.058
558.94
557.403
562.96
770.096
743.361
709.994
570.009
586.943
560.451
683.784
639.594
713.855
604.521
505.153
678.001
540.853
742.613
523.407
606.646
561.699
609.844
660.607
616.97
607.093
663.936
598.018
609.818
672.248
648.22
912.522
610.517
920.153
550.427
649.944
632.764
676.082
558.66
659.3
643.267
675.028
678.012
718.296
686.801
581.802
645.073
608.443
740.86
586.048
660.037
573.633
539.587
536.602
616.394
598.972
644.266
607.806
667.717
582.717
546.265
672.276
581.654
589.117
643.889
609.358
636.64
693.231
622.873
574.088
516.571
593.773
609.643
722.959
705.592
687.032
751.79
572.765
526.498
619.593
689.8
625.477
634.352
597.284
735.247
718.488
615.941
604.331
657.917
540.857
599.874
585.065
596.772
605.257
609.143
642.296
586.462
503.406
586.258
618.659
561.131
554.807
803.014
679.852
813.904
756.912
625.789
672.546
682.715
561.162
596.914
673.123
697.47
619.228
555.879
701.781
611.976
627.766
621.595
783.913
595.534
674.365
594.453
656.893
645.731
591.863
605.69
502.352
676.011
614.22
650.196
671.674
743.782
624.049
696.093
533.994
633.565
747.4
725.11
719.306
687.801
666.719
678.784
728.219
776.036
725.758
662.939
936.433
696.984
621.519
621.424
758.73
626.254
618.189
698.953
630.985
577.732
680.083
693.44
581.752
766.882
720.13
728.029
660.148
652.538
721.341
702.435
691.289
629.633
706.354
599.12
748.402
646.495
727.648
652.312
710.016
625.243
536.037
607.663
641.34
761.361
760.124
643.782
655.347
719.477
677.009
638.299
583.502
722.663
574.442
646.579
509.271
527.53
664.173
594.53
830.681
663.396
701.893
703.343
693.112
692.513
570.38
706.07
684.116
544.452
793.483
818.392
725.897
731.185
592.576
650.898
787.185
631.946
678.842
794.42
721.447
729.026
704.502
757.65
640.858
743.427
538.905
697.462
664.655
646.522
725.587
618.026
667.768
702.807
642.164
703.279
873.36
753.697
697.035
786.688
683.094
642.884
558.328
734.636
701.618
628.114
585.62
645.401
727.285
666.894
609.043
658.287
902.252
683.568
557.4
558.972
743.509
671.846
629.567
593.142
707.896
609.385
579.314
629.591
596.524
799.1
689.96
645.051
563.914
805.459
677.596
581.292
632.582
673.039
760.511
666.841
550.848
530.197
654.642
550.532
620.054
686
579.81
645.785
719.432
558.315
648.488
719.364
608.965
632.132
719.082
755.298
603.739
669.74
796.952
615.456
619.259
568.844
742.434
651.656
581.412
548.636
674.328
618.089
751.614
709.806
635.364
637.197
639.429
616.155
661.2
736.264
683.772
658.094
551.34
524.694
677.387
691.438
739.806
579.678
646.291
688.89
620.749
569.07
667.174
827.285
727.557
652.413
639.798
693.96
632.088
756.546
574.652
612.267
666.156
747.095
592.266
770.517
584.352
616.853
591.979
791.099
654.66
718.664
594.949
569.197
600.533
566.367
608.71
631.135
869.096
601.574
711.109
564.485
672.153
653.031
699.695
631.318
634.573
570.176
657.86
501.968
537.141
748.81
636.721
658.75
603.674
673.476
586.589
664.884
725.621
599.408
610.978
618.617
690.845
689.954
595.528
579.967
669.379
569.289
694.777
778.538
758.92
626.252
613.903
719.306
711.238
539.364
640.028
758.94
656.041
627.553
726.72
769.551
639.684
778.221
524.335
860.495
566.015
556.871
698.806
563.847
651.803
711.123
624.105
656.793
722.683
607.92
691.577
669.59
664.284
660.836
786.145
730.109
559.773
701.712
726.552
758.194
651.733
656.164
622.004
647.116
625.112
738.979
567.976
696.396
580.555
633.038
707.819
727.518
526.314
580.317
576.426
724.491
584.892
626.233
696.579
649.927
735.169
749.991
487.192
768.122
754.593
802.147
544.452
648.521
584.018
587.226
638.473
777.764
611.771
658.726
619.641
615.51
546.323
734.52
761.828
722.594
679.741
646.728
479.706
697.974
613.602
774.276
638.321
713.102
733.443
749.819
660.871
644.488
637.511
704.319
662.357
668.637
569.321
685.191
818.443
688.717
671.236
909.01
525.754
705.978
607.802
625.997
697.54
709.562
681.507
645.787
596.558
616.876
743.298
595.256
648.779
633.273
890.875
582.158
634.979
741.09
666.947
617.905
673.634
549.505
635.417
605.675
971.474
604.776
666.3
523.568
615.973
629.583
639.871
649.152
585.098
605.863
758.004
685.531
534.086
773.833
652.117
630.762
590.2
781.487
678.76
698.757
611.766
577.854
736.16
560.504
698.858
598.68
680.508
583.333
779.87
648.294
555.446
532.251
742.16
692.588
849.044
631.042
763.979
560.248
667.047
607.829
599.182
573.744
720.688
628.508
704.82
692.662
775.163
656.712
541.677
747.257
686.969
672.914
590.233
581.903
580.491
739.524
677.267
701.989
725.881
598.309
809.389
643.731
568.032
642.861
696.828
710.181
663.771
571.524
551.49
599.872
679.399
636.445
659.928
648.804
635.594
604.241
571.699
507.943
562.925
639.878
668.37
681.241
622.21
726.285
603.762
660.194
643.881
635.061
518.07
641.199
841.258
647.299
705.229
545.346
600.7
741.384
615.877
775.466
762.721
610.933
610.103
717.688
608.319
657.416
594.384
601.462
517.593
636.749
643.57
662.677
699.132
922.599
444.574
631.723
521.602
694.478
693.193
690.263
635.928
601.538
524.771
681.086
598.367
726.273
633.959
690.101
725.632
788.824
636.237
989.274
768.791
694.038
651.363
856.569
608.22
778.031
691.725
725.476
678.041
735.19
718.663
660.653
651.151
688.182
625.777
608.298
642.055
598.872
579.005
642.218
627.575
536.565
621.107
704.656
644.514
629.067
677.537
589.811
661.38
598.665
632.078
606.931
598.905
627.014
788.162
696.377
676.41
551.656
568.251
650.733
710.242
752.008
648.307
633.579
621.542
650.967
641.762
561.198
736.608
616.27
505.364
546.064
638.551
710.523
568.773
721.368
601.03
612.58
589.744
507.772
660.002
612.796
846.969
565.241
716.891
745.509
689.125
768.277
737.069
738.503
938.209
734.89
563.914
627.215
677.641
754.206
617.418
593.518
693.491
644.526
559.762
695.183
639.886
632.966
702.244
679.394
867.135
610.067
777.63
650.381
525.324
666.468
622.957
598.061
856.235
668.804
711.708
661.407
717
849.168
659.638
632.987
596.194
618.488
628.941
592.598
820.722
627.935
558.284
711.887
595.244
685.419
599.298
524.888
545.353
597.74
606.005
762.993
637.603
542.53
588.695
606.675
652.21
769.348
644.56
650.29
886.946
611.955
718.664
766.729
612.917
675.355
650.385
746.526
634.997
676.509
567.158
713.158
627.754
897.711
776.502
660.052
560.946
797.896
721.915
825.261
770.661
702.97
713.929
542.471
741.359
754.149
653.937
652.96
643.62
591.384
637.338
791.271
614.304
889.039
609.253
709.344
698.539
662.396
582.216
564.583
607.144
553.718
638.522
543.812
611.503
682.809
671.368
556.98
790.851
570.488
581.252
704.064
615.078
684.569
574.09
727.753
655.396
705.893
618.569
687.518
683.906
603.84
742.486
629.598
728.608
770.577
597.846
922.1
689.004
694.198
703.718
744.134
674.062
686.694
636.786
607.393
726.902
562.168
622.613
707.269
595.959
672.467
551.587
686.441
662.716
646.819
621.385
788.426
645.626
617.534
469.843
728.196
554.205
593.916
520.548
628.158
609.048
557.266
556.299
615.733
580.109
733.8
580.362
739.003
620.369
550.973
582.862
609.351
655.913
480.932
742.109
688.751
618.402
694.771
590.526
613.69
675.964
559.36
575.802
730.868
786.852
774.915
711.635
518.37
626.531
612.525
678.024
666.464
525.666
623.757
690.779
610.243
706.632
793.535
610.174
607.003
665.108
596.508
646.729
675.12
647.124
663.512
677.007
553.091
552.132
600.418
875.488
676.491
613.245
542.804
644.352
588.167
510.342
619.581
793.705
607.35
563.053
713.708
556.207
587.579
764.158
586.532
618.823
656.163
736.221
994.807
596.908
637.9
635.645
722.65
706.864
785.248
584.396
701.034
618.901
690.702
632.926
844.813
611.659
623.606
599.233
652.083
626.54
665.693
674.202
741.158
596.667
675.651
565.109
603.25
773.534
538.746
675.971
590.517
642.041
708.715
568.254
564.54
611.552
634.303
656.431
647.245
655.345
637.545
588.16
758.368
722.859
848.19
832.019
487.668
705.11
514.974
695.213
607.503
724.282
638.054
758.438
664.319
706.633
618.93
604.264
685.174
643.06
712.958
564.944
584.968
760.447
640.758
743.2
583.644
651.24
762.989
612.222
658.119
637.178
600.988
846.116
657.982
573.184
621.424
618.186
709.502
548.978
654.679
585.365
616.674
806.75
657.612
587.512
607.125
613.579
639.112
701.29
642.465
624.758
624.221
728.159
579.334
587.173
632.036
742.833
580.033
630.183
696.705
717.668
602.991
685.675
642.842
692.99
696.953
588.902
630.989
629.454
524.867
726.159
535.756
690.464
595.12
710.564
569.461
585.894
657.456
761.543
676.567
774.51
636.366
614.904
536.62
513.037
624.691
659.252
642.541
622.567
553.593
670.067
658.974
716.491
675.534
588.984
637.004
764.75
532.73
575.827
720.718
835.16
637.272
711.457
644.193
622.252
594.209
688.778
766.93
650.404
642.856
599.067
585.158
628.949
628.33
761.921
572.005
547.935
771.259
672.18
708.471
636.973
742.117
515.04
651.601
603.915
754.596
749.499
752.374
827.81
616.603
573.751
642.306
635.131
612.916
697.481
811.64
591.702
704.969
548.624
748.963
683.126
540.837
527.087
574.776
675.424
716.777
721.068
674.696
744.2
675.92
843.757
573.988
618.661
752.91
561.543
613.306
1028.6
641.115
576.228
719.93
576.723
692.358
769.495
711.667
651.81
663.763
598.101
863.599
581.916
728.497
740.742
723.899
615.503
681.786
641.217
633.984
649.678
664.863
667.704
845.874
622.605
722.539
679.322
682.865
640.601
665.59
662.868
599.1
672.634
559.052
654.603
671.568
661.179
587.141
833.571
641.818
771.549
606.588
787.659
633.079
573.507
689.685
627.247
732.375
667.236
626.355
679.122
526.071
677.296
722.594
746.965
624.629
716.97
679.816
671.851
772.47
761.282
656.957
644.77
830.212
649.855
597.237
699.002
592.995
918.45
597.901
738.082
789.063
720.42
647.044
485.565
755.896
614.545
685.448
691.528
690.447
796.815
582.826
624.039
600.685
733.71
783.722
638.095
554.346
619.417
618.632
576.815
616.42
769.91
656.4
534.132
668.81
690.779
778.72
578.883
691.702
636.051
650.631
747.06
632.125
765.375
759.283
567.257
531.866
563.659
557.706
635.432
598.679
700.097
686.72
650.196
772.443
667.228
537.874
686.726
577.885
635.626
686.808
587.185
1067.18
740.698
580.357
720.661
629.997
571.046
753.738
536.645
720.013
573.408
606.178
690.212
716.506
609.42
759.664
636.92
650.431
749.684
693.22
719.946
773.651
626.301
631.957
721.707
620.988
790.573
708.354
606.16
648.343
633.677
609.372
623.93
631.324
597.608
743.327
764.275
614
646.196
676.467
637.609
598.363
624.519
670.27
669.402
672.564
670.214
719.225
674.466
542.982
551.066
545.32
655.809
651.063
580.955
583.427
566.33
656.207
645.664
591.889
543.027
702.089
551.26
622.25
665.059
663.961
620.279
596.069
710.341
704.763
609.886
769.666
633.798
563.946
634.838
664.961
677.822
547.216
540.778
831.988
624.259
895.262
594.552
754.201
617.919
636.558
729.994
695.464
632.54
728.604
625.078
648.949
572.174
742.135
568.069
648.149
645.386
639.223
548.881
620.791
599.396
639.101
661.642
670.984
528.415
682.252
836.958
710.775
675.414
639.482
648.786
602.491
670.406
712.719
757.74
635.224
620.688
723.933
747.783
652.651
667.528
553.679
702.371
749.875
595.848
724.421
698.176
626.835
664.647
545.883
577.331
594.59
679.274
535.414
472.893
533.227
634.817
599.04
661.005
686.483
510.605
705.31
576.732
755.374
739.22
539.681
596.08
692.645
622.722
670.57
526.642
637.146
729.976
616.145
704.2
612.703
811.031
585.831
609.488
623.837
674.479
752.386
691.667
723.849
691.89
786.919
656.27
527.918
639.396
665.095
633.803
555.566
738.304
572.503
778.105
619.858
536.8
715.118
684.018
536.596
724.345
650.949
756.653
586.025
625.61
647.572
701.158
599.925
596.475
669.018
578.227
581.536
614.889
684.664
587.515
871.546
704.158
517.269
599.976
551.92
677.899
574.78
575.71
588.685
529.684
694.075
678.637
716.274
676.661
783.953
681.232
645.326
613.005
709.662
731.059
627.904
642.301
737.716
603.195
659.183
682.755
617.064
617.66
536.593
635.005
613.307
628.509
680.92
650.262
666.637
701.315
609.486
648.505
789.832
540.887
715.384
620.334
695.391
691.427
752.147
734.453
699.525
580.8
602.136
548.212
556.066
523.42
527.521
654.536
512.64
851.203
801.918
640.08
568.79
682.262
782.619
659.51
629.411
677.472
560.414
594.519
617.793
680.361
607.034
558.324
645.056
708.203
686.916
843.444
604.539
767.149
612.069
661.655
507.595
623.652
554.142
565.909
780.493
678.804
595.991
729.578
725.919
691.037
590.765
728.003
727.548
560.863
565.645
662.807
804.216
756.001
559.811
552.104
602.445
780.039
751.682
664.791
788.586
727.81
618.711
770.64
565.454
571.363
584.459
784.942
597.659
611.66
581.223
709.826
709.915
691.923
770.594
536.099
766.165
751.224
665.654
719.202
660.415
804.67
750.854
696.339
691.916
679.044
627.853
506.653
567.015
746.695
591.152
745.082
698.185
653.503
632.309
608.911
678.499
623.182
653.262
609.407
578.502
640.577
716.32
628.6
730.25
685.455
565.631
596.835
528.647
741.577
599.201
744.94
684.001
592.063
779.251
555.015
639.377
526.865
776.767
599.293
686.979
591.26
699.067
729.886
852.449
762.196
673.915
623.271
757.173
645.945
553.739
626.433
713.36
582.062
609.43
700.748
693.33
763.24
578.846
551.122
566.58
697.595
671.958
602.996
679.84
608.723
593.153
629.326
664.485
644.448
799.977
643.571
676.162
807.445
661.074
728.665
709.784
664.098
519.906
743.12
599.913
773.315
672.401
698.331
681.733
749.792
627.441
553.582
748.482
955.866
615.334
576.058
555.09
494.128
680.171
779.309
660.55
494.257
721.413
574.091
710.766
724.395
551.019
684.49
723.779
626.321
645.621
640.29
577.591
803.979
551.655
756.694
646.91
711.637
590.419
600.104
617.426
717.928
647.85
623.635
695.814
744.737
568.946
643.093
613.432
593.91
586.093
632.92
627.241
544.733
574.347
706.762
695.629
609.15
609.565
548.139
628.807
558.633
600.887
661.486
715.751
688.764
745.444
707.146
576.554
632.692
865.696
605.044
820.166
706.983
605.631
616.219
732.851
553.024
835.912
635.127
639.449
629.337
662.439
685.993
560.615
779.414
718.339
602.056
665.442
618.782
625.096
638.42
730.693
637.374
771.737
702.851
589.137
573.395
652.653
682.818
566.989
767.076
648.606
756.719
704.425
732.888
657.829
706.724
692.468
614.931
580.342
733.141
778.936
656.168
619.326
841.131
722.297
625.209
631.609
511.921
652.624
674.693
702.972
583.446
636.208
786.308
596.728
700.028
617.165
639.837
702.479
563.563
811.249
802.286
803.65
616.761
628.947
728.99
672.857
668.481
627.685
641.204
666.164
651.21
744.263
757.081
617.403
655.651
532.879
690.015
599.75
776.375
588.276
658.483
788.048
769.456
649.102
538.132
608.293
581.684
631.435
639.084
662.699
536.904
753.33
636.891
675.155
699.824
712.745
581.299
568.878
579.126
662.739
681.682
592.608
679.306
696.699
660.55
584.462
827.028
573.741
676.202
596.7
633.098
630.792
672.078
630.565
577.126
667.097
591.509
559.527
526.836
603.784
678.745
556.496
532.787
628.954
628.843
649.499
939.756
647.564
682.328
707.211
703.733
612.242
676.551
608.703
742.959
624.978
623.643
644.517
651.936
673.598
640.971
507.778
729.296
631.562
692.202
572.233
677.778
734.951
777.577
628.359
616.267
644.163
560.674
629.574
717.658
652.98
646.011
613.631
671.22
586.738
681.099
605.453
556.535
648.378
625.188
798.484
539.785
641.275
618.331
678.083
746.015
726.437
651.429
558.871
799.988
722.767
804.532
861.608
606.415
646.278
654.391
566.465
596.674
593.424
625.033
724.442
668.028
691.265
527.166
626.793
658.308
628.215
522.113
599.04
586.129
597.448
575.496
678.058
814.656
622.19
631.132
673.545
719.066
818.907
577.282
575.363
590.112
588.747
679.381
643.498
659.78
664.885
708.076
545.958
645.792
714.074
654.202
688.821
632.942
594.052
511.533
642.805
689.111
717.691
646.027
505.322
725.408
657.441
700.291
535.897
663.347
596.714
536.902
788.566
602.04
574.785
903.248
575.262
712.654
531.577
691.574
684.097
699.581
627.932
524.605
672.308
786.326
612.695
575.207
647.129
654.339
598.148
637.447
733.909
665.289
719.306
595.03
973.291
626.399
733.787
713.182
627.479
678.118
531.375
699.547
683.144
587.669
597.067
643.515
621.135
621.044
622.591
665.155
626.091
681.69
822.627
628.734
628.224
534.657
785.389
717.357
599.036
839.425
725.245
733.951
541.727
644.241
586.362
712.094
750.507
635.618
737.351
657.126
682.192
567.429
677.567
725.592
526.041
588.456
666.798
788.514
566.754
522.235
655.32
491.078
662.126
631.012
508.95
740.946
647.368
705.31
592.198
658.292
628.689
673.962
709.163
624.844
603.779
800.194
739.2
705.487
582.392
591.642
629.551
677.935
599.651
750.615
762.974
744.49
615.215
754.345
585.43
673.335
484.284
574.951
742.273
695.86
722.951
833.614
567.997
618.074
635.807
749.701
662.91
667.172
665.287
593.759
685.447
537.752
656.917
559.092
723.361
638.198
576.041
676.335
710.201
542.956
615.242
638.633
650.76
594.093
658.026
558.799
598.345
538.976
740.77
710.519
596.964
617.762
598.426
632.978
522.478
770.704
614.861
561.674
743.705
612.538
603.579
822.993
639.735
578.903
494.832
597.842
637.075
585.496
530.726
714.447
603.034
652.71
622.837
651.526
630.298
567.049
625.791
679.036
553.505
898.723
639.844
587.706
848.581
609.139
627.07
491.786
635.438
677.755
537.228
652.54
563.25
696.315
931.437
628.956
694.742
586.396
552.404
628.123
574.661
680.439
576.643
683.947
664.857
734.591
768.383
619.293
652.914
643.796
650.272
638.674
595.176
608.343
689.851
616.292
615.833
637.592
729.717
625.313
768.526
734.924
727.231
845.075
705.971
718.734
727.232
608.511
635.66
572.965
623.502
710.768
600.732
615.421
697.744
626.159
771.375
729.409
673.567
760.233
638.286
738.54
672.782
692.596
809.424
670.838
576.76
665.543
678.713
585.98
809.951
589.456
585.83
643.941
637.016
566.102
725.98
696.851
710.03
756.664
703.739
721.557
636.589
608.463
728.944
752.916
624.363
586.215
589.909
548.947
696.232
662.701
736.859
701.256
686.523
692.141
678.969
751.421
614.611
599.035
596.787
490.705
677.561
618.113
755.824
646.994
573.574
550.984
812.332
594.715
717.689
709.55
702.99
578.397
641.818
620.093
619.775
811.163
583.542
552.721
514.599
702.739
695.982
748.206
804.102
638.646
722.249
872.848
624.741
765.121
721.556
765.973
525.208
733.566
647.259
552.626
600.38
601.809
597.357
836.412
583
760.307
702.811
754.517
578.622
799.223
740.188
564.452
553.576
701.157
620.234
542.016
577.849
734.92
578.898
814.503
666.096
559.731
598.731
618.192
591.727
637.459
645.001
597.977
590.662
647.529
581.818
723.645
737.297
597.894
760.723
534.829
675.845
677.868
679.181
826.42
632.551
642.902
607.211
724.197
568.843
691.518
692.517
616.642
671.707
617.785
686.04
622.558
695.511
688.392
642.634
611.935
660.617
600.109
606.626
682.862
697.294
587.459
639.812
626.848
550.999
635.244
712.27
609.232
633.781
632.643
577.157
599.996
673.701
755.94
653.928
557.247
682.478
661.274
626.252
717.549
673.586
662.423
569.385
644.232
730.296
656.359
704.82
613.55
680.224
623.464
616.108
659.6
639.937
772.565
733.261
681.279
651.004
727.477
662.268
741.985
604.372
641.177
813.634
640.83
535.894
572.867
781.246
699.366
536.032
765.831
778.151
611.948
554.254
734.643
585.685
703.481
651.245
688.683
643.694
591.747
590.568
680.087
721.162
543.662
767.524
595.905
691.395
630.853
653.14
689.318
611.706
587.905
649.587
667.601
644.141
610.017
686.518
551.665
688.22
666.483
609.512
659.886
591.143
598.283
650.836
723.791
621.565
768.892
632.003
636.916
727.248
696.19
631.937
627.111
576.272
830.94
627.47
563.186
587.945
636.124
626.508
781.898
561.523
655.341
751.116
628.336
621.004
648.055
641.056
630.926
546.12
592.323
641.266
589.382
604.532
593.066
568.672
669.871
599.402
635.258
723.335
727.731
627.871
715.256
649.28
584.839
594.474
684.395
701.683
583.424
685.218
670.125
756.378
558.423
642.189
620.61
667.114
647.395
720.601
664.371
711.079
636.407
626.702
698.833
581.041
668.554
609.67
879.065
623.616
683.705
639.697
754.587
664.003
780.341
631.966
701.989
800.841
614.296
773.112
684.68
579.794
657.602
603.535
684.49
626.398
957.547
734.712
573.805
686.646
576.404
695.347
837.64
666.963
670.627
755.316
667.158
654.987
694.334
580.107
695.573
669.194
682.649
637.385
589.031
616.549
734.312
690.05
769.51
526.846
759.524
654.201
649.41
571.143
634.452
604.671
624.549
559.472
671.568
621.318
777.504
648.667
667.14
603.662
593.352
818.103
580.134
723.977
616.509
625.442
591.905
553.766
689.13
670.833
566.446
569.262
559.562
520.081
622.558
676.204
766.207
597.446
578.151
669.985
528.339
657.187
596.854
638.974
685.775
704.375
765.088
604.653
708.907
583.354
518.721
566.922
609.713
792.276
816.265
1072.61
564.114
627.95
658.211
667.71
574.151
782.004
693.844
538.235
786.938
707.625
705.036
558.18
783.926
653.807
583.024
649.919
524.735
731.657
690.254
710.463
607.067
613.358
658.112
729.097
616.1
818.93
648.384
629.643
677.687
808.052
663.643
548.329
551.074
640.785
818.895
742.792
446.265
671.886
639.239
708.358
571.115
655.146
568.601
655.638
666.822
645.116
636.143
685.402
588.521
617.571
567.256
747.689
606.363
773.013
591.261
534.992
663.974
567.813
538.482
646.788
593.953
750.423
607.494
728.32
729.244
802.034
521.989
578.891
705.309
627.621
596.164
622.027
619.246
575.998
699.186
585.624
643.077
591.812
672.663
724.835
628.121
672.059
764.256
661.9
625.876
658.676
696.341
626.337
582.196
703.746
765.757
654.374
660.674
615.672
624.815
714.748
604.166
631.402
587.77
521.518
638.603
738.016
614.922
656.267
566.83
632.425
539.679
737.162
766.218
616.706
603.57
639.423
583.039
594.954
565.774
640.456
755.537
631.594
671.405
553.124
639.386
681.602
778.73
635.422
587.056
507.23
581.496
544.499
726.101
646.543
658.706
583.445
583.46
664.641
598.243
642.406
618.782
697.29
719.227
606.182
600.972
610.916
654.17
758.119
581.657
657.909
847.944
663.948
637.942
776.012
689.636
587.346
711.65
725.679
572.594
599.878
725.539
651.204
650.827
680.48
527.509
686.226
877.423
567.773
760.793
630.884
638.655
641.128
625.011
634.825
866.292
715.768
707.983
689.257
722.105
726.597
753.333
577.757
677.981
579.871
621.122
636.891
605.829
697.992
631.847
657.049
658.397
614.265
580.924
714.497
707.657
678.541
839.059
570.332
628.828
612.592
569.122
615.81
540.179
763.539
622.615
580.514
566.832
568.325
701.145
538.628
621.403
602.032
557.46
677.493
690.413
718.936
694.678
652.39
672.206
543.037
594.817
616.907
554.452
643.407
522.931
649.256
610.795
553
564.47
749.787
614.929
525.309
606.506
698.253
581.722
845.355
681.091
821.697
708.876
554.657
810.848
650.878
595.28
714.519
591.58
564.209
667.262
622.541
617.164
746.732
683.441
702.37
667.804
461.055
630.339
605.325
565.825
616.216
839.841
777.544
542.059
781.48
572.293
662.026
593.978
529.197
601.619
756.977
583.452
677.765
676.779
888.709
637.935
541.646
655.379
625.018
538.226
642.5
681.814
559.333
540.299
625.352
655.358
725.644
673.971
574.623
614.024
768.51
768.093
563.867
607.126
493.998
640.05
609.331
636.89
582.082
785.391
756.474
766.095
652.306
607.481
602.997
652.842
661.646
653.52
625.041
549.587
637.36
635.911
736.511
564.897
740.588
626.548
513.706
595.086
678.99
658.583
655.176
791.803
576.476
572.311
555.875
591.641
711.368
683.986
677.961
598.929
668.426
671.079
677.304
525.944
609.115
819.293
721.759
857.883
604.514
777.592
708.706
631.135
792.38
585.551
764.793
694.584
695.538
679.098
640.19
669.825
665.954
631.9
595.966
610.809
650.736
664.627
749.434
614.834
725.507
720.069
580.279
600.647
782.741
674.706
594.817
682.407
613.724
596.414
792.51
584.398
712.207
719.898
608.131
731.342
714.007
1060.81
567.729
617.402
614.374
645.365
626.014
758.1
717.746
691.97
548.283
611.137
735.273
670.935
739.422
733.316
664.638
766.027
570.736
677.573
756.724
621.626
579.306
708.935
522.614
658.355
561.642
651.893
617.763
594.606
551.42
544.624
601.29
623.202
742.34
702.047
822.548
591.203
629.139
668.149
662.378
613.401
684.745
722.763
630.634
539.391
620.447
538.173
705.406
735.243
710.43
606.243
592.961
627.392
614.856
563.235
848.232
712.78
668.892
670.102
674.628
716.392
597.911
588.472
577.902
648.607
540.204
666.652
603.015
565.248
544.883
529.516
749.552
627.78
571.934
816.907
540.898
627.11
672.054
711.272
556.652
750.378
871.655
936.825
789.424
874.115
659.374
589.49
753.148
566.352
573.957
720.416
776.035
572.579
649.551
603.3
460.891
538.064
714.655
643.704
506.807
628.529
591.094
718.832
669.146
602.73
592.945
633.24
715.044
590.157
597.327
566.826
618.515
636.736
576.639
604.05
911.536
593.002
642.14
701.144
605.825
630.487
627.397
732.599
695.456
691.669
683.455
604.342
592.492
711.481
643.178
597.992
676.858
542.988
660.083
773.487
529.293
668.13
626.451
769.105
770.658
705.993
646.341
657.049
597.755
844.076
555.617
812.592
646.318
608.789
693.362
697.381
541.452
705.004
751.497
667.331
652.95
564.749
785.311
562.452
716.524
571.701
700.548
665.816
671.81
637.966
684.685
772.966
674.915
785.997
732.351
613.072
668.806
583.499
683.58
529.318
617.51
609.522
763.752
731.901
698.288
646.501
580.837
649.16
801.838
680.697
704.509
540.28
599.959
671.477
675.047
569.082
651.268
699.15
618.394
708.939
695.889
699.772
838.245
750.853
666.296
613.512
597.961
678.675
691.226
682.785
649.049
599.547
533.178
698.41
794.572
671.815
579.243
658.971
716.323
631.184
662.095
683.444
673.212
625.769
573.424
635.23
674.68
618.924
578.723
635.759
513.125
591.541
741.245
629.881
712.648
635.552
589.325
665.952
639.343
620.117
550.606
698.739
663.584
739.134
593.118
657.658
627.397
566.605
765.06
634.131
815.199
873.622
711.47
676.601
848.469
688.968
860.681
656.686
736.133
633.022
471.412
568.974
663.546
759.451
600.198
625.239
632.993
754.696
585.254
604.88
758.851
732.279
572.423
833.212
574.551
608.8
660.94
671.959
617.917
692.499
604.178
629.412
624.137
591.695
516.246
597.906
565.888
640.863
572.885
631.355
638.957
601.524
641.582
634.586
672.031
617.145
644.472
660.15
605.674
633.534
702.187
607.535
715.744
595.876
651.36
612.823
710.594
521.117
733.296
616.402
557.75
790.914
595.159
755.408
615.62
699.187
646.504
739.015
672.133
618.952
710.539
722.072
815.894
686.156
722.996
547.006
642.77
623.205
571.299
765.223
557.11
617.365
606.117
698.504
625.658
753.628
743.82
620.614
609.937
724.425
654.127
554.987
633.081
680.402
594.23
573.323
670.99
668.403
626.201
628.77
501.128
642.07
757.319
562.378
743.76
736.119
635.733
616.755
630.594
537.326
581.243
582.151
764.002
577.237
751.626
677.944
798.615
567.173
641.337
627.051
554.829
638.175
715.038
796.593
687.483
608.948
727.321
691.967
735.026
619.066
616.981
696.799
573.73
709.148
730.996
670.749
514.979
682.863
580.158
634.068
581.777
598.657
652.35
540.492
792.738
730.747
658.181
692.785
778.048
681.795
605.099
566.002
688.987
536.397
623.508
574.509
653.77
521.928
590.151
659.091
625.264
576.831
685.362
512.148
673.838
519.466
587.66
694.408
584.024
563.493
694.229
538.025
539.866
698.984
521.326
663.218
766.995
734.725
697.728
702.094
776.573
654.809
697.869
871.474
633.015
655.76
645.967
508.685
761.867
626.507
684.516
684.291
665.44
669.532
780.445
698.439
659.6
627.414
661.288
677.441
701.579
736.278
687.301
671.276
595.46
580.473
618.263
673.934
580.47
710.014
689.309
696.165
1036.13
635.244
593.182
663.54
550.867
689.859
577.407
677.891
665.533
664.274
661.89
849.672
645.585
649.573
615.625
746.062
717.453
679.896
670.219
635.39
732.412
540.822
697.428
566.407
678.935
604.803
693.505
700.529
554.974
582.229
553.077
613.802
687.997
628.047
707.685
542.829
762.861
724.291
714.156
622.779
602.917
722.301
638.12
708.65
630.942
632.681
648.595
603.227
705.681
613.747
586.893
660.387
768.648
667.331
835.322
644.192
580.622
621.793
712.704
542.368
610.054
712.393
677.626
630.285
608.974
739.088
612.585
703.482
558.639
691.548
703.04
516.37
697.331
620.528
687.173
525.463
747.131
628.52
631.065
653.997
527.976
751.378
700.996
587.351
813.185
644.365
645.948
563.797
770.302
676.817
671.316
652.154
725.193
681.69
597.495
605.46
593.949
680.893
676.841
608.277
933.41
563.522
565.153
661.23
639.279
649.924
544.377
655.87
633.984
637.988
635.655
663.183
474.297
632.355
578.746
575.21
535.626
861.392
727.947
741.521
633.998
561.827
618.895
674.619
570.436
612.672
704.578
644.819
637.424
617.482
733.39
608.888
599.175
714.474
576.098
776.382
520.743
683.083
757.187
575.653
763.022
552.315
547.114
658.402
650.63
782.335
595.261
665.328
774.166
690.847
574.213
610.495
701.469
658.641
657.756
752.502
723.48
614.585
697.267
569.07
614.413
639.685
590.128
622.702
666.224
547.479
783.481
665.902
702.286
667.26
561.209
539.332
626.004
658.193
703.831
720.056
627.818
616.677
594.281
544.365
647.435
835.868
600.828
598.681
788.286
638.166
637.763
673.817
723.408
562.983
688.609
611.673
586.522
671.996
635.911
676.411
671.422
708.624
619.844
647.767
576.793
641.141
816.227
692.139
649.028
699.792
745.338
832.429
669.119
727.404
632.598
764.642
676.163
615.314
726.757
671.854
577.289
564.256
691.788
791.281
789.746
602.332
858.456
690.808
562.126
637.577
553.797
679.772
583.903
607.656
583.272
737.49
704.637
611.122
706.253
688.385
650.542
793.801
552.361
583.314
615.642
638.18
724.616
583.529
665.495
618.378
725.178
604.381
596.199
668.512
589.095
562.97
612.107
648.888
668.476
608.043
598.453
561.421
476.44
751.745
748.832
650.393
687.431
686.606
502.198
586.307
570.633
776.622
541.798
674.629
769.136
702.387
565.6
625.044
553.869
634.691
671.648
737.785
642.93
717.189
716.181
804.952
569.227
676.144
545.665
564.247
649.18
568.215
523.54
666.374
601.797
521.654
660.967
770.446
650.458
576.268
665.394
695.171
552.988
561.051
810.649
717.726
664.442
506.438
623.837
780.115
665.596
587.356
579.789
674.541
647.026
700.302
685.706
748.939
806.901
651.528
707.698
626.238
562.791
669.209
554.038
475.42
726.062
701.349
607.655
635.597
723.322
530.628
746
603.829
625.883
628.548
636.696
543.161
621.818
585.412
626.908
633.476
606.373
681.334
700.379
546.018
496.732
755.217
601.157
769.773
596.598
535.354
635.516
778.818
578.857
660.65
664.304
865.269
578.426
668.672
560.602
721.927
534.351
629.953
613.623
715.117
571.46
655.36
719.608
692.192
622.474
794.974
835.689
744.917
685.337
594.814
629.483
650.24
633.189
666.055
604.126
617.002
592.936
809.244
501.645
1027.97
777.349
652.626
612.875
611.341
586.864
746.536
646.78
735.529
779.163
638.484
584.531
639.314
535.744
543.734
695.382
599.628
745.559
684.488
677.619
621.367
683.126
701.412
639.917
633.252
629.79
545.687
613.806
709.768
688.524
705.871
745.058
616.166
654.733
687.573
726.623
968.14
589.691
629.999
696.447
673.018
535.523
690.523
763.759
577.299
651.736
544.731
795.991
652.217
736.443
645.631
632.938
603.975
553.508
624.183
638.487
626.159
770.656
592.359
708.115
496.132
568.812
716.033
581.312
643.397
751.205
528.061
770.829
586.17
602.864
571.59
634.776
698.657
611.673
638.341
686.552
623.457
801.552
738.406
686.339
563.737
669.738
574.955
659.989
713.514
524.656
717.098
492.021
603.37
757.271
764.601
573.708
585.569
591.796
661.243
658.06
528.548
565.392
686.278
588.578
599.025
646.599
781.747
570.713
682.817
561.072
679.784
567.329
749.122
882.204
524.113
630.101
576.293
719.26
644.705
650.934
777.414
622.039
549.455
489.288
548.4
700.449
698.309
627.907
750.962
864.376
735.86
723.147
589.115
642.622
642.682
641.311
572.019
543.417
695.801
693.146
626.131
662.394
623.868
643.397
775.718
553.225
836.425
703.154
617.221
627.01
663.012
536.447
731.35
673.921
544.138
672.096
555.106
739.134
743.482
688.668
784.791
711.753
672.925
651.825
573.029
702.083
626.464
607.384
674.864
664.092
565.476
657.37
813.646
643.951
659.155
627.26
707.828
651.323
723.23
573.837
709.423
644.955
636.865
626.667
567.831
601.734
516.223
586.726
691.477
683.635
565.491
602.241
655.256
610.642
589.913
687.534
699.715
537.399
631.891
783.001
593.718
798.817
751.361
717.333
505.143
872.908
629.367
669.623
662.016
632.102
647.309
674.19
600.688
509.353
619.887
582.226
680.549
721.041
580.07
686.547
670.236
700.704
461.764
686.264
600.914
553.61
544.529
665.24
709.912
720.169
824.767
724.295
652.464
583.246
627.628
647.306
725.239
753.416
700.958
734.447
557.272
639.697
528.642
631.323
666.538
557.432
625.145
598.026
769.01
677.81
678.759
735.007
709.728
668.107
713.266
667.292
642.508
563.068
586.762
792.136
608.952
487.052
626.695
660.916
619.452
595.631
702.441
659.063
554.887
682.645
568.967
576.964
658.992
556.346
668.646
590.607
706.875
557.988
632.292
630.543
613.088
736.226
719.997
669.379
576.373
626.684
738.865
764.264
555.088
753.636
668.604
670.585
663.456
565.13
690.534
600.395
621.185
667.795
680.506
607.605
516.13
574.033
659.118
596.173
624.242
639.787
739.051
639.264
589.181
597.778
