718.265
797.622
721.943
561.188
650.77
632.124
596.222
739.565
691.125
702.769
798.41
758.04
603.313
681.492
734.561
549.508
565.095
666.74
903.337
570.005
562.67
584.401
554.802
589.682
784.569
759.207
644.359
973.451
588.79
620.65
714.034
670.748
770.948
663.741
764.498
737.016
626.87
547.351
676.303
622.731
732.748
686.467
924.594
674.448
643.002
520.634
681.037
764.98
701.702
793.723
671.389
652.549
610.454
715.997
810.863
666.325
754.732
685.613
603.494
741.457
640.855
610.437
705.316
817.506
783.335
637.329
692.622
611.637
729.619
568.593
686.213
811.344
630.598
573.657
668.974
628.983
621.722
624.771
593.665
579.973
557.84
787.741
742.366
681.376
566.061
1187.22
749.482
789.525
768.14
656.112
916.749
651.677
734.129
756.74
741.64
716.163
527.263
827.179
647.16
848.082
695.296
612.843
864.478
679.604
558.752
727.935
670.351
712.181
623.226
569.13
710.879
705.067
752.145
794.72
826.257
612.266
643.827
679.147
642.654
604.023
653.589
781.209
716.17
649.16
710.332
776.601
616.877
746.882
637.14
707.956
814.325
675.116
652.389
606.843
630.539
640.734
767.258
667.596
762.259
689.215
687.547
623.95
874.759
852.337
665.345
594.408
687.672
623.247
755.726
711.087
574.269
607.975
635.487
644.95
560.335
720.259
695.403
551.889
660.522
669.539
704.166
661.897
592.379
592.336
644.387
659.416
617.499
572.055
722.186
617.41
745.551
690.137
732.205
670.06
737.148
718.245
718.039
658.256
664.792
921.951
802.724
682.991
691.02
665.05
673.856
697.01
664.202
649.934
572.633
687.756
616.08
674.135
727.929
757.642
784.42
713.268
796.526
717.344
789.615
700.149
798.254
963.543
648.231
697.312
746.382
653.365
908.139
701.825
596.641
571.288
871.301
720.569
693.997
657.32
736.237
703.802
741.279
708.057
741.102
591.839
635.217
626.18
740.955
721.172
772.266
540.99
680.089
716.439
642.408
602.078
845.521
665.879
610.57
639.922
599.544
767.765
921.722
541.84
596.628
770.763
639.937
690.474
545.412
1018.29
722.291
671.006
734.65
787.516
633.306
859.87
637.485
669.701
744.543
633.267
584.56
806.033
739.43
600.379
705.462
725.827
715.64
595.998
585.626
628.473
660.774
743.981
841.098
585.042
733.292
766.003
837.152
599.155
584.428
631.756
694.684
802.602
728.088
868.231
684.774
677.693
711.512
745.647
859.385
764.454
691.163
759.718
637.523
601.816
684.477
602.111
549.407
724.082
652.234
687.784
793.053
619.998
813.848
732.351
667.303
664.325
754.352
638.504
791.367
693.097
758.521
822.302
649.876
691.363
849.694
745.81
709.376
627.966
735.32
937.202
650.903
575.995
629.162
685.351
691.536
612.831
680.801
689.246
746.32
611.066
661.656
701.594
739.373
742.445
760.236
739.09
568.099
574.557
635.836
846.568
655.901
691.855
580.452
720.87
595.535
717.519
741.893
858.843
680.841
574.518
685.222
837.361
624.921
681.258
684.946
659.948
804.772
692.587
632.992
763.797
574.374
652.635
523.077
714.061
610.916
622.956
503.463
615.705
589.541
653.039
778.865
678.211
704.695
790.647
639.127
674.805
646.554
571.321
738.511
809.979
820.721
665.159
964.468
705.745
667.073
752.294
781.08
593.1
599.601
718.565
678.9
774.824
587.881
669.472
688.457
850.11
587.006
666.161
649.818
633.134
674.589
687.462
718.993
742.496
682.76
659.627
686.688
663.824
747.52
629.865
659.092
645.233
749.071
841.973
696.435
629.006
697.751
761.413
708.076
706.483
735.813
588.763
667.124
706.283
877.812
704.913
619.338
647.317
697.858
615.001
709.934
582.964
757.276
718.032
635.055
584.764
819.162
727.077
646.956
779.311
850.988
719.615
639.417
649.606
602.393
552.951
763.217
722.005
816.437
751.12
738.316
632.271
630.687
864.678
598.375
490.51
773.899
576.61
728.335
886.088
648.376
696.817
614.103
647.853
772.04
500.903
603.223
693.48
685.329
620.937
656.053
586.749
763.384
698.719
673.053
823.068
902.037
468.049
706.229
818.43
898.973
675.917
629.587
722.867
696.247
791.349
686.479
778.84
545.561
707.477
662.068
667.45
605.755
595.314
667.394
985.805
640.144
707.251
674.27
573.471
564.517
809.009
561.769
763.366
626.378
693.892
580.137
726.09
886.248
705.372
819.032
764.717
680.749
614.673
571.229
584.57
488.937
616.755
625.475
550.605
784.354
686.689
610.192
598.52
732.394
844.633
748.946
646.087
730.725
812.634
681.897
688.827
756.638
679.861
507.694
714.196
766.917
631.454
674.749
560.534
968.319
992.812
746.786
573.833
763.795
780.895
940.372
799.382
718.088
879.035
648.46
732.869
761.567
784.679
652.634
682.018
619.952
694.274
785.493
886.243
650.172
727.529
829.985
687.619
638.701
787.849
945.15
825.575
550.08
876.571
666.328
740.514
670.994
563.304
673.216
641.285
648.166
589.814
768.454
672.748
718.003
677.817
839.18
721.522
795.293
858.733
770.246
616.101
721.211
591.267
526.918
736.874
660.043
937.064
686.96
611.981
710.722
685.109
660.941
653.075
723.671
670.453
709.959
726.51
816.657
672.625
730.541
571.668
758.287
636.678
585.464
589.205
773.016
685.568
576.628
624.273
648.683
622.552
674.962
526.836
679.399
682.681
700.994
676.425
798.538
877.041
600.419
702.338
531.37
824.629
717.081
610.077
716.703
681.316
815.276
541.372
806.356
668.478
1059.43
702.956
808.994
757.835
777.566
736.297
611.533
715.969
685.979
585.669
639.222
637.702
706.717
725.436
711.671
715.344
681.591
618.104
840.911
707.179
827.655
597.108
727.984
674.52
843.025
713.417
632.89
617.63
687.748
776.157
537.61
837.22
588.142
773.738
602.545
742.252
643.967
689.832
748.089
736.388
787.286
666.531
696.793
735.588
614.527
652.99
537.485
622.685
853.615
745.389
565.027
739.731
618.719
668.666
753.635
573.822
825.554
809.893
818.494
737.517
598.614
643.541
573.865
782.781
564.94
806.479
655.958
543.521
741.392
693.742
717.655
630.346
963.382
588.431
720.644
664.572
620.805
588.878
700.947
690.446
702.275
777.64
848.128
837.889
789.845
663.684
916.15
754.738
573.664
856.504
809.17
702.713
613.629
640.215
669.054
666.803
695.831
614.892
697.795
797.246
649.86
654.699
641.275
687.314
718.215
722.703
624.002
695.631
666.452
759.73
586.641
636.124
653.173
680
634.711
714.615
555.756
714.137
751.199
917.984
581.614
726.049
731.33
864.098
711.716
834.447
693.864
812.052
697.45
661.305
885.964
702.011
674.998
729.568
567.102
537.701
714.059
777.803
617.078
564.159
516.692
767.197
704.955
593.47
618.626
610.711
716.336
694.289
775.989
640.724
672.89
609.155
722.708
698.939
584.577
551.072
692.317
625.733
702.68
698.864
607.172
649.998
805.155
849.57
766.206
585.827
674.169
804.06
936.05
710.014
615.046
633.4
609.626
929.294
540.821
666.057
626.701
763.645
618.67
587.308
565.78
781.15
614.555
688.775
777.957
715.975
712.574
654.775
726.715
733.436
598.89
663.606
668.121
615.442
675.337
593.763
713.036
786.094
757.869
619.548
742.51
539.174
709.032
1075.18
570.327
721.569
647.095
699.895
628.44
853.059
552.385
667.409
765.229
773.198
695.794
792.409
863.317
743.4
482.545
806.933
693.437
762.635
675.466
661.581
677.521
631.788
875.95
643.472
810.4
794.852
586.347
700.45
739.32
683.743
615.457
678.187
681.615
790.047
905.606
630.688
856.238
686.282
837.988
622.633
613.12
721.718
728.407
750.55
739.327
725.328
690.012
713.018
691.813
971.576
770.14
647.304
807.828
627.396
663.79
743.128
701.232
741.599
675.546
618.455
707.198
624.267
578.729
699.976
586.327
715.99
682.97
596.472
593.34
696.631
645.72
876.701
595.155
691.139
728.062
665.543
659.676
650.553
597.584
726.708
901.98
544.54
600.673
633.031
607.535
514.091
682.111
576.376
860.647
694.058
605.308
613.472
665.243
601.404
667.902
622.708
984.735
757.656
917.691
630.509
571.169
712.54
683.557
772.212
726.286
551.091
594.223
703.235
751.155
700.474
601.326
843.519
799.249
801.102
830.75
679.017
773.483
699.593
631.082
664.294
614.915
796.389
817.47
685.252
694.513
803.894
531.424
874.771
658.608
597.796
737.727
655.908
757.406
596.718
631.203
663.697
928.019
655.731
742.627
649.012
898.726
880.696
655.424
600.594
842.238
587.773
749.172
708.04
693.854
837.299
625.549
677.309
598.974
553.059
651.646
800.636
855.232
695.163
606.614
746.962
723.594
628.955
583.442
660.455
595.675
958.032
639.893
656.268
594.584
735.666
664.965
632.23
800.568
807.255
798.962
646.607
615.971
798.517
709.51
674.598
746.896
742.775
640.495
676.641
613.21
718.526
779.961
556.958
754.321
704.766
773.673
679.24
776.315
615.343
648.888
752.113
704.119
642.224
593.124
576.508
678.993
794.071
759.812
585.215
680.041
872.021
609.225
573.691
755.819
650.75
792.65
932.026
567.33
820.33
743.563
899.224
569.525
791.832
844.862
722.772
636.825
761.602
692.707
649.266
608.12
714.913
779.195
838.625
813.762
688.966
654.464
1013
676.586
792.07
577.993
660.865
678.685
616.041
718.191
634.795
634.904
700.023
743.04
692.174
676.714
737.275
720.891
774.701
622.86
574.933
765.931
640.03
756.358
701.481
559.267
673.862
673.997
671.01
667.601
634.496
638.792
779.598
600.944
693.006
671.073
874.027
586.441
597.152
617.686
764.304
713.309
718.548
837.643
816.369
674.337
589.112
736.696
591.831
616.503
822.764
755.082
674.87
621.471
656.121
726.148
619.774
713.124
586.299
861.593
697.132
711.188
788.157
649.634
657.533
620.546
671.073
639.74
770.791
624.071
824.306
840.714
757.136
796.674
813.085
594.005
734.559
729.44
830.637
654.371
811.067
616.136
920.403
942.916
723.867
492.714
793.221
699.179
657.964
603.78
894.481
651.003
801.131
683.069
571.837
829.255
738.159
653.448
679.496
731.641
622.023
673.904
675.799
698.218
674.891
781.337
817.117
712.894
740.138
722.213
763.259
710.884
716.733
566.392
681.758
556.889
668.697
784.342
819.184
614.287
796.777
645.5
690.756
811.324
603.597
773.156
529.219
724.702
671.636
640.605
786.376
725.07
762.262
657.634
725.991
961.938
740.029
685.265
713.7
735.465
875.818
852.503
787.548
1009.72
690.94
679.922
728.964
649.359
713.426
703.759
605.011
887.038
853.607
521.346
655.208
683.431
804.928
729.509
697.113
750.335
678.505
638.003
572.428
629.385
621.927
863.861
527.335
684.793
663.174
653.677
603.031
659.479
597.706
820.12
544.883
716.311
694.294
732.302
561.916
761.787
621.298
578.215
631.204
659.617
754.08
609.558
650.021
773.73
671.568
609.208
614.173
666.221
585.811
858.877
540.376
565.678
924.392
666.299
708.37
735.484
734.155
815.942
629.327
607.421
583.726
718.274
726.604
698.698
720.663
730.9
724.207
704.223
576.735
760.699
656.208
579.769
722.147
796.014
737.051
680.877
583.463
855.335
818.055
703.025
790.491
783.471
824.693
910.01
560.161
668.116
698.474
670.934
630.292
584.896
615.044
694.262
617.686
667.516
668.254
871.809
876.893
698.867
804.813
661.611
610.939
654.071
783.618
708.775
635.911
724.923
657.012
727.194
659.81
766.734
637.682
437.35
690.686
614.316
910.808
617.532
673.893
732.104
765.464
687.431
753.5
597.49
626.671
737.614
631.668
744.034
858.516
572.524
762.349
682.573
647.832
762.378
639.251
600.478
653.345
742.243
619.983
667.499
781.996
633.485
709.507
729.633
671.669
530.321
727.772
745.923
827.745
681.89
558.178
752.869
810.346
862.146
968.45
685.912
578.621
568.964
824.491
830.21
572.093
616.039
928.913
749.849
863.717
708.8
675.854
776.995
640.421
1089.55
663.36
668.738
638.716
659.754
740.532
708.644
731.71
606.51
731.708
805.513
551.931
584.798
772.522
800.362
682.914
697.048
634.699
511.661
689.575
899.139
773.004
615.896
731.164
645.655
757.912
663.642
554.431
712.768
568.965
552.905
712.096
716.651
620.599
621.325
762.444
545.444
941.504
631.55
726.943
702.579
640.179
858.362
767.154
680.406
640.72
621.937
547.203
786.37
858.65
561.957
585.273
698.677
689.565
718.441
855.961
722.151
839.734
763.397
796.962
669.349
700.758
632.676
513.278
790.386
657.511
720.624
753.718
621.597
920.943
558.971
599.434
870.201
746.744
621.014
670.898
638.841
648.187
763.144
734.447
669.877
672.171
739.369
715.975
690.458
723.508
708.354
743.27
1025.63
722.126
596.47
880.308
989.75
703.72
798.998
665.436
653.244
771.533
737.862
622.24
862.667
705.78
891.455
671.734
752.61
668.576
804.623
756.583
653.289
610.061
933.153
737.53
717.156
724.457
890.304
748.085
617.053
736.129
714.019
835.801
623.931
752.922
755.864
769.208
677.022
615.375
639.475
634.862
753.283
763.911
679.741
750.423
691.209
729.028
763.503
668.453
633.8
758.634
754.243
746.195
668.741
661.326
666.386
823.328
530.831
698.818
691.997
700.066
664.754
676.73
836.415
624.519
601.776
610.552
979.874
608.693
662.59
536.178
870.692
578.28
942.034
641.682
635.442
1010.47
623.892
566.254
801.707
798.778
670.074
673.5
662.475
879.532
818.44
622.041
566.429
752.081
576.584
815.74
683.273
663.744
769.498
839.517
712.639
790.505
737.37
746.893
760.023
752.324
579.016
745.707
601.327
643.68
626.272
773.434
633.405
850.398
692.751
697.249
717.019
638.581
712.122
799.482
631.424
702.334
669.113
768.741
631.67
568.149
571.694
649.711
694.835
826.313
685.378
741.76
649.623
611.321
684.191
578.696
634.175
1092.85
595.776
888.812
742.919
672.885
720.433
666.304
888.576
973.269
699.717
729.843
778.026
689.945
727.648
584.596
578.069
712.338
825.655
661.054
601.756
555.958
912.188
620.37
635.915
723.248
647.914
745.956
762.473
744.409
656.709
719.142
730.782
608.333
594.275
745.709
787.272
691.16
741.044
634.053
642.041
632.929
690.685
661.294
658.985
638.732
650.621
669.393
755.903
786.138
633.96
617.687
746.127
759.9
703.104
633.275
575.045
729.864
708.459
613.059
664.34
589.309
701.764
664.509
685.965
676.902
628.815
738.765
675.793
604.615
729.488
589.389
668.266
671.392
709.039
824.334
732.251
602.963
607.462
591.642
697.322
772.906
755.703
541.838
665.139
753.427
938.378
681.687
651.34
800.203
535.405
886.877
851.565
674.683
755.348
691.372
658.967
609.967
661.412
839.718
660.579
601.993
668.95
593.252
598.425
741.3
643.427
894.818
716.265
658.473
706.656
658.443
644.055
700.166
664.366
589.425
700.636
510.429
679.909
836.164
784.298
597.907
609.545
602.389
645.651
592.298
680.919
860.77
620.257
663.107
678.41
582.374
662.964
689.041
625.805
552.707
734.9
644.653
587.208
649.005
556.016
748.731
646.095
687.484
670.437
655.688
586.991
569.224
667.902
771.923
721.615
651.598
754.642
679.241
750.199
596.314
657.23
707.628
772.249
943.66
708.879
645.646
741.972
698.035
708.03
649.637
890.52
713.081
680.766
728.888
511.814
911.418
643.203
729.228
633.423
872.789
929.041
615.847
638.689
734.555
555.739
1034.28
651.615
800.468
594.189
771
789.848
766.128
677.629
790.006
731.176
535.401
616.901
749.744
695.299
774.156
768.343
588.91
703.128
723.835
700.548
630.651
692.424
931.282
780.644
709.412
670.722
613.229
690.635
726.096
671.439
657.878
750.321
591.649
954.288
604.003
595.725
721.419
557.163
647.668
615.491
608.169
766.905
725.163
650.48
629.065
695.666
699.917
777.841
853.81
863.591
687.936
561.604
602.845
630.417
765.194
584.537
678.316
755.051
813.713
688.607
654.464
629.395
709.578
626.906
692.936
687.37
800.511
656.948
621.2
740.946
704.214
702.257
729.038
646.651
772.647
729.097
698.387
719.177
655.525
571.284
655.682
610.7
674.503
767.291
644.564
659.104
782.231
674.631
690.205
703.28
628.169
681.386
702.021
978.279
610.062
636.034
607.935
861.823
665.5
625.516
726.045
602.513
831.788
631.175
823.193
776.241
661.749
618.891
625.96
769.392
666.291
644.363
772.158
899.21
675.293
683.606
647.38
621.342
681.494
656.88
772.615
731.792
758.628
806.644
687.384
673.235
663.593
681.735
711.499
630.681
699.461
558.94
623.553
567.678
809.28
631.788
902.951
785.676
661.312
868.714
689.938
715.129
566.285
615.396
669.739
618.254
622.255
761.071
791.201
660.997
638.314
604.921
859.706
652.572
676.44
616.335
585.268
708.897
895.128
622.009
654.573
644.196
778.973
602.679
806.191
581.581
562.997
745.355
768.764
709.966
652.637
570.311
700.128
726.76
535.191
673.892
673.345
949.08
723.421
623.218
678.637
680.426
751.123
900.465
742.167
658.197
705.577
694.525
703.244
609.365
597.197
642.832
639.247
705.187
734.47
698.881
682.624
741.539
923.755
762.303
578.578
714.593
783.36
643.721
821.307
793.428
761.494
630.279
621.661
691.89
977.376
771.778
648.914
864.346
679.467
593.303
635.737
567.986
628.302
677.699
653.456
660.81
957.737
764.951
649.329
680.601
693.327
561.34
817.571
766.97
641.057
737.886
767.238
709.931
586.37
655.126
843.672
617.29
676.054
711.864
622.23
768.572
645.516
776.356
716.091
661.202
637.732
780.327
635.273
560.31
632.958
809.323
837.09
627.054
694.188
830.694
975.683
799.15
690.259
936.984
835.178
625.651
685.51
764.101
626.192
802.918
873.554
891.395
543.785
700.793
845.996
779.742
609.776
925.458
886.647
593.292
752.182
799.883
803.162
718.255
720.162
681.988
736.886
578.581
758.89
726.58
933.254
655.077
757.536
681.202
623.718
852.951
567.569
635.377
616.649
667.294
951.656
564.273
638.452
619.781
526.803
691.974
825.688
749.762
743.103
752.923
690.284
732.57
623.331
633.181
585.072
750.603
770.369
604.28
556.249
802.568
711.932
623.768
945.453
578.51
799.326
623.246
643.653
606.524
699.934
813.633
857.038
778.743
665.945
735.1
653.962
598.245
639.773
694.927
690.483
837.1
778.651
713.002
656.128
586.261
584.764
818.191
710.641
609.225
691.578
657.557
683.864
744.477
698.194
673.954
604.021
674.919
727.753
540.171
632.311
562.983
857.923
669.189
618.059
869.657
664.012
1017.01
606.219
837.285
701.554
719.269
623.443
524.293
630.498
675.67
728.433
671.501
940.15
819.881
519.529
536.42
659.215
626.68
642.541
619.603
759.904
750.215
815.08
812.201
810.352
597.841
562.536
722.134
889.03
554.842
678.179
658.059
658.081
731.106
653.446
672.046
803.904
771.559
722.413
908.642
940.489
873.596
792.585
629.54
877.758
737.057
646.797
632.464
891.477
840.728
671.384
707.403
679.593
578.5
540.673
727.737
1045.95
703.452
688.539
590.203
580.864
589.501
631.69
682.776
584.405
954.809
586.056
591.51
645.587
619.765
677.373
698.11
528.661
705.345
771.686
736.732
665.012
631.006
759.169
680.382
600.508
770.487
611.175
845.283
901.626
696.668
615.454
677.331
544.128
665.975
656.23
926.069
714.508
768.216
900.184
653.059
670.009
844
727.778
680.141
688.428
826.06
587.948
685.431
752.983
557.59
541.515
650.611
595.405
668.642
581.424
780.635
891.135
647.105
678.765
736.716
643.282
702.377
798.562
646.841
749.178
594.712
782.132
707.104
655.252
692.195
751.874
609.581
677.859
671.825
743.312
750.239
716.82
677.689
556.531
803.872
915.771
539.191
614.477
786.324
664.543
707.406
780.442
672.297
906.055
682.958
710.716
724.845
721.012
683.656
736.139
651.176
660.335
774.173
738.023
467.112
632.176
716.592
760.158
640.662
706.499
816.588
545.526
664.047
645.583
651.065
567.877
710.975
624.205
636.572
628.617
726.084
667.575
713.468
686.307
603.186
771.594
651.308
751.342
672.56
783.014
819.746
774.898
654.773
675.739
774.529
661.469
718.198
712.25
697.214
594.62
657.323
575.074
658.196
652.39
850.802
683.101
577.325
649.096
613.844
580.728
738.753
733.019
629.208
512.018
608.44
693.666
696.745
629.097
693.502
735.448
654.214
794.491
677.524
770.926
741.328
643.017
747.65
724.561
701.343
558.81
804.062
717.088
704.923
720.028
751.385
633.465
606.945
671.383
667.752
912.705
759.2
820.187
571.1
801.95
648.869
560.444
680.594
670.967
603.222
776.248
617.081
571.774
679.967
661.531
758.667
649.683
678.27
620.412
602.166
725.097
849.77
635.496
761.659
594.743
664.286
600.897
821.54
868.804
521.732
609.544
544.31
635.252
597.748
666.331
700.154
651.464
775.487
809.624
752.427
805.427
662.018
727.235
708.588
759.025
852.036
663.681
682.998
760.602
884.673
710.569
734.069
650.005
689.288
817.678
647.819
644.87
911.404
608.992
769.386
573.477
728.446
637.547
718.079
684.306
797.168
765.335
657.594
645.662
780.016
844.24
856.671
734.597
785.49
763.601
568.568
627.294
552.016
675.483
532.284
519.957
691.937
743.282
846.227
901.395
756.209
741.546
701.791
651.014
740.183
594.061
676.443
567.618
805.933
677.635
509.585
745.502
763.032
755.272
789.946
604.983
631.619
650.349
658.852
699.674
586.986
642.201
540.697
667.066
875.191
776.94
727.368
741.976
595.529
830.113
692.755
674.106
636.245
683.695
566.707
578.012
663.714
722.607
655.37
943.841
636.497
606.283
1190.43
630.063
731.058
545.407
685.691
489.884
678.644
712.147
620.79
872.759
734.132
734.044
702.788
611.455
704.939
612.855
759.709
690.835
700.039
752.423
666.353
644.037
724.641
727.111
648.374
588.728
608.762
722.832
692.276
718.131
582.799
696.849
693.205
742.296
694.28
693.289
847.098
708.677
700.134
594.578
774.537
774.708
563.555
753.247
816.688
663.541
742.868
600.248
669.725
631.941
620.281
527.636
569.85
799.761
625.17
604.766
659.981
761.998
802.471
660.971
707.408
681.755
634.097
708.978
591.732
781.418
510.338
654.898
562.835
736.369
766.674
923.695
749.837
667.099
631.683
695.861
756.294
781.749
644.949
676.963
714.244
714.958
642.807
710.687
754.228
673.082
638.115
551.141
790.344
747.888
878.763
654.855
761.835
570.359
688.097
611.21
675.748
734.947
818.964
722.872
708.467
772.858
761.205
555.539
557.192
826.214
676.468
677.578
771.18
665.086
584.073
705.851
748.283
584.015
678.998
668.479
589.587
724.828
609.973
684.88
585.027
637.535
706.448
817.184
672.818
678.279
646.359
715.022
688.69
594.505
870.919
671.422
593.755
587.409
806.015
666.113
631.314
622.964
739.895
802.175
725.112
880.41
737.465
801.898
824.7
650.348
801.091
724.735
893.484
747.408
623.084
778.779
731.146
586.355
739.371
614.097
649.699
734
639.541
743.796
747.483
735.12
610.855
699.012
585.829
679.885
686.539
702.977
689.14
788.853
628.772
837.787
625.847
564.134
1080.67
741.44
722.433
655.516
683.318
571.628
737.601
718.651
615.547
770.152
736.243
642.718
738.854
822.404
696.226
574.392
628.12
692.601
793.399
698.2
794.21
827.806
649.343
654.09
682.716
779.756
839.195
779.22
623.945
646.631
584.489
765.278
732.827
686.714
720.042
661.034
530.947
668.006
705.125
664.542
712.611
643.618
570.645
720.017
604.993
699.879
802.653
858.316
710.827
639.408
722.414
637.704
782.592
709.291
548.329
678.593
709.294
753.118
530.769
792.591
569.98
649.303
799.37
623.558
595.414
501.849
687
562.831
655.924
617.403
758.925
719.921
964.651
737.658
693.456
666.671
880.686
597.768
637.325
689.235
564.058
780.29
734.465
607.155
929.989
712
743.977
837.095
724.31
731.658
870.572
593.282
580.853
796.633
553.461
733.351
779.843
546.245
843.939
730.43
692.943
760.475
725.319
807.889
664.604
700.067
689.324
559.597
875.878
1270.88
889.959
594.635
609.607
673.623
760.655
804.721
759.256
783.937
676.314
777.702
689.485
770.359
678.014
792.434
692.408
783.781
788.258
693.666
636.646
691.381
711.191
633.04
616.45
552.018
715.385
652.572
730.157
681.724
689.265
560.152
645.448
601.731
766.656
645.25
825.806
804.382
788.757
657.252
656.742
746.127
774.139
660.746
719.395
641.015
595.6
638.701
810.672
694.558
578.399
726.707
719.623
847.539
660.83
871.812
616.579
735.654
690.924
886.157
616.944
754.078
628.826
713.888
611.683
757.746
958.452
745.689
687.141
743.941
662.963
655.277
664.415
611.201
710.696
861.776
660.3
651.423
804.767
654.21
680.348
1069.5
709.648
708.564
702.599
579.617
649.019
631.319
729.758
606.493
775.737
761.18
621.579
753.898
764.248
805.137
754.892
806.112
742.479
656.481
663.706
596.54
736.555
625.843
888.153
593.732
847.55
655.52
710.854
726.004
553.507
551.81
605.604
751.14
748.637
646.938
695.427
746.74
559.554
548.949
673.311
855.213
829.936
571.856
647.363
818.588
753.335
640.573
661.072
583.028
1071.01
654.435
762.895
623.277
657.918
801.166
640.579
777.748
740.738
519.45
652.263
776.098
769.946
569.877
759.634
794.806
586.022
817.971
654.273
746.631
599.032
696.287
589.379
729.55
730.878
720.16
667.634
758.665
504.626
791.079
817.961
785.332
790.098
709.904
645.294
793.158
1050.58
708.253
638.391
746.703
857.439
534.52
661.911
683.986
724.728
871.557
720.146
681.692
718.266
856.757
752.75
749.157
653.831
695.221
800.283
741.643
672.789
621.91
625.812
710.983
645.614
821.843
667.859
675.663
658.286
755.972
631.555
671.903
905.348
706.157
723.512
949.195
697.412
628.039
581.892
755.506
502.418
824.085
684.63
704.815
919.43
834.568
700.369
696.915
799.883
763.047
522.245
677.921
757.974
689.678
754.122
631.383
700.752
766.128
683.333
694.608
605.313
823.507
662.239
573.138
833.209
659.923
721.987
752.937
657.894
681.356
614.072
716.801
563.794
638.089
622.324
905.017
644.713
616.901
584.494
683.458
627.467
682.463
690.729
623.565
813.971
621.109
686.869
839.185
804.556
647.02
626.538
580.769
587.434
661.32
766.836
697.146
725.222
762.334
699.285
717.611
600.321
709.176
503.737
732.199
657.837
723.507
728.466
629.405
761.43
781.169
639.038
787.341
766.019
712.216
695.477
567.076
737.512
785.494
644.306
618.389
808.073
820.395
767.869
680.341
640.143
656.421
655.967
756.656
598.935
749.672
603.152
591.628
612.496
706.425
715.521
670.72
676.533
920.405
790.005
702.984
898.818
719.507
867.429
843.811
562.646
679.517
852.203
600.608
798.236
721.426
735.996
681.761
762.084
638.337
593.624
625.401
692.448
763.678
594.645
620.252
783.028
729.949
885.148
765.798
756.942
608.96
710.062
643.444
615.863
610.342
702.498
595.128
780.023
784.28
759.239
947.891
615.891
640.742
549.156
646.376
605.245
760.717
743.183
657.91
656.127
609.208
612.304
695.117
504.074
739.384
509.094
637.042
676.164
689.123
841.511
709.484
632.447
633.497
766.062
692.86
798.422
695.41
569.256
679.867
604.375
795.35
722.492
657.436
645.817
682.443
840.197
714.664
711.344
761.343
646.442
614.265
735.944
706.961
686.987
728.759
574.984
700.266
771.911
785.125
736.466
615.18
795.297
796.157
774.836
602.739
675.016
659.148
710.595
732.313
815.373
767.716
586.317
719.766
783.134
677.811
673.942
598.174
578.291
723.4
657.533
799.224
747.911
831.161
655.948
732.465
772.466
622.937
958.945
785.6
553.119
635.702
591.802
621.125
547.68
725.89
740.597
653.949
610.789
689.298
702.501
620.304
672.854
922.395
639.345
951.014
681.712
767.038
672.08
829.674
615.024
758.726
757.878
943.388
689.54
803.242
622.537
701.269
580.564
656.393
597.916
746.188
724.388
759.192
783.105
903.497
692.236
633.171
744.498
661.283
611.141
558.179
654.179
712.152
687.7
746.428
580.858
657.976
651.992
742.623
590.276
782.087
699.415
862.959
839.233
605.837
691.655
582.692
705.518
680.374
617.009
639.07
674.042
701.281
913.312
747.885
623.576
860.107
945.855
648.524
758.856
676.583
811.752
662.632
614.898
604.912
681.537
617.731
666.137
682.895
846.171
821.719
680.868
715.705
639.327
731.91
646.791
666.386
565.899
746.125
710.305
584.85
846.897
765.208
1031.57
731.313
836.173
559.488
835.759
687.502
871.348
618.794
671.066
708.579
531.041
964.527
697.776
768.228
849.85
551.7
634.934
633.595
795.311
573.696
569.734
693.659
814.165
779.505
566.31
591.164
814.596
719.068
810.588
654.559
864.956
788.742
495.738
676.814
1088.44
853.849
745.863
674.746
609.434
692.477
659.105
728.313
887.311
661.154
621.278
805.269
647.583
702.005
732.789
803.735
904.858
694.265
508.504
564.404
600.262
780.142
811.878
766.64
742.445
649.803
630.215
531.061
657.79
610.23
750.064
822.254
659.575
700.111
787.911
744.086
561.156
601.785
779.166
821.781
592.28
926.862
608.975
819.18
558.911
674.512
746.479
686.782
874.6
663.653
757.166
784.781
591.755
705.043
794.667
534.831
672.684
709.132
891.542
688.441
747.77
559.518
736.368
647.762
762.924
760.06
768.752
630.28
672.985
697.019
582.438
743.157
621.968
796.495
574.209
614.555
655.172
845.763
727.272
673.549
733.65
570.023
781.558
697.163
642.907
546.106
787.818
633.045
597.803
675.281
626.933
752.289
633.447
598.733
700.325
691.296
834.735
606.797
655.922
670.803
711.556
784.66
724.797
805.659
803.263
671.512
723.525
572.871
639.178
804.92
798.352
803.809
605.803
545.265
803.806
684.668
756.698
693.523
533.321
747.718
575.546
617.459
710.176
678.337
766.503
713.497
686.022
746.839
635.577
700.412
657.414
549.626
574.166
791.887
689.129
732.642
788.251
633.561
760.471
685.815
558.885
724.44
620.799
715.587
664.449
932.205
697.476
676.619
627.001
537.399
717.878
894.968
899.432
822.807
740.373
687.404
807.986
815.762
558.984
717.043
737.672
715.582
646.229
655.619
780.686
701.161
744.103
684.567
788.516
997.908
764.7
889.094
720.667
766.36
602.755
701.295
726.218
628.04
860.875
647.006
637.638
602.468
617.056
896.561
591.709
775.497
847.833
757.609
783.609
704.681
641.384
670.021
713.42
594.679
737.994
735.362
794.487
705.333
660.415
652.846
660.149
804.063
724.709
714.497
569.131
816.439
650.254
577.045
643.021
633.219
672.744
803.71
708.582
862.436
667.887
699.399
663.935
686.375
698.419
590.578
530.396
877.022
700.86
813.655
599.949
837.04
655.833
607.865
614.751
819.575
742.7
674.17
666.845
526.469
788.427
868.327
658.342
687.107
877.606
790.307
879.944
641.11
686.244
794.747
574.043
907.672
685.105
749.297
619.03
639.937
624.597
624.017
792.016
645.13
897.026
668.756
674.032
845.007
774.397
679.834
770.413
495.883
701.194
537.22
720.997
639.364
886.312
597.88
885.668
628.768
635.952
732.481
701.357
685.701
569.088
725.525
630.963
921.414
728.733
600.054
599.556
728.157
649.463
601.871
784.473
664.969
580.322
623.749
697.853
753.291
909.806
694.765
728.528
749.173
754.019
546.045
644.879
643.295
759.419
801.715
785.628
618.5
501.914
636.817
718.721
572.921
630.732
698.645
534.808
550.258
645.613
826.27
682.721
687
619.26
743.922
661.642
600.211
741.003
687.938
795.135
622.898
762.49
742.698
686.71
712.29
660.392
754.211
746.673
576.115
589.34
806.658
717.816
600.745
659.768
755.868
844.839
693.018
808.438
699.024
701.055
761.571
615.507
1047.5
734.884
867.417
678.743
779.439
724.006
755.712
742.169
703.984
536.255
792.796
667.344
625.687
688.763
726.584
585.592
690.399
618.895
571.976
941.98
680.419
948.094
616.737
759.576
635.373
640.056
581.074
677.699
706.374
669.424
673.547
741.626
735.597
797.068
608.634
631.295
789.151
702.411
685.907
651.956
701.441
643.671
602.21
956.843
698.864
714.712
620.007
639.609
808.867
661.867
689.873
730.958
667.744
917.769
881.388
636.769
857.822
859.883
824.123
868.418
646.759
754.209
653.742
507.966
678.507
612.266
722.116
671.519
804.483
951.883
597.91
593.979
680.048
683.876
885.152
760.342
553.442
679.348
776.656
741.994
650.908
737.468
688.183
743.762
620.621
721.87
629.007
818.366
682.657
608.671
852.177
670.69
607.192
780.27
596.756
773.908
727.403
616.756
749.291
622.248
570.455
623.85
782.788
593.892
780.55
565.786
633.117
763.735
675.753
614.309
817.466
737.812
701.134
804.174
640.551
692.091
702.774
702.4
691.87
715.912
817.891
714.608
626.397
596.943
573.249
741.703
735.905
544.646
605.598
563.438
619.362
666.059
683.842
672.196
577.438
736.991
586.024
720.423
975.042
714.426
756.986
561.022
581.773
600.307
615.435
703.481
738.692
672.461
775.711
660.16
680.895
563.217
577.203
564.377
742.707
749.668
657.162
724.982
845.804
670.29
600.449
647.246
818.485
613.104
712.633
772.557
927.64
706.447
774.117
633.011
579.183
662.832
740.608
693.911
615.841
701.35
641.587
846.924
747.93
584.696
607.794
649.53
695.409
678.153
872.245
568.523
633.062
678.192
683.493
589.4
599.408
684.542
569.748
793.288
687.671
813.182
694.871
793.589
588.73
882.104
579.901
613.477
700.238
728.478
693.162
874.391
602.981
688.623
615.363
625.196
793.566
738.749
747.095
613.08
674.791
485.675
685.177
828.46
557.599
1024.99
667.354
677.804
677.88
791.278
725.372
886.736
584.082
620.413
723.076
651.543
802.843
687.843
803.603
708.61
677.437
771.648
577.055
617.995
676.967
676.946
671.529
646.123
884.94
580.984
655.222
779.652
813.568
803.592
766.46
598.534
667.43
795.308
773.174
676.346
539.629
539.649
780.699
636.89
725.787
948.707
476.465
661.796
757.659
880.746
679.717
778.434
685.612
566.982
619.185
740.168
747.99
795.274
1244.47
842.379
634.714
707.562
565.498
671.756
897.076
744.326
738.109
520.37
575.73
762.135
770.85
791.76
702.006
536.998
627.392
623.035
773.95
614.323
808.83
645.888
690.364
574.367
730.989
684.222
565.246
728.011
538.242
830.137
710.09
616.228
681.906
1118.84
565.353
629.542
612.333
694.487
749.228
737.293
687.65
671.268
594.688
782.483
584.755
649.662
602.848
683.866
690.867
681.439
605.69
666.386
770.682
757.61
686.094
551.377
625.455
756.043
712.255
658.635
647.973
704.482
615.185
682.737
729.658
601.464
705.153
737.743
582.083
680.102
807.595
763.944
849.958
768.273
651.061
572.585
674.491
853.423
653.69
615.86
607.624
634.276
728.673
669.26
756.866
747.556
627.517
709.314
585.067
699.405
691.594
686.746
675.885
889.994
643.026
693.384
632.021
704.739
637.825
799.05
661.403
674.297
882.689
689.111
725.903
870.519
903.362
711.833
758.633
721.328
622.257
743.533
745.051
772.768
688.033
656.749
660.267
762.451
759.307
666.788
684.321
912.571
726.753
604.048
768.013
595.617
815.617
841.336
650.592
618.456
700.889
712.362
752.264
678.248
630.046
676.312
981.928
645.21
720.207
661.958
689.863
576.206
758.558
780.73
620.848
814.968
724.316
754.131
772.02
796.179
629.148
662.969
643.461
739.145
743.278
693.254
830.409
644.227
507.278
536.461
555.315
751.113
671.142
707.58
672.965
795.993
562.409
712.501
661.043
625.914
714.849
666.004
643.773
649.245
723.831
614.015
520.931
760.068
688.315
676.588
660.137
744.51
749.962
595.074
588.373
711.531
565.975
1001.74
644.69
710.728
592.975
672.748
720.353
605.492
654.953
649.507
687.947
528.92
692.873
739.12
732.185
580.754
696.997
566.581
668.217
941.98
688.908
630.287
697.733
723.734
826.215
699.703
728.186
561.894
563.392
795.732
624.983
747.413
622.193
712.407
670.144
643.447
618.851
636.847
547.898
839.294
762.072
715.555
537.137
673.808
745.01
588.979
676.764
660.737
653.89
708.75
637.122
817.028
543.167
625.572
886.681
650.135
525.062
691.532
656.673
725.752
751.462
625.803
629.486
510.561
550.876
714.599
543.579
898.785
740.32
910.726
722.131
743.766
656.026
794.369
684.697
778.476
780.302
689.229
594.628
655.364
563.089
763
748.313
597.068
638.194
605.553
715.678
645.36
639.922
764.855
706.153
597.785
672.986
629.764
648.399
783.437
593.984
899.948
691.221
822.341
864.262
703.26
718.656
622.201
653.64
688.291
698.892
671.689
652.405
554.681
745.343
830.73
694.731
635.945
627.084
656.448
660.369
659.529
678.903
558.999
706.703
578.372
685.228
674.372
593.923
743.826
1119.18
611.933
645.826
787.014
738.606
660.025
769.486
789.931
728.071
653.184
637.153
910.049
743.344
681.631
618.058
608.664
699.586
696.287
768.941
610.236
859.661
780.228
650.953
633.299
672.417
626.67
715.087
622.961
631.75
617.669
648.465
609.096
686.14
660.145
751.682
629.016
745.601
847.72
630.273
761.393
761.435
815.959
724.237
689.339
599.512
893.245
816.826
644.435
616.872
600.566
752.412
682.757
813.03
937.863
714.107
654
644.081
585.917
740.704
774.779
681.485
835.223
640.081
721.294
846.401
837.567
572.306
581.819
772.202
568.694
723.399
703.665
721.772
676.011
725.916
624.952
739.013
835.57
653.676
769.525
753.667
754.305
737.345
706.406
601.756
734.697
753.491
997.135
692.992
817.311
753.27
629.146
650.366
616
672.882
698.014
854.06
574.134
678.191
749.278
673.196
747.011
788.806
850.696
779.498
714.472
702.427
641.786
696.197
709.279
665.697
811.67
660.913
767.591
686.975
626.324
687.648
722.647
667.772
607.834
736.418
584.139
769.372
519.952
773.512
629.904
854.888
927.761
650.877
734.555
723.028
718.876
832.503
700.473
572.669
828.679
523.705
672.677
757.058
612.784
612.695
803.064
727.184
717.469
838.19
794.116
709.84
701.589
704.763
750.598
623.044
607.795
636.828
754.229
723.359
629.404
640.698
979.641
548.82
633.112
747.455
695.866
736.782
862
834.909
742.961
647.319
983.28
724.879
646.059
779.704
619.739
756.291
788.782
824.504
543.703
657.411
658.813
809.358
668.252
598.761
711.77
636.264
733.786
697.126
837.393
739.26
808.74
737.891
809.358
665.217
816.992
707.763
654.215
625.094
672.776
739.938
682.259
711.787
578.379
721.134
657.834
658.223
663.349
574.412
592.241
795.598
773.911
692.642
621.181
732.316
645.862
631.943
720.583
637.88
804.522
986.389
773.005
797.353
747.856
571.639
784.719
1003.59
749.486
749.65
774.213
641.192
679.171
901.665
632.465
751.766
784.252
570.921
783.06
803.737
584.71
687.824
683.463
585.988
592.491
730.788
736.883
540.083
714.798
529.869
738.634
754.627
656.287
699.083
783.115
807.463
743.444
536.443
655.693
637.719
591.386
724.979
628.114
580.453
602.798
745.116
596.62
770.181
620.499
595.034
864.488
739.238
676.051
686.314
844.776
812.92
827.918
621.483
848.792
743.565
820.275
683.791
739.298
708.038
771.381
604.445
680.286
701.856
655.289
690.752
689.672
721.407
698.773
813.481
611.073
673.966
672.094
823.121
710.989
725.61
739.772
675.832
721.685
664.865
697.152
729.446
598.566
670.419
729.797
629.198
910.309
740.738
666.227
793.68
626.502
793.264
805.657
615.782
653.175
815.313
630.368
854.003
732.553
897.003
771.974
683.252
572.279
622.288
695.396
915.635
728.767
762.146
841.131
618.372
686.651
670.622
726.077
724.169
540.152
712.319
841.138
867.258
619.189
678.157
586.124
695.076
790.557
810.168
583.887
647.249
751.741
719.402
740.531
674.573
787.453
676.581
713.514
588.347
589.445
755.739
693.453
770.085
656.747
705.904
679.112
704.564
675.782
740.282
585.778
553.914
739.476
777.432
676.502
609.277
690.615
640.495
704.339
602.02
687.392
560.884
553.14
774.775
759.159
627.455
812.473
687.223
751.244
695.544
674.946
642.248
813.779
639.043
868.379
713.382
579.701
658.406
706.97
689.172
697.864
696.124
622.203
666.867
588.024
626.275
614.818
620.618
847.337
658.68
622.777
590.181
662.076
662.996
541.863
689.764
676.784
555.715
656.318
666.646
608.344
669.471
852.965
747.772
877.124
796.416
671.343
708.753
699.295
559.208
793.768
639.674
629.847
758.736
777.412
635.632
640.46
824.524
594.532
701.304
591.207
651.894
913.31
629.578
741.525
745.805
723.059
740.057
616.44
840.14
619.569
657.676
770.85
572.936
629.818
777.833
663.76
720.649
614.047
656.631
717.158
692.405
669.994
781.416
597.054
636.606
649.397
675.056
879.598
792.748
806.952
740.285
783.196
597.007
671.866
593.949
679.03
764.879
663.049
702.396
643.196
664.015
975.761
648.193
849.989
619.627
781.368
585.922
623.303
553.723
624.11
623.646
714.179
633.612
835.833
795.172
654.996
683.042
950.726
715.939
571.014
597.482
801.63
589.786
798.202
649.896
628.187
753.254
692.331
713.563
687.009
664.356
769.474
831.298
823.008
862.026
884.97
788.992
732.548
731.609
588.503
786.204
787.255
558.427
647.803
670.489
763.111
815.961
668.561
591.846
750.488
760.894
639.475
725.075
855.143
669.348
732.609
759.081
701.663
899.903
834.773
652.427
772.147
563.717
749.425
920.019
521.593
630.361
623.931
582.49
767.666
642.949
716.13
617.647
808.404
677.54
710.575
784.497
744.596
701.649
666.349
612.979
908.173
672.087
860.529
850.774
673.414
638.504
620.862
848.238
760.256
621.664
779.896
711.656
700.069
563.41
715.303
668.186
642.8
713.797
766.008
671.04
745.86
598.842
791.506
748.081
661.425
546.264
1011.04
547.566
748.848
854.906
666.767
764.341
659.533
703.836
580.679
643.241
846.294
621.88
569.671
777.911
602.166
618.912
785.774
748.089
767.251
807.872
776.397
579.292
756.199
676.819
948.809
755.152
895.066
803.68
786.087
713.181
889.943
638.767
850.618
606.418
730.711
626.589
778.429
560.242
630.909
745.553
712.227
940.612
520.025
634.79
752.016
768.009
795.423
722.32
846.418
600.696
841.046
680.552
605.306
799.24
566.643
759.031
830.538
771.674
713.197
542.067
706.004
640.219
872.859
657.832
735.68
832.24
743.319
680.608
690.823
650.979
680.599
648.392
623.524
648.467
590.657
642.76
630.125
617.354
641.76
735.065
619.412
666.85
666.35
811.433
700.588
550.901
700.075
722.113
871.874
632.59
763.374
708.269
775.803
573.746
795.972
922.745
1063.73
505.794
590.36
636.707
506.927
711.698
591.618
690.045
804.731
747.528
549.405
1043.37
728.146
761.168
807.512
683.718
699.812
702.31
726.916
852.65
773.009
666.35
631.429
845.124
683.699
653.952
652.645
717.632
595.699
782.386
777.964
671.476
695.415
948.414
955.446
592.724
582.098
630.977
656.614
970.948
673.45
676.727
688.349
766.153
801.086
557.46
613.61
700.906
642.599
662.322
701.338
701.379
626.259
598.211
758.634
700.383
757.484
612.574
636.014
806.336
530.323
678.886
671.24
658.339
684.029
667.322
880.556
870.357
676.084
704.891
665.449
614.164
582.838
633.522
698.859
598.236
648.958
830.561
647.646
782.188
639.737
642.567
618.384
665.547
610.37
729.412
544.616
881.158
806.558
661.715
725.832
830.196
690.042
731.064
679.331
733.979
590.904
684.329
855.263
676.182
550.383
882.545
614.249
621.244
759.036
611.768
688.766
871.316
800.227
635.094
718.404
799.198
608.454
560.776
639.558
597.361
625.616
620.117
668.407
645.616
583.359
670.921
686.579
705.355
799.395
678.363
742.276
607.582
649.804
632.856
677.402
712.226
663.638
733.779
877.308
624.1
672.857
659.241
610.213
632.311
595.12
549.269
623.774
758.397
689.913
692.008
698.869
835.707
730.902
643.049
621.7
662.49
682.639
805.101
732.248
621.243
732.475
709.813
844.906
679.412
863.219
649.785
723.557
621.11
670.195
729.423
686.208
626.435
552.887
672.158
678.522
866.719
680.588
806.891
575.284
690.848
676.635
670.868
685.7
550.875
727.464
569.761
712.601
754.707
617.096
800.015
652.812
576.655
805.887
652.26
579.349
720.943
624.774
717.594
684.888
663.559
622.818
808.692
769.055
632.993
682.237
877.949
621.735
659.512
546.078
772.89
606.483
640.339
772.047
808.23
793.465
597.433
638.966
737.794
692.683
725.374
710.895
943.095
761.78
652.723
627.157
750.162
695.739
778.523
1138.09
606.932
779.248
1019.53
692.673
617.176
690.589
726.76
630.559
824.733
749.732
650.772
708.089
595.35
563.857
597.945
803.908
615.247
909.826
649.499
708.467
729.287
869.771
632.691
725.306
599.329
725.498
572.901
712.553
658.809
685.276
774.285
990.678
598.681
825.225
674.285
767.904
805.084
616.616
648.508
690.591
587.779
662.155
710.534
608.09
833.179
700.575
674.92
728.157
896.709
625.308
632.64
759.389
554.415
706.041
760.122
690.228
709.808
632.866
590.23
603.835
696.916
657.481
710.028
672.376
576.261
639.287
718.3
601.761
654.185
661.065
642.258
537.54
1035.3
670.308
674.988
610.337
817.525
760.592
648.074
666.644
563.232
642.312
764.927
494.094
787.521
558.078
666.265
876.929
705.893
649.927
725.679
653.24
806.075
753.842
689.581
621.427
679.26
717.53
629.032
824.281
659.384
558.951
681.67
737.623
662.619
588.214
826.974
702.773
555.976
722.321
661.245
835.301
554.039
692.784
723.844
849.257
794.502
845.323
734.482
627.002
724.448
808.425
752.663
752.257
736.954
552.262
707.11
638.438
648.97
856.337
939.661
785.705
814.105
710.602
810.423
655.233
710.584
602.657
744.451
621.365
761.888
818.33
908.809
745.345
788.244
670.035
630.238
830.053
666.935
571.167
641.106
756.215
861.952
675.566
779.643
587.848
626.498
837.171
677.812
597.912
735.925
647.138
554.538
740.051
694.871
614.825
641.267
883.737
732.807
698.097
701.883
718.654
537.51
775.11
701.214
591.473
917.844
801.698
751.313
614.451
664.663
825.677
718.219
847.547
829.463
704.413
776.461
674.692
597.232
605.914
718.501
651.856
774.373
766.208
727.088
687.559
718.923
719.575
546.288
766.812
673.77
657.378
710.507
746.833
736.427
615.329
702.721
678.391
672.069
598.67
613.434
605.609
936.8
683.879
638.501
523.994
850.294
593.862
704.161
857.537
618.587
722.964
824.254
746.56
823.915
844.01
744.393
651.69
640.209
609.255
613.134
613.237
620.553
635.202
1075.09
708.646
613.394
587.459
694.27
790.503
715.597
686.18
691.06
686.586
591.939
600.698
909.428
628.46
672.791
709.895
731.766
583.36
660.168
711.083
608.741
673.535
720.266
579.688
671.99
654.146
629.312
744.496
929.178
726.199
635.145
809.927
815.593
791.381
620.553
663.413
800.426
753.276
715.099
714.255
700.206
811.807
749.929
641.079
809.433
789.699
730.302
682.591
642.676
609.281
760.855
763.164
638.131
599.119
643.211
596.193
633.314
664.352
741.012
664.769
686.587
602.649
704.425
542.04
633.052
696.133
633.329
780.889
534.83
826.72
538.176
639.454
676.554
537.901
700.627
726.612
627.678
611.589
640.905
659.073
668.34
692.529
750.185
690.934
751.248
863.399
752.547
635.553
642.507
693.037
728.277
804.73
554.707
600.07
617.363
664.284
743.462
709.266
650.275
622.267
718.613
567.094
778.822
653.718
669.335
751.158
543.198
738.896
661.937
952.295
695.544
657.451
498.701
678.99
632.152
635.255
649.583
698.758
599.142
647.14
744.131
669.437
689.773
825.599
595.762
773.888
561.064
686.13
719.808
618.38
657.904
604.794
732.661
631.129
719.481
644.743
621.875
566.65
730.655
753.495
732.123
626.762
640.922
716.193
849.56
592.732
634.884
702.281
614.949
676.207
670.942
819.997
732.484
660.572
643.419
554.35
624.78
667.292
548.579
761.298
629.632
672.044
814.579
614.246
678.151
580.529
569.018
825.468
902.937
662.137
742.789
642.299
695.284
705.989
803.939
681.303
861.853
744.419
618.222
646.427
627.943
633.612
771.364
869.019
800.035
779.134
492.689
683.427
850.99
761.703
705.957
837.863
605.303
628.52
1047.46
582.074
660.069
758.66
674.977
869.031
694.392
700.016
606.371
751.56
845.875
770.952
894.909
782.589
669.381
538.729
659.041
802.62
580.11
657.521
861.339
850.972
591.307
664.993
744.223
587.098
698.987
762.948
672.368
589.598
776.531
602.221
638.159
588.235
675.768
694.577
809.112
847.933
695.384
724.328
673.518
678.607
778.682
893.341
705.869
591.045
657.655
625.328
674.213
820.025
714.071
610.062
818.584
748.879
773.766
614.858
650.497
646.334
865.161
893.836
565.087
624.869
623.937
657.141
830.866
680.559
688.948
740.866
568.325
674.761
654.178
633.511
680.322
621.581
596.999
684.713
717.014
666.88
898.703
663.603
655.136
755.301
818.672
721.079
620.035
684.524
652.577
627.338
638.799
683.623
703.493
702.913
663.932
693.288
933.923
677.125
735.566
702.172
606.406
922.496
622.299
673.557
833.499
660.942
751.468
603.372
711.239
665.372
615.999
812.409
656.815
851.35
645.485
684.868
851.17
616.125
710.195
671.803
694.459
661.945
751.267
749.366
685.448
645.234
659.996
854.031
609.251
662.6
719.411
713.071
723.552
567.636
842.713
551.191
728.236
588.494
639.588
724.052
660.753
723.415
661.861
920.204
687.992
759.052
616.992
765.374
708.043
864.478
734.504
792.828
786.579
585.037
735.52
749.704
690.688
643.709
601.125
709.608
785.847
623.586
711.69
703.684
646.475
774.426
844.2
613.64
631.873
726.944
880.875
777.057
724.226
740.197
782.204
860.493
638.687
567.258
726.922
718.507
571.869
806.307
699.037
624.653
672.843
824.701
707.575
551.942
651.17
806.386
784.062
755.571
623.536
576.696
920.586
588.701
565.017
816.114
887.919
689.397
761.309
780.071
694.03
721.786
586.284
522.893
683.903
884.87
730.428
814.885
799.496
701.475
848.93
524.888
685.237
594.846
603.655
769.343
813.366
713.195
726.756
576.865
681.299
636.535
670.699
553.71
617.512
649.672
694.963
680.04
664.387
652.069
688.699
804.976
621.793
711.909
587.971
646.93
676.572
637.525
798.274
736.065
824.835
574.818
708.029
568.457
691.521
689.398
690.955
880.571
802.857
694.551
658.74
643.751
649.747
822.607
640.905
802.835
662.577
774.475
550.138
741.355
619.861
810.678
743.136
765.685
643.689
730.394
800.692
678.736
613.583
570.456
723.69
612.569
641.243
652.655
736.592
840.366
581.133
696.507
858.648
774.173
770.201
731.147
938.317
507.177
613.501
800.933
727.408
591.083
735.299
536.795
708.345
769.549
604.565
680.318
522.54
574.877
589.639
782.001
727.934
695.477
634.057
656.984
843.077
814.067
661.986
698.924
633.829
577.045
623.637
545.623
517.305
724.572
729.516
597.921
775.328
597.485
703.727
781.55
754.911
730.474
672.434
751.32
581.899
668.655
706.077
624.409
754.635
641.78
838.136
741.113
724.853
644.021
735.146
654.045
643.459
936.985
725.076
674.974
629.719
699.607
796.814
834.944
603.922
677.472
690.039
720.306
744.334
619.178
612.091
695.29
720.529
681.252
586.345
810.713
702.405
837.381
781.898
689.093
653.924
592.355
559.809
655.146
998.355
567.474
556.254
555.714
579.961
666.792
732.586
690.156
655.309
653.983
596.184
783.762
818.688
606.818
828.356
641.567
617.563
563.455
579.459
799.7
887.193
707.264
602.559
657.523
583.798
759.136
737.086
748.844
759.326
548.188
793.817
608.045
827.397
541.204
651.194
635.31
622.968
630.443
648.005
726.55
685.721
613.316
688.285
738.608
660.885
995.006
666.679
1048.76
631.819
689.211
747.091
726.317
631.914
645.675
686.759
714.014
779.528
698.544
683.641
733.204
700.305
689.302
769.094
587.517
673.94
610.178
518.383
530.802
629.066
694.692
728.067
600.448
746.587
631.426
555.347
659.394
596.672
677.606
663.676
626.307
690.867
825.747
607.794
661.961
563.11
607.476
652.764
789.888
700.639
734.225
788.281
616.191
549.06
718.906
683.746
709.72
729.437
660.349
770.533
816.545
622.649
678.636
711.685
555.913
666.61
613.044
678.118
652.786
665.455
674.231
623.462
538.878
682.509
702.119
567.345
566.004
820.157
747.862
903.996
911.671
658.789
695.946
666.772
646.804
640.943
709.465
737.335
596.894
601.8
763.983
590.603
670.088
624.871
821.331
689.566
790.335
737.743
695.967
686.749
644.35
652.133
518.256
682.394
713.51
700.287
607.964
1101.64
710.224
671.312
592.558
614.937
794.486
826.311
796.582
696.469
638.753
683.287
824.813
735.284
767.93
694.018
893.125
777.187
593.177
675.027
669.109
632.949
647.639
781.545
538.655
585.813
712.43
765.496
642.934
878.875
708.73
705.335
648.889
697.408
738.743
701.657
755.353
780.419
739.335
586.166
756.111
734.19
808.417
716.964
792.143
541.15
590.797
676.686
802.184
774.042
926.224
755.862
716.177
755.692
697.515
647.096
602.24
726.199
601.618
738.552
555.59
552.456
687.618
701.834
822.019
670.661
781.14
804.071
704.453
669.703
585.569
793.61
712.274
624.607
789.468
827.958
732.994
699.816
614.442
663.873
743.677
584.676
721.271
857.605
704.486
767.911
702.191
704.042
684.023
738.466
578.827
660.093
756.907
645.458
650.487
601.299
722.584
758.629
794.527
776.651
824.374
810.513
873.778
864.067
651.187
714.007
596.029
755.076
785.666
726.17
610.43
706.498
764.03
676.185
724.056
799.562
961.537
703.705
577.593
638.636
698.04
773.528
658.134
617.633
718.648
640.111
558.716
648.006
617.746
855.084
772.004
696.181
647.542
872.945
692.256
565.483
646.47
727.41
764.196
648.832
589.118
583.025
702.68
569.88
776.502
801.847
647.366
673.28
765.694
542.643
692.484
673.217
605.233
629.584
710.095
894.035
589.145
714.744
789.534
635.853
664.996
652.892
836.855
706.54
662.852
595.695
717.989
615.088
834.367
743.24
637.932
627.829
666.552
651.865
745.612
791.297
805.676
745.072
597.281
540.22
700.992
712.991
788.881
579.802
695.178
737.558
625.04
557.743
747.573
770.818
677.709
705.014
675.371
701.58
687.155
723.994
649.213
624.317
652.234
835.412
641.792
906.122
693.086
693.423
620.713
931.833
810.09
800.918
682.527
620.009
697.45
603.353
624.867
750.821
927.8
684.093
812.494
553.778
734.177
668.62
673.584
642.806
575.482
612.802
724.745
518.168
591.16
797.272
660.363
662.165
632.661
738.717
585.504
587.556
740.987
609.025
637.283
670.639
681.374
906.389
641.785
681.345
723.602
563.7
792.71
848.569
779.302
643.593
724.159
748.035
710.117
601.264
608.104
857.144
744.629
663.085
822.545
765.352
654.366
879.55
555.25
840.155
573.308
615.809
728.344
589.065
678.737
852.43
713.77
677.57
856.71
540.439
710.081
646.949
696.939
659.888
897.318
753.256
564.07
744.292
817.181
871.51
616.02
732.844
682.074
813.115
704.658
863.881
574.836
761.436
656.911
622.92
656.209
673.867
561.608
604.563
635.269
706.353
705.981
657.512
661.543
616.798
773.841
756.932
501.884
665.796
803.004
888.346
598.956
684.611
638.919
580.758
598.778
735.118
658.257
684.927
662.368
633.042
523.724
744.648
705.893
784.71
806.825
647.4
597.608
693.479
689.769
768.1
669.01
708.276
789.151
903.573
778.443
640.238
668.964
869.355
645.205
633.895
639.741
800.828
787.622
698.713
816.59
784.438
483.936
751.567
660.105
631.573
711.469
782.941
742.536
716.485
706.719
705.098
722.965
706.909
585.947
705.963
874.234
589.786
675.632
783.972
641.668
684.817
765.574
605.325
684.363
571.524
934.731
617.675
642.091
599.172
709.512
665.842
589.934
645.52
565.258
644.517
815.409
754.771
552.287
953.252
726.043
666.852
669.628
695.8
640.127
793.576
787.407
677.796
692.44
602.992
706.192
629.47
776.333
611.566
760.104
695.406
576.346
578.675
785.514
614.729
776.698
648.843
752.347
591.354
686.9
603.255
596.689
612.533
706.586
778.345
764.047
681.652
800.693
722.298
593.864
717.761
748.675
684.298
620.197
679.905
615.285
619.981
732.034
795.805
687.969
599.219
855.84
631.741
607.704
646.762
830.391
695.915
663.721
661.615
586.178
730.943
750.076
647.416
685.855
789.399
669.484
621.074
643.194
576.888
603.853
657.974
764.911
833.724
746.041
734.399
722.674
678.823
763.518
725.114
591.33
667.99
828.143
706.768
751.69
622.274
687.496
902.149
729.287
946.491
835.843
673.877
688.097
728.642
548.826
678.973
636.671
665.947
556.157
689.959
647.75
674.095
759.637
1227.14
475.599
703.74
511.997
712.479
696.147
722.243
693.898
697.917
579.74
828.817
731.975
742.615
604.602
827.836
814.386
851.35
786.229
925.432
949.378
734.416
783.332
824.693
661.865
834.632
762.159
767.155
686.243
760.862
880.545
731.068
672.684
812.563
725.817
679.242
653.397
676.076
522.627
692.595
674.67
524.546
645.099
740.801
705.812
643.899
657.475
609.478
708.663
607.063
616.163
707.824
630.672
683.475
818.821
753.294
638.505
553.032
696.957
715.679
841.827
712.404
770.734
741.257
591.291
678.921
701.28
635.959
815.356
590.411
593.674
583.888
744.902
699.764
613.632
760.77
690.023
585.433
609.282
560.107
605.684
637.196
966.818
589.471
731.914
746.235
715.019
777.947
850.355
615.018
941.636
898.399
614.787
722.559
685.981
797.471
634.934
545.639
696.482
635.741
621.666
710.323
650.323
683.819
666.014
806.588
837.088
656.853
758.573
685.94
544.682
716.25
780.203
595.747
930.687
721.835
662.287
646.549
803.469
1133.68
665.907
704.604
599.317
689.314
707.588
669.875
878.038
791.524
572.804
688.346
647.468
672.386
571.996
572.314
577.192
598.685
645.298
955.299
675.315
549.713
699.162
698.825
720.476
726.689
677.895
688.597
891.947
661.737
774.949
836.494
686.324
717.442
723.621
750.918
605.332
710.687
583.222
941.854
710.5
883.384
914.452
745.565
587.94
741.117
727.664
897.119
790.061
691.37
884.241
640.165
778.954
793.611
724.251
611.429
640.371
666.569
643.161
798.843
643.499
889.501
626.533
768.11
763.103
713.987
629.398
607.783
578.375
574.646
764.367
560.231
595.594
771.192
689.853
556.636
754.945
678.069
600.582
802.56
743.635
708.154
703.492
746.712
719.644
671.099
740.919
778.985
782.377
561.917
790.03
620.178
805.692
775.914
720.826
877.83
713.004
662.473
792.884
831.602
669.595
674.344
633.572
681.421
686.522
667.004
668.627
623.524
593.418
705.751
586.445
673.951
670.421
607.406
688.577
730.096
595.479
713.434
573.729
809.967
590.701
602.889
565.566
776.043
665.613
626.125
575.232
604.903
552.804
694.526
637.918
711.794
677.15
668.72
593.32
681.232
676.435
534.388
700.03
775.07
666.983
780.346
579.422
737.615
686.94
631.396
607.301
805.416
927.754
705.461
810.249
512.945
750.009
635.745
762.847
789.596
570.665
684.892
688.17
625.036
850.918
889.328
607.696
643.638
670.544
558.898
646.457
715.161
747.609
737.211
664.002
586.687
609.725
619.384
862.839
697.413
756.184
639.761
666.38
617.802
614.719
642.248
853.027
682.876
712.222
808.489
583.796
684.892
794.354
640.943
621.07
739
815.739
892.922
591.281
651.232
605.072
780.734
979.147
948.541
608.508
740.398
631.379
731.465
668.964
833.176
649.113
702.722
588.446
650.863
733.98
621.834
711.967
646.636
632.257
571.408
579.882
671.472
815.61
571.28
680.434
601.7
698.315
684.735
624.621
612.245
762.538
669.307
661.148
644.471
677.56
676.585
575.427
710.484
723.663
901.653
862.649
555.388
717.356
552.163
712.134
646.073
773.339
731.614
794.314
694.417
794.357
661.172
673.056
697.324
737.834
652.688
658.954
633.678
801.65
601.444
830.851
571.764
705.788
794.549
719.117
662.495
635.908
649.209
799.553
726.973
545.279
611.577
669.865
625.576
589.002
731.394
654.362
707.845
799.887
710.228
643.106
659.214
596.478
630.439
870.695
619.329
766.719
640.793
797.314
654.496
616.069
716.169
794.436
683.979
652.822
863.979
723.802
621.512
779.088
659.145
799.082
786.311
657.169
681.379
602.862
596.349
669.956
557.004
891.268
737.952
663.852
639.749
650.527
623.414
782.631
641.325
791.77
691.536
658.261
579.319
604.835
600.466
659.094
777.717
692.461
514.916
652.35
803.996
789.353
641.022
583.692
694.629
759.122
563.068
621.011
790.125
783.296
616.585
749.344
710.507
656.184
590.343
871.331
729.313
730.553
739.88
651.553
587.861
633.222
648.617
764.829
639.967
588.133
735.444
659.263
780.857
668.656
803.722
544.185
721.576
661.884
690.511
929.088
775.002
878.927
757.601
607.677
774.79
746.431
635.54
715.96
758.493
758.312
773.43
627.595
904.571
684.129
642.829
650.349
611.622
720.76
777.172
910.169
673.095
732.242
663.463
831.274
583.083
681.982
767.781
734.319
600.97
1065.41
654.64
606.173
763.826
581.284
728.304
710.766
727.218
699.562
618.623
696.211
789.591
650.276
809.375
840.338
690.379
617.095
701.141
672.51
734.206
712.623
736.959
628.209
988.235
656.104
807.58
768.553
745.433
685.528
750.49
621.325
671.535
689.984
604.847
675.011
727.152
721.609
675.517
979.135
620.141
860.619
632.879
926.439
585.851
622.74
749.5
709.984
747.298
732.209
673.57
766.171
620.549
719.219
783.731
779.423
724.925
795.73
729.214
644.791
751.252
874.792
755.198
832.45
843.76
747.489
637.008
815.893
678.301
853.516
611.709
740.036
835.247
690.245
642.269
493.648
742.678
650.574
672.183
640.65
850.544
816.451
601.273
694.526
589.958
713.677
838.651
709.085
569.476
696.466
641.785
597.539
634.45
723.519
636.25
601.483
662.33
789.917
834.332
591.228
641.176
754.847
699.978
758.223
619.336
768.243
801.44
610.093
646.95
601.298
630.31
656.501
677.629
711.6
683.657
788.984
794.692
792.302
632.676
829.67
584.513
743.626
784.056
673.037
946.712
780.076
588.747
807.017
596.655
581.868
840.466
542.906
734.301
596.255
626.684
705.823
730.108
664.771
736.483
720.66
741.741
721.573
728.654
788.498
750.14
758.175
593.838
731.02
671.446
747.697
782.829
655.252
697.857
647.815
707.152
656.154
674.587
686.32
809.723
860.141
667.428
683.588
800.469
717.293
646.4
661.926
743.43
611.744
790.271
674.618
712.16
701.985
655.16
613.386
633.109
626.244
796.502
639.465
671.833
605.623
661.336
762.081
611.204
608.651
732.492
620.094
668.45
685.796
704.209
635.415
627.183
764.738
804.081
671.536
752.181
719.17
572.817
645.223
681.64
650.859
536.324
586.861
836.918
638.98
973.601
644.567
867.443
764.639
703.431
745.195
697.824
678.503
867.1
625.72
729.668
639.927
833.231
650.839
615.522
792.218
600.959
573.777
582.219
596.325
705.686
754.334
827.029
536.688
694.212
783.253
796.365
920.167
748.992
664.1
662.258
733.094
670.834
696.025
691.643
705.274
626.471
854.04
690.957
639.933
565.511
684.158
741.513
586.574
756.379
882.125
671.589
760.829
588.643
576.321
677.26
777.318
570.216
523.036
655.117
675.855
634.32
657.35
731.134
572.575
784.807
700.787
823.271
822.79
648.866
595.783
625.525
723.739
763.505
578.963
651.25
810.69
601.628
662.499
675.646
773.462
663.023
660.759
658.438
812.927
820.341
723.599
778.358
789.37
886.76
775.02
491.449
806.647
635.542
696.453
595.316
818.026
635.75
840.922
665.739
541.109
718.213
682.867
620.924
692.246
697.622
767.935
643.839
630.599
660.115
730.345
622.298
618.779
679.881
591.983
594.676
576.31
732.01
634.609
930.63
799.09
516.97
687.112
546.71
710.789
596.841
592.516
626.121
603.148
716.676
705.44
749.162
711.879
782.583
645.865
592.628
598.22
770.624
654.785
684.081
720.575
789.793
687.816
691.538
693.286
711.114
707.039
590.146
674.167
575.092
612.294
739.973
650.033
691.067
806.622
637.288
771.51
956.379
573.46
708.982
693.21
825.803
661.521
684.949
755.601
800.941
607.817
595.212
592.068
685.273
612.112
557.298
734.826
601.046
1002.28
844.882
734.745
630.107
730.604
774.748
660.644
641.94
622.758
631.958
657.564
628.097
672.692
696.98
559.397
556.236
794.661
676.643
873.099
591.777
894.396
679.228
768.537
664.825
645.593
654.77
523.508
818.302
653.47
644.706
832.743
826.137
708.592
661.379
768.856
1095.55
644.73
551.406
876.625
837.234
717.242
647.834
680.947
716.437
797.768
692.744
662.488
820.625
717.601
700.789
729.191
611.567
574.405
708.789
820.971
620.526
646.499
612.74
703.532
757.521
732.514
841.733
502.28
769.224
839.979
701.371
919.726
659.494
846.728
670.607
721.619
770.734
870.293
669.772
536.752
624.79
643.861
602.559
971.447
801.717
577.181
680.393
598.307
776.413
705.057
672.247
582.334
595.125
655.776
771.13
696.297
831.974
684.418
721.347
640.038
530.37
818.345
647.132
860.209
747.03
599.506
919.923
574.235
741.745
538.928
743.699
662.984
643.499
643.779
725.496
774.04
806.167
783.559
808.08
661.595
787.899
659.191
619.302
650.242
670.721
654.819
639.465
830.75
622.521
768.412
589.197
611.884
609.581
891.897
867.531
721.213
610.293
686.98
549.448
686.085
682.749
793.604
802.846
656.73
763.556
868.918
694.45
734.289
707.039
754.267
587.51
896.095
620.899
744.856
818.46
683.839
885.167
864.054
626.254
606.874
747.126
941.379
642.371
689.013
629.392
516.076
776.618
845.438
710.209
623.757
812.15
601.952
698.988
682.807
584.736
708.571
772.633
642.69
745.302
724.908
529.035
857.64
637.534
794.285
646.488
797.449
637.461
609.532
741.994
651.811
719.659
674.059
841.222
822.49
611.718
759.297
651.656
571.666
669.688
687.392
679.123
673.305
594.233
700.146
738.996
591.468
640.439
614.87
649.956
689.007
593.015
680.587
859.288
694.96
817.483
806.463
619.991
708.717
992.208
682.382
910.951
754.207
676.37
707.641
662.769
655.318
946.214
723.704
706.415
747.352
645.72
707.912
623.306
855.555
785.242
669.139
757.118
681.943
698.795
745.919
759.485
676.845
813.426
765.3
606.073
548.721
666.118
904.515
646.521
738.772
687.427
782.16
795.631
774.229
749.152
736.782
735.189
607.445
573.569
794.044
800.736
682.82
652.58
759.471
724.335
712.227
685.563
581.457
663.322
681.537
772.211
580.489
728.268
791.52
665.627
840.932
636.868
695.372
756.514
623.167
796.701
804.728
913.146
647.047
716.382
757.698
702.776
720.852
720.658
649.637
681.306
675.017
729.932
663.885
632.376
736.403
647.825
768.971
607.466
872.411
564.932
730.687
771.104
859.272
654.19
586.967
717.754
587.784
653.579
756.82
641.121
555.342
704.904
731.273
768.554
699.264
755.6
616.207
663.919
629.23
749.369
654.237
642.514
714.735
774.854
717.475
713.434
1006.05
630.959
804.147
575.881
697.449
761.655
763.358
707.668
663.547
725.467
614.427
667.313
533.17
549.488
861.505
618.399
553.193
649.647
708.703
745.856
940.208
768.245
719.489
686.925
755.72
624.085
773.218
653.724
750.958
605.835
638.177
627.412
768.934
660.572
603.15
520.969
657.043
662.24
723.249
605.183
699.792
764.893
825.334
705.052
696.553
717.534
551.479
663.839
716.451
662.464
746.579
660.557
676.838
643.922
772.017
628.977
601.728
661.35
653.444
789.796
606.572
640.325
662.127
773.537
777.31
751.078
697.98
547.661
751.449
686.292
863.153
946.813
641.14
736.666
701.837
642.365
643.785
703.194
734.156
880.408
641.586
844.642
555.185
640.946
734.342
670.132
502.881
669.674
539.238
676.177
598.932
707.938
925.249
739.931
671.523
743.235
694.106
935.944
571.602
564.136
663.694
579.903
762.128
668.245
766.703
652.117
641.946
612.967
753.462
794.2
774.396
714.965
701.376
664.857
608.851
581.508
783.006
964.188
683.486
573.55
744.19
724.248
647.122
620.115
671.665
625.125
619.501
964.094
712.449
613.125
857.909
610.168
758.678
554.699
729.304
680.732
647.136
741.325
548.472
638.378
889.244
724.074
591.597
785.49
703.89
614.151
843.525
719.387
652.063
779.348
658.893
978.605
681.157
782.592
832.497
709.756
624.248
538.488
663.387
646.168
617.94
659.681
680.281
643.424
642.239
659.928
679.667
630.285
672.754
829.078
634.469
753.239
570.216
891.31
777.212
616.791
766.012
733.661
631.341
594.547
791.202
627.738
802.504
811.925
675.193
808.831
675.864
832.203
600.025
653.171
880.351
572.743
670.234
806.48
923.71
571.564
565.242
647.622
555.967
698.265
560.187
592.691
762.372
716.909
797.005
684.023
699.351
708.761
680.718
865.61
671.034
601.305
879.461
756.908
736.524
574.745
683.668
610.386
697.896
655.031
737.579
798.9
786.354
688.152
750.148
682.826
673.994
531.116
623.788
729.097
830.913
755.425
892.445
713.598
722.154
624.585
761.186
676.256
756.229
692.507
581.337
709.841
586.237
610.129
591.147
765.662
708.779
561.551
644.524
722.09
540.76
709.43
679.179
647.137
612.23
780.608
665.105
532.781
578.883
795.377
789.424
699.332
708.589
678.095
673.656
576.299
687.091
701.735
611.115
784.794
626.084
599.587
861.199
728.091
634.401
568.542
648.627
653.177
568.435
616.41
762.394
638.744
707.265
642.537
706.381
623.693
668.791
633.726
850.247
666.364
831.175
660.189
590.726
920.339
638.924
595.029
536.292
694.855
686.31
523.248
663.242
646.127
666.656
956.61
662.383
784.625
675.677
679.45
582.246
570.498
658.425
613.9
785.53
691.318
864.832
816.341
628.288
778.241
689.145
657.588
649.949
627.334
666.505
720.568
628.715
662.937
757.839
790.534
577.938
700.278
790.396
702.931
810.863
850.378
846.456
669.598
706.883
657.109
591.455
750.632
805.919
670.49
739.107
775.427
708.371
837.241
837.817
717.751
832.205
664.442
781.571
833.064
797.514
860.955
803.396
584.535
764.43
790.506
662.185
798.922
731.924
604.471
722.924
669.735
584.628
741.605
729.219
737.6
684.737
711.484
732.882
677.176
688.281
716.435
811.06
623.39
628.325
641.104
608.218
794.575
752.869
750.344
676.266
759.321
743.608
693.79
861.462
727.855
713.701
642.257
518.66
745.822
614.873
903.531
663.077
646.553
589.358
865.454
605.839
823.897
710.991
694.493
620.541
661.058
603.007
633.368
878.267
604.317
586.861
538.118
763.77
806.498
859.622
709.023
664.189
811.871
906.897
664.713
796.926
746.064
775.424
499.954
836.316
648.063
560.718
749.687
561.298
665.734
900.98
633.868
828.774
779.547
825.983
638.714
898.323
679.011
600.468
567.031
745.669
721.3
546.856
589.985
815.442
666.409
724.592
726.558
644.141
648.728
714.818
671.772
659.432
703.76
704.186
583.179
703.439
564.641
773.486
728.457
633.003
765.817
538.908
722.485
682.868
655.842
894.301
642.634
683.505
564.982
723.375
573.226
780.661
756.925
696.223
768.475
668.53
645.002
658.958
764.222
839.126
592.55
602.899
665.012
664.167
676.605
659.583
732.47
558.949
669.782
653.81
583.032
670.938
858.017
718.431
676.265
702.003
601.357
695.286
657.702
881.628
748.347
622.725
671.873
770.885
663.634
791.062
778.623
677.491
625.625
683.583
713.707
592.528
755.546
616.259
688.53
699.25
710.208
754.484
603.669
946.182
781.391
766.547
641.072
687.977
708.395
831.227
630.978
884.358
896.407
755.275
535.711
569.061
690.226
873.5
524.693
967.525
825.309
762.72
569.862
782.384
676.488
763.91
800.563
751.758
718.628
599.954
676.512
637.553
694.385
601.024
898.173
637.34
724.666
739.435
768.162
697.137
679.893
645.593
736.039
784.294
687.519
601.778
662.17
564.922
730.22
660.149
702.474
740.363
619.504
636.397
683.634
650.983
619.421
815.204
699.336
635.714
759.523
708.168
675.255
735.381
593.669
860.868
699.061
598.262
566.127
633.78
713.136
802.546
596.745
716.198
796.818
685.642
585.721
643.721
662.998
740.624
575.84
615.146
706.626
699.438
649.853
593.665
590.296
765.148
635.015
700.057
676.416
692.396
660.904
709.041
690.648
696.346
614.906
755.897
782.182
657.418
661.584
728.511
798.489
537.444
641.216
678.269
751.206
719.474
661.928
600.516
781.011
613.476
699.025
718.131
643.516
699.292
697.992
918.694
691.96
682.508
625.11
776.316
667.152
889.515
602.539
786.635
807.983
744.428
667.291
722.432
579.403
715.064
644.608
684.822
636.105
905.613
870.975
676.863
853.516
673.213
703.969
838.311
665.185
659.258
738.685
800.955
629.719
655.912
665.678
743.457
794.769
760.866
682.881
652.056
610.188
778.484
681.207
754.153
574.951
775.05
596.232
662.94
708.847
735.311
672.945
683.15
585.315
688.377
582.393
817.028
616.499
723.599
659.892
668.886
807.017
675.808
670.361
694.4
639.538
693.219
667.734
801.681
720.629
663.329
579.506
629.751
628.458
640.931
636.076
757.43
667.51
639.58
771.081
472.369
743.321
697.724
732.482
772.382
683.142
775.638
678.578
718.844
606.351
564.058
543.314
680.688
775.217
849.894
992.124
628.18
875.681
781.838
749.285
715.617
827.311
829.399
574.418
802.572
774.05
791.938
675.56
865.523
693.899
639.564
738.567
581.762
759.042
848.631
865.475
664.464
663.748
728.208
786.293
761.957
833.462
744.737
746.148
723.813
862.404
775.606
570.415
602.732
687.404
896.481
869.208
596.782
713.525
671.928
757.36
595.42
661.112
557.198
626.16
714.097
760.675
694.753
757.648
622.183
599.488
637.164
795.196
546.349
837.042
548.608
569.435
694.448
659.63
571.55
757.694
671.143
818.47
659.319
853.488
711
868.187
566.932
699.425
756.308
681.334
667.519
689.622
764.724
719.417
731.701
586.882
779.703
761.365
701.96
673.946
633.123
827.294
830.677
696.291
713.871
694.997
715.213
727.402
557.977
759.208
737.463
788.485
671.029
688.1
650.663
790.485
623.032
725.667
622.558
639.052
713.617
922.108
639.433
723.002
659.739
624.908
527.755
874.959
751.965
728.989
614.29
846.154
719.572
586.444
666.244
709.741
770.312
677.896
685.704
651.446
670.95
734.667
697.299
651.928
683.713
599.455
652.925
547.235
722.805
675.196
763.457
562.223
589.984
791.943
609.699
734.261
647.813
734.477
835.552
683.565
578.518
713.544
676.382
793.24
609.931
765.413
888.509
731.861
794.457
954.567
737.692
585.675
660.908
795.977
672.305
732.684
656.928
655.823
707.618
691.416
577.477
685.019
860.066
649.593
769.313
735.004
760.659
656.134
623.529
770.987
956.958
737.078
754.124
744.971
697.67
779.551
784.408
601.937
660.289
590.149
709.637
678.871
622.731
715.524
664.456
674.129
767.423
590.383
584.975
746.085
675.969
729.091
866.444
629.539
843.631
716.627
570.627
666.015
625.064
754.232
668.68
666.016
581.226
582.781
712.282
572.319
659.073
598.558
637.927
682.037
844.158
705.202
820.137
617.367
767.654
569.521
728.811
653.355
593.64
719.398
555.875
665.664
581.964
638.009
588.616
751.207
655.441
534.954
641.608
821.261
657.477
834.998
748.84
928.23
740.748
597.684
794.023
750.126
666.491
762.506
546.218
555.889
715.881
684.607
648.695
880.54
814.301
726.775
754.627
496.868
655.5
614.526
606.421
658.329
935.172
768.573
573.769
810.287
629.922
764.969
677.822
565.983
710.563
947.843
685.501
637.123
690.665
1160.13
753.13
551.79
732.58
693.661
617.492
742.108
676.775
537.491
615.202
648.611
623.144
755.371
660.997
552.778
662.504
896.55
828.322
756.173
604.392
605.832
628.271
627.89
809.071
671.686
892.018
774.919
785.066
676.687
660.529
593.873
723.761
653.442
739.884
680.316
580.485
597.212
707.352
718.606
578.498
766.638
666.717
535.196
676.187
594.307
828.768
695.056
824.723
759.687
593.046
572.977
669.152
762.689
705.038
742.559
639.753
749.467
743.166
802.841
592.269
633.219
891.327
814.696
954.905
617.065
740.951
794.179
589.419
817.461
604.109
736.053
806.84
756.641
687.09
692.615
846.945
701.298
684.346
579.694
643.889
643.204
764.483
810.159
617.636
749.614
775.005
577.408
600.451
794.893
768.573
667.825
679.363
690
637.154
839.226
596.823
722.701
815.32
655.342
698.722
800.682
1209.16
620.744
608.648
621.281
655.106
778.798
768.539
722.158
687.708
516.633
626.897
766.645
771.078
704.051
821.941
742.083
817.762
587.277
659.166
776.265
596.452
541.796
701.762
539.712
605.563
627.08
745.076
686.145
738.013
562.879
583.875
796.802
625.078
874.675
727.597
808.099
623.088
636.632
796.737
663.319
616.498
796.051
739.1
628.435
554.787
626.938
609.831
826.014
731.024
800.164
636.411
678.752
675.456
616.093
633.799
927.431
806.285
735.554
728.262
728.872
812.313
693.022
778.873
576.077
657.545
598.48
689.455
675.661
547.584
546.28
515.672
803.429
675.761
645.086
680.674
572.61
620.949
724.445
725.387
601.486
794.967
890.092
892.524
856.995
882.795
758.058
609.783
846.13
602.495
536.207
743.261
778.903
582.083
737.729
703.101
503.203
610.669
723.658
707.928
549.253
641.568
655.049
719.278
688.931
654.97
792.204
690.185
805.45
779.733
644.795
569.532
691.326
788.126
612.921
552.435
859.878
625.15
789.151
747.435
694.549
579.335
695.076
792.623
739.347
731.83
873.792
701.3
622.374
725.244
717.28
680.117
676.337
692.875
664.86
932.48
578.661
683.562
718.835
799.492
691.176
720.924
699.596
730.103
701.707
1010.75
641.092
802.607
807.589
630.391
755.964
785.76
562.556
674.908
845.684
644.924
802.259
687.398
770.464
577.593
786.352
601.908
630.439
674.323
701.475
693.687
668.11
787.395
612.463
953.441
750.297
731.996
724.404
648.121
731.799
564.079
717.742
625.088
673.529
791.083
742.394
768.852
665.214
722.927
940.746
693.874
698.796
554.356
579.197
703.349
665.138
586.838
704.872
787.34
726.866
695.209
662.182
822.701
999.75
822.096
648.453
649.078
626.38
723.43
685.306
717.191
754.6
643.6
534.672
763.702
814.054
732.967
618.026
811.082
727.991
686.888
628.92
695.946
683.342
758.065
608.982
745.577
631.77
613.517
581.502
809.967
544.591
702.742
785.77
696.883
815.052
723.67
618.115
698.413
656.676
734.853
584.999
782.708
723.17
841.88
563.783
765.007
614.026
591.985
860.989
720.095
793.547
917.449
837.922
694.121
918.094
824.013
797.33
676.697
765.703
764.27
525.751
609.29
724.006
901.369
700.837
660.275
706.837
891.166
642.95
651.518
729.707
794.352
606.942
867.194
646.882
757.185
685.739
719.269
683.055
723.953
617.81
645.63
665.846
632.268
579.984
654.012
602.776
710.79
624.02
622.449
756.356
613.526
650.551
650.128
630.191
728.682
826.756
687.142
653.586
633.148
704.738
660.512
867.695
646.319
616.288
663.728
759.193
631.089
759.108
669.222
625.451
773.354
697.97
740.337
698.542
712.646
703.121
744.955
750.578
749.666
672.677
831.769
927.559
739.393
768.935
641.586
723.488
691.952
642.068
854.473
592.935
658.493
583.654
828.735
609.587
923.79
787.107
602.923
571.257
690.628
711.809
672.233
617.703
750.948
609.497
595.176
708.042
763.785
733.121
677.307
553.471
593.75
736.314
604.703
859.383
919.869
660.587
709.649
616.016
554.446
633.087
560.044
741.366
650.281
748.279
675.369
785.537
561.9
658.536
662.224
530.963
675.957
800.754
697.816
743.905
602.434
763.872
721.281
715.031
667.726
692.377
720.102
605.849
799.153
785.432
778.921
577.19
668.223
587.664
770.674
595.575
703.701
733.127
531.361
897.529
805.678
674.382
759.987
941.989
704.084
649.578
668.306
727.027
576.183
676.138
627.018
683.102
614.854
662.361
677.697
593.626
637.59
637.532
703.595
699.652
536.506
666.359
734.236
589.975
607.14
676.694
598.525
591.173
757.418
551.912
633.984
701.793
1006.89
772.128
729.148
681.576
759.426
817.978
787.245
646.44
668.543
636.257
527.959
678.38
633.746
764.72
722.637
690.076
775.851
704.985
740.988
705.012
590.312
752.611
717.486
692.215
769.661
703.904
697.172
675.093
630.276
729.36
717.539
727.796
694.973
698.202
655.799
1042.21
653.951
644.019
674.14
621.925
731.948
714.737
809.468
729.71
717.41
718.359
737.218
716.441
656.466
629.415
797.551
801.997
868.963
668.487
657.885
819.238
584.857
680.167
613.912
682.786
624.552
645.211
798.16
527.039
695.665
649.489
687.084
736.688
709.748
826.394
509.498
782.708
754.725
839.995
608.975
560.771
734.243
618.834
880.975
637.867
815.728
792.373
664.304
726.972
668.535
589.015
736.276
673.484
655.959
1043.74
670.554
597.147
697.705
715.152
628.621
591.437
839.945
687.155
779.483
605.276
789.576
666.889
807.803
588.25
725.114
820.725
554.543
718.194
672.91
739.063
544.325
854.321
663.833
649.974
728.661
678.74
705.694
696.845
681.276
804.909
815.255
685.553
615.206
753.489
740.007
673.315
720.478
840.967
774.766
615.031
663.571
658.571
730.835
711.55
652.612
1121.57
574.184
638.529
718.416
690.582
713.194
545.894
637.723
693.213
715.768
740.362
721.073
495.05
689.264
660.574
646.293
610.773
861.055
784.361
788.837
720.524
666.132
615.858
837.911
605.348
649.188
699.114
658.924
687.454
619.929
847.639
639.136
708
760.439
624.789
770.397
559.064
849.552
782.641
570.602
730.967
622.074
583.79
734.772
849.738
963.981
641.923
667.998
857.89
829.477
686.831
690.111
827.553
666.982
678.77
760.744
746.655
632.81
735.574
626.407
713.707
577.401
688.447
625.556
704.536
594.074
724.616
764.128
675.162
720.01
637.317
590.835
636.105
706.658
678.362
819.709
609.625
648.919
704.391
567.094
713.077
780.698
690.599
657.442
769.902
722.401
688.645
792.537
886.299
565.179
766.336
621.999
614.709
706.16
709.866
672.301
711.331
748.898
755.52
677.873
731
762.777
938.607
708.825
675.884
673.3
822.031
769.891
643.044
800.262
648.488
793.478
706.77
695.308
654.744
794.955
648.743
665.814
748.39
674.553
797.439
643.829
981.491
808.474
641.572
636.208
579.608
670.732
618.46
775.086
705.407
843.143
832.127
668.067
734.201
727.156
695.868
907.371
663.274
614.579
596.115
751.636
772.983
572.245
743.835
689.895
784.672
685.017
717.259
742.308
685.227
575.607
607.926
702.795
614.621
701.88
611.482
619.247
568.552
651.095
834.982
696.31
712
754.79
506.318
673.262
597.18
813.322
575.292
722.262
800.746
789.662
630.068
606.808
568.724
686.291
724.545
667.025
749.554
862.244
807.93
867.699
603.136
678.041
598.54
597.465
723.907
656.118
531.312
620.405
672.872
579.645
603.156
679.133
771.275
721.936
613.696
734.409
548.977
556.837
794.014
906.271
754.359
532.847
651.53
838.258
661.896
645.037
603.75
683.746
709.191
698.308
717.817
833.405
875.155
737.916
858.688
696.393
678.878
614.763
588.328
543.614
807.148
785.502
676.469
707.682
798.796
540.903
760.483
614.112
717.768
602.792
685.593
649.967
623.928
611.837
605.369
749.805
661.872
768.384
778.531
624.052
548.057
660.472
656.7
718.123
587.574
514.712
631.697
882.61
640.177
718.553
681.99
940.795
601.781
645.143
654.365
788.941
577.269
640.202
674.612
745.264
636.899
708.978
854.447
771.644
736.131
969.543
872.792
740.462
697.119
670.725
685.487
652.8
763.793
651.452
664.945
628.867
670.37
753.218
525.98
1100.63
778.546
742.344
668.838
652.105
611.199
753.001
702.043
751.225
711.097
674.692
616.401
643.404
613.651
543.957
756.175
657.428
725.271
718.042
703.945
671.1
723.814
792.163
684.076
685.672
657.301
661.161
668.874
775.855
649.152
715.212
850.302
756.251
694.819
813.022
901.521
1004
646.147
636.326
698.036
758.379
633.742
792.352
779.201
684.375
642.817
606.453
926.247
620.683
842.348
689.376
727.12
638.054
553.741
656.199
583.713
769.256
793.263
577.477
685.183
509.213
593.75
667.054
615.56
605.2
842.55
579.62
743.047
631.35
613.248
561.874
716.648
747.219
626.805
711.398
862.873
719.251
878.944
849.389
643.391
611.251
747.146
674.789
723.174
639.708
560.679
764.002
519.257
658.572
682.667
918.479
593.339
612.676
773.914
864.999
706.149
549.539
605.385
757.662
728.759
687.062
669.339
754.48
602.66
791.274
595.365
726.304
553.259
779.914
909.634
558.645
735.722
631.527
911.094
770.914
663.906
721.644
697.86
631.818
539.751
656.664
743.729
736.178
648.743
783.266
919.702
791.873
732.544
693.629
753.92
649.623
645.575
596.498
599.354
714.768
847.257
700.043
687.123
631.074
661.275
781.485
584.609
937.63
853.148
742.368
719.872
772.199
629.083
734.156
682.321
633.534
664.24
661.082
878.666
728.34
696.431
907.036
774.653
732.865
728.557
585.674
683.387
756.024
687.549
708.411
656.98
639.851
636.641
713.716
753.625
712.469
680.26
707.918
667.179
798.492
580.744
755.329
664.085
610.051
648.448
677.268
636.399
530.774
588.065
741.186
765.401
596.247
686.74
730.217
656.671
715.065
679.201
788.653
568.98
668.646
881.793
619.597
869.902
781.503
978.398
566.927
960.64
705.346
677.936
688.5
753.33
677.648
628.891
666.696
539.121
640.39
603.464
771.315
744.262
588.162
802.696
716.156
676.174
464.872
721.188
628.888
597.622
635.456
684.443
861.48
732.929
824.647
847.591
720.728
686.407
607.008
688.898
728.114
987.077
740.02
717.443
645.411
688.011
559.927
739.703
639.154
597.417
583.433
672.924
703.046
780.988
818.821
770.748
797.372
712.503
846.741
668.789
701.947
599.545
632.636
721.406
688.709
540.111
670.594
705.164
632.816
593.869
721.737
714.723
653.086
811.776
589.224
575.29
747.124
568.594
673.562
662.729
743.379
577.211
699.967
699.34
608.326
782.032
786.681
735.451
646.637
640.877
711.231
750.239
592.179
721.592
703.724
748.587
717.58
585.192
731.181
679.99
641.757
744.14
684.649
612.966
566.666
591.447
698.198
578.154
713.533
602.617
989.596
649.981
667.26
601.872
