731.241
847.447
964.218
885.206
827.777
1024.85
986.092
940.548
978.879
951.371
1010.91
963.004
853.317
889.354
841.938
1014.53
946.363
911.157
1074.09
746.428
807.835
914.109
1104.05
857.813
890.357
766.412
832.066
1052.3
959.333
1117.3
1293.67
960.693
865.62
1235.02
1003.01
818.523
744.868
796.189
878.862
1112.23
841.845
871.545
901.38
857.14
1085.04
845.652
1074.13
1241.75
665.301
1045.1
907.396
912.768
1024.56
1011.33
899.65
1106.58
914.408
973.157
858.59
832.242
808.666
949.805
892.843
936.406
888.466
839.253
1111.41
849.625
829.922
796.779
813.194
864.504
731.348
931.541
963.184
779.792
1119.53
889.225
823.136
894.461
963.67
1066.93
1105.14
823.247
957.639
900.953
918.842
1148.26
848.877
943.5
891.984
1020.45
1006.43
925.32
866.009
938.438
888.642
1001.06
961.093
816.154
802.371
1126.75
881.74
977.268
731.741
806.992
748.121
906.113
797.644
820.039
916.174
992.555
898.54
903.7
981.037
987.167
932.315
879.975
893.151
776.58
925.531
776.662
888.936
803.458
711.417
1096.63
824.925
1098.63
855.512
886.769
1037.36
835.876
804.266
834.089
943.731
836.215
1006.15
986.057
920.226
1059.55
854.213
874.58
1048.05
1194.2
847.63
941.342
992.798
917.955
1238.26
668.352
785.733
716.99
874.207
898.181
737.134
911.944
988.549
787.639
1028.02
1054.36
1053.96
911.154
927.797
922.308
896.569
1393.42
705.137
943.115
1049.77
1033.56
1054.09
1424.93
911.572
1136.81
1026.84
876.782
829.409
808.178
1206.25
879.867
801.118
1000.69
887.646
1029.03
644.376
1122.67
999.287
829.165
1030.61
986.948
1068.24
768.001
1147.27
865.585
1091.44
855.522
926.018
934.323
917.733
945.205
968.647
925.605
766.56
1044.93
802.105
1155.68
1147.13
1204.07
983.481
1084.53
763.542
954.619
1035.18
1455.78
817.992
919.68
1101.87
920.309
933.646
892.216
749.842
859.617
1020.83
726.205
765.157
846.958
1036.43
861.152
824.672
1130.8
1013.15
797.351
873.112
986.773
790.226
960.096
1253.42
709.185
806.436
969.459
725.934
863.426
874.266
1195.45
729.623
883.074
945.219
892.978
833.851
1161.02
835.301
900.018
974.171
927.578
778.579
816.884
819.656
734.254
1165.68
870.666
986.414
834.619
773.389
1028.37
879.515
772.937
780.794
828.873
875.36
1173.53
978.342
831.758
749.451
901.917
883.287
881.31
989.86
899.024
1031.19
834.049
847.916
941.633
1057.33
964.633
1304.41
719.358
738.285
988.965
979.468
1118.41
733.006
836.089
806.074
1026.79
971.908
1051.12
856.796
838.393
826.942
773.35
924.326
807.765
886.821
914.674
981.077
916.59
669.294
975.517
1042.46
785.848
918.477
833.489
909.847
969.164
823.785
899.928
920.874
798.74
884.278
939.974
895.476
930.553
1014.26
890.276
1229.52
896.646
811.329
876.261
992.006
854.014
843.77
888.393
835.214
933.135
802.114
973.913
821.035
827.956
854.573
740.072
821.532
986.603
813.453
733.583
866.096
942.566
877.279
928.533
858.728
904.688
1012.36
958.112
975.39
930.78
894.537
1045.1
787.609
897.024
1119.62
843.327
961.431
870.001
886.71
836.761
896.552
772.993
770.231
1009.93
871.57
979.032
955.981
757.234
1141.77
1287.5
1121.55
801.543
1131.06
876.703
907.827
1042
1133.11
977.022
749.914
725.555
932.343
823.623
941.591
909.235
930.618
955.802
728.074
928.406
840.078
943.95
872.233
772.05
1047.38
1080.02
1062.49
938.594
972.516
790.29
1172.23
799.41
872.224
1001.72
840.529
953.247
786.953
958.43
1048.86
974.947
1008.77
823.205
916.618
847.275
759.825
783.747
1075.22
1229.04
1003.35
790.43
1073.69
1120.56
938.824
1012.5
1400.97
869.093
980.843
858.757
898.094
900.002
782.872
943.707
860.285
799.92
904.843
804.328
882.139
819.727
919.903
839.768
843.576
984.576
1172.03
926.985
717.615
932.565
1017.79
929.749
1027.56
923.296
791.116
841.848
839.077
1124.71
807.173
891.463
921.15
1091.59
996.191
853.265
1410.08
1265.37
839.252
823.58
1213.7
856.117
979.401
1010.16
978.471
822.65
1011.4
997.116
911.271
725.316
916.769
949.291
860.028
1145.01
905.081
1129.68
829.971
779.268
1039.55
939.979
870.015
885.96
958.542
1043.19
858.022
923.437
878.335
920.656
842.377
1031.35
842.008
1222.26
887.951
1016.22
835.768
831.069
1284.19
1083.92
855.036
899.827
755.524
913.411
756.093
750.103
915.682
1122.29
910.264
795.456
900.058
941.955
1272.16
730.431
918.146
1299.16
978.49
837.512
1095.9
950.308
862.382
817.346
790.275
1031.66
731.984
977.678
1054.83
806.769
898.708
1128.53
1428.47
751.226
1006.08
893.313
805.993
936.855
1256.19
871.243
896.857
886.86
894.661
873.274
862.535
1198.17
779.405
882.504
865.751
925.339
931.873
1124.86
955.89
1099.52
872.211
1042.09
904.752
1036.18
821.549
841.785
894.844
812.438
977.559
854.91
974.88
786.799
896.073
829.362
965.309
963.343
1007.48
902.934
975.882
980.226
782.996
1079.5
752.774
757.76
803.751
756.501
891.861
815.076
1176.78
878.07
813.367
955.631
746.23
742.579
728.081
878.093
968.106
1008.69
934.295
960.898
808.442
1067.17
1029.31
757.886
928.771
880.742
922.276
1011.17
947.83
920.798
967.712
911.759
734.452
806.139
1178.16
764.987
849.413
830.338
765.559
832.914
781.154
1077.88
858.633
863.67
1094.38
914.568
815.598
976.242
885.897
850.641
843.918
1007.42
876.515
870.307
847.731
893.42
1136.37
880.975
875.176
1094.24
826.2
844.011
893.787
774.849
845.386
985.825
959.123
889.234
1047.31
1104.41
841.567
902.231
888.794
940.167
983.622
953.861
1075.1
810.474
874.384
874.444
863.484
768.221
853.763
889.133
1101.09
934.512
797.935
1004.68
776.8
1157.83
1369.8
1000.85
820.893
940.791
755.246
733.297
958.17
727.627
883.842
1005.89
880.687
878.359
753.861
1035.03
1007.39
870.771
1157.3
896.558
984.236
855.66
891.225
855.218
739.621
803.476
874.814
855.769
966.261
809.118
836.306
1032.94
956.302
892.379
987.077
720.909
853.688
793.186
807.25
961.562
972.941
823.475
880.06
936.697
819.541
1026.01
725.407
1066.49
774.045
1064.42
928.673
1064.87
717.4
972.313
883.075
1119.8
997.957
982.196
1192.21
866.425
634.491
808.421
915.704
963.86
1089.81
722.825
829.427
1067.88
1043.63
1149.92
846.235
806.989
988.944
899.755
795.575
930.764
833.432
974.338
991.154
951.187
975.112
1114.64
860.059
718.581
916.626
874.774
836.426
877.609
763.224
740.772
821.884
994.789
1056.69
943.414
881.555
957.196
825.054
824.836
973.933
1020.43
1074.78
1015.64
908.214
923.217
1189.57
1015.92
705.152
613.23
811.966
863.447
679.246
896.027
727.774
728.422
949.265
968.759
930.304
958.942
943.179
706.778
822.304
1129.82
898.578
934.755
1013.82
1259.01
875.255
811.02
1630.8
1179.56
837.98
959.22
1055.43
779.271
780.557
1161.6
853.723
751.924
993.106
970.567
863.262
940.358
828.147
756.698
1119.55
789.105
1042.08
933.04
959.158
817.492
828.697
913.643
929.9
855.873
941.014
1102.76
1022.73
832.238
768.779
1178.35
678.202
717.877
886.016
903.222
889.933
1010.65
906.347
864.98
989.947
890.888
998.436
1127.58
967.024
1248.42
838.481
835.594
1187.89
990.642
904.499
822.804
906.218
919.922
1028.69
882.157
844.833
836.537
761.245
1126.7
819.089
1270.88
851.795
944.111
887.426
800.1
974.691
980.687
1197.51
762.104
987.236
978.135
1054.93
829.355
902.888
783.938
1009.4
1066.43
723.389
683.444
1233.26
995.742
922.05
1056.57
1285.26
873.686
775.248
939.564
828.308
1119.83
788.543
1015.03
883.253
929.344
1025.63
938.471
931.387
844.473
942.563
972.718
1007.76
965.045
777.29
1092.61
924.605
762.093
800.896
937.946
941.277
881.392
929.149
1004.87
894.414
837.927
820.106
805.05
864.401
954.013
1219.02
960.505
1064.44
1032.32
807.146
770.256
851.397
953.431
954.468
830.818
915.946
935.549
846.999
1045.8
1032.46
980.475
799.993
926.341
952.358
983.996
940.209
688.827
860.747
1018.42
966.036
827.278
737.418
1157.3
1050.86
812.787
933.849
868.109
818.63
940.958
1004.63
1002.95
823.388
1030.61
859.257
956.445
1014.33
1049.7
982.381
1051.97
904.558
1002.05
854.106
768.852
971.03
831.378
944.691
802.067
916.47
965.708
821.842
784.438
865.242
886.552
933.605
1013.22
721.424
1013.32
1097.01
860.216
999.81
711.004
1016.62
960.005
757.807
792.771
1055.91
855.763
795.224
937.794
958.342
1337.4
871.375
992.911
835.5
838.067
868.616
1070.37
1091.41
1166.37
828.05
878.587
1052.98
1005.35
945.2
872.15
827.42
741.492
812.966
869.145
954.669
1049.74
770.311
1156
834.966
823.735
1098.81
895.088
1036.63
845.979
1065.7
796.001
1227.97
927.539
1030.19
988.189
851.381
819.356
1075.82
792.336
948.595
940.476
900.247
1009.31
1077.98
882.858
962.663
1024.88
914.5
916.411
1349.43
850.413
872.427
727.865
797.02
922.535
1056.8
1061.7
872.376
836.897
1034.92
1498.82
788.855
903.63
684.92
1062.82
1086.99
964.794
1016.11
858.661
964.784
920.324
1064.97
677.331
983.753
868.734
999.906
942.914
770.234
752.494
866.185
869.013
893.394
870.151
903.075
919.425
810.969
913.37
965.774
741.752
1065.2
939.413
1008.68
908.376
977.602
948.906
965.164
917.749
912.513
1154.58
933.58
949.541
965.595
978.649
967.605
818.153
975.191
1045.48
798.204
718.819
816.944
1472.76
796.195
991.223
765.305
883.846
784.346
871.063
862.868
903.083
726.074
891.1
966.227
1173.98
1036.42
1136.76
914.662
1101.45
977.79
896.578
1042.91
959.601
835.854
1074.17
744.047
974.942
827.406
864.974
922.21
867.835
873.391
892.089
924.575
984.786
848.985
805.693
902.14
801.365
930.895
775.751
779.922
1130.52
1067.95
1231.58
866.934
962.185
802.245
891.387
807.797
968.318
956.857
725.357
775.713
843.804
833.608
946.069
860.705
881.245
882.877
907.713
795.469
1118.46
861.604
1213.79
943.244
836.396
1120.8
953.262
806.508
967.203
1018.6
974.257
748.057
753.625
876.967
1036.39
966.991
747.961
1114.15
1038.96
943.236
1255.62
951.445
932.942
905.212
785.969
757.195
926.486
1168.91
952.714
892.575
989.911
852.593
774.739
898.55
1021.36
962.054
799.012
808.853
1143.75
803.704
1005.26
858.73
993.609
1052.07
1059
930.404
1135.05
824.031
722.1
1192.19
1206.34
974.273
930.763
1184.53
829.938
871.565
824.819
1161.76
871.863
1049.49
832.488
967.437
1011.64
806.814
837.319
911.084
998.058
1080.67
910.07
1264.78
985.315
1002.66
950.741
1035.76
841.857
1289.33
802.661
907.006
804.799
800.823
874.056
922.363
800.144
1267.02
998.57
867.886
866.793
914.61
1040.09
1149.14
906.884
857.437
784.545
971.721
946.152
1074.24
785.732
1003.69
975.06
1138.31
663.634
990.204
898.745
861.447
776.666
740.905
1034.67
945.357
1036.81
863.56
800.328
971.699
803.677
889.661
702.622
919.648
869.272
790.985
951.319
1095.67
1004.7
878.63
1026.73
704.217
855.85
794.318
813.993
932.53
1179.44
798.022
722.402
940.28
941.24
831.824
890.215
1129.52
1292.64
988.278
651.698
979.034
1179.53
1051.05
694.907
882.146
945.858
762.123
933.918
816.566
726.927
1073.38
1024.61
1102.34
976.242
858.022
793.134
1060.61
929.772
907.583
923.566
918.197
1016.68
899.983
978.364
1176.07
1067.08
774.297
804.295
929.207
935.597
1013.99
1272.74
1000.09
904.983
889.891
1020.21
834.274
990.231
925.39
741.325
1108.18
793.955
964.514
1014.41
1017.43
994.621
947.003
1085.7
804.821
954.589
685.797
902.355
835.779
1187.37
809.577
1049.48
975.129
641.845
806.68
935.123
1144.46
987.63
807.449
924.057
835.836
612.9
843.81
846.445
874.784
911.651
1263.08
813.351
930.944
752.75
881.437
926.794
990.039
1054.63
806.596
1043.29
845.921
1253.35
962.712
857.625
956.077
945.63
819.297
993.806
815.819
797.486
850.617
792.172
981.833
806.007
789.712
889.775
919.665
962.688
936.091
935.046
808.855
1005.16
832.613
836.46
710.222
1040.12
918.182
900.322
767.488
850.444
886.571
800.902
1113.92
905.877
745.523
698.225
924.974
818.098
778.736
873.271
951.928
1045.66
1041.46
1116.93
983.907
821.645
833.531
1044.61
741.732
690.309
887.814
971.917
890.619
889.318
868.26
1069.81
801.716
1013.86
964.685
846.92
988.046
936.552
856.67
1327.64
903.614
866.306
810.33
961.297
1113.98
1115.35
629.671
1078.6
1054.37
808.942
800.765
1006.32
761.27
918.576
834.141
724.284
1035.53
1023.78
782.783
1040.93
995.073
761.361
1087.38
839.242
869.151
838.676
1061.62
1046.37
933
1015.95
883.015
1105.63
1031.34
1185.73
960.121
857.277
1053.98
808.844
1062.67
974.864
943.464
742.823
969.54
899.786
920.529
1222.59
921.495
777.849
927.394
789.97
1078.51
1049.37
1316.26
1065.55
863.958
839.671
1099.65
975.009
892.388
1055.92
928.236
963.269
689.207
952.467
820.175
856.161
953.549
896.559
772.977
885.231
773.373
791.822
1020.23
922.458
727.645
1169.57
1026.18
947.357
1050.32
754.686
791.019
1000.32
918.121
982.634
899.896
810.696
926.07
895.863
863.673
1043.62
893.882
856.834
832.556
863.497
705.771
910.573
1048.2
896.404
1043.42
986.406
1124.29
911.839
925.831
754.103
1168.56
887.446
1118.5
906.379
919.051
1118.96
937.566
862.458
837.763
1124.76
584.114
938.919
1059.02
919.034
913.165
812.264
1110.04
852.799
825.936
777.067
737.554
1236.3
1224.37
1107.56
690.852
980.563
1215.82
921.185
1216.16
1264.44
1152.41
904.353
803.605
797.737
842.214
718.084
979.763
1081.69
951.347
903.529
811.667
737.32
817.345
947.907
875.752
1013.2
927.273
960.758
846.782
755.283
744.355
750.776
775.79
1048.46
767.26
980.517
891.557
890.675
911.288
815.979
1006.2
1025.53
883.092
1159.01
1125.03
972.916
816.691
859.444
756.721
987.709
1162.66
856.674
1003.09
892.323
879.398
822.973
1045.55
1255.11
1175.99
994.793
1109.83
889.88
992.809
1051.3
1086.77
1081.58
835.637
824.918
891.526
979.064
933.658
946.686
738.487
1104.17
850.672
903.474
945.875
796.974
733.997
1155.33
837.883
944.036
988.841
959.592
873.157
882.162
844.112
1034.45
815.659
959.295
733.557
1010.84
1100.09
1101.2
741.259
1095.39
767.404
736.793
861.992
861.817
815.061
836.203
993.078
916.596
970.434
913.603
836.652
909.857
1047.06
846.726
835.48
835.596
860.919
902.12
814.853
742.177
1109.04
1021.16
1567.1
968.478
811.886
1168.64
623.966
1180.14
866.867
947.842
1141.05
867.111
810.98
722.339
843.39
998.76
849.72
861.626
1086.41
867.958
678.79
936.747
1063.33
920.403
777.707
795.794
1103.03
877.033
749.84
1071.77
942.553
811.131
957.377
945.014
1057.66
845.761
737.558
847.611
757.822
1125.05
1026.67
874.906
920.058
1004.33
792.423
738.319
982.629
742.082
804.871
1065.09
963.035
949.568
931.361
978.568
789.083
743.782
780.313
1005.43
891.493
835.691
904.14
1029.54
990.106
739.739
957.035
946.569
762.099
955.189
1093.41
1195.93
1395.96
751.288
983.81
868.584
860.222
872.43
1080.91
901.386
1066.35
839.946
981.834
767.102
960.876
1135.22
725.87
871.907
765.36
1013.08
923.178
892.519
842.382
1054.78
1022.88
791.442
898.331
907.163
858.964
990.766
833.379
1030.98
973.111
775.049
912.56
1010.58
970.295
751.96
857.773
1085.61
867.27
703.07
839.275
977.592
1088.63
806.604
1005.72
880.497
928.871
892.315
1110.69
1024.36
917.612
1083.66
871.509
858.81
786.799
897.952
1016.15
806.646
886.962
792.296
871.387
819.469
1079.06
967.535
753.492
865.533
868.913
856.493
849.686
1034.85
738.067
862.541
815.408
924.842
812.86
911.214
975.268
835.018
856.779
930.046
728.368
819.962
755.218
820.881
908.117
938.509
794.486
879.51
1056.81
766.02
984.245
1088.33
973.391
870.678
1060.61
773.983
913.65
785.814
1007.48
911.029
1032.89
1136.29
783.89
950.676
814.494
996.272
801.408
779.356
1104.85
796.253
988.673
817.195
839.444
898.696
750.553
962.811
919.131
1012.13
983.965
1105.38
712.496
755.265
848.647
839.681
923.149
940.099
798.202
1096.41
856.505
794.054
1068.65
731.294
924.548
932.577
921.695
815.189
867.179
855.449
895.747
822.129
814.193
978.56
705.57
867.744
997.21
734.565
891.374
799.267
1246.02
1027.44
1209.41
944.048
782.724
828.437
673.531
876.743
808.044
1155.26
846.71
1118.73
803.498
1150.63
864.215
1029.4
1066.12
708.445
892.696
863.953
969.18
1134.26
861.962
780.914
991.858
1063.41
825.977
921.948
814.566
785.615
777.726
1048.31
1158.11
901.927
908.708
1039.6
837.483
969.067
812.54
1029.69
751.854
898.03
884.366
920.71
725.912
1049.23
896.199
1028.95
919.83
832.697
962.17
1010.94
879.771
931.48
1024.32
1139.3
995.141
838.085
1004.76
890.887
832.07
811.008
1165.31
952.278
948.218
876.922
954.145
1007.73
813.195
769.705
1239.9
731.589
951.966
864.83
824.158
918.826
1080.81
867.102
887.536
773.572
999.833
1199.51
807.867
858.388
776.35
934.037
756.517
904.432
836.634
873.623
910.467
831.197
943.446
872.47
810.752
1079.72
820.747
726.926
1043.15
907.886
898.985
907.426
1041.51
744.716
734.576
906.178
899.587
865.874
813.638
842.227
846.303
948.917
898.956
633.76
1024.51
1027.43
764.482
969.032
1028.8
1213.43
731.052
857.648
952.167
801.624
968.736
920.113
994.459
997.202
874.72
1215.05
965.035
1173.91
922.622
1040.51
862.265
1322.22
1118.82
1023.34
1180.82
1059.59
563.971
892.402
885.478
965.208
886.969
979.422
972.174
973.776
825.241
972.001
837.558
700.272
877.587
1069.8
795.166
773.179
749.548
1012.35
835.146
945.894
837.123
895.751
719.336
857.938
978.606
970.733
1012.59
781.5
1053.73
832.469
862.931
1010.55
1028.33
957.457
983.147
903.311
786.487
941.897
960.221
761.538
707.104
1114.48
1075.97
944.425
829.726
733.507
898.457
824.524
839.789
762.778
1062.16
1100.12
800.985
1001.74
1263.33
1119.51
933.809
1187.21
773.262
841.282
932.685
934.608
888.808
713.067
930.959
980.015
1039.34
827.864
841.85
930.238
944.032
870.19
928.309
824.935
1032.96
1164.81
1208.96
925.922
782.831
1083.46
1014.9
915.186
1092.14
834.954
750.748
902.43
1033.69
1016.92
768.568
671.173
792.316
1045.53
882.668
719.528
1017.64
862.515
903.88
871.007
966.051
942.976
1019.72
886.892
829.526
828.064
836.36
945.537
934.835
922.75
1009.57
878.817
809.135
752.131
991.722
795.454
791.431
919.579
859.146
826.122
812.103
677.362
1105.59
756.921
817.97
775.622
694.37
945.86
1392.08
1061.27
804.346
831.496
787.208
1018.72
979.348
949.033
787.108
945.495
970.585
830.353
855.649
1019.89
1198.49
934.5
862.965
1064.85
822.558
1007.06
750.436
826.886
1053.45
1053.6
838.394
871.527
819.903
996.533
903.996
840.383
847.756
800.496
909.676
839.955
886.474
879.595
1160.73
1054.38
933.161
826.599
855.718
797.541
733.94
933.243
863.175
863.349
1079.62
1018.38
871.189
771.222
895.853
891.135
757.321
982.193
779.693
964.724
1008.86
932.406
800.625
863.998
846.151
843.91
1056.12
1111.01
1231.99
837.196
930.723
774.087
1001.86
884.707
1104.12
1034.87
1075.98
738.163
873.51
926.158
961.78
1193.64
1053.74
826.148
753.463
711.329
959.126
786.809
909.417
765.335
1072.71
917.772
1058.22
929.636
1121.76
1105.72
1075.49
845.695
962.672
809.965
784.206
836.774
1002.57
892.365
1038.08
895.213
836.53
891.761
750.816
1077.52
891.57
837.644
1168.8
1117.48
801.595
955.717
897.409
792.924
879.719
890.732
781.584
1062.19
869.535
878.619
1153.55
875.212
881.276
991.775
736.421
635.754
761.405
682.721
1099.9
736.299
1105.52
923.931
1038.91
1068.71
927.902
877.829
734.508
782.15
785.649
896.786
751.644
942.949
883.253
730.662
998.835
697.249
1031.28
1000.11
891.248
1220.31
888.539
1298.25
806.246
794.307
798.705
987.018
966.21
860.612
923.675
1082.65
845.044
820.164
883.365
898.98
911.179
742.742
891.763
844.024
833.291
944.284
896.874
874.952
862.289
956.48
794.156
952.706
861.306
839.126
825.67
1027.15
922.281
946.545
845.847
977.144
850.982
951.972
758.178
876.54
1117.53
822.158
965.406
855.289
807.97
767.996
1046.53
905.674
1143.38
1021.79
787.528
1000.95
829.067
938.392
839.056
1217.88
923.019
946.373
955.157
963.598
815.334
897.962
1061.94
949.032
1085.22
733.356
1078.69
924.86
818.371
814.509
1158.22
1082.33
836.212
841.392
854.438
895.57
911.885
756.118
1068.69
1069.75
721.594
666.372
1065.15
818.96
992.153
948.872
845.609
862.869
751.661
1076.75
957.403
759.189
767.547
923.188
952.977
778.844
1008.45
927.179
853.694
1144.6
887.667
776.208
736.018
865.002
968.446
810.603
940.664
808.815
845.233
839.608
922.227
919.255
907.76
745.382
1058.32
814.568
836.534
957.781
935.226
951.287
779.647
917.653
885.349
947.822
955.308
915.523
968.198
878.671
1037.72
845.273
852.928
766.223
815.965
779.185
908.101
807.186
871.197
816.661
1020.71
1168.25
962.444
837.919
839.805
789.089
1086.97
948.24
1114.69
829.329
978.207
738.319
724.239
967.307
890.236
927.366
1050.1
664.74
825.453
1073.83
1028.79
817.29
856.217
945.124
883.377
965.963
888.703
1155.54
924.252
936.728
888.586
806.126
861.696
967.188
1152.56
881.768
647.223
1041.26
867.337
773.991
1014.94
1040.66
915.584
832.862
990.223
793.197
1033.64
1061.99
951.92
708.267
1018.38
816.527
1074.82
1025.01
1196.72
815.376
900.479
906.991
824.353
1018.81
1123.42
888.686
738.236
1180.75
825.532
864.592
949.953
757.64
825.876
771.054
960.996
812.169
881.244
1330.8
891.757
831.627
922.567
827.522
809.115
1009.13
1051.72
981.121
915.111
1039.69
781.57
1011.7
875.041
970.507
1079.86
1046.3
1043.1
807.674
781.86
811.952
741.841
970.94
710.2
852.866
742.164
826.488
859.63
843.14
887.569
850.517
862.64
758.168
638.734
1027.05
902.693
1033.25
784.768
1158.63
736.958
825.003
844.204
882.116
851.091
820.785
761.417
900.096
894.643
903.407
880.708
928.053
931.281
854.982
847.455
858.228
978.856
731.661
859.182
908.19
1224.51
842.786
997.001
889.516
956.508
793.809
882.757
879.28
1021.13
1380.71
849.082
1186.89
921.653
945.876
818.848
992.857
927.579
1025.75
891.899
981.884
993.206
893.536
836.197
797.991
1006.78
940.321
822.69
921.768
926.546
1031.42
873.898
931.458
869.941
923.908
854.813
1054.52
1222.24
834.584
836.862
782.95
1150.2
845.798
1064.95
1236.76
768.033
661.608
1010.99
989.86
1229.23
845.697
858.077
785.061
1521.6
1337.24
943.461
824.707
821.113
795.038
1012.58
855.672
904.329
1014.23
935.542
943.31
764.483
973.753
922.915
917.783
795.776
1149.26
848.147
918.763
972.907
828.703
971.241
949.762
939.657
727.538
864.108
901.498
1039.28
997.198
977.452
984.019
822.536
1084.65
867.848
805.367
751.156
997.316
776.401
851.818
862.489
704.065
813.893
1033.55
909.945
1030.23
864.712
1196.69
934.981
787.43
856.039
1071.72
907.387
899.674
979.914
970.004
934.824
793.708
1028.06
780.632
1070.96
741.87
1104.82
934.834
914.75
962.734
1044.54
933.273
925.676
801.472
890.097
860.243
931.867
824.887
1006.44
735.255
914.595
910.532
816.456
789.627
806.013
859.99
838.663
883.732
946.027
857.446
749.237
780.5
856.221
717.612
929.529
768.125
887.741
943.724
998.2
816.045
906.385
857.887
850.033
841.358
860.549
1019.21
782.959
1046.39
843.32
910.656
825.855
872.645
1095.02
1081.14
992.252
1013.22
921.004
731.899
819.382
1010.79
705.992
954.628
879.312
842.621
1025.42
848.183
888.728
985.247
1122.57
904.853
866.98
841.378
1124.35
947.192
812.501
985.125
827.148
1036.19
962.937
997.661
1283.12
1028.37
1053.06
856.768
849.555
902.311
1035.23
871.368
815.042
962.111
769.112
940.018
882.757
858.947
883.44
888.06
1047.32
1135.16
842.318
910.72
825.656
772.56
967.116
848.018
741.883
947.302
1123.46
850.277
906.289
860.611
762.173
636.208
935.417
837.096
697.297
943.26
862.366
664.819
949.157
1086
751.608
833.938
729.737
818.31
1040.92
878.018
824.909
872.716
1405.67
924.513
946.567
1080.69
749.546
665.103
1017.92
790.01
786.073
980.585
932.803
1116.67
802.021
892.232
922.017
1140.4
812.065
1034.01
825.658
907.822
948.193
763.023
791.068
814.141
973.679
789.547
920.446
921.264
858.575
798.086
934.65
784.198
1048.05
980.974
1043.09
1096.69
785.177
1209.31
936.818
992.283
1005.37
1105.05
835.766
988.634
1054.58
670.499
918.641
972.886
910.727
879.507
881.559
982.962
815.223
934.318
920.355
939.844
883.6
812.924
919.535
955.879
962.952
781.046
1053.03
945.851
879.667
994.206
955.862
789.904
1005.51
701.652
1019.9
793.219
1026.23
800.435
1042.92
772.697
831.838
768.963
849.018
982.53
1010.77
750.777
1006.08
999.809
1011.22
696.158
816.36
851.008
819.039
879.985
767.109
932.037
871.997
1202.56
872.435
840.439
914.231
937.585
802.311
869.859
1004.77
763.948
1064.87
1089.23
834.369
798.824
1014.07
885.673
835.706
790.548
847.121
970.399
933.459
976.303
826.584
1105.81
833.448
954.66
949.25
864.29
842.447
1195.5
729.841
1005.6
1115.87
592.228
1079.29
795.732
926.902
862.842
843.218
956.436
889.261
835.871
963.108
1044.29
956.821
1150.88
1084.69
947.897
1476.65
969.855
860.747
1077.52
1005.77
766.966
874.371
834.976
915.643
959.679
983.757
888.292
867.852
895.781
927.994
885.294
1153.42
878.141
863.716
1057.51
755.159
832.139
816.33
752.622
933.204
869.022
806.716
976.259
1172.19
1144.7
818.857
1122.32
820.995
1042.6
774.927
805.911
911.132
909.929
774.914
903.018
851.554
1064.75
1009.39
831.072
857.742
968.567
839.48
713.774
914.886
834.503
837.439
947.25
873.691
821.076
823.2
975.24
860.849
1129.15
690.993
1025.57
1005.28
870.913
919.177
939.375
848.646
907.51
1108.84
824.02
1006.65
677.825
957.99
876.611
1178.63
1190.27
832.295
754.625
992.675
1087.64
967.926
1039.14
852.964
927.926
814.596
1004.11
787.811
892.476
889.739
1110.7
785.745
949.72
778.629
707.187
856.917
1018
947.167
951.644
814.423
810.68
814.513
902.725
884.258
1142.59
751.747
708.993
970.152
1170.94
1339.46
1006.12
934.726
771.699
886.141
922.16
952.681
1089.44
916.848
1011.19
853.55
915.873
775.358
764.004
938.129
1032.44
918.659
813.464
1144.75
805.578
884.322
856.257
830.361
868.815
892.163
944.715
979.193
745.825
1199.58
981.868
973.367
1122.19
666.686
882.851
1003.82
908.243
850.34
818.273
973.544
788.655
783.002
988.118
947.37
892.747
932.128
772.799
881.662
741.438
922.859
735.982
983.008
1113.79
968.933
788.536
795.255
804.563
1057.77
815.756
819.478
857.326
917.297
1004.72
1044.84
858.371
935.287
945.865
1031.04
928.491
845.931
665.835
833.113
718.624
938.789
1100.4
801.96
773.718
1085.24
786.272
924.39
982.11
956.668
907.141
882.85
911.682
916.73
1094.45
740.223
874.432
858.642
964.75
814.178
997.233
1135.16
893.878
836.213
918.869
1016.42
899.689
1119.07
989.928
1218.73
885.551
776.59
954.155
812.641
994.583
912.655
814.463
933.409
966.773
1060.12
904.508
1054.11
1357
644.755
978.63
962.045
1011.31
742.245
865.954
888.565
963.677
1017.3
883.168
856.148
937.074
881.113
940.487
994.239
1007.2
1116.32
829.244
895.508
786.214
722.934
847.13
885.904
950.612
991.685
832.6
798.712
838.413
725.533
1048.73
860.834
621.683
885.72
1031.23
802.323
954.244
1065.16
974.015
933.421
992.496
846.563
955.749
984.399
1028.43
805.453
977.02
780.378
723.824
867.404
895.009
1009.87
779.229
1088.94
1113.03
915.138
1003.43
1488.1
1062.16
991.532
887.966
879.935
963.405
999.868
953.127
866.127
804.05
860.363
863.569
847.256
876.831
936.899
916.304
994.055
835.418
977.01
789.11
867.761
778.911
888.779
888.992
870.052
920.878
820.557
970.247
887.665
955.963
1109.43
882.941
889.128
1108.35
962.654
948.879
1032.34
793.86
915.934
823.306
820.322
960.447
824.343
949.392
939.172
942.941
1010.15
855.476
759.356
916.914
742.05
956.75
704.196
696.067
795.663
859.645
1063.64
961.793
825.3
1197.46
976.932
874.424
914.96
1065.47
820.076
1015.68
910.651
897.714
862.107
821.335
813.756
852.113
982.8
875.098
780.4
908.047
733.606
865.642
973.89
871.607
847.637
712.406
1017.62
780.094
1332.14
1047.37
948.903
922.003
729.372
893.985
1015.78
998.569
750.371
908.221
758.988
875.998
972.038
855.02
965.738
730.503
777.588
925.33
801.078
912.954
667.235
973.878
818.506
1132.49
848.897
983.554
1040.81
985.337
999.922
888.399
1037.78
855.515
876.207
846.831
918.824
878.728
893.62
1006.92
895.623
960.727
975.698
858.622
858.568
844.141
1033.7
975.857
973.434
1152.39
718.856
868.752
751.013
802.117
899.59
1019.12
1005
849.753
988.422
834.381
739.889
832.848
976.483
734.373
961.789
818.612
1241.49
836.023
865.083
953.42
1099.07
858.093
801.234
823.617
831.965
1001.5
955.075
1076.1
1041.02
746.956
1112.28
1105.54
947.988
799.009
850.037
1209.87
888.545
762.963
1088.51
864.425
966.107
942.742
882.168
867.491
1059.3
981.437
796.833
895.913
863.045
1057.25
800.138
722.582
798.855
822.538
933.76
1015.08
975.061
1004.23
770.346
844.312
1070.02
758.665
851.056
813.669
806.578
884.762
1046.64
845.343
710.318
1028.36
829.355
844.645
796.856
930.217
880.511
1031.44
743.439
808.402
856.383
801.029
794.408
995.699
1073.11
690.212
860.972
852.291
813.64
926.181
1043.43
820.213
840.296
854.284
898.142
1131.7
805.688
1107.38
1123.23
1096.23
700.683
1084.95
948.518
925.588
918.47
911.695
971.237
1016.73
1030.41
793.828
972.846
1014.18
1323.37
843.944
1026.46
838.713
1089.42
1236.56
980.911
1276.6
857.616
776.174
902.579
963.812
1238.28
796.592
1012.67
808.58
1105.7
995.064
1160.59
913.654
752.898
1015.61
870.344
1046.81
904.948
991.453
960.977
939.423
837.923
939.822
873.356
847.189
1031.33
893.524
870.389
914.897
1127.35
1002.66
900.014
904.074
1018.74
1064.88
1346.52
863.527
957.602
812.591
903.556
933.362
894.272
740.585
965.514
805.653
860.598
1035.77
742.779
855.973
930.121
707.296
783.805
994.266
1050.44
940.414
785.911
883.847
794.86
779.892
800.576
1133.12
876.682
999.339
948.34
920.863
792.34
838.097
1021.42
734.993
819.702
847.255
948.083
731.368
994.401
824.824
1075.36
1026.52
900.254
833.624
861.688
791.254
1000.7
828.126
846.626
1327.13
763.007
1085.29
1105.62
945.562
925.366
801.734
933.126
713.563
806.106
1128.51
902.746
956.77
849.738
903.296
883.647
795.155
1098.3
775.818
889.333
699.832
786.293
825.975
939.435
1013.76
1056.52
835.789
732.589
790.027
924.588
951.849
794.911
817.205
882.75
1110.44
899.304
791.539
1031.64
823.362
1181.4
801.62
1014.29
839.489
764.619
913.146
1023.27
889.479
873.198
1243.59
825.908
1056.94
716.142
869.915
1082.12
1030.46
988.677
1056.05
888.832
932.259
860.19
961.991
947.692
743.931
866.659
970.977
925.468
828.691
808.38
902.931
1073.08
663.185
846.353
815.904
931.991
816.769
1016.94
857.387
1063.65
759.916
845.308
993.498
805.588
906.053
918.446
1089.36
878.081
804.681
760.464
808.217
1032.14
913.654
827.278
1195.88
956.129
788.506
892.657
1094.76
803.686
734.645
714.242
925.397
993.034
861.584
940.743
885.546
903.626
845.249
1008.92
888.2
1113.35
850.098
949.22
1013.6
830.768
1324.6
938.94
999.566
954.696
818.223
926.885
1131.7
747.237
753.35
811.749
831.897
928.497
1022.97
987.481
937.533
848.574
933.473
1112.57
1106.49
901.586
1018.68
909.571
793.071
876.534
893.412
851.068
1300.02
1080.77
843.855
739.636
833.406
1121.28
835.374
813.727
946.889
740.452
875.947
985.946
754.313
985.242
996.028
1026.84
1004.87
1105.93
1005.49
1123.14
890.263
892.912
884.15
933.739
900.842
690.763
867.778
905.831
1013.4
878.094
729.836
835.203
919.025
920.368
945.744
797.392
889.768
1032.17
975.918
1074.49
1077.71
1054.74
830.94
786.148
654.832
977.277
890.424
1324.39
890.308
919.577
842.948
895.966
916.504
741.72
780.531
962.918
968.995
758.756
953.721
909.199
1167.65
793.599
864.242
968.153
1187.28
629.921
777.483
927.063
1019.57
1031.77
808.982
804.85
968.544
789.094
900.762
1000.44
777.203
917.247
892.282
715.072
998.669
922.421
753.599
872.947
786.723
760.551
1032.71
798.68
748.504
1162.14
875.176
833.534
1042.4
895.15
801.477
1078.29
928.697
799.654
860.65
798.06
875.036
818.633
884.749
982.696
1027.07
898.457
746.032
988.037
868.957
925.398
760.692
722.354
851.791
894.468
760.312
1075.15
875.935
783.69
1134.16
934.482
695.413
968.972
910.32
884.983
911.699
948.582
931.387
802.861
891.451
913.985
1071.55
1006.51
711.636
820.662
985.967
841.83
1082.73
1270.16
1138.48
773.425
882.676
1142.17
1049.22
1084.39
1213.12
636.738
1119.09
985.122
1021.13
912.688
836.515
882.337
773.518
847.678
948.162
704.887
845.258
929.828
763.483
1058.02
853.8
848.968
908.751
994.816
1203.29
771.767
966.825
1056.97
1128.81
841.34
1112.55
956.354
932.714
919.122
926.638
912.742
980.324
808.255
997.992
896.988
799.819
829.733
880.854
948.928
910.728
930.511
845.154
922.539
1024.96
835.802
969.13
959.745
1185.89
927.284
1068.4
807.914
880.757
773.992
829.428
844.021
937.62
1038.29
931.741
828.95
946.348
1023.08
806.451
1015.4
845.254
746.625
1062.86
1050.38
761.008
851.248
1038.31
900.768
1020.69
991.918
906.283
851.724
555.111
802.997
1299.02
1073.07
930.269
767.874
1003.44
867.444
958.408
1036.86
841.073
970.511
1030.33
895.253
833.958
879.56
1016.12
1261.69
819.586
1122.18
910.518
772.538
851.809
1158.77
902.444
981.415
930.096
912.632
1063.38
878.656
892.531
858.232
740.826
912.489
952.935
838.589
1104.29
872.803
722.051
808.276
710.933
809.336
902.101
1029.9
913.526
888.061
707.883
1013.79
932.643
994.49
709.908
997.538
963.502
931.68
1109.22
882.216
881.499
773.152
1072.44
750.361
1053.84
1316.91
947.026
1024.24
874.388
922.585
963.68
826.899
916.541
1003.66
674.79
974.017
884.753
1401.44
936.205
808.216
1065.9
980.595
944.312
1060.55
710.554
995.195
1346.42
1292.9
1015.47
1064.06
1084.72
740.404
1180.29
883.649
988.621
927.437
813.499
887.133
1092.97
1050.46
1010.06
971.795
764.681
761.617
829.356
889.224
977.96
1014.01
868.191
1322.68
765.296
816.806
832.791
706.22
857.079
898.19
825.002
856.509
849.986
957.467
939.035
927.448
929.001
970.059
924.356
917.154
864.092
850.611
866.666
985.177
927.423
1079.93
999.847
876.854
914.922
826.616
956.39
1007.84
1053.29
864.492
913.878
861.231
923.768
1329.67
832.781
1002.57
877.621
833.194
825.403
971.153
1122.79
952.892
860.071
996.773
1119.46
855.876
780.833
1001.03
945.321
1018.31
936.044
826.209
822.673
1010.62
1116.97
1026.38
848.939
883.008
767.935
837.642
930.538
1128.43
1019.26
774.718
834.904
704.128
858.738
969.136
948.429
901.515
847.879
877.194
960.204
815.342
843.96
778.272
966.32
878.675
836.366
1136.17
806.551
907.865
936.299
904.268
914.625
891.824
735.357
882.664
1002.05
743.436
780.998
821.74
991.965
981.64
855.05
1116.96
856.389
1202.91
1093.07
795.595
851.882
873.599
1307.03
859.349
807.951
893.015
815.336
990.762
919.907
1037.73
903.284
1022.09
929.455
917.835
1152.14
809.133
902.702
931.531
958.643
767.907
802.303
1096.51
863.369
973.532
842.867
720.259
859.991
1119.61
843.314
885.73
919.893
969.643
1013.1
797.418
1086.19
733.848
1153.82
731.015
984.884
831.352
731.973
886.591
882.89
1193.65
856.724
737.974
1413.62
740.903
964.204
862.415
913.012
1112.04
854.143
735.704
933.57
783.019
860.514
852.211
962.572
855.225
977.673
982.618
962.282
868.185
830.394
796.674
1274.21
786.227
946.203
971.929
713.533
1189.31
783.293
1022.98
958.869
772.304
870.54
999.332
1064.78
1159.12
986.239
1119.75
1190.19
958.403
902.969
817.496
908.319
961.411
1026.58
916.617
909.657
735.029
1037.58
924.37
821.974
757.104
677.006
941.76
921.927
862.547
839.439
1013.16
889.354
794.258
945.387
923.352
901.203
831.712
847.31
808.488
923.006
827.555
884.71
1085.23
977.911
863.705
949.48
1091.7
1199.3
822.11
963.816
948.337
917.938
822.803
867.167
1007.78
953.711
972.012
880.037
723.028
971.465
877.239
1041.13
1326.52
1220.62
1012.77
958.593
875.696
964.924
1018.88
926.565
1001.73
720.749
885.338
889.513
869.775
1159.82
849.11
959.201
793.558
941.887
703.308
1007.57
801.368
727.747
786.07
834.566
890.025
910.494
998.961
921.618
737.812
784.986
964.339
1172.43
764.123
858.477
1046.31
853.838
834.763
931.66
827.719
1122.75
902.766
863.102
651.969
763.75
936.677
776.968
810.998
965.366
1162.05
899.933
957.566
845.564
895.09
819.834
923.706
785.369
838.052
881.955
947.958
814.977
1017.4
795.527
842.26
775.578
975.583
923.736
1033.71
1000.77
816.427
670.798
1125.7
736.072
1050.52
893.33
934.092
1270.52
998.04
943.592
854.624
1071.8
958.318
1290.13
868.709
959.763
752.649
824.435
914.746
965.469
990.28
846.029
903.757
807.789
855.738
1105.96
863.491
932.125
935.628
841.374
955.364
983.431
938.596
721.504
802.114
879.693
815.624
816.542
933.219
985.729
765.314
901.686
1004.06
1022.21
1022.8
1190.28
1077.01
898.953
922.265
956.832
1004.1
877.65
872.804
816.983
984.846
876.69
979.699
683.84
1020.59
929.204
875.676
814.715
847.644
882.504
963.215
1081.5
992.194
1004.32
845.366
856.111
834.73
1091.72
990.53
781.899
886.302
1055.66
956.814
1019.41
887.779
1291.76
903.932
888.818
903.164
904.531
1035.79
992.765
928.421
948.101
835.368
939.256
1099.16
844.65
767.881
790.285
787.909
868.379
890.643
1157.6
873.533
951.6
1119.28
1093.03
1091.28
915.936
775.272
814.729
903.31
764.744
1435.88
962.974
893.08
862.633
880.491
1075.34
891.61
1052.34
902.896
841.667
826.675
636.947
766.566
626.182
869.879
921.16
943.784
1031.39
746.34
705.425
955.56
926.041
949.068
830.261
864.359
1151.45
949.272
1030.89
1109.77
868.459
1029.47
849.1
1124.84
851.539
829.838
766.61
823.482
1225.28
891.251
951.939
800.929
793.035
967.386
755.781
906.317
883.784
803
711.637
1034.04
1134.39
776.671
796.125
1065.77
711.951
1071.57
1099.14
890.05
802.641
903.332
952.988
1040.45
896.892
876.582
757.945
914.716
758.044
957.672
847.474
865.846
980.085
743.135
1133.45
880.132
1013.97
891.528
1050.81
1064.14
1056.15
1475.64
1225.61
1197.27
830.77
1057.54
982.851
961.587
1098.08
996.169
769.166
1038
814.265
855.845
1107.37
841.762
880.864
1031.78
950.846
1010.08
1065.34
787.259
839.097
866.544
893.772
952.721
1045.09
858.342
796.088
902.737
844.885
849.716
976.889
914.489
996.684
928.294
1337.12
1100.65
854.625
988.648
1243.48
937.946
1023.44
926.91
998.779
772.534
759.174
875.934
984.798
836.773
1401.84
956.426
1338.78
918.086
735.293
828.554
992.464
859.032
926.201
946.582
1073.88
922.843
840.101
900.661
956.64
781.878
865.033
954.615
956.168
811.461
784.772
757.728
970.188
789.686
1008.91
929.621
986.258
1103.98
1020.43
1125.31
793.282
762.534
1088.79
942.886
866.204
767.863
1091.6
934.918
1119.28
980.173
798.042
993.431
921.115
836.217
1133.43
914.75
771.236
981.023
951.132
896.696
873.737
1008.4
764.545
844.156
883.778
903.26
865.036
940.943
905.72
1050.42
996.842
872.249
977.064
1059.11
928.427
1066.02
947.667
914.325
815.862
812.916
872.909
868.519
963.483
834.464
847.455
941.122
1056.35
1039.55
991.53
1057.93
800.77
818.65
923.5
723.24
879.163
936.789
741.767
839.163
1122.8
733.758
865.265
912.382
961.792
800.539
978.444
815.782
821.981
951.461
1016.53
1026.98
1051.89
1033.33
929.385
956.184
821.866
764.991
818.36
771.123
1104.03
1085.8
1102.61
1020.27
761.355
977.949
1028.09
1126.29
865.83
776.5
838.503
1017.8
900.377
743.79
1079.28
842.417
836.386
845.096
774.084
1011.5
787.949
970.673
1110.33
870.733
905.407
801.379
847.507
982.286
858.09
1028.22
963.885
786.684
1050.45
771.451
939.152
1087.67
928.751
744.155
991.41
1004.1
872.9
943.442
1096.6
829.88
841.759
1138.94
784.661
881.54
1116.76
1195.96
1038.24
1036.81
885.211
914.824
863.406
1012.26
1081.13
923.117
773.846
1003.4
762.081
876.63
924.828
753.111
781.578
1334.45
863.297
795.632
919.184
880.542
745.487
790.163
870.648
843.173
894.528
850.528
1060.86
735.88
1081.71
881.761
910.985
1029.09
1181.26
1087.12
949.673
926.138
866.186
879.453
960.344
865.158
840.595
815.146
757.661
913.922
873.469
1096.51
793.238
811.829
955.938
863.006
840.87
892.34
917.145
840.824
872.138
1007.28
979.837
884.24
987.962
903.815
722.272
850.424
990.449
832.221
760.347
781.24
878.965
1081.24
972.467
812.148
949.535
951.211
1158.1
860.799
757.055
933.269
969.508
1016.81
893.158
988.115
747.099
1233.94
1018.47
760.182
910.386
1018.5
749.183
811.542
834.362
1059.78
991.675
848.393
802.01
882.995
872.094
878.691
750.513
1336.7
758.345
933.824
781.137
903.811
1072.63
833.054
1060.54
1164.1
806.147
819.479
1134.8
852.494
807.712
783.161
957.976
822.511
1079.42
796.379
814.74
932.596
1110.02
836.918
806.595
880.628
999.072
1097.46
849.661
888.213
835.531
901.724
907.865
1040.08
944.634
997.306
1139.93
932.139
1050.63
1133.86
1029.99
1126.13
760.565
913.831
899.537
864.1
918.574
704.666
879.737
702.313
1172.89
691.973
791.251
770.408
922.652
862.993
904.251
813.044
722.207
864.717
861.783
1041.19
902.701
827.856
819.791
776.463
915.192
946.854
871.57
1159.75
849.81
1027.28
712.745
1020.91
951.676
758.215
777.321
837.729
848.485
741.529
872.417
768.724
848.222
983.458
974.634
834.043
887.901
838.776
899.713
1213.48
771.118
1126.36
1307.24
925.081
930.328
858.621
900.937
1068.63
919.623
925.703
948.25
913.24
720.652
721.803
1043.99
1211.8
652.85
1002.09
1036.97
780.88
867.403
902.3
726.678
723.058
662.816
797.586
803.994
880.903
966.672
847.244
827.764
750.648
962.985
1068.24
890.81
937.108
936.964
997.075
790.826
776.614
824.827
1190.08
1175.51
864.025
1038.77
992.449
1086.03
1114.91
1001.04
1136.29
846.495
1022.32
1028.7
1002.95
875.22
885.297
819.24
946.877
995.337
1019.83
923.54
852.008
890.298
909.399
906.027
1021.67
737.609
940.046
784.683
781.328
826.12
889.196
1045.62
798.684
862.393
832.232
897.769
968.542
772.997
1035.85
839.595
1062.96
976.38
887.158
747.14
796.259
852.853
1007.9
828.748
1109.27
829.974
795.726
1038.32
906.167
1285.24
948.23
794.982
1020.76
1019.6
899.045
896.51
970.561
751.121
811.522
1080.12
786.09
1022.37
872.35
1093.46
855.434
801.167
1097.46
747.407
947.747
906.045
809.29
991.4
868.774
681.029
785.186
1057.26
748.084
1223.24
1013.01
667.469
1073.4
1179.62
949.149
804.951
1175.95
871.025
876.416
1013.29
754.045
829.239
769.196
771.795
868.618
709.624
897.851
850.878
913.164
799.025
947.561
1209.41
937.679
953.643
812.735
905.975
926.95
807.795
816.618
853.924
1006.08
777.011
847.239
806.077
915.245
881.783
1055.76
881.556
1224.73
1015.71
858.77
814.893
731.87
850.448
845.956
1191.42
741.998
889.648
858.296
877.397
905.407
972.54
720.071
1117.83
940.948
814.823
1063.37
1131.12
859.237
927.976
853.876
853.269
1050.8
985.072
746.022
946.404
871.211
1071.09
977.34
983.345
915.582
872.721
1288.81
887.925
1174.38
925.843
977.614
1199.72
857.873
929.143
1071.11
1032.75
886.547
911.904
1198.39
1324.54
864.69
1050.99
1009.86
1136.02
702.965
1185.43
742.331
1343.87
706.579
1030.2
790.162
1081.9
952.373
928.107
841.381
1134.51
908.284
1005.64
875.954
881.892
882.683
894.777
975.006
1115.69
952.658
1001.3
744.113
1039.62
969.803
961.82
804.436
814.846
1161.72
994.5
821.935
921.977
924.066
1016.5
938.879
937.756
729.001
888.995
978.263
753.909
846.651
670.699
841.79
810.795
1201.5
875.607
818.816
1012.15
973.707
962.54
1007.37
989.295
811.22
934.716
886.72
946.598
803.114
1028.34
653.637
969.233
1006.26
804.963
894.503
863.732
985.764
945.388
996.356
919.863
864.593
1024.27
973.425
1183.32
1270.4
830.115
1010.8
903.703
883.294
770.12
789.424
838.759
941.723
792.514
1073.77
830.909
969.038
834.333
823.24
718.738
816.813
891.578
1013.22
838.198
996.988
850.209
795.795
1154.59
1083.5
728.454
880.14
946.037
718.228
810.135
899.718
1016.88
893.313
871.97
871.166
1181.87
869.017
1168.19
859.784
916.42
855.988
1012.08
1074.04
894.096
900.065
813.592
979.454
670.86
948.014
1093.23
810.194
823.975
947.027
923.613
1050.72
958.247
831.831
973.647
827.86
906.729
800.072
1072.28
983.701
849.088
802.933
749.404
920.563
999.01
970.895
948.541
822.027
836.15
920.508
901.055
810.607
1209.66
937.399
973.969
1050.66
938.172
927.914
876.67
780.911
814.205
1045.63
1052.35
1054.99
1098.86
825.325
935.924
859.651
877.037
955.142
1089.95
927.788
1440.97
834.15
876.215
771.709
1026.66
958.183
829.544
915.635
896.676
827.028
1078.72
931.581
1034.34
731.056
790.432
953.023
1011.98
1146.95
960.747
741.698
1211.53
834.892
775.672
914.023
1013.21
931.08
791.671
1342.67
973.911
716.72
1161.94
1063.92
890.722
1031.81
948.064
967.724
928.33
815.141
1095.95
786.673
868.479
936.052
714.488
955.619
1050.3
1003.09
867.024
955.834
951.736
833.688
895.221
868.061
1062.61
947.372
921.371
1076.77
859.135
929.898
812.487
1049.73
861.873
950.668
1079.71
736.815
741.771
972.612
916.511
930.012
764.068
904.087
896.834
960.992
1102.76
896.518
874.894
1039.98
1045.24
683.854
770.36
1127.4
868.539
967.333
1158.88
866.278
1092.18
916.564
1100.17
941.581
818.508
968.002
1081.22
913.915
927.547
715.07
1028.25
843.315
966.525
724.711
810.02
1207.72
950.272
779.565
1344.28
964.667
940.76
1192.43
969.287
932.814
1010.11
1044.53
819.907
1008.34
964.675
1051.57
949.715
869.205
664.004
862.48
754.485
893.718
1167.68
954.557
831.753
998.997
717.59
1111.05
951.122
874.952
993.326
998.869
873.783
996.353
935.528
1053.44
884.832
910.004
853.564
1029.97
1051.51
968.997
930.881
829.251
970.742
955.395
880.423
919.915
794.789
1029.49
648.871
742.399
789.111
860.407
1063.45
946.42
810.904
769.52
854.935
1028.66
772.518
786.207
881.148
877.352
726.838
841.857
701.678
857.587
803.793
768.364
976.497
977.665
1005.8
862.638
1011.24
920.797
908.636
907.444
855.019
1030.79
780.645
795.401
838.01
798.514
1004.15
903.709
892.01
1181.41
1076.45
904.933
950.127
948.936
913.632
946.003
795.043
986.972
788.025
830.573
740.332
977.358
857.612
876.988
791.334
903.343
1061.46
887.951
739.838
1060.07
708.271
894.917
814.584
894.144
855.74
1183.16
1189.93
989.819
1002.46
1121.93
974.873
979.636
867.798
1008.28
937.899
1119.07
859.412
935.815
919.574
802.811
1109.74
872.054
974.939
831.055
894.686
879.313
988.264
1196.46
931.307
1152.2
760.725
864.181
1041.94
1148.17
1128.51
878.089
741.175
899.611
941.007
839.379
803.742
921.01
931.529
997.16
942.951
832.199
742.263
1153.23
1332.05
853.98
976.208
930.787
1009.9
1026.72
821.744
953.519
800.205
780.018
870.778
1027.44
927.798
962.758
783.057
783.029
1015.14
879.817
970.333
963.697
710.272
872.384
1070.8
962.451
800.975
891.545
775.187
946.699
732.255
973.886
1107.51
876.9
972.946
762.191
961.149
929.71
936.83
1103.19
875.817
1211.47
760.144
920.537
885.183
902.077
921.84
793.252
1022.59
1021.7
1041.2
882.111
785.975
1031.48
820.746
1025.88
1134.28
820.045
811.535
913.444
1075.06
828.903
823.819
890.012
941.944
1062.97
963.301
812.07
856.882
898.213
843.922
1003.93
974.844
957.785
1011.22
888.039
839.187
967.458
903.999
1293.42
762.835
898.191
760.115
779.934
630.448
1071.24
982.978
898.684
1180.19
966.203
868.179
887.498
719.546
911.085
1195.7
1030.28
789.152
1082.82
842.084
864.474
843.737
1063.61
904.116
950.698
769.113
940.029
1093.2
967.298
931.854
885.804
959.962
783.5
878.624
855.649
930.199
946
1037.42
678.511
1013.89
658.62
822.843
970.328
1129.17
1005.05
990.252
889.168
950.723
635.026
859.547
910.229
815.709
883.934
1094.01
807.04
987.717
785.056
762.66
938.77
707.888
729.234
794.793
956.724
1199.52
903.226
768.21
1019.62
808.358
872.671
856.148
902.804
975.174
827.662
842.459
952.445
1033.69
742.235
899.489
808.438
941.567
1065.05
972.842
954.668
807.562
907.342
951.717
868.178
1161.58
946.194
775.388
973.642
765.969
970.615
1013.87
842.367
997.311
1009.45
799.638
1407.3
805.34
866.694
675.102
1119.75
1033.01
1139.52
1231.86
726.715
912.934
927.542
787.59
868.698
894.35
980.236
841.813
1132.18
1323.76
961.025
1068.45
824.823
986.588
1004.96
1126.72
965.428
1063.58
1089.34
1017.82
825.421
816.975
817.637
779.567
1062.4
995.861
634.188
1028.84
969.928
862.972
768.14
869.432
1219.94
777.436
888.095
871.549
1044.97
1048.6
918.164
818.75
892.579
893.632
743.469
1132.02
962.347
881.327
775.204
1033.04
1110.81
978.04
899.016
1534.74
1176.86
798.894
717.132
880.87
985.065
872.063
955.56
902.516
1432.06
909.207
765.298
919.357
843.637
847.389
884.055
813.776
891.695
976.276
804.967
855.718
1011.23
1000.49
780.141
687.614
775.706
1182.11
983.106
867.965
769.681
883.755
898.518
1003.38
858.892
863.827
913.762
819.592
778.746
955.574
901.796
1021.36
981.936
1111.53
824.861
1069.72
828.592
896.191
992.097
961.418
890.624
796.968
889.734
863.782
876.033
966.057
809.655
895.183
723.696
712.037
1040.42
984.924
1141.32
857.725
1152.83
881.319
1000.73
1013.02
869.759
1066.01
806.249
948.194
978.495
936.248
697.202
1089.03
987.474
824.294
1383.58
848.548
781.002
1127.35
824.114
988.688
786.585
818.079
904.593
907.631
952.838
984.66
1012.6
1250.98
1109.54
895.124
867.09
820.866
967.926
841.888
939.032
816.228
1019.07
952.789
730.862
885.195
1099.95
979.863
872.355
919.341
820.958
699.687
1089.18
891.241
983.786
930.706
983.519
1211.95
878.886
1022.66
983.749
761.816
698.942
845.096
1194.99
881.715
935.712
911.42
1058.49
833.802
1004.58
845.389
785.406
765.82
830.691
952.175
968.642
943.167
1302.59
1005.12
1114.38
1104.75
967.836
1061.6
1148.52
778.997
931.94
731.062
650.162
846.511
877.851
840.358
935.353
825.464
1019.88
1049.13
969.063
890.849
940.504
1040.23
879.58
859.991
977.221
906.874
1048.58
1173.68
723.202
1046.09
767.06
955.275
887.724
931.128
848.089
831.933
1152.44
930.014
842.579
987.798
938.436
903.465
897.455
885.056
1063.85
719.671
1143.54
875.788
914.828
775.736
1312.15
988.327
818.625
1239.74
802.684
887.008
1001.67
951.357
870.38
1075.63
753.29
993.037
1176.67
852.782
663.46
810.277
1227.13
1198.18
984.361
1093.18
1077.66
846.911
792.208
763.526
877.455
938.487
978.841
984.524
881.472
852.754
1049.84
974.723
1041.04
973.752
845.549
1131.92
914.808
840.041
993.101
703.417
799.279
971.393
888.414
864.017
819.664
892.55
947.314
834.492
860.264
893.849
840.623
985.089
938.519
904.446
1050.98
1088.3
773.579
748.845
1276.14
749.635
1177.82
976.853
776.552
1148.15
1181.28
893.88
859.015
783.768
848.667
830.056
1113.53
972.27
1071.76
768.241
941.221
998.761
983.018
849.099
870.23
933.842
832.902
1039.42
1049.45
896.103
972.203
916.124
879.257
826.407
863.605
1014.59
1167.67
860.022
740.107
845.193
915.92
920.004
1022.85
956.555
938.863
935.956
956.111
945.184
862.65
1105.78
760.736
1122.76
812.271
786.48
970.369
982.22
887.148
989.722
950.084
881.89
913.319
794.946
946.76
767.692
894.537
1030.51
848.863
1115.27
954.103
1053.15
922.038
954.432
1113.69
873.576
915.531
1185.49
1020.51
983.917
956.106
773.013
859.982
665.261
1033.58
782.598
922.836
1049.38
850.183
923.844
1002.81
704.24
1132.06
839.995
726.912
1033.93
884.685
875.658
1079.29
884.092
875.998
974.483
923.89
893.028
923.432
855.776
822.933
1079.67
935.278
843.759
1128.91
975.247
1186.96
1084.51
837.046
777.028
895.302
885.333
1036.79
1260.53
1022.79
967.098
1206.68
872.581
750.098
847.74
954.344
889.442
941.258
990.3
987.232
808.115
1007.66
1087.39
1051.97
861.141
1010.57
922.096
855.276
766.986
913.603
875.537
783.779
846.679
922.982
694.689
790.923
733.231
837.209
879.039
953.781
807.648
1004.13
841.538
946.433
1110.2
714.909
866.717
842.114
923.649
885.781
753.223
1091.54
923.186
995.137
687.106
1048.09
916.451
1430.14
943.477
998.394
887.25
1018.05
1011.89
841.163
989.916
770.768
936.378
1096.67
935.737
851.067
989.156
982.127
849.259
953.274
964.098
814.838
863.645
838.335
945.438
787.981
920.818
850.121
878.414
897.132
886.492
1000.41
890.307
961.773
873.764
802.026
1148.92
935.667
872.736
813.917
872.74
842.707
909.192
842.123
938.188
863.172
1110.14
801.235
1093.71
864.637
986.92
1006.27
1007.05
837.33
1016.44
966.878
813.092
1032.31
826.62
883.67
930.692
821.313
903.827
816.379
771.234
827.817
1123.24
982.884
852.658
891.607
864.628
817.628
1160.22
1096.22
756.677
851.264
767.406
788.303
956.173
1332.51
1137.18
808.491
786.334
1026.77
760.2
955.039
829.253
846.265
932.493
963.802
725.191
849.431
859.541
1252.11
727.433
1009.4
748.036
860.691
837.075
803.27
763.957
895.64
844.794
1003.42
909.209
962.128
1391.71
793.915
900.179
853.915
825.751
1249.64
864.014
999.839
1105.65
987.917
855.845
770.119
1652.58
1124.5
931.359
997.582
980.307
1075.07
866.917
878.76
860.617
1072.5
1058.19
927.491
627.765
825.451
897.213
828.562
909.583
726.417
850.437
919.798
847.85
1114.3
946.695
886.86
883.666
945.655
1053.67
756.024
1242.79
968.849
805.257
984.563
898.238
894.346
830.534
1065.56
918.872
841.763
940.439
715.68
960.607
1046.75
998.793
1252.51
829.38
918.102
921.65
858.649
826.718
900.476
976.498
971.497
872.511
951.705
1155.62
984.079
981.955
987.227
796.947
1010.15
891.228
1251.48
999.442
947.594
850.144
843.252
955.789
897.161
890.88
821.986
1013.99
920.148
1095.3
862.554
905.435
1029.76
819.546
967.944
827.759
888.47
890.737
809.576
843.802
1183.97
1141.07
934.187
1018.59
835.999
909.971
876.302
895.604
837.243
866.512
1070.4
1035.47
924.952
1242.08
825.888
944.149
907.074
804.946
790.786
898.999
884.21
834.041
718.915
741.761
936.015
847.166
1163.16
910.145
776.244
921.684
1221.76
680.949
996.13
927.976
951.261
960.113
1160.87
916.988
827.246
1502.58
1054.69
790.358
911.628
1103.98
852.224
939.104
1203.34
875.353
702.227
735.227
841.859
880.741
816.903
893.465
897.908
873.871
854.592
1051.4
951.201
1001.9
693.899
776.081
882.105
863.996
665.378
1179.38
1017.89
974.85
855.444
1059.66
915.503
809.337
799.39
892.006
938.759
1042.64
928.606
932.939
835.538
861.947
765.65
1006.85
847.38
836.013
877.341
1099.15
909.359
1025.22
1063.2
711.045
787.544
884.253
1198.99
923.325
773.736
1018.73
758.496
855.049
966.004
747.28
877.356
830.382
1127.31
1003.07
1000.14
826.416
751.068
874.822
719.03
943.939
762.351
815.824
783.654
1056.31
1149.71
1446.65
1053.29
1024.84
875.067
743.001
974.379
1089.62
863.984
777.762
931.889
934.506
805.907
834.34
808.153
936.65
923.778
850.202
820.079
1020.79
1121.23
904.148
1010.24
934.824
811.036
1090.21
894.557
809.507
1011.46
908.67
817.907
1324.35
794.562
904.62
932.655
805.32
1012.6
1002.55
1021.52
1017.35
999.328
895.822
1016.25
819.522
1075.7
1181.29
966.549
843.547
1016.05
758.494
1100.04
991.816
1237.31
912.945
1021.39
864.79
941.866
1085.14
1092.31
837.532
794.341
963.047
699.067
853.19
1044.48
854.067
968.947
861.602
1058.19
1090.33
971.861
944.599
770.008
886.303
793.75
1004.03
887.458
1015.12
939.045
837.284
980.712
1044.63
854.78
1050.44
955.313
1020.73
832.813
670.245
816.153
867.533
903.036
878.235
957.76
747.786
1081.12
859.34
865.019
861.979
871.864
895.113
839.811
1317.72
930.917
929.45
722.336
1005.18
620.179
1186.68
913.488
800.869
822.599
1342.74
1060.26
1004.93
836.548
848.469
943.423
750.798
788.093
974.827
1039.61
852.2
994.383
1162.42
686.556
999.783
855.092
823.813
978.927
854.689
987.655
934.729
867.716
1074.15
937.947
818.274
690.788
796.105
899.304
1011.58
866.091
861.153
1051.37
1042.95
839.951
888.398
1061.96
910.486
741.94
859.889
905.639
978.982
749.2
873.658
954.823
775.328
963.912
771.635
932.202
1092.38
926.877
833.276
738.253
868.359
914.151
753.495
850.456
928.158
937.927
1031.02
910.924
822.79
745.07
1002.36
949.726
895.047
958.827
929.902
1036.01
975.438
931.611
897.44
1079.85
900.21
794.363
944.636
1010.7
1018.73
718.925
878.407
896.639
929.247
962.41
961.383
883.753
929.997
923.627
1316.54
950.172
928.947
691.65
837.509
1152.38
653.959
1033.33
903.688
789.775
887.796
1059.41
893.798
850.665
929.344
819.985
881.718
808.476
828.256
869.893
1275.62
1170.88
1025.6
1101.82
970.301
827.58
805.282
793.777
1046.35
871.59
980.939
889.198
1107.15
941.274
675.851
854.208
873.264
1076.47
942.545
1068.03
966.226
922.192
888.466
1003.39
890.954
844.026
785.088
947.814
770.531
825.776
760.055
917.595
1051.4
956.315
928.644
966.502
872.561
822.679
684.703
1070.56
855.195
878.511
850.252
805.286
796.345
858.689
913.842
875.046
910.814
1052.47
843.323
814.502
690.6
959.98
898.834
983.595
966.754
995.491
867.846
847.412
860.167
952.822
870.662
915.606
981.776
789.751
1019.87
859.122
1056.54
905.059
737.731
905.176
804.249
736.467
842.408
904.859
724.631
828.048
714.463
846.836
970.992
712.423
888.105
895.182
1021.64
776.436
943.416
852.975
805.91
878.047
675.338
902.839
984.358
883.722
780.343
866.079
837.775
710.636
898.493
1029.31
787.67
1035.08
1190.73
837.843
841.406
887.904
809.133
874.252
967.451
896.703
816.052
770.609
993.249
951.48
921.557
731.414
862.526
1047.86
733.295
1053.1
787.449
1134.16
889.91
958.696
1047.74
927.379
1033.54
725.146
1157.09
884.173
936.612
834.824
1021.59
661.971
755.464
892.082
742.269
1043.65
879.597
724.889
706.389
1098.15
1171.89
814.233
949.449
924.332
1081.1
739.335
919.37
1021.43
1038.62
950.221
809.468
1053.19
1078.31
727.59
968.041
917.757
917.446
999.613
1000.94
978.493
1162.92
939.092
934.517
973.424
1006.72
1123.07
933.595
779.616
737.241
827.993
700.109
754.42
1104.74
943.483
1145.03
918.493
872.786
1015.84
820.533
789.024
723.12
938.417
756.36
751.258
991.896
1128.76
816.193
897.325
1102.28
1030.58
769.448
843.432
829.228
992.091
845.684
942.294
771.018
940.18
880.389
1031.9
642.611
913.301
941.116
902.972
865.493
911.711
870.25
804.417
964.419
1019.45
1014.43
884.004
830.618
987.555
763.68
848.704
821.162
956.829
719.79
1074.22
730.454
945.982
1054.38
878.564
767.342
995.952
925.859
1068.15
1015.39
894.994
816.049
956.587
993.65
786.869
846.968
878.773
762.821
954.294
695.598
1028.78
999.588
883.146
987.138
950.129
870.328
901.935
972.324
833.744
692.005
949.504
928.426
1250.04
868.85
903.684
1138.14
948.404
1004.18
779.533
962.668
893.458
841.379
1099.26
866.84
780.054
993.113
874.067
806.012
939.485
940.095
754.381
915.404
1023.79
1049.18
827.814
991.875
1081.79
884.806
1035.96
992.891
828.946
948.819
838.266
1083.14
1158.08
935.088
813.339
951.81
934.82
718.682
879.18
988.443
888.06
853.61
717.486
889.846
1022.2
757.162
1117.97
991.149
828.531
765.128
1006.94
784.984
1098.8
1022.79
1073.47
862.639
1103.58
979.514
823.091
1121.33
907.722
804.219
1047.6
891.887
893.733
816.979
774.35
1201.4
890.839
954.809
887.23
802.317
924.193
849.799
840.257
713.807
975.934
1109.74
861.047
912.26
1120.23
788.194
771.767
875.496
905.925
1076.42
1187.37
1156.67
836.915
1168.33
996.886
813.726
1036.01
1071.12
1117.98
907.728
945.646
886.226
982.813
723.798
810.931
800.323
1344.85
894.271
966.172
827.118
865.666
1045.24
957.558
897.441
681.892
1034.08
1095.53
700.281
1013.73
800.505
912.879
855.605
996.175
736.347
725.249
847.101
929.922
1010.85
1062.6
993.888
753.939
1084.98
856.81
893.911
940.226
1006.27
769.478
799.407
881.608
1081.94
815.08
726.075
1056.23
739.229
829.385
884.666
1155.95
794.458
1058.17
770.981
969.971
843.25
937.571
835.132
949.656
921.729
1017.78
942.986
794.401
1020.51
848.431
892.546
865.581
958.819
823.752
795.404
769.392
882.322
1156.36
1047.34
1044.69
863.556
857.848
881.301
1007.08
953.706
947.346
1075.03
851.316
880.565
806.069
715.692
999.608
889.684
856.392
973.513
879.37
992.403
924.361
816.447
757.673
891.982
889.136
853.299
958.994
765.868
800.528
817.618
908.006
736.307
936.541
918.849
1190.17
892.165
909.192
1052.41
865.547
751.208
1079.81
899.971
972.452
708.756
967.33
817.8
867.375
1038.24
1202.66
782.074
1123.21
948.97
849.724
942.237
839.693
984
973.733
938.702
1211.69
762.708
970.733
1018.13
771.15
807.434
900.965
866.692
1152.94
747.067
825.955
843.995
821.652
1106.91
936.342
770.792
1097.24
924.556
860.782
908.408
910.075
906.786
942.09
1092.08
1001.62
893.807
972.864
768.557
839.531
893.673
900.601
830.64
872.819
838.432
803.525
929.56
990.631
830.946
832.569
865.833
783.248
859.105
1142.03
852.908
991.243
940.625
906.375
887.634
801.361
869.545
1047.74
873.831
740.115
1128.94
859.472
822.055
716.169
1115.33
871.328
911.827
1006.97
912.702
916.22
783.345
807.424
887.106
969.575
866.951
786.995
996.448
864.325
962.181
984.521
867.238
1080.61
900.592
774.047
794.152
850.129
744.491
817.555
911.074
896.547
892.434
837.96
992.887
948.342
925.185
984.253
897.086
1140.32
819.232
833.412
898.998
892.34
778.664
861.905
929.987
806.147
893.859
1155.19
870.446
798.865
1003.52
788.077
1089.72
948.803
838.65
1119.18
860.593
837.572
862.522
1296.21
1064.21
674.354
860.704
921.407
831.016
733.529
1114.77
950.4
754.683
1092.22
1002.52
895.89
784.68
955.267
981.532
819.869
860.608
935.746
779.709
852.916
1004.28
817.093
889.17
999.536
953.493
962.764
962.926
875.486
918.968
943.976
1276.73
892.132
837.051
1064.36
970.909
873.31
991.68
827.952
801.679
1029.05
1015.94
934.628
810.904
759.592
773.455
994.776
1139.57
716.002
1005.18
871.939
1134.38
930.452
1157.86
798.002
966.75
892.321
887.751
1013.51
769.816
1047.45
672.861
873.091
924.445
1048.05
937.522
1052.01
881.06
706.489
1130.86
816.358
886.022
800.822
829.38
903.061
912.856
704.655
1075.96
857.904
783.333
1002.14
924.35
901.808
806.9
858.718
913.136
1047.75
691.549
1018.34
1024.92
900.421
824.596
955.86
1229.16
810.192
1038.49
902.133
832.187
818.412
966.148
944.195
1170.16
850.247
744.578
907.404
1324.42
804.377
904.862
898.982
938.902
926.039
957.776
1021.15
916.236
970.486
1050.88
809.562
819.732
859.585
895.535
887.758
823.882
860.783
726.311
994.978
1001.15
950.708
740.823
867.733
975.449
1061.93
842.066
1008.36
875.059
934.961
928.028
906.555
1063.55
924.284
1030.91
873.899
1025.75
1017.16
836.828
794.835
967.075
888.736
962.025
972.735
865.928
885.233
1387.95
1341.51
880.941
1298.44
892.703
946.517
856.956
1040.98
809.918
1047.63
891.613
874.081
1019.28
1014.63
1436.4
925.776
875.001
995.783
806.96
894.598
991.626
845.875
913.232
810.438
843.679
1102.64
1176.21
1017.32
991.689
1114.95
1096.84
829.423
836.764
934.6
1015.85
889.598
858.582
1056
980.594
680.979
757.987
747.301
873.901
834.284
1007.04
762.494
772.872
955.724
996.53
904.721
918.049
870.856
907.429
985.244
858.198
866.039
945.458
954.784
863.079
934.722
767.894
835.698
1156.28
901.101
1065.09
832.89
1080.82
754.722
954.145
1099.93
913.424
727.501
952.346
881.759
895.186
935.956
927.686
812.092
841.126
867.099
863.387
1043.95
1099.77
837.504
962.73
987.467
946.676
1107.07
1127.23
931.738
953.639
890.39
1046.58
1117.1
849.246
947.716
867.583
841.272
1119.98
1055.99
876.167
1463.16
995.614
869.585
1113.51
962.67
798.471
1069.79
990.14
833.46
905.283
744.141
890.385
953.285
784.764
912.331
766.528
1076.89
820.752
1252.89
809.133
1097.73
770.386
856.294
788.637
952.826
791.269
1175.47
946.033
1040.08
1251.16
950.885
819.708
821.601
890.196
823.141
893.7
966.271
958.908
985.328
1120.67
850.24
1102.52
939.946
802.032
960.473
993.443
916.761
948.822
765.103
1045.31
959.859
920.174
931.568
902.325
944.724
1028.87
870.603
759.149
712.633
1006.27
951.661
1139.78
833.132
1128.18
1046.73
836.95
1027.08
1156.79
884.305
761.192
1088.37
814.068
829.809
817.298
873.173
1126.06
856.006
1050.72
1049.25
1199
1033.87
948.317
815.334
960.264
1276.96
965.146
1147.8
934.256
685.07
997.639
831.671
1137.75
931.927
863.976
1098.76
813.756
873.9
1082.01
1099.25
1045.74
1055.63
853.889
899.405
968.374
962.065
1134.71
919.379
804.268
816.447
720.673
949.329
1056.59
1143.58
948.551
918.812
1023.86
1028.69
1159.75
826.339
994.322
922.348
876.953
961.922
840.35
966.242
809.813
864.159
1296.06
1172.33
1061.07
911.707
830.635
1068.1
888.737
1002.66
955.986
948.631
920.573
964.154
884.889
733.603
798.922
866.243
813.571
938.263
819.105
909.108
979.475
866.562
949.606
1213.11
792.661
1209.57
756.646
958.916
937.18
864.683
934.69
1024.37
1067.71
982.229
890.111
1025.68
789.334
781.219
902.118
972.485
1034.35
932.337
1138.47
865.439
908.881
1015.96
921.654
797.901
855.975
968.027
833.409
828.178
968.7
910.892
913.807
1171.44
833.987
885.848
886.67
955.384
852.367
812.834
819.063
1075.48
954.975
955.169
1376.99
835.707
698.107
830.211
954.1
862.343
823.865
824.875
856.35
750.533
966.583
970.895
1055.84
753.326
891.25
1072.54
947.006
989.612
1113.5
1053.81
958.874
933.641
972.645
833.915
888.886
950.879
842.732
826.299
852.254
824.436
1005.01
801.358
814.913
694.488
926.596
661.217
778.461
910.941
964.008
994.177
960.212
933.538
884.738
867.939
940.744
826.996
851.661
911.426
845.21
904.901
766.741
996.757
918.167
853.713
986.344
846.574
881.01
833.858
937.035
950.467
842.816
820.258
829.545
885.236
1030.02
619.633
820.907
873.204
881.848
929.901
962.792
987.314
848.769
1245.75
998.798
834.605
845.287
789.968
1221.54
899.275
962.887
853.482
858.978
693.664
798.523
1016.15
700.717
807.624
823.847
1157.12
843.772
923.675
893.767
1035.61
1224.08
1025.79
1099.9
899.147
939.928
900.785
973.716
945.719
633.101
989.55
938.128
765.294
1101.12
786.509
847.081
964.615
892.062
889.847
899.702
1015.85
801.733
906.767
1142.58
854.577
791.15
820.936
772.005
1043.42
913.542
920.883
1002.54
913.754
815.979
1260.7
850.894
1124.55
910.592
1025.58
824.304
1088.77
626.94
1086.75
860.545
1228.26
918.964
875.736
1039.82
758.302
1016.29
815.955
892.93
951.355
1176.49
1057.27
1047.73
903.108
781.137
899.581
862.737
852.546
874.217
862.162
1021.59
1050.87
773.588
1114.31
1127.79
806.887
915.958
736.686
1016.71
1212.24
791.705
883.056
894.97
813.487
877.947
925.85
998.689
1017.91
934.98
901.45
691.036
872.717
744.954
852.353
978.941
762.167
819.198
791.289
1084.79
751.197
713.34
1058.77
1042.95
922.336
902.289
975.737
956.404
928.051
1184.77
863.383
1023.42
915.984
795.254
1101.8
956.29
928.68
949.289
806.282
873.925
750.605
924.282
1029.98
856.5
950.23
921.563
863.383
936.36
978.327
866.174
1120.97
803.272
885.661
1368.97
792.256
888.104
901.097
842.745
1018.88
1037.25
885.155
995.246
820.171
1046.44
869.638
933.771
985.947
939.259
793.951
783.534
913.288
762.061
825.758
942.538
909.31
789.736
727.398
941.819
992.809
957.569
810.926
861.984
1180.35
749.225
914.788
840.968
825.286
1069
1080.76
930.107
873.851
926.43
822.557
1259.08
957.663
820.527
1099.75
704.421
855.967
796.727
876.241
763.884
879.81
822.587
715.51
848.499
759.054
868.109
747.264
1003.52
1405.74
708.621
829.108
862.676
999.132
1157.97
1146.93
819.505
967.77
1004
876.22
1020.46
878.915
1099.21
880.477
745.5
865.279
928.981
927.457
881.926
1176.8
955.16
681.066
976.998
891.135
783.064
841.592
850.684
963.411
1028.33
1056.56
896.532
981.483
980.428
769.814
1041.35
1111.63
807.788
796.005
836.724
986.027
909.99
932.921
984.4
828.882
858.03
825.676
909.015
774.758
1020.29
791.347
822.348
694.25
928.453
842.883
925.907
1020.15
833.314
1181.39
870.134
799.809
919.669
836.545
814.284
1067.35
818.855
992.452
904.758
716.317
1032.79
1219.1
947.982
739.23
854.259
970.387
833.268
1195.2
805.302
884.842
857.75
1129.56
1025.83
804.748
951.623
948.637
1153.58
888.244
1058.65
1167.03
965.458
1398.23
850.996
952.161
728.331
936.685
1138.18
1223.77
898.52
761.165
928.128
742.369
1039.12
971.046
893.615
973.891
851.227
914.341
1009.04
917.026
736.892
876.723
851.524
724.409
1021.94
810.869
1009.91
806.9
890.521
1059.56
1143.26
847.667
1155.06
769.032
887.164
1029.8
808.087
791.114
1018.8
933.548
693.234
799.491
1087.64
1007.82
933.5
858.27
750.762
781.777
722.609
909.635
1023.15
842.673
832.714
852.911
869.195
745.448
938.354
950.322
992.063
786.12
1047.05
977.019
809.801
786.885
801.292
968.103
1133.51
851.932
812.535
905.55
1101.71
1272.31
1070.78
835.943
891.542
970.401
787.532
906.445
809.021
965.281
1056.14
938.931
1037.6
848.581
853.584
806.557
978.455
886.22
954.203
907.037
1045.83
736.548
732.797
937.136
904.539
679.026
771.453
941.231
924.592
721.28
879.798
978.898
836.632
922.117
903.432
695.061
807.7
901.86
1203.88
750.09
899.23
933.13
835.815
930.126
801.933
848.639
871.03
852.718
890.24
1099.18
726.61
882.159
777.905
836.221
975.015
918.375
820.705
1096.81
1139.87
955.301
952.158
995.706
1163.84
920.646
876.341
908.677
919.005
752.21
885.496
708.137
1072.42
768.053
1037.85
917.844
868.726
774.778
858.827
928.402
956.487
1095.78
763.146
1038.46
746.551
884.475
1027.47
1319.79
977.924
870.181
761.007
860.284
1003.42
960.905
762.375
884.194
782.238
755.773
991.596
901.452
813.559
985.636
828.042
891.791
914.047
1017.98
871.585
1123.37
902.568
1070.67
920.33
1165.12
867.314
896.523
895.88
1125.82
813.144
789.811
821.447
1000.35
747.898
1072
948.243
1050.13
970.838
929.105
935.597
848.074
867.025
1196.82
905.183
690.071
1093.07
783.443
786.944
984.749
860.969
951.355
1008.29
976.762
912.633
900.082
844.285
772.223
791.327
982.775
1062.26
998.848
794.844
927.004
988.719
728.81
1177.99
909.061
874.705
911.367
893.944
781.385
842.12
785.141
821.791
619.603
963.657
904.683
920.927
1264.01
764.302
768.51
1002.83
999.339
704.556
671.439
1191.74
819.353
836.105
1176.78
852.791
892.677
818.841
775.393
651.573
1076.85
778.268
812.403
842.718
802.442
930.05
822.094
898.068
841.225
907.325
822.156
792.263
838.366
981.024
1045.18
897.967
1077.06
792.644
827.229
1027.36
905.027
1070.83
898.357
962.779
821.267
1039.55
1036.84
858.281
939.043
791.281
686.947
1147.01
771.928
773.184
974.953
963.476
834.576
855.816
907.654
844.63
805.883
868.753
890.473
899.987
1002
811.453
894.583
859.556
1054.73
772.75
885.726
855.038
831.94
827.64
993.145
680.674
883.174
993.096
1081.41
931.644
964.183
1021.52
972.696
768.1
838.532
930.889
1270.38
744.253
772.094
929.189
935.371
1317.89
978.63
1047.52
994.848
913.257
878.988
786.275
776.139
792.412
806.806
729.54
780.518
1036.72
855.93
779.419
895.927
982.801
775.983
795.733
998.048
713.909
983.167
764.506
831.453
869.153
971.76
766.451
1007.51
917.139
982.959
1033.17
1169.9
761.706
939.644
945.824
934.242
904.738
1078.09
872.714
738.991
1270.53
831.662
920.722
799.178
942.609
1109.49
904.641
982.672
741.548
900.492
930.415
1007.39
935.025
995.605
732.034
904.991
752.339
1007.82
1038.09
882.346
836.531
781.335
966.477
1207.15
945.343
904.094
997.892
1000.04
813.073
737.844
935.178
1022.73
983.301
975.192
1245
911.759
681.7
952.256
1023.11
977.484
1007.31
924.27
1110.53
834.449
935.792
1095.15
871.77
787.222
998.986
1173.81
955.228
1092.95
843.553
834.629
1245.32
1181.07
758.027
814.113
729.898
892.684
1137.57
671.601
810.334
830.907
1054.11
767.095
903.378
902.629
995.811
1061.01
902.869
934.647
1025.35
849.788
966.749
725.899
796.372
1071.78
901.244
895.644
967.628
781.31
1037.17
827.824
818.595
779.829
1229.21
737.277
904.988
968.759
908.423
867.864
1170.81
941.729
845.667
1308.23
992.382
1052.43
859.03
905.503
1205.36
912.093
1035.64
995.725
851.529
864.488
844.308
814.456
959.586
894.653
958.657
1104.46
1005.17
870.847
810.061
931.355
1002.9
949.86
1253.09
848.502
1003.58
874.348
803.539
1214.57
889.833
697.888
842.851
917.414
991.009
971.593
1175.1
951.471
689.859
1196.47
922.677
828.868
979.133
882.475
859.519
987.261
979.405
672.761
870.8
1034.73
1034.84
900.163
835.987
812.17
771.713
955.494
915.388
908.798
992.267
917.38
940.934
1015.06
1038.05
1123.69
892.09
1043.06
903.868
762.715
790.634
759.19
1079.75
987.435
938.495
964.741
1254.75
909.879
959.181
851.789
790.118
1146.95
871.065
778.908
807.642
837.379
891.622
902.337
1095.23
695.674
862.942
794.871
933.354
937.581
949.286
785.597
1099.96
993.375
918.086
886.609
946.18
728.406
1007.38
934.857
897.902
1075.11
760.733
959.322
908.178
842.326
859.077
930.097
801.161
1001.45
926.128
1117.7
854.439
885.639
1116.61
799.432
934.027
1526.39
918.161
727.178
743.168
898.435
833.938
834.697
870.393
812.837
890.476
1122.54
688.704
800.261
702.271
927.67
927.746
897.901
868.497
870.938
883.359
1026.81
855.089
1152.38
1102.42
925.034
1451.08
834.041
813.204
851.621
840.493
811.76
786.966
674.423
895.096
1157.53
1030.77
837.232
767.256
856.519
883.358
816.819
937.484
780.827
814.612
1144.88
906.011
780.761
1112.07
954.241
878.121
954.527
911.104
1041.87
798.334
865.729
883.237
828.542
754.268
1143.64
978.312
824.717
867.653
873.169
1051.08
772.477
1067.56
1533.03
865.261
973.197
884.494
1304.37
918.218
816.824
1301.76
1000.28
865.715
823.451
977.447
910.833
1218.35
939.331
1026.97
874.234
779.872
711.272
985.134
909.412
794.654
1016.45
771.011
887.316
929.192
817.715
1285.47
825.271
844.217
896.759
1155.12
1229.2
887.359
1133.37
805.597
885.281
792.867
898.451
934.692
1257.63
790.799
788.856
680.582
919.535
919.302
751.76
987.149
1444.86
865.235
896.477
733.537
810.955
1139.74
1023.56
930.416
1072.44
952.575
919.612
730.824
803.022
980.79
944.458
726.59
791.669
872.752
932.799
997.301
843.037
902.764
1120.48
1136.91
830.2
1021.45
781.708
807.366
938.002
734.46
1076.26
934.847
878.632
870.807
872.333
951.708
884.212
718.426
856.365
814.423
804.877
824.688
819.131
792.339
975.577
890.244
885.08
949.909
839.402
747.358
911.151
770.257
1131.3
1079.26
955.26
1042.02
898.46
927.223
660.167
955.579
836.959
948.649
993.379
798.131
828.148
959.021
941.538
739.89
805.285
655.507
836.05
820.636
875.4
842.337
1037.58
783.089
882.258
920.964
851.556
902.422
820.837
951.016
1013.06
783.984
744.121
718.623
921.013
1009.98
1285.42
1097.55
853.165
1069.7
821.084
1020.03
1013.28
742.198
850.207
832.74
1153.87
718.178
988.251
1322.27
1062.75
976.945
899.674
866.706
950.275
934.374
805.619
907.391
886.736
888.478
1152.37
907.244
1072.57
909.888
851.078
1081.72
874.135
1042.19
864.467
935.181
1173.97
779.19
889.464
863.354
737.163
938.405
923.846
833.658
827.59
1017.23
1176.52
906.607
740.042
754.766
837.159
1109.58
1014.35
997.337
875.444
786.179
878.751
827.514
831.803
955.072
785.137
1152.51
729.51
771.406
879.173
739.423
853.168
1346.37
944.668
989.112
1010.24
866.308
912.038
746.505
782.785
878.001
904.612
796.886
856.705
889.013
977.598
1079.09
1065.07
754.389
794.428
960.307
1023.86
1053.17
746.914
802.702
689.978
930.819
994.063
1043.73
921.764
922.568
758.398
1094.43
839.256
889.667
942.774
932.194
771.405
867.3
873.133
831.6
1339.83
810.657
938.118
800.951
933.105
830.473
818.193
801.145
854.561
909.031
883.147
864.292
1018.92
1004.83
849.66
1574.75
859.673
951.638
967.02
878.698
869.758
870.723
836.723
994.366
907.351
759.875
795.779
732.474
749.792
710.437
991.01
920.027
840.216
810.532
1100.07
775.382
893.176
926.206
1179.39
879.663
878.489
870.162
1089.35
860.678
697.152
741.892
1013.25
921.22
973.886
1147.33
907.494
917.832
966.629
952.11
1196.58
817.638
821.407
989.755
991.644
897.075
885.547
876.125
991.532
753.866
815.242
1116.5
767.229
933.007
863.447
849.772
1029.33
951.771
1022.91
965.191
952.667
767.182
845.588
828.863
858.643
867.607
816.039
934.267
1110.72
939.97
824.872
902.996
955.009
863.496
1037.51
886.176
699.483
932.785
1183.86
889.74
897.19
895.511
831.509
884.294
996.777
897.773
921.73
997.054
1171.66
1068.85
946.101
799.073
1003.12
869.916
1055.08
770.633
862.169
867.09
982.483
770.483
879.049
1075.01
931.825
936.98
898.305
860.642
961.861
984.526
1165.03
955.771
909.764
852.016
832.153
846.727
802.081
841.491
1176.7
1073.92
1077.98
915.025
889.193
875.961
892.071
918.888
981.63
750.839
899.468
1065.31
870.427
1142.99
888.017
730.519
796.868
846.638
752.414
898.98
919.679
1132.5
848.139
875.774
845.492
733.189
869.377
830.714
841.248
871.989
1029.4
999.449
797.031
842.155
855.738
873.699
803.975
735.557
954.762
1157.67
894.081
776.32
969.25
1061.54
910.065
927.271
710.054
1148.47
955.461
1074.64
808.734
787.143
1058.32
830.34
957.878
908.988
1045.03
901.565
919.975
1041.22
1075.59
1156.05
794.567
935.636
859.323
965.838
1081.23
862.724
1050.85
852.563
851.247
860.393
1012.26
802.592
1352.16
905.373
881.716
809.515
956.555
875.139
755.033
934.351
1037.39
882.745
694.349
1031.19
1032.73
1092.82
1247.57
759.896
852.451
853.82
887.323
756.925
827.122
822.125
1059.17
1064.59
887.251
838.525
790.274
811.395
752.787
669.734
1395.9
1045.55
746.967
914.328
688.154
1056.12
946.3
781.17
967.538
1016.49
935.027
942.339
880.605
802.573
879.601
853.217
969.293
871.498
1056.58
860.516
849.185
983.476
879.676
1087.46
958.454
873.561
893.021
1036.06
1038.65
900.504
1029.24
799.586
1214.03
809.519
840.625
1000.37
1222.87
810.598
885.086
835.582
943.999
738.044
1218.04
768.103
807.482
1082.03
821.71
878.778
814.973
1036.16
901.546
805.32
918.05
721.05
977.466
868.462
1008.89
881.87
844.961
742.103
971.751
799.268
842.689
995.38
936.21
875.569
867.243
840.717
899.097
945.699
1019.28
935.541
923.728
704.201
900.544
929.768
712.83
804.993
980.387
1071.06
826.079
833.544
837.565
926.059
921.928
909.399
958.998
947.322
881.561
683.695
913.313
803.565
1019.23
781.74
730.906
810.323
686.424
892.743
887.551
1024.63
780.426
896.206
752.094
806.24
903.524
792.545
881.267
941.002
1060.14
751.352
885.113
1112.72
865.388
1002.61
848.727
1086.12
660.818
834.372
957.26
851.672
1048.65
771.574
1056.14
861.278
914.021
960.991
918.554
976.107
827.05
1082.84
724.846
672.27
932.741
771.661
1112
883.206
1099.69
885.526
764.964
888.757
960.55
709.875
1017.03
966.957
803.934
1166.57
956.872
785.84
871.175
1002.03
983.809
941.595
825.054
887.324
986.328
1010.83
1078.94
1031.27
996.579
979.464
846.742
1049.66
816.569
920.47
884.137
910.864
899.876
969.176
763.099
1021.83
1139.62
1003.02
826.08
869.835
864.757
815.838
1481.95
1048.51
965.605
739.183
1041.24
894.728
1091.37
975.51
958.249
881.692
955.122
1022.16
1019.63
1022.6
1127.76
832.684
1096.37
1092.23
786.439
821.491
1025.46
892.034
862.091
863.983
871.725
799.51
982.365
873.877
1235.82
856.876
891.911
1046.13
844.981
1101.26
1061.48
889.607
1034.65
1007.74
948.3
935.727
895.436
1122.24
853.714
799.351
801.877
1328.24
717.515
863.457
1018.37
1018.62
850.946
782.225
981.555
815.311
893.279
1069.03
857.388
1028.55
1248.7
932.618
1229.31
829.098
851.26
1096
1045.13
961.178
926.905
1009.62
908.605
911.631
992.367
959.854
840.091
866.259
840.192
990.836
738.629
863.94
915.977
1042.67
865.239
842.355
1095.07
731.576
839.137
1047.21
844.182
905.615
942.174
804.342
1011.65
813.268
877.995
981.736
781.662
778.346
982.054
977.856
1141.76
826.108
991.733
1134.47
787.838
836.063
847.125
917.085
1013.11
1061.9
923.22
1291.9
866.242
727.496
874.151
952.132
928.05
823.587
1187.05
1055.2
937.745
763.466
910.532
827.038
909.91
899.535
947.275
845.255
840.282
980.64
798.56
782.02
1383.09
884.372
1023.42
1028.96
765.868
809.286
864.833
796.304
842.661
1142.84
695.372
878.837
868.399
944.891
995.998
1057.9
855.346
900.86
1019.42
885.82
1087.14
940.475
1070.82
845.26
849.232
949.818
1009.26
883.445
934.329
1159.42
860.242
963.932
1230.48
1139.06
888.831
765.492
789.803
931.587
943.158
853.504
948.225
828.905
824.383
1003.86
938.844
870.715
927.93
646.554
1024.82
859.017
1051.95
893.469
810.617
783.899
815.996
800.167
982.921
908.178
1081.16
818.81
838.632
909.843
783.678
943.686
919.952
867.618
1045.53
800.47
973.457
781.81
1009.73
1070.29
1094.48
777.501
789.655
1022.1
829.388
869.278
888.939
998.924
1124.41
871.945
858.523
731.397
792.483
1130.57
1299.35
894.059
883.321
806.721
869.648
825.211
996.684
1003.49
901.74
817.281
809.204
943.735
861.969
732.517
1091.48
1198.5
890.167
1069.87
682.083
793.513
867.172
1010.64
1060.3
1235.39
757.105
832.042
1091.77
973.983
1039.28
1031.53
697.995
862.458
1046.41
926.885
909.403
766.06
736.686
945.248
945.18
979.948
946.471
1154.47
940.405
911.021
953.988
932.119
819.115
829.169
1039.23
964.971
792.537
844.46
781.252
836.498
874.54
1012.67
944.3
1051.71
809.969
1289.92
984.527
1076.57
827.509
901.387
941.322
908.998
1071.48
885.056
847.189
848.033
904.769
890.604
850.438
1185.46
881.892
870.065
845.8
945.055
823.942
839.827
1063.8
877.621
1024.41
907.873
917.852
799.136
1153.77
894.68
890.554
961.029
831.477
970.059
836.576
915.585
963.07
833.842
876.814
742.02
819.344
925.294
1167.22
726.007
861.411
823.056
921.565
961.471
1117.2
898.864
908.185
1083.93
841.773
1119.97
950.183
1027.38
984.546
1215.02
864.764
855.226
804.207
961.112
874.485
1070.1
857.657
864.653
1056.7
806.536
778.497
811.915
817.252
1038.95
958.234
889.373
839.294
778.118
829.175
932.604
1413.57
948.517
904.774
925.867
954.078
910.52
738.472
905.948
672.012
1138.25
901.722
890.281
1015.35
965.273
944.331
1142.1
803.982
794.403
910.236
1149.9
669.08
901.652
1136.9
935.007
1136.8
857.342
993.24
859.866
788.226
790.199
1026.65
888.159
946.132
927.531
850.307
762.518
901.164
1035.79
1063.54
961.052
855.951
831.333
797.208
1153.95
909.078
846.307
883.227
974.573
1077.35
897.469
1144.21
713.92
835.955
889.097
888.876
1144.36
877.675
895.653
906.408
908.253
795.599
764.744
1044.73
868.306
838.892
974.814
796.234
915.622
1025.83
1063.4
966.623
945.784
890.195
1146.28
977.442
796.329
1000.35
813.455
1024.25
1030.52
1164.73
862.618
729.689
875.935
870.963
1019.99
1144.92
892.71
999.308
863.875
815.148
877.288
824.184
819.655
1072
762.12
910.553
737.576
748.151
738.1
838.658
955.94
872.533
877.284
826.205
849.237
1017.57
1058.44
798.912
752.665
773.959
818.684
737.829
1047.38
1024.86
923.087
795.659
1044.25
860.15
737.232
782.529
1051.01
826.665
744.408
964.336
873.961
821.721
788.504
866.129
887.951
875.757
981.672
824.671
954.116
904.551
902.771
1033.68
846.082
955.602
893.55
835.134
972.178
849.578
1014.82
852.944
1038.33
943.637
960.555
1145.93
938.374
938.354
783.937
1084.56
879.992
872.967
778.142
888.549
818.021
864.97
864.511
850.547
1033.3
709.683
762.829
968.579
942.577
993.875
884.811
979.519
991.134
1013.05
1530.27
897.294
799.988
798.083
903.495
928.879
919.814
956.565
855.772
991.784
994.042
883.174
1018.08
975.598
861.631
891.908
900.532
822.752
965.98
955.552
835.796
1156.26
955.181
806.333
985.582
756.024
1108.35
1023.79
783.567
1094.3
863.769
1208.33
1221.83
1011.34
923.531
815.548
942.265
1038.92
1041.42
753.493
826.065
899.784
857.874
823.909
1079.68
781.166
765.973
916.264
1003.91
854.85
930.84
1048.87
1302.53
904.525
874.549
780.278
947.981
1062.45
818.933
883.316
894.712
1139.65
950.035
1188.76
928.67
993.162
895.504
806.092
986.523
855.375
888.818
978.996
1103.96
767.671
907.686
971.731
965.439
915.443
851.396
